0.000000000000000000e+00 0.000000000000000000e+00 0.000000000000000000e+00 0.000000000000000000e+00 0.000000000000000000e+00 0.000000000000000000e+00 0.000000000000000000e+00 0.000000000000000000e+00 0.000000000000000000e+00 0.000000000000000000e+00 0.000000000000000000e+00 0.000000000000000000e+00 0.000000000000000000e+00 0.000000000000000000e+00 0.000000000000000000e+00 0.000000000000000000e+00 0.000000000000000000e+00 0.000000000000000000e+00 0.000000000000000000e+00 0.000000000000000000e+00 0.000000000000000000e+00 0.000000000000000000e+00 0.000000000000000000e+00 0.000000000000000000e+00 0.000000000000000000e+00 0.000000000000000000e+00 0.000000000000000000e+00 0.000000000000000000e+00 0.000000000000000000e+00 0.000000000000000000e+00 0.000000000000000000e+00 0.000000000000000000e+00 0.000000000000000000e+00 0.000000000000000000e+00 0.000000000000000000e+00 0.000000000000000000e+00 0.000000000000000000e+00 0.000000000000000000e+00 0.000000000000000000e+00 0.000000000000000000e+00 0.000000000000000000e+00 0.000000000000000000e+00 0.000000000000000000e+00 0.000000000000000000e+00 0.000000000000000000e+00 0.000000000000000000e+00 0.000000000000000000e+00 0.000000000000000000e+00 0.000000000000000000e+00 0.000000000000000000e+00 0.000000000000000000e+00 0.000000000000000000e+00 0.000000000000000000e+00 0.000000000000000000e+00 0.000000000000000000e+00 0.000000000000000000e+00 0.000000000000000000e+00 0.000000000000000000e+00 0.000000000000000000e+00 0.000000000000000000e+00 0.000000000000000000e+00 0.000000000000000000e+00 0.000000000000000000e+00 0.000000000000000000e+00 0.000000000000000000e+00 0.000000000000000000e+00 0.000000000000000000e+00 0.000000000000000000e+00 0.000000000000000000e+00 0.000000000000000000e+00 0.000000000000000000e+00 0.000000000000000000e+00 0.000000000000000000e+00 0.000000000000000000e+00 0.000000000000000000e+00 0.000000000000000000e+00 0.000000000000000000e+00 0.000000000000000000e+00 0.000000000000000000e+00 0.000000000000000000e+00 0.000000000000000000e+00 0.000000000000000000e+00 0.000000000000000000e+00 0.000000000000000000e+00 0.000000000000000000e+00 0.000000000000000000e+00 0.000000000000000000e+00 0.000000000000000000e+00 0.000000000000000000e+00
0.000000000000000000e+00 0.000000000000000000e+00 0.000000000000000000e+00 0.000000000000000000e+00 0.000000000000000000e+00 0.000000000000000000e+00 0.000000000000000000e+00 0.000000000000000000e+00 0.000000000000000000e+00 0.000000000000000000e+00 0.000000000000000000e+00 0.000000000000000000e+00 0.000000000000000000e+00 0.000000000000000000e+00 0.000000000000000000e+00 0.000000000000000000e+00 0.000000000000000000e+00 0.000000000000000000e+00 0.000000000000000000e+00 0.000000000000000000e+00 0.000000000000000000e+00 0.000000000000000000e+00 0.000000000000000000e+00 0.000000000000000000e+00 0.000000000000000000e+00 0.000000000000000000e+00 0.000000000000000000e+00 0.000000000000000000e+00 0.000000000000000000e+00 0.000000000000000000e+00 0.000000000000000000e+00 0.000000000000000000e+00 0.000000000000000000e+00 0.000000000000000000e+00 0.000000000000000000e+00 0.000000000000000000e+00 0.000000000000000000e+00 0.000000000000000000e+00 0.000000000000000000e+00 0.000000000000000000e+00 0.000000000000000000e+00 0.000000000000000000e+00 0.000000000000000000e+00 0.000000000000000000e+00 0.000000000000000000e+00 0.000000000000000000e+00 0.000000000000000000e+00 0.000000000000000000e+00 0.000000000000000000e+00 0.000000000000000000e+00 0.000000000000000000e+00 0.000000000000000000e+00 0.000000000000000000e+00 0.000000000000000000e+00 0.000000000000000000e+00 0.000000000000000000e+00 0.000000000000000000e+00 0.000000000000000000e+00 0.000000000000000000e+00 0.000000000000000000e+00 0.000000000000000000e+00 0.000000000000000000e+00 0.000000000000000000e+00 0.000000000000000000e+00 0.000000000000000000e+00 0.000000000000000000e+00 0.000000000000000000e+00 0.000000000000000000e+00 0.000000000000000000e+00 0.000000000000000000e+00 0.000000000000000000e+00 0.000000000000000000e+00 0.000000000000000000e+00 0.000000000000000000e+00 0.000000000000000000e+00 0.000000000000000000e+00 0.000000000000000000e+00 0.000000000000000000e+00 0.000000000000000000e+00 0.000000000000000000e+00 0.000000000000000000e+00 0.000000000000000000e+00 0.000000000000000000e+00 0.000000000000000000e+00 0.000000000000000000e+00 0.000000000000000000e+00 0.000000000000000000e+00 0.000000000000000000e+00 0.000000000000000000e+00
0.000000000000000000e+00 0.000000000000000000e+00 0.000000000000000000e+00 0.000000000000000000e+00 0.000000000000000000e+00 0.000000000000000000e+00 0.000000000000000000e+00 0.000000000000000000e+00 0.000000000000000000e+00 0.000000000000000000e+00 0.000000000000000000e+00 0.000000000000000000e+00 0.000000000000000000e+00 0.000000000000000000e+00 0.000000000000000000e+00 0.000000000000000000e+00 0.000000000000000000e+00 0.000000000000000000e+00 0.000000000000000000e+00 0.000000000000000000e+00 0.000000000000000000e+00 0.000000000000000000e+00 0.000000000000000000e+00 0.000000000000000000e+00 0.000000000000000000e+00 0.000000000000000000e+00 0.000000000000000000e+00 0.000000000000000000e+00 0.000000000000000000e+00 0.000000000000000000e+00 0.000000000000000000e+00 0.000000000000000000e+00 0.000000000000000000e+00 0.000000000000000000e+00 0.000000000000000000e+00 0.000000000000000000e+00 0.000000000000000000e+00 0.000000000000000000e+00 0.000000000000000000e+00 0.000000000000000000e+00 0.000000000000000000e+00 0.000000000000000000e+00 0.000000000000000000e+00 0.000000000000000000e+00 0.000000000000000000e+00 0.000000000000000000e+00 0.000000000000000000e+00 0.000000000000000000e+00 0.000000000000000000e+00 0.000000000000000000e+00 0.000000000000000000e+00 0.000000000000000000e+00 0.000000000000000000e+00 0.000000000000000000e+00 0.000000000000000000e+00 0.000000000000000000e+00 0.000000000000000000e+00 0.000000000000000000e+00 0.000000000000000000e+00 0.000000000000000000e+00 0.000000000000000000e+00 0.000000000000000000e+00 0.000000000000000000e+00 0.000000000000000000e+00 0.000000000000000000e+00 0.000000000000000000e+00 0.000000000000000000e+00 0.000000000000000000e+00 0.000000000000000000e+00 0.000000000000000000e+00 0.000000000000000000e+00 0.000000000000000000e+00 0.000000000000000000e+00 0.000000000000000000e+00 0.000000000000000000e+00 0.000000000000000000e+00 0.000000000000000000e+00 0.000000000000000000e+00 0.000000000000000000e+00 0.000000000000000000e+00 0.000000000000000000e+00 0.000000000000000000e+00 0.000000000000000000e+00 0.000000000000000000e+00 0.000000000000000000e+00 0.000000000000000000e+00 0.000000000000000000e+00 0.000000000000000000e+00 0.000000000000000000e+00
0.000000000000000000e+00 0.000000000000000000e+00 0.000000000000000000e+00 4.181818181818178104e+00 7.916666666666664298e+00 1.149056603773584406e+01 0.000000000000000000e+00 3.399999999999996447e+01 0.000000000000000000e+00 9.624999999999998224e+00 0.000000000000000000e+00 5.723684210526312377e+00 0.000000000000000000e+00 0.000000000000000000e+00 0.000000000000000000e+00 0.000000000000000000e+00 0.000000000000000000e+00 0.000000000000000000e+00 7.949999999999994316e+01 0.000000000000000000e+00 0.000000000000000000e+00 0.000000000000000000e+00 0.000000000000000000e+00 0.000000000000000000e+00 0.000000000000000000e+00 0.000000000000000000e+00 0.000000000000000000e+00 0.000000000000000000e+00 0.000000000000000000e+00 0.000000000000000000e+00 0.000000000000000000e+00 0.000000000000000000e+00 0.000000000000000000e+00 0.000000000000000000e+00 0.000000000000000000e+00 0.000000000000000000e+00 0.000000000000000000e+00 2.949999999999998934e+01 3.687499999999997868e+01 0.000000000000000000e+00 0.000000000000000000e+00 0.000000000000000000e+00 0.000000000000000000e+00 0.000000000000000000e+00 0.000000000000000000e+00 0.000000000000000000e+00 0.000000000000000000e+00 0.000000000000000000e+00 0.000000000000000000e+00 0.000000000000000000e+00 0.000000000000000000e+00 0.000000000000000000e+00 0.000000000000000000e+00 0.000000000000000000e+00 0.000000000000000000e+00 0.000000000000000000e+00 0.000000000000000000e+00 0.000000000000000000e+00 0.000000000000000000e+00 0.000000000000000000e+00 0.000000000000000000e+00 0.000000000000000000e+00 0.000000000000000000e+00 0.000000000000000000e+00 0.000000000000000000e+00 0.000000000000000000e+00 0.000000000000000000e+00 0.000000000000000000e+00 0.000000000000000000e+00 0.000000000000000000e+00 0.000000000000000000e+00 0.000000000000000000e+00 0.000000000000000000e+00 0.000000000000000000e+00 0.000000000000000000e+00 0.000000000000000000e+00 0.000000000000000000e+00 0.000000000000000000e+00 0.000000000000000000e+00 0.000000000000000000e+00 0.000000000000000000e+00 0.000000000000000000e+00 0.000000000000000000e+00 0.000000000000000000e+00 0.000000000000000000e+00 0.000000000000000000e+00 0.000000000000000000e+00 0.000000000000000000e+00 0.000000000000000000e+00
0.000000000000000000e+00 0.000000000000000000e+00 0.000000000000000000e+00 7.916666666666664298e+00 1.016152450090743464e+01 9.931232091690539221e+00 3.174999999999997868e+01 3.007894736842104777e+01 4.270000000000000284e+01 2.160465116279069164e+01 0.000000000000000000e+00 1.803181818181818130e+01 0.000000000000000000e+00 6.499999999999994316e+01 2.321428571428570464e+01 1.369999999999999574e+01 4.899999999999995026e+01 4.949999999999999289e+01 6.937499999999997158e+01 0.000000000000000000e+00 0.000000000000000000e+00 0.000000000000000000e+00 0.000000000000000000e+00 0.000000000000000000e+00 0.000000000000000000e+00 0.000000000000000000e+00 0.000000000000000000e+00 0.000000000000000000e+00 0.000000000000000000e+00 0.000000000000000000e+00 0.000000000000000000e+00 9.049999999999994316e+01 7.333333333333330017e+01 0.000000000000000000e+00 0.000000000000000000e+00 0.000000000000000000e+00 0.000000000000000000e+00 1.337254901960783826e+01 2.416778523489931629e+01 0.000000000000000000e+00 0.000000000000000000e+00 0.000000000000000000e+00 0.000000000000000000e+00 0.000000000000000000e+00 4.926136363636360649e+00 5.999999999999992895e+00 0.000000000000000000e+00 0.000000000000000000e+00 0.000000000000000000e+00 4.999999999999992895e+01 0.000000000000000000e+00 0.000000000000000000e+00 5.049999999999999289e+01 0.000000000000000000e+00 0.000000000000000000e+00 0.000000000000000000e+00 0.000000000000000000e+00 0.000000000000000000e+00 0.000000000000000000e+00 0.000000000000000000e+00 0.000000000000000000e+00 0.000000000000000000e+00 0.000000000000000000e+00 0.000000000000000000e+00 0.000000000000000000e+00 0.000000000000000000e+00 0.000000000000000000e+00 0.000000000000000000e+00 0.000000000000000000e+00 0.000000000000000000e+00 0.000000000000000000e+00 0.000000000000000000e+00 0.000000000000000000e+00 0.000000000000000000e+00 0.000000000000000000e+00 0.000000000000000000e+00 0.000000000000000000e+00 0.000000000000000000e+00 0.000000000000000000e+00 0.000000000000000000e+00 3.299999999999998579e+01 0.000000000000000000e+00 0.000000000000000000e+00 0.000000000000000000e+00 0.000000000000000000e+00 0.000000000000000000e+00 0.000000000000000000e+00 0.000000000000000000e+00 9.999999999999994671e+00
0.000000000000000000e+00 0.000000000000000000e+00 0.000000000000000000e+00 1.149056603773584406e+01 9.931232091690539221e+00 1.612789415656008174e+01 1.017479674796747702e+01 1.559210526315788670e+01 3.623333333333330586e+01 1.698467432950191025e+01 3.099999999999997158e+01 2.341603053435113324e+01 6.487499999999997158e+01 5.849999999999995737e+01 2.539189189189188411e+01 2.045833333333332504e+01 2.825000000000000000e+01 6.899999999999994316e+01 6.750000000000000000e+01 0.000000000000000000e+00 0.000000000000000000e+00 0.000000000000000000e+00 0.000000000000000000e+00 0.000000000000000000e+00 0.000000000000000000e+00 0.000000000000000000e+00 0.000000000000000000e+00 0.000000000000000000e+00 5.400000000000001421e+01 7.600000000000000000e+01 0.000000000000000000e+00 8.462499999999998579e+01 7.599999999999997158e+01 0.000000000000000000e+00 0.000000000000000000e+00 0.000000000000000000e+00 0.000000000000000000e+00 1.848999999999999488e+01 2.152978056426330866e+01 3.627272727272726627e+01 0.000000000000000000e+00 4.399999999999999289e+01 0.000000000000000000e+00 2.499999999999997158e+01 1.390909090909090118e+01 0.000000000000000000e+00 0.000000000000000000e+00 1.519999999999999716e+02 0.000000000000000000e+00 0.000000000000000000e+00 4.499999999999997868e+01 0.000000000000000000e+00 0.000000000000000000e+00 0.000000000000000000e+00 0.000000000000000000e+00 0.000000000000000000e+00 0.000000000000000000e+00 0.000000000000000000e+00 0.000000000000000000e+00 0.000000000000000000e+00 0.000000000000000000e+00 0.000000000000000000e+00 0.000000000000000000e+00 0.000000000000000000e+00 0.000000000000000000e+00 0.000000000000000000e+00 0.000000000000000000e+00 0.000000000000000000e+00 0.000000000000000000e+00 0.000000000000000000e+00 0.000000000000000000e+00 0.000000000000000000e+00 0.000000000000000000e+00 0.000000000000000000e+00 0.000000000000000000e+00 0.000000000000000000e+00 0.000000000000000000e+00 0.000000000000000000e+00 0.000000000000000000e+00 0.000000000000000000e+00 0.000000000000000000e+00 4.799999999999992895e+01 0.000000000000000000e+00 0.000000000000000000e+00 0.000000000000000000e+00 0.000000000000000000e+00 0.000000000000000000e+00 0.000000000000000000e+00 0.000000000000000000e+00
0.000000000000000000e+00 0.000000000000000000e+00 0.000000000000000000e+00 0.000000000000000000e+00 3.174999999999997868e+01 1.017479674796747702e+01 9.846153846153839595e+00 6.923076923076920686e+00 2.416666666666665719e+01 1.164035087719297934e+01 3.999999999999997868e+01 3.033333333333330017e+01 0.000000000000000000e+00 0.000000000000000000e+00 4.666666666666664298e+01 2.299999999999997868e+01 0.000000000000000000e+00 0.000000000000000000e+00 6.749999999999997158e+01 0.000000000000000000e+00 0.000000000000000000e+00 0.000000000000000000e+00 0.000000000000000000e+00 0.000000000000000000e+00 0.000000000000000000e+00 0.000000000000000000e+00 0.000000000000000000e+00 0.000000000000000000e+00 7.099999999999995737e+01 4.349999999999997868e+01 0.000000000000000000e+00 8.149999999999998579e+01 8.050000000000002842e+01 0.000000000000000000e+00 0.000000000000000000e+00 0.000000000000000000e+00 0.000000000000000000e+00 0.000000000000000000e+00 3.094999999999999929e+01 0.000000000000000000e+00 0.000000000000000000e+00 0.000000000000000000e+00 0.000000000000000000e+00 0.000000000000000000e+00 0.000000000000000000e+00 0.000000000000000000e+00 0.000000000000000000e+00 0.000000000000000000e+00 0.000000000000000000e+00 0.000000000000000000e+00 0.000000000000000000e+00 0.000000000000000000e+00 0.000000000000000000e+00 0.000000000000000000e+00 0.000000000000000000e+00 0.000000000000000000e+00 0.000000000000000000e+00 0.000000000000000000e+00 0.000000000000000000e+00 0.000000000000000000e+00 0.000000000000000000e+00 0.000000000000000000e+00 0.000000000000000000e+00 0.000000000000000000e+00 0.000000000000000000e+00 0.000000000000000000e+00 0.000000000000000000e+00 0.000000000000000000e+00 0.000000000000000000e+00 0.000000000000000000e+00 0.000000000000000000e+00 0.000000000000000000e+00 0.000000000000000000e+00 0.000000000000000000e+00 0.000000000000000000e+00 0.000000000000000000e+00 0.000000000000000000e+00 0.000000000000000000e+00 0.000000000000000000e+00 0.000000000000000000e+00 0.000000000000000000e+00 0.000000000000000000e+00 0.000000000000000000e+00 0.000000000000000000e+00 0.000000000000000000e+00 0.000000000000000000e+00 0.000000000000000000e+00 0.000000000000000000e+00 0.000000000000000000e+00
0.000000000000000000e+00 0.000000000000000000e+00 0.000000000000000000e+00 3.399999999999996447e+01 3.007894736842104777e+01 1.559210526315788670e+01 6.923076923076920686e+00 8.965156794425084286e+00 8.992187499999996447e+00 2.048449612403100062e+01 3.012499999999997868e+01 2.574637681159419245e+01 3.874999999999996447e+01 0.000000000000000000e+00 3.320833333333332149e+01 2.069642857142856585e+01 2.425000000000001421e+01 0.000000000000000000e+00 6.716666666666661456e+01 0.000000000000000000e+00 0.000000000000000000e+00 0.000000000000000000e+00 0.000000000000000000e+00 0.000000000000000000e+00 0.000000000000000000e+00 0.000000000000000000e+00 0.000000000000000000e+00 0.000000000000000000e+00 5.850000000000001421e+01 3.828571428571427049e+01 0.000000000000000000e+00 7.007142857142856940e+01 6.537500000000000000e+01 6.849999999999992895e+01 7.600000000000001421e+01 0.000000000000000000e+00 7.050000000000002842e+01 2.288888888888887152e+01 2.663157894736840703e+01 4.099999999999995737e+01 0.000000000000000000e+00 5.949999999999999289e+01 0.000000000000000000e+00 0.000000000000000000e+00 0.000000000000000000e+00 0.000000000000000000e+00 0.000000000000000000e+00 0.000000000000000000e+00 5.124999999999997158e+01 0.000000000000000000e+00 0.000000000000000000e+00 0.000000000000000000e+00 0.000000000000000000e+00 0.000000000000000000e+00 0.000000000000000000e+00 0.000000000000000000e+00 0.000000000000000000e+00 0.000000000000000000e+00 3.299999999999999289e+01 0.000000000000000000e+00 0.000000000000000000e+00 0.000000000000000000e+00 0.000000000000000000e+00 0.000000000000000000e+00 0.000000000000000000e+00 0.000000000000000000e+00 0.000000000000000000e+00 0.000000000000000000e+00 0.000000000000000000e+00 0.000000000000000000e+00 0.000000000000000000e+00 0.000000000000000000e+00 0.000000000000000000e+00 0.000000000000000000e+00 0.000000000000000000e+00 0.000000000000000000e+00 0.000000000000000000e+00 0.000000000000000000e+00 0.000000000000000000e+00 0.000000000000000000e+00 0.000000000000000000e+00 0.000000000000000000e+00 0.000000000000000000e+00 0.000000000000000000e+00 0.000000000000000000e+00 0.000000000000000000e+00 0.000000000000000000e+00 0.000000000000000000e+00 0.000000000000000000e+00
0.000000000000000000e+00 0.000000000000000000e+00 0.000000000000000000e+00 0.000000000000000000e+00 4.270000000000000284e+01 3.623333333333330586e+01 2.416666666666665719e+01 8.992187499999996447e+00 1.213643659711075529e+01 1.834033613445377853e+01 3.472727272727272663e+01 3.262179487179486870e+01 1.273469387755101856e+01 6.150000000000001421e+01 2.392035398230087750e+01 3.592000000000000171e+01 3.228571428571428470e+01 0.000000000000000000e+00 5.150000000000002842e+01 0.000000000000000000e+00 5.733333333333332149e+01 4.649999999999999289e+01 0.000000000000000000e+00 8.849999999999997158e+01 5.416666666666667851e+01 5.375000000000000000e+01 4.899999999999997868e+01 5.135714285714283989e+01 2.219512195121950526e+01 2.963503649635035231e+01 4.995000000000000284e+01 5.173076923076923350e+01 4.939999999999999858e+01 5.350000000000001421e+01 0.000000000000000000e+00 5.700000000000003553e+01 5.606250000000000000e+01 2.499999999999999289e+01 1.854424778761061887e+01 2.650000000000000000e+01 0.000000000000000000e+00 0.000000000000000000e+00 6.150000000000000000e+01 0.000000000000000000e+00 0.000000000000000000e+00 3.125000000000000711e+01 0.000000000000000000e+00 0.000000000000000000e+00 0.000000000000000000e+00 0.000000000000000000e+00 6.900000000000000000e+01 0.000000000000000000e+00 0.000000000000000000e+00 0.000000000000000000e+00 0.000000000000000000e+00 0.000000000000000000e+00 0.000000000000000000e+00 0.000000000000000000e+00 0.000000000000000000e+00 0.000000000000000000e+00 0.000000000000000000e+00 0.000000000000000000e+00 0.000000000000000000e+00 0.000000000000000000e+00 0.000000000000000000e+00 0.000000000000000000e+00 0.000000000000000000e+00 0.000000000000000000e+00 0.000000000000000000e+00 0.000000000000000000e+00 0.000000000000000000e+00 0.000000000000000000e+00 0.000000000000000000e+00 0.000000000000000000e+00 0.000000000000000000e+00 0.000000000000000000e+00 0.000000000000000000e+00 0.000000000000000000e+00 0.000000000000000000e+00 0.000000000000000000e+00 0.000000000000000000e+00 0.000000000000000000e+00 0.000000000000000000e+00 0.000000000000000000e+00 0.000000000000000000e+00 0.000000000000000000e+00 0.000000000000000000e+00 0.000000000000000000e+00 0.000000000000000000e+00
0.000000000000000000e+00 0.000000000000000000e+00 0.000000000000000000e+00 9.624999999999998224e+00 2.160465116279069164e+01 1.698467432950191025e+01 1.164035087719297934e+01 2.048449612403100062e+01 1.834033613445377853e+01 1.316459627329192372e+01 1.248873873873873741e+01 1.991914618369986201e+01 4.620312499999999289e+01 4.949999999999997158e+01 3.480555555555554292e+01 2.417032967032966084e+01 3.569444444444442865e+01 4.366666666666663588e+01 6.237499999999998579e+01 0.000000000000000000e+00 8.299999999999994316e+01 0.000000000000000000e+00 0.000000000000000000e+00 0.000000000000000000e+00 8.000000000000000000e+01 7.000000000000001421e+01 0.000000000000000000e+00 5.000000000000001421e+01 5.579999999999997584e+01 5.279999999999999005e+01 6.599999999999998579e+01 6.892105263157893091e+01 6.220512820512819019e+01 5.599999999999997158e+01 7.125000000000000000e+01 0.000000000000000000e+00 9.400000000000001421e+01 2.788888888888888218e+01 2.655192307692306386e+01 3.874999999999998579e+01 0.000000000000000000e+00 6.283333333333331439e+01 0.000000000000000000e+00 6.674999999999992895e+01 2.599999999999999645e+01 4.750000000000000000e+01 0.000000000000000000e+00 0.000000000000000000e+00 7.299999999999985789e+01 0.000000000000000000e+00 7.800000000000004263e+01 0.000000000000000000e+00 5.450000000000002132e+01 0.000000000000000000e+00 0.000000000000000000e+00 0.000000000000000000e+00 0.000000000000000000e+00 0.000000000000000000e+00 0.000000000000000000e+00 0.000000000000000000e+00 4.949999999999992184e+01 0.000000000000000000e+00 0.000000000000000000e+00 0.000000000000000000e+00 0.000000000000000000e+00 0.000000000000000000e+00 0.000000000000000000e+00 0.000000000000000000e+00 0.000000000000000000e+00 0.000000000000000000e+00 0.000000000000000000e+00 0.000000000000000000e+00 0.000000000000000000e+00 0.000000000000000000e+00 0.000000000000000000e+00 0.000000000000000000e+00 0.000000000000000000e+00 0.000000000000000000e+00 0.000000000000000000e+00 0.000000000000000000e+00 0.000000000000000000e+00 7.174999999999997158e+01 0.000000000000000000e+00 0.000000000000000000e+00 0.000000000000000000e+00 0.000000000000000000e+00 0.000000000000000000e+00 0.000000000000000000e+00 0.000000000000000000e+00
0.000000000000000000e+00 0.000000000000000000e+00 0.000000000000000000e+00 0.000000000000000000e+00 0.000000000000000000e+00 3.099999999999997158e+01 3.999999999999997868e+01 3.012499999999997868e+01 3.472727272727272663e+01 1.248873873873873741e+01 1.235956416464891028e+01 2.019832402234636248e+01 1.424450549450549985e+01 4.139999999999999858e+01 2.764583333333332504e+01 6.137499999999998579e+01 4.126923076923075939e+01 3.450000000000001421e+01 4.896666666666666856e+01 0.000000000000000000e+00 5.428571428571428470e+01 4.950000000000000000e+01 5.799999999999993605e+01 7.924999999999997158e+01 6.200000000000000000e+01 4.649999999999998579e+01 7.599999999999997158e+01 4.668750000000000000e+01 3.207692307692308020e+01 3.963855421686746894e+01 4.775806451612903203e+01 4.710377358490566024e+01 4.610759493670886400e+01 5.539999999999999858e+01 5.638636363636363313e+01 4.770000000000000284e+01 5.025000000000000000e+01 2.249999999999999645e+01 2.473275862068965480e+01 2.794117647058823550e+01 0.000000000000000000e+00 2.383333333333333925e+01 4.550000000000000000e+01 8.250000000000001421e+01 0.000000000000000000e+00 3.255555555555555713e+01 0.000000000000000000e+00 0.000000000000000000e+00 0.000000000000000000e+00 0.000000000000000000e+00 0.000000000000000000e+00 0.000000000000000000e+00 0.000000000000000000e+00 0.000000000000000000e+00 0.000000000000000000e+00 0.000000000000000000e+00 0.000000000000000000e+00 0.000000000000000000e+00 0.000000000000000000e+00 0.000000000000000000e+00 0.000000000000000000e+00 0.000000000000000000e+00 0.000000000000000000e+00 0.000000000000000000e+00 0.000000000000000000e+00 0.000000000000000000e+00 0.000000000000000000e+00 0.000000000000000000e+00 0.000000000000000000e+00 0.000000000000000000e+00 0.000000000000000000e+00 0.000000000000000000e+00 0.000000000000000000e+00 0.000000000000000000e+00 0.000000000000000000e+00 0.000000000000000000e+00 0.000000000000000000e+00 0.000000000000000000e+00 0.000000000000000000e+00 0.000000000000000000e+00 0.000000000000000000e+00 4.999999999999996447e+01 0.000000000000000000e+00 0.000000000000000000e+00 0.000000000000000000e+00 0.000000000000000000e+00 0.000000000000000000e+00 0.000000000000000000e+00 0.000000000000000000e+00
0.000000000000000000e+00 0.000000000000000000e+00 0.000000000000000000e+00 5.723684210526312377e+00 1.803181818181818130e+01 2.341603053435113324e+01 3.033333333333330017e+01 2.574637681159419245e+01 3.262179487179486870e+01 1.991914618369986201e+01 2.019832402234636248e+01 1.647401908801696280e+01 2.147206703910614678e+01 1.619587628865979312e+01 3.406249999999999289e+01 2.548557692307691269e+01 1.814062499999999289e+01 2.726562500000000000e+01 4.097413793103448398e+01 0.000000000000000000e+00 0.000000000000000000e+00 0.000000000000000000e+00 0.000000000000000000e+00 0.000000000000000000e+00 0.000000000000000000e+00 4.499999999999999289e+01 4.700000000000000711e+01 5.099999999999999289e+01 3.745138888888887863e+01 4.738333333333332575e+01 4.583333333333333570e+01 4.955499999999999972e+01 4.543750000000000000e+01 0.000000000000000000e+00 0.000000000000000000e+00 0.000000000000000000e+00 7.499999999999998579e+01 2.325520833333332860e+01 3.026438356164382526e+01 3.643548387096774377e+01 0.000000000000000000e+00 3.838888888888888573e+01 0.000000000000000000e+00 0.000000000000000000e+00 4.683333333333325754e+01 4.079545454545454675e+01 0.000000000000000000e+00 0.000000000000000000e+00 3.399999999999997868e+01 0.000000000000000000e+00 0.000000000000000000e+00 0.000000000000000000e+00 5.249999999999999289e+01 0.000000000000000000e+00 3.416666666666667407e+00 0.000000000000000000e+00 0.000000000000000000e+00 0.000000000000000000e+00 3.849999999999998579e+01 2.783333333333334636e+01 2.199999999999999289e+01 0.000000000000000000e+00 0.000000000000000000e+00 0.000000000000000000e+00 0.000000000000000000e+00 0.000000000000000000e+00 0.000000000000000000e+00 0.000000000000000000e+00 0.000000000000000000e+00 0.000000000000000000e+00 0.000000000000000000e+00 3.100000000000002487e+01 0.000000000000000000e+00 0.000000000000000000e+00 0.000000000000000000e+00 0.000000000000000000e+00 0.000000000000000000e+00 0.000000000000000000e+00 0.000000000000000000e+00 0.000000000000000000e+00 2.499999999999993605e+01 3.999999999999997868e+01 0.000000000000000000e+00 0.000000000000000000e+00 0.000000000000000000e+00 0.000000000000000000e+00 0.000000000000000000e+00 0.000000000000000000e+00 0.000000000000000000e+00
0.000000000000000000e+00 0.000000000000000000e+00 0.000000000000000000e+00 0.000000000000000000e+00 0.000000000000000000e+00 6.487499999999997158e+01 0.000000000000000000e+00 3.874999999999996447e+01 1.273469387755101856e+01 4.620312499999999289e+01 1.424450549450549985e+01 2.147206703910614678e+01 1.467564402810304536e+01 9.142857142857142350e+00 2.356185567010309256e+01 6.129999999999996874e+01 4.733333333333331439e+01 2.244736842105263008e+01 3.864285714285713169e+01 0.000000000000000000e+00 5.766666666666667851e+01 0.000000000000000000e+00 5.524999999999998579e+01 0.000000000000000000e+00 7.800000000000000000e+01 3.246875000000000000e+01 5.724999999999995737e+01 5.316666666666666430e+01 1.869281045751634096e+01 2.748953974895397323e+01 4.249999999999999289e+01 3.139403973509933721e+01 3.946666666666666856e+01 4.625000000000001421e+01 5.120000000000000995e+01 4.650000000000000711e+01 4.922222222222223564e+01 2.502777777777777857e+01 2.580947368421053412e+01 2.819354838709677935e+01 0.000000000000000000e+00 2.785416666666666785e+01 6.699999999999997158e+01 3.690000000000000568e+01 0.000000000000000000e+00 3.666666666666666430e+01 0.000000000000000000e+00 0.000000000000000000e+00 0.000000000000000000e+00 0.000000000000000000e+00 0.000000000000000000e+00 0.000000000000000000e+00 0.000000000000000000e+00 0.000000000000000000e+00 0.000000000000000000e+00 0.000000000000000000e+00 0.000000000000000000e+00 0.000000000000000000e+00 0.000000000000000000e+00 0.000000000000000000e+00 4.500000000000004263e+01 0.000000000000000000e+00 0.000000000000000000e+00 0.000000000000000000e+00 0.000000000000000000e+00 0.000000000000000000e+00 0.000000000000000000e+00 0.000000000000000000e+00 0.000000000000000000e+00 0.000000000000000000e+00 0.000000000000000000e+00 0.000000000000000000e+00 0.000000000000000000e+00 0.000000000000000000e+00 0.000000000000000000e+00 0.000000000000000000e+00 0.000000000000000000e+00 0.000000000000000000e+00 0.000000000000000000e+00 0.000000000000000000e+00 0.000000000000000000e+00 0.000000000000000000e+00 0.000000000000000000e+00 0.000000000000000000e+00 0.000000000000000000e+00 0.000000000000000000e+00 0.000000000000000000e+00 0.000000000000000000e+00 0.000000000000000000e+00
0.000000000000000000e+00 0.000000000000000000e+00 0.000000000000000000e+00 0.000000000000000000e+00 6.499999999999994316e+01 5.849999999999995737e+01 0.000000000000000000e+00 0.000000000000000000e+00 6.150000000000001421e+01 4.949999999999997158e+01 4.139999999999999858e+01 1.619587628865979312e+01 9.142857142857142350e+00 1.011016949152542388e+01 4.149999999999997158e+01 0.000000000000000000e+00 5.799999999999993605e+01 9.999999999999996447e+00 2.124999999999999645e+01 0.000000000000000000e+00 0.000000000000000000e+00 0.000000000000000000e+00 0.000000000000000000e+00 0.000000000000000000e+00 0.000000000000000000e+00 0.000000000000000000e+00 0.000000000000000000e+00 0.000000000000000000e+00 1.118421052631578938e+01 3.950000000000000000e+01 0.000000000000000000e+00 1.810000000000000142e+01 1.468421052631578938e+01 0.000000000000000000e+00 0.000000000000000000e+00 0.000000000000000000e+00 0.000000000000000000e+00 0.000000000000000000e+00 3.219999999999999574e+01 4.616666666666666430e+01 0.000000000000000000e+00 2.250000000000001066e+01 0.000000000000000000e+00 2.800000000000000711e+01 0.000000000000000000e+00 0.000000000000000000e+00 0.000000000000000000e+00 0.000000000000000000e+00 0.000000000000000000e+00 0.000000000000000000e+00 0.000000000000000000e+00 0.000000000000000000e+00 0.000000000000000000e+00 0.000000000000000000e+00 0.000000000000000000e+00 0.000000000000000000e+00 0.000000000000000000e+00 0.000000000000000000e+00 0.000000000000000000e+00 0.000000000000000000e+00 0.000000000000000000e+00 0.000000000000000000e+00 0.000000000000000000e+00 0.000000000000000000e+00 0.000000000000000000e+00 0.000000000000000000e+00 0.000000000000000000e+00 0.000000000000000000e+00 0.000000000000000000e+00 0.000000000000000000e+00 0.000000000000000000e+00 0.000000000000000000e+00 0.000000000000000000e+00 0.000000000000000000e+00 0.000000000000000000e+00 0.000000000000000000e+00 0.000000000000000000e+00 0.000000000000000000e+00 0.000000000000000000e+00 0.000000000000000000e+00 0.000000000000000000e+00 0.000000000000000000e+00 0.000000000000000000e+00 0.000000000000000000e+00 0.000000000000000000e+00 0.000000000000000000e+00 0.000000000000000000e+00 0.000000000000000000e+00 0.000000000000000000e+00
0.000000000000000000e+00 0.000000000000000000e+00 0.000000000000000000e+00 0.000000000000000000e+00 2.321428571428570464e+01 2.539189189189188411e+01 4.666666666666664298e+01 3.320833333333332149e+01 2.392035398230087750e+01 3.480555555555554292e+01 2.764583333333332504e+01 3.406249999999999289e+01 2.356185567010309256e+01 4.149999999999997158e+01 1.261190476190475707e+01 4.516666666666665009e+01 2.949999999999998579e+01 2.974999999999999289e+01 2.492499999999999361e+01 2.425000000000000000e+01 4.049999999999999289e+01 2.800000000000000000e+01 2.905263157894735571e+01 1.990909090909089585e+01 2.260227272727271597e+01 2.187499999999999289e+01 1.727777777777777501e+01 2.899999999999999289e+01 1.936458333333333925e+01 2.097857142857142421e+01 4.075961538461536549e+01 3.239430894308942044e+01 3.307407407407407618e+01 3.566666666666663588e+01 4.190476190476189089e+01 5.499999999999999289e+01 3.906249999999998579e+01 1.438888888888888928e+01 8.791979949874683342e+00 1.911111111111111782e+01 0.000000000000000000e+00 1.687500000000000000e+01 1.308552631578947434e+01 1.339473684210526372e+01 0.000000000000000000e+00 1.721621621621621401e+01 0.000000000000000000e+00 0.000000000000000000e+00 0.000000000000000000e+00 0.000000000000000000e+00 0.000000000000000000e+00 0.000000000000000000e+00 0.000000000000000000e+00 0.000000000000000000e+00 0.000000000000000000e+00 0.000000000000000000e+00 0.000000000000000000e+00 0.000000000000000000e+00 0.000000000000000000e+00 0.000000000000000000e+00 0.000000000000000000e+00 0.000000000000000000e+00 0.000000000000000000e+00 0.000000000000000000e+00 0.000000000000000000e+00 0.000000000000000000e+00 0.000000000000000000e+00 0.000000000000000000e+00 0.000000000000000000e+00 0.000000000000000000e+00 0.000000000000000000e+00 0.000000000000000000e+00 5.449999999999992895e+01 0.000000000000000000e+00 0.000000000000000000e+00 0.000000000000000000e+00 0.000000000000000000e+00 0.000000000000000000e+00 0.000000000000000000e+00 0.000000000000000000e+00 2.499999999999999645e+01 0.000000000000000000e+00 0.000000000000000000e+00 0.000000000000000000e+00 0.000000000000000000e+00 3.800000000000000000e+01 5.300000000000000000e+01 0.000000000000000000e+00 0.000000000000000000e+00
0.000000000000000000e+00 0.000000000000000000e+00 0.000000000000000000e+00 0.000000000000000000e+00 1.369999999999999574e+01 2.045833333333332504e+01 2.299999999999997868e+01 2.069642857142856585e+01 3.592000000000000171e+01 2.417032967032966084e+01 6.137499999999998579e+01 2.548557692307691269e+01 6.129999999999996874e+01 0.000000000000000000e+00 4.516666666666665009e+01 7.342105263157894690e+00 1.156338028169014009e+01 3.878333333333331723e+01 5.541836734693873723e+01 0.000000000000000000e+00 0.000000000000000000e+00 0.000000000000000000e+00 0.000000000000000000e+00 0.000000000000000000e+00 0.000000000000000000e+00 0.000000000000000000e+00 0.000000000000000000e+00 7.949999999999998579e+01 0.000000000000000000e+00 6.450000000000000000e+01 0.000000000000000000e+00 8.127777777777775725e+01 5.926666666666664440e+01 0.000000000000000000e+00 0.000000000000000000e+00 0.000000000000000000e+00 0.000000000000000000e+00 1.529166666666665719e+01 2.410992907801417218e+01 4.400000000000000000e+01 0.000000000000000000e+00 4.750000000000002842e+01 0.000000000000000000e+00 0.000000000000000000e+00 9.849999999999990763e+00 5.150000000000000000e+01 0.000000000000000000e+00 0.000000000000000000e+00 0.000000000000000000e+00 6.149999999999997158e+01 3.099999999999994671e+01 3.549999999999991473e+01 3.049999999999996447e+01 0.000000000000000000e+00 2.699999999999997158e+01 5.649999999999990052e+01 0.000000000000000000e+00 0.000000000000000000e+00 1.150000000000001599e+01 0.000000000000000000e+00 0.000000000000000000e+00 0.000000000000000000e+00 0.000000000000000000e+00 0.000000000000000000e+00 0.000000000000000000e+00 0.000000000000000000e+00 0.000000000000000000e+00 0.000000000000000000e+00 0.000000000000000000e+00 0.000000000000000000e+00 0.000000000000000000e+00 0.000000000000000000e+00 0.000000000000000000e+00 0.000000000000000000e+00 0.000000000000000000e+00 0.000000000000000000e+00 0.000000000000000000e+00 0.000000000000000000e+00 0.000000000000000000e+00 0.000000000000000000e+00 0.000000000000000000e+00 2.749999999999994316e+01 0.000000000000000000e+00 0.000000000000000000e+00 0.000000000000000000e+00 0.000000000000000000e+00 0.000000000000000000e+00 0.000000000000000000e+00 0.000000000000000000e+00
0.000000000000000000e+00 0.000000000000000000e+00 0.000000000000000000e+00 0.000000000000000000e+00 4.899999999999995026e+01 2.825000000000000000e+01 0.000000000000000000e+00 2.425000000000001421e+01 3.228571428571428470e+01 3.569444444444442865e+01 4.126923076923075939e+01 1.814062499999999289e+01 4.733333333333331439e+01 5.799999999999993605e+01 2.949999999999998579e+01 1.156338028169014009e+01 8.584615384615377209e+00 2.336263736263734714e+01 3.936734693877549063e+01 0.000000000000000000e+00 0.000000000000000000e+00 0.000000000000000000e+00 0.000000000000000000e+00 0.000000000000000000e+00 0.000000000000000000e+00 0.000000000000000000e+00 0.000000000000000000e+00 0.000000000000000000e+00 0.000000000000000000e+00 6.574999999999995737e+01 0.000000000000000000e+00 5.616666666666665719e+01 3.957894736842101935e+01 0.000000000000000000e+00 0.000000000000000000e+00 0.000000000000000000e+00 0.000000000000000000e+00 2.495833333333331439e+01 3.487037037037035958e+01 2.874999999999999289e+01 0.000000000000000000e+00 0.000000000000000000e+00 0.000000000000000000e+00 0.000000000000000000e+00 0.000000000000000000e+00 6.074999999999998579e+01 0.000000000000000000e+00 3.849999999999995737e+01 0.000000000000000000e+00 0.000000000000000000e+00 2.100000000000000000e+01 2.149999999999996447e+01 4.599999999999995026e+01 0.000000000000000000e+00 2.999999999999999645e+01 0.000000000000000000e+00 0.000000000000000000e+00 0.000000000000000000e+00 5.499999999999991473e+01 9.800000000000000711e+00 0.000000000000000000e+00 0.000000000000000000e+00 0.000000000000000000e+00 0.000000000000000000e+00 0.000000000000000000e+00 0.000000000000000000e+00 0.000000000000000000e+00 0.000000000000000000e+00 0.000000000000000000e+00 0.000000000000000000e+00 0.000000000000000000e+00 0.000000000000000000e+00 0.000000000000000000e+00 0.000000000000000000e+00 0.000000000000000000e+00 0.000000000000000000e+00 0.000000000000000000e+00 0.000000000000000000e+00 0.000000000000000000e+00 0.000000000000000000e+00 1.499999999999996625e+01 0.000000000000000000e+00 0.000000000000000000e+00 0.000000000000000000e+00 0.000000000000000000e+00 0.000000000000000000e+00 0.000000000000000000e+00 0.000000000000000000e+00 0.000000000000000000e+00
