0.000000000000000000e+00 0.000000000000000000e+00 0.000000000000000000e+00 0.000000000000000000e+00 0.000000000000000000e+00 0.000000000000000000e+00 0.000000000000000000e+00 0.000000000000000000e+00 0.000000000000000000e+00 0.000000000000000000e+00 0.000000000000000000e+00 0.000000000000000000e+00 0.000000000000000000e+00 0.000000000000000000e+00 0.000000000000000000e+00 0.000000000000000000e+00 0.000000000000000000e+00 0.000000000000000000e+00 0.000000000000000000e+00 0.000000000000000000e+00 0.000000000000000000e+00 0.000000000000000000e+00 0.000000000000000000e+00 0.000000000000000000e+00 0.000000000000000000e+00 0.000000000000000000e+00 0.000000000000000000e+00 0.000000000000000000e+00 0.000000000000000000e+00 0.000000000000000000e+00 0.000000000000000000e+00 0.000000000000000000e+00 0.000000000000000000e+00 0.000000000000000000e+00 0.000000000000000000e+00 0.000000000000000000e+00 0.000000000000000000e+00 0.000000000000000000e+00 0.000000000000000000e+00 0.000000000000000000e+00 0.000000000000000000e+00 0.000000000000000000e+00 0.000000000000000000e+00 0.000000000000000000e+00 0.000000000000000000e+00 0.000000000000000000e+00 0.000000000000000000e+00 0.000000000000000000e+00 0.000000000000000000e+00 0.000000000000000000e+00 0.000000000000000000e+00 0.000000000000000000e+00 0.000000000000000000e+00 0.000000000000000000e+00 0.000000000000000000e+00 0.000000000000000000e+00 0.000000000000000000e+00 0.000000000000000000e+00 0.000000000000000000e+00 0.000000000000000000e+00 0.000000000000000000e+00 0.000000000000000000e+00 0.000000000000000000e+00 0.000000000000000000e+00 0.000000000000000000e+00 0.000000000000000000e+00 0.000000000000000000e+00 0.000000000000000000e+00 0.000000000000000000e+00 0.000000000000000000e+00 0.000000000000000000e+00 0.000000000000000000e+00 0.000000000000000000e+00 0.000000000000000000e+00 0.000000000000000000e+00 0.000000000000000000e+00 0.000000000000000000e+00 0.000000000000000000e+00 0.000000000000000000e+00 0.000000000000000000e+00 0.000000000000000000e+00 0.000000000000000000e+00 0.000000000000000000e+00 0.000000000000000000e+00 0.000000000000000000e+00 0.000000000000000000e+00 0.000000000000000000e+00 0.000000000000000000e+00 0.000000000000000000e+00
0.000000000000000000e+00 0.000000000000000000e+00 0.000000000000000000e+00 0.000000000000000000e+00 0.000000000000000000e+00 0.000000000000000000e+00 0.000000000000000000e+00 0.000000000000000000e+00 0.000000000000000000e+00 0.000000000000000000e+00 0.000000000000000000e+00 0.000000000000000000e+00 0.000000000000000000e+00 0.000000000000000000e+00 0.000000000000000000e+00 0.000000000000000000e+00 0.000000000000000000e+00 0.000000000000000000e+00 0.000000000000000000e+00 0.000000000000000000e+00 0.000000000000000000e+00 0.000000000000000000e+00 0.000000000000000000e+00 0.000000000000000000e+00 0.000000000000000000e+00 0.000000000000000000e+00 0.000000000000000000e+00 0.000000000000000000e+00 0.000000000000000000e+00 0.000000000000000000e+00 0.000000000000000000e+00 0.000000000000000000e+00 0.000000000000000000e+00 0.000000000000000000e+00 0.000000000000000000e+00 0.000000000000000000e+00 0.000000000000000000e+00 0.000000000000000000e+00 0.000000000000000000e+00 0.000000000000000000e+00 0.000000000000000000e+00 0.000000000000000000e+00 0.000000000000000000e+00 0.000000000000000000e+00 0.000000000000000000e+00 0.000000000000000000e+00 0.000000000000000000e+00 0.000000000000000000e+00 0.000000000000000000e+00 0.000000000000000000e+00 0.000000000000000000e+00 0.000000000000000000e+00 0.000000000000000000e+00 0.000000000000000000e+00 0.000000000000000000e+00 0.000000000000000000e+00 0.000000000000000000e+00 0.000000000000000000e+00 0.000000000000000000e+00 0.000000000000000000e+00 0.000000000000000000e+00 0.000000000000000000e+00 0.000000000000000000e+00 0.000000000000000000e+00 0.000000000000000000e+00 0.000000000000000000e+00 0.000000000000000000e+00 0.000000000000000000e+00 0.000000000000000000e+00 0.000000000000000000e+00 0.000000000000000000e+00 0.000000000000000000e+00 0.000000000000000000e+00 0.000000000000000000e+00 0.000000000000000000e+00 0.000000000000000000e+00 0.000000000000000000e+00 0.000000000000000000e+00 0.000000000000000000e+00 0.000000000000000000e+00 0.000000000000000000e+00 0.000000000000000000e+00 0.000000000000000000e+00 0.000000000000000000e+00 0.000000000000000000e+00 0.000000000000000000e+00 0.000000000000000000e+00 0.000000000000000000e+00 0.000000000000000000e+00
0.000000000000000000e+00 0.000000000000000000e+00 0.000000000000000000e+00 0.000000000000000000e+00 0.000000000000000000e+00 0.000000000000000000e+00 0.000000000000000000e+00 0.000000000000000000e+00 0.000000000000000000e+00 0.000000000000000000e+00 0.000000000000000000e+00 0.000000000000000000e+00 0.000000000000000000e+00 0.000000000000000000e+00 0.000000000000000000e+00 0.000000000000000000e+00 0.000000000000000000e+00 0.000000000000000000e+00 0.000000000000000000e+00 0.000000000000000000e+00 0.000000000000000000e+00 0.000000000000000000e+00 0.000000000000000000e+00 0.000000000000000000e+00 0.000000000000000000e+00 0.000000000000000000e+00 0.000000000000000000e+00 0.000000000000000000e+00 0.000000000000000000e+00 0.000000000000000000e+00 0.000000000000000000e+00 0.000000000000000000e+00 0.000000000000000000e+00 0.000000000000000000e+00 0.000000000000000000e+00 0.000000000000000000e+00 0.000000000000000000e+00 0.000000000000000000e+00 0.000000000000000000e+00 0.000000000000000000e+00 0.000000000000000000e+00 0.000000000000000000e+00 0.000000000000000000e+00 0.000000000000000000e+00 0.000000000000000000e+00 0.000000000000000000e+00 0.000000000000000000e+00 0.000000000000000000e+00 0.000000000000000000e+00 0.000000000000000000e+00 0.000000000000000000e+00 0.000000000000000000e+00 0.000000000000000000e+00 0.000000000000000000e+00 0.000000000000000000e+00 0.000000000000000000e+00 0.000000000000000000e+00 0.000000000000000000e+00 0.000000000000000000e+00 0.000000000000000000e+00 0.000000000000000000e+00 0.000000000000000000e+00 0.000000000000000000e+00 0.000000000000000000e+00 0.000000000000000000e+00 0.000000000000000000e+00 0.000000000000000000e+00 0.000000000000000000e+00 0.000000000000000000e+00 0.000000000000000000e+00 0.000000000000000000e+00 0.000000000000000000e+00 0.000000000000000000e+00 0.000000000000000000e+00 0.000000000000000000e+00 0.000000000000000000e+00 0.000000000000000000e+00 0.000000000000000000e+00 0.000000000000000000e+00 0.000000000000000000e+00 0.000000000000000000e+00 0.000000000000000000e+00 0.000000000000000000e+00 0.000000000000000000e+00 0.000000000000000000e+00 0.000000000000000000e+00 0.000000000000000000e+00 0.000000000000000000e+00 0.000000000000000000e+00
0.000000000000000000e+00 0.000000000000000000e+00 0.000000000000000000e+00 4.737849779086889868e+00 7.447841726618700697e+00 1.186198738170346445e+01 2.959999999999998721e+01 3.091666666666664653e+01 4.499999999999997158e+01 9.814381270903002275e+00 0.000000000000000000e+00 5.494812450119709979e+00 0.000000000000000000e+00 0.000000000000000000e+00 0.000000000000000000e+00 2.600000000000000355e+01 0.000000000000000000e+00 0.000000000000000000e+00 0.000000000000000000e+00 0.000000000000000000e+00 0.000000000000000000e+00 0.000000000000000000e+00 0.000000000000000000e+00 5.849999999999997158e+01 0.000000000000000000e+00 0.000000000000000000e+00 0.000000000000000000e+00 0.000000000000000000e+00 0.000000000000000000e+00 6.499999999999998579e+01 0.000000000000000000e+00 8.099999999999997158e+01 0.000000000000000000e+00 0.000000000000000000e+00 0.000000000000000000e+00 0.000000000000000000e+00 0.000000000000000000e+00 3.069565217391303236e+01 3.341666666666664298e+01 0.000000000000000000e+00 0.000000000000000000e+00 0.000000000000000000e+00 0.000000000000000000e+00 0.000000000000000000e+00 3.783333333333330728e+01 0.000000000000000000e+00 0.000000000000000000e+00 0.000000000000000000e+00 0.000000000000000000e+00 0.000000000000000000e+00 0.000000000000000000e+00 0.000000000000000000e+00 0.000000000000000000e+00 0.000000000000000000e+00 0.000000000000000000e+00 0.000000000000000000e+00 0.000000000000000000e+00 0.000000000000000000e+00 0.000000000000000000e+00 0.000000000000000000e+00 0.000000000000000000e+00 0.000000000000000000e+00 0.000000000000000000e+00 0.000000000000000000e+00 0.000000000000000000e+00 0.000000000000000000e+00 0.000000000000000000e+00 0.000000000000000000e+00 0.000000000000000000e+00 0.000000000000000000e+00 0.000000000000000000e+00 0.000000000000000000e+00 0.000000000000000000e+00 0.000000000000000000e+00 0.000000000000000000e+00 0.000000000000000000e+00 0.000000000000000000e+00 0.000000000000000000e+00 0.000000000000000000e+00 0.000000000000000000e+00 0.000000000000000000e+00 0.000000000000000000e+00 0.000000000000000000e+00 0.000000000000000000e+00 0.000000000000000000e+00 0.000000000000000000e+00 0.000000000000000000e+00 0.000000000000000000e+00 0.000000000000000000e+00
0.000000000000000000e+00 0.000000000000000000e+00 0.000000000000000000e+00 7.447841726618700697e+00 1.038053464115492908e+01 9.670278392913628451e+00 2.804117647058822627e+01 2.524895397489538951e+01 4.114084507042252170e+01 1.780349695219761585e+01 4.422972972972970496e+01 1.596364018495165382e+01 5.684374999999997158e+01 7.049999999999992895e+01 3.247674418604650270e+01 1.466164658634537510e+01 2.881818181818180946e+01 5.627777777777776436e+01 6.533333333333328596e+01 0.000000000000000000e+00 9.949999999999997158e+01 0.000000000000000000e+00 4.599999999999997868e+01 0.000000000000000000e+00 3.750000000000004263e+01 0.000000000000000000e+00 5.874999999999997158e+01 1.090000000000000000e+02 7.229999999999996874e+01 6.759374999999997158e+01 7.899999999999998579e+01 8.058333333333330017e+01 7.633333333333332860e+01 9.499999999999997158e+01 0.000000000000000000e+00 0.000000000000000000e+00 0.000000000000000000e+00 1.248021828103682829e+01 1.830507280413338123e+01 3.856666666666665577e+01 0.000000000000000000e+00 3.750000000000000711e+01 3.075000000000000711e+01 4.089999999999999147e+01 5.961256304447498877e+00 2.089999999999999858e+01 0.000000000000000000e+00 0.000000000000000000e+00 5.009999999999996589e+01 0.000000000000000000e+00 0.000000000000000000e+00 4.799999999999989342e+01 5.149999999999992895e+01 0.000000000000000000e+00 0.000000000000000000e+00 0.000000000000000000e+00 0.000000000000000000e+00 0.000000000000000000e+00 3.124999999999998579e+01 4.537499999999998579e+01 3.800000000000003553e+01 0.000000000000000000e+00 0.000000000000000000e+00 0.000000000000000000e+00 0.000000000000000000e+00 0.000000000000000000e+00 0.000000000000000000e+00 0.000000000000000000e+00 0.000000000000000000e+00 0.000000000000000000e+00 0.000000000000000000e+00 0.000000000000000000e+00 0.000000000000000000e+00 0.000000000000000000e+00 0.000000000000000000e+00 0.000000000000000000e+00 0.000000000000000000e+00 0.000000000000000000e+00 0.000000000000000000e+00 0.000000000000000000e+00 2.407142857142854808e+01 3.516666666666665009e+01 0.000000000000000000e+00 0.000000000000000000e+00 0.000000000000000000e+00 0.000000000000000000e+00 0.000000000000000000e+00 1.679999999999998295e+01 8.124999999999985789e+00
0.000000000000000000e+00 0.000000000000000000e+00 0.000000000000000000e+00 1.186198738170346445e+01 9.670278392913628451e+00 1.436718125604676821e+01 9.766429227941173963e+00 1.327203873851501648e+01 3.165836298932383031e+01 1.837511457378550972e+01 4.318487394957981707e+01 2.362779471544714482e+01 5.472580645161288970e+01 7.749999999999995737e+01 1.942083333333332362e+01 1.949803536345775257e+01 3.176923076923075939e+01 5.509999999999997300e+01 6.883333333333330017e+01 2.549999999999998579e+01 4.349999999999999289e+01 0.000000000000000000e+00 0.000000000000000000e+00 3.249999999999997868e+01 3.433333333333332149e+01 3.869999999999997442e+01 0.000000000000000000e+00 8.449999999999998579e+01 6.922499999999996589e+01 6.638999999999995794e+01 8.264999999999997726e+01 8.076923076923074518e+01 8.395833333333332860e+01 8.549999999999992895e+01 1.044999999999999574e+02 6.299999999999997158e+01 0.000000000000000000e+00 1.767017045454544544e+01 1.796422182468693052e+01 2.722891566265059282e+01 0.000000000000000000e+00 4.239999999999997726e+01 2.839999999999998792e+01 3.542857142857141639e+01 1.751650943396225202e+01 5.388235294117644258e+01 0.000000000000000000e+00 5.149999999999997158e+01 4.958333333333330728e+01 0.000000000000000000e+00 4.349999999999996447e+01 4.549999999999998579e+01 5.549999999999994316e+01 6.049999999999994316e+01 5.562499999999994316e+01 7.849999999999994316e+01 0.000000000000000000e+00 0.000000000000000000e+00 2.974999999999997158e+01 3.874999999999998579e+01 7.950000000000000000e+01 0.000000000000000000e+00 0.000000000000000000e+00 0.000000000000000000e+00 0.000000000000000000e+00 0.000000000000000000e+00 8.849999999999995737e+01 0.000000000000000000e+00 0.000000000000000000e+00 0.000000000000000000e+00 0.000000000000000000e+00 0.000000000000000000e+00 0.000000000000000000e+00 0.000000000000000000e+00 8.900000000000000000e+01 0.000000000000000000e+00 0.000000000000000000e+00 0.000000000000000000e+00 0.000000000000000000e+00 0.000000000000000000e+00 2.898333333333330941e+01 4.491666666666662877e+01 0.000000000000000000e+00 0.000000000000000000e+00 0.000000000000000000e+00 0.000000000000000000e+00 0.000000000000000000e+00 2.799999999999999289e+01 1.899999999999996803e+01
0.000000000000000000e+00 0.000000000000000000e+00 0.000000000000000000e+00 2.959999999999998721e+01 2.804117647058822627e+01 9.766429227941173963e+00 7.755227316324570630e+00 7.745368171021373982e+00 1.910526315789472918e+01 1.642287727104189443e+01 4.629999999999996874e+01 3.213793103448274735e+01 2.799999999999996447e+01 0.000000000000000000e+00 3.109999999999997655e+01 2.719999999999999574e+01 0.000000000000000000e+00 0.000000000000000000e+00 0.000000000000000000e+00 0.000000000000000000e+00 0.000000000000000000e+00 0.000000000000000000e+00 0.000000000000000000e+00 0.000000000000000000e+00 0.000000000000000000e+00 0.000000000000000000e+00 0.000000000000000000e+00 0.000000000000000000e+00 0.000000000000000000e+00 5.949999999999997158e+01 0.000000000000000000e+00 8.699999999999992895e+01 0.000000000000000000e+00 0.000000000000000000e+00 0.000000000000000000e+00 0.000000000000000000e+00 0.000000000000000000e+00 3.771428571428568688e+01 2.794907407407406552e+01 3.849999999999997868e+01 0.000000000000000000e+00 0.000000000000000000e+00 0.000000000000000000e+00 3.099999999999996447e+01 3.324999999999997158e+01 0.000000000000000000e+00 0.000000000000000000e+00 0.000000000000000000e+00 0.000000000000000000e+00 0.000000000000000000e+00 5.399999999999995026e+01 0.000000000000000000e+00 0.000000000000000000e+00 0.000000000000000000e+00 0.000000000000000000e+00 0.000000000000000000e+00 0.000000000000000000e+00 0.000000000000000000e+00 0.000000000000000000e+00 0.000000000000000000e+00 0.000000000000000000e+00 0.000000000000000000e+00 0.000000000000000000e+00 0.000000000000000000e+00 0.000000000000000000e+00 0.000000000000000000e+00 0.000000000000000000e+00 0.000000000000000000e+00 0.000000000000000000e+00 0.000000000000000000e+00 0.000000000000000000e+00 0.000000000000000000e+00 0.000000000000000000e+00 0.000000000000000000e+00 0.000000000000000000e+00 0.000000000000000000e+00 0.000000000000000000e+00 0.000000000000000000e+00 0.000000000000000000e+00 0.000000000000000000e+00 0.000000000000000000e+00 0.000000000000000000e+00 0.000000000000000000e+00 0.000000000000000000e+00 0.000000000000000000e+00 0.000000000000000000e+00 0.000000000000000000e+00 0.000000000000000000e+00 0.000000000000000000e+00
0.000000000000000000e+00 0.000000000000000000e+00 0.000000000000000000e+00 3.091666666666664653e+01 2.524895397489538951e+01 1.327203873851501648e+01 7.745368171021373982e+00 9.075177147918509490e+00 9.019718309859150907e+00 1.930304906361243766e+01 3.078703703703702743e+01 2.509645669291337455e+01 3.666666666666665009e+01 0.000000000000000000e+00 3.451162790697672733e+01 1.919488817891373600e+01 1.970731707317072789e+01 4.941666666666665009e+01 6.289999999999998437e+01 0.000000000000000000e+00 8.399999999999994316e+01 0.000000000000000000e+00 0.000000000000000000e+00 0.000000000000000000e+00 0.000000000000000000e+00 5.899999999999995026e+01 0.000000000000000000e+00 6.899999999999998579e+01 4.267924528301884379e+01 4.526627218934908825e+01 6.790909090909089230e+01 6.902631578947367075e+01 6.854999999999998295e+01 6.749999999999998579e+01 7.600000000000001421e+01 0.000000000000000000e+00 7.425000000000001421e+01 1.769999999999999218e+01 2.365934065934064279e+01 2.997727272727272307e+01 0.000000000000000000e+00 5.449999999999999289e+01 6.349999999999997158e+01 3.599999999999996447e+01 2.490624999999998579e+01 4.524999999999999289e+01 0.000000000000000000e+00 0.000000000000000000e+00 3.728571428571423496e+01 0.000000000000000000e+00 3.466666666666662877e+01 4.658333333333328596e+01 4.187499999999995737e+01 5.399999999999996447e+01 8.149999999999997158e+01 0.000000000000000000e+00 0.000000000000000000e+00 3.424999999999995737e+01 2.606250000000000000e+01 2.835714285714283278e+01 4.499999999999997158e+01 5.399999999999997868e+01 0.000000000000000000e+00 0.000000000000000000e+00 0.000000000000000000e+00 0.000000000000000000e+00 0.000000000000000000e+00 0.000000000000000000e+00 0.000000000000000000e+00 0.000000000000000000e+00 0.000000000000000000e+00 0.000000000000000000e+00 8.099999999999992895e+01 0.000000000000000000e+00 0.000000000000000000e+00 0.000000000000000000e+00 0.000000000000000000e+00 0.000000000000000000e+00 0.000000000000000000e+00 0.000000000000000000e+00 2.299999999999999289e+01 4.239285714285711748e+01 5.799999999999998579e+01 0.000000000000000000e+00 0.000000000000000000e+00 0.000000000000000000e+00 0.000000000000000000e+00 0.000000000000000000e+00 5.199999999999995737e+01
0.000000000000000000e+00 0.000000000000000000e+00 0.000000000000000000e+00 4.499999999999997158e+01 4.114084507042252170e+01 3.165836298932383031e+01 1.910526315789472918e+01 9.019718309859150907e+00 1.183384155455904185e+01 2.092178626742384395e+01 2.652538071065989556e+01 3.471300448430491770e+01 1.100214408233276053e+01 6.650000000000001421e+01 2.064216216216215471e+01 3.413028764805414284e+01 2.820542635658913966e+01 4.464999999999998437e+01 6.199999999999998579e+01 0.000000000000000000e+00 6.500000000000000000e+01 0.000000000000000000e+00 5.200000000000000000e+01 0.000000000000000000e+00 8.599999999999997158e+01 5.307142857142855519e+01 4.750000000000000000e+01 5.936363636363634555e+01 2.811248415716095295e+01 3.076031746031744518e+01 5.222807017543858166e+01 5.595454545454544615e+01 6.452777777777775725e+01 4.649999999999998579e+01 6.177272727272727337e+01 0.000000000000000000e+00 5.874999999999996447e+01 2.252684840974803038e+01 1.489443813847899634e+01 2.482582938388625493e+01 0.000000000000000000e+00 4.062499999999998579e+01 6.889999999999997726e+01 3.086538461538460609e+01 3.222580645161289681e+01 3.119714285714285751e+01 0.000000000000000000e+00 0.000000000000000000e+00 5.599999999999987921e+01 0.000000000000000000e+00 5.624999999999994316e+01 5.733333333333329307e+01 5.778571428571422786e+01 4.849999999999990763e+01 5.849999999999995737e+01 0.000000000000000000e+00 0.000000000000000000e+00 5.499999999999996447e+01 4.478571428571427049e+01 3.129999999999999005e+01 6.350000000000000711e+01 0.000000000000000000e+00 0.000000000000000000e+00 0.000000000000000000e+00 0.000000000000000000e+00 0.000000000000000000e+00 0.000000000000000000e+00 0.000000000000000000e+00 0.000000000000000000e+00 0.000000000000000000e+00 0.000000000000000000e+00 0.000000000000000000e+00 0.000000000000000000e+00 0.000000000000000000e+00 0.000000000000000000e+00 7.300000000000000000e+01 0.000000000000000000e+00 0.000000000000000000e+00 0.000000000000000000e+00 0.000000000000000000e+00 4.549999999999995737e+01 5.583333333333329307e+01 0.000000000000000000e+00 0.000000000000000000e+00 0.000000000000000000e+00 0.000000000000000000e+00 0.000000000000000000e+00 5.249999999999997158e+01 0.000000000000000000e+00
0.000000000000000000e+00 0.000000000000000000e+00 0.000000000000000000e+00 9.814381270903002275e+00 1.780349695219761585e+01 1.837511457378550972e+01 1.642287727104189443e+01 1.930304906361243766e+01 2.092178626742384395e+01 1.326944681689770356e+01 1.554290833647679548e+01 1.545573870573869790e+01 4.794307692307690161e+01 5.977777777777775015e+01 3.274189985272457903e+01 2.497400379506640178e+01 2.285270049099835177e+01 4.649047619047615854e+01 6.422566371681413955e+01 4.999999999999999289e+01 8.561538461538459899e+01 0.000000000000000000e+00 1.155000000000000000e+02 6.083333333333329307e+01 0.000000000000000000e+00 7.067307692307690559e+01 8.137500000000000000e+01 6.946590909090906507e+01 5.250700934579437273e+01 5.155463182897860719e+01 6.827054108216429995e+01 6.595541401273882798e+01 6.861944444444442581e+01 7.119999999999998863e+01 7.868181818181815856e+01 0.000000000000000000e+00 8.065909090909090651e+01 2.225095227425497413e+01 2.680929312227072359e+01 3.481470588235293206e+01 0.000000000000000000e+00 4.376923076923074518e+01 6.907142857142854098e+01 5.464814814814813104e+01 3.038888888888886797e+01 4.004458598726113649e+01 0.000000000000000000e+00 3.349999999999995026e+01 5.173076923076918376e+01 6.449999999999990052e+01 4.563636363636359761e+01 5.132352941176466032e+01 4.780555555555550740e+01 5.641666666666665009e+01 5.189285714285710327e+01 6.216666666666660035e+01 0.000000000000000000e+00 6.199999999999997158e+01 3.228124999999998579e+01 3.040789473684208843e+01 4.843749999999995026e+01 6.449999999999990052e+01 0.000000000000000000e+00 0.000000000000000000e+00 0.000000000000000000e+00 0.000000000000000000e+00 0.000000000000000000e+00 0.000000000000000000e+00 0.000000000000000000e+00 0.000000000000000000e+00 0.000000000000000000e+00 6.899999999999991473e+01 7.599999999999997158e+01 7.949999999999998579e+01 9.224999999999997158e+01 5.749999999999997868e+01 0.000000000000000000e+00 0.000000000000000000e+00 0.000000000000000000e+00 0.000000000000000000e+00 4.172916666666662877e+01 4.946551724137927408e+01 7.250000000000000000e+01 0.000000000000000000e+00 0.000000000000000000e+00 0.000000000000000000e+00 6.050000000000002842e+01 4.059999999999998010e+01 6.899999999999997158e+01
0.000000000000000000e+00 0.000000000000000000e+00 0.000000000000000000e+00 0.000000000000000000e+00 4.422972972972970496e+01 4.318487394957981707e+01 4.629999999999996874e+01 3.078703703703702743e+01 2.652538071065989556e+01 1.554290833647679548e+01 1.212807190001404223e+01 2.399788298691300881e+01 1.579704749679075704e+01 5.163636363636362603e+01 2.751178781925343841e+01 3.851367781155013859e+01 2.467315175097275670e+01 2.789354838709676088e+01 5.441304347826085319e+01 0.000000000000000000e+00 6.528125000000000000e+01 0.000000000000000000e+00 0.000000000000000000e+00 0.000000000000000000e+00 5.749999999999997868e+01 5.017741935483870463e+01 5.499999999999998579e+01 5.002499999999999147e+01 2.826792929292929202e+01 3.396845637583892596e+01 5.050355450236966703e+01 4.441760000000000019e+01 4.959905660377358316e+01 5.431250000000000000e+01 6.114000000000000057e+01 5.299999999999998579e+01 5.721874999999999289e+01 2.264220917822838075e+01 2.321449801849405503e+01 2.878386605783865448e+01 0.000000000000000000e+00 2.619784172661870159e+01 6.490909090909090651e+01 3.835294117647057988e+01 3.863636363636361892e+01 3.563953488372092693e+01 0.000000000000000000e+00 0.000000000000000000e+00 7.389999999999996305e+01 0.000000000000000000e+00 6.849999999999995737e+01 5.624999999999997868e+01 4.941666666666663588e+01 5.149999999999996447e+01 4.966666666666665009e+01 5.333333333333329307e+01 0.000000000000000000e+00 0.000000000000000000e+00 4.112499999999998579e+01 3.577272727272723074e+01 3.834999999999996589e+01 0.000000000000000000e+00 0.000000000000000000e+00 0.000000000000000000e+00 0.000000000000000000e+00 0.000000000000000000e+00 0.000000000000000000e+00 0.000000000000000000e+00 0.000000000000000000e+00 0.000000000000000000e+00 0.000000000000000000e+00 0.000000000000000000e+00 9.599999999999995737e+01 0.000000000000000000e+00 9.249999999999994316e+01 0.000000000000000000e+00 0.000000000000000000e+00 0.000000000000000000e+00 0.000000000000000000e+00 0.000000000000000000e+00 4.374999999999997158e+01 5.449999999999999289e+01 0.000000000000000000e+00 0.000000000000000000e+00 0.000000000000000000e+00 6.449999999999995737e+01 0.000000000000000000e+00 0.000000000000000000e+00 0.000000000000000000e+00
0.000000000000000000e+00 0.000000000000000000e+00 0.000000000000000000e+00 5.494812450119709979e+00 1.596364018495165382e+01 2.362779471544714482e+01 3.213793103448274735e+01 2.509645669291337455e+01 3.471300448430491770e+01 1.545573870573869790e+01 2.399788298691300881e+01 1.421916178717556711e+01 2.597302013422818945e+01 1.164469026548672481e+01 3.634328358208954057e+01 2.347449470644849967e+01 1.918153183023871833e+01 2.072600109709269489e+01 3.743249701314216793e+01 1.004999999999999858e+02 9.264285714285712459e+01 0.000000000000000000e+00 9.850000000000000000e+01 1.017499999999999716e+02 9.620000000000000284e+01 6.301388888888888573e+01 4.850000000000000711e+01 6.640350877192980761e+01 3.752123672704558999e+01 5.088999236058057107e+01 6.323324396782840751e+01 5.755292397660817016e+01 4.578606356968213476e+01 6.975000000000000000e+01 7.275000000000000000e+01 0.000000000000000000e+00 8.384999999999999432e+01 2.542286425214265222e+01 2.952230387967867742e+01 3.344261424017003037e+01 0.000000000000000000e+00 3.071764705882353041e+01 5.762500000000000000e+01 4.184210526315789735e+01 3.480379746835441068e+01 3.953264925373134275e+01 0.000000000000000000e+00 4.199999999999998579e+01 5.161764705882350057e+01 0.000000000000000000e+00 4.404166666666660745e+01 4.522619047619042476e+01 4.538999999999996504e+01 5.397727272727271952e+01 7.763473053892212761e+00 5.266666666666665719e+01 2.783333333333331083e+01 4.466666666666662877e+01 3.042307692307689848e+01 2.796551724137928829e+01 2.725999999999998735e+01 5.683333333333334991e+01 0.000000000000000000e+00 0.000000000000000000e+00 0.000000000000000000e+00 0.000000000000000000e+00 0.000000000000000000e+00 0.000000000000000000e+00 0.000000000000000000e+00 0.000000000000000000e+00 0.000000000000000000e+00 4.674999999999995737e+01 6.569999999999997442e+01 0.000000000000000000e+00 8.637499999999995737e+01 7.083333333333332860e+01 0.000000000000000000e+00 0.000000000000000000e+00 0.000000000000000000e+00 0.000000000000000000e+00 3.939130434782605050e+01 4.977551020408161264e+01 5.183333333333333570e+01 0.000000000000000000e+00 0.000000000000000000e+00 0.000000000000000000e+00 0.000000000000000000e+00 0.000000000000000000e+00 6.274999999999995737e+01
0.000000000000000000e+00 0.000000000000000000e+00 0.000000000000000000e+00 0.000000000000000000e+00 5.684374999999997158e+01 5.472580645161288970e+01 2.799999999999996447e+01 3.666666666666665009e+01 1.100214408233276053e+01 4.794307692307690161e+01 1.579704749679075704e+01 2.597302013422818945e+01 1.600316016484103088e+01 8.138511601584607291e+00 2.566781807714450281e+01 5.066304347826084609e+01 3.631987577639750242e+01 1.984150326797385588e+01 3.424850299401197873e+01 5.649999999999999289e+01 4.537499999999998579e+01 0.000000000000000000e+00 4.700000000000001421e+01 5.249999999999997868e+01 4.337500000000000711e+01 8.464041095890410205e+00 4.616666666666666430e+01 5.290476190476189089e+01 2.103914050065113628e+01 2.889970986460348001e+01 4.923913043478260931e+01 3.711453396524486692e+01 3.697459584295611990e+01 5.541666666666667851e+01 6.283333333333333570e+01 0.000000000000000000e+00 6.225000000000000000e+01 2.361390374331550746e+01 2.360919656392117716e+01 2.823503377591428531e+01 0.000000000000000000e+00 2.572753906250000000e+01 4.037931034482758719e+01 3.607247081712062453e+01 5.074999999999997158e+01 3.522856527358896983e+01 0.000000000000000000e+00 0.000000000000000000e+00 7.899999999999998579e+01 0.000000000000000000e+00 6.749999999999994316e+01 0.000000000000000000e+00 6.449999999999994316e+01 6.412499999999995737e+01 7.400000000000004263e+01 5.691666666666662877e+01 0.000000000000000000e+00 7.812499999999997158e+01 5.324999999999994316e+01 4.383333333333330728e+01 3.161111111111111072e+01 3.725000000000000000e+01 0.000000000000000000e+00 0.000000000000000000e+00 0.000000000000000000e+00 0.000000000000000000e+00 0.000000000000000000e+00 0.000000000000000000e+00 0.000000000000000000e+00 0.000000000000000000e+00 0.000000000000000000e+00 6.600000000000004263e+01 0.000000000000000000e+00 0.000000000000000000e+00 9.600000000000000000e+01 0.000000000000000000e+00 0.000000000000000000e+00 0.000000000000000000e+00 0.000000000000000000e+00 0.000000000000000000e+00 4.878571428571422786e+01 5.481249999999997158e+01 4.799999999999995737e+01 0.000000000000000000e+00 4.950000000000001421e+01 7.599999999999997158e+01 5.549999999999997868e+01 0.000000000000000000e+00 5.824999999999998579e+01
0.000000000000000000e+00 0.000000000000000000e+00 0.000000000000000000e+00 0.000000000000000000e+00 7.049999999999992895e+01 7.749999999999995737e+01 0.000000000000000000e+00 0.000000000000000000e+00 6.650000000000001421e+01 5.977777777777775015e+01 5.163636363636362603e+01 1.164469026548672481e+01 8.138511601584607291e+00 9.051810136765888970e+00 3.677586206896551602e+01 4.874999999999998579e+01 3.636363636363633844e+01 9.552631578947368141e+00 2.229268292682927211e+01 0.000000000000000000e+00 0.000000000000000000e+00 0.000000000000000000e+00 0.000000000000000000e+00 0.000000000000000000e+00 0.000000000000000000e+00 0.000000000000000000e+00 0.000000000000000000e+00 0.000000000000000000e+00 1.056897130391005390e+01 3.825362318840579690e+01 5.650000000000000000e+01 1.904347826086956630e+01 1.348620689655172455e+01 0.000000000000000000e+00 5.800000000000000000e+01 0.000000000000000000e+00 0.000000000000000000e+00 3.087500000000000000e+01 4.045967741935483986e+01 4.324137931034483273e+01 0.000000000000000000e+00 3.275000000000000711e+01 0.000000000000000000e+00 4.484090909090909349e+01 0.000000000000000000e+00 4.478378378378378244e+01 0.000000000000000000e+00 0.000000000000000000e+00 0.000000000000000000e+00 0.000000000000000000e+00 0.000000000000000000e+00 0.000000000000000000e+00 0.000000000000000000e+00 0.000000000000000000e+00 0.000000000000000000e+00 0.000000000000000000e+00 0.000000000000000000e+00 0.000000000000000000e+00 0.000000000000000000e+00 4.199999999999995737e+01 0.000000000000000000e+00 1.150000000000001243e+01 0.000000000000000000e+00 0.000000000000000000e+00 0.000000000000000000e+00 0.000000000000000000e+00 0.000000000000000000e+00 0.000000000000000000e+00 0.000000000000000000e+00 0.000000000000000000e+00 0.000000000000000000e+00 0.000000000000000000e+00 0.000000000000000000e+00 0.000000000000000000e+00 0.000000000000000000e+00 0.000000000000000000e+00 0.000000000000000000e+00 0.000000000000000000e+00 0.000000000000000000e+00 0.000000000000000000e+00 0.000000000000000000e+00 1.129999999999999858e+02 0.000000000000000000e+00 0.000000000000000000e+00 0.000000000000000000e+00 0.000000000000000000e+00 0.000000000000000000e+00 0.000000000000000000e+00 0.000000000000000000e+00
0.000000000000000000e+00 0.000000000000000000e+00 0.000000000000000000e+00 0.000000000000000000e+00 3.247674418604650270e+01 1.942083333333332362e+01 3.109999999999997655e+01 3.451162790697672733e+01 2.064216216216215471e+01 3.274189985272457903e+01 2.751178781925343841e+01 3.634328358208954057e+01 2.566781807714450281e+01 3.677586206896551602e+01 1.491399390790180490e+01 4.655059523809521949e+01 3.655882352941174673e+01 2.581599999999999895e+01 2.424181818181817505e+01 1.496315789473683644e+01 3.142432432432431355e+01 4.131249999999997868e+01 2.425412541254124932e+01 2.250208333333332433e+01 2.156568627450980102e+01 2.164497756299619624e+01 2.337165281625114588e+01 2.897103128621088430e+01 2.590257434531735470e+01 2.581335898845519239e+01 4.568968531468529903e+01 3.177621974644640801e+01 3.154137931034482278e+01 5.042857142857140929e+01 5.420652173913043725e+01 5.549999999999997158e+01 4.391999999999998749e+01 2.108193668528863896e+01 8.284572169403627839e+00 1.876492537313432862e+01 0.000000000000000000e+00 1.870578602620087239e+01 1.311069340016708296e+01 1.447603626943005217e+01 2.580000000000000071e+01 1.962926829268292295e+01 0.000000000000000000e+00 5.949999999999992184e+01 6.849999999999992895e+01 0.000000000000000000e+00 5.199999999999999289e+01 0.000000000000000000e+00 6.524999999999997158e+01 0.000000000000000000e+00 5.149999999999996447e+01 5.899999999999998579e+01 0.000000000000000000e+00 8.674999999999997158e+01 0.000000000000000000e+00 3.949999999999995737e+01 2.949999999999998579e+01 3.045588235294116330e+01 0.000000000000000000e+00 0.000000000000000000e+00 0.000000000000000000e+00 0.000000000000000000e+00 0.000000000000000000e+00 0.000000000000000000e+00 5.849999999999999289e+01 0.000000000000000000e+00 0.000000000000000000e+00 5.999999999999997868e+01 5.124999999999997158e+01 5.274999999999998579e+01 0.000000000000000000e+00 3.374999999999997158e+01 0.000000000000000000e+00 0.000000000000000000e+00 0.000000000000000000e+00 0.000000000000000000e+00 3.349999999999996447e+01 5.400000000000000000e+01 0.000000000000000000e+00 0.000000000000000000e+00 3.149999999999997868e+01 3.284615384615381828e+01 0.000000000000000000e+00 2.349999999999996447e+01 0.000000000000000000e+00
0.000000000000000000e+00 0.000000000000000000e+00 0.000000000000000000e+00 2.600000000000000355e+01 1.466164658634537510e+01 1.949803536345775257e+01 2.719999999999999574e+01 1.919488817891373600e+01 3.413028764805414284e+01 2.497400379506640178e+01 3.851367781155013859e+01 2.347449470644849967e+01 5.066304347826084609e+01 4.874999999999998579e+01 4.655059523809521949e+01 7.029206625980815026e+00 1.258932384341636457e+01 3.831676136363633844e+01 5.251403061224485924e+01 0.000000000000000000e+00 8.825000000000000000e+01 0.000000000000000000e+00 0.000000000000000000e+00 0.000000000000000000e+00 9.449999999999995737e+01 7.974999999999998579e+01 0.000000000000000000e+00 8.096666666666664014e+01 6.539444444444441729e+01 6.139667896678964354e+01 7.730681818181817277e+01 6.939635316698654321e+01 5.877238805970146274e+01 7.666666666666667140e+01 9.231818181818181301e+01 7.049999999999994316e+01 8.649999999999997158e+01 1.478686567164178278e+01 2.321946902654865852e+01 4.427777777777776436e+01 0.000000000000000000e+00 5.587499999999997158e+01 7.562499999999995737e+01 6.818749999999998579e+01 9.988764044943811982e+00 5.367307692307690559e+01 0.000000000000000000e+00 1.739999999999998437e+01 2.686363636363633489e+01 0.000000000000000000e+00 2.649999999999995381e+01 3.770833333333329307e+01 3.399999999999997158e+01 4.743749999999997158e+01 3.254999999999996874e+01 5.533333333333331439e+01 0.000000000000000000e+00 3.049999999999996803e+01 1.381249999999998934e+01 1.587499999999999467e+01 3.676923076923075939e+01 4.466666666666665719e+01 0.000000000000000000e+00 0.000000000000000000e+00 0.000000000000000000e+00 0.000000000000000000e+00 0.000000000000000000e+00 0.000000000000000000e+00 0.000000000000000000e+00 0.000000000000000000e+00 0.000000000000000000e+00 8.249999999999997158e+01 0.000000000000000000e+00 7.399999999999998579e+01 6.699999999999997158e+01 5.299999999999995737e+01 0.000000000000000000e+00 0.000000000000000000e+00 0.000000000000000000e+00 0.000000000000000000e+00 2.163157894736840348e+01 3.163207547169808720e+01 6.149999999999994316e+01 0.000000000000000000e+00 0.000000000000000000e+00 0.000000000000000000e+00 5.599999999999992895e+01 1.949999999999997868e+01 0.000000000000000000e+00
0.000000000000000000e+00 0.000000000000000000e+00 0.000000000000000000e+00 0.000000000000000000e+00 2.881818181818180946e+01 3.176923076923075939e+01 0.000000000000000000e+00 1.970731707317072789e+01 2.820542635658913966e+01 2.285270049099835177e+01 2.467315175097275670e+01 1.918153183023871833e+01 3.631987577639750242e+01 3.636363636363633844e+01 3.655882352941174673e+01 1.258932384341636457e+01 8.789045151739447448e+00 1.985945663531869343e+01 4.071296296296294770e+01 0.000000000000000000e+00 8.475000000000000000e+01 0.000000000000000000e+00 0.000000000000000000e+00 0.000000000000000000e+00 8.249999999999994316e+01 7.033333333333330017e+01 6.149999999999999289e+01 7.187499999999998579e+01 5.156557377049178825e+01 5.522558139534881860e+01 6.868750000000000000e+01 6.107951070336389421e+01 4.617277486910992934e+01 0.000000000000000000e+00 8.212499999999998579e+01 6.999999999999995737e+01 7.937500000000000000e+01 2.020335429769391311e+01 2.471607142857142136e+01 3.239639639639639057e+01 0.000000000000000000e+00 3.449999999999999289e+01 7.479999999999999716e+01 4.332142857142854808e+01 4.928571428571427049e+01 4.078070175438595157e+01 2.699999999999997158e+01 3.089999999999998792e+01 3.509090909090905797e+01 0.000000000000000000e+00 2.558333333333331439e+01 3.089999999999995595e+01 3.176119402985070650e+01 3.275555555555553866e+01 2.964999999999998437e+01 4.974999999999996447e+01 4.450000000000000000e+01 4.349999999999997868e+01 1.852380952380952195e+01 1.299122807017543124e+01 2.024999999999998224e+01 3.564285714285713169e+01 0.000000000000000000e+00 0.000000000000000000e+00 0.000000000000000000e+00 0.000000000000000000e+00 0.000000000000000000e+00 0.000000000000000000e+00 0.000000000000000000e+00 0.000000000000000000e+00 0.000000000000000000e+00 0.000000000000000000e+00 4.649999999999997158e+01 6.329999999999999716e+01 6.699999999999995737e+01 5.059999999999998721e+01 0.000000000000000000e+00 0.000000000000000000e+00 0.000000000000000000e+00 0.000000000000000000e+00 2.178571428571426694e+01 3.086567164179103173e+01 4.099999999999997158e+01 0.000000000000000000e+00 0.000000000000000000e+00 0.000000000000000000e+00 4.725000000000001421e+01 3.238888888888888573e+01 4.100000000000000711e+01
