0.000000000000000000e+00 0.000000000000000000e+00 0.000000000000000000e+00 0.000000000000000000e+00 0.000000000000000000e+00 0.000000000000000000e+00 0.000000000000000000e+00 0.000000000000000000e+00 0.000000000000000000e+00 0.000000000000000000e+00 0.000000000000000000e+00 0.000000000000000000e+00 0.000000000000000000e+00 0.000000000000000000e+00 0.000000000000000000e+00 0.000000000000000000e+00 0.000000000000000000e+00 0.000000000000000000e+00 0.000000000000000000e+00 0.000000000000000000e+00 0.000000000000000000e+00 0.000000000000000000e+00 0.000000000000000000e+00 0.000000000000000000e+00 0.000000000000000000e+00 0.000000000000000000e+00 0.000000000000000000e+00 0.000000000000000000e+00 0.000000000000000000e+00 0.000000000000000000e+00 0.000000000000000000e+00 0.000000000000000000e+00 0.000000000000000000e+00 0.000000000000000000e+00 0.000000000000000000e+00 0.000000000000000000e+00 0.000000000000000000e+00 0.000000000000000000e+00 0.000000000000000000e+00 0.000000000000000000e+00 0.000000000000000000e+00 0.000000000000000000e+00 0.000000000000000000e+00 0.000000000000000000e+00 0.000000000000000000e+00 0.000000000000000000e+00 0.000000000000000000e+00 0.000000000000000000e+00 0.000000000000000000e+00 0.000000000000000000e+00 0.000000000000000000e+00 0.000000000000000000e+00 0.000000000000000000e+00 0.000000000000000000e+00 0.000000000000000000e+00 0.000000000000000000e+00 0.000000000000000000e+00 0.000000000000000000e+00 0.000000000000000000e+00 0.000000000000000000e+00 0.000000000000000000e+00 0.000000000000000000e+00 0.000000000000000000e+00 0.000000000000000000e+00 0.000000000000000000e+00 0.000000000000000000e+00 0.000000000000000000e+00 0.000000000000000000e+00 0.000000000000000000e+00 0.000000000000000000e+00 0.000000000000000000e+00 0.000000000000000000e+00 0.000000000000000000e+00 0.000000000000000000e+00 0.000000000000000000e+00 0.000000000000000000e+00 0.000000000000000000e+00 0.000000000000000000e+00 0.000000000000000000e+00 0.000000000000000000e+00 0.000000000000000000e+00 0.000000000000000000e+00 0.000000000000000000e+00 0.000000000000000000e+00 0.000000000000000000e+00 0.000000000000000000e+00 0.000000000000000000e+00 0.000000000000000000e+00 0.000000000000000000e+00
0.000000000000000000e+00 0.000000000000000000e+00 0.000000000000000000e+00 0.000000000000000000e+00 0.000000000000000000e+00 0.000000000000000000e+00 0.000000000000000000e+00 0.000000000000000000e+00 0.000000000000000000e+00 0.000000000000000000e+00 0.000000000000000000e+00 0.000000000000000000e+00 0.000000000000000000e+00 0.000000000000000000e+00 0.000000000000000000e+00 0.000000000000000000e+00 0.000000000000000000e+00 0.000000000000000000e+00 0.000000000000000000e+00 0.000000000000000000e+00 0.000000000000000000e+00 0.000000000000000000e+00 0.000000000000000000e+00 0.000000000000000000e+00 0.000000000000000000e+00 0.000000000000000000e+00 0.000000000000000000e+00 0.000000000000000000e+00 0.000000000000000000e+00 0.000000000000000000e+00 0.000000000000000000e+00 0.000000000000000000e+00 0.000000000000000000e+00 0.000000000000000000e+00 0.000000000000000000e+00 0.000000000000000000e+00 0.000000000000000000e+00 0.000000000000000000e+00 0.000000000000000000e+00 0.000000000000000000e+00 0.000000000000000000e+00 0.000000000000000000e+00 0.000000000000000000e+00 0.000000000000000000e+00 0.000000000000000000e+00 0.000000000000000000e+00 0.000000000000000000e+00 0.000000000000000000e+00 0.000000000000000000e+00 0.000000000000000000e+00 0.000000000000000000e+00 0.000000000000000000e+00 0.000000000000000000e+00 0.000000000000000000e+00 0.000000000000000000e+00 0.000000000000000000e+00 0.000000000000000000e+00 0.000000000000000000e+00 0.000000000000000000e+00 0.000000000000000000e+00 0.000000000000000000e+00 0.000000000000000000e+00 0.000000000000000000e+00 0.000000000000000000e+00 0.000000000000000000e+00 0.000000000000000000e+00 0.000000000000000000e+00 0.000000000000000000e+00 0.000000000000000000e+00 0.000000000000000000e+00 0.000000000000000000e+00 0.000000000000000000e+00 0.000000000000000000e+00 0.000000000000000000e+00 0.000000000000000000e+00 0.000000000000000000e+00 0.000000000000000000e+00 0.000000000000000000e+00 0.000000000000000000e+00 0.000000000000000000e+00 0.000000000000000000e+00 0.000000000000000000e+00 0.000000000000000000e+00 0.000000000000000000e+00 0.000000000000000000e+00 0.000000000000000000e+00 0.000000000000000000e+00 0.000000000000000000e+00 0.000000000000000000e+00
0.000000000000000000e+00 0.000000000000000000e+00 0.000000000000000000e+00 0.000000000000000000e+00 0.000000000000000000e+00 0.000000000000000000e+00 0.000000000000000000e+00 0.000000000000000000e+00 0.000000000000000000e+00 0.000000000000000000e+00 0.000000000000000000e+00 0.000000000000000000e+00 0.000000000000000000e+00 0.000000000000000000e+00 0.000000000000000000e+00 0.000000000000000000e+00 0.000000000000000000e+00 0.000000000000000000e+00 0.000000000000000000e+00 0.000000000000000000e+00 0.000000000000000000e+00 0.000000000000000000e+00 0.000000000000000000e+00 0.000000000000000000e+00 0.000000000000000000e+00 0.000000000000000000e+00 0.000000000000000000e+00 0.000000000000000000e+00 0.000000000000000000e+00 0.000000000000000000e+00 0.000000000000000000e+00 0.000000000000000000e+00 0.000000000000000000e+00 0.000000000000000000e+00 0.000000000000000000e+00 0.000000000000000000e+00 0.000000000000000000e+00 0.000000000000000000e+00 0.000000000000000000e+00 0.000000000000000000e+00 0.000000000000000000e+00 0.000000000000000000e+00 0.000000000000000000e+00 0.000000000000000000e+00 0.000000000000000000e+00 0.000000000000000000e+00 0.000000000000000000e+00 0.000000000000000000e+00 0.000000000000000000e+00 0.000000000000000000e+00 0.000000000000000000e+00 0.000000000000000000e+00 0.000000000000000000e+00 0.000000000000000000e+00 0.000000000000000000e+00 0.000000000000000000e+00 0.000000000000000000e+00 0.000000000000000000e+00 0.000000000000000000e+00 0.000000000000000000e+00 0.000000000000000000e+00 0.000000000000000000e+00 0.000000000000000000e+00 0.000000000000000000e+00 0.000000000000000000e+00 0.000000000000000000e+00 0.000000000000000000e+00 0.000000000000000000e+00 0.000000000000000000e+00 0.000000000000000000e+00 0.000000000000000000e+00 0.000000000000000000e+00 0.000000000000000000e+00 0.000000000000000000e+00 0.000000000000000000e+00 0.000000000000000000e+00 0.000000000000000000e+00 0.000000000000000000e+00 0.000000000000000000e+00 0.000000000000000000e+00 0.000000000000000000e+00 0.000000000000000000e+00 0.000000000000000000e+00 0.000000000000000000e+00 0.000000000000000000e+00 0.000000000000000000e+00 0.000000000000000000e+00 0.000000000000000000e+00 0.000000000000000000e+00
0.000000000000000000e+00 0.000000000000000000e+00 0.000000000000000000e+00 5.737562189054721706e+00 6.134049323786791241e+00 1.229138513513513153e+01 3.175000000000001066e+01 3.007142857142856229e+01 4.099999999999995026e+01 8.253030303030296722e+00 5.149999999999998579e+01 6.008398656215002909e+00 0.000000000000000000e+00 0.000000000000000000e+00 5.392857142857139507e+01 2.749999999999997158e+01 0.000000000000000000e+00 0.000000000000000000e+00 0.000000000000000000e+00 0.000000000000000000e+00 0.000000000000000000e+00 0.000000000000000000e+00 0.000000000000000000e+00 0.000000000000000000e+00 0.000000000000000000e+00 0.000000000000000000e+00 0.000000000000000000e+00 0.000000000000000000e+00 0.000000000000000000e+00 0.000000000000000000e+00 0.000000000000000000e+00 0.000000000000000000e+00 0.000000000000000000e+00 0.000000000000000000e+00 0.000000000000000000e+00 0.000000000000000000e+00 0.000000000000000000e+00 2.849999999999998934e+01 3.169018404907973263e+01 0.000000000000000000e+00 0.000000000000000000e+00 0.000000000000000000e+00 0.000000000000000000e+00 0.000000000000000000e+00 3.450000000000001421e+01 0.000000000000000000e+00 0.000000000000000000e+00 0.000000000000000000e+00 0.000000000000000000e+00 0.000000000000000000e+00 0.000000000000000000e+00 0.000000000000000000e+00 0.000000000000000000e+00 0.000000000000000000e+00 0.000000000000000000e+00 0.000000000000000000e+00 0.000000000000000000e+00 0.000000000000000000e+00 0.000000000000000000e+00 0.000000000000000000e+00 0.000000000000000000e+00 0.000000000000000000e+00 0.000000000000000000e+00 0.000000000000000000e+00 0.000000000000000000e+00 0.000000000000000000e+00 0.000000000000000000e+00 0.000000000000000000e+00 0.000000000000000000e+00 0.000000000000000000e+00 0.000000000000000000e+00 0.000000000000000000e+00 0.000000000000000000e+00 0.000000000000000000e+00 0.000000000000000000e+00 0.000000000000000000e+00 0.000000000000000000e+00 0.000000000000000000e+00 0.000000000000000000e+00 0.000000000000000000e+00 0.000000000000000000e+00 0.000000000000000000e+00 0.000000000000000000e+00 0.000000000000000000e+00 0.000000000000000000e+00 0.000000000000000000e+00 0.000000000000000000e+00 0.000000000000000000e+00 0.000000000000000000e+00
0.000000000000000000e+00 0.000000000000000000e+00 0.000000000000000000e+00 6.134049323786791241e+00 9.357778276145618079e+00 9.668530351437693682e+00 2.539772727272726272e+01 2.375337837837836474e+01 4.088983050847456013e+01 1.553588374851719145e+01 4.462149532710278521e+01 1.651935171746491804e+01 6.183333333333332149e+01 6.142857142857138797e+01 3.197714285714284799e+01 1.326299879081014765e+01 2.872395833333332504e+01 5.454687499999997158e+01 6.508333333333331439e+01 0.000000000000000000e+00 0.000000000000000000e+00 0.000000000000000000e+00 0.000000000000000000e+00 0.000000000000000000e+00 4.299999999999999289e+01 6.599999999999997158e+01 0.000000000000000000e+00 0.000000000000000000e+00 7.269999999999997442e+01 6.956249999999997158e+01 8.183333333333330017e+01 8.114285714285712459e+01 7.759374999999997158e+01 0.000000000000000000e+00 9.749999999999997158e+01 0.000000000000000000e+00 0.000000000000000000e+00 1.207117794486214812e+01 1.983772158498434379e+01 4.024999999999997868e+01 0.000000000000000000e+00 4.616666666666665009e+01 4.099999999999998579e+01 2.683333333333331083e+01 6.338996340825923781e+00 1.384146341463414309e+01 0.000000000000000000e+00 0.000000000000000000e+00 0.000000000000000000e+00 0.000000000000000000e+00 0.000000000000000000e+00 0.000000000000000000e+00 4.618181818181813725e+01 6.250000000000000000e+01 4.366666666666662877e+01 0.000000000000000000e+00 0.000000000000000000e+00 2.599999999999996803e+01 2.529999999999999005e+01 3.212499999999999289e+01 0.000000000000000000e+00 4.349999999999997158e+01 0.000000000000000000e+00 0.000000000000000000e+00 0.000000000000000000e+00 0.000000000000000000e+00 0.000000000000000000e+00 0.000000000000000000e+00 0.000000000000000000e+00 0.000000000000000000e+00 0.000000000000000000e+00 0.000000000000000000e+00 0.000000000000000000e+00 0.000000000000000000e+00 0.000000000000000000e+00 0.000000000000000000e+00 0.000000000000000000e+00 0.000000000000000000e+00 0.000000000000000000e+00 0.000000000000000000e+00 2.349999999999997158e+01 4.619999999999996732e+01 0.000000000000000000e+00 0.000000000000000000e+00 0.000000000000000000e+00 0.000000000000000000e+00 0.000000000000000000e+00 1.092857142857142172e+01 9.999999999999996447e+00
0.000000000000000000e+00 0.000000000000000000e+00 0.000000000000000000e+00 1.229138513513513153e+01 9.668530351437693682e+00 1.367916962532892633e+01 9.414310302434223843e+00 1.407417471819645094e+01 3.474573378839588855e+01 1.792267950963221779e+01 4.313084112149530824e+01 2.468645302257828433e+01 6.031372549019604179e+01 5.985714285714281147e+01 2.337906137184114286e+01 2.324181818181816794e+01 3.470499999999998408e+01 5.761627906976742253e+01 7.385227272727270531e+01 0.000000000000000000e+00 0.000000000000000000e+00 0.000000000000000000e+00 2.999999999999997158e+01 3.999999999999997158e+01 4.816666666666665009e+01 3.794117647058821774e+01 5.249999999999992895e+01 6.516666666666664298e+01 6.252941176470588402e+01 6.117391304347824388e+01 8.309999999999999432e+01 8.336111111111107164e+01 8.005263157894735571e+01 0.000000000000000000e+00 9.199999999999997158e+01 0.000000000000000000e+00 4.849999999999997868e+01 1.736409155937051807e+01 1.963752276867029778e+01 2.585955056179773592e+01 0.000000000000000000e+00 4.316666666666665719e+01 3.289999999999998437e+01 2.336470588235292922e+01 1.873210633946828807e+01 3.412499999999998579e+01 0.000000000000000000e+00 3.550000000000001421e+01 0.000000000000000000e+00 0.000000000000000000e+00 5.199999999999992895e+01 5.800000000000000711e+01 4.879999999999996874e+01 7.149999999999998579e+01 5.416666666666663588e+01 8.299999999999997158e+01 0.000000000000000000e+00 0.000000000000000000e+00 4.049999999999998579e+01 2.800000000000000000e+01 0.000000000000000000e+00 6.999999999999994316e+01 0.000000000000000000e+00 0.000000000000000000e+00 0.000000000000000000e+00 0.000000000000000000e+00 0.000000000000000000e+00 0.000000000000000000e+00 0.000000000000000000e+00 0.000000000000000000e+00 0.000000000000000000e+00 0.000000000000000000e+00 0.000000000000000000e+00 0.000000000000000000e+00 0.000000000000000000e+00 0.000000000000000000e+00 0.000000000000000000e+00 0.000000000000000000e+00 0.000000000000000000e+00 0.000000000000000000e+00 2.891666666666664298e+01 4.711111111111106453e+01 0.000000000000000000e+00 0.000000000000000000e+00 0.000000000000000000e+00 0.000000000000000000e+00 0.000000000000000000e+00 3.116666666666665719e+01 2.900000000000001421e+01
0.000000000000000000e+00 0.000000000000000000e+00 0.000000000000000000e+00 3.175000000000001066e+01 2.539772727272726272e+01 9.414310302434223843e+00 7.577696526508223229e+00 7.333891213389117425e+00 2.419230769230768630e+01 1.341163434903046614e+01 3.549999999999999289e+01 3.042857142857142350e+01 4.349999999999997158e+01 0.000000000000000000e+00 3.365999999999998238e+01 2.902631578947366719e+01 0.000000000000000000e+00 0.000000000000000000e+00 5.049999999999993605e+01 0.000000000000000000e+00 0.000000000000000000e+00 0.000000000000000000e+00 0.000000000000000000e+00 0.000000000000000000e+00 0.000000000000000000e+00 0.000000000000000000e+00 0.000000000000000000e+00 5.200000000000000000e+01 0.000000000000000000e+00 0.000000000000000000e+00 0.000000000000000000e+00 8.549999999999995737e+01 0.000000000000000000e+00 0.000000000000000000e+00 0.000000000000000000e+00 0.000000000000000000e+00 0.000000000000000000e+00 2.493478260869564167e+01 2.625888324873094604e+01 2.649999999999997158e+01 0.000000000000000000e+00 0.000000000000000000e+00 0.000000000000000000e+00 2.766666666666664653e+01 2.849999999999997868e+01 0.000000000000000000e+00 0.000000000000000000e+00 0.000000000000000000e+00 0.000000000000000000e+00 0.000000000000000000e+00 0.000000000000000000e+00 0.000000000000000000e+00 0.000000000000000000e+00 0.000000000000000000e+00 4.599999999999993605e+01 0.000000000000000000e+00 0.000000000000000000e+00 0.000000000000000000e+00 0.000000000000000000e+00 0.000000000000000000e+00 0.000000000000000000e+00 0.000000000000000000e+00 0.000000000000000000e+00 0.000000000000000000e+00 0.000000000000000000e+00 0.000000000000000000e+00 0.000000000000000000e+00 0.000000000000000000e+00 0.000000000000000000e+00 0.000000000000000000e+00 0.000000000000000000e+00 0.000000000000000000e+00 0.000000000000000000e+00 0.000000000000000000e+00 0.000000000000000000e+00 0.000000000000000000e+00 0.000000000000000000e+00 0.000000000000000000e+00 0.000000000000000000e+00 0.000000000000000000e+00 2.599999999999996447e+01 0.000000000000000000e+00 0.000000000000000000e+00 0.000000000000000000e+00 0.000000000000000000e+00 0.000000000000000000e+00 0.000000000000000000e+00 0.000000000000000000e+00 0.000000000000000000e+00
0.000000000000000000e+00 0.000000000000000000e+00 0.000000000000000000e+00 3.007142857142856229e+01 2.375337837837836474e+01 1.407417471819645094e+01 7.333891213389117425e+00 8.192936478222888397e+00 9.983081791626091217e+00 1.948278382329055702e+01 2.973043478260868611e+01 2.342676501580610449e+01 3.776635514018690287e+01 0.000000000000000000e+00 3.440324267782425238e+01 2.068042813455656415e+01 2.116249999999999787e+01 5.099999999999997158e+01 6.790624999999998579e+01 0.000000000000000000e+00 0.000000000000000000e+00 0.000000000000000000e+00 5.049999999999999289e+01 0.000000000000000000e+00 5.699999999999995026e+01 5.657142857142855519e+01 4.105555555555554292e+01 6.099999999999997868e+01 4.078148148148147101e+01 3.889097744360901032e+01 7.350000000000004263e+01 7.270833333333331439e+01 6.938888888888885731e+01 0.000000000000000000e+00 0.000000000000000000e+00 0.000000000000000000e+00 0.000000000000000000e+00 2.642063492063491381e+01 2.503193277310922582e+01 3.395833333333332149e+01 0.000000000000000000e+00 4.324999999999997158e+01 4.149999999999997158e+01 3.335714285714284699e+01 2.543181818181816567e+01 3.733333333333329307e+01 0.000000000000000000e+00 0.000000000000000000e+00 4.799999999999999289e+01 0.000000000000000000e+00 0.000000000000000000e+00 4.499999999999992895e+01 4.137499999999997158e+01 0.000000000000000000e+00 4.291666666666663588e+01 0.000000000000000000e+00 0.000000000000000000e+00 0.000000000000000000e+00 3.374999999999998579e+01 2.574999999999997868e+01 0.000000000000000000e+00 0.000000000000000000e+00 0.000000000000000000e+00 0.000000000000000000e+00 0.000000000000000000e+00 0.000000000000000000e+00 0.000000000000000000e+00 0.000000000000000000e+00 0.000000000000000000e+00 0.000000000000000000e+00 0.000000000000000000e+00 0.000000000000000000e+00 0.000000000000000000e+00 0.000000000000000000e+00 0.000000000000000000e+00 0.000000000000000000e+00 0.000000000000000000e+00 0.000000000000000000e+00 0.000000000000000000e+00 0.000000000000000000e+00 3.259999999999996589e+01 3.699999999999996447e+01 0.000000000000000000e+00 0.000000000000000000e+00 0.000000000000000000e+00 0.000000000000000000e+00 0.000000000000000000e+00 0.000000000000000000e+00 0.000000000000000000e+00
0.000000000000000000e+00 0.000000000000000000e+00 0.000000000000000000e+00 4.099999999999995026e+01 4.088983050847456013e+01 3.474573378839588855e+01 2.419230769230768630e+01 9.983081791626091217e+00 1.280226289911734838e+01 2.114199395770392087e+01 2.336461538461538368e+01 3.280153846153844910e+01 1.102638146167558020e+01 5.724999999999997158e+01 2.057095527332964480e+01 3.065391304347825496e+01 2.618428571428570351e+01 4.511363636363634555e+01 6.262499999999999289e+01 0.000000000000000000e+00 5.749999999999998579e+01 0.000000000000000000e+00 0.000000000000000000e+00 0.000000000000000000e+00 0.000000000000000000e+00 3.666666666666666430e+01 2.671874999999999289e+01 5.049999999999996447e+01 2.086639344262294671e+01 2.292462121212120607e+01 6.816666666666667140e+01 6.364673913043478137e+01 6.267307692307691269e+01 5.850000000000001421e+01 5.950000000000000000e+01 0.000000000000000000e+00 5.766666666666666430e+01 2.059958720330236659e+01 2.150311850311849682e+01 2.406325301204818956e+01 0.000000000000000000e+00 3.699999999999997868e+01 5.750000000000001421e+01 3.037499999999999645e+01 3.849999999999998579e+01 2.932589285714285765e+01 0.000000000000000000e+00 0.000000000000000000e+00 6.649999999999994316e+01 0.000000000000000000e+00 5.016666666666662877e+01 4.894999999999995310e+01 5.121874999999997158e+01 6.062499999999997158e+01 4.427941176470585560e+01 0.000000000000000000e+00 0.000000000000000000e+00 0.000000000000000000e+00 3.983333333333332149e+01 2.971874999999999289e+01 6.149999999999994316e+01 0.000000000000000000e+00 0.000000000000000000e+00 0.000000000000000000e+00 0.000000000000000000e+00 0.000000000000000000e+00 0.000000000000000000e+00 0.000000000000000000e+00 0.000000000000000000e+00 0.000000000000000000e+00 0.000000000000000000e+00 0.000000000000000000e+00 0.000000000000000000e+00 0.000000000000000000e+00 9.599999999999995737e+01 0.000000000000000000e+00 0.000000000000000000e+00 0.000000000000000000e+00 0.000000000000000000e+00 0.000000000000000000e+00 5.435714285714281147e+01 5.124999999999995737e+01 0.000000000000000000e+00 0.000000000000000000e+00 0.000000000000000000e+00 0.000000000000000000e+00 0.000000000000000000e+00 0.000000000000000000e+00 8.400000000000004263e+01
0.000000000000000000e+00 0.000000000000000000e+00 0.000000000000000000e+00 8.253030303030296722e+00 1.553588374851719145e+01 1.792267950963221779e+01 1.341163434903046614e+01 1.948278382329055702e+01 2.114199395770392087e+01 1.359706762739509500e+01 1.940474333983105026e+01 1.617920105645426787e+01 4.323780487804876316e+01 4.709420289855071218e+01 3.601547842401499366e+01 2.392772384034519106e+01 2.451602262016963607e+01 4.531137724550897161e+01 6.288514548238894974e+01 0.000000000000000000e+00 8.049999999999995737e+01 0.000000000000000000e+00 0.000000000000000000e+00 0.000000000000000000e+00 8.760000000000002274e+01 7.246428571428569398e+01 4.958333333333331439e+01 7.119999999999998863e+01 5.362827225130887854e+01 5.220026178010468954e+01 7.052061855670100954e+01 6.698111919927204383e+01 6.339408528198072190e+01 7.385714285714286120e+01 7.596153846153843858e+01 0.000000000000000000e+00 1.035000000000000000e+02 2.560928512736234808e+01 2.849305732484074838e+01 4.006185567010307835e+01 0.000000000000000000e+00 4.186999999999999034e+01 6.079999999999997584e+01 4.857499999999998863e+01 3.160144927536229886e+01 4.505660377358490365e+01 0.000000000000000000e+00 5.233333333333330728e+01 5.349999999999995737e+01 0.000000000000000000e+00 5.124999999999994316e+01 4.888888888888886441e+01 4.813157894736838216e+01 6.837499999999998579e+01 4.510377358490562472e+01 8.149999999999997158e+01 0.000000000000000000e+00 4.499999999999991473e+01 3.130357142857140929e+01 3.148113207547168457e+01 5.199999999999997158e+01 7.235714285714283278e+01 0.000000000000000000e+00 0.000000000000000000e+00 0.000000000000000000e+00 0.000000000000000000e+00 0.000000000000000000e+00 0.000000000000000000e+00 0.000000000000000000e+00 0.000000000000000000e+00 0.000000000000000000e+00 0.000000000000000000e+00 0.000000000000000000e+00 0.000000000000000000e+00 1.013333333333333144e+02 8.199999999999998579e+01 0.000000000000000000e+00 0.000000000000000000e+00 0.000000000000000000e+00 0.000000000000000000e+00 3.733333333333329307e+01 4.965517241379307478e+01 5.049999999999998579e+01 0.000000000000000000e+00 6.899999999999995737e+01 0.000000000000000000e+00 0.000000000000000000e+00 4.574999999999995737e+01 0.000000000000000000e+00
0.000000000000000000e+00 0.000000000000000000e+00 0.000000000000000000e+00 5.149999999999998579e+01 4.462149532710278521e+01 4.313084112149530824e+01 3.549999999999999289e+01 2.973043478260868611e+01 2.336461538461538368e+01 1.940474333983105026e+01 1.356364202657807283e+01 2.377721245760098512e+01 1.659947903745968745e+01 4.155769230769230660e+01 2.276329966329966226e+01 3.756197478991595062e+01 2.348238255033556499e+01 2.693119999999999337e+01 4.930381944444444287e+01 0.000000000000000000e+00 5.636111111111111427e+01 0.000000000000000000e+00 5.450000000000000711e+01 8.099999999999997158e+01 5.360000000000000853e+01 5.524137931034482563e+01 5.478571428571427759e+01 5.836842105263156810e+01 3.207321899736147941e+01 3.046478296478296599e+01 4.936170212765957643e+01 4.596872103799814369e+01 4.645957962813258035e+01 5.157894736842105488e+01 5.995512820512820440e+01 5.725000000000001421e+01 5.455952380952381020e+01 1.914935897435896806e+01 2.849468576709795897e+01 2.826552795031055965e+01 0.000000000000000000e+00 2.913380281690140805e+01 5.573076923076921929e+01 3.217021276595743728e+01 5.064285714285711038e+01 3.413260869565217348e+01 0.000000000000000000e+00 7.149999999999998579e+01 0.000000000000000000e+00 0.000000000000000000e+00 7.199999999999991473e+01 5.399999999999997158e+01 5.866666666666662877e+01 5.169047619047616848e+01 4.689285714285712459e+01 5.716666666666660745e+01 0.000000000000000000e+00 0.000000000000000000e+00 4.509999999999995168e+01 3.266666666666665719e+01 3.086666666666666359e+01 6.469999999999998863e+01 0.000000000000000000e+00 0.000000000000000000e+00 0.000000000000000000e+00 0.000000000000000000e+00 0.000000000000000000e+00 0.000000000000000000e+00 0.000000000000000000e+00 0.000000000000000000e+00 0.000000000000000000e+00 8.900000000000001421e+01 0.000000000000000000e+00 9.999999999999997158e+01 7.299999999999997158e+01 6.249999999999998579e+01 0.000000000000000000e+00 0.000000000000000000e+00 0.000000000000000000e+00 0.000000000000000000e+00 5.012499999999998579e+01 5.959999999999998010e+01 5.299999999999997868e+01 0.000000000000000000e+00 0.000000000000000000e+00 0.000000000000000000e+00 4.899999999999997868e+01 0.000000000000000000e+00 7.299999999999994316e+01
0.000000000000000000e+00 0.000000000000000000e+00 0.000000000000000000e+00 6.008398656215002909e+00 1.651935171746491804e+01 2.468645302257828433e+01 3.042857142857142350e+01 2.342676501580610449e+01 3.280153846153844910e+01 1.617920105645426787e+01 2.377721245760098512e+01 1.663305484568507708e+01 2.294147191471914837e+01 1.570433255269320760e+01 3.466249999999999432e+01 2.165683814303637789e+01 1.958647012371676155e+01 2.384313099041533235e+01 4.169294517637059272e+01 0.000000000000000000e+00 7.625000000000000000e+01 6.250000000000004263e+01 0.000000000000000000e+00 1.034999999999999858e+02 6.029999999999999005e+01 6.353999999999999915e+01 5.037499999999998579e+01 6.472222222222222854e+01 3.651121076233183516e+01 4.604967948717948900e+01 5.889516129032258362e+01 5.123384895359417612e+01 4.895108695652174191e+01 6.120000000000000284e+01 7.145000000000000284e+01 0.000000000000000000e+00 6.529166666666667140e+01 2.846928460342144973e+01 3.147339318240956985e+01 3.516299999999999670e+01 0.000000000000000000e+00 3.519398907103825280e+01 6.300000000000000711e+01 4.052127659574468765e+01 3.431249999999998579e+01 4.234105960264900403e+01 0.000000000000000000e+00 4.875000000000000000e+01 3.899999999999998579e+01 0.000000000000000000e+00 4.659999999999994458e+01 4.830555555555551450e+01 4.570588235294115265e+01 4.789473684210523174e+01 1.844522471910110895e+01 3.839999999999999858e+01 1.507142857142857828e+01 6.033333333333328596e+01 3.110294117647057632e+01 2.863983050847456013e+01 3.015517241379309610e+01 4.507499999999998863e+01 0.000000000000000000e+00 0.000000000000000000e+00 0.000000000000000000e+00 0.000000000000000000e+00 0.000000000000000000e+00 0.000000000000000000e+00 0.000000000000000000e+00 0.000000000000000000e+00 0.000000000000000000e+00 0.000000000000000000e+00 0.000000000000000000e+00 8.749999999999998579e+01 9.166666666666662877e+01 6.281249999999997158e+01 0.000000000000000000e+00 0.000000000000000000e+00 0.000000000000000000e+00 0.000000000000000000e+00 3.617647058823525441e+01 4.499999999999998579e+01 5.933333333333331439e+01 0.000000000000000000e+00 5.733333333333331439e+01 0.000000000000000000e+00 0.000000000000000000e+00 4.849999999999999289e+01 0.000000000000000000e+00
0.000000000000000000e+00 0.000000000000000000e+00 0.000000000000000000e+00 0.000000000000000000e+00 6.183333333333332149e+01 6.031372549019604179e+01 4.349999999999997158e+01 3.776635514018690287e+01 1.102638146167558020e+01 4.323780487804876316e+01 1.659947903745968745e+01 2.294147191471914837e+01 1.356785849035665947e+01 8.284668389319554294e+00 2.410063176895306825e+01 5.198404255319147182e+01 3.792857142857142350e+01 2.221283255086072117e+01 3.521011904761905242e+01 8.149999999999997158e+01 5.804411764705882604e+01 5.004999999999999716e+01 4.400000000000002132e+01 8.233333333333331439e+01 4.894444444444444287e+01 1.810628742514970213e+01 3.332142857142856940e+01 4.857999999999999829e+01 1.857548667390759434e+01 2.823467756262213513e+01 4.384955752212389513e+01 3.540672750424447912e+01 3.497062888735315767e+01 4.773214285714285410e+01 6.012179487179486870e+01 5.975000000000000000e+01 5.582142857142856940e+01 2.496801619433198738e+01 2.682361896476729868e+01 2.981049414161997646e+01 0.000000000000000000e+00 2.851618122977346914e+01 5.445588235294116686e+01 3.611872146118721361e+01 0.000000000000000000e+00 3.685125858123569742e+01 0.000000000000000000e+00 8.600000000000000000e+01 0.000000000000000000e+00 0.000000000000000000e+00 0.000000000000000000e+00 0.000000000000000000e+00 6.249999999999998579e+01 9.849999999999998579e+01 5.454999999999997584e+01 7.224999999999997158e+01 0.000000000000000000e+00 6.400000000000002842e+01 0.000000000000000000e+00 4.187499999999998579e+01 3.920454545454544615e+01 3.799999999999998579e+01 0.000000000000000000e+00 0.000000000000000000e+00 0.000000000000000000e+00 0.000000000000000000e+00 0.000000000000000000e+00 0.000000000000000000e+00 0.000000000000000000e+00 5.849999999999999289e+01 0.000000000000000000e+00 0.000000000000000000e+00 6.224999999999996447e+01 0.000000000000000000e+00 8.199999999999998579e+01 5.350000000000000000e+01 0.000000000000000000e+00 0.000000000000000000e+00 0.000000000000000000e+00 0.000000000000000000e+00 0.000000000000000000e+00 6.249999999999998579e+01 0.000000000000000000e+00 0.000000000000000000e+00 4.174999999999999289e+01 5.049999999999997868e+01 6.049999999999997868e+01 7.350000000000004263e+01 0.000000000000000000e+00
0.000000000000000000e+00 0.000000000000000000e+00 0.000000000000000000e+00 0.000000000000000000e+00 6.142857142857138797e+01 5.985714285714281147e+01 0.000000000000000000e+00 0.000000000000000000e+00 5.724999999999997158e+01 4.709420289855071218e+01 4.155769230769230660e+01 1.570433255269320760e+01 8.284668389319554294e+00 1.030830039525691788e+01 3.081132075471698073e+01 4.790789473684208133e+01 3.956410256410254789e+01 1.131000000000000050e+01 2.728985507246377296e+01 0.000000000000000000e+00 0.000000000000000000e+00 0.000000000000000000e+00 0.000000000000000000e+00 0.000000000000000000e+00 0.000000000000000000e+00 4.200000000000001421e+01 3.399999999999999289e+01 4.649999999999996447e+01 1.119031141868512336e+01 3.235365853658536395e+01 3.511111111111111427e+01 1.530491329479768758e+01 1.566279069767441889e+01 0.000000000000000000e+00 5.950000000000002842e+01 0.000000000000000000e+00 6.100000000000000711e+01 2.793750000000000000e+01 3.430994152046783086e+01 3.003448275862068684e+01 0.000000000000000000e+00 3.716666666666667140e+01 0.000000000000000000e+00 5.299999999999999289e+01 0.000000000000000000e+00 5.829999999999999716e+01 0.000000000000000000e+00 0.000000000000000000e+00 0.000000000000000000e+00 0.000000000000000000e+00 0.000000000000000000e+00 0.000000000000000000e+00 0.000000000000000000e+00 0.000000000000000000e+00 3.666666666666663588e+01 0.000000000000000000e+00 0.000000000000000000e+00 0.000000000000000000e+00 0.000000000000000000e+00 4.449999999999998579e+01 0.000000000000000000e+00 0.000000000000000000e+00 0.000000000000000000e+00 0.000000000000000000e+00 0.000000000000000000e+00 0.000000000000000000e+00 0.000000000000000000e+00 0.000000000000000000e+00 0.000000000000000000e+00 0.000000000000000000e+00 0.000000000000000000e+00 0.000000000000000000e+00 0.000000000000000000e+00 0.000000000000000000e+00 0.000000000000000000e+00 0.000000000000000000e+00 0.000000000000000000e+00 0.000000000000000000e+00 0.000000000000000000e+00 0.000000000000000000e+00 0.000000000000000000e+00 0.000000000000000000e+00 0.000000000000000000e+00 0.000000000000000000e+00 0.000000000000000000e+00 0.000000000000000000e+00 0.000000000000000000e+00 0.000000000000000000e+00 0.000000000000000000e+00
0.000000000000000000e+00 0.000000000000000000e+00 0.000000000000000000e+00 5.392857142857139507e+01 3.197714285714284799e+01 2.337906137184114286e+01 3.365999999999998238e+01 3.440324267782425238e+01 2.057095527332964480e+01 3.601547842401499366e+01 2.276329966329966226e+01 3.466249999999999432e+01 2.410063176895306825e+01 3.081132075471698073e+01 1.054573677791329089e+01 3.412538699690401245e+01 2.905928853754939212e+01 2.427383592017738323e+01 2.548169014084506756e+01 1.255223880597014841e+01 3.079104477611939572e+01 2.599999999999999289e+01 2.384251968503937036e+01 1.436210526315789160e+01 2.172677595628415048e+01 1.896469665271966676e+01 1.490588235294117680e+01 2.714444444444443860e+01 2.056504065040650531e+01 2.241487455197132661e+01 3.467591623036648940e+01 2.922753659767793977e+01 3.097988904299583979e+01 4.704545454545454675e+01 4.137698412698412653e+01 4.110000000000000142e+01 3.433999999999998920e+01 2.233143322475569903e+01 8.576751740139206603e+00 1.877411167512690326e+01 0.000000000000000000e+00 1.793711656441717395e+01 1.306272949816401763e+01 1.135093167701863592e+01 2.911764705882351478e+01 2.016633466135458264e+01 0.000000000000000000e+00 0.000000000000000000e+00 0.000000000000000000e+00 0.000000000000000000e+00 0.000000000000000000e+00 5.083333333333329307e+01 5.672222222222220012e+01 5.233333333333333570e+01 4.819999999999997442e+01 6.164285714285712459e+01 0.000000000000000000e+00 4.442307692307690559e+01 5.679999999999995453e+01 4.177777777777774304e+01 5.171428571428570109e+01 3.138461538461536549e+01 0.000000000000000000e+00 0.000000000000000000e+00 3.899999999999995026e+01 5.700000000000001421e+01 0.000000000000000000e+00 0.000000000000000000e+00 5.549999999999997868e+01 4.359999999999997300e+01 4.849999999999996447e+01 7.000000000000000000e+01 4.543333333333330870e+01 7.524999999999991473e+01 5.724999999999999289e+01 3.716666666666663588e+01 0.000000000000000000e+00 0.000000000000000000e+00 0.000000000000000000e+00 3.599999999999997158e+01 4.869999999999996732e+01 5.132499999999998863e+01 5.183333333333331439e+01 0.000000000000000000e+00 3.205405405405404196e+01 3.404999999999998295e+01 0.000000000000000000e+00 0.000000000000000000e+00 0.000000000000000000e+00
0.000000000000000000e+00 0.000000000000000000e+00 0.000000000000000000e+00 2.749999999999997158e+01 1.326299879081014765e+01 2.324181818181816794e+01 2.902631578947366719e+01 2.068042813455656415e+01 3.065391304347825496e+01 2.392772384034519106e+01 3.756197478991595062e+01 2.165683814303637789e+01 5.198404255319147182e+01 4.790789473684208133e+01 3.412538699690401245e+01 7.222077244258868767e+00 1.121404440154439719e+01 3.618831168831167133e+01 5.304374999999997442e+01 0.000000000000000000e+00 0.000000000000000000e+00 0.000000000000000000e+00 0.000000000000000000e+00 0.000000000000000000e+00 7.200000000000001421e+01 7.649999999999998579e+01 8.012500000000001421e+01 8.316666666666664298e+01 6.784523809523807358e+01 6.523333333333330586e+01 7.620833333333331439e+01 7.319196428571424917e+01 6.224876847290637727e+01 0.000000000000000000e+00 9.000000000000001421e+01 0.000000000000000000e+00 0.000000000000000000e+00 1.332574568288852923e+01 2.420755662457404611e+01 4.082089552238804231e+01 0.000000000000000000e+00 4.936956521739128334e+01 6.824999999999994316e+01 5.149999999999999289e+01 9.443109987357765078e+00 4.667647058823526862e+01 0.000000000000000000e+00 2.199999999999998224e+01 4.329999999999996163e+01 4.099999999999997868e+01 3.387499999999994316e+01 4.039999999999994884e+01 3.480405405405402064e+01 5.174999999999997158e+01 3.615131578947366364e+01 5.878571428571425628e+01 0.000000000000000000e+00 1.229999999999999716e+02 1.946590909090907928e+01 1.935882352941175100e+01 3.470833333333332149e+01 5.443478260869563456e+01 0.000000000000000000e+00 0.000000000000000000e+00 0.000000000000000000e+00 0.000000000000000000e+00 0.000000000000000000e+00 0.000000000000000000e+00 0.000000000000000000e+00 0.000000000000000000e+00 0.000000000000000000e+00 0.000000000000000000e+00 5.724999999999995737e+01 0.000000000000000000e+00 6.374999999999998579e+01 5.774999999999997158e+01 0.000000000000000000e+00 0.000000000000000000e+00 0.000000000000000000e+00 0.000000000000000000e+00 2.938888888888887152e+01 3.602272727272724495e+01 4.274999999999998579e+01 0.000000000000000000e+00 0.000000000000000000e+00 0.000000000000000000e+00 0.000000000000000000e+00 1.409999999999998899e+01 6.249999999999998579e+01
0.000000000000000000e+00 0.000000000000000000e+00 0.000000000000000000e+00 0.000000000000000000e+00 2.872395833333332504e+01 3.470499999999998408e+01 0.000000000000000000e+00 2.116249999999999787e+01 2.618428571428570351e+01 2.451602262016963607e+01 2.348238255033556499e+01 1.958647012371676155e+01 3.792857142857142350e+01 3.956410256410254789e+01 2.905928853754939212e+01 1.121404440154439719e+01 9.532285471537802479e+00 1.972263681592038864e+01 4.071999999999998465e+01 0.000000000000000000e+00 0.000000000000000000e+00 0.000000000000000000e+00 8.899999999999998579e+01 0.000000000000000000e+00 0.000000000000000000e+00 6.941666666666665719e+01 7.699999999999995737e+01 6.520000000000000284e+01 5.447674418604650981e+01 5.647777777777777430e+01 6.586111111111111427e+01 6.331142857142856428e+01 5.035648148148146674e+01 0.000000000000000000e+00 6.850000000000002842e+01 0.000000000000000000e+00 5.924999999999995737e+01 2.313348416289591825e+01 2.626275679257785711e+01 3.411764705882351478e+01 0.000000000000000000e+00 3.577272727272726627e+01 6.733333333333332860e+01 5.120833333333329307e+01 3.687500000000000000e+01 4.047916666666665719e+01 0.000000000000000000e+00 2.750000000000001066e+01 3.833333333333331439e+01 0.000000000000000000e+00 3.187499999999997868e+01 3.046969696969692976e+01 2.983333333333330373e+01 3.464583333333330728e+01 2.966814159292033537e+01 4.504545454545453254e+01 2.399999999999997513e+01 0.000000000000000000e+00 1.959999999999999432e+01 1.508602150537633513e+01 2.264545454545453751e+01 4.008333333333332860e+01 0.000000000000000000e+00 0.000000000000000000e+00 0.000000000000000000e+00 0.000000000000000000e+00 0.000000000000000000e+00 0.000000000000000000e+00 0.000000000000000000e+00 0.000000000000000000e+00 0.000000000000000000e+00 4.649999999999997158e+01 4.712499999999995737e+01 7.149999999999998579e+01 6.642857142857140218e+01 5.569999999999998863e+01 0.000000000000000000e+00 0.000000000000000000e+00 0.000000000000000000e+00 0.000000000000000000e+00 2.371052631578945125e+01 3.381481481481480955e+01 3.429999999999999005e+01 0.000000000000000000e+00 3.600000000000000711e+01 0.000000000000000000e+00 0.000000000000000000e+00 3.299999999999997868e+01 4.749999999999997158e+01
