0.000000000000000000e+00 0.000000000000000000e+00 0.000000000000000000e+00 0.000000000000000000e+00 0.000000000000000000e+00 0.000000000000000000e+00 0.000000000000000000e+00 0.000000000000000000e+00 0.000000000000000000e+00 0.000000000000000000e+00 0.000000000000000000e+00 0.000000000000000000e+00 0.000000000000000000e+00 0.000000000000000000e+00 0.000000000000000000e+00 0.000000000000000000e+00 0.000000000000000000e+00 0.000000000000000000e+00 0.000000000000000000e+00 0.000000000000000000e+00 0.000000000000000000e+00 0.000000000000000000e+00 0.000000000000000000e+00 0.000000000000000000e+00 0.000000000000000000e+00 0.000000000000000000e+00 0.000000000000000000e+00 0.000000000000000000e+00 0.000000000000000000e+00 0.000000000000000000e+00 0.000000000000000000e+00 0.000000000000000000e+00 0.000000000000000000e+00 0.000000000000000000e+00 0.000000000000000000e+00 0.000000000000000000e+00 0.000000000000000000e+00 0.000000000000000000e+00 0.000000000000000000e+00 0.000000000000000000e+00 0.000000000000000000e+00 0.000000000000000000e+00 0.000000000000000000e+00 0.000000000000000000e+00 0.000000000000000000e+00 0.000000000000000000e+00 0.000000000000000000e+00 0.000000000000000000e+00 0.000000000000000000e+00 0.000000000000000000e+00 0.000000000000000000e+00 0.000000000000000000e+00 0.000000000000000000e+00 0.000000000000000000e+00 0.000000000000000000e+00 0.000000000000000000e+00 0.000000000000000000e+00 0.000000000000000000e+00 0.000000000000000000e+00 0.000000000000000000e+00 0.000000000000000000e+00 0.000000000000000000e+00 0.000000000000000000e+00 0.000000000000000000e+00 0.000000000000000000e+00 0.000000000000000000e+00 0.000000000000000000e+00 0.000000000000000000e+00 0.000000000000000000e+00 0.000000000000000000e+00 0.000000000000000000e+00 0.000000000000000000e+00 0.000000000000000000e+00 0.000000000000000000e+00 0.000000000000000000e+00 0.000000000000000000e+00 0.000000000000000000e+00 0.000000000000000000e+00 0.000000000000000000e+00 0.000000000000000000e+00 0.000000000000000000e+00 0.000000000000000000e+00 0.000000000000000000e+00 0.000000000000000000e+00 0.000000000000000000e+00 0.000000000000000000e+00 0.000000000000000000e+00 0.000000000000000000e+00 0.000000000000000000e+00
0.000000000000000000e+00 0.000000000000000000e+00 0.000000000000000000e+00 0.000000000000000000e+00 0.000000000000000000e+00 0.000000000000000000e+00 0.000000000000000000e+00 0.000000000000000000e+00 0.000000000000000000e+00 0.000000000000000000e+00 0.000000000000000000e+00 0.000000000000000000e+00 0.000000000000000000e+00 0.000000000000000000e+00 0.000000000000000000e+00 0.000000000000000000e+00 0.000000000000000000e+00 0.000000000000000000e+00 0.000000000000000000e+00 0.000000000000000000e+00 0.000000000000000000e+00 0.000000000000000000e+00 0.000000000000000000e+00 0.000000000000000000e+00 0.000000000000000000e+00 0.000000000000000000e+00 0.000000000000000000e+00 0.000000000000000000e+00 0.000000000000000000e+00 0.000000000000000000e+00 0.000000000000000000e+00 0.000000000000000000e+00 0.000000000000000000e+00 0.000000000000000000e+00 0.000000000000000000e+00 0.000000000000000000e+00 0.000000000000000000e+00 0.000000000000000000e+00 0.000000000000000000e+00 0.000000000000000000e+00 0.000000000000000000e+00 0.000000000000000000e+00 0.000000000000000000e+00 0.000000000000000000e+00 0.000000000000000000e+00 0.000000000000000000e+00 0.000000000000000000e+00 0.000000000000000000e+00 0.000000000000000000e+00 0.000000000000000000e+00 0.000000000000000000e+00 0.000000000000000000e+00 0.000000000000000000e+00 0.000000000000000000e+00 0.000000000000000000e+00 0.000000000000000000e+00 0.000000000000000000e+00 0.000000000000000000e+00 0.000000000000000000e+00 0.000000000000000000e+00 0.000000000000000000e+00 0.000000000000000000e+00 0.000000000000000000e+00 0.000000000000000000e+00 0.000000000000000000e+00 0.000000000000000000e+00 0.000000000000000000e+00 0.000000000000000000e+00 0.000000000000000000e+00 0.000000000000000000e+00 0.000000000000000000e+00 0.000000000000000000e+00 0.000000000000000000e+00 0.000000000000000000e+00 0.000000000000000000e+00 0.000000000000000000e+00 0.000000000000000000e+00 0.000000000000000000e+00 0.000000000000000000e+00 0.000000000000000000e+00 0.000000000000000000e+00 0.000000000000000000e+00 0.000000000000000000e+00 0.000000000000000000e+00 0.000000000000000000e+00 0.000000000000000000e+00 0.000000000000000000e+00 0.000000000000000000e+00 0.000000000000000000e+00
0.000000000000000000e+00 0.000000000000000000e+00 0.000000000000000000e+00 0.000000000000000000e+00 0.000000000000000000e+00 0.000000000000000000e+00 0.000000000000000000e+00 0.000000000000000000e+00 0.000000000000000000e+00 0.000000000000000000e+00 0.000000000000000000e+00 0.000000000000000000e+00 0.000000000000000000e+00 0.000000000000000000e+00 0.000000000000000000e+00 0.000000000000000000e+00 0.000000000000000000e+00 0.000000000000000000e+00 0.000000000000000000e+00 0.000000000000000000e+00 0.000000000000000000e+00 0.000000000000000000e+00 0.000000000000000000e+00 0.000000000000000000e+00 0.000000000000000000e+00 0.000000000000000000e+00 0.000000000000000000e+00 0.000000000000000000e+00 0.000000000000000000e+00 0.000000000000000000e+00 0.000000000000000000e+00 0.000000000000000000e+00 0.000000000000000000e+00 0.000000000000000000e+00 0.000000000000000000e+00 0.000000000000000000e+00 0.000000000000000000e+00 0.000000000000000000e+00 0.000000000000000000e+00 0.000000000000000000e+00 0.000000000000000000e+00 0.000000000000000000e+00 0.000000000000000000e+00 0.000000000000000000e+00 0.000000000000000000e+00 0.000000000000000000e+00 0.000000000000000000e+00 0.000000000000000000e+00 0.000000000000000000e+00 0.000000000000000000e+00 0.000000000000000000e+00 0.000000000000000000e+00 0.000000000000000000e+00 0.000000000000000000e+00 0.000000000000000000e+00 0.000000000000000000e+00 0.000000000000000000e+00 0.000000000000000000e+00 0.000000000000000000e+00 0.000000000000000000e+00 0.000000000000000000e+00 0.000000000000000000e+00 0.000000000000000000e+00 0.000000000000000000e+00 0.000000000000000000e+00 0.000000000000000000e+00 0.000000000000000000e+00 0.000000000000000000e+00 0.000000000000000000e+00 0.000000000000000000e+00 0.000000000000000000e+00 0.000000000000000000e+00 0.000000000000000000e+00 0.000000000000000000e+00 0.000000000000000000e+00 0.000000000000000000e+00 0.000000000000000000e+00 0.000000000000000000e+00 0.000000000000000000e+00 0.000000000000000000e+00 0.000000000000000000e+00 0.000000000000000000e+00 0.000000000000000000e+00 0.000000000000000000e+00 0.000000000000000000e+00 0.000000000000000000e+00 0.000000000000000000e+00 0.000000000000000000e+00 0.000000000000000000e+00
0.000000000000000000e+00 0.000000000000000000e+00 0.000000000000000000e+00 4.181148748159055017e+00 6.636334196891189308e+00 1.258315256688358197e+01 2.696428571428570109e+01 2.943076923076921503e+01 4.961111111111107874e+01 1.064578313253011643e+01 5.099999999999996447e+01 6.788767395626239320e+00 8.300000000000000000e+01 0.000000000000000000e+00 4.772222222222219301e+01 1.788888888888887863e+01 0.000000000000000000e+00 0.000000000000000000e+00 0.000000000000000000e+00 0.000000000000000000e+00 0.000000000000000000e+00 0.000000000000000000e+00 0.000000000000000000e+00 0.000000000000000000e+00 0.000000000000000000e+00 0.000000000000000000e+00 0.000000000000000000e+00 0.000000000000000000e+00 0.000000000000000000e+00 6.224999999999997158e+01 0.000000000000000000e+00 0.000000000000000000e+00 8.049999999999995737e+01 0.000000000000000000e+00 0.000000000000000000e+00 0.000000000000000000e+00 0.000000000000000000e+00 2.856249999999998579e+01 3.163396226415092372e+01 4.799999999999990763e+01 0.000000000000000000e+00 0.000000000000000000e+00 0.000000000000000000e+00 0.000000000000000000e+00 3.574999999999997868e+01 0.000000000000000000e+00 0.000000000000000000e+00 0.000000000000000000e+00 0.000000000000000000e+00 0.000000000000000000e+00 0.000000000000000000e+00 0.000000000000000000e+00 0.000000000000000000e+00 0.000000000000000000e+00 0.000000000000000000e+00 0.000000000000000000e+00 0.000000000000000000e+00 0.000000000000000000e+00 0.000000000000000000e+00 0.000000000000000000e+00 0.000000000000000000e+00 0.000000000000000000e+00 0.000000000000000000e+00 0.000000000000000000e+00 0.000000000000000000e+00 0.000000000000000000e+00 0.000000000000000000e+00 0.000000000000000000e+00 0.000000000000000000e+00 0.000000000000000000e+00 0.000000000000000000e+00 0.000000000000000000e+00 0.000000000000000000e+00 0.000000000000000000e+00 0.000000000000000000e+00 0.000000000000000000e+00 0.000000000000000000e+00 0.000000000000000000e+00 0.000000000000000000e+00 0.000000000000000000e+00 0.000000000000000000e+00 0.000000000000000000e+00 0.000000000000000000e+00 0.000000000000000000e+00 0.000000000000000000e+00 0.000000000000000000e+00 0.000000000000000000e+00 0.000000000000000000e+00 0.000000000000000000e+00
0.000000000000000000e+00 0.000000000000000000e+00 0.000000000000000000e+00 6.636334196891189308e+00 9.318863122171942237e+00 9.173414855072460128e+00 2.090624999999999289e+01 2.184999999999999076e+01 3.851694915254235951e+01 1.250750163078929766e+01 4.175714285714285268e+01 1.343788410886742568e+01 5.924999999999997868e+01 6.292857142857139507e+01 3.235123966942147433e+01 1.457984144960361839e+01 3.021739130434781728e+01 4.899999999999996447e+01 7.699999999999998579e+01 0.000000000000000000e+00 0.000000000000000000e+00 0.000000000000000000e+00 0.000000000000000000e+00 0.000000000000000000e+00 4.899999999999996447e+01 3.749999999999998579e+01 0.000000000000000000e+00 0.000000000000000000e+00 5.633333333333330728e+01 5.584999999999998721e+01 0.000000000000000000e+00 8.339999999999997726e+01 7.466666666666664298e+01 0.000000000000000000e+00 0.000000000000000000e+00 0.000000000000000000e+00 0.000000000000000000e+00 1.138670449939197127e+01 2.186466062104972252e+01 4.922727272727268399e+01 0.000000000000000000e+00 6.449999999999997158e+01 5.299999999999998579e+01 2.687499999999999645e+01 5.149028801071666273e+00 2.254545454545453609e+01 0.000000000000000000e+00 0.000000000000000000e+00 0.000000000000000000e+00 0.000000000000000000e+00 0.000000000000000000e+00 0.000000000000000000e+00 5.149999999999999289e+01 0.000000000000000000e+00 0.000000000000000000e+00 0.000000000000000000e+00 0.000000000000000000e+00 0.000000000000000000e+00 2.674999999999998224e+01 0.000000000000000000e+00 0.000000000000000000e+00 0.000000000000000000e+00 0.000000000000000000e+00 0.000000000000000000e+00 0.000000000000000000e+00 0.000000000000000000e+00 0.000000000000000000e+00 0.000000000000000000e+00 0.000000000000000000e+00 0.000000000000000000e+00 0.000000000000000000e+00 0.000000000000000000e+00 0.000000000000000000e+00 0.000000000000000000e+00 0.000000000000000000e+00 0.000000000000000000e+00 0.000000000000000000e+00 0.000000000000000000e+00 0.000000000000000000e+00 0.000000000000000000e+00 2.199999999999997158e+01 3.699999999999995026e+01 0.000000000000000000e+00 0.000000000000000000e+00 0.000000000000000000e+00 0.000000000000000000e+00 0.000000000000000000e+00 0.000000000000000000e+00 0.000000000000000000e+00
0.000000000000000000e+00 0.000000000000000000e+00 0.000000000000000000e+00 1.258315256688358197e+01 9.173414855072460128e+00 1.466857508908195129e+01 9.890962962962959182e+00 1.471663125362178270e+01 2.985999999999998877e+01 1.562655950095968649e+01 3.975935828877004496e+01 2.267022727272726357e+01 4.710714285714283278e+01 7.450000000000000000e+01 2.860178571428570038e+01 2.132473544973543866e+01 4.235999999999999233e+01 5.607142857142854808e+01 7.954999999999996874e+01 0.000000000000000000e+00 9.349999999999998579e+01 0.000000000000000000e+00 0.000000000000000000e+00 2.499999999999998224e+01 0.000000000000000000e+00 3.450000000000000711e+01 6.499999999999998579e+01 0.000000000000000000e+00 6.194444444444442155e+01 5.325454545454542199e+01 8.699999999999994316e+01 8.738235294117644969e+01 8.255555555555554292e+01 0.000000000000000000e+00 8.100000000000002842e+01 0.000000000000000000e+00 0.000000000000000000e+00 1.625512715340442327e+01 1.977538071065988490e+01 2.576041666666664653e+01 0.000000000000000000e+00 4.274999999999999289e+01 2.807692307692307310e+01 2.246071428571428186e+01 1.473270440251571678e+01 3.399999999999998579e+01 0.000000000000000000e+00 2.700000000000000711e+01 0.000000000000000000e+00 0.000000000000000000e+00 0.000000000000000000e+00 0.000000000000000000e+00 0.000000000000000000e+00 0.000000000000000000e+00 0.000000000000000000e+00 0.000000000000000000e+00 0.000000000000000000e+00 0.000000000000000000e+00 3.349999999999997868e+01 0.000000000000000000e+00 0.000000000000000000e+00 0.000000000000000000e+00 0.000000000000000000e+00 0.000000000000000000e+00 0.000000000000000000e+00 0.000000000000000000e+00 0.000000000000000000e+00 0.000000000000000000e+00 0.000000000000000000e+00 0.000000000000000000e+00 0.000000000000000000e+00 0.000000000000000000e+00 0.000000000000000000e+00 0.000000000000000000e+00 0.000000000000000000e+00 0.000000000000000000e+00 0.000000000000000000e+00 0.000000000000000000e+00 0.000000000000000000e+00 0.000000000000000000e+00 4.333333333333332149e+01 4.749999999999997868e+01 0.000000000000000000e+00 0.000000000000000000e+00 0.000000000000000000e+00 0.000000000000000000e+00 0.000000000000000000e+00 1.149999999999997513e+01 0.000000000000000000e+00
0.000000000000000000e+00 0.000000000000000000e+00 0.000000000000000000e+00 2.696428571428570109e+01 2.090624999999999289e+01 9.890962962962959182e+00 7.469196246430025887e+00 7.585032113934651932e+00 2.200952380952379528e+01 1.128342563291138845e+01 4.419999999999998153e+01 2.980357142857141284e+01 3.309999999999998721e+01 0.000000000000000000e+00 4.303333333333331012e+01 3.114285714285711393e+01 1.394999999999999716e+02 0.000000000000000000e+00 7.849999999999995737e+01 0.000000000000000000e+00 0.000000000000000000e+00 0.000000000000000000e+00 0.000000000000000000e+00 0.000000000000000000e+00 7.649999999999994316e+01 0.000000000000000000e+00 0.000000000000000000e+00 0.000000000000000000e+00 3.999999999999993605e+01 4.512068965517239860e+01 0.000000000000000000e+00 0.000000000000000000e+00 0.000000000000000000e+00 0.000000000000000000e+00 0.000000000000000000e+00 0.000000000000000000e+00 0.000000000000000000e+00 2.687499999999998579e+01 3.158333333333331083e+01 3.250000000000000000e+01 0.000000000000000000e+00 0.000000000000000000e+00 0.000000000000000000e+00 2.350000000000001066e+01 3.150000000000000000e+01 0.000000000000000000e+00 0.000000000000000000e+00 0.000000000000000000e+00 0.000000000000000000e+00 0.000000000000000000e+00 0.000000000000000000e+00 0.000000000000000000e+00 0.000000000000000000e+00 0.000000000000000000e+00 0.000000000000000000e+00 0.000000000000000000e+00 0.000000000000000000e+00 0.000000000000000000e+00 0.000000000000000000e+00 0.000000000000000000e+00 0.000000000000000000e+00 0.000000000000000000e+00 0.000000000000000000e+00 0.000000000000000000e+00 0.000000000000000000e+00 0.000000000000000000e+00 0.000000000000000000e+00 0.000000000000000000e+00 0.000000000000000000e+00 0.000000000000000000e+00 0.000000000000000000e+00 0.000000000000000000e+00 0.000000000000000000e+00 0.000000000000000000e+00 0.000000000000000000e+00 0.000000000000000000e+00 0.000000000000000000e+00 0.000000000000000000e+00 0.000000000000000000e+00 0.000000000000000000e+00 0.000000000000000000e+00 0.000000000000000000e+00 0.000000000000000000e+00 0.000000000000000000e+00 0.000000000000000000e+00 0.000000000000000000e+00 0.000000000000000000e+00 0.000000000000000000e+00 0.000000000000000000e+00
0.000000000000000000e+00 0.000000000000000000e+00 0.000000000000000000e+00 2.943076923076921503e+01 2.184999999999999076e+01 1.471663125362178270e+01 7.585032113934651932e+00 8.632844687170639020e+00 1.039466546112115353e+01 1.972667744543248958e+01 3.610156249999997868e+01 2.263492597577387855e+01 2.838571428571427546e+01 5.850000000000002132e+01 3.512634408602148284e+01 2.058937823834196479e+01 2.521428571428568688e+01 0.000000000000000000e+00 7.222727272727269110e+01 0.000000000000000000e+00 0.000000000000000000e+00 1.019999999999999574e+02 0.000000000000000000e+00 0.000000000000000000e+00 0.000000000000000000e+00 0.000000000000000000e+00 4.224999999999997158e+01 0.000000000000000000e+00 3.770731707317070658e+01 3.649217687074828120e+01 0.000000000000000000e+00 7.816666666666667140e+01 8.808333333333330017e+01 0.000000000000000000e+00 0.000000000000000000e+00 0.000000000000000000e+00 6.250000000000000711e+01 3.052439024390242750e+01 3.416063348416287937e+01 3.215624999999999289e+01 0.000000000000000000e+00 3.949999999999998579e+01 0.000000000000000000e+00 3.312499999999999289e+01 3.316666666666665009e+01 4.283333333333333570e+01 0.000000000000000000e+00 0.000000000000000000e+00 0.000000000000000000e+00 0.000000000000000000e+00 0.000000000000000000e+00 0.000000000000000000e+00 0.000000000000000000e+00 0.000000000000000000e+00 0.000000000000000000e+00 0.000000000000000000e+00 0.000000000000000000e+00 0.000000000000000000e+00 3.149999999999996092e+01 0.000000000000000000e+00 0.000000000000000000e+00 0.000000000000000000e+00 0.000000000000000000e+00 0.000000000000000000e+00 0.000000000000000000e+00 0.000000000000000000e+00 0.000000000000000000e+00 0.000000000000000000e+00 0.000000000000000000e+00 0.000000000000000000e+00 0.000000000000000000e+00 0.000000000000000000e+00 0.000000000000000000e+00 0.000000000000000000e+00 0.000000000000000000e+00 0.000000000000000000e+00 0.000000000000000000e+00 0.000000000000000000e+00 0.000000000000000000e+00 0.000000000000000000e+00 0.000000000000000000e+00 4.325000000000001421e+01 0.000000000000000000e+00 0.000000000000000000e+00 0.000000000000000000e+00 0.000000000000000000e+00 0.000000000000000000e+00 0.000000000000000000e+00 0.000000000000000000e+00
0.000000000000000000e+00 0.000000000000000000e+00 0.000000000000000000e+00 4.961111111111107874e+01 3.851694915254235951e+01 2.985999999999998877e+01 2.200952380952379528e+01 1.039466546112115353e+01 1.234822223744605019e+01 2.019863538791780755e+01 2.174134790528232841e+01 2.836999603646451362e+01 9.301427644386761173e+00 5.979999999999997584e+01 2.082930845225026673e+01 3.233292978208231716e+01 2.513636363636362958e+01 6.495833333333332860e+01 5.895833333333331439e+01 0.000000000000000000e+00 0.000000000000000000e+00 0.000000000000000000e+00 0.000000000000000000e+00 0.000000000000000000e+00 0.000000000000000000e+00 3.725000000000000711e+01 2.592857142857141639e+01 3.649999999999997868e+01 2.067622950819671246e+01 2.468591905564922939e+01 6.524999999999995737e+01 6.645161290322579362e+01 6.560937500000000000e+01 0.000000000000000000e+00 0.000000000000000000e+00 0.000000000000000000e+00 7.424999999999995737e+01 2.176063100137174189e+01 1.901437908496731666e+01 2.573595505617977608e+01 0.000000000000000000e+00 3.321428571428570109e+01 0.000000000000000000e+00 3.185714285714285054e+01 3.075000000000000000e+01 3.174450549450549275e+01 0.000000000000000000e+00 0.000000000000000000e+00 0.000000000000000000e+00 0.000000000000000000e+00 0.000000000000000000e+00 4.099999999999995026e+01 5.199999999999995737e+01 4.899999999999995026e+01 0.000000000000000000e+00 0.000000000000000000e+00 0.000000000000000000e+00 0.000000000000000000e+00 0.000000000000000000e+00 2.399999999999996447e+01 0.000000000000000000e+00 0.000000000000000000e+00 0.000000000000000000e+00 0.000000000000000000e+00 0.000000000000000000e+00 0.000000000000000000e+00 0.000000000000000000e+00 0.000000000000000000e+00 0.000000000000000000e+00 0.000000000000000000e+00 0.000000000000000000e+00 0.000000000000000000e+00 0.000000000000000000e+00 0.000000000000000000e+00 0.000000000000000000e+00 0.000000000000000000e+00 0.000000000000000000e+00 0.000000000000000000e+00 0.000000000000000000e+00 0.000000000000000000e+00 0.000000000000000000e+00 0.000000000000000000e+00 0.000000000000000000e+00 0.000000000000000000e+00 0.000000000000000000e+00 0.000000000000000000e+00 0.000000000000000000e+00 0.000000000000000000e+00 0.000000000000000000e+00
0.000000000000000000e+00 0.000000000000000000e+00 0.000000000000000000e+00 1.064578313253011643e+01 1.250750163078929766e+01 1.562655950095968649e+01 1.128342563291138845e+01 1.972667744543248958e+01 2.019863538791780755e+01 1.288966609049642109e+01 1.478656216709785021e+01 1.594536852221482270e+01 3.998157894736841200e+01 5.248837209302323714e+01 3.075596053713344702e+01 2.909003051881992263e+01 3.061111111111110006e+01 6.673809523809522659e+01 6.782839506172837218e+01 0.000000000000000000e+00 7.449999999999997158e+01 8.649999999999997158e+01 9.149999999999998579e+01 5.549999999999992895e+01 6.499999999999997158e+01 6.656249999999997158e+01 5.284615384615381828e+01 8.409999999999998010e+01 4.789084507042252170e+01 4.456146445750933793e+01 6.611111111111110006e+01 7.290730337078649370e+01 6.510542168674697905e+01 6.849999999999997158e+01 8.238888888888888573e+01 0.000000000000000000e+00 6.883333333333331439e+01 2.168386491557221873e+01 2.770969405293913468e+01 3.836274509803920552e+01 0.000000000000000000e+00 4.817857142857142350e+01 8.411538461538459899e+01 4.321874999999998579e+01 3.225999999999998380e+01 4.301704545454544615e+01 0.000000000000000000e+00 0.000000000000000000e+00 0.000000000000000000e+00 0.000000000000000000e+00 0.000000000000000000e+00 0.000000000000000000e+00 5.516666666666663588e+01 5.499999999999996447e+01 4.249999999999995026e+01 0.000000000000000000e+00 0.000000000000000000e+00 0.000000000000000000e+00 2.874999999999997868e+01 2.719999999999998153e+01 3.899999999999995737e+01 0.000000000000000000e+00 0.000000000000000000e+00 0.000000000000000000e+00 0.000000000000000000e+00 0.000000000000000000e+00 0.000000000000000000e+00 0.000000000000000000e+00 0.000000000000000000e+00 0.000000000000000000e+00 0.000000000000000000e+00 1.194999999999999858e+02 0.000000000000000000e+00 0.000000000000000000e+00 0.000000000000000000e+00 6.799999999999997158e+01 0.000000000000000000e+00 0.000000000000000000e+00 0.000000000000000000e+00 0.000000000000000000e+00 3.633333333333329307e+01 4.409999999999995168e+01 0.000000000000000000e+00 0.000000000000000000e+00 8.899999999999995737e+01 0.000000000000000000e+00 0.000000000000000000e+00 0.000000000000000000e+00 0.000000000000000000e+00
0.000000000000000000e+00 0.000000000000000000e+00 0.000000000000000000e+00 5.099999999999996447e+01 4.175714285714285268e+01 3.975935828877004496e+01 4.419999999999998153e+01 3.610156249999997868e+01 2.174134790528232841e+01 1.478656216709785021e+01 1.284586807562123312e+01 2.279826399281652272e+01 1.291368209255533195e+01 4.510714285714284699e+01 2.610036496350365098e+01 6.551361867704277131e+01 3.453405017921146936e+01 4.777586206896551602e+01 5.070199501246882789e+01 0.000000000000000000e+00 6.319696969696969546e+01 5.399999999999998579e+01 7.039999999999999147e+01 7.575000000000000000e+01 6.278571428571427759e+01 5.390384615384613909e+01 4.162500000000000000e+01 5.583333333333334281e+01 2.670043731778425666e+01 2.823599174974217973e+01 5.466260162601626149e+01 5.536914600550964138e+01 4.822748447204968869e+01 5.379411764705882604e+01 6.499145299145298793e+01 5.600000000000000711e+01 5.318683274021352503e+01 2.047553017944535014e+01 2.337944393801276277e+01 2.735256410256410220e+01 0.000000000000000000e+00 2.776851851851851904e+01 5.867857142857142350e+01 3.734259259259259522e+01 2.674999999999998934e+01 3.689949748743718771e+01 0.000000000000000000e+00 0.000000000000000000e+00 0.000000000000000000e+00 0.000000000000000000e+00 0.000000000000000000e+00 4.749999999999993605e+01 0.000000000000000000e+00 5.174999999999997158e+01 5.149999999999995737e+01 5.049999999999997868e+01 0.000000000000000000e+00 8.499999999999997158e+01 0.000000000000000000e+00 3.874999999999996447e+01 6.083333333333333570e+01 6.024999999999998579e+01 0.000000000000000000e+00 0.000000000000000000e+00 0.000000000000000000e+00 0.000000000000000000e+00 0.000000000000000000e+00 0.000000000000000000e+00 0.000000000000000000e+00 0.000000000000000000e+00 0.000000000000000000e+00 0.000000000000000000e+00 5.799999999999997158e+01 0.000000000000000000e+00 0.000000000000000000e+00 0.000000000000000000e+00 0.000000000000000000e+00 0.000000000000000000e+00 0.000000000000000000e+00 0.000000000000000000e+00 0.000000000000000000e+00 5.249999999999997868e+01 0.000000000000000000e+00 0.000000000000000000e+00 0.000000000000000000e+00 0.000000000000000000e+00 0.000000000000000000e+00 0.000000000000000000e+00 0.000000000000000000e+00
0.000000000000000000e+00 0.000000000000000000e+00 0.000000000000000000e+00 6.788767395626239320e+00 1.343788410886742568e+01 2.267022727272726357e+01 2.980357142857141284e+01 2.263492597577387855e+01 2.836999603646451362e+01 1.594536852221482270e+01 2.279826399281652272e+01 1.579416834106253376e+01 2.556029619181946799e+01 1.889755381604696183e+01 3.215699964196203808e+01 2.280575815738962575e+01 1.854925053533190038e+01 2.636908177905307582e+01 4.801464435146442611e+01 0.000000000000000000e+00 7.462500000000000000e+01 7.224999999999997158e+01 8.624999999999997158e+01 0.000000000000000000e+00 5.407142857142856940e+01 5.571495327102803685e+01 5.640909090909090651e+01 5.812903225806451957e+01 3.539665911664778974e+01 4.393308823529411455e+01 5.468750000000000000e+01 4.459152421652421339e+01 4.327831827658095420e+01 6.419999999999998863e+01 7.954166666666665719e+01 0.000000000000000000e+00 6.891891891891891930e+01 2.664539748953974296e+01 2.921372478386166449e+01 3.390633608815426925e+01 0.000000000000000000e+00 3.287752161383285454e+01 5.791176470588235503e+01 4.092741935483871174e+01 3.502173913043477427e+01 4.294915254237287883e+01 0.000000000000000000e+00 4.975000000000000000e+01 4.499999999999993605e+01 0.000000000000000000e+00 0.000000000000000000e+00 0.000000000000000000e+00 5.074999999999996447e+01 4.450000000000000000e+01 5.083333333333331261e+00 5.199999999999998579e+01 1.607142857142857295e+01 6.949999999999997158e+01 2.884999999999997300e+01 3.330769230769229239e+01 2.659999999999999432e+01 4.800000000000000000e+01 0.000000000000000000e+00 0.000000000000000000e+00 0.000000000000000000e+00 0.000000000000000000e+00 0.000000000000000000e+00 0.000000000000000000e+00 0.000000000000000000e+00 0.000000000000000000e+00 0.000000000000000000e+00 0.000000000000000000e+00 0.000000000000000000e+00 0.000000000000000000e+00 0.000000000000000000e+00 4.724999999999997868e+01 0.000000000000000000e+00 0.000000000000000000e+00 0.000000000000000000e+00 0.000000000000000000e+00 4.350000000000000000e+01 4.538888888888884310e+01 0.000000000000000000e+00 0.000000000000000000e+00 5.199999999999999289e+01 6.250000000000002842e+01 0.000000000000000000e+00 0.000000000000000000e+00 0.000000000000000000e+00
0.000000000000000000e+00 0.000000000000000000e+00 0.000000000000000000e+00 8.300000000000000000e+01 5.924999999999997868e+01 4.710714285714283278e+01 3.309999999999998721e+01 2.838571428571427546e+01 9.301427644386761173e+00 3.998157894736841200e+01 1.291368209255533195e+01 2.556029619181946799e+01 1.349361158432708763e+01 8.194491412298656741e+00 2.352266445550027640e+01 6.664705882352939170e+01 4.925438596491226662e+01 2.069646365422396883e+01 3.644835680751174323e+01 5.850000000000001421e+01 5.695161290322580783e+01 5.599999999999999289e+01 5.299999999999998579e+01 0.000000000000000000e+00 5.034210526315789025e+01 2.338888888888888928e+01 3.621428571428570109e+01 4.655769230769230660e+01 1.836081237590999748e+01 2.559078495286759036e+01 4.207486631016043077e+01 2.938355167394468737e+01 2.943065693430657959e+01 4.703333333333333144e+01 6.006666666666666998e+01 5.449999999999998579e+01 4.972368421052631504e+01 2.466552901023890954e+01 2.399272212675629845e+01 2.869188503803889034e+01 0.000000000000000000e+00 2.800000000000000711e+01 4.295270270270270174e+01 3.670000000000000284e+01 0.000000000000000000e+00 3.697840531561461574e+01 0.000000000000000000e+00 0.000000000000000000e+00 0.000000000000000000e+00 0.000000000000000000e+00 0.000000000000000000e+00 0.000000000000000000e+00 0.000000000000000000e+00 7.725000000000000000e+01 4.899999999999997868e+01 8.325000000000000000e+01 0.000000000000000000e+00 6.799999999999997158e+01 0.000000000000000000e+00 4.749999999999997868e+01 4.950000000000000711e+01 4.083333333333332149e+01 0.000000000000000000e+00 0.000000000000000000e+00 0.000000000000000000e+00 0.000000000000000000e+00 0.000000000000000000e+00 0.000000000000000000e+00 6.775000000000000000e+01 0.000000000000000000e+00 0.000000000000000000e+00 0.000000000000000000e+00 6.358333333333331439e+01 0.000000000000000000e+00 0.000000000000000000e+00 3.250000000000001421e+01 0.000000000000000000e+00 0.000000000000000000e+00 0.000000000000000000e+00 0.000000000000000000e+00 0.000000000000000000e+00 6.000000000000000000e+01 0.000000000000000000e+00 0.000000000000000000e+00 4.437499999999997158e+01 5.562499999999997158e+01 0.000000000000000000e+00 0.000000000000000000e+00 0.000000000000000000e+00
0.000000000000000000e+00 0.000000000000000000e+00 0.000000000000000000e+00 0.000000000000000000e+00 6.292857142857139507e+01 7.450000000000000000e+01 0.000000000000000000e+00 5.850000000000002132e+01 5.979999999999997584e+01 5.248837209302323714e+01 4.510714285714284699e+01 1.889755381604696183e+01 8.194491412298656741e+00 1.104245796540462088e+01 3.351744186046511942e+01 4.948809523809521949e+01 4.181666666666664156e+01 9.214814814814815236e+00 2.666964285714285765e+01 0.000000000000000000e+00 6.299999999999999289e+01 0.000000000000000000e+00 0.000000000000000000e+00 0.000000000000000000e+00 5.699999999999996447e+01 3.784090909090909349e+01 3.749999999999998579e+01 3.200000000000000000e+01 1.024065138721351076e+01 2.766371681415929373e+01 2.771428571428570464e+01 1.729857512953367760e+01 1.644062500000000071e+01 0.000000000000000000e+00 0.000000000000000000e+00 0.000000000000000000e+00 5.150000000000000000e+01 3.308333333333333570e+01 3.397630331753554600e+01 3.338000000000000256e+01 0.000000000000000000e+00 3.625000000000001421e+01 3.885714285714283989e+01 3.383333333333331439e+01 0.000000000000000000e+00 3.600000000000001421e+01 0.000000000000000000e+00 0.000000000000000000e+00 0.000000000000000000e+00 0.000000000000000000e+00 0.000000000000000000e+00 0.000000000000000000e+00 0.000000000000000000e+00 0.000000000000000000e+00 1.650000000000000000e+01 0.000000000000000000e+00 0.000000000000000000e+00 0.000000000000000000e+00 0.000000000000000000e+00 4.299999999999997868e+01 0.000000000000000000e+00 0.000000000000000000e+00 0.000000000000000000e+00 0.000000000000000000e+00 0.000000000000000000e+00 0.000000000000000000e+00 0.000000000000000000e+00 0.000000000000000000e+00 0.000000000000000000e+00 0.000000000000000000e+00 0.000000000000000000e+00 0.000000000000000000e+00 0.000000000000000000e+00 0.000000000000000000e+00 0.000000000000000000e+00 0.000000000000000000e+00 0.000000000000000000e+00 0.000000000000000000e+00 0.000000000000000000e+00 0.000000000000000000e+00 0.000000000000000000e+00 0.000000000000000000e+00 0.000000000000000000e+00 0.000000000000000000e+00 0.000000000000000000e+00 0.000000000000000000e+00 0.000000000000000000e+00 0.000000000000000000e+00 0.000000000000000000e+00
0.000000000000000000e+00 0.000000000000000000e+00 0.000000000000000000e+00 4.772222222222219301e+01 3.235123966942147433e+01 2.860178571428570038e+01 4.303333333333331012e+01 3.512634408602148284e+01 2.082930845225026673e+01 3.075596053713344702e+01 2.610036496350365098e+01 3.215699964196203808e+01 2.352266445550027640e+01 3.351744186046511942e+01 1.097613065326633119e+01 3.624141630901286248e+01 3.452254098360653956e+01 2.467446808510638334e+01 3.310783200908058888e+01 1.201724137931034520e+01 2.274144486692014766e+01 2.537499999999999289e+01 1.990925266903914448e+01 1.505708661417322425e+01 2.050906002265005412e+01 2.059062369192130504e+01 1.773318713450291995e+01 2.987146892655366770e+01 2.333731766612642033e+01 2.482274544646823244e+01 4.352701505757305966e+01 3.448513302034428563e+01 3.599740708729471805e+01 4.877777777777777146e+01 4.885028248587569522e+01 5.099999999999997868e+01 5.121604938271603658e+01 2.825822784810126009e+01 8.325310400976997371e+00 2.269135802469135754e+01 0.000000000000000000e+00 2.398935361216729589e+01 1.242159383033419040e+01 1.146275752773375700e+01 3.742857142857140929e+01 2.277497371188222886e+01 0.000000000000000000e+00 0.000000000000000000e+00 6.199999999999996447e+01 0.000000000000000000e+00 0.000000000000000000e+00 6.699999999999992895e+01 6.474999999999995737e+01 5.924999999999998579e+01 0.000000000000000000e+00 7.564285714285713880e+01 0.000000000000000000e+00 5.574999999999998579e+01 4.199999999999999289e+01 5.799999999999997868e+01 3.050000000000000355e+01 3.633823529411762365e+01 0.000000000000000000e+00 0.000000000000000000e+00 0.000000000000000000e+00 0.000000000000000000e+00 0.000000000000000000e+00 0.000000000000000000e+00 5.320454545454543194e+01 4.849999999999997868e+01 5.424999999999996447e+01 0.000000000000000000e+00 5.179487179487177428e+01 6.149999999999999289e+01 0.000000000000000000e+00 3.784374999999998579e+01 0.000000000000000000e+00 0.000000000000000000e+00 0.000000000000000000e+00 0.000000000000000000e+00 3.850000000000000000e+01 5.231818181818179880e+01 6.024999999999999289e+01 0.000000000000000000e+00 3.480263157894735571e+01 3.960869565217389976e+01 0.000000000000000000e+00 0.000000000000000000e+00 4.449999999999997158e+01
0.000000000000000000e+00 0.000000000000000000e+00 0.000000000000000000e+00 1.788888888888887863e+01 1.457984144960361839e+01 2.132473544973543866e+01 3.114285714285711393e+01 2.058937823834196479e+01 3.233292978208231716e+01 2.909003051881992263e+01 6.551361867704277131e+01 2.280575815738962575e+01 6.664705882352939170e+01 4.948809523809521949e+01 3.624141630901286248e+01 7.191827228456486587e+00 1.085172723194257216e+01 3.882055464926587263e+01 5.315581395348834093e+01 0.000000000000000000e+00 9.600000000000000000e+01 7.499999999999995737e+01 5.124999999999994316e+01 0.000000000000000000e+00 9.099999999999998579e+01 8.115441176470585560e+01 6.926666666666663730e+01 7.841428571428568262e+01 7.080882352941173963e+01 7.108333333333330017e+01 7.838311688311685543e+01 7.056756756756753646e+01 5.719097744360897906e+01 0.000000000000000000e+00 8.999999999999997158e+01 7.899999999999998579e+01 9.012499999999997158e+01 1.496179883945840672e+01 2.558405776780704954e+01 4.835714285714283278e+01 0.000000000000000000e+00 5.506249999999998579e+01 7.629166666666664298e+01 6.483333333333330017e+01 1.024491525423727900e+01 6.858333333333330017e+01 0.000000000000000000e+00 4.016666666666665719e+01 2.587499999999997868e+01 2.999999999999997513e+01 0.000000000000000000e+00 4.049999999999993605e+01 3.616666666666662167e+01 0.000000000000000000e+00 3.899999999999996447e+01 0.000000000000000000e+00 0.000000000000000000e+00 0.000000000000000000e+00 1.191176470588234970e+01 1.642857142857142705e+01 4.091666666666665009e+01 4.559999999999997300e+01 0.000000000000000000e+00 0.000000000000000000e+00 0.000000000000000000e+00 0.000000000000000000e+00 0.000000000000000000e+00 0.000000000000000000e+00 0.000000000000000000e+00 0.000000000000000000e+00 0.000000000000000000e+00 6.525000000000000000e+01 0.000000000000000000e+00 0.000000000000000000e+00 0.000000000000000000e+00 0.000000000000000000e+00 0.000000000000000000e+00 0.000000000000000000e+00 0.000000000000000000e+00 0.000000000000000000e+00 1.468749999999998579e+01 3.076315789473681761e+01 5.399999999999999289e+01 0.000000000000000000e+00 3.399999999999997158e+01 0.000000000000000000e+00 6.150000000000000000e+01 2.216666666666666075e+01 0.000000000000000000e+00
0.000000000000000000e+00 0.000000000000000000e+00 0.000000000000000000e+00 0.000000000000000000e+00 3.021739130434781728e+01 4.235999999999999233e+01 1.394999999999999716e+02 2.521428571428568688e+01 2.513636363636362958e+01 3.061111111111110006e+01 3.453405017921146936e+01 1.854925053533190038e+01 4.925438596491226662e+01 4.181666666666664156e+01 3.452254098360653956e+01 1.085172723194257216e+01 8.668468468468461197e+00 2.374374636416519380e+01 4.178402699662539987e+01 0.000000000000000000e+00 8.650000000000000000e+01 0.000000000000000000e+00 9.150000000000001421e+01 0.000000000000000000e+00 8.299999999999997158e+01 6.933333333333330017e+01 6.483333333333330017e+01 6.474999999999997158e+01 5.387179487179486159e+01 5.507017543859647191e+01 6.622368421052630083e+01 6.134583333333331723e+01 4.529213483146065045e+01 6.700000000000001421e+01 8.149999999999997158e+01 0.000000000000000000e+00 7.591666666666664298e+01 1.635205992509362716e+01 2.476999292285915288e+01 3.218666666666665321e+01 0.000000000000000000e+00 3.264285714285712459e+01 7.391666666666662877e+01 3.618749999999999289e+01 2.916666666666665364e+01 4.648076923076921219e+01 0.000000000000000000e+00 4.175000000000000000e+01 3.024999999999999289e+01 0.000000000000000000e+00 3.299999999999995026e+01 2.299999999999997868e+01 2.918181818181815146e+01 3.221428571428568688e+01 2.699999999999996803e+01 0.000000000000000000e+00 0.000000000000000000e+00 0.000000000000000000e+00 1.774999999999999645e+01 1.374489795918366930e+01 2.469999999999999574e+01 4.254999999999997584e+01 0.000000000000000000e+00 0.000000000000000000e+00 0.000000000000000000e+00 0.000000000000000000e+00 0.000000000000000000e+00 0.000000000000000000e+00 0.000000000000000000e+00 0.000000000000000000e+00 0.000000000000000000e+00 4.549999999999995026e+01 6.650000000000000000e+01 0.000000000000000000e+00 0.000000000000000000e+00 0.000000000000000000e+00 0.000000000000000000e+00 0.000000000000000000e+00 0.000000000000000000e+00 0.000000000000000000e+00 1.877272727272725206e+01 2.803846153846151168e+01 4.499999999999997158e+01 0.000000000000000000e+00 0.000000000000000000e+00 4.100000000000000711e+01 5.849999999999994316e+01 2.600000000000003553e+01 0.000000000000000000e+00
