0.000000000000000000e+00 0.000000000000000000e+00 0.000000000000000000e+00 0.000000000000000000e+00 0.000000000000000000e+00 0.000000000000000000e+00 0.000000000000000000e+00 0.000000000000000000e+00 0.000000000000000000e+00 0.000000000000000000e+00 0.000000000000000000e+00 0.000000000000000000e+00 0.000000000000000000e+00 0.000000000000000000e+00 0.000000000000000000e+00 0.000000000000000000e+00 0.000000000000000000e+00 0.000000000000000000e+00 0.000000000000000000e+00 0.000000000000000000e+00 0.000000000000000000e+00 0.000000000000000000e+00 0.000000000000000000e+00 0.000000000000000000e+00 0.000000000000000000e+00 0.000000000000000000e+00 0.000000000000000000e+00 0.000000000000000000e+00 0.000000000000000000e+00 0.000000000000000000e+00 0.000000000000000000e+00 0.000000000000000000e+00 0.000000000000000000e+00 0.000000000000000000e+00 0.000000000000000000e+00 0.000000000000000000e+00 0.000000000000000000e+00 0.000000000000000000e+00 0.000000000000000000e+00 0.000000000000000000e+00 0.000000000000000000e+00 0.000000000000000000e+00 0.000000000000000000e+00 0.000000000000000000e+00 0.000000000000000000e+00 0.000000000000000000e+00 0.000000000000000000e+00 0.000000000000000000e+00 0.000000000000000000e+00 0.000000000000000000e+00 0.000000000000000000e+00 0.000000000000000000e+00 0.000000000000000000e+00 0.000000000000000000e+00 0.000000000000000000e+00 0.000000000000000000e+00 0.000000000000000000e+00 0.000000000000000000e+00 0.000000000000000000e+00 0.000000000000000000e+00 0.000000000000000000e+00 0.000000000000000000e+00 0.000000000000000000e+00 0.000000000000000000e+00 0.000000000000000000e+00 0.000000000000000000e+00 0.000000000000000000e+00 0.000000000000000000e+00 0.000000000000000000e+00 0.000000000000000000e+00 0.000000000000000000e+00 0.000000000000000000e+00 0.000000000000000000e+00 0.000000000000000000e+00 0.000000000000000000e+00 0.000000000000000000e+00 0.000000000000000000e+00 0.000000000000000000e+00 0.000000000000000000e+00 0.000000000000000000e+00 0.000000000000000000e+00 0.000000000000000000e+00 0.000000000000000000e+00 0.000000000000000000e+00 0.000000000000000000e+00 0.000000000000000000e+00 0.000000000000000000e+00 0.000000000000000000e+00 0.000000000000000000e+00
0.000000000000000000e+00 0.000000000000000000e+00 0.000000000000000000e+00 0.000000000000000000e+00 0.000000000000000000e+00 0.000000000000000000e+00 0.000000000000000000e+00 0.000000000000000000e+00 0.000000000000000000e+00 0.000000000000000000e+00 0.000000000000000000e+00 0.000000000000000000e+00 0.000000000000000000e+00 0.000000000000000000e+00 0.000000000000000000e+00 0.000000000000000000e+00 0.000000000000000000e+00 0.000000000000000000e+00 0.000000000000000000e+00 0.000000000000000000e+00 0.000000000000000000e+00 0.000000000000000000e+00 0.000000000000000000e+00 0.000000000000000000e+00 0.000000000000000000e+00 0.000000000000000000e+00 0.000000000000000000e+00 0.000000000000000000e+00 0.000000000000000000e+00 0.000000000000000000e+00 0.000000000000000000e+00 0.000000000000000000e+00 0.000000000000000000e+00 0.000000000000000000e+00 0.000000000000000000e+00 0.000000000000000000e+00 0.000000000000000000e+00 0.000000000000000000e+00 0.000000000000000000e+00 0.000000000000000000e+00 0.000000000000000000e+00 0.000000000000000000e+00 0.000000000000000000e+00 0.000000000000000000e+00 0.000000000000000000e+00 0.000000000000000000e+00 0.000000000000000000e+00 0.000000000000000000e+00 0.000000000000000000e+00 0.000000000000000000e+00 0.000000000000000000e+00 0.000000000000000000e+00 0.000000000000000000e+00 0.000000000000000000e+00 0.000000000000000000e+00 0.000000000000000000e+00 0.000000000000000000e+00 0.000000000000000000e+00 0.000000000000000000e+00 0.000000000000000000e+00 0.000000000000000000e+00 0.000000000000000000e+00 0.000000000000000000e+00 0.000000000000000000e+00 0.000000000000000000e+00 0.000000000000000000e+00 0.000000000000000000e+00 0.000000000000000000e+00 0.000000000000000000e+00 0.000000000000000000e+00 0.000000000000000000e+00 0.000000000000000000e+00 0.000000000000000000e+00 0.000000000000000000e+00 0.000000000000000000e+00 0.000000000000000000e+00 0.000000000000000000e+00 0.000000000000000000e+00 0.000000000000000000e+00 0.000000000000000000e+00 0.000000000000000000e+00 0.000000000000000000e+00 0.000000000000000000e+00 0.000000000000000000e+00 0.000000000000000000e+00 0.000000000000000000e+00 0.000000000000000000e+00 0.000000000000000000e+00 0.000000000000000000e+00
0.000000000000000000e+00 0.000000000000000000e+00 0.000000000000000000e+00 0.000000000000000000e+00 0.000000000000000000e+00 0.000000000000000000e+00 0.000000000000000000e+00 0.000000000000000000e+00 0.000000000000000000e+00 0.000000000000000000e+00 0.000000000000000000e+00 0.000000000000000000e+00 0.000000000000000000e+00 0.000000000000000000e+00 0.000000000000000000e+00 0.000000000000000000e+00 0.000000000000000000e+00 0.000000000000000000e+00 0.000000000000000000e+00 0.000000000000000000e+00 0.000000000000000000e+00 0.000000000000000000e+00 0.000000000000000000e+00 0.000000000000000000e+00 0.000000000000000000e+00 0.000000000000000000e+00 0.000000000000000000e+00 0.000000000000000000e+00 0.000000000000000000e+00 0.000000000000000000e+00 0.000000000000000000e+00 0.000000000000000000e+00 0.000000000000000000e+00 0.000000000000000000e+00 0.000000000000000000e+00 0.000000000000000000e+00 0.000000000000000000e+00 0.000000000000000000e+00 0.000000000000000000e+00 0.000000000000000000e+00 0.000000000000000000e+00 0.000000000000000000e+00 0.000000000000000000e+00 0.000000000000000000e+00 0.000000000000000000e+00 0.000000000000000000e+00 0.000000000000000000e+00 0.000000000000000000e+00 0.000000000000000000e+00 0.000000000000000000e+00 0.000000000000000000e+00 0.000000000000000000e+00 0.000000000000000000e+00 0.000000000000000000e+00 0.000000000000000000e+00 0.000000000000000000e+00 0.000000000000000000e+00 0.000000000000000000e+00 0.000000000000000000e+00 0.000000000000000000e+00 0.000000000000000000e+00 0.000000000000000000e+00 0.000000000000000000e+00 0.000000000000000000e+00 0.000000000000000000e+00 0.000000000000000000e+00 0.000000000000000000e+00 0.000000000000000000e+00 0.000000000000000000e+00 0.000000000000000000e+00 0.000000000000000000e+00 0.000000000000000000e+00 0.000000000000000000e+00 0.000000000000000000e+00 0.000000000000000000e+00 0.000000000000000000e+00 0.000000000000000000e+00 0.000000000000000000e+00 0.000000000000000000e+00 0.000000000000000000e+00 0.000000000000000000e+00 0.000000000000000000e+00 0.000000000000000000e+00 0.000000000000000000e+00 0.000000000000000000e+00 0.000000000000000000e+00 0.000000000000000000e+00 0.000000000000000000e+00 0.000000000000000000e+00
0.000000000000000000e+00 0.000000000000000000e+00 0.000000000000000000e+00 4.563587684069609018e+00 6.530022238695325498e+00 1.109569377990429828e+01 3.199999999999996803e+01 2.872222222222221077e+01 0.000000000000000000e+00 1.000666666666666060e+01 0.000000000000000000e+00 5.056538839724679768e+00 0.000000000000000000e+00 0.000000000000000000e+00 3.883333333333328596e+01 3.085714285714284344e+01 0.000000000000000000e+00 0.000000000000000000e+00 0.000000000000000000e+00 0.000000000000000000e+00 0.000000000000000000e+00 0.000000000000000000e+00 0.000000000000000000e+00 0.000000000000000000e+00 0.000000000000000000e+00 0.000000000000000000e+00 0.000000000000000000e+00 0.000000000000000000e+00 0.000000000000000000e+00 8.399999999999988631e+01 0.000000000000000000e+00 8.599999999999991473e+01 0.000000000000000000e+00 0.000000000000000000e+00 0.000000000000000000e+00 9.299999999999995737e+01 0.000000000000000000e+00 2.731666666666665222e+01 3.245945945945943834e+01 0.000000000000000000e+00 0.000000000000000000e+00 0.000000000000000000e+00 0.000000000000000000e+00 0.000000000000000000e+00 4.849999999999998579e+01 0.000000000000000000e+00 0.000000000000000000e+00 0.000000000000000000e+00 0.000000000000000000e+00 0.000000000000000000e+00 0.000000000000000000e+00 0.000000000000000000e+00 0.000000000000000000e+00 0.000000000000000000e+00 0.000000000000000000e+00 0.000000000000000000e+00 0.000000000000000000e+00 0.000000000000000000e+00 0.000000000000000000e+00 0.000000000000000000e+00 0.000000000000000000e+00 0.000000000000000000e+00 0.000000000000000000e+00 0.000000000000000000e+00 0.000000000000000000e+00 0.000000000000000000e+00 0.000000000000000000e+00 0.000000000000000000e+00 0.000000000000000000e+00 0.000000000000000000e+00 0.000000000000000000e+00 0.000000000000000000e+00 0.000000000000000000e+00 0.000000000000000000e+00 0.000000000000000000e+00 0.000000000000000000e+00 0.000000000000000000e+00 0.000000000000000000e+00 0.000000000000000000e+00 0.000000000000000000e+00 5.549999999999997158e+01 0.000000000000000000e+00 0.000000000000000000e+00 0.000000000000000000e+00 0.000000000000000000e+00 0.000000000000000000e+00 0.000000000000000000e+00 0.000000000000000000e+00 0.000000000000000000e+00
0.000000000000000000e+00 0.000000000000000000e+00 0.000000000000000000e+00 6.530022238695325498e+00 1.047889315289839907e+01 9.840945706460443532e+00 2.839285714285712103e+01 2.697612732095489818e+01 4.273863636363635976e+01 1.979275653923540546e+01 4.506756756756754356e+01 1.864570312499999361e+01 5.919999999999998863e+01 5.858823529411761655e+01 2.721268656716416601e+01 1.266290613718410896e+01 2.729761904761903679e+01 5.734905660377356185e+01 7.018421052631575208e+01 2.849999999999997513e+01 0.000000000000000000e+00 0.000000000000000000e+00 3.799999999999995737e+01 3.174999999999998579e+01 3.300000000000003553e+01 4.966666666666666430e+01 4.850000000000002842e+01 4.799999999999997158e+01 7.449999999999997158e+01 6.469999999999996021e+01 8.174999999999997158e+01 8.161818181818178175e+01 7.506716417910445216e+01 9.362499999999994316e+01 1.008333333333333286e+02 8.749999999999997158e+01 8.799999999999995737e+01 1.198596574690770389e+01 1.843910256410255499e+01 2.449999999999998934e+01 0.000000000000000000e+00 5.933333333333331439e+01 4.349999999999997868e+01 3.474999999999999289e+01 6.216537342386031284e+00 1.153124999999999289e+01 0.000000000000000000e+00 0.000000000000000000e+00 4.024999999999995737e+01 0.000000000000000000e+00 0.000000000000000000e+00 0.000000000000000000e+00 4.549999999999995737e+01 0.000000000000000000e+00 5.074999999999997868e+01 0.000000000000000000e+00 0.000000000000000000e+00 3.949999999999995026e+01 2.255555555555555358e+01 3.239999999999999147e+01 4.599999999999995737e+01 6.700000000000002842e+01 0.000000000000000000e+00 0.000000000000000000e+00 0.000000000000000000e+00 0.000000000000000000e+00 0.000000000000000000e+00 0.000000000000000000e+00 0.000000000000000000e+00 0.000000000000000000e+00 0.000000000000000000e+00 0.000000000000000000e+00 0.000000000000000000e+00 0.000000000000000000e+00 0.000000000000000000e+00 0.000000000000000000e+00 0.000000000000000000e+00 0.000000000000000000e+00 0.000000000000000000e+00 0.000000000000000000e+00 2.482142857142854808e+01 4.977777777777774304e+01 0.000000000000000000e+00 0.000000000000000000e+00 0.000000000000000000e+00 0.000000000000000000e+00 0.000000000000000000e+00 2.049999999999996447e+01 1.924999999999996092e+01
0.000000000000000000e+00 0.000000000000000000e+00 0.000000000000000000e+00 1.109569377990429828e+01 9.840945706460443532e+00 1.402622492241793317e+01 8.448619363858787423e+00 1.340178754879802092e+01 3.349242424242422800e+01 1.847953714981728979e+01 4.130352303523033441e+01 2.554521704180063324e+01 5.756666666666664867e+01 6.462499999999997158e+01 2.286850152905197930e+01 1.905116279069766705e+01 3.061392405063290667e+01 6.134848484848482286e+01 7.526744186046508389e+01 0.000000000000000000e+00 1.027999999999999829e+02 0.000000000000000000e+00 2.649999999999998579e+01 3.378571428571428470e+01 3.946666666666666146e+01 4.449999999999997868e+01 3.400000000000000711e+01 6.649999999999997158e+01 7.173684210526313620e+01 5.479508196721308622e+01 7.227083333333331439e+01 8.323749999999998295e+01 8.047540983606553766e+01 8.918421052631576629e+01 8.529166666666664298e+01 8.744999999999997442e+01 8.118749999999998579e+01 1.725294985250736701e+01 1.770580235720760598e+01 2.627358490566036053e+01 0.000000000000000000e+00 4.219999999999998863e+01 3.705555555555554292e+01 2.253124999999999289e+01 1.571524064171122248e+01 4.090000000000001990e+01 0.000000000000000000e+00 0.000000000000000000e+00 4.162499999999997158e+01 0.000000000000000000e+00 4.564285714285708906e+01 0.000000000000000000e+00 5.114999999999995595e+01 0.000000000000000000e+00 3.899999999999995026e+01 0.000000000000000000e+00 0.000000000000000000e+00 0.000000000000000000e+00 2.924999999999998934e+01 2.624999999999999289e+01 7.199999999999998579e+01 0.000000000000000000e+00 0.000000000000000000e+00 0.000000000000000000e+00 0.000000000000000000e+00 0.000000000000000000e+00 0.000000000000000000e+00 0.000000000000000000e+00 0.000000000000000000e+00 0.000000000000000000e+00 0.000000000000000000e+00 0.000000000000000000e+00 0.000000000000000000e+00 8.699999999999998579e+01 0.000000000000000000e+00 8.499999999999991473e+01 0.000000000000000000e+00 0.000000000000000000e+00 0.000000000000000000e+00 0.000000000000000000e+00 2.887499999999997868e+01 5.033333333333327886e+01 0.000000000000000000e+00 0.000000000000000000e+00 8.999999999999991473e+01 0.000000000000000000e+00 0.000000000000000000e+00 3.549999999999997158e+01 0.000000000000000000e+00
0.000000000000000000e+00 0.000000000000000000e+00 0.000000000000000000e+00 3.199999999999996803e+01 2.839285714285712103e+01 8.448619363858787423e+00 7.498656191854450981e+00 7.486402195608778953e+00 1.928181818181817420e+01 1.205063006300629347e+01 4.535714285714283989e+01 3.061940298507461833e+01 4.524999999999999289e+01 0.000000000000000000e+00 4.176470588235292780e+01 2.693749999999999645e+01 4.449999999999992895e+01 0.000000000000000000e+00 5.949999999999995737e+01 0.000000000000000000e+00 0.000000000000000000e+00 0.000000000000000000e+00 0.000000000000000000e+00 3.550000000000001421e+01 0.000000000000000000e+00 7.949999999999998579e+01 0.000000000000000000e+00 0.000000000000000000e+00 4.878124999999997158e+01 4.349999999999997868e+01 6.399999999999999289e+01 8.599999999999998579e+01 8.950000000000000000e+01 0.000000000000000000e+00 8.599999999999997158e+01 8.349999999999998579e+01 8.249999999999995737e+01 2.649999999999998934e+01 2.471951219512193987e+01 7.599999999999997158e+01 0.000000000000000000e+00 0.000000000000000000e+00 0.000000000000000000e+00 2.850000000000000711e+01 2.624999999999997868e+01 0.000000000000000000e+00 0.000000000000000000e+00 0.000000000000000000e+00 0.000000000000000000e+00 0.000000000000000000e+00 0.000000000000000000e+00 0.000000000000000000e+00 0.000000000000000000e+00 0.000000000000000000e+00 0.000000000000000000e+00 0.000000000000000000e+00 0.000000000000000000e+00 0.000000000000000000e+00 0.000000000000000000e+00 0.000000000000000000e+00 0.000000000000000000e+00 0.000000000000000000e+00 0.000000000000000000e+00 0.000000000000000000e+00 0.000000000000000000e+00 0.000000000000000000e+00 0.000000000000000000e+00 0.000000000000000000e+00 0.000000000000000000e+00 0.000000000000000000e+00 0.000000000000000000e+00 0.000000000000000000e+00 0.000000000000000000e+00 0.000000000000000000e+00 0.000000000000000000e+00 0.000000000000000000e+00 0.000000000000000000e+00 0.000000000000000000e+00 0.000000000000000000e+00 0.000000000000000000e+00 0.000000000000000000e+00 0.000000000000000000e+00 0.000000000000000000e+00 0.000000000000000000e+00 0.000000000000000000e+00 0.000000000000000000e+00 0.000000000000000000e+00 0.000000000000000000e+00 0.000000000000000000e+00
0.000000000000000000e+00 0.000000000000000000e+00 0.000000000000000000e+00 2.872222222222221077e+01 2.697612732095489818e+01 1.340178754879802092e+01 7.486402195608778953e+00 8.597530114384044353e+00 9.473506891271053831e+00 2.152208530805686237e+01 3.370779220779219543e+01 2.708812761506274924e+01 3.219815668202763703e+01 6.771428571428567977e+01 3.376909492273729541e+01 2.114591078066914420e+01 2.945890410958904226e+01 5.936842105263156810e+01 7.240624999999998579e+01 0.000000000000000000e+00 7.729999999999999716e+01 6.750000000000001421e+01 7.399999999999997158e+01 0.000000000000000000e+00 6.649999999999998579e+01 8.300000000000000000e+01 4.819999999999998153e+01 8.600000000000000000e+01 4.582378854625549280e+01 3.768383233532932053e+01 7.050000000000000000e+01 7.383333333333330017e+01 6.912903225806449825e+01 8.912500000000000000e+01 8.057142857142855519e+01 7.136363636363635976e+01 7.270000000000000284e+01 2.656696428571427049e+01 2.587747747747746274e+01 3.854999999999996874e+01 0.000000000000000000e+00 5.799999999999995737e+01 8.700000000000002842e+01 2.149999999999997513e+01 3.180113636363635266e+01 3.824999999999998579e+01 0.000000000000000000e+00 4.899999999999998579e+01 4.185714285714283278e+01 0.000000000000000000e+00 4.899999999999994316e+01 5.300000000000000711e+01 4.547499999999995879e+01 0.000000000000000000e+00 4.212499999999998579e+01 6.999999999999997158e+01 0.000000000000000000e+00 0.000000000000000000e+00 2.652941176470586626e+01 3.524999999999997158e+01 4.249999999999998579e+01 0.000000000000000000e+00 0.000000000000000000e+00 0.000000000000000000e+00 0.000000000000000000e+00 0.000000000000000000e+00 0.000000000000000000e+00 0.000000000000000000e+00 0.000000000000000000e+00 0.000000000000000000e+00 0.000000000000000000e+00 0.000000000000000000e+00 0.000000000000000000e+00 0.000000000000000000e+00 8.800000000000002842e+01 8.524999999999994316e+01 0.000000000000000000e+00 0.000000000000000000e+00 0.000000000000000000e+00 0.000000000000000000e+00 3.337499999999997868e+01 4.226923076923073097e+01 0.000000000000000000e+00 0.000000000000000000e+00 0.000000000000000000e+00 0.000000000000000000e+00 0.000000000000000000e+00 4.350000000000001421e+01 0.000000000000000000e+00
0.000000000000000000e+00 0.000000000000000000e+00 0.000000000000000000e+00 0.000000000000000000e+00 4.273863636363635976e+01 3.349242424242422800e+01 1.928181818181817420e+01 9.473506891271053831e+00 1.218684585371895324e+01 1.885705614567526212e+01 2.528353253652058541e+01 3.098213058419243993e+01 9.533870301528290625e+00 5.858333333333331439e+01 1.932998511904761330e+01 3.258564231738035488e+01 2.441035353535353636e+01 5.472222222222222143e+01 6.433333333333332860e+01 0.000000000000000000e+00 6.400000000000001421e+01 6.350000000000000000e+01 0.000000000000000000e+00 0.000000000000000000e+00 3.000000000000001066e+01 6.544444444444444287e+01 2.629999999999999361e+01 4.690000000000000568e+01 2.123803827751195783e+01 2.398024523160761845e+01 6.315714285714285836e+01 6.659111111111110404e+01 6.753987730061349737e+01 7.138333333333333997e+01 7.514150943396226978e+01 7.166666666666667140e+01 7.810416666666667140e+01 2.114436619718309984e+01 1.667462737127371142e+01 2.591279069767441712e+01 0.000000000000000000e+00 2.849999999999998934e+01 7.450000000000000000e+01 2.612500000000001066e+01 4.151999999999998892e+01 3.019767441860465240e+01 0.000000000000000000e+00 5.374999999999992895e+01 5.099999999999996447e+01 0.000000000000000000e+00 5.999999999999994316e+01 4.689999999999997016e+01 4.954999999999996874e+01 5.599999999999995026e+01 4.530769230769227818e+01 0.000000000000000000e+00 0.000000000000000000e+00 0.000000000000000000e+00 4.299999999999993605e+01 3.193478260869563812e+01 0.000000000000000000e+00 7.799999999999994316e+01 0.000000000000000000e+00 0.000000000000000000e+00 0.000000000000000000e+00 0.000000000000000000e+00 0.000000000000000000e+00 0.000000000000000000e+00 0.000000000000000000e+00 0.000000000000000000e+00 0.000000000000000000e+00 0.000000000000000000e+00 0.000000000000000000e+00 0.000000000000000000e+00 0.000000000000000000e+00 7.750000000000000000e+01 0.000000000000000000e+00 0.000000000000000000e+00 0.000000000000000000e+00 0.000000000000000000e+00 5.507142857142853387e+01 4.966666666666664298e+01 0.000000000000000000e+00 0.000000000000000000e+00 0.000000000000000000e+00 0.000000000000000000e+00 0.000000000000000000e+00 0.000000000000000000e+00 0.000000000000000000e+00
0.000000000000000000e+00 0.000000000000000000e+00 0.000000000000000000e+00 1.000666666666666060e+01 1.979275653923540546e+01 1.847953714981728979e+01 1.205063006300629347e+01 2.152208530805686237e+01 1.885705614567526212e+01 1.363073655338506818e+01 1.837383064026241541e+01 1.653478316164313000e+01 4.460138248847924558e+01 5.382098765432096599e+01 3.295227920227918617e+01 2.302242744063324054e+01 2.177380952380951840e+01 4.967207792207788941e+01 6.568884120171672691e+01 0.000000000000000000e+00 8.237500000000000000e+01 9.483333333333330017e+01 1.420000000000000284e+02 6.683333333333330017e+01 7.261111111111110006e+01 7.644444444444442865e+01 6.433333333333330017e+01 6.918518518518519045e+01 5.630673758865246015e+01 3.977898550724636095e+01 6.866406249999998579e+01 7.056951026856238229e+01 6.860761904761902485e+01 7.528571428571427759e+01 8.105970149253730028e+01 7.329782608695650481e+01 7.982203389830507945e+01 2.274711500198964131e+01 2.457413583990295791e+01 3.646407185628741132e+01 0.000000000000000000e+00 4.428571428571427049e+01 8.107500000000000284e+01 5.674999999999998579e+01 3.298138957816376404e+01 3.919827586206894665e+01 0.000000000000000000e+00 7.333333333333332860e+01 4.623529411764702957e+01 0.000000000000000000e+00 4.657142857142849834e+01 5.085714285714281147e+01 4.872499999999995168e+01 5.449999999999997158e+01 4.538157894736838927e+01 6.699999999999994316e+01 6.224999999999998579e+01 6.499999999999995737e+01 2.901960784313724773e+01 2.901470588235292070e+01 4.364285714285711038e+01 6.483333333333331439e+01 0.000000000000000000e+00 0.000000000000000000e+00 0.000000000000000000e+00 0.000000000000000000e+00 0.000000000000000000e+00 0.000000000000000000e+00 0.000000000000000000e+00 0.000000000000000000e+00 0.000000000000000000e+00 0.000000000000000000e+00 6.799999999999997158e+01 8.350000000000000000e+01 8.349999999999997158e+01 8.624999999999994316e+01 0.000000000000000000e+00 0.000000000000000000e+00 0.000000000000000000e+00 0.000000000000000000e+00 3.871999999999996334e+01 4.970454545454543194e+01 5.874999999999994316e+01 0.000000000000000000e+00 7.599999999999995737e+01 0.000000000000000000e+00 0.000000000000000000e+00 4.375000000000000000e+01 0.000000000000000000e+00
0.000000000000000000e+00 0.000000000000000000e+00 0.000000000000000000e+00 0.000000000000000000e+00 4.506756756756754356e+01 4.130352303523033441e+01 4.535714285714283989e+01 3.370779220779219543e+01 2.528353253652058541e+01 1.837383064026241541e+01 1.355105261132278827e+01 2.581390515775552785e+01 1.842089967146828400e+01 4.199999999999999289e+01 2.558205841446453377e+01 3.636622073578594438e+01 2.583774834437084778e+01 2.717276422764226496e+01 5.387974683544303645e+01 0.000000000000000000e+00 6.049825783972125492e+01 6.782142857142856940e+01 6.412499999999998579e+01 8.829166666666664298e+01 5.445744680851063890e+01 4.818103448275861922e+01 5.222727272727272663e+01 4.270065075921908715e+01 3.015695792880259063e+01 3.137090758392043099e+01 4.590062893081761075e+01 4.621415182755389139e+01 4.826703406813627595e+01 5.343208092485549088e+01 5.808569500674764186e+01 5.187931034482758719e+01 5.930920060331825283e+01 2.075049270792273859e+01 2.237555760652207226e+01 2.785870755750273275e+01 0.000000000000000000e+00 2.853500000000000014e+01 7.027272727272726627e+01 3.566032608695650907e+01 4.359999999999998721e+01 3.329732739420935417e+01 0.000000000000000000e+00 0.000000000000000000e+00 6.541666666666661456e+01 0.000000000000000000e+00 0.000000000000000000e+00 4.438888888888884310e+01 5.369642857142853387e+01 5.119374999999996589e+01 4.715624999999997158e+01 6.031249999999998579e+01 0.000000000000000000e+00 8.149999999999992895e+01 4.662499999999999289e+01 3.477027027027024531e+01 3.274285714285712601e+01 4.374999999999995737e+01 0.000000000000000000e+00 0.000000000000000000e+00 0.000000000000000000e+00 0.000000000000000000e+00 0.000000000000000000e+00 0.000000000000000000e+00 0.000000000000000000e+00 0.000000000000000000e+00 0.000000000000000000e+00 7.785714285714284699e+01 6.912499999999995737e+01 8.083333333333331439e+01 8.667647058823527573e+01 7.849999999999997158e+01 0.000000000000000000e+00 9.449999999999998579e+01 1.000000000000000000e+02 0.000000000000000000e+00 4.552777777777775015e+01 5.328260869565215074e+01 4.759999999999997300e+01 0.000000000000000000e+00 4.316666666666665719e+01 0.000000000000000000e+00 4.924999999999998579e+01 5.949999999999993605e+01 5.724999999999997158e+01
0.000000000000000000e+00 0.000000000000000000e+00 0.000000000000000000e+00 5.056538839724679768e+00 1.864570312499999361e+01 2.554521704180063324e+01 3.061940298507461833e+01 2.708812761506274924e+01 3.098213058419243993e+01 1.653478316164313000e+01 2.581390515775552785e+01 1.704956567644094534e+01 2.205140678411780186e+01 1.714484017254728343e+01 5.002334630350193123e+01 2.361613308223476793e+01 1.893215645552093562e+01 2.761540041067760498e+01 4.762533936651583133e+01 0.000000000000000000e+00 7.654716981132074238e+01 8.585714285714286120e+01 1.054999999999999574e+02 1.204999999999999716e+02 7.049999999999997158e+01 6.478888888888889142e+01 5.734999999999998721e+01 6.143478260869564878e+01 3.957692307692308020e+01 4.477155172413792883e+01 5.475641025641025550e+01 4.867195861576882265e+01 4.990293493635077482e+01 6.209946236559139976e+01 7.128191489361702793e+01 6.621086956521739353e+01 7.798290598290597586e+01 2.289345666324082629e+01 3.052811671087531664e+01 3.276195652173912976e+01 0.000000000000000000e+00 3.706845238095237960e+01 6.328333333333331723e+01 4.170000000000000284e+01 3.969866071428570109e+01 3.961599999999999966e+01 0.000000000000000000e+00 4.320833333333332149e+01 4.862499999999997158e+01 0.000000000000000000e+00 4.886111111111107164e+01 4.564999999999996305e+01 4.847142857142853245e+01 5.050909090909089372e+01 1.613053097345131803e+01 5.418749999999997158e+01 1.783333333333333570e+01 6.399999999999997158e+01 3.126436781609194426e+01 2.792920353982299275e+01 2.716867469879516861e+01 5.723809523809521949e+01 0.000000000000000000e+00 0.000000000000000000e+00 0.000000000000000000e+00 0.000000000000000000e+00 0.000000000000000000e+00 0.000000000000000000e+00 0.000000000000000000e+00 0.000000000000000000e+00 0.000000000000000000e+00 7.550000000000000000e+01 0.000000000000000000e+00 7.750000000000000000e+01 8.042857142857143060e+01 7.066666666666667140e+01 0.000000000000000000e+00 0.000000000000000000e+00 0.000000000000000000e+00 0.000000000000000000e+00 3.876562499999996447e+01 4.685416666666663588e+01 5.299999999999995026e+01 0.000000000000000000e+00 5.578124999999998579e+01 7.499999999999997158e+01 0.000000000000000000e+00 3.881250000000000000e+01 6.116666666666666430e+01
0.000000000000000000e+00 0.000000000000000000e+00 0.000000000000000000e+00 0.000000000000000000e+00 5.919999999999998863e+01 5.756666666666664867e+01 4.524999999999999289e+01 3.219815668202763703e+01 9.533870301528290625e+00 4.460138248847924558e+01 1.842089967146828400e+01 2.205140678411780186e+01 1.264117358499381005e+01 8.790736073694272790e+00 2.165313653136531258e+01 5.612499999999997868e+01 4.758928571428570109e+01 1.972787610619468879e+01 3.110788863109049629e+01 5.516666666666665009e+01 5.652666666666666373e+01 6.399999999999998579e+01 6.000000000000000000e+01 5.909999999999998010e+01 4.570192307692308020e+01 2.326293995859213126e+01 4.043333333333333002e+01 4.179477611940298232e+01 1.921076478789085940e+01 2.492834428662285262e+01 4.066932270916334602e+01 3.216330545991146295e+01 3.639351851851851904e+01 4.701562500000000000e+01 5.518981481481481666e+01 4.868388429752066315e+01 5.685338345864661846e+01 2.512037735849056475e+01 2.294032822493062085e+01 2.942037037037038161e+01 0.000000000000000000e+00 2.778371278458844884e+01 5.046153846153845990e+01 3.741152502910360766e+01 6.999999999999994316e+01 3.685714285714285410e+01 0.000000000000000000e+00 0.000000000000000000e+00 8.249999999999997158e+01 0.000000000000000000e+00 0.000000000000000000e+00 7.199999999999994316e+01 7.949999999999994316e+01 5.220000000000000284e+01 6.499999999999994316e+01 5.399999999999997158e+01 0.000000000000000000e+00 5.750000000000002842e+01 7.916666666666664298e+01 5.249999999999999289e+01 3.766666666666666430e+01 3.689999999999999147e+01 0.000000000000000000e+00 0.000000000000000000e+00 0.000000000000000000e+00 0.000000000000000000e+00 0.000000000000000000e+00 0.000000000000000000e+00 0.000000000000000000e+00 0.000000000000000000e+00 0.000000000000000000e+00 0.000000000000000000e+00 6.399999999999997158e+01 6.550000000000000000e+01 0.000000000000000000e+00 6.016666666666665719e+01 0.000000000000000000e+00 0.000000000000000000e+00 0.000000000000000000e+00 1.139999999999999432e+02 4.249999999999996447e+01 6.374999999999997158e+01 0.000000000000000000e+00 0.000000000000000000e+00 4.300000000000000000e+01 0.000000000000000000e+00 0.000000000000000000e+00 0.000000000000000000e+00 4.099999999999997868e+01
0.000000000000000000e+00 0.000000000000000000e+00 0.000000000000000000e+00 0.000000000000000000e+00 5.858823529411761655e+01 6.462499999999997158e+01 0.000000000000000000e+00 6.771428571428567977e+01 5.858333333333331439e+01 5.382098765432096599e+01 4.199999999999999289e+01 1.714484017254728343e+01 8.790736073694272790e+00 1.009201226830244025e+01 2.408333333333333215e+01 5.196491228070173918e+01 3.504687499999998579e+01 1.235714285714285410e+01 2.240425531914894108e+01 0.000000000000000000e+00 0.000000000000000000e+00 0.000000000000000000e+00 0.000000000000000000e+00 0.000000000000000000e+00 0.000000000000000000e+00 2.549999999999999645e+01 0.000000000000000000e+00 4.224999999999998579e+01 1.038325165753819590e+01 3.344565217391304657e+01 2.700000000000000000e+01 1.548473282442747845e+01 1.738446215139442330e+01 9.699999999999998579e+01 5.200000000000000711e+01 6.250000000000000000e+01 4.774999999999998579e+01 2.797499999999999432e+01 4.429166666666665719e+01 3.884000000000000341e+01 0.000000000000000000e+00 3.150000000000000711e+01 3.399999999999999289e+01 3.608333333333333570e+01 6.425000000000000000e+01 4.024999999999999289e+01 0.000000000000000000e+00 0.000000000000000000e+00 0.000000000000000000e+00 0.000000000000000000e+00 0.000000000000000000e+00 0.000000000000000000e+00 9.149999999999994316e+01 0.000000000000000000e+00 0.000000000000000000e+00 0.000000000000000000e+00 0.000000000000000000e+00 0.000000000000000000e+00 0.000000000000000000e+00 4.249999999999995026e+01 0.000000000000000000e+00 1.189999999999999005e+02 0.000000000000000000e+00 0.000000000000000000e+00 0.000000000000000000e+00 0.000000000000000000e+00 0.000000000000000000e+00 0.000000000000000000e+00 0.000000000000000000e+00 0.000000000000000000e+00 0.000000000000000000e+00 0.000000000000000000e+00 0.000000000000000000e+00 0.000000000000000000e+00 0.000000000000000000e+00 0.000000000000000000e+00 0.000000000000000000e+00 0.000000000000000000e+00 0.000000000000000000e+00 0.000000000000000000e+00 0.000000000000000000e+00 0.000000000000000000e+00 0.000000000000000000e+00 0.000000000000000000e+00 0.000000000000000000e+00 0.000000000000000000e+00 0.000000000000000000e+00 0.000000000000000000e+00 0.000000000000000000e+00
0.000000000000000000e+00 0.000000000000000000e+00 0.000000000000000000e+00 3.883333333333328596e+01 2.721268656716416601e+01 2.286850152905197930e+01 4.176470588235292780e+01 3.376909492273729541e+01 1.932998511904761330e+01 3.295227920227918617e+01 2.558205841446453377e+01 5.002334630350193123e+01 2.165313653136531258e+01 2.408333333333333215e+01 1.164539395599378757e+01 4.379687499999997868e+01 4.093421052631578050e+01 2.435714285714285765e+01 2.150277008310249371e+01 1.717647058823529349e+01 3.255195911413968446e+01 2.892672413793102493e+01 2.411317829457363615e+01 1.981978021978021332e+01 2.394549583648750257e+01 1.934099740932642320e+01 1.782511923688393907e+01 2.487229729729728689e+01 2.079121653358384592e+01 2.351735015772870696e+01 3.974745222929935551e+01 3.021149843912591137e+01 2.782638888888888928e+01 4.285365853658536395e+01 4.317857142857143060e+01 4.096800000000000352e+01 3.311235955056179847e+01 3.140322580645161210e+01 8.425726759663504595e+00 1.946721311475409877e+01 0.000000000000000000e+00 1.990730337078651146e+01 1.531062670299727202e+01 1.388605442176870675e+01 3.255263157894735571e+01 2.284687499999999361e+01 0.000000000000000000e+00 0.000000000000000000e+00 0.000000000000000000e+00 0.000000000000000000e+00 0.000000000000000000e+00 0.000000000000000000e+00 0.000000000000000000e+00 6.449999999999991473e+01 0.000000000000000000e+00 8.649999999999998579e+01 0.000000000000000000e+00 0.000000000000000000e+00 5.350000000000001421e+01 4.324999999999998579e+01 0.000000000000000000e+00 3.683333333333332149e+01 0.000000000000000000e+00 0.000000000000000000e+00 4.050000000000000000e+01 0.000000000000000000e+00 0.000000000000000000e+00 0.000000000000000000e+00 0.000000000000000000e+00 0.000000000000000000e+00 0.000000000000000000e+00 0.000000000000000000e+00 0.000000000000000000e+00 0.000000000000000000e+00 0.000000000000000000e+00 0.000000000000000000e+00 0.000000000000000000e+00 0.000000000000000000e+00 0.000000000000000000e+00 0.000000000000000000e+00 0.000000000000000000e+00 7.266666666666661456e+01 0.000000000000000000e+00 0.000000000000000000e+00 3.349999999999998579e+01 2.949999999999996447e+01 0.000000000000000000e+00 0.000000000000000000e+00 0.000000000000000000e+00
0.000000000000000000e+00 0.000000000000000000e+00 0.000000000000000000e+00 3.085714285714284344e+01 1.266290613718410896e+01 1.905116279069766705e+01 2.693749999999999645e+01 2.114591078066914420e+01 3.258564231738035488e+01 2.302242744063324054e+01 3.636622073578594438e+01 2.361613308223476793e+01 5.612499999999997868e+01 5.196491228070173918e+01 4.379687499999997868e+01 6.992028529473460097e+00 1.088287671232876797e+01 3.990571870170013113e+01 5.810631001371740467e+01 0.000000000000000000e+00 8.757142857142855519e+01 8.349999999999998579e+01 8.850000000000000000e+01 3.949999999999997868e+01 0.000000000000000000e+00 8.133333333333331439e+01 8.399999999999995737e+01 7.999999999999994316e+01 6.791999999999998749e+01 5.814130434782606471e+01 8.089999999999997726e+01 7.257333333333330927e+01 6.380528846153844569e+01 7.986666666666666003e+01 8.829999999999996874e+01 8.117499999999998295e+01 8.735294117647056567e+01 1.368012924071081571e+01 2.290090090090088637e+01 4.055555555555552871e+01 0.000000000000000000e+00 6.895454545454541062e+01 7.369999999999997442e+01 6.619999999999997442e+01 9.656342182890847781e+00 6.066666666666665009e+01 0.000000000000000000e+00 3.689999999999997726e+01 3.689999999999997016e+01 0.000000000000000000e+00 3.394999999999995310e+01 4.040624999999994316e+01 3.336585365853654395e+01 4.658333333333330728e+01 3.805555555555552871e+01 5.724999999999995737e+01 0.000000000000000000e+00 0.000000000000000000e+00 1.626470588235293491e+01 1.682857142857142563e+01 4.089999999999999147e+01 5.666666666666665719e+01 0.000000000000000000e+00 0.000000000000000000e+00 0.000000000000000000e+00 0.000000000000000000e+00 0.000000000000000000e+00 0.000000000000000000e+00 0.000000000000000000e+00 0.000000000000000000e+00 0.000000000000000000e+00 0.000000000000000000e+00 0.000000000000000000e+00 0.000000000000000000e+00 0.000000000000000000e+00 0.000000000000000000e+00 0.000000000000000000e+00 0.000000000000000000e+00 8.700000000000000000e+01 7.649999999999997158e+01 2.724999999999997158e+01 4.289999999999999147e+01 3.949999999999999289e+01 0.000000000000000000e+00 7.349999999999998579e+01 6.600000000000002842e+01 0.000000000000000000e+00 2.439999999999999503e+01 0.000000000000000000e+00
0.000000000000000000e+00 0.000000000000000000e+00 0.000000000000000000e+00 0.000000000000000000e+00 2.729761904761903679e+01 3.061392405063290667e+01 4.449999999999992895e+01 2.945890410958904226e+01 2.441035353535353636e+01 2.177380952380951840e+01 2.583774834437084778e+01 1.893215645552093562e+01 4.758928571428570109e+01 3.504687499999998579e+01 4.093421052631578050e+01 1.088287671232876797e+01 7.946637744034704021e+00 2.045348101265821583e+01 4.133203505355403706e+01 0.000000000000000000e+00 7.864285714285713880e+01 5.749999999999999289e+01 0.000000000000000000e+00 0.000000000000000000e+00 6.099999999999999289e+01 8.250000000000000000e+01 5.149999999999997868e+01 7.166666666666668561e+01 5.474999999999997868e+01 5.336206896551722423e+01 6.561111111111108585e+01 5.747029702970295517e+01 4.640263543191800011e+01 6.734375000000000000e+01 7.437681159420290555e+01 6.585555555555554008e+01 7.174193548387096087e+01 1.949677419354837582e+01 2.644901315789472562e+01 4.018181818181817277e+01 0.000000000000000000e+00 4.871052631578945835e+01 6.289999999999997726e+01 5.233333333333332149e+01 3.033663366336632805e+01 5.724999999999997868e+01 0.000000000000000000e+00 2.800000000000000711e+01 4.291666666666663588e+01 3.399999999999992895e+01 3.459999999999995168e+01 2.881999999999996831e+01 3.241441441441438087e+01 3.348837209302323714e+01 2.733522727272726272e+01 4.768749999999998579e+01 5.749999999999995737e+01 3.299999999999996447e+01 1.988775510204081343e+01 1.227397260273972002e+01 1.989024390243901408e+01 3.594117647058822484e+01 0.000000000000000000e+00 0.000000000000000000e+00 9.000000000000000000e+01 0.000000000000000000e+00 0.000000000000000000e+00 0.000000000000000000e+00 0.000000000000000000e+00 0.000000000000000000e+00 0.000000000000000000e+00 6.149999999999996447e+01 4.300000000000001421e+01 5.994999999999998863e+01 6.113043478260868824e+01 5.399999999999998579e+01 0.000000000000000000e+00 0.000000000000000000e+00 7.000000000000004263e+01 7.300000000000000000e+01 2.557407407407405842e+01 3.893103448275859790e+01 3.116666666666665364e+01 0.000000000000000000e+00 5.499999999999995737e+01 0.000000000000000000e+00 0.000000000000000000e+00 2.937500000000000711e+01 4.850000000000000000e+01
