0.000000000000000000e+00 0.000000000000000000e+00 0.000000000000000000e+00 0.000000000000000000e+00 0.000000000000000000e+00 0.000000000000000000e+00 0.000000000000000000e+00 0.000000000000000000e+00 0.000000000000000000e+00 0.000000000000000000e+00 0.000000000000000000e+00 0.000000000000000000e+00 0.000000000000000000e+00 0.000000000000000000e+00 0.000000000000000000e+00 0.000000000000000000e+00 0.000000000000000000e+00 0.000000000000000000e+00 0.000000000000000000e+00 0.000000000000000000e+00 0.000000000000000000e+00 0.000000000000000000e+00 0.000000000000000000e+00 0.000000000000000000e+00 0.000000000000000000e+00 0.000000000000000000e+00 0.000000000000000000e+00 0.000000000000000000e+00 0.000000000000000000e+00 0.000000000000000000e+00 0.000000000000000000e+00 0.000000000000000000e+00 0.000000000000000000e+00 0.000000000000000000e+00 0.000000000000000000e+00 0.000000000000000000e+00 0.000000000000000000e+00 0.000000000000000000e+00 0.000000000000000000e+00 0.000000000000000000e+00 0.000000000000000000e+00 0.000000000000000000e+00 0.000000000000000000e+00 0.000000000000000000e+00 0.000000000000000000e+00 0.000000000000000000e+00 0.000000000000000000e+00 0.000000000000000000e+00 0.000000000000000000e+00 0.000000000000000000e+00 0.000000000000000000e+00 0.000000000000000000e+00 0.000000000000000000e+00 0.000000000000000000e+00 0.000000000000000000e+00 0.000000000000000000e+00 0.000000000000000000e+00 0.000000000000000000e+00 0.000000000000000000e+00 0.000000000000000000e+00 0.000000000000000000e+00 0.000000000000000000e+00 0.000000000000000000e+00 0.000000000000000000e+00 0.000000000000000000e+00 0.000000000000000000e+00 0.000000000000000000e+00 0.000000000000000000e+00 0.000000000000000000e+00 0.000000000000000000e+00 0.000000000000000000e+00 0.000000000000000000e+00 0.000000000000000000e+00 0.000000000000000000e+00 0.000000000000000000e+00 0.000000000000000000e+00 0.000000000000000000e+00 0.000000000000000000e+00 0.000000000000000000e+00 0.000000000000000000e+00 0.000000000000000000e+00 0.000000000000000000e+00 0.000000000000000000e+00 0.000000000000000000e+00 0.000000000000000000e+00 0.000000000000000000e+00 0.000000000000000000e+00 0.000000000000000000e+00 0.000000000000000000e+00
0.000000000000000000e+00 0.000000000000000000e+00 0.000000000000000000e+00 0.000000000000000000e+00 0.000000000000000000e+00 0.000000000000000000e+00 0.000000000000000000e+00 0.000000000000000000e+00 0.000000000000000000e+00 0.000000000000000000e+00 0.000000000000000000e+00 0.000000000000000000e+00 0.000000000000000000e+00 0.000000000000000000e+00 0.000000000000000000e+00 0.000000000000000000e+00 0.000000000000000000e+00 0.000000000000000000e+00 0.000000000000000000e+00 0.000000000000000000e+00 0.000000000000000000e+00 0.000000000000000000e+00 0.000000000000000000e+00 0.000000000000000000e+00 0.000000000000000000e+00 0.000000000000000000e+00 0.000000000000000000e+00 0.000000000000000000e+00 0.000000000000000000e+00 0.000000000000000000e+00 0.000000000000000000e+00 0.000000000000000000e+00 0.000000000000000000e+00 0.000000000000000000e+00 0.000000000000000000e+00 0.000000000000000000e+00 0.000000000000000000e+00 0.000000000000000000e+00 0.000000000000000000e+00 0.000000000000000000e+00 0.000000000000000000e+00 0.000000000000000000e+00 0.000000000000000000e+00 0.000000000000000000e+00 0.000000000000000000e+00 0.000000000000000000e+00 0.000000000000000000e+00 0.000000000000000000e+00 0.000000000000000000e+00 0.000000000000000000e+00 0.000000000000000000e+00 0.000000000000000000e+00 0.000000000000000000e+00 0.000000000000000000e+00 0.000000000000000000e+00 0.000000000000000000e+00 0.000000000000000000e+00 0.000000000000000000e+00 0.000000000000000000e+00 0.000000000000000000e+00 0.000000000000000000e+00 0.000000000000000000e+00 0.000000000000000000e+00 0.000000000000000000e+00 0.000000000000000000e+00 0.000000000000000000e+00 0.000000000000000000e+00 0.000000000000000000e+00 0.000000000000000000e+00 0.000000000000000000e+00 0.000000000000000000e+00 0.000000000000000000e+00 0.000000000000000000e+00 0.000000000000000000e+00 0.000000000000000000e+00 0.000000000000000000e+00 0.000000000000000000e+00 0.000000000000000000e+00 0.000000000000000000e+00 0.000000000000000000e+00 0.000000000000000000e+00 0.000000000000000000e+00 0.000000000000000000e+00 0.000000000000000000e+00 0.000000000000000000e+00 0.000000000000000000e+00 0.000000000000000000e+00 0.000000000000000000e+00 0.000000000000000000e+00
0.000000000000000000e+00 0.000000000000000000e+00 0.000000000000000000e+00 0.000000000000000000e+00 0.000000000000000000e+00 0.000000000000000000e+00 0.000000000000000000e+00 0.000000000000000000e+00 0.000000000000000000e+00 0.000000000000000000e+00 0.000000000000000000e+00 0.000000000000000000e+00 0.000000000000000000e+00 0.000000000000000000e+00 0.000000000000000000e+00 0.000000000000000000e+00 0.000000000000000000e+00 0.000000000000000000e+00 0.000000000000000000e+00 0.000000000000000000e+00 0.000000000000000000e+00 0.000000000000000000e+00 0.000000000000000000e+00 0.000000000000000000e+00 0.000000000000000000e+00 0.000000000000000000e+00 0.000000000000000000e+00 0.000000000000000000e+00 0.000000000000000000e+00 0.000000000000000000e+00 0.000000000000000000e+00 0.000000000000000000e+00 0.000000000000000000e+00 0.000000000000000000e+00 0.000000000000000000e+00 0.000000000000000000e+00 0.000000000000000000e+00 0.000000000000000000e+00 0.000000000000000000e+00 0.000000000000000000e+00 0.000000000000000000e+00 0.000000000000000000e+00 0.000000000000000000e+00 0.000000000000000000e+00 0.000000000000000000e+00 0.000000000000000000e+00 0.000000000000000000e+00 0.000000000000000000e+00 0.000000000000000000e+00 0.000000000000000000e+00 0.000000000000000000e+00 0.000000000000000000e+00 0.000000000000000000e+00 0.000000000000000000e+00 0.000000000000000000e+00 0.000000000000000000e+00 0.000000000000000000e+00 0.000000000000000000e+00 0.000000000000000000e+00 0.000000000000000000e+00 0.000000000000000000e+00 0.000000000000000000e+00 0.000000000000000000e+00 0.000000000000000000e+00 0.000000000000000000e+00 0.000000000000000000e+00 0.000000000000000000e+00 0.000000000000000000e+00 0.000000000000000000e+00 0.000000000000000000e+00 0.000000000000000000e+00 0.000000000000000000e+00 0.000000000000000000e+00 0.000000000000000000e+00 0.000000000000000000e+00 0.000000000000000000e+00 0.000000000000000000e+00 0.000000000000000000e+00 0.000000000000000000e+00 0.000000000000000000e+00 0.000000000000000000e+00 0.000000000000000000e+00 0.000000000000000000e+00 0.000000000000000000e+00 0.000000000000000000e+00 0.000000000000000000e+00 0.000000000000000000e+00 0.000000000000000000e+00 0.000000000000000000e+00
0.000000000000000000e+00 0.000000000000000000e+00 0.000000000000000000e+00 4.810218978102183129e+00 6.691246056782331308e+00 1.007550335570469535e+01 3.069999999999998863e+01 3.174193548387096087e+01 4.316666666666666430e+01 9.938133874239341026e+00 4.533333333333330728e+01 6.141539695268641630e+00 6.649999999999998579e+01 0.000000000000000000e+00 3.049999999999997158e+01 2.441666666666664298e+01 3.199999999999995381e+01 0.000000000000000000e+00 0.000000000000000000e+00 0.000000000000000000e+00 0.000000000000000000e+00 0.000000000000000000e+00 0.000000000000000000e+00 0.000000000000000000e+00 0.000000000000000000e+00 0.000000000000000000e+00 6.499999999999994316e+01 0.000000000000000000e+00 0.000000000000000000e+00 0.000000000000000000e+00 0.000000000000000000e+00 9.649999999999992895e+01 0.000000000000000000e+00 0.000000000000000000e+00 0.000000000000000000e+00 0.000000000000000000e+00 0.000000000000000000e+00 3.143181818181816567e+01 3.377192982456138282e+01 4.149999999999992895e+01 0.000000000000000000e+00 6.849999999999995737e+01 0.000000000000000000e+00 0.000000000000000000e+00 3.249999999999997158e+01 0.000000000000000000e+00 0.000000000000000000e+00 0.000000000000000000e+00 0.000000000000000000e+00 0.000000000000000000e+00 0.000000000000000000e+00 0.000000000000000000e+00 0.000000000000000000e+00 0.000000000000000000e+00 0.000000000000000000e+00 0.000000000000000000e+00 0.000000000000000000e+00 0.000000000000000000e+00 4.550000000000000711e+01 0.000000000000000000e+00 0.000000000000000000e+00 0.000000000000000000e+00 0.000000000000000000e+00 0.000000000000000000e+00 0.000000000000000000e+00 0.000000000000000000e+00 0.000000000000000000e+00 0.000000000000000000e+00 0.000000000000000000e+00 0.000000000000000000e+00 0.000000000000000000e+00 0.000000000000000000e+00 0.000000000000000000e+00 0.000000000000000000e+00 0.000000000000000000e+00 0.000000000000000000e+00 0.000000000000000000e+00 0.000000000000000000e+00 0.000000000000000000e+00 0.000000000000000000e+00 0.000000000000000000e+00 0.000000000000000000e+00 0.000000000000000000e+00 0.000000000000000000e+00 0.000000000000000000e+00 0.000000000000000000e+00 0.000000000000000000e+00 0.000000000000000000e+00 0.000000000000000000e+00
0.000000000000000000e+00 0.000000000000000000e+00 0.000000000000000000e+00 6.691246056782331308e+00 1.089977637731245608e+01 9.984636994118156750e+00 2.786507936507934957e+01 2.393145161290322065e+01 3.781268882175225343e+01 1.694421315570357578e+01 4.427884615384613909e+01 2.137660626029653343e+01 5.958333333333332149e+01 5.979999999999999005e+01 2.669565217391303591e+01 1.520564872021182090e+01 3.121103896103894826e+01 5.571176470588232377e+01 6.473021582733809964e+01 0.000000000000000000e+00 0.000000000000000000e+00 0.000000000000000000e+00 0.000000000000000000e+00 0.000000000000000000e+00 0.000000000000000000e+00 0.000000000000000000e+00 0.000000000000000000e+00 0.000000000000000000e+00 7.612499999999994316e+01 6.178947368421051323e+01 8.974999999999998579e+01 8.401562499999997158e+01 7.186956521739126913e+01 0.000000000000000000e+00 1.254999999999999716e+02 0.000000000000000000e+00 0.000000000000000000e+00 1.361768867924527626e+01 2.075009366804044930e+01 4.128260869565215074e+01 0.000000000000000000e+00 5.083333333333330728e+01 3.649999999999997158e+01 4.719999999999997442e+01 5.550354609929075700e+00 2.381081081081079986e+01 0.000000000000000000e+00 6.250000000000000000e+01 0.000000000000000000e+00 0.000000000000000000e+00 5.479999999999994031e+01 0.000000000000000000e+00 5.699999999999995737e+01 0.000000000000000000e+00 5.666666666666660745e+01 0.000000000000000000e+00 0.000000000000000000e+00 7.799999999999997158e+01 3.724999999999998579e+01 5.874999999999992895e+01 5.849999999999999289e+01 0.000000000000000000e+00 0.000000000000000000e+00 0.000000000000000000e+00 0.000000000000000000e+00 0.000000000000000000e+00 0.000000000000000000e+00 0.000000000000000000e+00 0.000000000000000000e+00 0.000000000000000000e+00 0.000000000000000000e+00 0.000000000000000000e+00 8.249999999999998579e+01 0.000000000000000000e+00 0.000000000000000000e+00 0.000000000000000000e+00 0.000000000000000000e+00 0.000000000000000000e+00 0.000000000000000000e+00 0.000000000000000000e+00 2.791176470588233727e+01 3.554999999999997584e+01 0.000000000000000000e+00 0.000000000000000000e+00 0.000000000000000000e+00 0.000000000000000000e+00 7.949999999999997158e+01 2.249999999999998579e+01 1.741666666666666075e+01
0.000000000000000000e+00 0.000000000000000000e+00 0.000000000000000000e+00 1.007550335570469535e+01 9.984636994118156750e+00 1.331672918942019557e+01 9.722989776181261590e+00 1.551144164759724653e+01 3.065071428571427603e+01 1.627413703607577844e+01 4.221428571428570109e+01 2.580762564991333718e+01 4.922891566265059282e+01 6.157142857142855519e+01 1.875526024363232835e+01 2.186107382550334677e+01 3.422289156626504791e+01 5.163513513513512265e+01 6.704999999999998295e+01 2.449999999999997158e+01 4.449999999999999289e+01 0.000000000000000000e+00 0.000000000000000000e+00 3.499999999999995026e+01 4.149999999999998579e+01 3.031249999999999289e+01 4.539999999999997016e+01 7.799999999999997158e+01 6.197619047619046739e+01 5.657857142857140076e+01 7.033333333333331439e+01 7.712037037037033826e+01 7.571794871794870119e+01 8.416666666666664298e+01 8.549999999999998579e+01 9.549999999999994316e+01 8.499999999999998579e+01 1.734958289885296523e+01 1.887275659001680950e+01 2.980821917808217947e+01 0.000000000000000000e+00 4.159999999999999432e+01 2.200000000000000711e+01 2.359302325581394655e+01 1.590034364261167532e+01 4.684210526315787604e+01 0.000000000000000000e+00 4.649999999999996447e+01 4.574999999999995026e+01 0.000000000000000000e+00 5.049999999999994316e+01 0.000000000000000000e+00 4.083333333333331439e+01 7.674999999999997158e+01 4.654166666666665009e+01 7.375000000000000000e+01 0.000000000000000000e+00 7.450000000000000000e+01 2.757692307692306954e+01 3.979999999999996163e+01 4.599999999999997868e+01 0.000000000000000000e+00 0.000000000000000000e+00 0.000000000000000000e+00 0.000000000000000000e+00 0.000000000000000000e+00 0.000000000000000000e+00 0.000000000000000000e+00 0.000000000000000000e+00 0.000000000000000000e+00 0.000000000000000000e+00 0.000000000000000000e+00 1.004999999999999716e+02 0.000000000000000000e+00 9.899999999999992895e+01 0.000000000000000000e+00 0.000000000000000000e+00 0.000000000000000000e+00 0.000000000000000000e+00 0.000000000000000000e+00 4.489999999999995595e+01 4.704166666666663588e+01 0.000000000000000000e+00 0.000000000000000000e+00 5.799999999999988631e+01 0.000000000000000000e+00 0.000000000000000000e+00 3.549999999999996447e+01 3.250000000000000000e+01
0.000000000000000000e+00 0.000000000000000000e+00 0.000000000000000000e+00 3.069999999999998863e+01 2.786507936507934957e+01 9.722989776181261590e+00 7.925185312877087718e+00 8.338461538461535483e+00 2.137368421052631007e+01 1.209860968074150023e+01 4.572413793103448398e+01 3.508064516129030608e+01 4.340476190476189799e+01 0.000000000000000000e+00 3.900000000000000000e+01 3.009523809523808069e+01 3.564285714285711748e+01 0.000000000000000000e+00 7.449999999999995737e+01 0.000000000000000000e+00 0.000000000000000000e+00 0.000000000000000000e+00 0.000000000000000000e+00 0.000000000000000000e+00 0.000000000000000000e+00 5.000000000000004263e+01 0.000000000000000000e+00 0.000000000000000000e+00 5.714285714285711748e+01 4.612280701754382761e+01 6.099999999999997158e+01 7.674999999999998579e+01 0.000000000000000000e+00 0.000000000000000000e+00 8.449999999999995737e+01 0.000000000000000000e+00 7.974999999999997158e+01 3.051724137931033809e+01 2.915116279069765781e+01 4.649999999999999289e+01 0.000000000000000000e+00 0.000000000000000000e+00 0.000000000000000000e+00 2.649999999999998224e+01 3.050000000000001421e+01 4.349999999999997868e+01 0.000000000000000000e+00 0.000000000000000000e+00 0.000000000000000000e+00 0.000000000000000000e+00 6.150000000000003553e+01 0.000000000000000000e+00 0.000000000000000000e+00 0.000000000000000000e+00 5.199999999999994316e+01 0.000000000000000000e+00 0.000000000000000000e+00 0.000000000000000000e+00 0.000000000000000000e+00 0.000000000000000000e+00 0.000000000000000000e+00 7.299999999999995737e+01 0.000000000000000000e+00 0.000000000000000000e+00 0.000000000000000000e+00 0.000000000000000000e+00 0.000000000000000000e+00 0.000000000000000000e+00 0.000000000000000000e+00 0.000000000000000000e+00 0.000000000000000000e+00 0.000000000000000000e+00 0.000000000000000000e+00 0.000000000000000000e+00 0.000000000000000000e+00 0.000000000000000000e+00 0.000000000000000000e+00 0.000000000000000000e+00 0.000000000000000000e+00 0.000000000000000000e+00 0.000000000000000000e+00 6.150000000000000000e+01 0.000000000000000000e+00 0.000000000000000000e+00 0.000000000000000000e+00 0.000000000000000000e+00 0.000000000000000000e+00 0.000000000000000000e+00 0.000000000000000000e+00
0.000000000000000000e+00 0.000000000000000000e+00 0.000000000000000000e+00 3.174193548387096087e+01 2.393145161290322065e+01 1.551144164759724653e+01 8.338461538461535483e+00 8.031019360359394454e+00 8.130703561966440063e+00 2.149882352941175867e+01 3.689080459770114118e+01 2.660872059667239498e+01 3.103333333333333499e+01 5.899999999999991473e+01 3.180747126436780547e+01 2.167918719211822776e+01 2.433552631578946901e+01 5.468181818181815146e+01 7.124999999999998579e+01 0.000000000000000000e+00 0.000000000000000000e+00 0.000000000000000000e+00 0.000000000000000000e+00 0.000000000000000000e+00 9.900000000000001421e+01 4.699999999999990052e+01 0.000000000000000000e+00 0.000000000000000000e+00 4.313793103448274735e+01 3.829151943462895957e+01 6.563636363636364024e+01 7.336363636363634555e+01 7.091666666666665719e+01 0.000000000000000000e+00 7.605555555555555713e+01 0.000000000000000000e+00 7.250000000000000000e+01 2.262883435582821079e+01 2.364571948998177220e+01 3.347222222222220722e+01 0.000000000000000000e+00 4.050000000000000711e+01 0.000000000000000000e+00 2.850000000000000000e+01 2.575925925925924176e+01 4.462499999999998579e+01 0.000000000000000000e+00 3.899999999999997158e+01 4.284999999999998010e+01 5.099999999999998579e+01 4.369696969696965283e+01 4.966666666666665009e+01 4.365384615384612488e+01 5.249999999999994316e+01 3.989999999999997016e+01 6.899999999999997158e+01 0.000000000000000000e+00 3.999999999999999289e+01 2.309302325581394655e+01 2.373333333333333783e+01 4.249999999999997868e+01 6.099999999999997158e+01 0.000000000000000000e+00 0.000000000000000000e+00 0.000000000000000000e+00 0.000000000000000000e+00 0.000000000000000000e+00 0.000000000000000000e+00 0.000000000000000000e+00 0.000000000000000000e+00 0.000000000000000000e+00 9.550000000000001421e+01 0.000000000000000000e+00 0.000000000000000000e+00 0.000000000000000000e+00 7.666666666666658614e+01 0.000000000000000000e+00 0.000000000000000000e+00 0.000000000000000000e+00 0.000000000000000000e+00 3.245652173913040883e+01 4.074528301886790160e+01 5.824999999999997868e+01 0.000000000000000000e+00 0.000000000000000000e+00 0.000000000000000000e+00 6.149999999999991473e+01 3.899999999999997158e+01 6.524999999999998579e+01
0.000000000000000000e+00 0.000000000000000000e+00 0.000000000000000000e+00 4.316666666666666430e+01 3.781268882175225343e+01 3.065071428571427603e+01 2.137368421052631007e+01 8.130703561966440063e+00 1.103173029251363424e+01 2.332660840461137042e+01 2.425789473684210407e+01 3.262183978068838286e+01 1.022937657430730418e+01 6.399999999999998579e+01 1.794141914191418508e+01 3.245115995115995133e+01 2.821540880503144777e+01 5.329545454545452543e+01 6.493749999999995737e+01 0.000000000000000000e+00 4.849999999999997158e+01 6.550000000000005684e+01 0.000000000000000000e+00 0.000000000000000000e+00 4.750000000000000711e+01 4.733333333333332149e+01 2.719999999999999929e+01 5.799999999999998579e+01 1.905282112845137732e+01 2.501285347043701179e+01 5.347058823529411598e+01 5.985245901639343202e+01 6.914516129032256231e+01 7.383333333333332860e+01 7.078125000000000000e+01 6.949999999999997158e+01 5.639999999999997726e+01 2.322289156626505857e+01 1.909506472491909435e+01 2.834345794392523388e+01 0.000000000000000000e+00 3.885000000000000142e+01 0.000000000000000000e+00 3.875000000000000000e+01 4.243269230769229949e+01 3.402183908045977034e+01 0.000000000000000000e+00 5.150000000000000000e+01 0.000000000000000000e+00 0.000000000000000000e+00 4.687499999999995737e+01 5.399999999999995026e+01 5.969999999999997442e+01 6.274999999999997158e+01 4.943749999999995737e+01 0.000000000000000000e+00 0.000000000000000000e+00 0.000000000000000000e+00 4.072222222222220012e+01 3.129545454545453609e+01 4.849999999999996447e+01 0.000000000000000000e+00 0.000000000000000000e+00 0.000000000000000000e+00 0.000000000000000000e+00 0.000000000000000000e+00 0.000000000000000000e+00 0.000000000000000000e+00 0.000000000000000000e+00 0.000000000000000000e+00 0.000000000000000000e+00 0.000000000000000000e+00 0.000000000000000000e+00 0.000000000000000000e+00 9.650000000000002842e+01 0.000000000000000000e+00 0.000000000000000000e+00 0.000000000000000000e+00 0.000000000000000000e+00 0.000000000000000000e+00 3.778571428571425628e+01 5.337499999999997868e+01 0.000000000000000000e+00 0.000000000000000000e+00 0.000000000000000000e+00 7.299999999999997158e+01 0.000000000000000000e+00 0.000000000000000000e+00 9.149999999999992895e+01
0.000000000000000000e+00 0.000000000000000000e+00 0.000000000000000000e+00 9.938133874239341026e+00 1.694421315570357578e+01 1.627413703607577844e+01 1.209860968074150023e+01 2.149882352941175867e+01 2.332660840461137042e+01 1.296959326876285346e+01 1.766331973642924069e+01 1.526441748379590457e+01 3.791201716738196126e+01 5.122222222222220722e+01 3.070588235294116330e+01 2.181320569464898540e+01 2.522612085769979728e+01 4.909473684210524169e+01 6.253260869565215074e+01 0.000000000000000000e+00 8.637499999999997158e+01 7.000000000000000000e+01 0.000000000000000000e+00 8.749999999999998579e+01 0.000000000000000000e+00 7.468181818181815856e+01 9.099999999999995737e+01 7.493749999999997158e+01 5.022448979591835183e+01 4.646175166297116021e+01 6.310106382978721484e+01 6.706425702811242218e+01 6.853318584070792951e+01 7.254444444444442297e+01 7.834905660377356185e+01 8.106666666666666288e+01 7.359090909090906507e+01 2.765983026874114614e+01 2.910082631495310324e+01 4.140718562874249642e+01 0.000000000000000000e+00 4.805357142857140929e+01 0.000000000000000000e+00 5.899999999999997158e+01 3.576190476190474499e+01 4.811440677966100310e+01 5.150000000000000711e+01 3.499999999999995737e+01 4.589999999999995595e+01 0.000000000000000000e+00 4.911538461538457767e+01 5.637499999999991473e+01 5.809090909090907218e+01 6.337499999999995026e+01 5.492857142857138086e+01 0.000000000000000000e+00 0.000000000000000000e+00 6.124999999999997158e+01 4.112962962962959779e+01 4.269230769230765787e+01 5.224999999999997158e+01 6.999999999999997158e+01 0.000000000000000000e+00 0.000000000000000000e+00 0.000000000000000000e+00 0.000000000000000000e+00 0.000000000000000000e+00 0.000000000000000000e+00 0.000000000000000000e+00 0.000000000000000000e+00 0.000000000000000000e+00 0.000000000000000000e+00 0.000000000000000000e+00 0.000000000000000000e+00 1.109999999999999574e+02 7.549999999999994316e+01 0.000000000000000000e+00 0.000000000000000000e+00 0.000000000000000000e+00 0.000000000000000000e+00 4.661904761904757777e+01 5.198571428571425201e+01 0.000000000000000000e+00 0.000000000000000000e+00 0.000000000000000000e+00 7.674999999999995737e+01 0.000000000000000000e+00 3.999999999999998579e+01 0.000000000000000000e+00
0.000000000000000000e+00 0.000000000000000000e+00 0.000000000000000000e+00 4.533333333333330728e+01 4.427884615384613909e+01 4.221428571428570109e+01 4.572413793103448398e+01 3.689080459770114118e+01 2.425789473684210407e+01 1.766331973642924069e+01 1.332973141230878689e+01 2.492222222222222072e+01 1.601022126022126102e+01 4.244285714285714306e+01 2.154455445544554593e+01 3.643237250554322060e+01 2.555263157894735571e+01 3.018014705882352189e+01 5.043396226415094219e+01 0.000000000000000000e+00 6.672093023255814614e+01 5.412499999999999289e+01 7.899999999999998579e+01 1.054999999999999716e+02 6.416666666666667140e+01 5.704166666666665719e+01 5.966666666666666430e+01 4.966666666666665719e+01 2.939477401129943601e+01 3.505765253360910094e+01 4.235810810810810523e+01 4.482219902574808401e+01 4.618167456556081873e+01 5.194382022471910432e+01 5.650000000000000000e+01 5.762500000000000000e+01 5.448245614035087669e+01 2.305849189570119151e+01 2.156054279749477942e+01 2.750434027777777146e+01 0.000000000000000000e+00 3.021782178217821624e+01 5.824999999999998579e+01 3.836184210526314331e+01 4.924999999999998579e+01 3.650000000000000000e+01 7.349999999999997158e+01 8.349999999999994316e+01 6.649999999999998579e+01 0.000000000000000000e+00 0.000000000000000000e+00 5.878571428571422075e+01 5.518181818181815146e+01 5.038095238095235118e+01 5.993749999999995026e+01 5.824999999999996447e+01 5.600000000000000000e+01 4.849999999999994316e+01 4.683333333333330728e+01 4.114999999999996305e+01 4.862499999999994316e+01 3.749999999999999289e+01 0.000000000000000000e+00 0.000000000000000000e+00 0.000000000000000000e+00 0.000000000000000000e+00 0.000000000000000000e+00 0.000000000000000000e+00 0.000000000000000000e+00 0.000000000000000000e+00 0.000000000000000000e+00 7.049999999999995737e+01 7.549999999999991473e+01 0.000000000000000000e+00 7.499999999999995737e+01 0.000000000000000000e+00 0.000000000000000000e+00 0.000000000000000000e+00 0.000000000000000000e+00 0.000000000000000000e+00 4.674999999999997158e+01 4.886111111111108585e+01 0.000000000000000000e+00 0.000000000000000000e+00 0.000000000000000000e+00 5.899999999999996447e+01 5.399999999999997868e+01 6.199999999999990052e+01 5.599999999999997868e+01
0.000000000000000000e+00 0.000000000000000000e+00 0.000000000000000000e+00 6.141539695268641630e+00 2.137660626029653343e+01 2.580762564991333718e+01 3.508064516129030608e+01 2.660872059667239498e+01 3.262183978068838286e+01 1.526441748379590457e+01 2.492222222222222072e+01 1.510701495082712498e+01 2.406212215968313473e+01 1.462931833990261943e+01 3.591698841698841704e+01 2.452576112412177167e+01 1.853137902559867101e+01 2.878808123997861301e+01 4.147542043984475413e+01 7.600000000000000000e+01 8.320000000000000284e+01 0.000000000000000000e+00 5.950000000000000000e+01 0.000000000000000000e+00 6.707142857142856940e+01 5.834615384615384670e+01 4.581250000000001421e+01 5.437500000000000000e+01 3.311715481171548703e+01 4.236791383219954810e+01 5.420967741935483986e+01 4.533412135539795429e+01 4.374823053589483379e+01 6.404285714285714448e+01 7.499285714285714732e+01 8.212500000000000000e+01 6.649999999999998579e+01 2.507590948152391164e+01 3.042120658135282696e+01 3.552644230769230660e+01 0.000000000000000000e+00 3.379207920792079278e+01 5.324999999999998579e+01 4.689444444444444571e+01 4.378100775193797034e+01 4.169485294117647101e+01 0.000000000000000000e+00 4.439999999999999147e+01 4.821428571428570109e+01 0.000000000000000000e+00 4.823809523809519817e+01 5.328571428571423496e+01 5.934999999999995879e+01 5.724999999999997158e+01 1.214143426294820038e+01 3.755555555555554292e+01 2.349999999999999645e+01 1.174999999999999716e+02 3.891891891891889088e+01 3.939999999999997726e+01 2.530232558139533694e+01 4.053571428571429180e+01 0.000000000000000000e+00 0.000000000000000000e+00 0.000000000000000000e+00 0.000000000000000000e+00 0.000000000000000000e+00 0.000000000000000000e+00 0.000000000000000000e+00 0.000000000000000000e+00 0.000000000000000000e+00 7.000000000000000000e+01 5.499999999999994316e+01 0.000000000000000000e+00 0.000000000000000000e+00 3.350000000000001421e+01 0.000000000000000000e+00 0.000000000000000000e+00 0.000000000000000000e+00 0.000000000000000000e+00 4.680645161290319578e+01 5.737499999999997158e+01 5.629999999999997584e+01 0.000000000000000000e+00 0.000000000000000000e+00 0.000000000000000000e+00 0.000000000000000000e+00 3.549999999999996447e+01 5.899999999999997158e+01
0.000000000000000000e+00 0.000000000000000000e+00 0.000000000000000000e+00 6.649999999999998579e+01 5.958333333333332149e+01 4.922891566265059282e+01 4.340476190476189799e+01 3.103333333333333499e+01 1.022937657430730418e+01 3.791201716738196126e+01 1.601022126022126102e+01 2.406212215968313473e+01 1.342676188604250243e+01 8.485395573873308450e+00 2.294697217675940948e+01 5.329870129870127471e+01 3.956481481481480955e+01 1.993850658857979496e+01 3.856680161943319973e+01 5.550000000000001421e+01 6.191025641025640880e+01 6.233333333333333570e+01 5.843750000000000000e+01 5.904761904761903679e+01 5.287096774193548043e+01 1.420546318289786214e+01 3.778571428571428470e+01 4.919696969696969546e+01 1.730527823997041992e+01 2.890704805491990825e+01 4.129079159935379550e+01 3.201702932828760595e+01 3.715887290167865586e+01 4.772500000000000853e+01 5.684364261168384758e+01 5.623529411764705799e+01 5.634027777777777857e+01 2.527699293642785605e+01 2.382146135487424843e+01 2.871747967479675978e+01 0.000000000000000000e+00 2.928096676737160209e+01 4.131609195402298695e+01 4.023083941605839442e+01 6.692857142857141639e+01 3.641331417624520839e+01 0.000000000000000000e+00 0.000000000000000000e+00 0.000000000000000000e+00 0.000000000000000000e+00 0.000000000000000000e+00 0.000000000000000000e+00 5.989999999999997726e+01 5.483333333333331439e+01 7.766666666666664298e+01 5.899999999999997868e+01 0.000000000000000000e+00 0.000000000000000000e+00 6.024999999999996447e+01 4.962499999999997158e+01 3.729999999999999716e+01 4.387500000000000000e+01 0.000000000000000000e+00 0.000000000000000000e+00 0.000000000000000000e+00 0.000000000000000000e+00 0.000000000000000000e+00 0.000000000000000000e+00 0.000000000000000000e+00 0.000000000000000000e+00 0.000000000000000000e+00 0.000000000000000000e+00 6.374999999999996447e+01 0.000000000000000000e+00 0.000000000000000000e+00 5.150000000000002132e+01 0.000000000000000000e+00 0.000000000000000000e+00 0.000000000000000000e+00 0.000000000000000000e+00 4.184999999999998010e+01 4.914705882352941302e+01 5.799999999999997868e+01 0.000000000000000000e+00 5.037499999999997158e+01 7.399999999999997158e+01 0.000000000000000000e+00 8.949999999999995737e+01 5.449999999999997868e+01
0.000000000000000000e+00 0.000000000000000000e+00 0.000000000000000000e+00 0.000000000000000000e+00 5.979999999999999005e+01 6.157142857142855519e+01 0.000000000000000000e+00 5.899999999999991473e+01 6.399999999999998579e+01 5.122222222222220722e+01 4.244285714285714306e+01 1.462931833990261943e+01 8.485395573873308450e+00 9.189634864546524895e+00 3.395744680851063890e+01 5.349999999999995026e+01 3.983333333333332149e+01 8.377419354838709253e+00 2.640277777777777501e+01 0.000000000000000000e+00 6.849999999999997158e+01 0.000000000000000000e+00 6.949999999999997158e+01 0.000000000000000000e+00 4.550000000000000711e+01 5.250000000000000000e+01 3.649999999999999289e+01 5.500000000000000000e+01 1.001129943502824915e+01 3.382786885245901942e+01 4.368181818181818699e+01 1.714181818181818073e+01 1.773529411764705799e+01 0.000000000000000000e+00 6.899999999999997158e+01 0.000000000000000000e+00 0.000000000000000000e+00 3.715625000000000000e+01 3.776521739130434696e+01 3.827272727272728048e+01 0.000000000000000000e+00 3.807142857142859071e+01 4.540000000000001279e+01 4.638235294117646390e+01 6.899999999999991473e+01 4.041666666666666430e+01 0.000000000000000000e+00 0.000000000000000000e+00 0.000000000000000000e+00 0.000000000000000000e+00 0.000000000000000000e+00 0.000000000000000000e+00 0.000000000000000000e+00 5.300000000000000711e+01 0.000000000000000000e+00 0.000000000000000000e+00 0.000000000000000000e+00 0.000000000000000000e+00 0.000000000000000000e+00 0.000000000000000000e+00 3.049999999999999289e+01 0.000000000000000000e+00 0.000000000000000000e+00 0.000000000000000000e+00 0.000000000000000000e+00 0.000000000000000000e+00 0.000000000000000000e+00 0.000000000000000000e+00 0.000000000000000000e+00 0.000000000000000000e+00 0.000000000000000000e+00 0.000000000000000000e+00 0.000000000000000000e+00 0.000000000000000000e+00 0.000000000000000000e+00 0.000000000000000000e+00 0.000000000000000000e+00 0.000000000000000000e+00 0.000000000000000000e+00 0.000000000000000000e+00 0.000000000000000000e+00 6.199999999999997868e+01 0.000000000000000000e+00 0.000000000000000000e+00 0.000000000000000000e+00 0.000000000000000000e+00 0.000000000000000000e+00 0.000000000000000000e+00 0.000000000000000000e+00
0.000000000000000000e+00 0.000000000000000000e+00 0.000000000000000000e+00 3.049999999999997158e+01 2.669565217391303591e+01 1.875526024363232835e+01 3.900000000000000000e+01 3.180747126436780547e+01 1.794141914191418508e+01 3.070588235294116330e+01 2.154455445544554593e+01 3.591698841698841704e+01 2.294697217675940948e+01 3.395744680851063890e+01 1.112629757785466822e+01 4.080588235294116828e+01 4.001515151515150848e+01 2.650515463917525949e+01 2.613475177304963637e+01 1.794827586206896086e+01 2.559719626168223172e+01 3.178260869565216495e+01 2.080284552845527557e+01 2.070454545454544615e+01 2.205433455433455592e+01 2.432325174825173875e+01 2.225463678516228327e+01 3.360110803324099038e+01 2.295137117346938638e+01 2.856242707117851864e+01 4.526409603492177069e+01 3.662954091816366287e+01 3.396503496503495967e+01 5.601470588235293491e+01 5.295146818923325327e+01 5.472972972972971917e+01 5.146478873239435359e+01 2.417148014440433101e+01 8.348501335443661020e+00 1.683840304182509584e+01 0.000000000000000000e+00 2.045197368421051820e+01 1.397083333333332966e+01 1.144944852941176450e+01 1.946666666666665435e+01 2.315495867768594351e+01 0.000000000000000000e+00 0.000000000000000000e+00 0.000000000000000000e+00 0.000000000000000000e+00 4.849999999999997868e+01 0.000000000000000000e+00 8.549999999999992895e+01 5.074999999999995737e+01 5.883333333333330728e+01 5.299999999999992184e+01 0.000000000000000000e+00 0.000000000000000000e+00 4.133333333333330728e+01 4.050000000000000000e+01 3.887499999999998579e+01 3.796874999999998579e+01 0.000000000000000000e+00 0.000000000000000000e+00 0.000000000000000000e+00 0.000000000000000000e+00 0.000000000000000000e+00 0.000000000000000000e+00 0.000000000000000000e+00 0.000000000000000000e+00 0.000000000000000000e+00 6.799999999999997158e+01 6.349999999999995737e+01 0.000000000000000000e+00 4.999999999999996447e+01 4.200000000000001421e+01 0.000000000000000000e+00 0.000000000000000000e+00 0.000000000000000000e+00 0.000000000000000000e+00 4.087499999999997158e+01 5.386363636363633134e+01 0.000000000000000000e+00 0.000000000000000000e+00 0.000000000000000000e+00 3.416666666666665719e+01 0.000000000000000000e+00 0.000000000000000000e+00 3.974999999999998579e+01
0.000000000000000000e+00 0.000000000000000000e+00 0.000000000000000000e+00 2.441666666666664298e+01 1.520564872021182090e+01 2.186107382550334677e+01 3.009523809523808069e+01 2.167918719211822776e+01 3.245115995115995133e+01 2.181320569464898540e+01 3.643237250554322060e+01 2.452576112412177167e+01 5.329870129870127471e+01 5.349999999999995026e+01 4.080588235294116828e+01 7.264285714285711570e+00 1.286199162679425356e+01 4.208194444444441729e+01 5.134569479965896477e+01 0.000000000000000000e+00 9.800000000000001421e+01 0.000000000000000000e+00 0.000000000000000000e+00 0.000000000000000000e+00 9.599999999999998579e+01 1.119999999999999858e+02 0.000000000000000000e+00 8.549999999999995737e+01 6.533928571428569398e+01 6.424626865671640985e+01 7.249999999999998579e+01 6.989181286549705874e+01 5.601179245283017138e+01 8.400000000000000000e+01 9.225000000000000000e+01 0.000000000000000000e+00 0.000000000000000000e+00 1.691548709408825246e+01 2.511414518317501887e+01 4.059374999999998579e+01 0.000000000000000000e+00 4.269999999999998153e+01 0.000000000000000000e+00 7.189999999999997726e+01 1.176868044515102696e+01 5.079487179487177428e+01 4.700000000000000711e+01 4.033333333333331439e+01 3.517857142857140218e+01 0.000000000000000000e+00 3.659090909090905797e+01 3.922727272727267689e+01 4.245454545454541773e+01 6.533333333333328596e+01 4.155555555555552161e+01 4.499999999999992895e+01 0.000000000000000000e+00 5.324999999999994316e+01 1.743181818181817277e+01 1.659615384615384315e+01 3.416666666666666430e+01 4.867391304347822967e+01 0.000000000000000000e+00 0.000000000000000000e+00 0.000000000000000000e+00 0.000000000000000000e+00 0.000000000000000000e+00 0.000000000000000000e+00 0.000000000000000000e+00 0.000000000000000000e+00 0.000000000000000000e+00 7.649999999999998579e+01 0.000000000000000000e+00 9.900000000000000000e+01 7.999999999999998579e+01 4.799999999999995737e+01 0.000000000000000000e+00 0.000000000000000000e+00 0.000000000000000000e+00 0.000000000000000000e+00 2.147619047619045674e+01 3.529807692307689138e+01 0.000000000000000000e+00 0.000000000000000000e+00 0.000000000000000000e+00 0.000000000000000000e+00 7.083333333333332860e+01 1.149999999999999822e+01 7.566666666666664298e+01
0.000000000000000000e+00 0.000000000000000000e+00 0.000000000000000000e+00 3.199999999999995381e+01 3.121103896103894826e+01 3.422289156626504791e+01 3.564285714285711748e+01 2.433552631578946901e+01 2.821540880503144777e+01 2.522612085769979728e+01 2.555263157894735571e+01 1.853137902559867101e+01 3.956481481481480955e+01 3.983333333333332149e+01 4.001515151515150848e+01 1.286199162679425356e+01 9.843247937472854758e+00 2.158772619984263130e+01 3.242439372325248570e+01 0.000000000000000000e+00 0.000000000000000000e+00 0.000000000000000000e+00 0.000000000000000000e+00 0.000000000000000000e+00 0.000000000000000000e+00 6.649999999999997158e+01 0.000000000000000000e+00 6.524999999999997158e+01 4.781944444444442865e+01 5.155882352941175384e+01 5.643749999999998579e+01 5.219127516778522136e+01 3.553441295546556944e+01 0.000000000000000000e+00 7.100000000000004263e+01 0.000000000000000000e+00 0.000000000000000000e+00 1.824324324324323854e+01 2.586637931034481497e+01 3.275757575757575069e+01 0.000000000000000000e+00 3.939999999999999147e+01 0.000000000000000000e+00 4.699999999999999289e+01 3.466417910447759709e+01 3.940243902439023316e+01 3.399999999999991473e+01 2.909999999999998366e+01 3.462499999999996447e+01 0.000000000000000000e+00 3.811764705882348636e+01 3.089062499999995737e+01 2.966249999999997655e+01 3.622222222222218591e+01 3.495098039215683627e+01 6.224999999999995737e+01 0.000000000000000000e+00 6.999999999999997158e+01 1.825471698113206642e+01 1.224999999999999467e+01 1.849999999999998579e+01 3.505555555555555003e+01 0.000000000000000000e+00 0.000000000000000000e+00 0.000000000000000000e+00 0.000000000000000000e+00 0.000000000000000000e+00 0.000000000000000000e+00 0.000000000000000000e+00 0.000000000000000000e+00 0.000000000000000000e+00 0.000000000000000000e+00 5.399999999999995026e+01 0.000000000000000000e+00 8.699999999999998579e+01 0.000000000000000000e+00 0.000000000000000000e+00 0.000000000000000000e+00 0.000000000000000000e+00 0.000000000000000000e+00 2.242187499999997868e+01 3.546153846153844569e+01 4.199999999999997868e+01 0.000000000000000000e+00 4.399999999999997868e+01 0.000000000000000000e+00 0.000000000000000000e+00 2.769999999999998153e+01 3.150000000000005329e+01
