0.000000000000000000e+00 0.000000000000000000e+00 0.000000000000000000e+00 0.000000000000000000e+00 0.000000000000000000e+00 0.000000000000000000e+00 0.000000000000000000e+00 0.000000000000000000e+00 0.000000000000000000e+00 0.000000000000000000e+00 0.000000000000000000e+00 0.000000000000000000e+00 0.000000000000000000e+00 0.000000000000000000e+00 0.000000000000000000e+00 0.000000000000000000e+00 0.000000000000000000e+00 0.000000000000000000e+00 0.000000000000000000e+00 0.000000000000000000e+00 0.000000000000000000e+00 0.000000000000000000e+00 0.000000000000000000e+00 0.000000000000000000e+00 0.000000000000000000e+00 0.000000000000000000e+00 0.000000000000000000e+00 0.000000000000000000e+00 0.000000000000000000e+00 0.000000000000000000e+00 0.000000000000000000e+00 0.000000000000000000e+00 0.000000000000000000e+00 0.000000000000000000e+00 0.000000000000000000e+00 0.000000000000000000e+00 0.000000000000000000e+00 0.000000000000000000e+00 0.000000000000000000e+00 0.000000000000000000e+00 0.000000000000000000e+00 0.000000000000000000e+00 0.000000000000000000e+00 0.000000000000000000e+00 0.000000000000000000e+00 0.000000000000000000e+00 0.000000000000000000e+00 0.000000000000000000e+00 0.000000000000000000e+00 0.000000000000000000e+00 0.000000000000000000e+00 0.000000000000000000e+00 0.000000000000000000e+00 0.000000000000000000e+00 0.000000000000000000e+00 0.000000000000000000e+00 0.000000000000000000e+00 0.000000000000000000e+00 0.000000000000000000e+00 0.000000000000000000e+00 0.000000000000000000e+00 0.000000000000000000e+00 0.000000000000000000e+00 0.000000000000000000e+00 0.000000000000000000e+00 0.000000000000000000e+00 0.000000000000000000e+00 0.000000000000000000e+00 0.000000000000000000e+00 0.000000000000000000e+00 0.000000000000000000e+00 0.000000000000000000e+00 0.000000000000000000e+00 0.000000000000000000e+00 0.000000000000000000e+00 0.000000000000000000e+00 0.000000000000000000e+00 0.000000000000000000e+00 0.000000000000000000e+00 0.000000000000000000e+00 0.000000000000000000e+00 0.000000000000000000e+00 0.000000000000000000e+00 0.000000000000000000e+00 0.000000000000000000e+00 0.000000000000000000e+00 0.000000000000000000e+00 0.000000000000000000e+00 0.000000000000000000e+00
0.000000000000000000e+00 0.000000000000000000e+00 0.000000000000000000e+00 0.000000000000000000e+00 0.000000000000000000e+00 0.000000000000000000e+00 0.000000000000000000e+00 0.000000000000000000e+00 0.000000000000000000e+00 0.000000000000000000e+00 0.000000000000000000e+00 0.000000000000000000e+00 0.000000000000000000e+00 0.000000000000000000e+00 0.000000000000000000e+00 0.000000000000000000e+00 0.000000000000000000e+00 0.000000000000000000e+00 0.000000000000000000e+00 0.000000000000000000e+00 0.000000000000000000e+00 0.000000000000000000e+00 0.000000000000000000e+00 0.000000000000000000e+00 0.000000000000000000e+00 0.000000000000000000e+00 0.000000000000000000e+00 0.000000000000000000e+00 0.000000000000000000e+00 0.000000000000000000e+00 0.000000000000000000e+00 0.000000000000000000e+00 0.000000000000000000e+00 0.000000000000000000e+00 0.000000000000000000e+00 0.000000000000000000e+00 0.000000000000000000e+00 0.000000000000000000e+00 0.000000000000000000e+00 0.000000000000000000e+00 0.000000000000000000e+00 0.000000000000000000e+00 0.000000000000000000e+00 0.000000000000000000e+00 0.000000000000000000e+00 0.000000000000000000e+00 0.000000000000000000e+00 0.000000000000000000e+00 0.000000000000000000e+00 0.000000000000000000e+00 0.000000000000000000e+00 0.000000000000000000e+00 0.000000000000000000e+00 0.000000000000000000e+00 0.000000000000000000e+00 0.000000000000000000e+00 0.000000000000000000e+00 0.000000000000000000e+00 0.000000000000000000e+00 0.000000000000000000e+00 0.000000000000000000e+00 0.000000000000000000e+00 0.000000000000000000e+00 0.000000000000000000e+00 0.000000000000000000e+00 0.000000000000000000e+00 0.000000000000000000e+00 0.000000000000000000e+00 0.000000000000000000e+00 0.000000000000000000e+00 0.000000000000000000e+00 0.000000000000000000e+00 0.000000000000000000e+00 0.000000000000000000e+00 0.000000000000000000e+00 0.000000000000000000e+00 0.000000000000000000e+00 0.000000000000000000e+00 0.000000000000000000e+00 0.000000000000000000e+00 0.000000000000000000e+00 0.000000000000000000e+00 0.000000000000000000e+00 0.000000000000000000e+00 0.000000000000000000e+00 0.000000000000000000e+00 0.000000000000000000e+00 0.000000000000000000e+00 0.000000000000000000e+00
0.000000000000000000e+00 0.000000000000000000e+00 0.000000000000000000e+00 0.000000000000000000e+00 0.000000000000000000e+00 0.000000000000000000e+00 0.000000000000000000e+00 0.000000000000000000e+00 0.000000000000000000e+00 0.000000000000000000e+00 0.000000000000000000e+00 0.000000000000000000e+00 0.000000000000000000e+00 0.000000000000000000e+00 0.000000000000000000e+00 0.000000000000000000e+00 0.000000000000000000e+00 0.000000000000000000e+00 0.000000000000000000e+00 0.000000000000000000e+00 0.000000000000000000e+00 0.000000000000000000e+00 0.000000000000000000e+00 0.000000000000000000e+00 0.000000000000000000e+00 0.000000000000000000e+00 0.000000000000000000e+00 0.000000000000000000e+00 0.000000000000000000e+00 0.000000000000000000e+00 0.000000000000000000e+00 0.000000000000000000e+00 0.000000000000000000e+00 0.000000000000000000e+00 0.000000000000000000e+00 0.000000000000000000e+00 0.000000000000000000e+00 0.000000000000000000e+00 0.000000000000000000e+00 0.000000000000000000e+00 0.000000000000000000e+00 0.000000000000000000e+00 0.000000000000000000e+00 0.000000000000000000e+00 0.000000000000000000e+00 0.000000000000000000e+00 0.000000000000000000e+00 0.000000000000000000e+00 0.000000000000000000e+00 0.000000000000000000e+00 0.000000000000000000e+00 0.000000000000000000e+00 0.000000000000000000e+00 0.000000000000000000e+00 0.000000000000000000e+00 0.000000000000000000e+00 0.000000000000000000e+00 0.000000000000000000e+00 0.000000000000000000e+00 0.000000000000000000e+00 0.000000000000000000e+00 0.000000000000000000e+00 0.000000000000000000e+00 0.000000000000000000e+00 0.000000000000000000e+00 0.000000000000000000e+00 0.000000000000000000e+00 0.000000000000000000e+00 0.000000000000000000e+00 0.000000000000000000e+00 0.000000000000000000e+00 0.000000000000000000e+00 0.000000000000000000e+00 0.000000000000000000e+00 0.000000000000000000e+00 0.000000000000000000e+00 0.000000000000000000e+00 0.000000000000000000e+00 0.000000000000000000e+00 0.000000000000000000e+00 0.000000000000000000e+00 0.000000000000000000e+00 0.000000000000000000e+00 0.000000000000000000e+00 0.000000000000000000e+00 0.000000000000000000e+00 0.000000000000000000e+00 0.000000000000000000e+00 0.000000000000000000e+00
0.000000000000000000e+00 0.000000000000000000e+00 0.000000000000000000e+00 4.776439089692098072e+00 7.385790172642758833e+00 1.459576612903224913e+01 2.199999999999997513e+01 2.799999999999997513e+01 4.779999999999996874e+01 1.010852713178293882e+01 0.000000000000000000e+00 7.184584178498983675e+00 0.000000000000000000e+00 5.866666666666665009e+01 4.849999999999995026e+01 3.916666666666662167e+01 0.000000000000000000e+00 0.000000000000000000e+00 0.000000000000000000e+00 0.000000000000000000e+00 0.000000000000000000e+00 0.000000000000000000e+00 0.000000000000000000e+00 0.000000000000000000e+00 0.000000000000000000e+00 0.000000000000000000e+00 0.000000000000000000e+00 0.000000000000000000e+00 7.599999999999994316e+01 0.000000000000000000e+00 0.000000000000000000e+00 8.299999999999998579e+01 0.000000000000000000e+00 0.000000000000000000e+00 0.000000000000000000e+00 0.000000000000000000e+00 0.000000000000000000e+00 2.986666666666664227e+01 3.221093749999997158e+01 0.000000000000000000e+00 0.000000000000000000e+00 0.000000000000000000e+00 0.000000000000000000e+00 0.000000000000000000e+00 3.774999999999995737e+01 0.000000000000000000e+00 0.000000000000000000e+00 0.000000000000000000e+00 0.000000000000000000e+00 0.000000000000000000e+00 0.000000000000000000e+00 0.000000000000000000e+00 0.000000000000000000e+00 0.000000000000000000e+00 0.000000000000000000e+00 0.000000000000000000e+00 0.000000000000000000e+00 0.000000000000000000e+00 0.000000000000000000e+00 0.000000000000000000e+00 0.000000000000000000e+00 0.000000000000000000e+00 0.000000000000000000e+00 0.000000000000000000e+00 0.000000000000000000e+00 0.000000000000000000e+00 0.000000000000000000e+00 0.000000000000000000e+00 0.000000000000000000e+00 0.000000000000000000e+00 0.000000000000000000e+00 0.000000000000000000e+00 0.000000000000000000e+00 0.000000000000000000e+00 0.000000000000000000e+00 0.000000000000000000e+00 0.000000000000000000e+00 0.000000000000000000e+00 0.000000000000000000e+00 0.000000000000000000e+00 3.849999999999995026e+01 0.000000000000000000e+00 0.000000000000000000e+00 0.000000000000000000e+00 0.000000000000000000e+00 0.000000000000000000e+00 0.000000000000000000e+00 0.000000000000000000e+00 0.000000000000000000e+00
0.000000000000000000e+00 0.000000000000000000e+00 0.000000000000000000e+00 7.385790172642758833e+00 1.029933099713283795e+01 9.677815852204998848e+00 2.860937499999998224e+01 2.576838235294116330e+01 4.104444444444443718e+01 1.618913043478260150e+01 4.341666666666665009e+01 1.513557529610828567e+01 5.852777777777775015e+01 6.076923076923075229e+01 2.586029411764704378e+01 1.297807486631015195e+01 3.736363636363634555e+01 5.002941176470584850e+01 6.599122807017540993e+01 0.000000000000000000e+00 0.000000000000000000e+00 0.000000000000000000e+00 0.000000000000000000e+00 0.000000000000000000e+00 0.000000000000000000e+00 0.000000000000000000e+00 0.000000000000000000e+00 0.000000000000000000e+00 6.424999999999998579e+01 5.999999999999996447e+01 7.299999999999998579e+01 8.070967741935481854e+01 7.296153846153845279e+01 0.000000000000000000e+00 0.000000000000000000e+00 0.000000000000000000e+00 7.749999999999992895e+01 1.279339659944641561e+01 1.994350725774812361e+01 2.070833333333332504e+01 0.000000000000000000e+00 0.000000000000000000e+00 8.024999999999997158e+01 3.249999999999998579e+01 5.724659606656578248e+00 2.028947368421051323e+01 0.000000000000000000e+00 0.000000000000000000e+00 0.000000000000000000e+00 5.000000000000000000e+01 0.000000000000000000e+00 0.000000000000000000e+00 3.949999999999995737e+01 0.000000000000000000e+00 8.400000000000002842e+01 7.149999999999997158e+01 0.000000000000000000e+00 0.000000000000000000e+00 3.349999999999995737e+01 0.000000000000000000e+00 0.000000000000000000e+00 0.000000000000000000e+00 0.000000000000000000e+00 0.000000000000000000e+00 0.000000000000000000e+00 0.000000000000000000e+00 0.000000000000000000e+00 0.000000000000000000e+00 0.000000000000000000e+00 0.000000000000000000e+00 0.000000000000000000e+00 0.000000000000000000e+00 0.000000000000000000e+00 0.000000000000000000e+00 0.000000000000000000e+00 0.000000000000000000e+00 0.000000000000000000e+00 0.000000000000000000e+00 0.000000000000000000e+00 0.000000000000000000e+00 1.932608695652172059e+01 3.112499999999997868e+01 1.599999999999997335e+01 0.000000000000000000e+00 0.000000000000000000e+00 0.000000000000000000e+00 0.000000000000000000e+00 1.293749999999998934e+01 9.423076923076918021e+00
0.000000000000000000e+00 0.000000000000000000e+00 0.000000000000000000e+00 1.459576612903224913e+01 9.677815852204998848e+00 1.509738377709934554e+01 9.450527866437511193e+00 1.241057108140947385e+01 3.378896103896102687e+01 1.739654543797282571e+01 4.302027027027025952e+01 2.457400722021659334e+01 5.776219512195119421e+01 6.889999999999994884e+01 2.495010395010393367e+01 2.131425485961121424e+01 3.375862068965514595e+01 5.641379310344824205e+01 7.049090909090905654e+01 0.000000000000000000e+00 0.000000000000000000e+00 0.000000000000000000e+00 0.000000000000000000e+00 2.999999999999997158e+01 3.199999999999997158e+01 4.256249999999998579e+01 4.700000000000002132e+01 5.849999999999996447e+01 6.452777777777775725e+01 6.931249999999997158e+01 6.449999999999997158e+01 7.806390977443606971e+01 7.243103448275859080e+01 0.000000000000000000e+00 1.037499999999999858e+02 0.000000000000000000e+00 0.000000000000000000e+00 1.842304250559283574e+01 1.972847328244273513e+01 2.792156862745097001e+01 0.000000000000000000e+00 5.349999999999997158e+01 3.049999999999997158e+01 2.764285714285711748e+01 1.785016286644949801e+01 3.936764705882351478e+01 0.000000000000000000e+00 0.000000000000000000e+00 3.949999999999997158e+01 0.000000000000000000e+00 5.999999999999995026e+01 0.000000000000000000e+00 5.112499999999997868e+01 0.000000000000000000e+00 4.537499999999997158e+01 0.000000000000000000e+00 0.000000000000000000e+00 0.000000000000000000e+00 3.466666666666665719e+01 0.000000000000000000e+00 4.749999999999997868e+01 0.000000000000000000e+00 0.000000000000000000e+00 0.000000000000000000e+00 0.000000000000000000e+00 0.000000000000000000e+00 0.000000000000000000e+00 0.000000000000000000e+00 0.000000000000000000e+00 0.000000000000000000e+00 0.000000000000000000e+00 0.000000000000000000e+00 0.000000000000000000e+00 0.000000000000000000e+00 0.000000000000000000e+00 0.000000000000000000e+00 0.000000000000000000e+00 0.000000000000000000e+00 0.000000000000000000e+00 0.000000000000000000e+00 2.949999999999997513e+01 5.138888888888885731e+01 3.749999999999993605e+01 0.000000000000000000e+00 0.000000000000000000e+00 0.000000000000000000e+00 0.000000000000000000e+00 0.000000000000000000e+00 4.149999999999998579e+01
0.000000000000000000e+00 0.000000000000000000e+00 0.000000000000000000e+00 2.199999999999997513e+01 2.860937499999998224e+01 9.450527866437511193e+00 7.443471782454827768e+00 7.482682183430309664e+00 2.292473118279568567e+01 1.283235810415447276e+01 4.404545454545452543e+01 3.636585365853656526e+01 5.866666666666665009e+01 0.000000000000000000e+00 3.726923076923075939e+01 3.034999999999998721e+01 4.099999999999996447e+01 4.449999999999997158e+01 6.999999999999998579e+01 0.000000000000000000e+00 0.000000000000000000e+00 0.000000000000000000e+00 0.000000000000000000e+00 0.000000000000000000e+00 0.000000000000000000e+00 9.549999999999997158e+01 0.000000000000000000e+00 0.000000000000000000e+00 0.000000000000000000e+00 7.899999999999995737e+01 1.180000000000000000e+02 7.668181818181815856e+01 0.000000000000000000e+00 0.000000000000000000e+00 0.000000000000000000e+00 0.000000000000000000e+00 0.000000000000000000e+00 3.388235294117644969e+01 3.015666666666665563e+01 4.078571428571428470e+01 0.000000000000000000e+00 0.000000000000000000e+00 6.200000000000000000e+01 0.000000000000000000e+00 3.099999999999998579e+01 4.950000000000001421e+01 0.000000000000000000e+00 0.000000000000000000e+00 0.000000000000000000e+00 0.000000000000000000e+00 0.000000000000000000e+00 0.000000000000000000e+00 0.000000000000000000e+00 0.000000000000000000e+00 0.000000000000000000e+00 0.000000000000000000e+00 0.000000000000000000e+00 0.000000000000000000e+00 0.000000000000000000e+00 0.000000000000000000e+00 0.000000000000000000e+00 0.000000000000000000e+00 0.000000000000000000e+00 0.000000000000000000e+00 0.000000000000000000e+00 0.000000000000000000e+00 0.000000000000000000e+00 0.000000000000000000e+00 0.000000000000000000e+00 0.000000000000000000e+00 0.000000000000000000e+00 0.000000000000000000e+00 0.000000000000000000e+00 0.000000000000000000e+00 0.000000000000000000e+00 0.000000000000000000e+00 0.000000000000000000e+00 0.000000000000000000e+00 0.000000000000000000e+00 0.000000000000000000e+00 0.000000000000000000e+00 0.000000000000000000e+00 0.000000000000000000e+00 0.000000000000000000e+00 0.000000000000000000e+00 0.000000000000000000e+00 0.000000000000000000e+00 0.000000000000000000e+00 0.000000000000000000e+00
0.000000000000000000e+00 0.000000000000000000e+00 0.000000000000000000e+00 2.799999999999997513e+01 2.576838235294116330e+01 1.241057108140947385e+01 7.482682183430309664e+00 8.076507936507935526e+00 9.829782023022287873e+00 1.711204832390073349e+01 2.972556390977442220e+01 2.720403587443945170e+01 4.109340659340658419e+01 5.450000000000000711e+01 3.445441389290881773e+01 2.095911949685534736e+01 2.712962962962961200e+01 4.570833333333330728e+01 6.267241379310343063e+01 0.000000000000000000e+00 0.000000000000000000e+00 0.000000000000000000e+00 0.000000000000000000e+00 0.000000000000000000e+00 1.019999999999999858e+02 5.124999999999992895e+01 0.000000000000000000e+00 0.000000000000000000e+00 4.794230769230767208e+01 4.824074074074072627e+01 0.000000000000000000e+00 5.896448087431691931e+01 6.228571428571427049e+01 0.000000000000000000e+00 9.116666666666664298e+01 0.000000000000000000e+00 6.999999999999998579e+01 2.647674418604650270e+01 2.574624999999998209e+01 4.241666666666666430e+01 0.000000000000000000e+00 4.633333333333332149e+01 0.000000000000000000e+00 6.912500000000001421e+01 2.854166666666664298e+01 6.020000000000000284e+01 0.000000000000000000e+00 0.000000000000000000e+00 0.000000000000000000e+00 0.000000000000000000e+00 4.799999999999995026e+01 0.000000000000000000e+00 5.224999999999996447e+01 0.000000000000000000e+00 3.868749999999995737e+01 0.000000000000000000e+00 0.000000000000000000e+00 0.000000000000000000e+00 2.669999999999998863e+01 3.537499999999999289e+01 4.699999999999996447e+01 0.000000000000000000e+00 0.000000000000000000e+00 0.000000000000000000e+00 0.000000000000000000e+00 0.000000000000000000e+00 0.000000000000000000e+00 0.000000000000000000e+00 0.000000000000000000e+00 0.000000000000000000e+00 0.000000000000000000e+00 0.000000000000000000e+00 0.000000000000000000e+00 0.000000000000000000e+00 0.000000000000000000e+00 0.000000000000000000e+00 0.000000000000000000e+00 0.000000000000000000e+00 0.000000000000000000e+00 0.000000000000000000e+00 3.799999999999993605e+01 0.000000000000000000e+00 0.000000000000000000e+00 0.000000000000000000e+00 0.000000000000000000e+00 0.000000000000000000e+00 0.000000000000000000e+00 4.299999999999997158e+01 0.000000000000000000e+00
0.000000000000000000e+00 0.000000000000000000e+00 0.000000000000000000e+00 4.779999999999996874e+01 4.104444444444443718e+01 3.378896103896102687e+01 2.292473118279568567e+01 9.829782023022287873e+00 1.178313329928498554e+01 2.167069095612805185e+01 2.517285714285714349e+01 2.956929082628496275e+01 1.146385290430422010e+01 6.018749999999997868e+01 2.245440374123148430e+01 3.054841713221601651e+01 2.562680412371134153e+01 4.885483870967740216e+01 6.119999999999998153e+01 0.000000000000000000e+00 6.799999999999998579e+01 9.349999999999998579e+01 0.000000000000000000e+00 7.699999999999995737e+01 4.949999999999998579e+01 4.193749999999998579e+01 3.258333333333332149e+01 4.399999999999998579e+01 2.235714285714284699e+01 2.411225402504470949e+01 5.424999999999997868e+01 5.913095238095237960e+01 6.277906976744186096e+01 8.400000000000001421e+01 7.825000000000002842e+01 0.000000000000000000e+00 6.724999999999997158e+01 2.152722260509992935e+01 1.672749999999999915e+01 2.487037037037036669e+01 0.000000000000000000e+00 3.232142857142857650e+01 4.916666666666666430e+01 5.524999999999995026e+01 3.149999999999999289e+01 2.974347826086956914e+01 0.000000000000000000e+00 0.000000000000000000e+00 0.000000000000000000e+00 0.000000000000000000e+00 0.000000000000000000e+00 0.000000000000000000e+00 4.499999999999996447e+01 0.000000000000000000e+00 4.966666666666662877e+01 4.799999999999995737e+01 0.000000000000000000e+00 0.000000000000000000e+00 3.733333333333334991e+01 3.418749999999999289e+01 4.849999999999992184e+01 5.950000000000000711e+01 0.000000000000000000e+00 0.000000000000000000e+00 0.000000000000000000e+00 0.000000000000000000e+00 0.000000000000000000e+00 0.000000000000000000e+00 0.000000000000000000e+00 0.000000000000000000e+00 0.000000000000000000e+00 5.699999999999995737e+01 0.000000000000000000e+00 0.000000000000000000e+00 0.000000000000000000e+00 0.000000000000000000e+00 0.000000000000000000e+00 0.000000000000000000e+00 0.000000000000000000e+00 0.000000000000000000e+00 5.999999999999992895e+01 5.199999999999999289e+01 0.000000000000000000e+00 0.000000000000000000e+00 0.000000000000000000e+00 0.000000000000000000e+00 0.000000000000000000e+00 0.000000000000000000e+00 0.000000000000000000e+00
0.000000000000000000e+00 0.000000000000000000e+00 0.000000000000000000e+00 1.010852713178293882e+01 1.618913043478260150e+01 1.739654543797282571e+01 1.283235810415447276e+01 1.711204832390073349e+01 2.167069095612805185e+01 1.236253388729366520e+01 1.612210020590253023e+01 1.418456945104158962e+01 4.219632768361580588e+01 4.942941176470586129e+01 3.291250617894215225e+01 1.989557739557738358e+01 2.249308300395255955e+01 4.478017241379307478e+01 5.827213541666665009e+01 0.000000000000000000e+00 9.425000000000000000e+01 0.000000000000000000e+00 0.000000000000000000e+00 0.000000000000000000e+00 8.274999999999997158e+01 6.649999999999997158e+01 5.957142857142856229e+01 0.000000000000000000e+00 5.142438271604935807e+01 5.416051660516603761e+01 6.784090909090906507e+01 6.330968688845399583e+01 5.925750577367203675e+01 6.779999999999998295e+01 8.262500000000000000e+01 0.000000000000000000e+00 7.727777777777777146e+01 2.528499999999997527e+01 2.574600892414474629e+01 4.082681564245808659e+01 0.000000000000000000e+00 5.632692307692305178e+01 7.029166666666664298e+01 7.795833333333331439e+01 3.009565217391301317e+01 4.874285714285713311e+01 0.000000000000000000e+00 3.789999999999997016e+01 4.349999999999995737e+01 6.950000000000000000e+01 4.374999999999996447e+01 5.599999999999994316e+01 5.261538461538457057e+01 6.249999999999994316e+01 3.906666666666663446e+01 5.416666666666667851e+01 0.000000000000000000e+00 4.849999999999996447e+01 2.657391304347823890e+01 3.060344827586204275e+01 4.119999999999996732e+01 6.737499999999995737e+01 0.000000000000000000e+00 0.000000000000000000e+00 0.000000000000000000e+00 0.000000000000000000e+00 0.000000000000000000e+00 0.000000000000000000e+00 0.000000000000000000e+00 0.000000000000000000e+00 0.000000000000000000e+00 7.449999999999994316e+01 0.000000000000000000e+00 0.000000000000000000e+00 8.950000000000000000e+01 6.650000000000000000e+01 0.000000000000000000e+00 0.000000000000000000e+00 0.000000000000000000e+00 0.000000000000000000e+00 3.924999999999995737e+01 4.393421052631575208e+01 0.000000000000000000e+00 0.000000000000000000e+00 1.134999999999999858e+02 0.000000000000000000e+00 0.000000000000000000e+00 4.624999999999998579e+01 0.000000000000000000e+00
0.000000000000000000e+00 0.000000000000000000e+00 0.000000000000000000e+00 0.000000000000000000e+00 4.341666666666665009e+01 4.302027027027025952e+01 4.404545454545452543e+01 2.972556390977442220e+01 2.517285714285714349e+01 1.612210020590253023e+01 1.338234382609465634e+01 2.151779957012358935e+01 1.721226839359596994e+01 4.279629629629629761e+01 1.936918604651162923e+01 4.037373737373735594e+01 2.489712918660286078e+01 2.578593749999998863e+01 4.769287469287469605e+01 0.000000000000000000e+00 7.012500000000000000e+01 7.049999999999998579e+01 7.074999999999998579e+01 7.849999999999997158e+01 7.283333333333331439e+01 5.738888888888887863e+01 5.124999999999998579e+01 5.441666666666666430e+01 3.112457337883958886e+01 3.159413369713506015e+01 5.097872340425531945e+01 4.860799670239076420e+01 4.687211221122112903e+01 5.245833333333333570e+01 6.675000000000000000e+01 6.949999999999998579e+01 6.361538461538461320e+01 2.101931518876206439e+01 2.090869676103034891e+01 2.866617210682492711e+01 0.000000000000000000e+00 2.864499999999999957e+01 4.809999999999999432e+01 4.023809523809524080e+01 2.449999999999999289e+01 3.449146757679180553e+01 0.000000000000000000e+00 0.000000000000000000e+00 5.699999999999991473e+01 0.000000000000000000e+00 0.000000000000000000e+00 5.149999999999995026e+01 5.799999999999996447e+01 5.668749999999999289e+01 4.999999999999998579e+01 4.903846153846151168e+01 0.000000000000000000e+00 0.000000000000000000e+00 0.000000000000000000e+00 3.399999999999998579e+01 3.276923076923075939e+01 0.000000000000000000e+00 0.000000000000000000e+00 0.000000000000000000e+00 0.000000000000000000e+00 0.000000000000000000e+00 0.000000000000000000e+00 0.000000000000000000e+00 0.000000000000000000e+00 0.000000000000000000e+00 0.000000000000000000e+00 6.050000000000000000e+01 6.624999999999995737e+01 0.000000000000000000e+00 0.000000000000000000e+00 5.100000000000000711e+01 0.000000000000000000e+00 0.000000000000000000e+00 0.000000000000000000e+00 0.000000000000000000e+00 3.466666666666663588e+01 4.521428571428567977e+01 4.819999999999997442e+01 0.000000000000000000e+00 0.000000000000000000e+00 0.000000000000000000e+00 0.000000000000000000e+00 0.000000000000000000e+00 0.000000000000000000e+00
0.000000000000000000e+00 0.000000000000000000e+00 0.000000000000000000e+00 7.184584178498983675e+00 1.513557529610828567e+01 2.457400722021659334e+01 3.636585365853656526e+01 2.720403587443945170e+01 2.956929082628496275e+01 1.418456945104158962e+01 2.151779957012358935e+01 1.607712101161593665e+01 2.473133740397873126e+01 1.796386115073704204e+01 3.185949612403100062e+01 2.045676402767101010e+01 1.769580078124999289e+01 2.655240581872434547e+01 4.755496624879459233e+01 0.000000000000000000e+00 0.000000000000000000e+00 7.350000000000001421e+01 1.067499999999999716e+02 8.249999999999997158e+01 4.800000000000002132e+01 7.890909090909090651e+01 5.650000000000000000e+01 0.000000000000000000e+00 3.323726114649681307e+01 4.167367458866544894e+01 6.724074074074074758e+01 5.316001209921355297e+01 4.629211229946523076e+01 5.560000000000000853e+01 7.499999999999998579e+01 0.000000000000000000e+00 6.521428571428570820e+01 2.599354578459054466e+01 2.792025301489712419e+01 3.178597785977859758e+01 0.000000000000000000e+00 3.810964912280702066e+01 6.829999999999998295e+01 4.805172413793103203e+01 3.508593749999997158e+01 4.060580912863070324e+01 0.000000000000000000e+00 3.509999999999998721e+01 3.967647058823526862e+01 5.749999999999997868e+01 4.488095238095233697e+01 4.912499999999992895e+01 4.574999999999996447e+01 5.338235294117644258e+01 1.762222222222220935e+01 5.109999999999998010e+01 0.000000000000000000e+00 4.924999999999997158e+01 2.737337662337660404e+01 2.566935483870966195e+01 2.305263157894736281e+01 6.233333333333331439e+01 0.000000000000000000e+00 0.000000000000000000e+00 0.000000000000000000e+00 0.000000000000000000e+00 0.000000000000000000e+00 0.000000000000000000e+00 0.000000000000000000e+00 0.000000000000000000e+00 0.000000000000000000e+00 6.329999999999996874e+01 7.250000000000002842e+01 1.039999999999999858e+02 8.249999999999995737e+01 6.887499999999997158e+01 0.000000000000000000e+00 0.000000000000000000e+00 0.000000000000000000e+00 0.000000000000000000e+00 3.628749999999996589e+01 4.353968253968250934e+01 4.824999999999992895e+01 0.000000000000000000e+00 5.199999999999997158e+01 0.000000000000000000e+00 0.000000000000000000e+00 4.229999999999999005e+01 5.766666666666665009e+01
0.000000000000000000e+00 0.000000000000000000e+00 0.000000000000000000e+00 0.000000000000000000e+00 5.852777777777775015e+01 5.776219512195119421e+01 5.866666666666665009e+01 4.109340659340658419e+01 1.146385290430422010e+01 4.219632768361580588e+01 1.721226839359596994e+01 2.473133740397873126e+01 1.449732740421326938e+01 8.042973385319545088e+00 2.405007153075822757e+01 5.285526315789471141e+01 4.103030303030301695e+01 2.068338557993730475e+01 3.470094562647754799e+01 7.049999999999994316e+01 5.434615384615382538e+01 5.000000000000000000e+01 5.438095238095235828e+01 6.333333333333331439e+01 5.939999999999999147e+01 1.075471698113207530e+01 4.236842105263158231e+01 4.294736842105263008e+01 1.915617423292366794e+01 2.691723178577638720e+01 4.387254901960784537e+01 3.218116895320428483e+01 3.359234042553191557e+01 4.289583333333334281e+01 5.808620689655172242e+01 5.750000000000000000e+01 5.172596153846154010e+01 2.730565068493150704e+01 2.571816867469880208e+01 3.012620725659097687e+01 0.000000000000000000e+00 2.940637450199203329e+01 4.892857142857143060e+01 3.837542087542087188e+01 7.199999999999992895e+01 3.835146443514644687e+01 0.000000000000000000e+00 0.000000000000000000e+00 7.649999999999991473e+01 0.000000000000000000e+00 0.000000000000000000e+00 0.000000000000000000e+00 5.849999999999996447e+01 5.225000000000000000e+01 4.937499999999998579e+01 5.196153846153843858e+01 2.999999999999998934e+01 0.000000000000000000e+00 6.249999999999995737e+01 5.399999999999997158e+01 3.704545454545453254e+01 6.250000000000002842e+01 0.000000000000000000e+00 0.000000000000000000e+00 0.000000000000000000e+00 0.000000000000000000e+00 0.000000000000000000e+00 0.000000000000000000e+00 0.000000000000000000e+00 0.000000000000000000e+00 0.000000000000000000e+00 5.829999999999996874e+01 0.000000000000000000e+00 0.000000000000000000e+00 0.000000000000000000e+00 3.550000000000000000e+01 0.000000000000000000e+00 0.000000000000000000e+00 0.000000000000000000e+00 0.000000000000000000e+00 5.049999999999997158e+01 5.769999999999998863e+01 0.000000000000000000e+00 0.000000000000000000e+00 5.149999999999997158e+01 0.000000000000000000e+00 0.000000000000000000e+00 0.000000000000000000e+00 5.999999999999996447e+01
0.000000000000000000e+00 0.000000000000000000e+00 0.000000000000000000e+00 5.866666666666665009e+01 6.076923076923075229e+01 6.889999999999994884e+01 0.000000000000000000e+00 5.450000000000000711e+01 6.018749999999997868e+01 4.942941176470586129e+01 4.279629629629629761e+01 1.796386115073704204e+01 8.042973385319545088e+00 9.831008077205495965e+00 3.118749999999999645e+01 5.342857142857140929e+01 3.845454545454543194e+01 1.063026819923371491e+01 2.872000000000000952e+01 0.000000000000000000e+00 0.000000000000000000e+00 0.000000000000000000e+00 0.000000000000000000e+00 4.949999999999999289e+01 0.000000000000000000e+00 0.000000000000000000e+00 0.000000000000000000e+00 0.000000000000000000e+00 1.109981126596980339e+01 2.995876288659793829e+01 3.362500000000000000e+01 1.409640522875817048e+01 1.534999999999999964e+01 0.000000000000000000e+00 4.274999999999998579e+01 0.000000000000000000e+00 6.175000000000000000e+01 3.047222222222221433e+01 4.248591549295774428e+01 3.312222222222222001e+01 0.000000000000000000e+00 2.685714285714285410e+01 0.000000000000000000e+00 3.866666666666665719e+01 0.000000000000000000e+00 5.300000000000001421e+01 0.000000000000000000e+00 0.000000000000000000e+00 0.000000000000000000e+00 0.000000000000000000e+00 0.000000000000000000e+00 0.000000000000000000e+00 0.000000000000000000e+00 0.000000000000000000e+00 8.699999999999990052e+01 0.000000000000000000e+00 0.000000000000000000e+00 0.000000000000000000e+00 0.000000000000000000e+00 0.000000000000000000e+00 3.233333333333330728e+01 0.000000000000000000e+00 0.000000000000000000e+00 0.000000000000000000e+00 0.000000000000000000e+00 0.000000000000000000e+00 0.000000000000000000e+00 0.000000000000000000e+00 0.000000000000000000e+00 0.000000000000000000e+00 0.000000000000000000e+00 0.000000000000000000e+00 0.000000000000000000e+00 0.000000000000000000e+00 0.000000000000000000e+00 0.000000000000000000e+00 0.000000000000000000e+00 0.000000000000000000e+00 0.000000000000000000e+00 0.000000000000000000e+00 0.000000000000000000e+00 6.349999999999995026e+01 0.000000000000000000e+00 0.000000000000000000e+00 0.000000000000000000e+00 0.000000000000000000e+00 0.000000000000000000e+00 0.000000000000000000e+00 0.000000000000000000e+00
0.000000000000000000e+00 0.000000000000000000e+00 0.000000000000000000e+00 4.849999999999995026e+01 2.586029411764704378e+01 2.495010395010393367e+01 3.726923076923075939e+01 3.445441389290881773e+01 2.245440374123148430e+01 3.291250617894215225e+01 1.936918604651162923e+01 3.185949612403100062e+01 2.405007153075822757e+01 3.118749999999999645e+01 1.144163218169569518e+01 3.955232558139533694e+01 3.020967741935483275e+01 2.839166666666665861e+01 2.681410256410255855e+01 1.433098591549295442e+01 2.532744565217390331e+01 3.081818181818180946e+01 2.437395833333333073e+01 1.886389961389960845e+01 2.256024096385541355e+01 2.175215029425078583e+01 2.015087145969498295e+01 3.088328530259364868e+01 1.675075642965203926e+01 2.387194818136521590e+01 4.006002824858756384e+01 3.397572237116472138e+01 3.363789237668161292e+01 4.664285714285713169e+01 4.663526570048307462e+01 6.083333333333333570e+01 4.857360406091369498e+01 2.874041811846689143e+01 9.104221765109214104e+00 2.072452229299362614e+01 0.000000000000000000e+00 1.825205640423031284e+01 1.399304812834224165e+01 1.293750000000000000e+01 1.624999999999999289e+01 1.955950920245398095e+01 0.000000000000000000e+00 0.000000000000000000e+00 0.000000000000000000e+00 0.000000000000000000e+00 0.000000000000000000e+00 0.000000000000000000e+00 0.000000000000000000e+00 9.999999999999997158e+01 7.949999999999991473e+01 4.599999999999996447e+01 0.000000000000000000e+00 0.000000000000000000e+00 0.000000000000000000e+00 0.000000000000000000e+00 5.499999999999998579e+01 3.075555555555553866e+01 0.000000000000000000e+00 0.000000000000000000e+00 4.149999999999997868e+01 6.949999999999998579e+01 0.000000000000000000e+00 0.000000000000000000e+00 5.749999999999997158e+01 4.649999999999999289e+01 0.000000000000000000e+00 0.000000000000000000e+00 5.550000000000002842e+01 5.824999999999999289e+01 0.000000000000000000e+00 3.231818181818180591e+01 0.000000000000000000e+00 0.000000000000000000e+00 0.000000000000000000e+00 0.000000000000000000e+00 2.949999999999998579e+01 4.862499999999997158e+01 5.099999999999998579e+01 0.000000000000000000e+00 3.306756756756755777e+01 4.024999999999999289e+01 0.000000000000000000e+00 0.000000000000000000e+00 0.000000000000000000e+00
0.000000000000000000e+00 0.000000000000000000e+00 0.000000000000000000e+00 3.916666666666662167e+01 1.297807486631015195e+01 2.131425485961121424e+01 3.034999999999998721e+01 2.095911949685534736e+01 3.054841713221601651e+01 1.989557739557738358e+01 4.037373737373735594e+01 2.045676402767101010e+01 5.285526315789471141e+01 5.342857142857140929e+01 3.955232558139533694e+01 6.042671218263277133e+00 1.115049226441630914e+01 3.858786008230449482e+01 5.299703060758333351e+01 0.000000000000000000e+00 0.000000000000000000e+00 0.000000000000000000e+00 0.000000000000000000e+00 0.000000000000000000e+00 0.000000000000000000e+00 0.000000000000000000e+00 6.799999999999997158e+01 0.000000000000000000e+00 6.628333333333331723e+01 7.224285714285711890e+01 7.349999999999995737e+01 7.063563829787231896e+01 5.310739436619714837e+01 0.000000000000000000e+00 0.000000000000000000e+00 0.000000000000000000e+00 6.849999999999995737e+01 1.444794429708221806e+01 2.211131593874076628e+01 4.816071428571427049e+01 0.000000000000000000e+00 6.635555555555554008e+01 6.702941176470584139e+01 8.037499999999998579e+01 9.794805194805187298e+00 4.433333333333331439e+01 0.000000000000000000e+00 2.433333333333331439e+01 3.524999999999996447e+01 0.000000000000000000e+00 3.337499999999994316e+01 3.489999999999994884e+01 3.656666666666664156e+01 4.646153846153844569e+01 3.208888888888886015e+01 6.066666666666662877e+01 0.000000000000000000e+00 0.000000000000000000e+00 1.844339622641508214e+01 1.890909090909090295e+01 3.364705882352939881e+01 4.833333333333331439e+01 0.000000000000000000e+00 0.000000000000000000e+00 0.000000000000000000e+00 0.000000000000000000e+00 0.000000000000000000e+00 0.000000000000000000e+00 0.000000000000000000e+00 0.000000000000000000e+00 0.000000000000000000e+00 0.000000000000000000e+00 0.000000000000000000e+00 7.550000000000004263e+01 7.916666666666662877e+01 5.749999999999997868e+01 0.000000000000000000e+00 0.000000000000000000e+00 0.000000000000000000e+00 0.000000000000000000e+00 2.584374999999997158e+01 3.229729729729726984e+01 5.799999999999995737e+01 0.000000000000000000e+00 0.000000000000000000e+00 0.000000000000000000e+00 0.000000000000000000e+00 2.625000000000002842e+01 0.000000000000000000e+00
0.000000000000000000e+00 0.000000000000000000e+00 0.000000000000000000e+00 0.000000000000000000e+00 3.736363636363634555e+01 3.375862068965514595e+01 4.099999999999996447e+01 2.712962962962961200e+01 2.562680412371134153e+01 2.249308300395255955e+01 2.489712918660286078e+01 1.769580078124999289e+01 4.103030303030301695e+01 3.845454545454543194e+01 3.020967741935483275e+01 1.115049226441630914e+01 7.995557529986665912e+00 2.080612244897957552e+01 4.049602385685883377e+01 0.000000000000000000e+00 0.000000000000000000e+00 0.000000000000000000e+00 0.000000000000000000e+00 0.000000000000000000e+00 0.000000000000000000e+00 8.499999999999998579e+01 0.000000000000000000e+00 0.000000000000000000e+00 4.721428571428570109e+01 5.849999999999997868e+01 7.799999999999997158e+01 5.813709677419353028e+01 3.950970873786405946e+01 0.000000000000000000e+00 0.000000000000000000e+00 0.000000000000000000e+00 0.000000000000000000e+00 1.782142857142856229e+01 2.220985691573925536e+01 3.077419354838708898e+01 0.000000000000000000e+00 4.744444444444442865e+01 5.349999999999999289e+01 2.899999999999998224e+01 2.881249999999997868e+01 4.122222222222221433e+01 0.000000000000000000e+00 3.099999999999998934e+01 3.942857142857139507e+01 3.524999999999997158e+01 3.216666666666662877e+01 2.816279069767438514e+01 3.397727272727269821e+01 3.501612903225802853e+01 3.176086956521737292e+01 5.549999999999994316e+01 0.000000000000000000e+00 3.199999999999998934e+01 1.936666666666666003e+01 1.163529411764705301e+01 1.832558139534882358e+01 4.763636363636361892e+01 0.000000000000000000e+00 0.000000000000000000e+00 0.000000000000000000e+00 0.000000000000000000e+00 0.000000000000000000e+00 0.000000000000000000e+00 0.000000000000000000e+00 0.000000000000000000e+00 0.000000000000000000e+00 5.949999999999995737e+01 4.549999999999999289e+01 7.249999999999992895e+01 5.912499999999995026e+01 5.974999999999995737e+01 0.000000000000000000e+00 0.000000000000000000e+00 0.000000000000000000e+00 0.000000000000000000e+00 2.118749999999998934e+01 3.110975609756095395e+01 3.574999999999997158e+01 0.000000000000000000e+00 0.000000000000000000e+00 0.000000000000000000e+00 0.000000000000000000e+00 3.399999999999995737e+01 0.000000000000000000e+00
