0.000000000000000000e+00 0.000000000000000000e+00 0.000000000000000000e+00 0.000000000000000000e+00 0.000000000000000000e+00 0.000000000000000000e+00 0.000000000000000000e+00 0.000000000000000000e+00 0.000000000000000000e+00 0.000000000000000000e+00 0.000000000000000000e+00 0.000000000000000000e+00 0.000000000000000000e+00 0.000000000000000000e+00 0.000000000000000000e+00 0.000000000000000000e+00 0.000000000000000000e+00 0.000000000000000000e+00 0.000000000000000000e+00 0.000000000000000000e+00 0.000000000000000000e+00 0.000000000000000000e+00 0.000000000000000000e+00 0.000000000000000000e+00 0.000000000000000000e+00 0.000000000000000000e+00 0.000000000000000000e+00 0.000000000000000000e+00 0.000000000000000000e+00 0.000000000000000000e+00 0.000000000000000000e+00 0.000000000000000000e+00 0.000000000000000000e+00 0.000000000000000000e+00 0.000000000000000000e+00 0.000000000000000000e+00 0.000000000000000000e+00 0.000000000000000000e+00 0.000000000000000000e+00 0.000000000000000000e+00 0.000000000000000000e+00 0.000000000000000000e+00 0.000000000000000000e+00 0.000000000000000000e+00 0.000000000000000000e+00 0.000000000000000000e+00 0.000000000000000000e+00 0.000000000000000000e+00 0.000000000000000000e+00 0.000000000000000000e+00 0.000000000000000000e+00 0.000000000000000000e+00 0.000000000000000000e+00 0.000000000000000000e+00 0.000000000000000000e+00 0.000000000000000000e+00 0.000000000000000000e+00 0.000000000000000000e+00 0.000000000000000000e+00 0.000000000000000000e+00 0.000000000000000000e+00 0.000000000000000000e+00 0.000000000000000000e+00 0.000000000000000000e+00 0.000000000000000000e+00 0.000000000000000000e+00 0.000000000000000000e+00 0.000000000000000000e+00 0.000000000000000000e+00 0.000000000000000000e+00 0.000000000000000000e+00 0.000000000000000000e+00 0.000000000000000000e+00 0.000000000000000000e+00 0.000000000000000000e+00 0.000000000000000000e+00 0.000000000000000000e+00 0.000000000000000000e+00 0.000000000000000000e+00 0.000000000000000000e+00 0.000000000000000000e+00 0.000000000000000000e+00 0.000000000000000000e+00 0.000000000000000000e+00 0.000000000000000000e+00 0.000000000000000000e+00 0.000000000000000000e+00 0.000000000000000000e+00 0.000000000000000000e+00
0.000000000000000000e+00 0.000000000000000000e+00 0.000000000000000000e+00 0.000000000000000000e+00 0.000000000000000000e+00 0.000000000000000000e+00 0.000000000000000000e+00 0.000000000000000000e+00 0.000000000000000000e+00 0.000000000000000000e+00 0.000000000000000000e+00 0.000000000000000000e+00 0.000000000000000000e+00 0.000000000000000000e+00 0.000000000000000000e+00 0.000000000000000000e+00 0.000000000000000000e+00 0.000000000000000000e+00 0.000000000000000000e+00 0.000000000000000000e+00 0.000000000000000000e+00 0.000000000000000000e+00 0.000000000000000000e+00 0.000000000000000000e+00 0.000000000000000000e+00 0.000000000000000000e+00 0.000000000000000000e+00 0.000000000000000000e+00 0.000000000000000000e+00 0.000000000000000000e+00 0.000000000000000000e+00 0.000000000000000000e+00 0.000000000000000000e+00 0.000000000000000000e+00 0.000000000000000000e+00 0.000000000000000000e+00 0.000000000000000000e+00 0.000000000000000000e+00 0.000000000000000000e+00 0.000000000000000000e+00 0.000000000000000000e+00 0.000000000000000000e+00 0.000000000000000000e+00 0.000000000000000000e+00 0.000000000000000000e+00 0.000000000000000000e+00 0.000000000000000000e+00 0.000000000000000000e+00 0.000000000000000000e+00 0.000000000000000000e+00 0.000000000000000000e+00 0.000000000000000000e+00 0.000000000000000000e+00 0.000000000000000000e+00 0.000000000000000000e+00 0.000000000000000000e+00 0.000000000000000000e+00 0.000000000000000000e+00 0.000000000000000000e+00 0.000000000000000000e+00 0.000000000000000000e+00 0.000000000000000000e+00 0.000000000000000000e+00 0.000000000000000000e+00 0.000000000000000000e+00 0.000000000000000000e+00 0.000000000000000000e+00 0.000000000000000000e+00 0.000000000000000000e+00 0.000000000000000000e+00 0.000000000000000000e+00 0.000000000000000000e+00 0.000000000000000000e+00 0.000000000000000000e+00 0.000000000000000000e+00 0.000000000000000000e+00 0.000000000000000000e+00 0.000000000000000000e+00 0.000000000000000000e+00 0.000000000000000000e+00 0.000000000000000000e+00 0.000000000000000000e+00 0.000000000000000000e+00 0.000000000000000000e+00 0.000000000000000000e+00 0.000000000000000000e+00 0.000000000000000000e+00 0.000000000000000000e+00 0.000000000000000000e+00
0.000000000000000000e+00 0.000000000000000000e+00 0.000000000000000000e+00 0.000000000000000000e+00 0.000000000000000000e+00 0.000000000000000000e+00 0.000000000000000000e+00 0.000000000000000000e+00 0.000000000000000000e+00 0.000000000000000000e+00 0.000000000000000000e+00 0.000000000000000000e+00 0.000000000000000000e+00 0.000000000000000000e+00 0.000000000000000000e+00 0.000000000000000000e+00 0.000000000000000000e+00 0.000000000000000000e+00 0.000000000000000000e+00 0.000000000000000000e+00 0.000000000000000000e+00 0.000000000000000000e+00 0.000000000000000000e+00 0.000000000000000000e+00 0.000000000000000000e+00 0.000000000000000000e+00 0.000000000000000000e+00 0.000000000000000000e+00 0.000000000000000000e+00 0.000000000000000000e+00 0.000000000000000000e+00 0.000000000000000000e+00 0.000000000000000000e+00 0.000000000000000000e+00 0.000000000000000000e+00 0.000000000000000000e+00 0.000000000000000000e+00 0.000000000000000000e+00 0.000000000000000000e+00 0.000000000000000000e+00 0.000000000000000000e+00 0.000000000000000000e+00 0.000000000000000000e+00 0.000000000000000000e+00 0.000000000000000000e+00 0.000000000000000000e+00 0.000000000000000000e+00 0.000000000000000000e+00 0.000000000000000000e+00 0.000000000000000000e+00 0.000000000000000000e+00 0.000000000000000000e+00 0.000000000000000000e+00 0.000000000000000000e+00 0.000000000000000000e+00 0.000000000000000000e+00 0.000000000000000000e+00 0.000000000000000000e+00 0.000000000000000000e+00 0.000000000000000000e+00 0.000000000000000000e+00 0.000000000000000000e+00 0.000000000000000000e+00 0.000000000000000000e+00 0.000000000000000000e+00 0.000000000000000000e+00 0.000000000000000000e+00 0.000000000000000000e+00 0.000000000000000000e+00 0.000000000000000000e+00 0.000000000000000000e+00 0.000000000000000000e+00 0.000000000000000000e+00 0.000000000000000000e+00 0.000000000000000000e+00 0.000000000000000000e+00 0.000000000000000000e+00 0.000000000000000000e+00 0.000000000000000000e+00 0.000000000000000000e+00 0.000000000000000000e+00 0.000000000000000000e+00 0.000000000000000000e+00 0.000000000000000000e+00 0.000000000000000000e+00 0.000000000000000000e+00 0.000000000000000000e+00 0.000000000000000000e+00 0.000000000000000000e+00
0.000000000000000000e+00 0.000000000000000000e+00 0.000000000000000000e+00 5.799595141700404355e+00 6.332327586206896619e+00 9.675789473684210051e+00 3.299999999999999289e+01 3.170833333333332860e+01 4.283333333333331439e+01 1.102816901408450256e+01 0.000000000000000000e+00 6.651404786680541470e+00 0.000000000000000000e+00 0.000000000000000000e+00 3.850000000000002132e+01 3.191666666666665364e+01 2.999999999999996803e+01 0.000000000000000000e+00 0.000000000000000000e+00 0.000000000000000000e+00 0.000000000000000000e+00 0.000000000000000000e+00 0.000000000000000000e+00 0.000000000000000000e+00 0.000000000000000000e+00 0.000000000000000000e+00 0.000000000000000000e+00 0.000000000000000000e+00 0.000000000000000000e+00 0.000000000000000000e+00 0.000000000000000000e+00 0.000000000000000000e+00 8.299999999999998579e+01 0.000000000000000000e+00 0.000000000000000000e+00 0.000000000000000000e+00 0.000000000000000000e+00 2.817187499999998579e+01 3.315909090909087809e+01 0.000000000000000000e+00 0.000000000000000000e+00 0.000000000000000000e+00 0.000000000000000000e+00 0.000000000000000000e+00 3.200000000000002842e+01 5.299999999999998579e+01 0.000000000000000000e+00 0.000000000000000000e+00 0.000000000000000000e+00 0.000000000000000000e+00 0.000000000000000000e+00 0.000000000000000000e+00 0.000000000000000000e+00 0.000000000000000000e+00 0.000000000000000000e+00 0.000000000000000000e+00 0.000000000000000000e+00 0.000000000000000000e+00 0.000000000000000000e+00 0.000000000000000000e+00 0.000000000000000000e+00 0.000000000000000000e+00 0.000000000000000000e+00 0.000000000000000000e+00 0.000000000000000000e+00 0.000000000000000000e+00 0.000000000000000000e+00 0.000000000000000000e+00 0.000000000000000000e+00 0.000000000000000000e+00 0.000000000000000000e+00 0.000000000000000000e+00 0.000000000000000000e+00 0.000000000000000000e+00 0.000000000000000000e+00 0.000000000000000000e+00 0.000000000000000000e+00 0.000000000000000000e+00 0.000000000000000000e+00 0.000000000000000000e+00 0.000000000000000000e+00 6.249999999999997158e+01 0.000000000000000000e+00 0.000000000000000000e+00 0.000000000000000000e+00 0.000000000000000000e+00 0.000000000000000000e+00 0.000000000000000000e+00 0.000000000000000000e+00
0.000000000000000000e+00 0.000000000000000000e+00 0.000000000000000000e+00 6.332327586206896619e+00 8.949244060475157525e+00 9.527780578804071254e+00 2.367613636363635266e+01 2.187026239067054689e+01 3.743262411347517826e+01 1.321041412911084123e+01 4.666911764705880472e+01 1.709012016021361902e+01 5.499999999999998579e+01 6.099999999999999289e+01 2.708888888888888502e+01 1.105361596009974612e+01 2.855555555555555003e+01 4.524999999999998579e+01 6.239999999999998437e+01 0.000000000000000000e+00 0.000000000000000000e+00 0.000000000000000000e+00 0.000000000000000000e+00 0.000000000000000000e+00 0.000000000000000000e+00 6.749999999999998579e+01 0.000000000000000000e+00 0.000000000000000000e+00 7.119999999999997442e+01 5.949999999999996447e+01 7.899999999999998579e+01 8.433333333333332860e+01 9.849999999999997158e+01 0.000000000000000000e+00 0.000000000000000000e+00 0.000000000000000000e+00 0.000000000000000000e+00 1.180244676030810780e+01 1.744857768052515468e+01 3.119230769230767208e+01 0.000000000000000000e+00 0.000000000000000000e+00 0.000000000000000000e+00 2.049999999999998934e+01 6.614494806421148176e+00 1.417391304347825631e+01 0.000000000000000000e+00 4.899999999999992184e+01 0.000000000000000000e+00 0.000000000000000000e+00 3.599999999999999289e+01 0.000000000000000000e+00 3.799999999999998579e+01 0.000000000000000000e+00 4.524999999999995737e+01 6.299999999999997158e+01 0.000000000000000000e+00 0.000000000000000000e+00 3.093749999999999289e+01 2.325000000000000355e+01 4.950000000000003553e+01 0.000000000000000000e+00 0.000000000000000000e+00 0.000000000000000000e+00 0.000000000000000000e+00 0.000000000000000000e+00 0.000000000000000000e+00 0.000000000000000000e+00 0.000000000000000000e+00 0.000000000000000000e+00 0.000000000000000000e+00 8.549999999999995737e+01 9.749999999999998579e+01 0.000000000000000000e+00 0.000000000000000000e+00 0.000000000000000000e+00 0.000000000000000000e+00 0.000000000000000000e+00 0.000000000000000000e+00 0.000000000000000000e+00 2.649999999999996447e+01 4.575000000000002132e+01 0.000000000000000000e+00 0.000000000000000000e+00 5.800000000000003553e+01 0.000000000000000000e+00 0.000000000000000000e+00 2.183333333333331794e+01 1.009999999999998366e+01
0.000000000000000000e+00 0.000000000000000000e+00 0.000000000000000000e+00 9.675789473684210051e+00 9.527780578804071254e+00 1.292833092833092223e+01 1.135054791326649593e+01 1.485445056538126529e+01 3.328538812785387080e+01 1.662536318578020200e+01 4.636585365853657237e+01 2.548134816753926657e+01 5.797619047619046739e+01 0.000000000000000000e+00 1.939189189189188411e+01 2.284008097165990847e+01 3.757608695652174191e+01 5.172580645161288970e+01 7.399999999999998579e+01 0.000000000000000000e+00 0.000000000000000000e+00 0.000000000000000000e+00 0.000000000000000000e+00 0.000000000000000000e+00 0.000000000000000000e+00 3.781250000000000000e+01 0.000000000000000000e+00 0.000000000000000000e+00 6.296428571428567267e+01 6.735416666666662877e+01 7.499999999999995737e+01 8.086956521739128334e+01 7.849999999999998579e+01 0.000000000000000000e+00 1.060000000000000142e+02 6.449999999999997158e+01 9.400000000000002842e+01 1.748285224349812950e+01 1.695855956563397271e+01 2.113852813852813028e+01 0.000000000000000000e+00 3.999999999999997868e+01 0.000000000000000000e+00 2.130555555555555003e+01 1.921747448979590445e+01 3.958333333333333570e+01 0.000000000000000000e+00 6.250000000000000711e+01 4.174999999999997868e+01 0.000000000000000000e+00 4.874999999999995737e+01 6.549999999999995737e+01 4.971428571428565846e+01 0.000000000000000000e+00 0.000000000000000000e+00 0.000000000000000000e+00 0.000000000000000000e+00 0.000000000000000000e+00 3.474999999999998579e+01 4.269999999999997442e+01 5.375000000000001421e+01 0.000000000000000000e+00 0.000000000000000000e+00 0.000000000000000000e+00 0.000000000000000000e+00 0.000000000000000000e+00 0.000000000000000000e+00 0.000000000000000000e+00 0.000000000000000000e+00 0.000000000000000000e+00 0.000000000000000000e+00 0.000000000000000000e+00 9.324999999999998579e+01 0.000000000000000000e+00 0.000000000000000000e+00 7.050000000000000000e+01 0.000000000000000000e+00 0.000000000000000000e+00 0.000000000000000000e+00 0.000000000000000000e+00 3.862499999999995737e+01 4.799999999999995737e+01 0.000000000000000000e+00 0.000000000000000000e+00 0.000000000000000000e+00 0.000000000000000000e+00 0.000000000000000000e+00 4.687499999999995026e+01 0.000000000000000000e+00
0.000000000000000000e+00 0.000000000000000000e+00 0.000000000000000000e+00 3.299999999999999289e+01 2.367613636363635266e+01 1.135054791326649593e+01 8.562242374278644874e+00 7.881150643451927174e+00 2.181858407079645445e+01 1.755419847328244387e+01 4.430769230769229949e+01 4.219642857142856229e+01 4.736363636363633134e+01 0.000000000000000000e+00 2.727777777777776436e+01 2.964705882352940591e+01 8.299999999999992895e+01 5.766666666666665009e+01 0.000000000000000000e+00 0.000000000000000000e+00 0.000000000000000000e+00 0.000000000000000000e+00 0.000000000000000000e+00 0.000000000000000000e+00 0.000000000000000000e+00 0.000000000000000000e+00 0.000000000000000000e+00 7.774999999999994316e+01 7.162499999999997158e+01 7.066666666666664298e+01 6.899999999999994316e+01 7.283928571428569398e+01 7.333333333333330017e+01 8.550000000000007105e+01 8.149999999999995737e+01 0.000000000000000000e+00 0.000000000000000000e+00 3.338333333333331865e+01 2.618872549019607021e+01 2.987499999999998224e+01 0.000000000000000000e+00 0.000000000000000000e+00 0.000000000000000000e+00 0.000000000000000000e+00 3.141346153846152234e+01 0.000000000000000000e+00 0.000000000000000000e+00 0.000000000000000000e+00 0.000000000000000000e+00 0.000000000000000000e+00 0.000000000000000000e+00 0.000000000000000000e+00 0.000000000000000000e+00 0.000000000000000000e+00 0.000000000000000000e+00 0.000000000000000000e+00 0.000000000000000000e+00 0.000000000000000000e+00 0.000000000000000000e+00 0.000000000000000000e+00 0.000000000000000000e+00 0.000000000000000000e+00 0.000000000000000000e+00 0.000000000000000000e+00 0.000000000000000000e+00 0.000000000000000000e+00 0.000000000000000000e+00 0.000000000000000000e+00 0.000000000000000000e+00 0.000000000000000000e+00 0.000000000000000000e+00 0.000000000000000000e+00 0.000000000000000000e+00 0.000000000000000000e+00 0.000000000000000000e+00 0.000000000000000000e+00 0.000000000000000000e+00 0.000000000000000000e+00 0.000000000000000000e+00 0.000000000000000000e+00 0.000000000000000000e+00 0.000000000000000000e+00 0.000000000000000000e+00 0.000000000000000000e+00 0.000000000000000000e+00 0.000000000000000000e+00 0.000000000000000000e+00 0.000000000000000000e+00 0.000000000000000000e+00
0.000000000000000000e+00 0.000000000000000000e+00 0.000000000000000000e+00 3.170833333333332860e+01 2.187026239067054689e+01 1.485445056538126529e+01 7.881150643451927174e+00 8.649680098776517667e+00 1.030071212775140310e+01 1.952225110873221681e+01 3.973055555555554719e+01 2.417301943198803471e+01 3.853768844221104928e+01 7.362499999999998579e+01 3.589772727272725916e+01 1.927056277056276556e+01 2.962499999999999645e+01 5.009821428571426338e+01 6.757999999999998408e+01 0.000000000000000000e+00 8.149999999999998579e+01 9.300000000000002842e+01 0.000000000000000000e+00 1.064999999999999716e+02 8.362500000000000000e+01 7.265789473684210975e+01 7.325000000000000000e+01 6.076923076923075229e+01 4.346428571428570109e+01 4.461965811965810502e+01 6.193650793650792252e+01 6.450504201680671201e+01 6.330769230769229949e+01 6.854545454545451832e+01 7.492241379310344485e+01 6.981249999999997158e+01 7.369444444444444287e+01 2.737096774193547333e+01 2.956557377049179536e+01 6.849999999999995737e+01 0.000000000000000000e+00 7.516666666666667140e+01 7.019999999999997442e+01 7.469999999999998863e+01 2.873076923076921929e+01 7.675000000000000000e+01 0.000000000000000000e+00 4.100000000000000000e+01 3.212499999999998579e+01 0.000000000000000000e+00 4.249999999999997158e+01 0.000000000000000000e+00 4.357999999999996277e+01 6.324999999999997868e+01 4.692857142857139507e+01 7.000000000000001421e+01 0.000000000000000000e+00 5.499999999999998579e+01 2.460344827586206762e+01 2.983333333333332504e+01 5.137499999999998579e+01 5.549999999999999289e+01 0.000000000000000000e+00 0.000000000000000000e+00 0.000000000000000000e+00 0.000000000000000000e+00 0.000000000000000000e+00 0.000000000000000000e+00 0.000000000000000000e+00 0.000000000000000000e+00 0.000000000000000000e+00 1.249999999999999432e+02 0.000000000000000000e+00 0.000000000000000000e+00 0.000000000000000000e+00 0.000000000000000000e+00 0.000000000000000000e+00 0.000000000000000000e+00 0.000000000000000000e+00 0.000000000000000000e+00 4.229999999999996874e+01 4.238888888888885020e+01 0.000000000000000000e+00 0.000000000000000000e+00 0.000000000000000000e+00 0.000000000000000000e+00 0.000000000000000000e+00 4.199999999999995026e+01 0.000000000000000000e+00
0.000000000000000000e+00 0.000000000000000000e+00 0.000000000000000000e+00 4.283333333333331439e+01 3.743262411347517826e+01 3.328538812785387080e+01 2.181858407079645445e+01 1.030071212775140310e+01 1.267900622876557115e+01 2.284998877161463682e+01 2.964634146341462895e+01 3.625405092592591672e+01 1.242257025761124112e+01 0.000000000000000000e+00 2.327623762376236627e+01 3.302755681818182154e+01 3.087466666666666626e+01 5.543220338983047668e+01 5.549166666666666714e+01 0.000000000000000000e+00 6.923333333333332007e+01 8.199999999999998579e+01 0.000000000000000000e+00 9.349999999999997158e+01 6.716666666666665719e+01 5.876250000000000284e+01 6.337499999999999289e+01 5.112711864406779227e+01 2.398743169398906971e+01 2.990075614366728729e+01 4.937500000000000000e+01 5.258239700374532077e+01 5.105589123867069645e+01 5.712790697674418539e+01 6.328932584269662698e+01 5.610000000000000142e+01 6.211111111111110006e+01 2.100298804780876338e+01 1.789946018893387247e+01 4.382608695652174191e+01 0.000000000000000000e+00 5.287500000000000000e+01 6.525000000000000000e+01 6.681250000000000000e+01 4.572222222222220722e+01 3.584375000000000711e+01 0.000000000000000000e+00 5.199999999999994316e+01 5.319999999999996732e+01 0.000000000000000000e+00 5.024999999999998579e+01 6.129999999999999716e+01 5.252272727272725206e+01 5.825000000000000000e+01 5.043749999999997158e+01 0.000000000000000000e+00 7.749999999999991473e+01 0.000000000000000000e+00 3.875000000000000000e+01 3.229411764705882604e+01 5.079999999999999716e+01 6.549999999999997158e+01 0.000000000000000000e+00 0.000000000000000000e+00 0.000000000000000000e+00 0.000000000000000000e+00 0.000000000000000000e+00 0.000000000000000000e+00 0.000000000000000000e+00 0.000000000000000000e+00 0.000000000000000000e+00 0.000000000000000000e+00 1.035000000000000284e+02 1.065000000000000284e+02 7.799999999999992895e+01 8.100000000000000000e+01 0.000000000000000000e+00 0.000000000000000000e+00 0.000000000000000000e+00 0.000000000000000000e+00 4.324999999999999289e+01 5.745454545454546746e+01 0.000000000000000000e+00 0.000000000000000000e+00 0.000000000000000000e+00 0.000000000000000000e+00 0.000000000000000000e+00 5.524999999999998579e+01 0.000000000000000000e+00
0.000000000000000000e+00 0.000000000000000000e+00 0.000000000000000000e+00 1.102816901408450256e+01 1.321041412911084123e+01 1.662536318578020200e+01 1.755419847328244387e+01 1.952225110873221681e+01 2.284998877161463682e+01 1.382905047652664976e+01 1.707813553607551782e+01 1.651356964829686547e+01 4.563839285714283989e+01 4.972222222222222143e+01 2.481811377245508510e+01 2.707737843551796431e+01 2.566733067729083118e+01 4.605964912280700219e+01 6.154929577464787371e+01 0.000000000000000000e+00 1.061250000000000000e+02 9.433333333333331439e+01 0.000000000000000000e+00 0.000000000000000000e+00 7.699999999999995737e+01 7.939285714285713880e+01 0.000000000000000000e+00 7.934615384615382538e+01 5.260829493087555875e+01 6.066799999999997794e+01 7.597959183673469852e+01 6.738496732026142411e+01 6.564649681528659642e+01 7.489285714285713880e+01 8.126190476190475920e+01 7.624999999999997158e+01 8.842857142857143060e+01 2.342225415070241823e+01 2.632393111638953442e+01 4.210194174757279484e+01 0.000000000000000000e+00 4.606249999999997868e+01 7.979999999999999716e+01 6.986363636363634555e+01 3.470454545454543904e+01 4.529464285714283989e+01 0.000000000000000000e+00 4.699999999999997158e+01 4.988888888888886441e+01 0.000000000000000000e+00 5.116666666666660745e+01 5.749999999999995737e+01 4.964705882352938460e+01 7.237499999999997158e+01 6.418421052631576629e+01 8.249999999999994316e+01 0.000000000000000000e+00 6.099999999999994316e+01 3.214912280701753389e+01 3.447727272727271242e+01 5.156249999999997868e+01 5.299999999999998579e+01 0.000000000000000000e+00 0.000000000000000000e+00 0.000000000000000000e+00 0.000000000000000000e+00 0.000000000000000000e+00 0.000000000000000000e+00 0.000000000000000000e+00 0.000000000000000000e+00 0.000000000000000000e+00 0.000000000000000000e+00 0.000000000000000000e+00 0.000000000000000000e+00 0.000000000000000000e+00 7.074999999999997158e+01 0.000000000000000000e+00 0.000000000000000000e+00 0.000000000000000000e+00 0.000000000000000000e+00 4.557692307692303046e+01 5.269696969696965283e+01 1.095000000000000284e+02 0.000000000000000000e+00 8.649999999999997158e+01 0.000000000000000000e+00 0.000000000000000000e+00 0.000000000000000000e+00 0.000000000000000000e+00
0.000000000000000000e+00 0.000000000000000000e+00 0.000000000000000000e+00 0.000000000000000000e+00 4.666911764705880472e+01 4.636585365853657237e+01 4.430769230769229949e+01 3.973055555555554719e+01 2.964634146341462895e+01 1.707813553607551782e+01 1.419960755457444179e+01 2.460848613070051272e+01 1.945046620046619879e+01 3.813157894736841769e+01 2.822346368715083642e+01 4.005531358885016147e+01 2.615366614664585398e+01 2.733032490974729356e+01 4.733146067415730585e+01 0.000000000000000000e+00 6.210000000000002274e+01 8.716666666666668561e+01 1.045000000000000000e+02 1.004999999999999858e+02 6.861111111111111427e+01 5.918461538461539106e+01 6.376923076923076650e+01 5.275675675675675791e+01 2.930445544554455495e+01 3.869039145907473198e+01 4.544886363636363313e+01 4.588844819038175160e+01 4.507483552631579471e+01 5.116279069767441712e+01 5.912676056338028019e+01 5.091176470588236924e+01 6.803333333333333144e+01 2.179964114832534960e+01 2.265589035363046477e+01 2.825226039783001752e+01 0.000000000000000000e+00 3.088095238095237960e+01 6.946428571428570820e+01 4.046825396825396126e+01 4.558333333333333570e+01 3.666917293233082376e+01 6.249999999999997158e+01 0.000000000000000000e+00 6.249999999999995737e+01 0.000000000000000000e+00 0.000000000000000000e+00 5.507142857142854098e+01 5.676470588235291359e+01 5.742857142857138797e+01 5.894444444444442155e+01 6.112499999999999289e+01 0.000000000000000000e+00 5.183333333333331439e+01 5.254347826086954854e+01 4.064285714285713169e+01 3.647619047619046739e+01 6.833333333333331439e+01 0.000000000000000000e+00 0.000000000000000000e+00 0.000000000000000000e+00 0.000000000000000000e+00 0.000000000000000000e+00 0.000000000000000000e+00 0.000000000000000000e+00 0.000000000000000000e+00 0.000000000000000000e+00 0.000000000000000000e+00 6.249999999999994316e+01 0.000000000000000000e+00 5.599999999999996447e+01 5.383333333333332149e+01 0.000000000000000000e+00 0.000000000000000000e+00 0.000000000000000000e+00 0.000000000000000000e+00 4.679411764705881183e+01 5.053124999999997158e+01 4.699999999999998579e+01 0.000000000000000000e+00 0.000000000000000000e+00 0.000000000000000000e+00 6.300000000000001421e+01 6.875000000000000000e+01 0.000000000000000000e+00
0.000000000000000000e+00 0.000000000000000000e+00 0.000000000000000000e+00 6.651404786680541470e+00 1.709012016021361902e+01 2.548134816753926657e+01 4.219642857142856229e+01 2.417301943198803471e+01 3.625405092592591672e+01 1.651356964829686547e+01 2.460848613070051272e+01 1.661931014694730635e+01 2.706159250585480081e+01 1.424770822420115302e+01 3.334368737474949995e+01 2.560702103467879098e+01 1.988534051558291083e+01 2.924061091637455334e+01 4.172947368421052516e+01 0.000000000000000000e+00 8.275000000000000000e+01 7.350000000000001421e+01 0.000000000000000000e+00 0.000000000000000000e+00 8.350000000000000000e+01 7.349999999999998579e+01 4.949999999999997158e+01 7.103571428571429180e+01 3.309222994314592370e+01 4.351926877470355493e+01 6.659615384615383959e+01 5.493524774774774500e+01 4.534375000000000000e+01 6.750000000000000000e+01 8.483333333333332860e+01 8.500000000000000000e+01 9.462500000000000000e+01 2.615949587136027077e+01 3.210863095238094189e+01 3.606839622641509635e+01 0.000000000000000000e+00 3.790384615384614619e+01 7.999999999999997158e+01 4.317999999999999972e+01 4.222222222222220722e+01 4.297340425531915287e+01 0.000000000000000000e+00 4.087499999999997868e+01 4.356249999999997158e+01 0.000000000000000000e+00 4.483333333333329307e+01 5.899999999999996447e+01 5.679411764705878340e+01 6.057692307692305889e+01 8.276264591439685958e+00 7.299999999999997158e+01 2.550000000000002132e+01 6.737499999999997158e+01 3.386249999999997584e+01 2.870689655172412103e+01 3.434444444444444144e+01 4.481034482758620641e+01 0.000000000000000000e+00 0.000000000000000000e+00 0.000000000000000000e+00 0.000000000000000000e+00 0.000000000000000000e+00 0.000000000000000000e+00 0.000000000000000000e+00 0.000000000000000000e+00 0.000000000000000000e+00 7.475000000000000000e+01 9.399999999999997158e+01 8.599999999999997158e+01 8.199999999999998579e+01 5.083333333333332149e+01 0.000000000000000000e+00 0.000000000000000000e+00 5.949999999999997158e+01 0.000000000000000000e+00 4.553333333333331723e+01 5.096874999999997158e+01 7.325000000000000000e+01 0.000000000000000000e+00 3.349999999999998579e+01 0.000000000000000000e+00 0.000000000000000000e+00 3.625000000000001421e+01 0.000000000000000000e+00
0.000000000000000000e+00 0.000000000000000000e+00 0.000000000000000000e+00 0.000000000000000000e+00 5.499999999999998579e+01 5.797619047619046739e+01 4.736363636363633134e+01 3.853768844221104928e+01 1.242257025761124112e+01 4.563839285714283989e+01 1.945046620046619879e+01 2.706159250585480081e+01 1.281888464407622585e+01 8.720378702662166859e+00 2.459112554112554605e+01 5.288943894389436196e+01 3.772404371584698168e+01 2.252767354596623051e+01 3.772463768115942173e+01 7.099999999999997158e+01 6.400000000000000000e+01 5.149999999999998579e+01 0.000000000000000000e+00 9.999999999999997158e+01 5.110000000000000142e+01 1.932047872340425698e+01 3.368055555555555713e+01 4.439682539682539897e+01 1.755846571486024388e+01 2.864864664990385990e+01 4.035245901639343913e+01 3.747538811056418240e+01 3.600363636363636033e+01 5.093055555555556424e+01 5.618269230769230660e+01 4.792857142857143771e+01 5.454545454545454675e+01 2.550302343159486185e+01 2.586106818620823589e+01 3.013617395124095211e+01 0.000000000000000000e+00 2.804285714285714448e+01 4.448275862068965836e+01 3.810627802690582655e+01 6.949999999999997158e+01 3.630519480519480169e+01 0.000000000000000000e+00 7.675000000000001421e+01 7.050000000000000000e+01 0.000000000000000000e+00 8.124999999999994316e+01 7.799999999999998579e+01 6.907692307692305178e+01 5.599999999999997868e+01 5.868749999999997158e+01 5.687499999999997868e+01 5.600000000000000000e+01 7.050000000000000000e+01 6.888461538461537259e+01 5.409999999999996589e+01 3.502173913043476716e+01 4.479999999999997584e+01 6.650000000000002842e+01 0.000000000000000000e+00 0.000000000000000000e+00 0.000000000000000000e+00 0.000000000000000000e+00 0.000000000000000000e+00 0.000000000000000000e+00 0.000000000000000000e+00 0.000000000000000000e+00 6.975000000000001421e+01 8.350000000000000000e+01 0.000000000000000000e+00 8.799999999999991473e+01 4.979999999999999005e+01 0.000000000000000000e+00 0.000000000000000000e+00 0.000000000000000000e+00 0.000000000000000000e+00 5.159090909090907928e+01 5.372499999999998721e+01 5.158333333333332149e+01 0.000000000000000000e+00 5.227777777777776436e+01 7.599999999999998579e+01 7.700000000000000000e+01 0.000000000000000000e+00 0.000000000000000000e+00
0.000000000000000000e+00 0.000000000000000000e+00 0.000000000000000000e+00 0.000000000000000000e+00 6.099999999999999289e+01 0.000000000000000000e+00 0.000000000000000000e+00 7.362499999999998579e+01 0.000000000000000000e+00 4.972222222222222143e+01 3.813157894736841769e+01 1.424770822420115302e+01 8.720378702662166859e+00 9.459736202707393460e+00 3.463636363636364024e+01 4.907142857142854808e+01 3.944444444444442865e+01 8.560000000000000497e+00 2.762500000000000000e+01 0.000000000000000000e+00 0.000000000000000000e+00 0.000000000000000000e+00 0.000000000000000000e+00 0.000000000000000000e+00 0.000000000000000000e+00 0.000000000000000000e+00 0.000000000000000000e+00 6.800000000000001421e+01 9.399925980754998633e+00 4.035256410256411641e+01 5.850000000000001421e+01 1.727323420074349514e+01 1.353846153846153832e+01 0.000000000000000000e+00 0.000000000000000000e+00 0.000000000000000000e+00 0.000000000000000000e+00 3.638461538461538680e+01 3.904347826086956275e+01 3.826190476190476630e+01 0.000000000000000000e+00 2.650000000000001421e+01 5.000000000000000711e+01 4.187500000000000000e+01 0.000000000000000000e+00 3.975000000000001421e+01 0.000000000000000000e+00 0.000000000000000000e+00 0.000000000000000000e+00 0.000000000000000000e+00 0.000000000000000000e+00 0.000000000000000000e+00 0.000000000000000000e+00 0.000000000000000000e+00 4.475000000000000000e+01 0.000000000000000000e+00 0.000000000000000000e+00 0.000000000000000000e+00 0.000000000000000000e+00 0.000000000000000000e+00 0.000000000000000000e+00 5.600000000000001421e+01 0.000000000000000000e+00 0.000000000000000000e+00 0.000000000000000000e+00 0.000000000000000000e+00 0.000000000000000000e+00 0.000000000000000000e+00 0.000000000000000000e+00 0.000000000000000000e+00 0.000000000000000000e+00 0.000000000000000000e+00 0.000000000000000000e+00 0.000000000000000000e+00 0.000000000000000000e+00 0.000000000000000000e+00 0.000000000000000000e+00 0.000000000000000000e+00 0.000000000000000000e+00 0.000000000000000000e+00 0.000000000000000000e+00 0.000000000000000000e+00 0.000000000000000000e+00 0.000000000000000000e+00 4.550000000000002132e+01 0.000000000000000000e+00 0.000000000000000000e+00 0.000000000000000000e+00 0.000000000000000000e+00
0.000000000000000000e+00 0.000000000000000000e+00 0.000000000000000000e+00 3.850000000000002132e+01 2.708888888888888502e+01 1.939189189189188411e+01 2.727777777777776436e+01 3.589772727272725916e+01 2.327623762376236627e+01 2.481811377245508510e+01 2.822346368715083642e+01 3.334368737474949995e+01 2.459112554112554605e+01 3.463636363636364024e+01 1.127859982332155120e+01 4.110144927536230597e+01 3.410714285714285410e+01 2.180645161290322420e+01 2.389433198380566381e+01 1.547999999999999687e+01 2.437671232876711613e+01 3.692592592592590961e+01 2.587499999999999645e+01 1.653612716763004897e+01 2.262971698113207353e+01 2.339816204051011894e+01 1.987626903553298874e+01 3.134523809523808779e+01 2.140875109938434306e+01 2.890850574712642995e+01 4.213180515759311362e+01 3.530960019743336886e+01 3.222356935014548185e+01 4.479047619047619122e+01 5.073878205128203689e+01 4.622047244094486729e+01 4.718823529411763928e+01 2.424678111587982698e+01 8.431595940959406121e+00 1.969283746556473957e+01 0.000000000000000000e+00 2.130209281164694346e+01 1.374483133841131632e+01 1.267047451669595759e+01 1.499999999999999645e+01 2.036521181001283054e+01 0.000000000000000000e+00 0.000000000000000000e+00 4.074999999999997158e+01 0.000000000000000000e+00 0.000000000000000000e+00 3.974999999999996447e+01 4.746666666666664725e+01 5.025000000000001421e+01 5.688888888888886441e+01 0.000000000000000000e+00 0.000000000000000000e+00 6.349999999999998579e+01 3.250000000000001421e+01 3.274999999999999289e+01 0.000000000000000000e+00 3.908823529411763076e+01 0.000000000000000000e+00 0.000000000000000000e+00 5.324999999999998579e+01 0.000000000000000000e+00 0.000000000000000000e+00 0.000000000000000000e+00 0.000000000000000000e+00 6.049999999999997158e+01 7.149999999999995737e+01 6.450000000000000000e+01 5.479999999999997584e+01 0.000000000000000000e+00 6.999999999999998579e+01 3.840909090909088519e+01 0.000000000000000000e+00 0.000000000000000000e+00 0.000000000000000000e+00 0.000000000000000000e+00 6.487500000000001421e+01 5.333333333333330728e+01 5.599999999999998579e+01 0.000000000000000000e+00 3.817073170731705289e+01 4.039999999999999147e+01 5.749999999999998579e+01 0.000000000000000000e+00 0.000000000000000000e+00
0.000000000000000000e+00 0.000000000000000000e+00 0.000000000000000000e+00 3.191666666666665364e+01 1.105361596009974612e+01 2.284008097165990847e+01 2.964705882352940591e+01 1.927056277056276556e+01 3.302755681818182154e+01 2.707737843551796431e+01 4.005531358885016147e+01 2.560702103467879098e+01 5.288943894389436196e+01 4.907142857142854808e+01 4.110144927536230597e+01 7.928080510554735838e+00 1.161899365367180437e+01 3.658395922746779405e+01 4.977351097178681272e+01 0.000000000000000000e+00 1.044999999999999432e+02 0.000000000000000000e+00 0.000000000000000000e+00 0.000000000000000000e+00 1.029999999999999716e+02 8.300000000000001421e+01 6.399999999999995737e+01 7.675000000000000000e+01 6.046052631578945835e+01 6.705617977528088147e+01 8.183333333333331439e+01 7.395714285714284131e+01 6.426229508196719564e+01 0.000000000000000000e+00 9.800000000000000000e+01 0.000000000000000000e+00 9.700000000000000000e+01 1.737262357414447678e+01 2.696778398510241104e+01 4.165714285714283704e+01 0.000000000000000000e+00 5.816666666666666430e+01 8.716666666666664298e+01 6.268749999999998579e+01 8.089965397923872814e+00 4.461111111111110006e+01 0.000000000000000000e+00 2.579999999999997584e+01 4.256249999999997158e+01 3.249999999999992184e+01 3.299999999999995737e+01 4.906249999999997158e+01 3.887804878048777368e+01 5.362499999999996447e+01 4.032926829268290447e+01 7.229999999999999716e+01 4.739999999999997016e+01 8.299999999999997158e+01 2.125409836065573188e+01 2.661538461538460965e+01 3.705624999999997726e+01 4.720370370370368107e+01 0.000000000000000000e+00 0.000000000000000000e+00 0.000000000000000000e+00 0.000000000000000000e+00 0.000000000000000000e+00 0.000000000000000000e+00 0.000000000000000000e+00 0.000000000000000000e+00 0.000000000000000000e+00 7.400000000000000000e+01 0.000000000000000000e+00 7.087499999999994316e+01 6.972727272727269110e+01 5.522058823529410176e+01 0.000000000000000000e+00 0.000000000000000000e+00 0.000000000000000000e+00 0.000000000000000000e+00 3.173999999999996646e+01 4.515789473684208133e+01 5.512499999999998579e+01 0.000000000000000000e+00 5.050000000000003553e+01 0.000000000000000000e+00 5.749999999999990763e+01 1.616666666666665364e+01 3.299999999999999289e+01
0.000000000000000000e+00 0.000000000000000000e+00 0.000000000000000000e+00 2.999999999999996803e+01 2.855555555555555003e+01 3.757608695652174191e+01 8.299999999999992895e+01 2.962499999999999645e+01 3.087466666666666626e+01 2.566733067729083118e+01 2.615366614664585398e+01 1.988534051558291083e+01 3.772404371584698168e+01 3.944444444444442865e+01 3.410714285714285410e+01 1.161899365367180437e+01 9.736970287384309586e+00 2.219306930693067770e+01 3.632142857142856229e+01 0.000000000000000000e+00 0.000000000000000000e+00 0.000000000000000000e+00 1.045000000000000000e+02 1.139999999999999432e+02 0.000000000000000000e+00 8.124999999999997158e+01 0.000000000000000000e+00 0.000000000000000000e+00 4.745161290322580783e+01 5.655660377358490365e+01 0.000000000000000000e+00 6.476562500000000000e+01 4.914583333333333570e+01 7.449999999999998579e+01 0.000000000000000000e+00 0.000000000000000000e+00 0.000000000000000000e+00 2.358749999999999147e+01 2.898917748917748227e+01 3.317777777777777004e+01 0.000000000000000000e+00 4.137499999999999289e+01 8.000000000000001421e+01 3.449999999999998579e+01 2.550000000000001776e+01 4.025000000000001421e+01 2.499999999999995737e+01 3.874999999999998579e+01 3.259999999999998010e+01 0.000000000000000000e+00 3.812499999999995026e+01 3.174999999999997513e+01 3.222499999999997300e+01 4.464285714285710327e+01 3.349999999999997868e+01 5.149999999999999289e+01 3.625000000000001421e+01 4.099999999999995026e+01 1.870535714285713880e+01 1.322807017543859054e+01 2.227678571428570109e+01 3.826785714285712459e+01 0.000000000000000000e+00 0.000000000000000000e+00 0.000000000000000000e+00 0.000000000000000000e+00 0.000000000000000000e+00 0.000000000000000000e+00 0.000000000000000000e+00 0.000000000000000000e+00 0.000000000000000000e+00 0.000000000000000000e+00 7.099999999999994316e+01 5.099999999999999289e+01 5.466666666666665009e+01 3.969999999999998863e+01 0.000000000000000000e+00 0.000000000000000000e+00 0.000000000000000000e+00 0.000000000000000000e+00 2.707692307692305178e+01 3.730769230769229239e+01 0.000000000000000000e+00 0.000000000000000000e+00 0.000000000000000000e+00 0.000000000000000000e+00 0.000000000000000000e+00 0.000000000000000000e+00 0.000000000000000000e+00
