0.000000000000000000e+00 0.000000000000000000e+00 0.000000000000000000e+00 0.000000000000000000e+00 0.000000000000000000e+00 0.000000000000000000e+00 0.000000000000000000e+00 0.000000000000000000e+00 0.000000000000000000e+00 0.000000000000000000e+00 0.000000000000000000e+00 0.000000000000000000e+00 0.000000000000000000e+00 0.000000000000000000e+00 0.000000000000000000e+00 0.000000000000000000e+00 0.000000000000000000e+00 0.000000000000000000e+00 0.000000000000000000e+00 0.000000000000000000e+00 0.000000000000000000e+00 0.000000000000000000e+00 0.000000000000000000e+00 0.000000000000000000e+00 0.000000000000000000e+00 0.000000000000000000e+00 0.000000000000000000e+00 0.000000000000000000e+00 0.000000000000000000e+00 0.000000000000000000e+00 0.000000000000000000e+00 0.000000000000000000e+00 0.000000000000000000e+00 0.000000000000000000e+00 0.000000000000000000e+00 0.000000000000000000e+00 0.000000000000000000e+00 0.000000000000000000e+00 0.000000000000000000e+00 0.000000000000000000e+00 0.000000000000000000e+00 0.000000000000000000e+00 0.000000000000000000e+00 0.000000000000000000e+00 0.000000000000000000e+00 0.000000000000000000e+00 0.000000000000000000e+00 0.000000000000000000e+00 0.000000000000000000e+00 0.000000000000000000e+00 0.000000000000000000e+00 0.000000000000000000e+00 0.000000000000000000e+00 0.000000000000000000e+00 0.000000000000000000e+00 0.000000000000000000e+00 0.000000000000000000e+00 0.000000000000000000e+00 0.000000000000000000e+00 0.000000000000000000e+00 0.000000000000000000e+00 0.000000000000000000e+00 0.000000000000000000e+00 0.000000000000000000e+00 0.000000000000000000e+00 0.000000000000000000e+00 0.000000000000000000e+00 0.000000000000000000e+00 0.000000000000000000e+00 0.000000000000000000e+00 0.000000000000000000e+00 0.000000000000000000e+00 0.000000000000000000e+00 0.000000000000000000e+00 0.000000000000000000e+00 0.000000000000000000e+00 0.000000000000000000e+00 0.000000000000000000e+00 0.000000000000000000e+00 0.000000000000000000e+00 0.000000000000000000e+00 0.000000000000000000e+00 0.000000000000000000e+00 0.000000000000000000e+00 0.000000000000000000e+00 0.000000000000000000e+00 0.000000000000000000e+00 0.000000000000000000e+00 0.000000000000000000e+00
0.000000000000000000e+00 0.000000000000000000e+00 0.000000000000000000e+00 0.000000000000000000e+00 0.000000000000000000e+00 0.000000000000000000e+00 0.000000000000000000e+00 0.000000000000000000e+00 0.000000000000000000e+00 0.000000000000000000e+00 0.000000000000000000e+00 0.000000000000000000e+00 0.000000000000000000e+00 0.000000000000000000e+00 0.000000000000000000e+00 0.000000000000000000e+00 0.000000000000000000e+00 0.000000000000000000e+00 0.000000000000000000e+00 0.000000000000000000e+00 0.000000000000000000e+00 0.000000000000000000e+00 0.000000000000000000e+00 0.000000000000000000e+00 0.000000000000000000e+00 0.000000000000000000e+00 0.000000000000000000e+00 0.000000000000000000e+00 0.000000000000000000e+00 0.000000000000000000e+00 0.000000000000000000e+00 0.000000000000000000e+00 0.000000000000000000e+00 0.000000000000000000e+00 0.000000000000000000e+00 0.000000000000000000e+00 0.000000000000000000e+00 0.000000000000000000e+00 0.000000000000000000e+00 0.000000000000000000e+00 0.000000000000000000e+00 0.000000000000000000e+00 0.000000000000000000e+00 0.000000000000000000e+00 0.000000000000000000e+00 0.000000000000000000e+00 0.000000000000000000e+00 0.000000000000000000e+00 0.000000000000000000e+00 0.000000000000000000e+00 0.000000000000000000e+00 0.000000000000000000e+00 0.000000000000000000e+00 0.000000000000000000e+00 0.000000000000000000e+00 0.000000000000000000e+00 0.000000000000000000e+00 0.000000000000000000e+00 0.000000000000000000e+00 0.000000000000000000e+00 0.000000000000000000e+00 0.000000000000000000e+00 0.000000000000000000e+00 0.000000000000000000e+00 0.000000000000000000e+00 0.000000000000000000e+00 0.000000000000000000e+00 0.000000000000000000e+00 0.000000000000000000e+00 0.000000000000000000e+00 0.000000000000000000e+00 0.000000000000000000e+00 0.000000000000000000e+00 0.000000000000000000e+00 0.000000000000000000e+00 0.000000000000000000e+00 0.000000000000000000e+00 0.000000000000000000e+00 0.000000000000000000e+00 0.000000000000000000e+00 0.000000000000000000e+00 0.000000000000000000e+00 0.000000000000000000e+00 0.000000000000000000e+00 0.000000000000000000e+00 0.000000000000000000e+00 0.000000000000000000e+00 0.000000000000000000e+00 0.000000000000000000e+00
0.000000000000000000e+00 0.000000000000000000e+00 0.000000000000000000e+00 0.000000000000000000e+00 0.000000000000000000e+00 0.000000000000000000e+00 0.000000000000000000e+00 0.000000000000000000e+00 0.000000000000000000e+00 0.000000000000000000e+00 0.000000000000000000e+00 0.000000000000000000e+00 0.000000000000000000e+00 0.000000000000000000e+00 0.000000000000000000e+00 0.000000000000000000e+00 0.000000000000000000e+00 0.000000000000000000e+00 0.000000000000000000e+00 0.000000000000000000e+00 0.000000000000000000e+00 0.000000000000000000e+00 0.000000000000000000e+00 0.000000000000000000e+00 0.000000000000000000e+00 0.000000000000000000e+00 0.000000000000000000e+00 0.000000000000000000e+00 0.000000000000000000e+00 0.000000000000000000e+00 0.000000000000000000e+00 0.000000000000000000e+00 0.000000000000000000e+00 0.000000000000000000e+00 0.000000000000000000e+00 0.000000000000000000e+00 0.000000000000000000e+00 0.000000000000000000e+00 0.000000000000000000e+00 0.000000000000000000e+00 0.000000000000000000e+00 0.000000000000000000e+00 0.000000000000000000e+00 0.000000000000000000e+00 0.000000000000000000e+00 0.000000000000000000e+00 0.000000000000000000e+00 0.000000000000000000e+00 0.000000000000000000e+00 0.000000000000000000e+00 0.000000000000000000e+00 0.000000000000000000e+00 0.000000000000000000e+00 0.000000000000000000e+00 0.000000000000000000e+00 0.000000000000000000e+00 0.000000000000000000e+00 0.000000000000000000e+00 0.000000000000000000e+00 0.000000000000000000e+00 0.000000000000000000e+00 0.000000000000000000e+00 0.000000000000000000e+00 0.000000000000000000e+00 0.000000000000000000e+00 0.000000000000000000e+00 0.000000000000000000e+00 0.000000000000000000e+00 0.000000000000000000e+00 0.000000000000000000e+00 0.000000000000000000e+00 0.000000000000000000e+00 0.000000000000000000e+00 0.000000000000000000e+00 0.000000000000000000e+00 0.000000000000000000e+00 0.000000000000000000e+00 0.000000000000000000e+00 0.000000000000000000e+00 0.000000000000000000e+00 0.000000000000000000e+00 0.000000000000000000e+00 0.000000000000000000e+00 0.000000000000000000e+00 0.000000000000000000e+00 0.000000000000000000e+00 0.000000000000000000e+00 0.000000000000000000e+00 0.000000000000000000e+00
0.000000000000000000e+00 0.000000000000000000e+00 0.000000000000000000e+00 4.622516556291388135e+00 7.726083964211972521e+00 9.016447368421047770e+00 3.099999999999998579e+01 2.500000000000002132e+01 0.000000000000000000e+00 9.269999999999994245e+00 5.050000000000000711e+01 5.997244094488186406e+00 0.000000000000000000e+00 0.000000000000000000e+00 5.450000000000000000e+01 2.749999999999997158e+01 3.600000000000001421e+01 5.899999999999991473e+01 0.000000000000000000e+00 0.000000000000000000e+00 0.000000000000000000e+00 0.000000000000000000e+00 0.000000000000000000e+00 0.000000000000000000e+00 0.000000000000000000e+00 0.000000000000000000e+00 0.000000000000000000e+00 0.000000000000000000e+00 0.000000000000000000e+00 0.000000000000000000e+00 0.000000000000000000e+00 0.000000000000000000e+00 0.000000000000000000e+00 0.000000000000000000e+00 0.000000000000000000e+00 0.000000000000000000e+00 0.000000000000000000e+00 2.694999999999997797e+01 3.334999999999998721e+01 0.000000000000000000e+00 0.000000000000000000e+00 0.000000000000000000e+00 0.000000000000000000e+00 0.000000000000000000e+00 3.133333333333331794e+01 0.000000000000000000e+00 0.000000000000000000e+00 0.000000000000000000e+00 0.000000000000000000e+00 0.000000000000000000e+00 0.000000000000000000e+00 0.000000000000000000e+00 0.000000000000000000e+00 0.000000000000000000e+00 0.000000000000000000e+00 0.000000000000000000e+00 0.000000000000000000e+00 0.000000000000000000e+00 0.000000000000000000e+00 0.000000000000000000e+00 0.000000000000000000e+00 0.000000000000000000e+00 0.000000000000000000e+00 0.000000000000000000e+00 0.000000000000000000e+00 0.000000000000000000e+00 0.000000000000000000e+00 0.000000000000000000e+00 0.000000000000000000e+00 0.000000000000000000e+00 0.000000000000000000e+00 0.000000000000000000e+00 0.000000000000000000e+00 0.000000000000000000e+00 0.000000000000000000e+00 0.000000000000000000e+00 0.000000000000000000e+00 0.000000000000000000e+00 0.000000000000000000e+00 0.000000000000000000e+00 0.000000000000000000e+00 0.000000000000000000e+00 0.000000000000000000e+00 0.000000000000000000e+00 0.000000000000000000e+00 0.000000000000000000e+00 0.000000000000000000e+00 0.000000000000000000e+00 0.000000000000000000e+00
0.000000000000000000e+00 0.000000000000000000e+00 0.000000000000000000e+00 7.726083964211972521e+00 1.008136176066024170e+01 1.051614527389902953e+01 2.725925925925925242e+01 2.591304347826086030e+01 4.068750000000000000e+01 1.829351969504446274e+01 4.527966101694913448e+01 1.810093457943924378e+01 5.149999999999999289e+01 6.166666666666662877e+01 2.990740740740739412e+01 1.216645244215937538e+01 2.975954198473282375e+01 4.933333333333332149e+01 6.379687499999997158e+01 0.000000000000000000e+00 0.000000000000000000e+00 0.000000000000000000e+00 0.000000000000000000e+00 0.000000000000000000e+00 0.000000000000000000e+00 5.949999999999997158e+01 0.000000000000000000e+00 0.000000000000000000e+00 7.124999999999997158e+01 6.816666666666662877e+01 8.400000000000000000e+01 9.016666666666664298e+01 7.888461538461534417e+01 9.199999999999990052e+01 0.000000000000000000e+00 0.000000000000000000e+00 0.000000000000000000e+00 1.180543572044865819e+01 1.556228373702421131e+01 2.628571428571427049e+01 0.000000000000000000e+00 7.207142857142854098e+01 8.774999999999997158e+01 3.224999999999997868e+01 6.551985981308407148e+00 7.458333333333338366e+00 0.000000000000000000e+00 0.000000000000000000e+00 0.000000000000000000e+00 0.000000000000000000e+00 0.000000000000000000e+00 0.000000000000000000e+00 5.607692307692305889e+01 6.399999999999995026e+01 5.449999999999997158e+01 7.025000000000001421e+01 0.000000000000000000e+00 0.000000000000000000e+00 3.145454545454544260e+01 3.574999999999997158e+01 5.149999999999997158e+01 7.633333333333330017e+01 0.000000000000000000e+00 0.000000000000000000e+00 0.000000000000000000e+00 0.000000000000000000e+00 0.000000000000000000e+00 0.000000000000000000e+00 0.000000000000000000e+00 0.000000000000000000e+00 0.000000000000000000e+00 0.000000000000000000e+00 0.000000000000000000e+00 0.000000000000000000e+00 0.000000000000000000e+00 7.399999999999998579e+01 0.000000000000000000e+00 0.000000000000000000e+00 0.000000000000000000e+00 0.000000000000000000e+00 2.666666666666665719e+01 4.027777777777774304e+01 6.799999999999994316e+01 0.000000000000000000e+00 0.000000000000000000e+00 0.000000000000000000e+00 0.000000000000000000e+00 2.349999999999998934e+01 7.937499999999995559e+00
0.000000000000000000e+00 0.000000000000000000e+00 0.000000000000000000e+00 9.016447368421047770e+00 1.051614527389902953e+01 1.284893117831073539e+01 9.198684210526312910e+00 1.265234567901234186e+01 2.578197674418603569e+01 1.616499602227525045e+01 3.953246753246751410e+01 2.457125700560447612e+01 4.533333333333332149e+01 5.999999999999997158e+01 2.443042071197409726e+01 1.710483870967741282e+01 3.550943396226415416e+01 5.761111111111110006e+01 7.196666666666665435e+01 0.000000000000000000e+00 4.300000000000000711e+01 0.000000000000000000e+00 0.000000000000000000e+00 3.699999999999999289e+01 4.024999999999998579e+01 4.059999999999997300e+01 0.000000000000000000e+00 4.699999999999998579e+01 5.862499999999997868e+01 4.998437499999998579e+01 8.299999999999998579e+01 8.449999999999997158e+01 7.530769230769227818e+01 0.000000000000000000e+00 0.000000000000000000e+00 0.000000000000000000e+00 6.699999999999997158e+01 1.805069930069929285e+01 1.763681860178625627e+01 1.852380952380951484e+01 0.000000000000000000e+00 3.768421052631577339e+01 3.592857142857142350e+01 1.925000000000000000e+01 2.012043301759133129e+01 3.190624999999998224e+01 0.000000000000000000e+00 0.000000000000000000e+00 0.000000000000000000e+00 0.000000000000000000e+00 0.000000000000000000e+00 0.000000000000000000e+00 5.299999999999992895e+01 0.000000000000000000e+00 9.749999999999997158e+01 0.000000000000000000e+00 0.000000000000000000e+00 0.000000000000000000e+00 3.589999999999997726e+01 8.024999999999998579e+01 0.000000000000000000e+00 0.000000000000000000e+00 0.000000000000000000e+00 0.000000000000000000e+00 0.000000000000000000e+00 0.000000000000000000e+00 0.000000000000000000e+00 0.000000000000000000e+00 0.000000000000000000e+00 0.000000000000000000e+00 0.000000000000000000e+00 0.000000000000000000e+00 0.000000000000000000e+00 0.000000000000000000e+00 0.000000000000000000e+00 0.000000000000000000e+00 0.000000000000000000e+00 0.000000000000000000e+00 0.000000000000000000e+00 0.000000000000000000e+00 3.366666666666665009e+01 4.299999999999996447e+01 0.000000000000000000e+00 0.000000000000000000e+00 0.000000000000000000e+00 0.000000000000000000e+00 0.000000000000000000e+00 2.710714285714282568e+01 4.449999999999995737e+01
0.000000000000000000e+00 0.000000000000000000e+00 0.000000000000000000e+00 3.099999999999998579e+01 2.725925925925925242e+01 9.198684210526312910e+00 8.093899646054545371e+00 7.706140350877190848e+00 1.747457627118643586e+01 1.185746268656716040e+01 4.725000000000000711e+01 3.795833333333332149e+01 3.399999999999998579e+01 0.000000000000000000e+00 4.114285714285713169e+01 3.081249999999997868e+01 0.000000000000000000e+00 0.000000000000000000e+00 0.000000000000000000e+00 0.000000000000000000e+00 0.000000000000000000e+00 0.000000000000000000e+00 0.000000000000000000e+00 0.000000000000000000e+00 0.000000000000000000e+00 5.999999999999999289e+01 0.000000000000000000e+00 0.000000000000000000e+00 4.549999999999999289e+01 4.369999999999996732e+01 0.000000000000000000e+00 0.000000000000000000e+00 0.000000000000000000e+00 0.000000000000000000e+00 0.000000000000000000e+00 0.000000000000000000e+00 0.000000000000000000e+00 3.031818181818181301e+01 2.703142857142855959e+01 3.149999999999997158e+01 0.000000000000000000e+00 0.000000000000000000e+00 0.000000000000000000e+00 0.000000000000000000e+00 3.716666666666666430e+01 4.349999999999995026e+01 0.000000000000000000e+00 0.000000000000000000e+00 0.000000000000000000e+00 0.000000000000000000e+00 0.000000000000000000e+00 0.000000000000000000e+00 0.000000000000000000e+00 0.000000000000000000e+00 0.000000000000000000e+00 0.000000000000000000e+00 0.000000000000000000e+00 0.000000000000000000e+00 0.000000000000000000e+00 0.000000000000000000e+00 0.000000000000000000e+00 0.000000000000000000e+00 0.000000000000000000e+00 0.000000000000000000e+00 0.000000000000000000e+00 0.000000000000000000e+00 0.000000000000000000e+00 0.000000000000000000e+00 0.000000000000000000e+00 0.000000000000000000e+00 0.000000000000000000e+00 0.000000000000000000e+00 0.000000000000000000e+00 0.000000000000000000e+00 0.000000000000000000e+00 0.000000000000000000e+00 0.000000000000000000e+00 0.000000000000000000e+00 0.000000000000000000e+00 0.000000000000000000e+00 0.000000000000000000e+00 0.000000000000000000e+00 0.000000000000000000e+00 0.000000000000000000e+00 0.000000000000000000e+00 0.000000000000000000e+00 0.000000000000000000e+00 0.000000000000000000e+00 0.000000000000000000e+00
0.000000000000000000e+00 0.000000000000000000e+00 0.000000000000000000e+00 2.500000000000002132e+01 2.591304347826086030e+01 1.265234567901234186e+01 7.706140350877190848e+00 9.172951607734212587e+00 9.196052631578945480e+00 1.720543573943661286e+01 2.798305084745761917e+01 2.676190476190475209e+01 2.710978260869564593e+01 0.000000000000000000e+00 3.202173913043476716e+01 2.323863636363635266e+01 3.466666666666665009e+01 5.116666666666663588e+01 7.169999999999997442e+01 0.000000000000000000e+00 5.549999999999998579e+01 0.000000000000000000e+00 0.000000000000000000e+00 0.000000000000000000e+00 0.000000000000000000e+00 7.024999999999995737e+01 3.874999999999999289e+01 5.499999999999998579e+01 3.418862275449100707e+01 3.484624796084827381e+01 6.414285714285712459e+01 6.910714285714286120e+01 6.099999999999999289e+01 8.499999999999998579e+01 6.949999999999998579e+01 0.000000000000000000e+00 6.533333333333331439e+01 2.443452380952379954e+01 2.327041742286749937e+01 3.724999999999996447e+01 0.000000000000000000e+00 4.149999999999998579e+01 6.649999999999998579e+01 2.349999999999997868e+01 2.965217391304346251e+01 0.000000000000000000e+00 0.000000000000000000e+00 0.000000000000000000e+00 0.000000000000000000e+00 0.000000000000000000e+00 0.000000000000000000e+00 0.000000000000000000e+00 6.649999999999994316e+01 0.000000000000000000e+00 5.449999999999992895e+01 0.000000000000000000e+00 0.000000000000000000e+00 0.000000000000000000e+00 3.139999999999996660e+01 7.599999999999997158e+01 0.000000000000000000e+00 0.000000000000000000e+00 0.000000000000000000e+00 0.000000000000000000e+00 0.000000000000000000e+00 0.000000000000000000e+00 0.000000000000000000e+00 0.000000000000000000e+00 0.000000000000000000e+00 0.000000000000000000e+00 0.000000000000000000e+00 0.000000000000000000e+00 0.000000000000000000e+00 0.000000000000000000e+00 0.000000000000000000e+00 0.000000000000000000e+00 0.000000000000000000e+00 0.000000000000000000e+00 0.000000000000000000e+00 0.000000000000000000e+00 0.000000000000000000e+00 6.199999999999992895e+01 0.000000000000000000e+00 0.000000000000000000e+00 0.000000000000000000e+00 0.000000000000000000e+00 0.000000000000000000e+00 0.000000000000000000e+00 0.000000000000000000e+00
0.000000000000000000e+00 0.000000000000000000e+00 0.000000000000000000e+00 0.000000000000000000e+00 4.068750000000000000e+01 2.578197674418603569e+01 1.747457627118643586e+01 9.196052631578945480e+00 1.194567851373182599e+01 1.521485690235689958e+01 2.347959183673468786e+01 3.063235294117646035e+01 1.063099588853357780e+01 5.349999999999998579e+01 2.016356513222330449e+01 3.662790697674417828e+01 3.426086956521738358e+01 5.233333333333332149e+01 5.737500000000000000e+01 0.000000000000000000e+00 5.700000000000000000e+01 0.000000000000000000e+00 0.000000000000000000e+00 0.000000000000000000e+00 3.199999999999997868e+01 4.499999999999999289e+01 2.853571428571427759e+01 5.149999999999998579e+01 2.043777388255915994e+01 2.594819630872482108e+01 5.686111111111110716e+01 6.116216216216216139e+01 5.625714285714285268e+01 4.450000000000000000e+01 7.574999999999998579e+01 5.250000000000000000e+01 6.116666666666665719e+01 2.728125000000000000e+01 1.826088235294117723e+01 4.700000000000000000e+01 0.000000000000000000e+00 4.700000000000001421e+01 5.987500000000000000e+01 5.524999999999999289e+01 4.433333333333336412e+01 5.699999999999997868e+01 0.000000000000000000e+00 4.700000000000000000e+01 0.000000000000000000e+00 0.000000000000000000e+00 0.000000000000000000e+00 0.000000000000000000e+00 5.931818181818179880e+01 6.199999999999998579e+01 5.504166666666662877e+01 0.000000000000000000e+00 0.000000000000000000e+00 0.000000000000000000e+00 4.005555555555552871e+01 4.199999999999996447e+01 0.000000000000000000e+00 0.000000000000000000e+00 0.000000000000000000e+00 0.000000000000000000e+00 0.000000000000000000e+00 0.000000000000000000e+00 0.000000000000000000e+00 0.000000000000000000e+00 0.000000000000000000e+00 0.000000000000000000e+00 0.000000000000000000e+00 0.000000000000000000e+00 0.000000000000000000e+00 0.000000000000000000e+00 0.000000000000000000e+00 0.000000000000000000e+00 0.000000000000000000e+00 0.000000000000000000e+00 0.000000000000000000e+00 0.000000000000000000e+00 4.350000000000003553e+01 0.000000000000000000e+00 0.000000000000000000e+00 0.000000000000000000e+00 0.000000000000000000e+00 0.000000000000000000e+00 0.000000000000000000e+00 5.149999999999999289e+01 0.000000000000000000e+00
0.000000000000000000e+00 0.000000000000000000e+00 0.000000000000000000e+00 9.269999999999994245e+00 1.829351969504446274e+01 1.616499602227525045e+01 1.185746268656716040e+01 1.720543573943661286e+01 1.521485690235689958e+01 1.211936358073258191e+01 1.382226094532781246e+01 1.347084288260758456e+01 4.124709302325580040e+01 4.972222222222219301e+01 3.198517715112074100e+01 2.210253317249697247e+01 2.069011976047903190e+01 4.371153846153843858e+01 5.978074866310158342e+01 0.000000000000000000e+00 6.450000000000000000e+01 0.000000000000000000e+00 0.000000000000000000e+00 4.499999999999997158e+01 5.250000000000000000e+01 5.983333333333333570e+01 4.070000000000000284e+01 7.587499999999998579e+01 4.768534482758619220e+01 3.632831325301203407e+01 6.887499999999998579e+01 6.949819494584835411e+01 6.390484429065741523e+01 6.977272727272723785e+01 7.836363636363635976e+01 7.166666666666664298e+01 7.012499999999997158e+01 2.077576754385964009e+01 2.402443609022554938e+01 3.656910569105689746e+01 0.000000000000000000e+00 5.399999999999998579e+01 5.872727272727271952e+01 3.616666666666662877e+01 3.075858778625952183e+01 3.399999999999997868e+01 0.000000000000000000e+00 5.683333333333332149e+01 5.023529411764702957e+01 0.000000000000000000e+00 0.000000000000000000e+00 4.958333333333327886e+01 4.594665012406943561e+01 5.246874999999996447e+01 4.434983498349831166e+01 7.562499999999994316e+01 6.999999999999992895e+01 5.099999999999996447e+01 3.039592760180993736e+01 3.064090909090907289e+01 4.744444444444442865e+01 6.371428571428568688e+01 0.000000000000000000e+00 0.000000000000000000e+00 0.000000000000000000e+00 0.000000000000000000e+00 0.000000000000000000e+00 0.000000000000000000e+00 0.000000000000000000e+00 0.000000000000000000e+00 0.000000000000000000e+00 0.000000000000000000e+00 6.549999999999997158e+01 0.000000000000000000e+00 9.200000000000001421e+01 7.550000000000002842e+01 0.000000000000000000e+00 0.000000000000000000e+00 8.599999999999998579e+01 0.000000000000000000e+00 4.001020408163262232e+01 4.782710280373828482e+01 5.142857142857140929e+01 0.000000000000000000e+00 4.650000000000006395e+01 9.049999999999995737e+01 7.200000000000005684e+01 4.213513513513510844e+01 5.949999999999998579e+01
0.000000000000000000e+00 0.000000000000000000e+00 0.000000000000000000e+00 5.050000000000000711e+01 4.527966101694913448e+01 3.953246753246751410e+01 4.725000000000000711e+01 2.798305084745761917e+01 2.347959183673468786e+01 1.382226094532781246e+01 1.333182251908396942e+01 1.843816631130063399e+01 1.639475032010243183e+01 4.292307692307691980e+01 2.616926770708283456e+01 4.059006211180122392e+01 2.374120082815733568e+01 2.654475308641974252e+01 4.627857142857143202e+01 0.000000000000000000e+00 6.326056338028168824e+01 5.849999999999999289e+01 7.749999999999998579e+01 9.139999999999999147e+01 7.170000000000000284e+01 6.068124999999999858e+01 5.981249999999999289e+01 5.692682926829268553e+01 3.305467869222096766e+01 3.414907904834996089e+01 5.077752976190475920e+01 5.212384378211716296e+01 4.735765731614859675e+01 5.067315175097276381e+01 6.010249999999999915e+01 5.581600000000000250e+01 6.240797546012269947e+01 1.869642857142856229e+01 2.207083815506695146e+01 3.035474860335195402e+01 0.000000000000000000e+00 5.123076923076923350e+01 6.232558139534881292e+01 6.755555555555554292e+01 4.730769230769229239e+01 5.857142857142856940e+01 0.000000000000000000e+00 5.649999999999999289e+01 7.400000000000002842e+01 0.000000000000000000e+00 6.549999999999995737e+01 6.049999999999994316e+01 4.685294117647055145e+01 4.852173913043475295e+01 4.552369668246441847e+01 5.324999999999997158e+01 4.499999999999998579e+01 8.749999999999998579e+01 4.259999999999995879e+01 3.419999999999998153e+01 3.168518518518516913e+01 6.019999999999997442e+01 0.000000000000000000e+00 0.000000000000000000e+00 8.849999999999995737e+01 0.000000000000000000e+00 0.000000000000000000e+00 0.000000000000000000e+00 0.000000000000000000e+00 0.000000000000000000e+00 0.000000000000000000e+00 7.499999999999995737e+01 6.949999999999998579e+01 8.999999999999997158e+01 8.949999999999997158e+01 9.024999999999994316e+01 0.000000000000000000e+00 0.000000000000000000e+00 0.000000000000000000e+00 7.599999999999998579e+01 4.474999999999997158e+01 5.347058823529410176e+01 4.299999999999998579e+01 0.000000000000000000e+00 4.000000000000002842e+01 0.000000000000000000e+00 0.000000000000000000e+00 6.099999999999995026e+01 0.000000000000000000e+00
0.000000000000000000e+00 0.000000000000000000e+00 0.000000000000000000e+00 5.997244094488186406e+00 1.810093457943924378e+01 2.457125700560447612e+01 3.795833333333332149e+01 2.676190476190475209e+01 3.063235294117646035e+01 1.347084288260758456e+01 1.843816631130063399e+01 1.517848469458423466e+01 2.113970315398886868e+01 1.545769118929921504e+01 3.983908045977010204e+01 2.209636831569916282e+01 1.823606557377048176e+01 2.430262199563000891e+01 4.148888091822094992e+01 0.000000000000000000e+00 7.566666666666664298e+01 7.237499999999998579e+01 0.000000000000000000e+00 0.000000000000000000e+00 6.450000000000001421e+01 5.971875000000000000e+01 0.000000000000000000e+00 6.020833333333333570e+01 3.617619047619047734e+01 4.747325102880658676e+01 5.773245614035087669e+01 4.834951923076923208e+01 4.312602230483271626e+01 5.431249999999998579e+01 7.553571428571429180e+01 6.166666666666666430e+01 7.318181818181815856e+01 2.335097323600972175e+01 3.236267166042445353e+01 3.301999999999999602e+01 0.000000000000000000e+00 5.068032786885245855e+01 5.642372881355932179e+01 5.189999999999999147e+01 3.663418530351436431e+01 3.612500000000000000e+01 0.000000000000000000e+00 5.616666666666666430e+01 5.354545454545454675e+01 0.000000000000000000e+00 5.924999999999995737e+01 5.342857142857137376e+01 4.596782608695648520e+01 4.778521126760561089e+01 3.408409090909088945e+01 5.186956521739129755e+01 1.415625000000000533e+01 6.299999999999999289e+01 3.361986301369861962e+01 3.192801556420231890e+01 3.022540983606556608e+01 4.891666666666666430e+01 0.000000000000000000e+00 0.000000000000000000e+00 0.000000000000000000e+00 0.000000000000000000e+00 0.000000000000000000e+00 0.000000000000000000e+00 0.000000000000000000e+00 0.000000000000000000e+00 0.000000000000000000e+00 5.350000000000002132e+01 6.016666666666665719e+01 7.149999999999997158e+01 5.333333333333331439e+01 7.749999999999997158e+01 0.000000000000000000e+00 0.000000000000000000e+00 0.000000000000000000e+00 0.000000000000000000e+00 3.977272727272725206e+01 5.188613861386136961e+01 5.261111111111110716e+01 0.000000000000000000e+00 5.649999999999997868e+01 8.249999999999997158e+01 5.875000000000000711e+01 4.558333333333332149e+01 0.000000000000000000e+00
0.000000000000000000e+00 0.000000000000000000e+00 0.000000000000000000e+00 0.000000000000000000e+00 5.149999999999999289e+01 4.533333333333332149e+01 3.399999999999998579e+01 2.710978260869564593e+01 1.063099588853357780e+01 4.124709302325580040e+01 1.639475032010243183e+01 2.113970315398886868e+01 1.316231356186172974e+01 8.618928296067849715e+00 2.655095108695652328e+01 5.506730769230767208e+01 3.920114942528733337e+01 2.089880000000000138e+01 3.548159831756046145e+01 0.000000000000000000e+00 6.319696969696969546e+01 5.150000000000000000e+01 7.400000000000000000e+01 0.000000000000000000e+00 6.750000000000000000e+01 2.031003584229390668e+01 4.939285714285713169e+01 4.873417721518987378e+01 1.670058247041420074e+01 2.574372108393919234e+01 4.417567567567567721e+01 3.429330647660365372e+01 3.538148584905660954e+01 4.285763888888888573e+01 5.729044117647058698e+01 4.895238095238094900e+01 5.522340425531914576e+01 2.185614525139665076e+01 2.313909508660304581e+01 2.852053680357870391e+01 0.000000000000000000e+00 3.229259259259259096e+01 5.304237288135593076e+01 3.706745182012848261e+01 6.116666666666662877e+01 3.556967213114754145e+01 0.000000000000000000e+00 0.000000000000000000e+00 0.000000000000000000e+00 0.000000000000000000e+00 0.000000000000000000e+00 0.000000000000000000e+00 6.602777777777777146e+01 5.476315789473682827e+01 5.222916666666665009e+01 4.819565217391303236e+01 5.100000000000000000e+01 0.000000000000000000e+00 5.383333333333332149e+01 4.686734693877548352e+01 3.529710144927535254e+01 4.228947368421052744e+01 0.000000000000000000e+00 0.000000000000000000e+00 0.000000000000000000e+00 0.000000000000000000e+00 0.000000000000000000e+00 0.000000000000000000e+00 0.000000000000000000e+00 0.000000000000000000e+00 0.000000000000000000e+00 6.025000000000000000e+01 5.199999999999995026e+01 8.799999999999997158e+01 0.000000000000000000e+00 6.662499999999998579e+01 9.799999999999994316e+01 0.000000000000000000e+00 0.000000000000000000e+00 0.000000000000000000e+00 4.883333333333331439e+01 5.383333333333333570e+01 4.964285714285714590e+01 0.000000000000000000e+00 3.589473684210525306e+01 0.000000000000000000e+00 5.525000000000000000e+01 7.099999999999998579e+01 0.000000000000000000e+00
0.000000000000000000e+00 0.000000000000000000e+00 0.000000000000000000e+00 0.000000000000000000e+00 6.166666666666662877e+01 5.999999999999997158e+01 0.000000000000000000e+00 0.000000000000000000e+00 5.349999999999998579e+01 4.972222222222219301e+01 4.292307692307691980e+01 1.545769118929921504e+01 8.618928296067849715e+00 9.908217362491713587e+00 2.452777777777777857e+01 5.099999999999997158e+01 3.972499999999999432e+01 8.343558282208588750e+00 2.112337662337662536e+01 0.000000000000000000e+00 0.000000000000000000e+00 0.000000000000000000e+00 0.000000000000000000e+00 0.000000000000000000e+00 0.000000000000000000e+00 4.250000000000000000e+01 5.300000000000001421e+01 4.350000000000000000e+01 1.024169772958319236e+01 3.222058823529411598e+01 4.987500000000001421e+01 1.533445190156599303e+01 1.564552238805970141e+01 3.049999999999998934e+01 0.000000000000000000e+00 0.000000000000000000e+00 3.750000000000000000e+01 3.069999999999999929e+01 4.393750000000000711e+01 3.604545454545454675e+01 0.000000000000000000e+00 2.583333333333332860e+01 4.050000000000001421e+01 4.555555555555554292e+01 6.649999999999998579e+01 4.099999999999997158e+01 0.000000000000000000e+00 0.000000000000000000e+00 0.000000000000000000e+00 0.000000000000000000e+00 0.000000000000000000e+00 0.000000000000000000e+00 6.549999999999997158e+01 0.000000000000000000e+00 5.262499999999997868e+01 6.000000000000000000e+01 0.000000000000000000e+00 0.000000000000000000e+00 0.000000000000000000e+00 0.000000000000000000e+00 2.300000000000000000e+01 3.899999999999995737e+01 0.000000000000000000e+00 0.000000000000000000e+00 0.000000000000000000e+00 0.000000000000000000e+00 0.000000000000000000e+00 0.000000000000000000e+00 0.000000000000000000e+00 0.000000000000000000e+00 0.000000000000000000e+00 0.000000000000000000e+00 0.000000000000000000e+00 0.000000000000000000e+00 0.000000000000000000e+00 3.299999999999996447e+01 0.000000000000000000e+00 0.000000000000000000e+00 0.000000000000000000e+00 0.000000000000000000e+00 0.000000000000000000e+00 0.000000000000000000e+00 0.000000000000000000e+00 0.000000000000000000e+00 0.000000000000000000e+00 4.999999999999998579e+01 0.000000000000000000e+00 0.000000000000000000e+00 0.000000000000000000e+00
0.000000000000000000e+00 0.000000000000000000e+00 0.000000000000000000e+00 5.450000000000000000e+01 2.990740740740739412e+01 2.443042071197409726e+01 4.114285714285713169e+01 3.202173913043476716e+01 2.016356513222330449e+01 3.198517715112074100e+01 2.616926770708283456e+01 3.983908045977010204e+01 2.655095108695652328e+01 2.452777777777777857e+01 1.040533534938978200e+01 4.649999999999997868e+01 4.426666666666665151e+01 2.179255319148936110e+01 2.659102564102563804e+01 1.662727272727272165e+01 3.469245283018866388e+01 3.468181818181816567e+01 2.505982905982905962e+01 1.735784313725489270e+01 2.327024185068348316e+01 1.953073394495412884e+01 1.655860113421549684e+01 2.365792410714285054e+01 2.101606805293005564e+01 2.523590814196241894e+01 3.855126903553298234e+01 2.904538956397426830e+01 2.864160583941605864e+01 4.763414634146341342e+01 4.505842391304346961e+01 4.655882352941175384e+01 4.306770833333332149e+01 2.298295454545453964e+01 8.594251547256893886e+00 1.777731092436974336e+01 0.000000000000000000e+00 2.324894869638351125e+01 1.461587389380530944e+01 1.193085106382978822e+01 3.549999999999998579e+01 2.191366906474819487e+01 0.000000000000000000e+00 0.000000000000000000e+00 0.000000000000000000e+00 0.000000000000000000e+00 0.000000000000000000e+00 0.000000000000000000e+00 8.129999999999994031e+01 8.174999999999994316e+01 6.049999999999997868e+01 5.099999999999996447e+01 0.000000000000000000e+00 4.349999999999997158e+01 0.000000000000000000e+00 0.000000000000000000e+00 3.449999999999999289e+01 3.287499999999999289e+01 0.000000000000000000e+00 0.000000000000000000e+00 0.000000000000000000e+00 0.000000000000000000e+00 0.000000000000000000e+00 0.000000000000000000e+00 0.000000000000000000e+00 0.000000000000000000e+00 0.000000000000000000e+00 0.000000000000000000e+00 4.724999999999993605e+01 5.299999999999999289e+01 5.049999999999997868e+01 3.433333333333332860e+01 0.000000000000000000e+00 0.000000000000000000e+00 0.000000000000000000e+00 0.000000000000000000e+00 0.000000000000000000e+00 6.449999999999992895e+01 5.000000000000000000e+01 0.000000000000000000e+00 4.169999999999998153e+01 0.000000000000000000e+00 0.000000000000000000e+00 0.000000000000000000e+00 0.000000000000000000e+00
0.000000000000000000e+00 0.000000000000000000e+00 0.000000000000000000e+00 2.749999999999997158e+01 1.216645244215937538e+01 1.710483870967741282e+01 3.081249999999997868e+01 2.323863636363635266e+01 3.662790697674417828e+01 2.210253317249697247e+01 4.059006211180122392e+01 2.209636831569916282e+01 5.506730769230767208e+01 5.099999999999997158e+01 4.649999999999997868e+01 7.785247883917771894e+00 1.241756947715496828e+01 4.083529411764704520e+01 6.017213114754097347e+01 0.000000000000000000e+00 0.000000000000000000e+00 0.000000000000000000e+00 4.600000000000000000e+01 0.000000000000000000e+00 0.000000000000000000e+00 8.700000000000000000e+01 0.000000000000000000e+00 8.349999999999997158e+01 7.033333333333331439e+01 6.761111111111110006e+01 7.600000000000000000e+01 7.633962264150942190e+01 6.920769230769228386e+01 0.000000000000000000e+00 0.000000000000000000e+00 0.000000000000000000e+00 0.000000000000000000e+00 1.067369901547115951e+01 2.408347978910367715e+01 4.102499999999999147e+01 0.000000000000000000e+00 6.429411764705879762e+01 5.725000000000001421e+01 5.249999999999997158e+01 1.124196787148593657e+01 2.749999999999997513e+01 0.000000000000000000e+00 2.674999999999998224e+01 3.783333333333331439e+01 0.000000000000000000e+00 0.000000000000000000e+00 4.419999999999997442e+01 3.691477272727269821e+01 4.704999999999998295e+01 3.839516129032255520e+01 6.875000000000001421e+01 0.000000000000000000e+00 3.399999999999995737e+01 1.709558823529411242e+01 2.428124999999998934e+01 4.590624999999998579e+01 5.572222222222221433e+01 0.000000000000000000e+00 0.000000000000000000e+00 0.000000000000000000e+00 0.000000000000000000e+00 0.000000000000000000e+00 0.000000000000000000e+00 0.000000000000000000e+00 0.000000000000000000e+00 0.000000000000000000e+00 0.000000000000000000e+00 7.350000000000002842e+01 8.699999999999991473e+01 0.000000000000000000e+00 7.299999999999998579e+01 0.000000000000000000e+00 0.000000000000000000e+00 0.000000000000000000e+00 0.000000000000000000e+00 3.229999999999997584e+01 3.632352941176469585e+01 5.333333333333329307e+01 0.000000000000000000e+00 6.175000000000001421e+01 0.000000000000000000e+00 6.300000000000007105e+01 2.222727272727272307e+01 2.099999999999996447e+01
0.000000000000000000e+00 0.000000000000000000e+00 0.000000000000000000e+00 3.600000000000001421e+01 2.975954198473282375e+01 3.550943396226415416e+01 0.000000000000000000e+00 3.466666666666665009e+01 3.426086956521738358e+01 2.069011976047903190e+01 2.374120082815733568e+01 1.823606557377048176e+01 3.920114942528733337e+01 3.972499999999999432e+01 4.426666666666665151e+01 1.241756947715496828e+01 8.620612061206115229e+00 1.783047210300428986e+01 3.927746478873239511e+01 0.000000000000000000e+00 0.000000000000000000e+00 0.000000000000000000e+00 0.000000000000000000e+00 0.000000000000000000e+00 0.000000000000000000e+00 8.074999999999997158e+01 0.000000000000000000e+00 0.000000000000000000e+00 5.157142857142855519e+01 5.814285714285712459e+01 7.534999999999999432e+01 6.358208955223879144e+01 5.396236559139784816e+01 0.000000000000000000e+00 0.000000000000000000e+00 0.000000000000000000e+00 6.950000000000000000e+01 2.656140350877192091e+01 3.323636363636362745e+01 3.728571428571427759e+01 0.000000000000000000e+00 4.741269841269841123e+01 4.965625000000000000e+01 7.749999999999997158e+01 2.925465838509316185e+01 0.000000000000000000e+00 5.349999999999993605e+01 3.299999999999998579e+01 3.833333333333334281e+01 4.600000000000000000e+01 3.799999999999995737e+01 3.979999999999997584e+01 3.146557377049177973e+01 3.362999999999997414e+01 2.958999999999998209e+01 5.052777777777775015e+01 2.750000000000002132e+01 4.074999999999997158e+01 2.036821705426356033e+01 2.037096774193547333e+01 2.024999999999999645e+01 4.158536585365852289e+01 0.000000000000000000e+00 6.449999999999998579e+01 7.249999999999992895e+01 0.000000000000000000e+00 0.000000000000000000e+00 0.000000000000000000e+00 0.000000000000000000e+00 0.000000000000000000e+00 7.449999999999995737e+01 5.299999999999997868e+01 7.762499999999998579e+01 8.950000000000000000e+01 5.924999999999994316e+01 5.724999999999998579e+01 0.000000000000000000e+00 0.000000000000000000e+00 0.000000000000000000e+00 7.899999999999997158e+01 2.793181818181816567e+01 3.840517241379307478e+01 4.174999999999997868e+01 0.000000000000000000e+00 4.637499999999999289e+01 6.666666666666665719e+01 0.000000000000000000e+00 3.036363636363634910e+01 3.624999999999995737e+01
