0.000000000000000000e+00 0.000000000000000000e+00 0.000000000000000000e+00 0.000000000000000000e+00 0.000000000000000000e+00 0.000000000000000000e+00 0.000000000000000000e+00 0.000000000000000000e+00 0.000000000000000000e+00 0.000000000000000000e+00 0.000000000000000000e+00 0.000000000000000000e+00 0.000000000000000000e+00 0.000000000000000000e+00 0.000000000000000000e+00 0.000000000000000000e+00 0.000000000000000000e+00 0.000000000000000000e+00 0.000000000000000000e+00 0.000000000000000000e+00 0.000000000000000000e+00 0.000000000000000000e+00 0.000000000000000000e+00 0.000000000000000000e+00 0.000000000000000000e+00 0.000000000000000000e+00 0.000000000000000000e+00 0.000000000000000000e+00 0.000000000000000000e+00 0.000000000000000000e+00 0.000000000000000000e+00 0.000000000000000000e+00 0.000000000000000000e+00 0.000000000000000000e+00 0.000000000000000000e+00 0.000000000000000000e+00 0.000000000000000000e+00 0.000000000000000000e+00 0.000000000000000000e+00 0.000000000000000000e+00 0.000000000000000000e+00 0.000000000000000000e+00 0.000000000000000000e+00 0.000000000000000000e+00 0.000000000000000000e+00 0.000000000000000000e+00 0.000000000000000000e+00 0.000000000000000000e+00 0.000000000000000000e+00 0.000000000000000000e+00 0.000000000000000000e+00 0.000000000000000000e+00 0.000000000000000000e+00 0.000000000000000000e+00 0.000000000000000000e+00 0.000000000000000000e+00 0.000000000000000000e+00 0.000000000000000000e+00 0.000000000000000000e+00 0.000000000000000000e+00 0.000000000000000000e+00 0.000000000000000000e+00 0.000000000000000000e+00 0.000000000000000000e+00 0.000000000000000000e+00 0.000000000000000000e+00 0.000000000000000000e+00 0.000000000000000000e+00 0.000000000000000000e+00 0.000000000000000000e+00 0.000000000000000000e+00 0.000000000000000000e+00 0.000000000000000000e+00 0.000000000000000000e+00 0.000000000000000000e+00 0.000000000000000000e+00 0.000000000000000000e+00 0.000000000000000000e+00 0.000000000000000000e+00 0.000000000000000000e+00 0.000000000000000000e+00 0.000000000000000000e+00 0.000000000000000000e+00 0.000000000000000000e+00 0.000000000000000000e+00 0.000000000000000000e+00 0.000000000000000000e+00 0.000000000000000000e+00 0.000000000000000000e+00
0.000000000000000000e+00 0.000000000000000000e+00 0.000000000000000000e+00 0.000000000000000000e+00 0.000000000000000000e+00 0.000000000000000000e+00 0.000000000000000000e+00 0.000000000000000000e+00 0.000000000000000000e+00 0.000000000000000000e+00 0.000000000000000000e+00 0.000000000000000000e+00 0.000000000000000000e+00 0.000000000000000000e+00 0.000000000000000000e+00 0.000000000000000000e+00 0.000000000000000000e+00 0.000000000000000000e+00 0.000000000000000000e+00 0.000000000000000000e+00 0.000000000000000000e+00 0.000000000000000000e+00 0.000000000000000000e+00 0.000000000000000000e+00 0.000000000000000000e+00 0.000000000000000000e+00 0.000000000000000000e+00 0.000000000000000000e+00 0.000000000000000000e+00 0.000000000000000000e+00 0.000000000000000000e+00 0.000000000000000000e+00 0.000000000000000000e+00 0.000000000000000000e+00 0.000000000000000000e+00 0.000000000000000000e+00 0.000000000000000000e+00 0.000000000000000000e+00 0.000000000000000000e+00 0.000000000000000000e+00 0.000000000000000000e+00 0.000000000000000000e+00 0.000000000000000000e+00 0.000000000000000000e+00 0.000000000000000000e+00 0.000000000000000000e+00 0.000000000000000000e+00 0.000000000000000000e+00 0.000000000000000000e+00 0.000000000000000000e+00 0.000000000000000000e+00 0.000000000000000000e+00 0.000000000000000000e+00 0.000000000000000000e+00 0.000000000000000000e+00 0.000000000000000000e+00 0.000000000000000000e+00 0.000000000000000000e+00 0.000000000000000000e+00 0.000000000000000000e+00 0.000000000000000000e+00 0.000000000000000000e+00 0.000000000000000000e+00 0.000000000000000000e+00 0.000000000000000000e+00 0.000000000000000000e+00 0.000000000000000000e+00 0.000000000000000000e+00 0.000000000000000000e+00 0.000000000000000000e+00 0.000000000000000000e+00 0.000000000000000000e+00 0.000000000000000000e+00 0.000000000000000000e+00 0.000000000000000000e+00 0.000000000000000000e+00 0.000000000000000000e+00 0.000000000000000000e+00 0.000000000000000000e+00 0.000000000000000000e+00 0.000000000000000000e+00 0.000000000000000000e+00 0.000000000000000000e+00 0.000000000000000000e+00 0.000000000000000000e+00 0.000000000000000000e+00 0.000000000000000000e+00 0.000000000000000000e+00 0.000000000000000000e+00
0.000000000000000000e+00 0.000000000000000000e+00 0.000000000000000000e+00 0.000000000000000000e+00 0.000000000000000000e+00 0.000000000000000000e+00 0.000000000000000000e+00 0.000000000000000000e+00 0.000000000000000000e+00 0.000000000000000000e+00 0.000000000000000000e+00 0.000000000000000000e+00 0.000000000000000000e+00 0.000000000000000000e+00 0.000000000000000000e+00 0.000000000000000000e+00 0.000000000000000000e+00 0.000000000000000000e+00 0.000000000000000000e+00 0.000000000000000000e+00 0.000000000000000000e+00 0.000000000000000000e+00 0.000000000000000000e+00 0.000000000000000000e+00 0.000000000000000000e+00 0.000000000000000000e+00 0.000000000000000000e+00 0.000000000000000000e+00 0.000000000000000000e+00 0.000000000000000000e+00 0.000000000000000000e+00 0.000000000000000000e+00 0.000000000000000000e+00 0.000000000000000000e+00 0.000000000000000000e+00 0.000000000000000000e+00 0.000000000000000000e+00 0.000000000000000000e+00 0.000000000000000000e+00 0.000000000000000000e+00 0.000000000000000000e+00 0.000000000000000000e+00 0.000000000000000000e+00 0.000000000000000000e+00 0.000000000000000000e+00 0.000000000000000000e+00 0.000000000000000000e+00 0.000000000000000000e+00 0.000000000000000000e+00 0.000000000000000000e+00 0.000000000000000000e+00 0.000000000000000000e+00 0.000000000000000000e+00 0.000000000000000000e+00 0.000000000000000000e+00 0.000000000000000000e+00 0.000000000000000000e+00 0.000000000000000000e+00 0.000000000000000000e+00 0.000000000000000000e+00 0.000000000000000000e+00 0.000000000000000000e+00 0.000000000000000000e+00 0.000000000000000000e+00 0.000000000000000000e+00 0.000000000000000000e+00 0.000000000000000000e+00 0.000000000000000000e+00 0.000000000000000000e+00 0.000000000000000000e+00 0.000000000000000000e+00 0.000000000000000000e+00 0.000000000000000000e+00 0.000000000000000000e+00 0.000000000000000000e+00 0.000000000000000000e+00 0.000000000000000000e+00 0.000000000000000000e+00 0.000000000000000000e+00 0.000000000000000000e+00 0.000000000000000000e+00 0.000000000000000000e+00 0.000000000000000000e+00 0.000000000000000000e+00 0.000000000000000000e+00 0.000000000000000000e+00 0.000000000000000000e+00 0.000000000000000000e+00 0.000000000000000000e+00
0.000000000000000000e+00 0.000000000000000000e+00 0.000000000000000000e+00 4.978142076502725999e+00 7.214045698924727468e+00 1.194956772334293227e+01 2.999999999999998934e+01 2.999999999999997868e+01 3.816666666666665719e+01 1.003306451612902350e+01 4.627777777777775015e+01 9.844626967830247821e+00 6.549999999999992895e+01 6.099999999999998579e+01 4.259999999999998010e+01 2.034374999999998579e+01 3.999999999999997158e+01 7.324999999999995737e+01 7.549999999999994316e+01 0.000000000000000000e+00 0.000000000000000000e+00 0.000000000000000000e+00 0.000000000000000000e+00 0.000000000000000000e+00 0.000000000000000000e+00 0.000000000000000000e+00 0.000000000000000000e+00 0.000000000000000000e+00 7.449999999999990052e+01 6.875000000000000000e+01 0.000000000000000000e+00 8.699999999999991473e+01 8.449999999999992895e+01 0.000000000000000000e+00 0.000000000000000000e+00 0.000000000000000000e+00 0.000000000000000000e+00 2.899180327868851137e+01 3.372388059701489738e+01 0.000000000000000000e+00 0.000000000000000000e+00 0.000000000000000000e+00 0.000000000000000000e+00 0.000000000000000000e+00 3.049999999999995026e+01 0.000000000000000000e+00 0.000000000000000000e+00 0.000000000000000000e+00 0.000000000000000000e+00 0.000000000000000000e+00 0.000000000000000000e+00 0.000000000000000000e+00 0.000000000000000000e+00 0.000000000000000000e+00 0.000000000000000000e+00 0.000000000000000000e+00 0.000000000000000000e+00 0.000000000000000000e+00 0.000000000000000000e+00 0.000000000000000000e+00 0.000000000000000000e+00 0.000000000000000000e+00 0.000000000000000000e+00 0.000000000000000000e+00 0.000000000000000000e+00 0.000000000000000000e+00 0.000000000000000000e+00 0.000000000000000000e+00 0.000000000000000000e+00 0.000000000000000000e+00 0.000000000000000000e+00 0.000000000000000000e+00 0.000000000000000000e+00 0.000000000000000000e+00 0.000000000000000000e+00 0.000000000000000000e+00 0.000000000000000000e+00 0.000000000000000000e+00 0.000000000000000000e+00 0.000000000000000000e+00 0.000000000000000000e+00 0.000000000000000000e+00 0.000000000000000000e+00 0.000000000000000000e+00 0.000000000000000000e+00 0.000000000000000000e+00 0.000000000000000000e+00 0.000000000000000000e+00 0.000000000000000000e+00
0.000000000000000000e+00 0.000000000000000000e+00 0.000000000000000000e+00 7.214045698924727468e+00 9.432071269487744658e+00 8.871149548148860475e+00 2.841428571428570038e+01 2.483636363636362887e+01 3.503571428571427049e+01 1.287535491198182314e+01 4.381818181818180591e+01 1.471659919028339480e+01 6.435714285714281857e+01 5.942857142857137376e+01 2.453594771241828809e+01 1.342762186115213296e+01 3.174999999999998579e+01 5.045238095238092768e+01 6.297916666666662877e+01 0.000000000000000000e+00 0.000000000000000000e+00 0.000000000000000000e+00 0.000000000000000000e+00 0.000000000000000000e+00 4.400000000000004263e+01 0.000000000000000000e+00 0.000000000000000000e+00 0.000000000000000000e+00 7.287499999999995737e+01 6.005555555555551450e+01 0.000000000000000000e+00 7.695833333333330017e+01 7.111538461538455635e+01 0.000000000000000000e+00 0.000000000000000000e+00 0.000000000000000000e+00 0.000000000000000000e+00 1.181044957472660428e+01 1.944996740547586711e+01 3.097368421052630438e+01 0.000000000000000000e+00 4.524999999999997158e+01 0.000000000000000000e+00 2.650000000000000000e+01 6.402088036117377534e+00 1.908333333333333215e+01 0.000000000000000000e+00 0.000000000000000000e+00 4.049999999999997868e+01 0.000000000000000000e+00 0.000000000000000000e+00 0.000000000000000000e+00 5.949999999999998579e+01 0.000000000000000000e+00 6.999999999999995737e+01 0.000000000000000000e+00 0.000000000000000000e+00 0.000000000000000000e+00 2.583333333333332504e+01 3.074999999999999289e+01 0.000000000000000000e+00 0.000000000000000000e+00 0.000000000000000000e+00 0.000000000000000000e+00 0.000000000000000000e+00 0.000000000000000000e+00 0.000000000000000000e+00 0.000000000000000000e+00 0.000000000000000000e+00 0.000000000000000000e+00 0.000000000000000000e+00 0.000000000000000000e+00 0.000000000000000000e+00 0.000000000000000000e+00 1.205000000000000142e+02 9.850000000000002842e+01 0.000000000000000000e+00 0.000000000000000000e+00 0.000000000000000000e+00 0.000000000000000000e+00 2.046153846153845279e+01 3.537499999999997868e+01 0.000000000000000000e+00 0.000000000000000000e+00 0.000000000000000000e+00 0.000000000000000000e+00 0.000000000000000000e+00 1.650000000000000000e+01 0.000000000000000000e+00
0.000000000000000000e+00 0.000000000000000000e+00 0.000000000000000000e+00 1.194956772334293227e+01 8.871149548148860475e+00 1.426205586495703415e+01 1.129564744287268496e+01 1.488326421078311057e+01 2.915151515151513806e+01 1.647640758431031216e+01 4.167295597484274339e+01 2.385104236718223802e+01 5.491428571428570393e+01 5.805555555555550740e+01 2.342586206896550394e+01 2.086086175942548238e+01 3.388636363636362603e+01 5.649999999999997868e+01 6.411999999999997613e+01 0.000000000000000000e+00 7.999999999999997158e+01 0.000000000000000000e+00 0.000000000000000000e+00 4.199999999999992184e+01 4.133333333333333570e+01 4.194117647058821063e+01 4.899999999999997868e+01 6.741666666666661456e+01 6.471428571428567977e+01 5.604999999999996874e+01 7.022727272727270531e+01 7.450819672131144955e+01 7.282558139534882002e+01 8.499999999999995737e+01 8.253571428571426338e+01 0.000000000000000000e+00 5.333333333333329307e+01 1.769248349415946464e+01 1.914513462446857517e+01 2.392666666666665520e+01 0.000000000000000000e+00 4.033333333333332149e+01 4.316666666666665009e+01 2.355660377358490010e+01 1.576973684210525306e+01 3.818421052631578050e+01 0.000000000000000000e+00 0.000000000000000000e+00 0.000000000000000000e+00 0.000000000000000000e+00 0.000000000000000000e+00 0.000000000000000000e+00 0.000000000000000000e+00 6.949999999999997158e+01 4.500000000000007816e+01 0.000000000000000000e+00 0.000000000000000000e+00 0.000000000000000000e+00 3.031818181818180236e+01 3.824999999999997158e+01 0.000000000000000000e+00 0.000000000000000000e+00 0.000000000000000000e+00 0.000000000000000000e+00 0.000000000000000000e+00 0.000000000000000000e+00 0.000000000000000000e+00 0.000000000000000000e+00 0.000000000000000000e+00 0.000000000000000000e+00 0.000000000000000000e+00 0.000000000000000000e+00 0.000000000000000000e+00 0.000000000000000000e+00 0.000000000000000000e+00 8.150000000000005684e+01 0.000000000000000000e+00 0.000000000000000000e+00 0.000000000000000000e+00 0.000000000000000000e+00 3.458333333333329307e+01 4.828571428571424207e+01 0.000000000000000000e+00 0.000000000000000000e+00 6.099999999999997158e+01 0.000000000000000000e+00 0.000000000000000000e+00 2.349999999999995737e+01 0.000000000000000000e+00
0.000000000000000000e+00 0.000000000000000000e+00 0.000000000000000000e+00 2.999999999999998934e+01 2.841428571428570038e+01 1.129564744287268496e+01 8.269433080070129449e+00 7.449676200755527944e+00 2.031736526946107091e+01 1.346293065852594317e+01 4.959090909090907928e+01 3.284545454545452969e+01 5.231249999999998579e+01 0.000000000000000000e+00 3.540677966101693386e+01 2.631666666666665577e+01 3.399999999999996447e+01 0.000000000000000000e+00 0.000000000000000000e+00 0.000000000000000000e+00 0.000000000000000000e+00 0.000000000000000000e+00 0.000000000000000000e+00 0.000000000000000000e+00 0.000000000000000000e+00 0.000000000000000000e+00 0.000000000000000000e+00 0.000000000000000000e+00 5.349999999999997868e+01 5.021428571428567977e+01 8.199999999999992895e+01 8.849999999999995737e+01 7.350000000000004263e+01 0.000000000000000000e+00 0.000000000000000000e+00 0.000000000000000000e+00 0.000000000000000000e+00 2.939999999999997726e+01 2.938352272727271597e+01 3.678571428571428470e+01 0.000000000000000000e+00 0.000000000000000000e+00 0.000000000000000000e+00 5.874999999999990052e+01 0.000000000000000000e+00 6.025000000000001421e+01 0.000000000000000000e+00 0.000000000000000000e+00 0.000000000000000000e+00 0.000000000000000000e+00 0.000000000000000000e+00 0.000000000000000000e+00 0.000000000000000000e+00 6.149999999999997158e+01 0.000000000000000000e+00 0.000000000000000000e+00 0.000000000000000000e+00 0.000000000000000000e+00 0.000000000000000000e+00 0.000000000000000000e+00 0.000000000000000000e+00 0.000000000000000000e+00 0.000000000000000000e+00 0.000000000000000000e+00 0.000000000000000000e+00 0.000000000000000000e+00 0.000000000000000000e+00 0.000000000000000000e+00 0.000000000000000000e+00 0.000000000000000000e+00 0.000000000000000000e+00 0.000000000000000000e+00 0.000000000000000000e+00 0.000000000000000000e+00 0.000000000000000000e+00 0.000000000000000000e+00 0.000000000000000000e+00 0.000000000000000000e+00 0.000000000000000000e+00 0.000000000000000000e+00 0.000000000000000000e+00 0.000000000000000000e+00 0.000000000000000000e+00 0.000000000000000000e+00 0.000000000000000000e+00 0.000000000000000000e+00 0.000000000000000000e+00 0.000000000000000000e+00 0.000000000000000000e+00
0.000000000000000000e+00 0.000000000000000000e+00 0.000000000000000000e+00 2.999999999999997868e+01 2.483636363636362887e+01 1.488326421078311057e+01 7.449676200755527944e+00 8.330172225855678292e+00 9.503474635163305706e+00 1.813771676300577340e+01 3.621428571428570820e+01 2.278749999999998366e+01 3.410483870967740927e+01 6.899999999999994316e+01 3.437668161434977065e+01 2.135752688172042113e+01 2.217857142857142350e+01 5.259999999999998010e+01 5.850000000000000000e+01 0.000000000000000000e+00 8.049999999999997158e+01 0.000000000000000000e+00 8.600000000000001421e+01 9.399999999999997158e+01 6.899999999999994316e+01 7.489999999999997726e+01 4.569999999999998863e+01 6.474999999999995737e+01 4.276470588235292780e+01 3.783757062146891315e+01 6.414285714285713880e+01 6.223809523809521949e+01 6.564999999999996305e+01 0.000000000000000000e+00 7.599999999999998579e+01 0.000000000000000000e+00 6.256249999999997868e+01 3.033783783783782084e+01 2.719999999999998508e+01 3.522222222222220012e+01 0.000000000000000000e+00 4.533333333333333570e+01 6.512499999999997158e+01 4.399999999999996447e+01 2.533333333333330017e+01 3.899999999999997158e+01 0.000000000000000000e+00 0.000000000000000000e+00 0.000000000000000000e+00 0.000000000000000000e+00 0.000000000000000000e+00 0.000000000000000000e+00 0.000000000000000000e+00 0.000000000000000000e+00 0.000000000000000000e+00 0.000000000000000000e+00 0.000000000000000000e+00 0.000000000000000000e+00 2.549999999999999289e+01 0.000000000000000000e+00 0.000000000000000000e+00 0.000000000000000000e+00 0.000000000000000000e+00 0.000000000000000000e+00 0.000000000000000000e+00 0.000000000000000000e+00 0.000000000000000000e+00 0.000000000000000000e+00 0.000000000000000000e+00 0.000000000000000000e+00 0.000000000000000000e+00 0.000000000000000000e+00 0.000000000000000000e+00 0.000000000000000000e+00 0.000000000000000000e+00 0.000000000000000000e+00 0.000000000000000000e+00 0.000000000000000000e+00 0.000000000000000000e+00 0.000000000000000000e+00 0.000000000000000000e+00 0.000000000000000000e+00 0.000000000000000000e+00 0.000000000000000000e+00 0.000000000000000000e+00 0.000000000000000000e+00 0.000000000000000000e+00 0.000000000000000000e+00 0.000000000000000000e+00
0.000000000000000000e+00 0.000000000000000000e+00 0.000000000000000000e+00 3.816666666666665719e+01 3.503571428571427049e+01 2.915151515151513806e+01 2.031736526946107091e+01 9.503474635163305706e+00 1.199013073570879229e+01 2.070889276373146615e+01 2.446546310832024673e+01 2.955626134301270014e+01 9.729623287671230969e+00 5.349999999999997868e+01 2.227499999999999147e+01 3.328491620111731919e+01 2.553891050583657574e+01 4.992592592592590961e+01 5.592857142857141639e+01 6.849999999999997158e+01 6.735185185185184764e+01 6.050000000000002132e+01 6.600000000000000000e+01 8.516666666666664298e+01 6.333333333333332149e+01 6.056666666666665577e+01 3.469999999999998153e+01 4.584999999999998721e+01 2.520406360424027525e+01 2.680917394757743111e+01 5.688679245283018560e+01 5.649999999999997868e+01 5.603921568627450966e+01 5.010000000000000142e+01 6.347916666666666430e+01 6.058333333333333570e+01 5.684375000000000000e+01 2.252338766832033556e+01 1.716525423728813138e+01 2.963636363636362958e+01 0.000000000000000000e+00 5.899999999999997868e+01 5.975000000000000000e+01 4.712499999999998579e+01 2.769999999999999574e+01 4.296428571428571530e+01 0.000000000000000000e+00 0.000000000000000000e+00 5.599999999999997158e+01 0.000000000000000000e+00 0.000000000000000000e+00 0.000000000000000000e+00 5.174999999999995737e+01 0.000000000000000000e+00 4.124999999999996447e+01 0.000000000000000000e+00 0.000000000000000000e+00 0.000000000000000000e+00 5.400000000000002842e+01 2.662499999999998579e+01 4.400000000000001421e+01 6.199999999999995026e+01 0.000000000000000000e+00 0.000000000000000000e+00 0.000000000000000000e+00 0.000000000000000000e+00 0.000000000000000000e+00 0.000000000000000000e+00 0.000000000000000000e+00 0.000000000000000000e+00 0.000000000000000000e+00 0.000000000000000000e+00 0.000000000000000000e+00 0.000000000000000000e+00 0.000000000000000000e+00 0.000000000000000000e+00 0.000000000000000000e+00 0.000000000000000000e+00 0.000000000000000000e+00 0.000000000000000000e+00 0.000000000000000000e+00 3.899999999999994316e+01 0.000000000000000000e+00 0.000000000000000000e+00 9.150000000000000000e+01 0.000000000000000000e+00 0.000000000000000000e+00 0.000000000000000000e+00 0.000000000000000000e+00
0.000000000000000000e+00 0.000000000000000000e+00 0.000000000000000000e+00 1.003306451612902350e+01 1.287535491198182314e+01 1.647640758431031216e+01 1.346293065852594317e+01 1.813771676300577340e+01 2.070889276373146615e+01 1.227138416342146598e+01 1.736385012135921357e+01 1.374576622658463521e+01 4.375404858299593513e+01 5.126515151515148716e+01 2.648489492119087885e+01 2.164986737400529293e+01 2.220132325141775809e+01 4.637238493723846489e+01 5.950377358490563040e+01 9.449999999999995737e+01 7.964285714285713880e+01 6.999999999999995737e+01 0.000000000000000000e+00 9.399999999999998579e+01 7.768181818181817277e+01 7.731034482758619220e+01 4.449999999999997868e+01 6.218181818181815856e+01 4.819818652849738783e+01 4.419388888888887124e+01 6.153869047619045318e+01 6.366362807657244360e+01 6.189946619217079160e+01 6.762499999999998579e+01 7.388596491228068430e+01 7.791666666666664298e+01 6.572321428571426338e+01 2.608751846381090900e+01 2.760615207704467977e+01 4.322647058823527288e+01 0.000000000000000000e+00 4.923913043478258800e+01 6.924999999999998579e+01 4.844565217391302525e+01 3.355357142857141639e+01 5.438181818181816851e+01 0.000000000000000000e+00 3.699999999999999289e+01 4.183333333333330017e+01 0.000000000000000000e+00 0.000000000000000000e+00 0.000000000000000000e+00 5.489999999999995595e+01 6.849999999999998579e+01 5.043749999999996447e+01 6.899999999999998579e+01 0.000000000000000000e+00 0.000000000000000000e+00 2.399999999999998224e+01 3.604545454545453254e+01 4.212499999999997158e+01 0.000000000000000000e+00 0.000000000000000000e+00 0.000000000000000000e+00 0.000000000000000000e+00 0.000000000000000000e+00 0.000000000000000000e+00 0.000000000000000000e+00 0.000000000000000000e+00 0.000000000000000000e+00 0.000000000000000000e+00 0.000000000000000000e+00 0.000000000000000000e+00 0.000000000000000000e+00 8.699999999999991473e+01 0.000000000000000000e+00 0.000000000000000000e+00 0.000000000000000000e+00 0.000000000000000000e+00 0.000000000000000000e+00 3.612499999999994316e+01 4.799999999999997158e+01 0.000000000000000000e+00 0.000000000000000000e+00 6.250000000000000000e+01 0.000000000000000000e+00 0.000000000000000000e+00 0.000000000000000000e+00 0.000000000000000000e+00
0.000000000000000000e+00 0.000000000000000000e+00 0.000000000000000000e+00 4.627777777777775015e+01 4.381818181818180591e+01 4.167295597484274339e+01 4.959090909090907928e+01 3.621428571428570820e+01 2.446546310832024673e+01 1.736385012135921357e+01 1.400076890217855663e+01 2.239758620689655189e+01 1.654140669313670031e+01 3.472222222222222143e+01 2.290965092402463910e+01 3.988596491228068430e+01 2.664754098360655021e+01 3.310029940119760283e+01 4.958441558441558783e+01 0.000000000000000000e+00 6.247999999999998977e+01 5.462499999999998579e+01 6.933333333333335702e+01 8.862499999999997158e+01 6.390909090909090651e+01 6.198360655737705116e+01 5.100000000000000711e+01 4.852816901408450434e+01 2.948591065292096047e+01 3.237382629107981558e+01 4.487089871611983227e+01 4.427230565371024795e+01 4.487625083388925873e+01 5.101851851851851904e+01 5.670507812500000000e+01 5.584782608695653039e+01 4.918750000000000000e+01 2.224896978021977390e+01 2.429606481481481595e+01 2.889617486338797292e+01 0.000000000000000000e+00 3.141233766233766289e+01 5.184482758620689680e+01 3.531578947368419819e+01 3.063888888888887507e+01 3.508205689277899353e+01 0.000000000000000000e+00 0.000000000000000000e+00 0.000000000000000000e+00 0.000000000000000000e+00 0.000000000000000000e+00 0.000000000000000000e+00 5.308333333333326465e+01 5.166666666666662877e+01 4.824999999999995737e+01 5.749999999999995737e+01 0.000000000000000000e+00 5.749999999999996447e+01 4.374999999999997868e+01 3.433333333333330728e+01 3.392857142857140929e+01 6.750000000000004263e+01 0.000000000000000000e+00 0.000000000000000000e+00 0.000000000000000000e+00 0.000000000000000000e+00 0.000000000000000000e+00 0.000000000000000000e+00 0.000000000000000000e+00 0.000000000000000000e+00 0.000000000000000000e+00 0.000000000000000000e+00 0.000000000000000000e+00 1.024999999999999574e+02 0.000000000000000000e+00 8.099999999999991473e+01 0.000000000000000000e+00 0.000000000000000000e+00 0.000000000000000000e+00 0.000000000000000000e+00 5.899999999999996447e+01 4.924999999999997868e+01 5.216666666666662877e+01 0.000000000000000000e+00 0.000000000000000000e+00 0.000000000000000000e+00 0.000000000000000000e+00 0.000000000000000000e+00 0.000000000000000000e+00
0.000000000000000000e+00 0.000000000000000000e+00 0.000000000000000000e+00 9.844626967830247821e+00 1.471659919028339480e+01 2.385104236718223802e+01 3.284545454545452969e+01 2.278749999999998366e+01 2.955626134301270014e+01 1.374576622658463521e+01 2.239758620689655189e+01 1.593210168812485072e+01 2.267382025136353008e+01 1.396292296616270612e+01 2.871219256933541786e+01 1.944467425025851881e+01 1.799284756370137828e+01 2.608295674628792327e+01 4.333160621761656728e+01 0.000000000000000000e+00 7.342857142857143060e+01 0.000000000000000000e+00 8.199999999999994316e+01 9.399999999999998579e+01 5.049999999999998579e+01 6.070000000000000284e+01 5.800000000000000711e+01 4.993999999999999773e+01 3.393883566691230413e+01 4.185220125786163692e+01 5.184693877551020336e+01 4.427004387714399058e+01 4.306723716381417688e+01 5.337500000000000711e+01 7.036764705882353610e+01 6.375000000000000711e+01 7.530769230769229239e+01 2.610750228728269917e+01 2.948946397998154723e+01 3.531780366056572262e+01 0.000000000000000000e+00 3.377536231884057827e+01 7.233333333333332860e+01 4.200813008130080561e+01 3.871428571428570109e+01 3.813623978201634657e+01 0.000000000000000000e+00 4.699999999999992895e+01 4.324999999999995026e+01 0.000000000000000000e+00 0.000000000000000000e+00 0.000000000000000000e+00 4.565384615384610356e+01 5.516666666666662877e+01 7.136704119850184824e+00 2.799999999999998224e+01 1.716666666666667140e+01 5.225000000000000000e+01 2.773999999999998067e+01 2.640624999999998579e+01 2.949999999999998579e+01 5.233333333333329307e+01 0.000000000000000000e+00 0.000000000000000000e+00 0.000000000000000000e+00 0.000000000000000000e+00 0.000000000000000000e+00 0.000000000000000000e+00 0.000000000000000000e+00 0.000000000000000000e+00 0.000000000000000000e+00 0.000000000000000000e+00 0.000000000000000000e+00 0.000000000000000000e+00 6.900000000000000000e+01 2.599999999999996803e+01 0.000000000000000000e+00 0.000000000000000000e+00 0.000000000000000000e+00 0.000000000000000000e+00 4.614285714285711748e+01 4.883333333333329307e+01 5.025000000000000000e+01 0.000000000000000000e+00 0.000000000000000000e+00 0.000000000000000000e+00 0.000000000000000000e+00 4.849999999999994316e+01 0.000000000000000000e+00
0.000000000000000000e+00 0.000000000000000000e+00 0.000000000000000000e+00 6.549999999999992895e+01 6.435714285714281857e+01 5.491428571428570393e+01 5.231249999999998579e+01 3.410483870967740927e+01 9.729623287671230969e+00 4.375404858299593513e+01 1.654140669313670031e+01 2.267382025136353008e+01 1.357375296658185881e+01 8.670165932949542409e+00 2.298233282674772937e+01 5.484374999999997868e+01 4.188405797101448513e+01 2.089145299145299361e+01 3.448251748251748694e+01 4.683333333333333570e+01 5.574666666666666970e+01 4.837499999999998579e+01 5.484615384615384670e+01 6.835416666666664298e+01 4.875000000000000000e+01 2.146288209606986896e+01 3.953448275862069750e+01 3.989823008849557340e+01 1.691710833982852691e+01 2.575928833071690249e+01 4.220973154362415869e+01 3.123224647692732958e+01 3.226881720430107237e+01 5.643939393939393767e+01 5.683838383838384090e+01 5.540909090909090651e+01 4.838617886178861482e+01 2.584393063583815220e+01 2.464423326133910308e+01 2.898897264098269844e+01 0.000000000000000000e+00 2.739958448753462505e+01 4.945876288659793829e+01 3.646367521367521647e+01 4.549999999999997868e+01 3.633556149732620355e+01 0.000000000000000000e+00 0.000000000000000000e+00 0.000000000000000000e+00 0.000000000000000000e+00 0.000000000000000000e+00 0.000000000000000000e+00 7.099999999999997158e+01 5.316666666666665009e+01 5.924999999999997158e+01 5.850000000000000711e+01 0.000000000000000000e+00 0.000000000000000000e+00 1.014999999999999716e+02 4.900000000000000711e+01 3.925000000000000000e+01 4.450000000000000000e+01 0.000000000000000000e+00 0.000000000000000000e+00 0.000000000000000000e+00 0.000000000000000000e+00 0.000000000000000000e+00 0.000000000000000000e+00 0.000000000000000000e+00 0.000000000000000000e+00 0.000000000000000000e+00 0.000000000000000000e+00 6.699999999999994316e+01 0.000000000000000000e+00 0.000000000000000000e+00 6.200000000000000000e+01 0.000000000000000000e+00 0.000000000000000000e+00 0.000000000000000000e+00 0.000000000000000000e+00 0.000000000000000000e+00 5.337499999999999289e+01 4.400000000000000711e+01 0.000000000000000000e+00 5.999999999999998579e+01 0.000000000000000000e+00 0.000000000000000000e+00 0.000000000000000000e+00 0.000000000000000000e+00
0.000000000000000000e+00 0.000000000000000000e+00 0.000000000000000000e+00 6.099999999999998579e+01 5.942857142857137376e+01 5.805555555555550740e+01 0.000000000000000000e+00 6.899999999999994316e+01 5.349999999999997868e+01 5.126515151515148716e+01 3.472222222222222143e+01 1.396292296616270612e+01 8.670165932949542409e+00 1.031820480404551077e+01 2.875333333333334096e+01 5.040909090909088519e+01 2.989393939393938027e+01 9.699186991869918728e+00 2.147058823529411953e+01 0.000000000000000000e+00 0.000000000000000000e+00 0.000000000000000000e+00 0.000000000000000000e+00 0.000000000000000000e+00 0.000000000000000000e+00 6.383333333333334281e+01 3.660000000000000853e+01 6.150000000000000711e+01 1.028454113240167089e+01 3.276190476190477341e+01 1.949999999999998934e+01 1.423059360730593603e+01 1.512721893491124270e+01 0.000000000000000000e+00 5.350000000000002842e+01 0.000000000000000000e+00 5.499999999999998579e+01 3.028124999999999645e+01 3.483536585365853711e+01 2.875675675675675791e+01 0.000000000000000000e+00 2.539285714285713524e+01 0.000000000000000000e+00 3.539999999999999147e+01 0.000000000000000000e+00 4.683333333333333570e+01 0.000000000000000000e+00 0.000000000000000000e+00 0.000000000000000000e+00 0.000000000000000000e+00 0.000000000000000000e+00 0.000000000000000000e+00 0.000000000000000000e+00 0.000000000000000000e+00 2.093750000000000000e+01 0.000000000000000000e+00 0.000000000000000000e+00 0.000000000000000000e+00 0.000000000000000000e+00 0.000000000000000000e+00 0.000000000000000000e+00 0.000000000000000000e+00 0.000000000000000000e+00 0.000000000000000000e+00 0.000000000000000000e+00 0.000000000000000000e+00 0.000000000000000000e+00 0.000000000000000000e+00 0.000000000000000000e+00 0.000000000000000000e+00 0.000000000000000000e+00 0.000000000000000000e+00 0.000000000000000000e+00 0.000000000000000000e+00 0.000000000000000000e+00 0.000000000000000000e+00 0.000000000000000000e+00 0.000000000000000000e+00 0.000000000000000000e+00 0.000000000000000000e+00 0.000000000000000000e+00 0.000000000000000000e+00 0.000000000000000000e+00 0.000000000000000000e+00 0.000000000000000000e+00 0.000000000000000000e+00 0.000000000000000000e+00 0.000000000000000000e+00 0.000000000000000000e+00
0.000000000000000000e+00 0.000000000000000000e+00 0.000000000000000000e+00 4.259999999999998010e+01 2.453594771241828809e+01 2.342586206896550394e+01 3.540677966101693386e+01 3.437668161434977065e+01 2.227499999999999147e+01 2.648489492119087885e+01 2.290965092402463910e+01 2.871219256933541786e+01 2.298233282674772937e+01 2.875333333333334096e+01 1.219180364282540729e+01 2.931910569105690101e+01 2.504081632653060652e+01 2.240988372093023173e+01 2.558457943925233380e+01 1.531818181818181834e+01 3.252544529262086570e+01 3.073584905660376521e+01 2.358464566929133355e+01 1.594278606965173140e+01 2.306120689655171674e+01 2.116626213592232375e+01 1.972633136094674100e+01 3.591273584905659533e+01 1.985045372050816681e+01 2.112682069311903632e+01 4.190254872563716759e+01 3.266127938517178819e+01 3.179929161747342548e+01 4.830714285714284273e+01 4.662210242587600817e+01 5.171830985915491397e+01 3.759999999999998721e+01 1.992690058479531956e+01 8.353316668154626257e+00 1.947435897435897090e+01 0.000000000000000000e+00 2.107900318133615514e+01 1.646100628930817322e+01 1.092315573770492065e+01 2.149999999999999645e+01 1.949623706491062336e+01 0.000000000000000000e+00 0.000000000000000000e+00 4.450000000000000000e+01 0.000000000000000000e+00 0.000000000000000000e+00 0.000000000000000000e+00 5.424999999999995737e+01 5.989999999999999147e+01 6.533333333333331439e+01 5.716666666666665719e+01 0.000000000000000000e+00 0.000000000000000000e+00 3.733333333333333570e+01 3.124999999999999289e+01 2.812500000000001066e+01 4.859999999999998010e+01 0.000000000000000000e+00 0.000000000000000000e+00 0.000000000000000000e+00 0.000000000000000000e+00 0.000000000000000000e+00 0.000000000000000000e+00 0.000000000000000000e+00 0.000000000000000000e+00 0.000000000000000000e+00 0.000000000000000000e+00 0.000000000000000000e+00 0.000000000000000000e+00 4.625000000000000000e+01 4.866666666666665719e+01 0.000000000000000000e+00 0.000000000000000000e+00 0.000000000000000000e+00 0.000000000000000000e+00 3.112499999999997158e+01 4.279999999999995453e+01 6.649999999999998579e+01 0.000000000000000000e+00 4.312499999999997868e+01 0.000000000000000000e+00 0.000000000000000000e+00 0.000000000000000000e+00 0.000000000000000000e+00
0.000000000000000000e+00 0.000000000000000000e+00 0.000000000000000000e+00 2.034374999999998579e+01 1.342762186115213296e+01 2.086086175942548238e+01 2.631666666666665577e+01 2.135752688172042113e+01 3.328491620111731919e+01 2.164986737400529293e+01 3.988596491228068430e+01 1.944467425025851881e+01 5.484374999999997868e+01 5.040909090909088519e+01 2.931910569105690101e+01 6.709377901578456260e+00 1.003519488074461385e+01 3.886126373626370878e+01 4.942817487855651848e+01 0.000000000000000000e+00 0.000000000000000000e+00 0.000000000000000000e+00 0.000000000000000000e+00 0.000000000000000000e+00 6.999999999999998579e+01 8.024999999999995737e+01 6.233333333333330728e+01 7.700000000000004263e+01 6.161428571428568546e+01 6.601666666666663730e+01 7.299999999999998579e+01 6.655511811023619373e+01 5.253561253561250766e+01 7.999999999999994316e+01 8.900000000000000000e+01 0.000000000000000000e+00 7.899999999999998579e+01 1.398251748251747273e+01 2.424512040557666381e+01 4.247959183673467720e+01 0.000000000000000000e+00 4.458333333333330728e+01 8.800000000000000000e+01 6.191666666666662877e+01 9.361111111111101835e+00 4.708333333333331439e+01 4.350000000000000000e+01 1.550000000000000178e+01 3.349999999999996447e+01 0.000000000000000000e+00 0.000000000000000000e+00 5.724999999999994316e+01 3.635294117647054435e+01 5.424999999999995026e+01 3.829999999999998295e+01 0.000000000000000000e+00 0.000000000000000000e+00 0.000000000000000000e+00 1.454166666666665897e+01 1.889393939393939092e+01 3.317499999999997584e+01 4.705555555555553582e+01 0.000000000000000000e+00 0.000000000000000000e+00 0.000000000000000000e+00 0.000000000000000000e+00 0.000000000000000000e+00 0.000000000000000000e+00 0.000000000000000000e+00 0.000000000000000000e+00 0.000000000000000000e+00 0.000000000000000000e+00 6.249999999999992895e+01 0.000000000000000000e+00 6.583333333333330017e+01 5.499999999999996447e+01 0.000000000000000000e+00 0.000000000000000000e+00 0.000000000000000000e+00 0.000000000000000000e+00 2.035714285714285054e+01 3.409374999999997158e+01 6.500000000000001421e+01 0.000000000000000000e+00 0.000000000000000000e+00 0.000000000000000000e+00 0.000000000000000000e+00 2.624999999999996447e+01 0.000000000000000000e+00
0.000000000000000000e+00 0.000000000000000000e+00 0.000000000000000000e+00 3.999999999999997158e+01 3.174999999999998579e+01 3.388636363636362603e+01 3.399999999999996447e+01 2.217857142857142350e+01 2.553891050583657574e+01 2.220132325141775809e+01 2.664754098360655021e+01 1.799284756370137828e+01 4.188405797101448513e+01 2.989393939393938027e+01 2.504081632653060652e+01 1.003519488074461385e+01 9.186234817813758724e+00 2.343845879414910982e+01 3.784171597633133644e+01 0.000000000000000000e+00 0.000000000000000000e+00 0.000000000000000000e+00 0.000000000000000000e+00 0.000000000000000000e+00 0.000000000000000000e+00 5.499999999999998579e+01 4.824999999999999289e+01 0.000000000000000000e+00 5.259756097560974553e+01 5.015909090909089940e+01 5.749999999999998579e+01 5.363513513513510844e+01 3.961654135338343963e+01 0.000000000000000000e+00 0.000000000000000000e+00 0.000000000000000000e+00 0.000000000000000000e+00 1.729575163398692084e+01 2.442111368909511881e+01 3.446721311475408100e+01 0.000000000000000000e+00 3.473076923076921929e+01 0.000000000000000000e+00 4.528571428571427049e+01 0.000000000000000000e+00 3.971428571428568688e+01 0.000000000000000000e+00 3.699999999999997158e+01 3.766666666666665009e+01 3.449999999999989342e+01 0.000000000000000000e+00 2.719642857142853032e+01 3.360989010989008108e+01 4.082142857142853387e+01 2.737777777777776933e+01 3.724999999999997158e+01 3.599999999999997868e+01 3.449999999999997158e+01 1.767948717948716819e+01 1.060526315789473450e+01 1.668181818181817277e+01 3.699999999999998579e+01 0.000000000000000000e+00 0.000000000000000000e+00 0.000000000000000000e+00 0.000000000000000000e+00 0.000000000000000000e+00 0.000000000000000000e+00 0.000000000000000000e+00 0.000000000000000000e+00 0.000000000000000000e+00 5.950000000000002842e+01 4.049999999999998579e+01 7.049999999999995737e+01 8.499999999999992895e+01 5.457142857142854098e+01 0.000000000000000000e+00 0.000000000000000000e+00 0.000000000000000000e+00 0.000000000000000000e+00 1.949999999999998224e+01 3.124999999999999289e+01 4.849999999999996447e+01 0.000000000000000000e+00 0.000000000000000000e+00 0.000000000000000000e+00 5.649999999999998579e+01 2.749999999999999645e+01 0.000000000000000000e+00
