0.000000000000000000e+00 0.000000000000000000e+00 0.000000000000000000e+00 0.000000000000000000e+00 0.000000000000000000e+00 0.000000000000000000e+00 0.000000000000000000e+00 0.000000000000000000e+00 0.000000000000000000e+00 0.000000000000000000e+00 0.000000000000000000e+00 0.000000000000000000e+00 0.000000000000000000e+00 0.000000000000000000e+00 0.000000000000000000e+00 0.000000000000000000e+00 0.000000000000000000e+00 0.000000000000000000e+00 0.000000000000000000e+00 0.000000000000000000e+00 0.000000000000000000e+00 0.000000000000000000e+00 0.000000000000000000e+00 0.000000000000000000e+00 0.000000000000000000e+00 0.000000000000000000e+00 0.000000000000000000e+00 0.000000000000000000e+00 0.000000000000000000e+00 0.000000000000000000e+00 0.000000000000000000e+00 0.000000000000000000e+00 0.000000000000000000e+00 0.000000000000000000e+00 0.000000000000000000e+00 0.000000000000000000e+00 0.000000000000000000e+00 0.000000000000000000e+00 0.000000000000000000e+00 0.000000000000000000e+00 0.000000000000000000e+00 0.000000000000000000e+00 0.000000000000000000e+00 0.000000000000000000e+00 0.000000000000000000e+00 0.000000000000000000e+00 0.000000000000000000e+00 0.000000000000000000e+00 0.000000000000000000e+00 0.000000000000000000e+00 0.000000000000000000e+00 0.000000000000000000e+00 0.000000000000000000e+00 0.000000000000000000e+00 0.000000000000000000e+00 0.000000000000000000e+00 0.000000000000000000e+00 0.000000000000000000e+00 0.000000000000000000e+00 0.000000000000000000e+00 0.000000000000000000e+00 0.000000000000000000e+00 0.000000000000000000e+00 0.000000000000000000e+00 0.000000000000000000e+00 0.000000000000000000e+00 0.000000000000000000e+00 0.000000000000000000e+00 0.000000000000000000e+00 0.000000000000000000e+00 0.000000000000000000e+00 0.000000000000000000e+00 0.000000000000000000e+00 0.000000000000000000e+00 0.000000000000000000e+00 0.000000000000000000e+00 0.000000000000000000e+00 0.000000000000000000e+00 0.000000000000000000e+00 0.000000000000000000e+00 0.000000000000000000e+00 0.000000000000000000e+00 0.000000000000000000e+00 0.000000000000000000e+00 0.000000000000000000e+00 0.000000000000000000e+00 0.000000000000000000e+00 0.000000000000000000e+00 0.000000000000000000e+00
0.000000000000000000e+00 0.000000000000000000e+00 0.000000000000000000e+00 0.000000000000000000e+00 0.000000000000000000e+00 0.000000000000000000e+00 0.000000000000000000e+00 0.000000000000000000e+00 0.000000000000000000e+00 0.000000000000000000e+00 0.000000000000000000e+00 0.000000000000000000e+00 0.000000000000000000e+00 0.000000000000000000e+00 0.000000000000000000e+00 0.000000000000000000e+00 0.000000000000000000e+00 0.000000000000000000e+00 0.000000000000000000e+00 0.000000000000000000e+00 0.000000000000000000e+00 0.000000000000000000e+00 0.000000000000000000e+00 0.000000000000000000e+00 0.000000000000000000e+00 0.000000000000000000e+00 0.000000000000000000e+00 0.000000000000000000e+00 0.000000000000000000e+00 0.000000000000000000e+00 0.000000000000000000e+00 0.000000000000000000e+00 0.000000000000000000e+00 0.000000000000000000e+00 0.000000000000000000e+00 0.000000000000000000e+00 0.000000000000000000e+00 0.000000000000000000e+00 0.000000000000000000e+00 0.000000000000000000e+00 0.000000000000000000e+00 0.000000000000000000e+00 0.000000000000000000e+00 0.000000000000000000e+00 0.000000000000000000e+00 0.000000000000000000e+00 0.000000000000000000e+00 0.000000000000000000e+00 0.000000000000000000e+00 0.000000000000000000e+00 0.000000000000000000e+00 0.000000000000000000e+00 0.000000000000000000e+00 0.000000000000000000e+00 0.000000000000000000e+00 0.000000000000000000e+00 0.000000000000000000e+00 0.000000000000000000e+00 0.000000000000000000e+00 0.000000000000000000e+00 0.000000000000000000e+00 0.000000000000000000e+00 0.000000000000000000e+00 0.000000000000000000e+00 0.000000000000000000e+00 0.000000000000000000e+00 0.000000000000000000e+00 0.000000000000000000e+00 0.000000000000000000e+00 0.000000000000000000e+00 0.000000000000000000e+00 0.000000000000000000e+00 0.000000000000000000e+00 0.000000000000000000e+00 0.000000000000000000e+00 0.000000000000000000e+00 0.000000000000000000e+00 0.000000000000000000e+00 0.000000000000000000e+00 0.000000000000000000e+00 0.000000000000000000e+00 0.000000000000000000e+00 0.000000000000000000e+00 0.000000000000000000e+00 0.000000000000000000e+00 0.000000000000000000e+00 0.000000000000000000e+00 0.000000000000000000e+00 0.000000000000000000e+00
0.000000000000000000e+00 0.000000000000000000e+00 0.000000000000000000e+00 0.000000000000000000e+00 0.000000000000000000e+00 0.000000000000000000e+00 0.000000000000000000e+00 0.000000000000000000e+00 0.000000000000000000e+00 0.000000000000000000e+00 0.000000000000000000e+00 0.000000000000000000e+00 0.000000000000000000e+00 0.000000000000000000e+00 0.000000000000000000e+00 0.000000000000000000e+00 0.000000000000000000e+00 0.000000000000000000e+00 0.000000000000000000e+00 0.000000000000000000e+00 0.000000000000000000e+00 0.000000000000000000e+00 0.000000000000000000e+00 0.000000000000000000e+00 0.000000000000000000e+00 0.000000000000000000e+00 0.000000000000000000e+00 0.000000000000000000e+00 0.000000000000000000e+00 0.000000000000000000e+00 0.000000000000000000e+00 0.000000000000000000e+00 0.000000000000000000e+00 0.000000000000000000e+00 0.000000000000000000e+00 0.000000000000000000e+00 0.000000000000000000e+00 0.000000000000000000e+00 0.000000000000000000e+00 0.000000000000000000e+00 0.000000000000000000e+00 0.000000000000000000e+00 0.000000000000000000e+00 0.000000000000000000e+00 0.000000000000000000e+00 0.000000000000000000e+00 0.000000000000000000e+00 0.000000000000000000e+00 0.000000000000000000e+00 0.000000000000000000e+00 0.000000000000000000e+00 0.000000000000000000e+00 0.000000000000000000e+00 0.000000000000000000e+00 0.000000000000000000e+00 0.000000000000000000e+00 0.000000000000000000e+00 0.000000000000000000e+00 0.000000000000000000e+00 0.000000000000000000e+00 0.000000000000000000e+00 0.000000000000000000e+00 0.000000000000000000e+00 0.000000000000000000e+00 0.000000000000000000e+00 0.000000000000000000e+00 0.000000000000000000e+00 0.000000000000000000e+00 0.000000000000000000e+00 0.000000000000000000e+00 0.000000000000000000e+00 0.000000000000000000e+00 0.000000000000000000e+00 0.000000000000000000e+00 0.000000000000000000e+00 0.000000000000000000e+00 0.000000000000000000e+00 0.000000000000000000e+00 0.000000000000000000e+00 0.000000000000000000e+00 0.000000000000000000e+00 0.000000000000000000e+00 0.000000000000000000e+00 0.000000000000000000e+00 0.000000000000000000e+00 0.000000000000000000e+00 0.000000000000000000e+00 0.000000000000000000e+00 0.000000000000000000e+00
0.000000000000000000e+00 0.000000000000000000e+00 0.000000000000000000e+00 7.720000000000000000e+02 1.840000000000000000e+03 8.490000000000000000e+02 1.900000000000000000e+01 3.700000000000000000e+01 3.000000000000000000e+00 6.620000000000000000e+02 2.000000000000000000e+00 1.110000000000000000e+03 0.000000000000000000e+00 0.000000000000000000e+00 4.000000000000000000e+00 5.000000000000000000e+00 1.000000000000000000e+00 0.000000000000000000e+00 0.000000000000000000e+00 0.000000000000000000e+00 0.000000000000000000e+00 0.000000000000000000e+00 0.000000000000000000e+00 0.000000000000000000e+00 0.000000000000000000e+00 0.000000000000000000e+00 0.000000000000000000e+00 0.000000000000000000e+00 0.000000000000000000e+00 0.000000000000000000e+00 0.000000000000000000e+00 0.000000000000000000e+00 1.000000000000000000e+00 0.000000000000000000e+00 0.000000000000000000e+00 0.000000000000000000e+00 0.000000000000000000e+00 4.900000000000000000e+01 1.160000000000000000e+02 0.000000000000000000e+00 0.000000000000000000e+00 0.000000000000000000e+00 1.000000000000000000e+00 1.000000000000000000e+00 5.000000000000000000e+00 0.000000000000000000e+00 0.000000000000000000e+00 0.000000000000000000e+00 0.000000000000000000e+00 0.000000000000000000e+00 0.000000000000000000e+00 0.000000000000000000e+00 0.000000000000000000e+00 0.000000000000000000e+00 0.000000000000000000e+00 0.000000000000000000e+00 0.000000000000000000e+00 0.000000000000000000e+00 0.000000000000000000e+00 0.000000000000000000e+00 0.000000000000000000e+00 0.000000000000000000e+00 0.000000000000000000e+00 0.000000000000000000e+00 0.000000000000000000e+00 0.000000000000000000e+00 0.000000000000000000e+00 0.000000000000000000e+00 0.000000000000000000e+00 0.000000000000000000e+00 0.000000000000000000e+00 0.000000000000000000e+00 0.000000000000000000e+00 0.000000000000000000e+00 0.000000000000000000e+00 0.000000000000000000e+00 0.000000000000000000e+00 0.000000000000000000e+00 0.000000000000000000e+00 0.000000000000000000e+00 0.000000000000000000e+00 0.000000000000000000e+00 0.000000000000000000e+00 0.000000000000000000e+00 0.000000000000000000e+00 0.000000000000000000e+00 0.000000000000000000e+00 0.000000000000000000e+00 0.000000000000000000e+00
0.000000000000000000e+00 0.000000000000000000e+00 0.000000000000000000e+00 1.840000000000000000e+03 1.443500000000000000e+04 1.557900000000000000e+04 2.490000000000000000e+02 4.200000000000000000e+02 2.920000000000000000e+02 3.067000000000000000e+03 1.280000000000000000e+02 2.320000000000000000e+03 4.400000000000000000e+01 8.000000000000000000e+00 1.390000000000000000e+02 7.680000000000000000e+02 1.540000000000000000e+02 1.440000000000000000e+02 1.200000000000000000e+02 0.000000000000000000e+00 1.000000000000000000e+00 1.000000000000000000e+00 0.000000000000000000e+00 0.000000000000000000e+00 0.000000000000000000e+00 4.000000000000000000e+00 1.000000000000000000e+00 2.000000000000000000e+00 2.600000000000000000e+01 1.500000000000000000e+01 5.000000000000000000e+00 8.600000000000000000e+01 4.800000000000000000e+01 2.000000000000000000e+00 1.000000000000000000e+01 2.000000000000000000e+00 7.000000000000000000e+00 1.717000000000000000e+03 3.515000000000000000e+03 4.700000000000000000e+01 0.000000000000000000e+00 7.000000000000000000e+00 3.000000000000000000e+00 7.000000000000000000e+00 1.956000000000000000e+03 1.700000000000000000e+01 0.000000000000000000e+00 0.000000000000000000e+00 0.000000000000000000e+00 0.000000000000000000e+00 0.000000000000000000e+00 2.000000000000000000e+00 7.000000000000000000e+00 0.000000000000000000e+00 7.000000000000000000e+00 1.000000000000000000e+00 1.000000000000000000e+00 0.000000000000000000e+00 2.000000000000000000e+00 1.000000000000000000e+00 3.000000000000000000e+00 3.000000000000000000e+00 0.000000000000000000e+00 0.000000000000000000e+00 0.000000000000000000e+00 0.000000000000000000e+00 0.000000000000000000e+00 0.000000000000000000e+00 0.000000000000000000e+00 0.000000000000000000e+00 0.000000000000000000e+00 1.000000000000000000e+00 1.000000000000000000e+00 0.000000000000000000e+00 0.000000000000000000e+00 0.000000000000000000e+00 0.000000000000000000e+00 0.000000000000000000e+00 0.000000000000000000e+00 0.000000000000000000e+00 3.800000000000000000e+01 6.000000000000000000e+00 1.000000000000000000e+00 0.000000000000000000e+00 2.000000000000000000e+00 0.000000000000000000e+00 0.000000000000000000e+00 1.400000000000000000e+01 1.500000000000000000e+01
0.000000000000000000e+00 0.000000000000000000e+00 0.000000000000000000e+00 8.490000000000000000e+02 1.557900000000000000e+04 2.725800000000000000e+04 3.805000000000000000e+03 4.070000000000000000e+03 3.950000000000000000e+02 9.396000000000000000e+03 3.090000000000000000e+02 1.452000000000000000e+03 8.400000000000000000e+01 9.000000000000000000e+00 4.670000000000000000e+02 4.840000000000000000e+02 5.400000000000000000e+01 2.500000000000000000e+01 9.000000000000000000e+00 0.000000000000000000e+00 0.000000000000000000e+00 0.000000000000000000e+00 1.000000000000000000e+00 3.000000000000000000e+00 7.000000000000000000e+00 1.400000000000000000e+01 8.000000000000000000e+00 2.000000000000000000e+00 2.300000000000000000e+01 2.700000000000000000e+01 1.100000000000000000e+01 1.000000000000000000e+02 4.800000000000000000e+01 3.000000000000000000e+00 2.300000000000000000e+01 0.000000000000000000e+00 5.000000000000000000e+00 1.527000000000000000e+03 7.150000000000000000e+03 9.700000000000000000e+01 0.000000000000000000e+00 6.000000000000000000e+00 2.400000000000000000e+01 3.800000000000000000e+01 2.560000000000000000e+02 1.500000000000000000e+01 0.000000000000000000e+00 1.000000000000000000e+00 0.000000000000000000e+00 0.000000000000000000e+00 1.000000000000000000e+00 1.000000000000000000e+00 4.000000000000000000e+00 0.000000000000000000e+00 6.000000000000000000e+00 0.000000000000000000e+00 0.000000000000000000e+00 0.000000000000000000e+00 2.000000000000000000e+00 3.000000000000000000e+00 0.000000000000000000e+00 0.000000000000000000e+00 0.000000000000000000e+00 0.000000000000000000e+00 0.000000000000000000e+00 0.000000000000000000e+00 0.000000000000000000e+00 0.000000000000000000e+00 0.000000000000000000e+00 0.000000000000000000e+00 0.000000000000000000e+00 0.000000000000000000e+00 0.000000000000000000e+00 1.000000000000000000e+00 1.000000000000000000e+00 0.000000000000000000e+00 0.000000000000000000e+00 0.000000000000000000e+00 0.000000000000000000e+00 0.000000000000000000e+00 1.400000000000000000e+01 4.000000000000000000e+00 3.000000000000000000e+00 0.000000000000000000e+00 0.000000000000000000e+00 0.000000000000000000e+00 0.000000000000000000e+00 1.200000000000000000e+01 0.000000000000000000e+00
0.000000000000000000e+00 0.000000000000000000e+00 0.000000000000000000e+00 1.900000000000000000e+01 2.490000000000000000e+02 3.805000000000000000e+03 5.322000000000000000e+03 4.102000000000000000e+03 2.600000000000000000e+02 2.954000000000000000e+03 3.800000000000000000e+01 4.000000000000000000e+01 2.100000000000000000e+01 0.000000000000000000e+00 1.230000000000000000e+02 2.000000000000000000e+01 3.000000000000000000e+00 2.000000000000000000e+00 1.000000000000000000e+00 0.000000000000000000e+00 0.000000000000000000e+00 0.000000000000000000e+00 1.000000000000000000e+00 0.000000000000000000e+00 0.000000000000000000e+00 0.000000000000000000e+00 0.000000000000000000e+00 1.000000000000000000e+00 1.900000000000000000e+01 7.000000000000000000e+00 4.000000000000000000e+00 1.500000000000000000e+01 6.000000000000000000e+00 0.000000000000000000e+00 4.000000000000000000e+00 0.000000000000000000e+00 4.000000000000000000e+00 1.500000000000000000e+01 2.380000000000000000e+02 5.000000000000000000e+00 0.000000000000000000e+00 1.000000000000000000e+00 3.000000000000000000e+00 2.000000000000000000e+00 4.000000000000000000e+00 0.000000000000000000e+00 0.000000000000000000e+00 0.000000000000000000e+00 0.000000000000000000e+00 0.000000000000000000e+00 0.000000000000000000e+00 1.000000000000000000e+00 0.000000000000000000e+00 0.000000000000000000e+00 0.000000000000000000e+00 0.000000000000000000e+00 0.000000000000000000e+00 0.000000000000000000e+00 0.000000000000000000e+00 0.000000000000000000e+00 0.000000000000000000e+00 0.000000000000000000e+00 0.000000000000000000e+00 0.000000000000000000e+00 0.000000000000000000e+00 0.000000000000000000e+00 0.000000000000000000e+00 0.000000000000000000e+00 0.000000000000000000e+00 0.000000000000000000e+00 0.000000000000000000e+00 0.000000000000000000e+00 0.000000000000000000e+00 0.000000000000000000e+00 0.000000000000000000e+00 0.000000000000000000e+00 0.000000000000000000e+00 0.000000000000000000e+00 0.000000000000000000e+00 0.000000000000000000e+00 0.000000000000000000e+00 0.000000000000000000e+00 0.000000000000000000e+00 0.000000000000000000e+00 0.000000000000000000e+00 0.000000000000000000e+00 0.000000000000000000e+00 0.000000000000000000e+00 0.000000000000000000e+00
0.000000000000000000e+00 0.000000000000000000e+00 0.000000000000000000e+00 3.700000000000000000e+01 4.200000000000000000e+02 4.070000000000000000e+03 4.102000000000000000e+03 9.415000000000000000e+03 4.475000000000000000e+03 6.999000000000000000e+03 1.080000000000000000e+02 3.100000000000000000e+02 1.500000000000000000e+02 0.000000000000000000e+00 6.120000000000000000e+02 1.280000000000000000e+02 1.100000000000000000e+01 4.000000000000000000e+00 5.000000000000000000e+00 0.000000000000000000e+00 0.000000000000000000e+00 4.000000000000000000e+00 0.000000000000000000e+00 0.000000000000000000e+00 0.000000000000000000e+00 1.800000000000000000e+01 0.000000000000000000e+00 9.000000000000000000e+00 1.350000000000000000e+02 8.900000000000000000e+01 1.700000000000000000e+01 1.030000000000000000e+02 4.500000000000000000e+01 3.000000000000000000e+00 3.900000000000000000e+01 3.000000000000000000e+00 3.300000000000000000e+01 6.700000000000000000e+01 4.820000000000000000e+02 1.300000000000000000e+01 0.000000000000000000e+00 3.000000000000000000e+00 9.000000000000000000e+00 2.000000000000000000e+00 1.100000000000000000e+01 3.000000000000000000e+00 0.000000000000000000e+00 1.000000000000000000e+00 0.000000000000000000e+00 0.000000000000000000e+00 0.000000000000000000e+00 1.000000000000000000e+00 2.000000000000000000e+00 0.000000000000000000e+00 3.000000000000000000e+00 0.000000000000000000e+00 0.000000000000000000e+00 0.000000000000000000e+00 4.000000000000000000e+00 0.000000000000000000e+00 3.000000000000000000e+00 0.000000000000000000e+00 0.000000000000000000e+00 0.000000000000000000e+00 0.000000000000000000e+00 0.000000000000000000e+00 0.000000000000000000e+00 0.000000000000000000e+00 0.000000000000000000e+00 0.000000000000000000e+00 0.000000000000000000e+00 0.000000000000000000e+00 0.000000000000000000e+00 0.000000000000000000e+00 0.000000000000000000e+00 0.000000000000000000e+00 0.000000000000000000e+00 0.000000000000000000e+00 0.000000000000000000e+00 0.000000000000000000e+00 2.000000000000000000e+00 1.000000000000000000e+00 0.000000000000000000e+00 0.000000000000000000e+00 0.000000000000000000e+00 0.000000000000000000e+00 0.000000000000000000e+00 0.000000000000000000e+00 0.000000000000000000e+00
0.000000000000000000e+00 0.000000000000000000e+00 0.000000000000000000e+00 3.000000000000000000e+00 2.920000000000000000e+02 3.950000000000000000e+02 2.600000000000000000e+02 4.475000000000000000e+03 1.607800000000000000e+04 5.238000000000000000e+03 2.110000000000000000e+02 7.150000000000000000e+02 3.156000000000000000e+03 3.000000000000000000e+00 1.207000000000000000e+03 1.004000000000000000e+03 4.140000000000000000e+02 2.500000000000000000e+01 1.200000000000000000e+01 0.000000000000000000e+00 6.000000000000000000e+00 2.000000000000000000e+00 1.000000000000000000e+00 0.000000000000000000e+00 0.000000000000000000e+00 2.300000000000000000e+01 7.000000000000000000e+00 1.500000000000000000e+01 5.490000000000000000e+02 9.440000000000000000e+02 3.800000000000000000e+01 1.210000000000000000e+02 6.200000000000000000e+01 5.000000000000000000e+00 5.600000000000000000e+01 4.000000000000000000e+00 2.200000000000000000e+01 1.705000000000000000e+03 1.804000000000000000e+03 1.900000000000000000e+02 0.000000000000000000e+00 9.000000000000000000e+00 9.000000000000000000e+00 7.000000000000000000e+00 6.800000000000000000e+01 1.280000000000000000e+02 0.000000000000000000e+00 1.000000000000000000e+00 4.000000000000000000e+00 0.000000000000000000e+00 5.000000000000000000e+00 2.300000000000000000e+01 2.800000000000000000e+01 6.000000000000000000e+00 5.600000000000000000e+01 2.000000000000000000e+00 2.000000000000000000e+00 2.000000000000000000e+00 6.000000000000000000e+00 3.400000000000000000e+01 9.000000000000000000e+00 4.000000000000000000e+00 0.000000000000000000e+00 0.000000000000000000e+00 0.000000000000000000e+00 0.000000000000000000e+00 0.000000000000000000e+00 0.000000000000000000e+00 0.000000000000000000e+00 0.000000000000000000e+00 0.000000000000000000e+00 0.000000000000000000e+00 1.000000000000000000e+00 0.000000000000000000e+00 4.000000000000000000e+00 1.000000000000000000e+00 0.000000000000000000e+00 0.000000000000000000e+00 0.000000000000000000e+00 0.000000000000000000e+00 3.000000000000000000e+00 1.400000000000000000e+01 0.000000000000000000e+00 0.000000000000000000e+00 0.000000000000000000e+00 0.000000000000000000e+00 0.000000000000000000e+00 0.000000000000000000e+00 0.000000000000000000e+00
0.000000000000000000e+00 0.000000000000000000e+00 0.000000000000000000e+00 6.620000000000000000e+02 3.067000000000000000e+03 9.396000000000000000e+03 2.954000000000000000e+03 6.999000000000000000e+03 5.238000000000000000e+03 5.851200000000000000e+04 7.890000000000000000e+03 1.303800000000000000e+04 9.860000000000000000e+02 1.500000000000000000e+02 1.191000000000000000e+03 2.459000000000000000e+03 1.364000000000000000e+03 3.870000000000000000e+02 1.230000000000000000e+02 0.000000000000000000e+00 2.500000000000000000e+01 1.000000000000000000e+01 2.000000000000000000e+00 5.000000000000000000e+00 1.000000000000000000e+01 1.020000000000000000e+02 1.000000000000000000e+00 6.700000000000000000e+01 3.280000000000000000e+02 4.340000000000000000e+02 2.750000000000000000e+02 1.696000000000000000e+03 9.030000000000000000e+02 5.700000000000000000e+01 4.750000000000000000e+02 3.300000000000000000e+01 1.590000000000000000e+02 4.942000000000000000e+03 1.367500000000000000e+04 4.860000000000000000e+02 0.000000000000000000e+00 2.500000000000000000e+01 3.100000000000000000e+01 2.200000000000000000e+01 2.360000000000000000e+02 7.300000000000000000e+01 2.000000000000000000e+00 5.000000000000000000e+00 9.000000000000000000e+00 0.000000000000000000e+00 5.000000000000000000e+00 3.400000000000000000e+01 6.600000000000000000e+01 1.200000000000000000e+01 1.060000000000000000e+02 5.000000000000000000e+00 0.000000000000000000e+00 2.000000000000000000e+00 1.800000000000000000e+01 6.400000000000000000e+01 1.900000000000000000e+01 6.000000000000000000e+00 0.000000000000000000e+00 0.000000000000000000e+00 0.000000000000000000e+00 0.000000000000000000e+00 0.000000000000000000e+00 0.000000000000000000e+00 0.000000000000000000e+00 0.000000000000000000e+00 0.000000000000000000e+00 2.000000000000000000e+00 3.000000000000000000e+00 2.000000000000000000e+00 2.000000000000000000e+00 1.000000000000000000e+00 0.000000000000000000e+00 0.000000000000000000e+00 0.000000000000000000e+00 0.000000000000000000e+00 3.100000000000000000e+01 4.300000000000000000e+01 1.000000000000000000e+00 0.000000000000000000e+00 1.000000000000000000e+00 0.000000000000000000e+00 0.000000000000000000e+00 7.000000000000000000e+00 1.000000000000000000e+00
0.000000000000000000e+00 0.000000000000000000e+00 0.000000000000000000e+00 2.000000000000000000e+00 1.280000000000000000e+02 3.090000000000000000e+02 3.800000000000000000e+01 1.080000000000000000e+02 2.110000000000000000e+02 7.890000000000000000e+03 1.963500000000000000e+04 6.802000000000000000e+03 6.245000000000000000e+03 3.900000000000000000e+01 6.920000000000000000e+02 5.440000000000000000e+02 7.340000000000000000e+02 4.210000000000000000e+02 1.060000000000000000e+02 1.000000000000000000e+00 8.000000000000000000e+01 1.500000000000000000e+01 9.000000000000000000e+00 2.000000000000000000e+00 2.800000000000000000e+01 3.280000000000000000e+02 8.000000000000000000e+00 2.750000000000000000e+02 1.023000000000000000e+03 2.073000000000000000e+03 1.281000000000000000e+03 2.750000000000000000e+03 1.459000000000000000e+03 1.300000000000000000e+02 1.025000000000000000e+03 1.010000000000000000e+02 3.790000000000000000e+02 3.042000000000000000e+03 4.669000000000000000e+03 6.700000000000000000e+02 0.000000000000000000e+00 2.030000000000000000e+02 6.400000000000000000e+01 1.330000000000000000e+02 3.100000000000000000e+01 4.960000000000000000e+02 0.000000000000000000e+00 2.000000000000000000e+00 2.000000000000000000e+00 0.000000000000000000e+00 2.000000000000000000e+00 8.000000000000000000e+00 3.600000000000000000e+01 5.400000000000000000e+01 9.000000000000000000e+01 1.500000000000000000e+01 1.000000000000000000e+00 4.000000000000000000e+00 3.000000000000000000e+00 4.900000000000000000e+01 3.600000000000000000e+01 5.000000000000000000e+00 0.000000000000000000e+00 0.000000000000000000e+00 0.000000000000000000e+00 0.000000000000000000e+00 0.000000000000000000e+00 0.000000000000000000e+00 0.000000000000000000e+00 0.000000000000000000e+00 0.000000000000000000e+00 0.000000000000000000e+00 4.000000000000000000e+00 4.000000000000000000e+00 4.000000000000000000e+00 3.000000000000000000e+00 0.000000000000000000e+00 0.000000000000000000e+00 1.000000000000000000e+00 0.000000000000000000e+00 2.000000000000000000e+01 5.100000000000000000e+01 6.000000000000000000e+00 0.000000000000000000e+00 4.000000000000000000e+00 2.000000000000000000e+00 1.000000000000000000e+00 1.000000000000000000e+00 1.000000000000000000e+00
0.000000000000000000e+00 0.000000000000000000e+00 0.000000000000000000e+00 1.110000000000000000e+03 2.320000000000000000e+03 1.452000000000000000e+03 4.000000000000000000e+01 3.100000000000000000e+02 7.150000000000000000e+02 1.303800000000000000e+04 6.802000000000000000e+03 1.043120000000000000e+05 5.629000000000000000e+03 6.936000000000000000e+03 2.740000000000000000e+02 4.089000000000000000e+03 3.637000000000000000e+03 3.106000000000000000e+03 3.130000000000000000e+02 0.000000000000000000e+00 6.000000000000000000e+00 1.000000000000000000e+00 0.000000000000000000e+00 1.000000000000000000e+00 0.000000000000000000e+00 7.100000000000000000e+01 2.000000000000000000e+00 3.400000000000000000e+01 9.990000000000000000e+02 4.900000000000000000e+02 1.880000000000000000e+02 2.317000000000000000e+03 8.090000000000000000e+02 2.800000000000000000e+01 1.290000000000000000e+02 1.100000000000000000e+01 4.600000000000000000e+01 2.871000000000000000e+03 4.893000000000000000e+03 5.560000000000000000e+02 0.000000000000000000e+00 9.300000000000000000e+01 6.000000000000000000e+00 5.700000000000000000e+01 1.140000000000000000e+02 2.410000000000000000e+02 1.000000000000000000e+00 5.000000000000000000e+00 1.100000000000000000e+01 0.000000000000000000e+00 9.000000000000000000e+00 2.500000000000000000e+01 6.800000000000000000e+01 2.600000000000000000e+01 2.910000000000000000e+02 1.600000000000000000e+01 4.000000000000000000e+00 1.000000000000000000e+00 3.300000000000000000e+01 9.500000000000000000e+01 8.500000000000000000e+01 2.300000000000000000e+01 0.000000000000000000e+00 0.000000000000000000e+00 0.000000000000000000e+00 0.000000000000000000e+00 0.000000000000000000e+00 0.000000000000000000e+00 0.000000000000000000e+00 0.000000000000000000e+00 0.000000000000000000e+00 2.000000000000000000e+00 2.000000000000000000e+00 0.000000000000000000e+00 5.000000000000000000e+00 4.000000000000000000e+00 0.000000000000000000e+00 0.000000000000000000e+00 0.000000000000000000e+00 0.000000000000000000e+00 3.300000000000000000e+01 5.900000000000000000e+01 4.000000000000000000e+00 0.000000000000000000e+00 2.000000000000000000e+00 2.000000000000000000e+00 1.000000000000000000e+00 1.000000000000000000e+00 0.000000000000000000e+00
0.000000000000000000e+00 0.000000000000000000e+00 0.000000000000000000e+00 0.000000000000000000e+00 4.400000000000000000e+01 8.400000000000000000e+01 2.100000000000000000e+01 1.500000000000000000e+02 3.156000000000000000e+03 9.860000000000000000e+02 6.245000000000000000e+03 5.629000000000000000e+03 4.517500000000000000e+04 9.854000000000000000e+03 1.446000000000000000e+03 2.840000000000000000e+02 3.030000000000000000e+02 1.443000000000000000e+03 4.750000000000000000e+02 2.000000000000000000e+00 1.200000000000000000e+01 2.000000000000000000e+00 1.000000000000000000e+00 2.000000000000000000e+00 9.000000000000000000e+00 3.670000000000000000e+02 4.000000000000000000e+01 6.600000000000000000e+01 1.096600000000000000e+04 6.497000000000000000e+03 4.060000000000000000e+02 2.229000000000000000e+03 6.130000000000000000e+02 3.100000000000000000e+01 1.470000000000000000e+02 1.100000000000000000e+01 5.000000000000000000e+01 2.657000000000000000e+03 1.020400000000000000e+04 5.603000000000000000e+03 0.000000000000000000e+00 6.040000000000000000e+02 5.700000000000000000e+01 9.080000000000000000e+02 9.000000000000000000e+00 5.210000000000000000e+02 0.000000000000000000e+00 1.000000000000000000e+00 1.000000000000000000e+00 0.000000000000000000e+00 0.000000000000000000e+00 2.000000000000000000e+00 6.000000000000000000e+00 1.200000000000000000e+01 1.700000000000000000e+01 2.900000000000000000e+01 2.000000000000000000e+00 0.000000000000000000e+00 3.000000000000000000e+00 1.900000000000000000e+01 3.800000000000000000e+01 1.100000000000000000e+01 0.000000000000000000e+00 0.000000000000000000e+00 0.000000000000000000e+00 0.000000000000000000e+00 0.000000000000000000e+00 0.000000000000000000e+00 0.000000000000000000e+00 0.000000000000000000e+00 1.000000000000000000e+00 0.000000000000000000e+00 1.000000000000000000e+00 2.000000000000000000e+00 0.000000000000000000e+00 3.000000000000000000e+00 0.000000000000000000e+00 0.000000000000000000e+00 0.000000000000000000e+00 0.000000000000000000e+00 7.000000000000000000e+00 1.000000000000000000e+01 7.000000000000000000e+00 0.000000000000000000e+00 1.300000000000000000e+01 0.000000000000000000e+00 2.000000000000000000e+00 0.000000000000000000e+00 0.000000000000000000e+00
0.000000000000000000e+00 0.000000000000000000e+00 0.000000000000000000e+00 0.000000000000000000e+00 8.000000000000000000e+00 9.000000000000000000e+00 0.000000000000000000e+00 0.000000000000000000e+00 3.000000000000000000e+00 1.500000000000000000e+02 3.900000000000000000e+01 6.936000000000000000e+03 9.854000000000000000e+03 6.555000000000000000e+03 1.800000000000000000e+01 6.300000000000000000e+01 6.400000000000000000e+01 1.590000000000000000e+02 2.900000000000000000e+01 0.000000000000000000e+00 1.000000000000000000e+00 0.000000000000000000e+00 0.000000000000000000e+00 0.000000000000000000e+00 0.000000000000000000e+00 1.000000000000000000e+00 1.000000000000000000e+00 2.000000000000000000e+00 6.620000000000000000e+03 5.800000000000000000e+01 1.000000000000000000e+00 6.930000000000000000e+02 1.840000000000000000e+02 0.000000000000000000e+00 0.000000000000000000e+00 1.000000000000000000e+00 1.000000000000000000e+00 6.800000000000000000e+01 7.100000000000000000e+01 3.000000000000000000e+01 0.000000000000000000e+00 1.100000000000000000e+01 3.000000000000000000e+00 1.600000000000000000e+01 2.000000000000000000e+00 1.100000000000000000e+01 0.000000000000000000e+00 0.000000000000000000e+00 0.000000000000000000e+00 0.000000000000000000e+00 0.000000000000000000e+00 1.000000000000000000e+00 0.000000000000000000e+00 0.000000000000000000e+00 2.000000000000000000e+00 0.000000000000000000e+00 0.000000000000000000e+00 0.000000000000000000e+00 1.000000000000000000e+00 1.000000000000000000e+00 1.000000000000000000e+00 3.000000000000000000e+00 0.000000000000000000e+00 0.000000000000000000e+00 0.000000000000000000e+00 0.000000000000000000e+00 0.000000000000000000e+00 0.000000000000000000e+00 0.000000000000000000e+00 0.000000000000000000e+00 0.000000000000000000e+00 0.000000000000000000e+00 0.000000000000000000e+00 0.000000000000000000e+00 1.000000000000000000e+00 0.000000000000000000e+00 0.000000000000000000e+00 0.000000000000000000e+00 0.000000000000000000e+00 0.000000000000000000e+00 0.000000000000000000e+00 1.000000000000000000e+00 0.000000000000000000e+00 0.000000000000000000e+00 0.000000000000000000e+00 0.000000000000000000e+00 0.000000000000000000e+00 0.000000000000000000e+00 0.000000000000000000e+00
0.000000000000000000e+00 0.000000000000000000e+00 0.000000000000000000e+00 4.000000000000000000e+00 1.390000000000000000e+02 4.670000000000000000e+02 1.230000000000000000e+02 6.120000000000000000e+02 1.207000000000000000e+03 1.191000000000000000e+03 6.920000000000000000e+02 2.740000000000000000e+02 1.446000000000000000e+03 1.800000000000000000e+01 1.140400000000000000e+04 1.910000000000000000e+02 4.700000000000000000e+01 3.500000000000000000e+01 3.960000000000000000e+02 8.400000000000000000e+01 5.250000000000000000e+02 7.200000000000000000e+01 4.890000000000000000e+02 4.110000000000000000e+02 9.070000000000000000e+02 3.532000000000000000e+03 1.047000000000000000e+03 5.210000000000000000e+02 2.065000000000000000e+03 1.977000000000000000e+03 9.010000000000000000e+02 2.019000000000000000e+03 3.430000000000000000e+02 3.400000000000000000e+01 6.230000000000000000e+02 5.700000000000000000e+01 4.160000000000000000e+02 6.040000000000000000e+02 1.006800000000000000e+04 3.370000000000000000e+02 0.000000000000000000e+00 7.220000000000000000e+02 2.133000000000000000e+03 4.420000000000000000e+02 2.000000000000000000e+01 5.890000000000000000e+02 0.000000000000000000e+00 0.000000000000000000e+00 1.000000000000000000e+00 0.000000000000000000e+00 1.000000000000000000e+00 1.000000000000000000e+00 2.000000000000000000e+00 4.000000000000000000e+00 9.000000000000000000e+00 1.000000000000000000e+00 0.000000000000000000e+00 5.000000000000000000e+00 0.000000000000000000e+00 1.000000000000000000e+01 1.000000000000000000e+01 5.200000000000000000e+01 0.000000000000000000e+00 1.000000000000000000e+00 4.000000000000000000e+00 1.000000000000000000e+00 0.000000000000000000e+00 1.000000000000000000e+00 2.000000000000000000e+00 0.000000000000000000e+00 0.000000000000000000e+00 1.000000000000000000e+00 6.000000000000000000e+00 2.000000000000000000e+00 3.000000000000000000e+00 1.800000000000000000e+01 0.000000000000000000e+00 0.000000000000000000e+00 1.000000000000000000e+00 1.000000000000000000e+00 3.000000000000000000e+00 7.000000000000000000e+00 2.000000000000000000e+00 0.000000000000000000e+00 2.100000000000000000e+01 5.000000000000000000e+00 1.000000000000000000e+00 2.000000000000000000e+00 0.000000000000000000e+00
0.000000000000000000e+00 0.000000000000000000e+00 0.000000000000000000e+00 5.000000000000000000e+00 7.680000000000000000e+02 4.840000000000000000e+02 2.000000000000000000e+01 1.280000000000000000e+02 1.004000000000000000e+03 2.459000000000000000e+03 5.440000000000000000e+02 4.089000000000000000e+03 2.840000000000000000e+02 6.300000000000000000e+01 1.910000000000000000e+02 5.046000000000000000e+03 2.081000000000000000e+03 2.039000000000000000e+03 1.029000000000000000e+03 0.000000000000000000e+00 1.000000000000000000e+00 4.000000000000000000e+00 0.000000000000000000e+00 0.000000000000000000e+00 0.000000000000000000e+00 7.000000000000000000e+00 5.000000000000000000e+00 8.000000000000000000e+00 1.180000000000000000e+02 7.600000000000000000e+01 2.200000000000000000e+01 5.290000000000000000e+02 3.090000000000000000e+02 7.000000000000000000e+00 6.000000000000000000e+01 6.000000000000000000e+00 2.500000000000000000e+01 2.013000000000000000e+03 3.663000000000000000e+03 1.270000000000000000e+02 0.000000000000000000e+00 2.300000000000000000e+01 1.300000000000000000e+01 5.000000000000000000e+00 6.020000000000000000e+02 9.000000000000000000e+00 0.000000000000000000e+00 1.000000000000000000e+00 8.000000000000000000e+00 0.000000000000000000e+00 3.000000000000000000e+00 7.000000000000000000e+00 1.800000000000000000e+01 2.000000000000000000e+00 3.900000000000000000e+01 4.000000000000000000e+00 3.000000000000000000e+00 1.000000000000000000e+00 1.800000000000000000e+01 2.400000000000000000e+01 3.500000000000000000e+01 3.500000000000000000e+01 0.000000000000000000e+00 0.000000000000000000e+00 0.000000000000000000e+00 0.000000000000000000e+00 0.000000000000000000e+00 0.000000000000000000e+00 0.000000000000000000e+00 0.000000000000000000e+00 0.000000000000000000e+00 2.000000000000000000e+00 1.000000000000000000e+00 2.000000000000000000e+00 7.000000000000000000e+00 5.000000000000000000e+00 0.000000000000000000e+00 0.000000000000000000e+00 0.000000000000000000e+00 0.000000000000000000e+00 1.700000000000000000e+01 3.500000000000000000e+01 1.000000000000000000e+00 0.000000000000000000e+00 1.000000000000000000e+00 0.000000000000000000e+00 0.000000000000000000e+00 1.000000000000000000e+00 1.000000000000000000e+00
0.000000000000000000e+00 0.000000000000000000e+00 0.000000000000000000e+00 1.000000000000000000e+00 1.540000000000000000e+02 5.400000000000000000e+01 3.000000000000000000e+00 1.100000000000000000e+01 4.140000000000000000e+02 1.364000000000000000e+03 7.340000000000000000e+02 3.637000000000000000e+03 3.030000000000000000e+02 6.400000000000000000e+01 4.700000000000000000e+01 2.081000000000000000e+03 2.281000000000000000e+03 2.402000000000000000e+03 4.160000000000000000e+02 1.000000000000000000e+00 3.000000000000000000e+00 0.000000000000000000e+00 0.000000000000000000e+00 1.000000000000000000e+00 2.000000000000000000e+00 1.300000000000000000e+01 0.000000000000000000e+00 3.000000000000000000e+00 1.000000000000000000e+02 3.600000000000000000e+01 1.600000000000000000e+01 4.180000000000000000e+02 2.680000000000000000e+02 4.000000000000000000e+00 3.400000000000000000e+01 0.000000000000000000e+00 1.100000000000000000e+01 3.420000000000000000e+02 5.330000000000000000e+02 7.000000000000000000e+01 0.000000000000000000e+00 1.100000000000000000e+01 6.000000000000000000e+00 4.000000000000000000e+00 3.600000000000000000e+01 2.000000000000000000e+01 0.000000000000000000e+00 4.000000000000000000e+00 8.000000000000000000e+00 0.000000000000000000e+00 1.500000000000000000e+01 5.100000000000000000e+01 5.300000000000000000e+01 2.200000000000000000e+01 8.600000000000000000e+01 6.000000000000000000e+00 1.000000000000000000e+00 2.000000000000000000e+00 2.700000000000000000e+01 4.600000000000000000e+01 7.600000000000000000e+01 2.100000000000000000e+01 0.000000000000000000e+00 0.000000000000000000e+00 0.000000000000000000e+00 0.000000000000000000e+00 0.000000000000000000e+00 0.000000000000000000e+00 0.000000000000000000e+00 0.000000000000000000e+00 0.000000000000000000e+00 2.000000000000000000e+00 0.000000000000000000e+00 3.000000000000000000e+00 5.000000000000000000e+00 6.000000000000000000e+00 0.000000000000000000e+00 0.000000000000000000e+00 0.000000000000000000e+00 0.000000000000000000e+00 2.100000000000000000e+01 3.900000000000000000e+01 1.000000000000000000e+00 0.000000000000000000e+00 1.000000000000000000e+00 1.000000000000000000e+00 2.000000000000000000e+00 3.000000000000000000e+00 0.000000000000000000e+00
