0.000000000000000000e+00 0.000000000000000000e+00 0.000000000000000000e+00 0.000000000000000000e+00 0.000000000000000000e+00 0.000000000000000000e+00 0.000000000000000000e+00 0.000000000000000000e+00 0.000000000000000000e+00 0.000000000000000000e+00 0.000000000000000000e+00 0.000000000000000000e+00 0.000000000000000000e+00 0.000000000000000000e+00 0.000000000000000000e+00 0.000000000000000000e+00 0.000000000000000000e+00 0.000000000000000000e+00 0.000000000000000000e+00 0.000000000000000000e+00 0.000000000000000000e+00 0.000000000000000000e+00 0.000000000000000000e+00 0.000000000000000000e+00 0.000000000000000000e+00 0.000000000000000000e+00 0.000000000000000000e+00 0.000000000000000000e+00 0.000000000000000000e+00 0.000000000000000000e+00 0.000000000000000000e+00 0.000000000000000000e+00 0.000000000000000000e+00 0.000000000000000000e+00 0.000000000000000000e+00 0.000000000000000000e+00 0.000000000000000000e+00 0.000000000000000000e+00 0.000000000000000000e+00 0.000000000000000000e+00 0.000000000000000000e+00 0.000000000000000000e+00 0.000000000000000000e+00 0.000000000000000000e+00 0.000000000000000000e+00 0.000000000000000000e+00 0.000000000000000000e+00 0.000000000000000000e+00 0.000000000000000000e+00 0.000000000000000000e+00 0.000000000000000000e+00 0.000000000000000000e+00 0.000000000000000000e+00 0.000000000000000000e+00 0.000000000000000000e+00 0.000000000000000000e+00 0.000000000000000000e+00 0.000000000000000000e+00 0.000000000000000000e+00 0.000000000000000000e+00 0.000000000000000000e+00 0.000000000000000000e+00 0.000000000000000000e+00 0.000000000000000000e+00 0.000000000000000000e+00 0.000000000000000000e+00 0.000000000000000000e+00 0.000000000000000000e+00 0.000000000000000000e+00 0.000000000000000000e+00 0.000000000000000000e+00 0.000000000000000000e+00 0.000000000000000000e+00 0.000000000000000000e+00 0.000000000000000000e+00 0.000000000000000000e+00 0.000000000000000000e+00 0.000000000000000000e+00 0.000000000000000000e+00 0.000000000000000000e+00 0.000000000000000000e+00 0.000000000000000000e+00 0.000000000000000000e+00 0.000000000000000000e+00 0.000000000000000000e+00 0.000000000000000000e+00 0.000000000000000000e+00 0.000000000000000000e+00 0.000000000000000000e+00
0.000000000000000000e+00 0.000000000000000000e+00 0.000000000000000000e+00 0.000000000000000000e+00 0.000000000000000000e+00 0.000000000000000000e+00 0.000000000000000000e+00 0.000000000000000000e+00 0.000000000000000000e+00 0.000000000000000000e+00 0.000000000000000000e+00 0.000000000000000000e+00 0.000000000000000000e+00 0.000000000000000000e+00 0.000000000000000000e+00 0.000000000000000000e+00 0.000000000000000000e+00 0.000000000000000000e+00 0.000000000000000000e+00 0.000000000000000000e+00 0.000000000000000000e+00 0.000000000000000000e+00 0.000000000000000000e+00 0.000000000000000000e+00 0.000000000000000000e+00 0.000000000000000000e+00 0.000000000000000000e+00 0.000000000000000000e+00 0.000000000000000000e+00 0.000000000000000000e+00 0.000000000000000000e+00 0.000000000000000000e+00 0.000000000000000000e+00 0.000000000000000000e+00 0.000000000000000000e+00 0.000000000000000000e+00 0.000000000000000000e+00 0.000000000000000000e+00 0.000000000000000000e+00 0.000000000000000000e+00 0.000000000000000000e+00 0.000000000000000000e+00 0.000000000000000000e+00 0.000000000000000000e+00 0.000000000000000000e+00 0.000000000000000000e+00 0.000000000000000000e+00 0.000000000000000000e+00 0.000000000000000000e+00 0.000000000000000000e+00 0.000000000000000000e+00 0.000000000000000000e+00 0.000000000000000000e+00 0.000000000000000000e+00 0.000000000000000000e+00 0.000000000000000000e+00 0.000000000000000000e+00 0.000000000000000000e+00 0.000000000000000000e+00 0.000000000000000000e+00 0.000000000000000000e+00 0.000000000000000000e+00 0.000000000000000000e+00 0.000000000000000000e+00 0.000000000000000000e+00 0.000000000000000000e+00 0.000000000000000000e+00 0.000000000000000000e+00 0.000000000000000000e+00 0.000000000000000000e+00 0.000000000000000000e+00 0.000000000000000000e+00 0.000000000000000000e+00 0.000000000000000000e+00 0.000000000000000000e+00 0.000000000000000000e+00 0.000000000000000000e+00 0.000000000000000000e+00 0.000000000000000000e+00 0.000000000000000000e+00 0.000000000000000000e+00 0.000000000000000000e+00 0.000000000000000000e+00 0.000000000000000000e+00 0.000000000000000000e+00 0.000000000000000000e+00 0.000000000000000000e+00 0.000000000000000000e+00 0.000000000000000000e+00
0.000000000000000000e+00 0.000000000000000000e+00 0.000000000000000000e+00 0.000000000000000000e+00 0.000000000000000000e+00 0.000000000000000000e+00 0.000000000000000000e+00 0.000000000000000000e+00 0.000000000000000000e+00 0.000000000000000000e+00 0.000000000000000000e+00 0.000000000000000000e+00 0.000000000000000000e+00 0.000000000000000000e+00 0.000000000000000000e+00 0.000000000000000000e+00 0.000000000000000000e+00 0.000000000000000000e+00 0.000000000000000000e+00 0.000000000000000000e+00 0.000000000000000000e+00 0.000000000000000000e+00 0.000000000000000000e+00 0.000000000000000000e+00 0.000000000000000000e+00 0.000000000000000000e+00 0.000000000000000000e+00 0.000000000000000000e+00 0.000000000000000000e+00 0.000000000000000000e+00 0.000000000000000000e+00 0.000000000000000000e+00 0.000000000000000000e+00 0.000000000000000000e+00 0.000000000000000000e+00 0.000000000000000000e+00 0.000000000000000000e+00 0.000000000000000000e+00 0.000000000000000000e+00 0.000000000000000000e+00 0.000000000000000000e+00 0.000000000000000000e+00 0.000000000000000000e+00 0.000000000000000000e+00 0.000000000000000000e+00 0.000000000000000000e+00 0.000000000000000000e+00 0.000000000000000000e+00 0.000000000000000000e+00 0.000000000000000000e+00 0.000000000000000000e+00 0.000000000000000000e+00 0.000000000000000000e+00 0.000000000000000000e+00 0.000000000000000000e+00 0.000000000000000000e+00 0.000000000000000000e+00 0.000000000000000000e+00 0.000000000000000000e+00 0.000000000000000000e+00 0.000000000000000000e+00 0.000000000000000000e+00 0.000000000000000000e+00 0.000000000000000000e+00 0.000000000000000000e+00 0.000000000000000000e+00 0.000000000000000000e+00 0.000000000000000000e+00 0.000000000000000000e+00 0.000000000000000000e+00 0.000000000000000000e+00 0.000000000000000000e+00 0.000000000000000000e+00 0.000000000000000000e+00 0.000000000000000000e+00 0.000000000000000000e+00 0.000000000000000000e+00 0.000000000000000000e+00 0.000000000000000000e+00 0.000000000000000000e+00 0.000000000000000000e+00 0.000000000000000000e+00 0.000000000000000000e+00 0.000000000000000000e+00 0.000000000000000000e+00 0.000000000000000000e+00 0.000000000000000000e+00 0.000000000000000000e+00 0.000000000000000000e+00
0.000000000000000000e+00 0.000000000000000000e+00 0.000000000000000000e+00 4.382124352331604022e+00 7.181793478260866337e+00 1.367785630153120913e+01 2.315789473684209199e+01 2.872972972972971917e+01 4.699999999999997158e+01 9.916163141993951768e+00 4.999999999999997158e+01 5.790540540540538572e+00 0.000000000000000000e+00 0.000000000000000000e+00 4.499999999999997868e+01 3.249999999999998579e+01 4.000000000000000711e+01 0.000000000000000000e+00 0.000000000000000000e+00 0.000000000000000000e+00 0.000000000000000000e+00 0.000000000000000000e+00 0.000000000000000000e+00 0.000000000000000000e+00 0.000000000000000000e+00 0.000000000000000000e+00 0.000000000000000000e+00 0.000000000000000000e+00 0.000000000000000000e+00 0.000000000000000000e+00 0.000000000000000000e+00 0.000000000000000000e+00 8.699999999999994316e+01 0.000000000000000000e+00 0.000000000000000000e+00 0.000000000000000000e+00 0.000000000000000000e+00 2.944897959183670721e+01 3.326724137931032743e+01 0.000000000000000000e+00 0.000000000000000000e+00 0.000000000000000000e+00 5.149999999999992895e+01 5.000000000000000000e+01 3.579999999999998295e+01 0.000000000000000000e+00 0.000000000000000000e+00 0.000000000000000000e+00 0.000000000000000000e+00 0.000000000000000000e+00 0.000000000000000000e+00 0.000000000000000000e+00 0.000000000000000000e+00 0.000000000000000000e+00 0.000000000000000000e+00 0.000000000000000000e+00 0.000000000000000000e+00 0.000000000000000000e+00 0.000000000000000000e+00 0.000000000000000000e+00 0.000000000000000000e+00 0.000000000000000000e+00 0.000000000000000000e+00 0.000000000000000000e+00 0.000000000000000000e+00 0.000000000000000000e+00 0.000000000000000000e+00 0.000000000000000000e+00 0.000000000000000000e+00 0.000000000000000000e+00 0.000000000000000000e+00 0.000000000000000000e+00 0.000000000000000000e+00 0.000000000000000000e+00 0.000000000000000000e+00 0.000000000000000000e+00 0.000000000000000000e+00 0.000000000000000000e+00 0.000000000000000000e+00 0.000000000000000000e+00 0.000000000000000000e+00 0.000000000000000000e+00 0.000000000000000000e+00 0.000000000000000000e+00 0.000000000000000000e+00 0.000000000000000000e+00 0.000000000000000000e+00 0.000000000000000000e+00 0.000000000000000000e+00
0.000000000000000000e+00 0.000000000000000000e+00 0.000000000000000000e+00 7.181793478260866337e+00 1.031693799792171085e+01 1.010257397779060895e+01 2.458232931726906401e+01 2.469761904761903537e+01 4.301198630136985201e+01 1.984528855559177529e+01 4.925781249999997158e+01 1.755991379310344058e+01 6.053409090909088519e+01 6.218749999999998579e+01 3.248920863309351148e+01 1.379947916666666252e+01 3.002597402597402620e+01 5.353819444444442155e+01 6.388749999999996732e+01 0.000000000000000000e+00 3.549999999999995737e+01 9.300000000000000000e+01 0.000000000000000000e+00 0.000000000000000000e+00 0.000000000000000000e+00 7.524999999999997158e+01 4.699999999999998579e+01 7.975000000000001421e+01 7.719230769230767919e+01 7.706666666666666288e+01 8.859999999999999432e+01 8.409883720930230311e+01 7.729166666666664298e+01 9.924999999999998579e+01 1.044500000000000028e+02 9.900000000000000000e+01 9.899999999999998579e+01 1.443942923704134351e+01 1.879046941678518934e+01 4.797872340425531235e+01 0.000000000000000000e+00 5.071428571428570109e+01 5.183333333333333570e+01 3.721428571428570109e+01 5.560838445807768871e+00 1.549999999999999645e+01 0.000000000000000000e+00 0.000000000000000000e+00 0.000000000000000000e+00 0.000000000000000000e+00 0.000000000000000000e+00 5.324999999999997158e+01 6.807142857142854098e+01 0.000000000000000000e+00 6.057142857142856940e+01 7.900000000000001421e+01 7.049999999999998579e+01 0.000000000000000000e+00 2.174999999999999645e+01 4.649999999999997868e+01 5.316666666666666430e+01 7.933333333333327175e+01 0.000000000000000000e+00 0.000000000000000000e+00 0.000000000000000000e+00 0.000000000000000000e+00 0.000000000000000000e+00 0.000000000000000000e+00 0.000000000000000000e+00 0.000000000000000000e+00 0.000000000000000000e+00 1.120000000000000426e+02 8.850000000000004263e+01 0.000000000000000000e+00 0.000000000000000000e+00 0.000000000000000000e+00 0.000000000000000000e+00 0.000000000000000000e+00 0.000000000000000000e+00 0.000000000000000000e+00 2.049999999999997158e+01 5.558333333333331439e+01 7.449999999999994316e+01 0.000000000000000000e+00 2.750000000000000000e+01 0.000000000000000000e+00 0.000000000000000000e+00 1.485714285714284344e+01 8.299999999999991829e+00
0.000000000000000000e+00 0.000000000000000000e+00 0.000000000000000000e+00 1.367785630153120913e+01 1.010257397779060895e+01 1.407869249394672551e+01 9.767542706964515986e+00 1.241154791154790615e+01 3.140506329113923201e+01 1.794306087696891794e+01 3.795469255663429209e+01 2.547830578512396116e+01 5.287499999999997868e+01 7.144444444444441444e+01 1.903319057815845028e+01 2.122417355371899461e+01 3.654629629629627630e+01 5.687999999999996703e+01 7.322222222222220012e+01 0.000000000000000000e+00 0.000000000000000000e+00 0.000000000000000000e+00 3.199999999999998224e+01 3.433333333333329307e+01 4.757142857142856940e+01 5.478571428571427049e+01 4.587499999999997158e+01 8.949999999999997158e+01 6.767391304347826519e+01 6.685185185185183343e+01 7.099999999999998579e+01 7.993999999999999773e+01 7.951041666666664298e+01 9.066666666666667140e+01 9.052173913043478137e+01 0.000000000000000000e+00 8.279999999999998295e+01 1.930157170923378374e+01 2.003601398601396966e+01 3.514432989690720888e+01 0.000000000000000000e+00 4.791666666666663588e+01 3.516666666666665009e+01 2.567105263157894157e+01 1.941406249999998934e+01 3.373333333333332718e+01 0.000000000000000000e+00 3.599999999999998579e+01 0.000000000000000000e+00 0.000000000000000000e+00 5.199999999999997158e+01 8.199999999999995737e+01 6.024999999999995737e+01 0.000000000000000000e+00 5.391666666666665009e+01 0.000000000000000000e+00 0.000000000000000000e+00 0.000000000000000000e+00 4.949999999999997158e+01 3.849999999999997868e+01 0.000000000000000000e+00 0.000000000000000000e+00 0.000000000000000000e+00 0.000000000000000000e+00 0.000000000000000000e+00 0.000000000000000000e+00 0.000000000000000000e+00 0.000000000000000000e+00 0.000000000000000000e+00 0.000000000000000000e+00 0.000000000000000000e+00 0.000000000000000000e+00 0.000000000000000000e+00 8.799999999999997158e+01 9.949999999999995737e+01 0.000000000000000000e+00 0.000000000000000000e+00 0.000000000000000000e+00 0.000000000000000000e+00 0.000000000000000000e+00 2.667857142857141639e+01 5.212499999999998579e+01 5.899999999999999289e+01 0.000000000000000000e+00 0.000000000000000000e+00 0.000000000000000000e+00 0.000000000000000000e+00 3.162499999999996803e+01 0.000000000000000000e+00
0.000000000000000000e+00 0.000000000000000000e+00 0.000000000000000000e+00 2.315789473684209199e+01 2.458232931726906401e+01 9.767542706964515986e+00 7.973318301390452056e+00 7.858361774744023975e+00 2.561538461538460965e+01 1.547545700744752395e+01 3.868421052631578760e+01 3.949999999999998579e+01 4.866666666666665719e+01 0.000000000000000000e+00 3.352439024390242395e+01 3.079999999999999361e+01 3.616666666666667851e+01 5.700000000000001421e+01 7.349999999999998579e+01 0.000000000000000000e+00 0.000000000000000000e+00 0.000000000000000000e+00 4.299999999999997868e+01 0.000000000000000000e+00 0.000000000000000000e+00 0.000000000000000000e+00 0.000000000000000000e+00 6.749999999999998579e+01 6.102631578947367075e+01 5.849999999999996447e+01 7.699999999999998579e+01 7.849999999999998579e+01 7.441666666666664298e+01 0.000000000000000000e+00 8.937500000000000000e+01 0.000000000000000000e+00 7.687499999999997158e+01 3.186666666666666003e+01 2.871848739495797176e+01 5.389999999999995595e+01 0.000000000000000000e+00 6.249999999999998579e+01 5.166666666666665009e+01 2.999999999999997513e+01 3.337499999999998579e+01 0.000000000000000000e+00 0.000000000000000000e+00 0.000000000000000000e+00 0.000000000000000000e+00 0.000000000000000000e+00 0.000000000000000000e+00 7.949999999999990052e+01 0.000000000000000000e+00 0.000000000000000000e+00 0.000000000000000000e+00 0.000000000000000000e+00 0.000000000000000000e+00 0.000000000000000000e+00 0.000000000000000000e+00 0.000000000000000000e+00 0.000000000000000000e+00 0.000000000000000000e+00 0.000000000000000000e+00 0.000000000000000000e+00 0.000000000000000000e+00 0.000000000000000000e+00 0.000000000000000000e+00 0.000000000000000000e+00 0.000000000000000000e+00 0.000000000000000000e+00 0.000000000000000000e+00 0.000000000000000000e+00 0.000000000000000000e+00 0.000000000000000000e+00 0.000000000000000000e+00 0.000000000000000000e+00 0.000000000000000000e+00 0.000000000000000000e+00 0.000000000000000000e+00 0.000000000000000000e+00 0.000000000000000000e+00 0.000000000000000000e+00 0.000000000000000000e+00 0.000000000000000000e+00 0.000000000000000000e+00 0.000000000000000000e+00 0.000000000000000000e+00 0.000000000000000000e+00 0.000000000000000000e+00
0.000000000000000000e+00 0.000000000000000000e+00 0.000000000000000000e+00 2.872972972972971917e+01 2.469761904761903537e+01 1.241154791154790615e+01 7.858361774744023975e+00 8.203398831651616874e+00 9.979106145251396498e+00 1.773289041291612378e+01 3.342592592592591672e+01 2.652741935483869895e+01 3.698999999999998778e+01 0.000000000000000000e+00 3.552205882352939881e+01 2.253124999999999289e+01 3.349999999999997868e+01 5.799999999999998579e+01 6.569999999999997442e+01 0.000000000000000000e+00 0.000000000000000000e+00 6.687499999999997158e+01 0.000000000000000000e+00 0.000000000000000000e+00 0.000000000000000000e+00 6.527777777777777146e+01 0.000000000000000000e+00 6.405555555555555713e+01 5.041481481481481808e+01 4.877528089887640306e+01 7.047058823529411598e+01 7.114563106796116188e+01 6.440000000000000568e+01 7.366666666666665719e+01 7.934615384615383959e+01 7.150000000000001421e+01 6.893939393939392346e+01 2.974626865671640275e+01 2.676763485477177440e+01 5.169230769230768630e+01 0.000000000000000000e+00 5.983333333333334991e+01 5.588888888888888573e+01 8.024999999999997158e+01 2.918181818181816567e+01 6.433333333333335702e+01 0.000000000000000000e+00 4.200000000000000000e+01 0.000000000000000000e+00 0.000000000000000000e+00 0.000000000000000000e+00 4.849999999999988631e+01 4.024999999999990052e+01 0.000000000000000000e+00 4.766666666666665719e+01 0.000000000000000000e+00 0.000000000000000000e+00 0.000000000000000000e+00 2.837499999999997868e+01 0.000000000000000000e+00 4.416666666666666430e+01 0.000000000000000000e+00 0.000000000000000000e+00 0.000000000000000000e+00 0.000000000000000000e+00 0.000000000000000000e+00 0.000000000000000000e+00 0.000000000000000000e+00 0.000000000000000000e+00 0.000000000000000000e+00 0.000000000000000000e+00 0.000000000000000000e+00 0.000000000000000000e+00 0.000000000000000000e+00 0.000000000000000000e+00 0.000000000000000000e+00 0.000000000000000000e+00 0.000000000000000000e+00 0.000000000000000000e+00 0.000000000000000000e+00 2.724999999999998224e+01 7.100000000000000000e+01 0.000000000000000000e+00 0.000000000000000000e+00 0.000000000000000000e+00 0.000000000000000000e+00 0.000000000000000000e+00 0.000000000000000000e+00 0.000000000000000000e+00
0.000000000000000000e+00 0.000000000000000000e+00 0.000000000000000000e+00 4.699999999999997158e+01 4.301198630136985201e+01 3.140506329113923201e+01 2.561538461538460965e+01 9.979106145251396498e+00 1.194874984450802380e+01 2.375811378388697293e+01 2.561374407582938417e+01 3.540069930069928716e+01 1.065462610899873219e+01 6.533333333333331439e+01 2.017067108533553821e+01 3.223804780876493936e+01 2.661835748792269740e+01 4.917999999999997840e+01 5.958333333333333570e+01 0.000000000000000000e+00 6.966666666666667140e+01 5.350000000000000711e+01 5.250000000000004263e+01 0.000000000000000000e+00 0.000000000000000000e+00 5.471739130434781373e+01 2.585714285714285765e+01 5.166666666666665719e+01 2.227868852459016225e+01 2.319862288135592365e+01 5.573684210526314331e+01 6.189669421487603529e+01 5.421774193548387188e+01 6.540000000000000568e+01 6.344642857142856940e+01 7.350000000000000000e+01 5.729545454545454675e+01 2.117008797653959107e+01 1.917294900221729392e+01 2.544473684210526443e+01 0.000000000000000000e+00 3.177777777777777146e+01 4.200000000000000000e+01 3.557142857142856940e+01 4.474999999999999289e+01 2.892968750000000711e+01 0.000000000000000000e+00 5.800000000000000000e+01 5.600000000000000000e+01 0.000000000000000000e+00 5.609999999999994458e+01 5.376086956521735516e+01 5.017857142857139507e+01 5.399999999999997158e+01 4.724107142857139507e+01 6.474999999999995737e+01 5.324999999999997158e+01 6.075000000000000000e+01 5.158333333333332149e+01 2.966176470588234437e+01 4.977777777777774304e+01 7.737499999999998579e+01 0.000000000000000000e+00 0.000000000000000000e+00 0.000000000000000000e+00 0.000000000000000000e+00 0.000000000000000000e+00 0.000000000000000000e+00 0.000000000000000000e+00 0.000000000000000000e+00 0.000000000000000000e+00 0.000000000000000000e+00 6.399999999999995026e+01 0.000000000000000000e+00 8.062499999999998579e+01 8.449999999999997158e+01 0.000000000000000000e+00 0.000000000000000000e+00 0.000000000000000000e+00 0.000000000000000000e+00 4.383333333333332149e+01 5.753571428571425628e+01 0.000000000000000000e+00 0.000000000000000000e+00 0.000000000000000000e+00 0.000000000000000000e+00 0.000000000000000000e+00 0.000000000000000000e+00 0.000000000000000000e+00
0.000000000000000000e+00 0.000000000000000000e+00 0.000000000000000000e+00 9.916163141993951768e+00 1.984528855559177529e+01 1.794306087696891794e+01 1.547545700744752395e+01 1.773289041291612378e+01 2.375811378388697293e+01 1.357742001640688656e+01 1.702256020278833759e+01 1.726844608068721598e+01 4.220943204868152776e+01 4.596333333333331694e+01 3.214651553316539179e+01 2.454493696624642851e+01 2.200843108504397705e+01 4.476873385012918050e+01 5.954471544715445219e+01 0.000000000000000000e+00 7.805999999999998806e+01 7.644999999999998863e+01 9.699999999999997158e+01 9.109999999999995168e+01 7.320000000000000284e+01 6.710784313725490335e+01 5.049999999999999289e+01 5.904477611940296811e+01 5.281859756097559710e+01 5.210829493087555875e+01 6.061999999999999744e+01 6.568248820754716633e+01 6.220376522702103017e+01 6.966666666666665719e+01 7.493999999999999773e+01 7.625757575757575069e+01 7.058805031446540568e+01 2.244981788749492324e+01 2.566873857404020143e+01 3.545061728395059930e+01 0.000000000000000000e+00 4.883999999999998209e+01 7.330645161290323131e+01 4.836363636363636687e+01 3.270338983050844917e+01 4.098630136986300698e+01 5.549999999999999289e+01 5.079999999999998295e+01 5.988888888888885020e+01 0.000000000000000000e+00 5.489999999999993463e+01 4.911764705882348636e+01 4.953787878787874632e+01 5.612499999999996447e+01 4.409905660377354764e+01 6.429999999999999716e+01 0.000000000000000000e+00 4.974999999999995737e+01 3.547222222222220012e+01 2.776562499999997868e+01 4.371052631578943704e+01 6.916666666666664298e+01 0.000000000000000000e+00 0.000000000000000000e+00 0.000000000000000000e+00 0.000000000000000000e+00 0.000000000000000000e+00 0.000000000000000000e+00 0.000000000000000000e+00 0.000000000000000000e+00 0.000000000000000000e+00 7.075000000000000000e+01 7.600000000000000000e+01 1.134999999999999716e+02 7.949999999999994316e+01 1.179999999999999432e+02 0.000000000000000000e+00 0.000000000000000000e+00 0.000000000000000000e+00 0.000000000000000000e+00 3.969354838709674738e+01 5.029069767441857408e+01 5.399999999999996447e+01 0.000000000000000000e+00 5.799999999999999289e+01 0.000000000000000000e+00 0.000000000000000000e+00 3.742857142857138086e+01 4.749999999999995737e+01
0.000000000000000000e+00 0.000000000000000000e+00 0.000000000000000000e+00 4.999999999999997158e+01 4.925781249999997158e+01 3.795469255663429209e+01 3.868421052631578760e+01 3.342592592592591672e+01 2.561374407582938417e+01 1.702256020278833759e+01 1.235783040488922779e+01 2.014481034989708519e+01 1.508807045636509159e+01 4.233333333333333570e+01 2.783020231213872719e+01 3.855606617647057277e+01 2.501839237057219734e+01 2.561520190023752264e+01 5.183018867924528195e+01 1.045000000000000142e+02 6.642499999999999716e+01 5.779999999999999005e+01 7.466666666666665719e+01 9.249999999999998579e+01 6.108928571428571530e+01 5.182774390243902474e+01 5.712500000000000000e+01 4.654545454545454675e+01 3.167937438905180869e+01 3.502074288470815588e+01 4.671038251366120164e+01 4.832000000000000028e+01 4.640335846470185288e+01 5.251538461538461888e+01 6.063853658536585556e+01 5.907920792079207928e+01 5.601187335092348007e+01 2.077235371466139568e+01 2.265463696723066533e+01 2.985074626865671732e+01 0.000000000000000000e+00 3.115270935960590393e+01 5.945312500000000000e+01 3.994736842105262298e+01 4.591935483870966550e+01 3.577721774193548043e+01 0.000000000000000000e+00 9.074999999999997158e+01 6.350000000000001421e+01 0.000000000000000000e+00 5.749999999999992184e+01 4.687499999999995737e+01 5.373611111111107164e+01 5.083333333333331439e+01 5.093333333333331581e+01 5.306666666666664867e+01 5.449999999999998579e+01 5.562499999999997158e+01 3.966666666666667851e+01 3.506122448979589734e+01 3.162499999999998579e+01 6.239999999999999147e+01 0.000000000000000000e+00 0.000000000000000000e+00 0.000000000000000000e+00 0.000000000000000000e+00 0.000000000000000000e+00 0.000000000000000000e+00 0.000000000000000000e+00 0.000000000000000000e+00 0.000000000000000000e+00 0.000000000000000000e+00 5.587499999999995737e+01 8.399999999999997158e+01 8.162499999999995737e+01 7.100000000000000000e+01 0.000000000000000000e+00 0.000000000000000000e+00 9.650000000000000000e+01 0.000000000000000000e+00 4.089999999999997726e+01 5.053921568627449545e+01 5.399999999999997158e+01 0.000000000000000000e+00 3.874999999999998579e+01 8.099999999999997158e+01 6.350000000000003553e+01 5.999999999999987210e+01 4.850000000000002842e+01
0.000000000000000000e+00 0.000000000000000000e+00 0.000000000000000000e+00 5.790540540540538572e+00 1.755991379310344058e+01 2.547830578512396116e+01 3.949999999999998579e+01 2.652741935483869895e+01 3.540069930069928716e+01 1.726844608068721598e+01 2.014481034989708519e+01 1.542101579875757089e+01 2.533034286729436957e+01 1.656048154555939433e+01 3.892700729927006620e+01 2.322536072389336681e+01 1.958069837778387878e+01 2.594317450096586342e+01 4.394728434504791181e+01 0.000000000000000000e+00 8.291666666666664298e+01 9.250000000000000000e+01 0.000000000000000000e+00 8.649999999999998579e+01 0.000000000000000000e+00 6.403521126760563220e+01 7.199999999999998579e+01 6.297058823529411598e+01 3.841441441441440929e+01 4.772244897959183874e+01 6.068882978723404165e+01 5.199331031506257261e+01 5.067243510506798287e+01 5.708928571428571530e+01 7.549224806201550564e+01 7.327272727272726627e+01 7.373913043478259510e+01 2.527429467084638404e+01 2.951134273451868850e+01 3.576618705035971146e+01 0.000000000000000000e+00 3.500537634408602372e+01 7.241666666666667140e+01 4.751754385964912331e+01 4.125877192982454744e+01 4.342323651452282007e+01 6.649999999999995737e+01 5.809999999999998010e+01 5.568181818181817277e+01 0.000000000000000000e+00 5.566666666666660745e+01 5.157999999999996277e+01 4.899264705882350057e+01 5.146153846153843858e+01 2.147938144329895493e+01 5.018749999999997158e+01 2.550000000000000000e+01 7.050000000000004263e+01 3.295454545454543194e+01 2.988421052631577624e+01 3.208823529411763786e+01 6.193478260869564878e+01 0.000000000000000000e+00 0.000000000000000000e+00 0.000000000000000000e+00 0.000000000000000000e+00 0.000000000000000000e+00 0.000000000000000000e+00 0.000000000000000000e+00 0.000000000000000000e+00 0.000000000000000000e+00 5.774999999999995737e+01 5.224999999999998579e+01 0.000000000000000000e+00 7.379999999999999716e+01 7.149999999999997158e+01 0.000000000000000000e+00 0.000000000000000000e+00 0.000000000000000000e+00 0.000000000000000000e+00 4.171212121212117552e+01 5.052542372881353572e+01 5.912499999999997158e+01 0.000000000000000000e+00 5.925000000000000000e+01 6.225000000000000000e+01 5.349999999999995737e+01 8.849999999999998579e+01 0.000000000000000000e+00
0.000000000000000000e+00 0.000000000000000000e+00 0.000000000000000000e+00 0.000000000000000000e+00 6.053409090909088519e+01 5.287499999999997868e+01 4.866666666666665719e+01 3.698999999999998778e+01 1.065462610899873219e+01 4.220943204868152776e+01 1.508807045636509159e+01 2.533034286729436957e+01 1.374862202545655698e+01 8.655825045666738049e+00 2.481293222683265043e+01 5.161267605633801736e+01 3.716006600660064407e+01 2.039015939015938983e+01 3.557894736842105488e+01 5.824999999999997158e+01 5.799999999999999289e+01 5.475000000000000000e+01 6.050000000000000000e+01 7.074999999999997158e+01 5.483333333333333570e+01 2.445776566757493242e+01 3.587500000000000711e+01 4.493181818181818699e+01 1.760578150647455686e+01 2.428366938587040025e+01 4.248275862068965836e+01 3.722745625841184136e+01 3.878874388254486405e+01 5.003225806451612812e+01 5.928231292517006779e+01 5.581818181818182012e+01 5.418999999999999773e+01 2.478076778321415219e+01 2.412549000392003862e+01 2.976343030519365840e+01 0.000000000000000000e+00 2.843211920529801162e+01 4.627192982456140413e+01 3.764922907488986681e+01 6.061111111111108585e+01 3.632533589251439565e+01 0.000000000000000000e+00 9.349999999999998579e+01 7.550000000000000000e+01 0.000000000000000000e+00 0.000000000000000000e+00 8.099999999999992895e+01 6.983333333333331439e+01 5.370833333333331439e+01 5.835294117647056567e+01 5.594827586206894665e+01 4.350000000000000000e+01 0.000000000000000000e+00 7.316666666666661456e+01 4.628947368421051323e+01 3.601315789473683537e+01 4.163636363636362603e+01 0.000000000000000000e+00 0.000000000000000000e+00 0.000000000000000000e+00 0.000000000000000000e+00 0.000000000000000000e+00 0.000000000000000000e+00 0.000000000000000000e+00 0.000000000000000000e+00 1.284999999999999432e+02 0.000000000000000000e+00 6.249999999999998579e+01 8.225000000000000000e+01 0.000000000000000000e+00 4.983333333333331439e+01 0.000000000000000000e+00 0.000000000000000000e+00 0.000000000000000000e+00 0.000000000000000000e+00 4.250000000000000000e+01 5.894999999999998863e+01 5.764285714285713169e+01 0.000000000000000000e+00 4.646153846153845279e+01 0.000000000000000000e+00 5.449999999999999289e+01 0.000000000000000000e+00 0.000000000000000000e+00
0.000000000000000000e+00 0.000000000000000000e+00 0.000000000000000000e+00 0.000000000000000000e+00 6.218749999999998579e+01 7.144444444444441444e+01 0.000000000000000000e+00 0.000000000000000000e+00 6.533333333333331439e+01 4.596333333333331694e+01 4.233333333333333570e+01 1.656048154555939433e+01 8.655825045666738049e+00 1.168146453089244474e+01 3.691666666666665719e+01 4.957936507936504711e+01 3.712499999999997868e+01 1.401886792452829944e+01 2.243103448275861922e+01 0.000000000000000000e+00 4.550000000000001421e+01 0.000000000000000000e+00 0.000000000000000000e+00 0.000000000000000000e+00 0.000000000000000000e+00 5.200000000000000711e+01 3.149999999999998934e+01 5.125000000000000000e+01 1.146631419939576979e+01 3.702586206896551602e+01 5.799999999999996447e+01 1.550144300144300225e+01 1.663858695652173836e+01 0.000000000000000000e+00 0.000000000000000000e+00 1.305000000000000000e+02 6.850000000000001421e+01 3.552941176470588402e+01 4.349295774647887214e+01 3.903333333333333144e+01 0.000000000000000000e+00 4.045454545454546036e+01 5.633333333333333570e+01 4.712499999999999289e+01 6.875000000000000000e+01 4.999999999999999289e+01 0.000000000000000000e+00 0.000000000000000000e+00 0.000000000000000000e+00 0.000000000000000000e+00 0.000000000000000000e+00 6.749999999999994316e+01 0.000000000000000000e+00 0.000000000000000000e+00 4.624999999999998579e+01 0.000000000000000000e+00 0.000000000000000000e+00 0.000000000000000000e+00 5.849999999999997158e+01 4.749999999999996447e+01 4.199999999999997158e+01 3.283333333333332149e+01 0.000000000000000000e+00 0.000000000000000000e+00 0.000000000000000000e+00 0.000000000000000000e+00 0.000000000000000000e+00 0.000000000000000000e+00 0.000000000000000000e+00 0.000000000000000000e+00 0.000000000000000000e+00 0.000000000000000000e+00 0.000000000000000000e+00 0.000000000000000000e+00 1.005000000000000426e+02 0.000000000000000000e+00 0.000000000000000000e+00 0.000000000000000000e+00 0.000000000000000000e+00 0.000000000000000000e+00 0.000000000000000000e+00 6.249999999999993605e+01 0.000000000000000000e+00 0.000000000000000000e+00 0.000000000000000000e+00 0.000000000000000000e+00 0.000000000000000000e+00 0.000000000000000000e+00 0.000000000000000000e+00
0.000000000000000000e+00 0.000000000000000000e+00 0.000000000000000000e+00 4.499999999999997868e+01 3.248920863309351148e+01 1.903319057815845028e+01 3.352439024390242395e+01 3.552205882352939881e+01 2.017067108533553821e+01 3.214651553316539179e+01 2.783020231213872719e+01 3.892700729927006620e+01 2.481293222683265043e+01 3.691666666666665719e+01 1.126253945983864924e+01 4.080628272251308175e+01 3.635106382978722195e+01 3.197142857142856442e+01 2.526767676767675752e+01 1.632738095238094544e+01 2.385619047619046995e+01 2.590972222222221433e+01 2.211758691206544114e+01 1.860827250608271299e+01 2.345314222712237395e+01 2.125268969422423382e+01 2.183715377268385183e+01 2.961612284069097356e+01 2.072372881355932250e+01 2.250050581689428597e+01 4.244339622641507503e+01 3.555126300148588570e+01 3.561516034985422863e+01 5.544117647058822484e+01 5.031781701444622001e+01 5.201754385964912331e+01 3.198557692307691269e+01 2.726158940397350250e+01 9.130462852602304835e+00 2.759940652818990969e+01 0.000000000000000000e+00 1.851592797783933619e+01 1.514580403187998137e+01 1.659502262443438880e+01 3.779999999999999716e+01 1.866129032258064413e+01 0.000000000000000000e+00 0.000000000000000000e+00 5.999999999999992895e+01 0.000000000000000000e+00 3.799999999999993605e+01 4.099999999999997868e+01 4.599999999999996447e+01 4.837499999999997158e+01 6.111111111111108585e+01 4.349999999999998579e+01 0.000000000000000000e+00 5.659999999999998010e+01 0.000000000000000000e+00 5.504999999999997584e+01 4.639999999999997726e+01 3.241346153846153300e+01 0.000000000000000000e+00 6.799999999999997158e+01 4.249999999999998579e+01 5.299999999999998579e+01 0.000000000000000000e+00 6.100000000000000000e+01 5.724999999999998579e+01 0.000000000000000000e+00 0.000000000000000000e+00 6.449999999999998579e+01 5.883333333333331439e+01 6.749999999999997158e+01 4.666666666666665009e+01 3.469444444444442865e+01 0.000000000000000000e+00 0.000000000000000000e+00 5.900000000000000711e+01 3.649999999999998579e+01 4.583333333333331439e+01 5.264285714285714590e+01 7.825000000000000000e+01 0.000000000000000000e+00 3.549999999999998579e+01 4.539999999999997726e+01 5.250000000000000711e+01 4.674999999999996447e+01 0.000000000000000000e+00
0.000000000000000000e+00 0.000000000000000000e+00 0.000000000000000000e+00 3.249999999999998579e+01 1.379947916666666252e+01 2.122417355371899461e+01 3.079999999999999361e+01 2.253124999999999289e+01 3.223804780876493936e+01 2.454493696624642851e+01 3.855606617647057277e+01 2.322536072389336681e+01 5.161267605633801736e+01 4.957936507936504711e+01 4.080628272251308175e+01 7.868806975822431049e+00 1.128664103796251794e+01 3.921284943599800954e+01 5.211175898930998329e+01 0.000000000000000000e+00 7.450000000000002842e+01 7.587499999999997158e+01 0.000000000000000000e+00 0.000000000000000000e+00 0.000000000000000000e+00 8.342857142857140218e+01 6.429999999999998295e+01 8.318749999999998579e+01 6.421186440677963958e+01 6.819736842105263008e+01 7.736363636363635976e+01 7.030340264650280346e+01 6.014401294498379258e+01 8.135714285714284699e+01 8.817499999999999716e+01 8.391666666666664298e+01 8.271999999999998465e+01 1.488723298559363428e+01 2.217048867048865901e+01 4.198031496062991152e+01 0.000000000000000000e+00 6.604347826086954854e+01 7.565384615384613198e+01 6.839999999999996305e+01 8.205980066445178522e+00 5.305555555555554292e+01 0.000000000000000000e+00 7.949999999999991473e+01 4.974999999999998579e+01 0.000000000000000000e+00 3.883333333333328596e+01 5.092857142857137376e+01 3.722222222222218591e+01 4.674999999999996447e+01 3.676923076923074518e+01 6.449999999999997158e+01 6.366666666666665719e+01 6.349999999999999289e+01 2.130555555555555003e+01 2.391666666666666075e+01 4.107142857142854808e+01 5.251428571428569825e+01 0.000000000000000000e+00 0.000000000000000000e+00 0.000000000000000000e+00 0.000000000000000000e+00 0.000000000000000000e+00 0.000000000000000000e+00 0.000000000000000000e+00 0.000000000000000000e+00 0.000000000000000000e+00 7.849999999999991473e+01 7.449999999999992895e+01 8.874999999999997158e+01 7.435714285714284699e+01 6.729999999999998295e+01 0.000000000000000000e+00 0.000000000000000000e+00 0.000000000000000000e+00 0.000000000000000000e+00 2.932352941176467809e+01 3.699999999999997158e+01 5.600000000000000000e+01 0.000000000000000000e+00 5.349999999999992184e+01 0.000000000000000000e+00 0.000000000000000000e+00 1.249999999999999112e+01 7.550000000000002842e+01
0.000000000000000000e+00 0.000000000000000000e+00 0.000000000000000000e+00 4.000000000000000711e+01 3.002597402597402620e+01 3.654629629629627630e+01 3.616666666666667851e+01 3.349999999999997868e+01 2.661835748792269740e+01 2.200843108504397705e+01 2.501839237057219734e+01 1.958069837778387878e+01 3.716006600660064407e+01 3.712499999999997868e+01 3.635106382978722195e+01 1.128664103796251794e+01 8.454186760192891725e+00 2.372668609492088265e+01 4.264062499999998579e+01 1.124999999999999858e+02 8.516666666666664298e+01 0.000000000000000000e+00 0.000000000000000000e+00 1.014999999999999716e+02 8.824999999999997158e+01 6.799999999999998579e+01 0.000000000000000000e+00 6.699999999999995737e+01 5.150999999999998380e+01 6.080555555555555713e+01 7.178124999999998579e+01 6.034569377990428762e+01 5.075186567164178086e+01 7.012499999999998579e+01 8.008823529411763786e+01 0.000000000000000000e+00 7.672727272727270531e+01 2.166666666666665719e+01 2.757317073170730382e+01 3.477142857142855803e+01 0.000000000000000000e+00 4.454545454545453254e+01 7.441666666666664298e+01 6.200000000000000000e+01 3.130555555555555003e+01 4.219999999999999574e+01 0.000000000000000000e+00 4.312499999999998579e+01 4.268749999999998579e+01 0.000000000000000000e+00 3.376666666666663019e+01 3.368627450980388005e+01 3.129245283018864399e+01 3.652272727272724495e+01 3.089534883720927994e+01 4.483333333333330728e+01 4.899999999999995737e+01 3.649999999999996447e+01 1.992592592592592027e+01 1.360869565217390864e+01 2.076315789473683182e+01 4.157142857142854808e+01 0.000000000000000000e+00 0.000000000000000000e+00 0.000000000000000000e+00 0.000000000000000000e+00 0.000000000000000000e+00 0.000000000000000000e+00 0.000000000000000000e+00 0.000000000000000000e+00 0.000000000000000000e+00 6.749999999999997158e+01 0.000000000000000000e+00 6.583333333333330017e+01 6.039999999999996305e+01 5.633333333333332149e+01 0.000000000000000000e+00 0.000000000000000000e+00 0.000000000000000000e+00 0.000000000000000000e+00 2.859523809523806648e+01 3.362820512820511709e+01 4.300000000000000000e+01 0.000000000000000000e+00 5.499999999999998579e+01 6.299999999999997158e+01 7.649999999999998579e+01 3.216666666666665719e+01 0.000000000000000000e+00
