0.000000000000000000e+00 0.000000000000000000e+00 0.000000000000000000e+00 0.000000000000000000e+00 0.000000000000000000e+00 0.000000000000000000e+00 0.000000000000000000e+00 0.000000000000000000e+00 0.000000000000000000e+00 0.000000000000000000e+00 0.000000000000000000e+00 0.000000000000000000e+00 0.000000000000000000e+00 0.000000000000000000e+00 0.000000000000000000e+00 0.000000000000000000e+00 0.000000000000000000e+00 0.000000000000000000e+00 0.000000000000000000e+00 0.000000000000000000e+00 0.000000000000000000e+00 0.000000000000000000e+00 0.000000000000000000e+00 0.000000000000000000e+00 0.000000000000000000e+00 0.000000000000000000e+00 0.000000000000000000e+00 0.000000000000000000e+00 0.000000000000000000e+00 0.000000000000000000e+00 0.000000000000000000e+00 0.000000000000000000e+00 0.000000000000000000e+00 0.000000000000000000e+00 0.000000000000000000e+00 0.000000000000000000e+00 0.000000000000000000e+00 0.000000000000000000e+00 0.000000000000000000e+00 0.000000000000000000e+00 0.000000000000000000e+00 0.000000000000000000e+00 0.000000000000000000e+00 0.000000000000000000e+00 0.000000000000000000e+00 0.000000000000000000e+00 0.000000000000000000e+00 0.000000000000000000e+00 0.000000000000000000e+00 0.000000000000000000e+00 0.000000000000000000e+00 0.000000000000000000e+00 0.000000000000000000e+00 0.000000000000000000e+00 0.000000000000000000e+00 0.000000000000000000e+00 0.000000000000000000e+00 0.000000000000000000e+00 0.000000000000000000e+00 0.000000000000000000e+00 0.000000000000000000e+00 0.000000000000000000e+00 0.000000000000000000e+00 0.000000000000000000e+00 0.000000000000000000e+00 0.000000000000000000e+00 0.000000000000000000e+00 0.000000000000000000e+00 0.000000000000000000e+00 0.000000000000000000e+00 0.000000000000000000e+00 0.000000000000000000e+00 0.000000000000000000e+00 0.000000000000000000e+00 0.000000000000000000e+00 0.000000000000000000e+00 0.000000000000000000e+00 0.000000000000000000e+00 0.000000000000000000e+00 0.000000000000000000e+00 0.000000000000000000e+00 0.000000000000000000e+00 0.000000000000000000e+00 0.000000000000000000e+00 0.000000000000000000e+00 0.000000000000000000e+00 0.000000000000000000e+00 0.000000000000000000e+00 0.000000000000000000e+00
0.000000000000000000e+00 0.000000000000000000e+00 0.000000000000000000e+00 0.000000000000000000e+00 0.000000000000000000e+00 0.000000000000000000e+00 0.000000000000000000e+00 0.000000000000000000e+00 0.000000000000000000e+00 0.000000000000000000e+00 0.000000000000000000e+00 0.000000000000000000e+00 0.000000000000000000e+00 0.000000000000000000e+00 0.000000000000000000e+00 0.000000000000000000e+00 0.000000000000000000e+00 0.000000000000000000e+00 0.000000000000000000e+00 0.000000000000000000e+00 0.000000000000000000e+00 0.000000000000000000e+00 0.000000000000000000e+00 0.000000000000000000e+00 0.000000000000000000e+00 0.000000000000000000e+00 0.000000000000000000e+00 0.000000000000000000e+00 0.000000000000000000e+00 0.000000000000000000e+00 0.000000000000000000e+00 0.000000000000000000e+00 0.000000000000000000e+00 0.000000000000000000e+00 0.000000000000000000e+00 0.000000000000000000e+00 0.000000000000000000e+00 0.000000000000000000e+00 0.000000000000000000e+00 0.000000000000000000e+00 0.000000000000000000e+00 0.000000000000000000e+00 0.000000000000000000e+00 0.000000000000000000e+00 0.000000000000000000e+00 0.000000000000000000e+00 0.000000000000000000e+00 0.000000000000000000e+00 0.000000000000000000e+00 0.000000000000000000e+00 0.000000000000000000e+00 0.000000000000000000e+00 0.000000000000000000e+00 0.000000000000000000e+00 0.000000000000000000e+00 0.000000000000000000e+00 0.000000000000000000e+00 0.000000000000000000e+00 0.000000000000000000e+00 0.000000000000000000e+00 0.000000000000000000e+00 0.000000000000000000e+00 0.000000000000000000e+00 0.000000000000000000e+00 0.000000000000000000e+00 0.000000000000000000e+00 0.000000000000000000e+00 0.000000000000000000e+00 0.000000000000000000e+00 0.000000000000000000e+00 0.000000000000000000e+00 0.000000000000000000e+00 0.000000000000000000e+00 0.000000000000000000e+00 0.000000000000000000e+00 0.000000000000000000e+00 0.000000000000000000e+00 0.000000000000000000e+00 0.000000000000000000e+00 0.000000000000000000e+00 0.000000000000000000e+00 0.000000000000000000e+00 0.000000000000000000e+00 0.000000000000000000e+00 0.000000000000000000e+00 0.000000000000000000e+00 0.000000000000000000e+00 0.000000000000000000e+00 0.000000000000000000e+00
0.000000000000000000e+00 0.000000000000000000e+00 0.000000000000000000e+00 0.000000000000000000e+00 0.000000000000000000e+00 0.000000000000000000e+00 0.000000000000000000e+00 0.000000000000000000e+00 0.000000000000000000e+00 0.000000000000000000e+00 0.000000000000000000e+00 0.000000000000000000e+00 0.000000000000000000e+00 0.000000000000000000e+00 0.000000000000000000e+00 0.000000000000000000e+00 0.000000000000000000e+00 0.000000000000000000e+00 0.000000000000000000e+00 0.000000000000000000e+00 0.000000000000000000e+00 0.000000000000000000e+00 0.000000000000000000e+00 0.000000000000000000e+00 0.000000000000000000e+00 0.000000000000000000e+00 0.000000000000000000e+00 0.000000000000000000e+00 0.000000000000000000e+00 0.000000000000000000e+00 0.000000000000000000e+00 0.000000000000000000e+00 0.000000000000000000e+00 0.000000000000000000e+00 0.000000000000000000e+00 0.000000000000000000e+00 0.000000000000000000e+00 0.000000000000000000e+00 0.000000000000000000e+00 0.000000000000000000e+00 0.000000000000000000e+00 0.000000000000000000e+00 0.000000000000000000e+00 0.000000000000000000e+00 0.000000000000000000e+00 0.000000000000000000e+00 0.000000000000000000e+00 0.000000000000000000e+00 0.000000000000000000e+00 0.000000000000000000e+00 0.000000000000000000e+00 0.000000000000000000e+00 0.000000000000000000e+00 0.000000000000000000e+00 0.000000000000000000e+00 0.000000000000000000e+00 0.000000000000000000e+00 0.000000000000000000e+00 0.000000000000000000e+00 0.000000000000000000e+00 0.000000000000000000e+00 0.000000000000000000e+00 0.000000000000000000e+00 0.000000000000000000e+00 0.000000000000000000e+00 0.000000000000000000e+00 0.000000000000000000e+00 0.000000000000000000e+00 0.000000000000000000e+00 0.000000000000000000e+00 0.000000000000000000e+00 0.000000000000000000e+00 0.000000000000000000e+00 0.000000000000000000e+00 0.000000000000000000e+00 0.000000000000000000e+00 0.000000000000000000e+00 0.000000000000000000e+00 0.000000000000000000e+00 0.000000000000000000e+00 0.000000000000000000e+00 0.000000000000000000e+00 0.000000000000000000e+00 0.000000000000000000e+00 0.000000000000000000e+00 0.000000000000000000e+00 0.000000000000000000e+00 0.000000000000000000e+00 0.000000000000000000e+00
0.000000000000000000e+00 0.000000000000000000e+00 0.000000000000000000e+00 4.094999999999997087e+00 6.374557051736355007e+00 9.553826199740591107e+00 3.269999999999999574e+01 2.965624999999997868e+01 5.299999999999997868e+01 1.108843537414965397e+01 0.000000000000000000e+00 5.490476190476188734e+00 0.000000000000000000e+00 0.000000000000000000e+00 4.816666666666662877e+01 3.110000000000000497e+01 0.000000000000000000e+00 0.000000000000000000e+00 0.000000000000000000e+00 0.000000000000000000e+00 0.000000000000000000e+00 0.000000000000000000e+00 0.000000000000000000e+00 0.000000000000000000e+00 0.000000000000000000e+00 0.000000000000000000e+00 0.000000000000000000e+00 0.000000000000000000e+00 0.000000000000000000e+00 7.749999999999994316e+01 0.000000000000000000e+00 0.000000000000000000e+00 7.149999999999987210e+01 0.000000000000000000e+00 0.000000000000000000e+00 0.000000000000000000e+00 0.000000000000000000e+00 3.169999999999997797e+01 3.391666666666664298e+01 0.000000000000000000e+00 0.000000000000000000e+00 0.000000000000000000e+00 0.000000000000000000e+00 0.000000000000000000e+00 3.199999999999998934e+01 0.000000000000000000e+00 0.000000000000000000e+00 0.000000000000000000e+00 0.000000000000000000e+00 0.000000000000000000e+00 0.000000000000000000e+00 0.000000000000000000e+00 0.000000000000000000e+00 0.000000000000000000e+00 0.000000000000000000e+00 0.000000000000000000e+00 0.000000000000000000e+00 0.000000000000000000e+00 0.000000000000000000e+00 0.000000000000000000e+00 0.000000000000000000e+00 0.000000000000000000e+00 0.000000000000000000e+00 0.000000000000000000e+00 0.000000000000000000e+00 0.000000000000000000e+00 0.000000000000000000e+00 0.000000000000000000e+00 0.000000000000000000e+00 0.000000000000000000e+00 0.000000000000000000e+00 0.000000000000000000e+00 0.000000000000000000e+00 0.000000000000000000e+00 0.000000000000000000e+00 0.000000000000000000e+00 0.000000000000000000e+00 0.000000000000000000e+00 0.000000000000000000e+00 0.000000000000000000e+00 0.000000000000000000e+00 0.000000000000000000e+00 0.000000000000000000e+00 0.000000000000000000e+00 0.000000000000000000e+00 0.000000000000000000e+00 0.000000000000000000e+00 0.000000000000000000e+00 0.000000000000000000e+00
0.000000000000000000e+00 0.000000000000000000e+00 0.000000000000000000e+00 6.374557051736355007e+00 1.046597537265067679e+01 1.046852203457578945e+01 2.619999999999999574e+01 2.421524288107201883e+01 4.050643776824034603e+01 1.964329437952141788e+01 4.527707006369424647e+01 2.191371027346636424e+01 6.604545454545451832e+01 6.430952380952379599e+01 4.753550295857986185e+01 1.609497413155948564e+01 3.212540716612376457e+01 5.500409836065571056e+01 7.242288557213927902e+01 0.000000000000000000e+00 0.000000000000000000e+00 0.000000000000000000e+00 0.000000000000000000e+00 0.000000000000000000e+00 0.000000000000000000e+00 9.399999999999997158e+01 9.262499999999997158e+01 0.000000000000000000e+00 7.364705882352939170e+01 7.643749999999997158e+01 9.199999999999997158e+01 8.269767441860462043e+01 7.634513274336279665e+01 9.249999999999994316e+01 9.337500000000001421e+01 0.000000000000000000e+00 1.144999999999999858e+02 1.315382969619169273e+01 2.333670317326592425e+01 4.034523809523808779e+01 0.000000000000000000e+00 5.285714285714281857e+01 6.549999999999997158e+01 3.589999999999999147e+01 5.475119110640548570e+00 1.865789473684209909e+01 0.000000000000000000e+00 5.299999999999995026e+01 4.237499999999996447e+01 5.949999999999993605e+01 5.566666666666665719e+01 6.683333333333330017e+01 4.887499999999996447e+01 6.462500000000000000e+01 5.364285714285707485e+01 7.449999999999991473e+01 0.000000000000000000e+00 0.000000000000000000e+00 3.509999999999998010e+01 4.083333333333330728e+01 6.449999999999997158e+01 0.000000000000000000e+00 0.000000000000000000e+00 0.000000000000000000e+00 0.000000000000000000e+00 0.000000000000000000e+00 0.000000000000000000e+00 0.000000000000000000e+00 0.000000000000000000e+00 0.000000000000000000e+00 0.000000000000000000e+00 0.000000000000000000e+00 0.000000000000000000e+00 0.000000000000000000e+00 0.000000000000000000e+00 6.150000000000002842e+01 0.000000000000000000e+00 0.000000000000000000e+00 0.000000000000000000e+00 0.000000000000000000e+00 2.447368421052629017e+01 4.699999999999997868e+01 8.050000000000001421e+01 0.000000000000000000e+00 0.000000000000000000e+00 0.000000000000000000e+00 0.000000000000000000e+00 2.929999999999997229e+01 8.999999999999994671e+00
0.000000000000000000e+00 0.000000000000000000e+00 0.000000000000000000e+00 9.553826199740591107e+00 1.046852203457578945e+01 1.430582959641254703e+01 9.770136778115496412e+00 1.531968660339880195e+01 3.023026315789472207e+01 1.743137736312299779e+01 4.188934426229506869e+01 2.559287454323993671e+01 6.023214285714283278e+01 6.637499999999998579e+01 2.673987854251010532e+01 2.160947930574097597e+01 3.545333333333331893e+01 5.493103448275860501e+01 7.240697674418601082e+01 0.000000000000000000e+00 0.000000000000000000e+00 0.000000000000000000e+00 4.049999999999997868e+01 3.999999999999994316e+01 6.000000000000000000e+01 5.924999999999998579e+01 4.874999999999996447e+01 7.424999999999998579e+01 7.111111111111108585e+01 6.610714285714281857e+01 6.749999999999997158e+01 8.142528735632181736e+01 7.780769230769227818e+01 0.000000000000000000e+00 8.799999999999997158e+01 0.000000000000000000e+00 0.000000000000000000e+00 1.803025302530252105e+01 2.012419070041199376e+01 2.787804878048779500e+01 0.000000000000000000e+00 4.676923076923074518e+01 3.037499999999998579e+01 2.124647887323942541e+01 1.726190476190474854e+01 4.056818181818179880e+01 0.000000000000000000e+00 3.566666666666665719e+01 4.893749999999995737e+01 0.000000000000000000e+00 5.416666666666662877e+01 5.759999999999992326e+01 5.211111111111107164e+01 7.274999999999994316e+01 4.814999999999997016e+01 6.899999999999995737e+01 0.000000000000000000e+00 8.325000000000000000e+01 3.667647058823528283e+01 3.974999999999997158e+01 5.100000000000000711e+01 0.000000000000000000e+00 0.000000000000000000e+00 0.000000000000000000e+00 0.000000000000000000e+00 0.000000000000000000e+00 0.000000000000000000e+00 0.000000000000000000e+00 0.000000000000000000e+00 0.000000000000000000e+00 0.000000000000000000e+00 0.000000000000000000e+00 0.000000000000000000e+00 0.000000000000000000e+00 9.699999999999995737e+01 0.000000000000000000e+00 0.000000000000000000e+00 0.000000000000000000e+00 0.000000000000000000e+00 0.000000000000000000e+00 3.676190476190473788e+01 5.560869565217389265e+01 0.000000000000000000e+00 0.000000000000000000e+00 0.000000000000000000e+00 0.000000000000000000e+00 0.000000000000000000e+00 4.074999999999997868e+01 4.899999999999997868e+01
0.000000000000000000e+00 0.000000000000000000e+00 0.000000000000000000e+00 3.269999999999999574e+01 2.619999999999999574e+01 9.770136778115496412e+00 7.006276619592016530e+00 8.003853804077570189e+00 2.143312101910827039e+01 1.111982758620689182e+01 5.699999999999996447e+01 2.918421052631576984e+01 0.000000000000000000e+00 0.000000000000000000e+00 4.144444444444442865e+01 2.484374999999999289e+01 5.749999999999993605e+01 1.039999999999999574e+02 0.000000000000000000e+00 0.000000000000000000e+00 0.000000000000000000e+00 0.000000000000000000e+00 0.000000000000000000e+00 0.000000000000000000e+00 0.000000000000000000e+00 0.000000000000000000e+00 0.000000000000000000e+00 0.000000000000000000e+00 6.099999999999999289e+01 0.000000000000000000e+00 0.000000000000000000e+00 6.249999999999996447e+01 0.000000000000000000e+00 0.000000000000000000e+00 0.000000000000000000e+00 0.000000000000000000e+00 0.000000000000000000e+00 2.500000000000000000e+01 2.545238095238093123e+01 2.699999999999998934e+01 0.000000000000000000e+00 0.000000000000000000e+00 0.000000000000000000e+00 3.549999999999998579e+01 0.000000000000000000e+00 4.099999999999997158e+01 0.000000000000000000e+00 0.000000000000000000e+00 0.000000000000000000e+00 0.000000000000000000e+00 0.000000000000000000e+00 0.000000000000000000e+00 0.000000000000000000e+00 0.000000000000000000e+00 0.000000000000000000e+00 0.000000000000000000e+00 0.000000000000000000e+00 0.000000000000000000e+00 0.000000000000000000e+00 0.000000000000000000e+00 0.000000000000000000e+00 0.000000000000000000e+00 0.000000000000000000e+00 0.000000000000000000e+00 0.000000000000000000e+00 0.000000000000000000e+00 0.000000000000000000e+00 0.000000000000000000e+00 0.000000000000000000e+00 0.000000000000000000e+00 0.000000000000000000e+00 0.000000000000000000e+00 0.000000000000000000e+00 0.000000000000000000e+00 0.000000000000000000e+00 0.000000000000000000e+00 0.000000000000000000e+00 0.000000000000000000e+00 0.000000000000000000e+00 0.000000000000000000e+00 0.000000000000000000e+00 0.000000000000000000e+00 0.000000000000000000e+00 0.000000000000000000e+00 0.000000000000000000e+00 0.000000000000000000e+00 0.000000000000000000e+00 0.000000000000000000e+00 0.000000000000000000e+00
0.000000000000000000e+00 0.000000000000000000e+00 0.000000000000000000e+00 2.965624999999997868e+01 2.421524288107201883e+01 1.531968660339880195e+01 8.003853804077570189e+00 9.293346662223699539e+00 8.558752204585536205e+00 1.987973829758531608e+01 3.130476190476189657e+01 2.541488277268092943e+01 4.677586206896550181e+01 6.175000000000001421e+01 3.687677053824360485e+01 2.165742574257425446e+01 2.997115384615383249e+01 6.185294117647055856e+01 6.577272727272725206e+01 0.000000000000000000e+00 9.149999999999995737e+01 0.000000000000000000e+00 0.000000000000000000e+00 0.000000000000000000e+00 0.000000000000000000e+00 0.000000000000000000e+00 0.000000000000000000e+00 6.649999999999995737e+01 5.214062499999997158e+01 5.032352941176469585e+01 6.199999999999997158e+01 7.226829268292681263e+01 7.245833333333330017e+01 0.000000000000000000e+00 8.024999999999997158e+01 0.000000000000000000e+00 8.549999999999995737e+01 1.577443609022555648e+01 2.682178217821780208e+01 3.787499999999998579e+01 0.000000000000000000e+00 5.049999999999997868e+01 6.149999999999992895e+01 4.950000000000000711e+01 3.254545454545453254e+01 4.791666666666665719e+01 0.000000000000000000e+00 0.000000000000000000e+00 3.949999999999996447e+01 0.000000000000000000e+00 4.074999999999997158e+01 4.449999999999997158e+01 5.074999999999995026e+01 6.449999999999998579e+01 3.987499999999995737e+01 0.000000000000000000e+00 0.000000000000000000e+00 0.000000000000000000e+00 2.509999999999998721e+01 3.750000000000000000e+01 0.000000000000000000e+00 0.000000000000000000e+00 0.000000000000000000e+00 0.000000000000000000e+00 0.000000000000000000e+00 0.000000000000000000e+00 0.000000000000000000e+00 0.000000000000000000e+00 0.000000000000000000e+00 0.000000000000000000e+00 0.000000000000000000e+00 0.000000000000000000e+00 0.000000000000000000e+00 0.000000000000000000e+00 0.000000000000000000e+00 0.000000000000000000e+00 0.000000000000000000e+00 0.000000000000000000e+00 0.000000000000000000e+00 0.000000000000000000e+00 4.299999999999998579e+01 5.145833333333329307e+01 0.000000000000000000e+00 0.000000000000000000e+00 0.000000000000000000e+00 0.000000000000000000e+00 0.000000000000000000e+00 0.000000000000000000e+00 0.000000000000000000e+00
0.000000000000000000e+00 0.000000000000000000e+00 0.000000000000000000e+00 5.299999999999997868e+01 4.050643776824034603e+01 3.023026315789472207e+01 2.143312101910827039e+01 8.558752204585536205e+00 1.105024630541871922e+01 2.139424179857765296e+01 2.222537313432835759e+01 3.209308176100628884e+01 9.107380952380950134e+00 5.530555555555555713e+01 2.100672908133410388e+01 3.158261802575107424e+01 2.642224880382775254e+01 5.025000000000000000e+01 5.741379310344827047e+01 0.000000000000000000e+00 9.550000000000000000e+01 0.000000000000000000e+00 0.000000000000000000e+00 0.000000000000000000e+00 5.675000000000000000e+01 6.724999999999998579e+01 2.449999999999998579e+01 5.807142857142854098e+01 2.663043478260869534e+01 2.370454545454544615e+01 5.542857142857142350e+01 6.049728260869564167e+01 6.338461538461535838e+01 0.000000000000000000e+00 6.849999999999998579e+01 0.000000000000000000e+00 6.049999999999998579e+01 2.291237785016286566e+01 1.624630364226469226e+01 2.395312500000000000e+01 0.000000000000000000e+00 3.328571428571428470e+01 3.150000000000000355e+01 3.157142857142858361e+01 3.185294117647057632e+01 3.147280334728033324e+01 0.000000000000000000e+00 0.000000000000000000e+00 4.849999999999997868e+01 0.000000000000000000e+00 5.734999999999998010e+01 4.952173913043472453e+01 5.063636363636360471e+01 5.274999999999995026e+01 4.566666666666663588e+01 0.000000000000000000e+00 0.000000000000000000e+00 7.550000000000000000e+01 4.207142857142856229e+01 3.036666666666666003e+01 5.374999999999999289e+01 0.000000000000000000e+00 0.000000000000000000e+00 0.000000000000000000e+00 0.000000000000000000e+00 0.000000000000000000e+00 0.000000000000000000e+00 0.000000000000000000e+00 0.000000000000000000e+00 0.000000000000000000e+00 0.000000000000000000e+00 0.000000000000000000e+00 0.000000000000000000e+00 0.000000000000000000e+00 0.000000000000000000e+00 0.000000000000000000e+00 0.000000000000000000e+00 0.000000000000000000e+00 0.000000000000000000e+00 0.000000000000000000e+00 4.126923076923074518e+01 5.420454545454543194e+01 5.849999999999995737e+01 0.000000000000000000e+00 0.000000000000000000e+00 0.000000000000000000e+00 0.000000000000000000e+00 5.449999999999996447e+01 6.449999999999998579e+01
0.000000000000000000e+00 0.000000000000000000e+00 0.000000000000000000e+00 1.108843537414965397e+01 1.964329437952141788e+01 1.743137736312299779e+01 1.111982758620689182e+01 1.987973829758531608e+01 2.139424179857765296e+01 1.297875008589294232e+01 1.617148053059477419e+01 1.564328069610054150e+01 4.496095717884129073e+01 4.944318181818179880e+01 4.076531049250532845e+01 2.330766574585634388e+01 2.458274231678486288e+01 4.926190476190473788e+01 6.353084832904882262e+01 5.049999999999998579e+01 7.654999999999999716e+01 0.000000000000000000e+00 1.335000000000000284e+02 4.499999999999992895e+01 1.039999999999999716e+02 7.143749999999997158e+01 5.739999999999997726e+01 7.069999999999996021e+01 5.546138996138993349e+01 5.338756613756611813e+01 6.554195804195801145e+01 6.779065200314215645e+01 6.609845559845557261e+01 7.592857142857141639e+01 7.675438596491224530e+01 8.883333333333330017e+01 7.671428571428566556e+01 2.290170278637769385e+01 2.704830224772834057e+01 3.700787401574801549e+01 0.000000000000000000e+00 5.658333333333330728e+01 6.883333333333332860e+01 5.249999999999997158e+01 3.253431372549017198e+01 4.788317757009344433e+01 0.000000000000000000e+00 5.099999999999996447e+01 4.349999999999995026e+01 0.000000000000000000e+00 5.129411764705876919e+01 5.477777777777774304e+01 5.125675675675671528e+01 5.816666666666662877e+01 4.781707317073167474e+01 6.766666666666662877e+01 0.000000000000000000e+00 0.000000000000000000e+00 3.935714285714283278e+01 3.068627450980390492e+01 4.659999999999998010e+01 5.700000000000001421e+01 0.000000000000000000e+00 0.000000000000000000e+00 0.000000000000000000e+00 0.000000000000000000e+00 0.000000000000000000e+00 0.000000000000000000e+00 0.000000000000000000e+00 0.000000000000000000e+00 0.000000000000000000e+00 7.099999999999995737e+01 7.199999999999988631e+01 0.000000000000000000e+00 1.020000000000000142e+02 6.649999999999994316e+01 0.000000000000000000e+00 0.000000000000000000e+00 0.000000000000000000e+00 0.000000000000000000e+00 4.148076923076919797e+01 5.107142857142854098e+01 6.399999999999999289e+01 0.000000000000000000e+00 9.100000000000000000e+01 0.000000000000000000e+00 0.000000000000000000e+00 7.849999999999988631e+01 5.349999999999990052e+01
0.000000000000000000e+00 0.000000000000000000e+00 0.000000000000000000e+00 0.000000000000000000e+00 4.527707006369424647e+01 4.188934426229506869e+01 5.699999999999996447e+01 3.130476190476189657e+01 2.222537313432835759e+01 1.617148053059477419e+01 1.458856183234594361e+01 2.356344950848972175e+01 1.615132537139528068e+01 3.622033898305084421e+01 2.392981501632208818e+01 4.520440251572325252e+01 2.659397590361444941e+01 3.212647058823528567e+01 4.478591549295774854e+01 8.000000000000000000e+01 6.171802325581395365e+01 5.907142857142856940e+01 7.315000000000000568e+01 8.112499999999997158e+01 6.824999999999998579e+01 5.525182481751824781e+01 5.522222222222220012e+01 4.552262443438914374e+01 2.852423822714681378e+01 3.435167542706964383e+01 4.541099823321555107e+01 4.402829724409448886e+01 4.767248908296943455e+01 5.759154929577464799e+01 5.996830530401035020e+01 5.954545454545454675e+01 5.870666666666666345e+01 2.260547445255473775e+01 2.311130617977527990e+01 2.788102409638554136e+01 0.000000000000000000e+00 3.596590909090908639e+01 6.124999999999998579e+01 3.970238095238094900e+01 4.867857142857140929e+01 3.541745283018867951e+01 0.000000000000000000e+00 0.000000000000000000e+00 5.899999999999992895e+01 5.799999999999992895e+01 0.000000000000000000e+00 5.324999999999994316e+01 5.457142857142851256e+01 5.099999999999996447e+01 5.103999999999996362e+01 5.519999999999996732e+01 0.000000000000000000e+00 0.000000000000000000e+00 4.649999999999997158e+01 3.403333333333331723e+01 3.206249999999998579e+01 0.000000000000000000e+00 0.000000000000000000e+00 0.000000000000000000e+00 0.000000000000000000e+00 0.000000000000000000e+00 0.000000000000000000e+00 0.000000000000000000e+00 0.000000000000000000e+00 0.000000000000000000e+00 0.000000000000000000e+00 9.049999999999994316e+01 0.000000000000000000e+00 0.000000000000000000e+00 1.009999999999999432e+02 0.000000000000000000e+00 0.000000000000000000e+00 0.000000000000000000e+00 0.000000000000000000e+00 0.000000000000000000e+00 4.362499999999995737e+01 4.959999999999995879e+01 0.000000000000000000e+00 0.000000000000000000e+00 0.000000000000000000e+00 0.000000000000000000e+00 0.000000000000000000e+00 0.000000000000000000e+00 0.000000000000000000e+00
0.000000000000000000e+00 0.000000000000000000e+00 0.000000000000000000e+00 5.490476190476188734e+00 2.191371027346636424e+01 2.559287454323993671e+01 2.918421052631576984e+01 2.541488277268092943e+01 3.209308176100628884e+01 1.564328069610054150e+01 2.356344950848972175e+01 1.583578892319451015e+01 2.279211087420042503e+01 1.689389193422082869e+01 3.979833101529901285e+01 2.288495575221238099e+01 1.830132052821127786e+01 2.644434429923387952e+01 4.725679999999998415e+01 0.000000000000000000e+00 8.350000000000000000e+01 0.000000000000000000e+00 8.083333333333332860e+01 0.000000000000000000e+00 6.958333333333332860e+01 6.282142857142856940e+01 7.599999999999998579e+01 6.321153846153845990e+01 3.316291418861512597e+01 4.545833333333333570e+01 5.965217391304346251e+01 4.855298388926706110e+01 4.634177215189871646e+01 5.489999999999999147e+01 7.534210526315789025e+01 5.949999999999998579e+01 6.999999999999998579e+01 2.574988991633641078e+01 2.930088852988690462e+01 3.315771812080537018e+01 0.000000000000000000e+00 3.688260869565217348e+01 6.412500000000000000e+01 5.003333333333333144e+01 3.695070422535209076e+01 4.163711340206185696e+01 0.000000000000000000e+00 0.000000000000000000e+00 4.855555555555551450e+01 0.000000000000000000e+00 4.837499999999993605e+01 5.412499999999994316e+01 4.891666666666660745e+01 5.817499999999997584e+01 1.082570422535210852e+01 4.749999999999997158e+01 1.000000000000002487e+01 5.424999999999998579e+01 4.097499999999998010e+01 2.821212121212119328e+01 2.495945945945944544e+01 4.974999999999997868e+01 0.000000000000000000e+00 0.000000000000000000e+00 0.000000000000000000e+00 0.000000000000000000e+00 0.000000000000000000e+00 0.000000000000000000e+00 0.000000000000000000e+00 0.000000000000000000e+00 0.000000000000000000e+00 0.000000000000000000e+00 0.000000000000000000e+00 9.450000000000000000e+01 8.329999999999995453e+01 5.983333333333332149e+01 0.000000000000000000e+00 0.000000000000000000e+00 0.000000000000000000e+00 0.000000000000000000e+00 4.082499999999997442e+01 5.205681818181815856e+01 4.749999999999997158e+01 0.000000000000000000e+00 7.050000000000002842e+01 0.000000000000000000e+00 0.000000000000000000e+00 5.283333333333327886e+01 0.000000000000000000e+00
0.000000000000000000e+00 0.000000000000000000e+00 0.000000000000000000e+00 0.000000000000000000e+00 6.604545454545451832e+01 6.023214285714283278e+01 0.000000000000000000e+00 4.677586206896550181e+01 9.107380952380950134e+00 4.496095717884129073e+01 1.615132537139528068e+01 2.279211087420042503e+01 1.326241832990244340e+01 8.443623955999186137e+00 2.220349227669577274e+01 6.125423728813557744e+01 4.262931034482757298e+01 2.061081794195250794e+01 3.286246418338109976e+01 7.399999999999997158e+01 5.776250000000000284e+01 7.316666666666667140e+01 5.414285714285712459e+01 5.849999999999998579e+01 4.868750000000000000e+01 1.463368055555555536e+01 2.868750000000000355e+01 4.055045871559632786e+01 1.829081708037825038e+01 2.718846815834767483e+01 4.214537444933920796e+01 2.927194899817850526e+01 3.157211538461538325e+01 4.840909090909092072e+01 5.636666666666666714e+01 5.646153846153845990e+01 5.351470588235294201e+01 2.580509355509355629e+01 2.466990362149533667e+01 2.926310975609757037e+01 0.000000000000000000e+00 2.735126050420168653e+01 4.235344827586207117e+01 3.842786885245902795e+01 6.266666666666665009e+01 3.572139830508474745e+01 0.000000000000000000e+00 0.000000000000000000e+00 8.549999999999994316e+01 0.000000000000000000e+00 1.169999999999998863e+02 6.949999999999991473e+01 7.549999999999990052e+01 5.937500000000000000e+01 5.239999999999997726e+01 6.099999999999997158e+01 0.000000000000000000e+00 0.000000000000000000e+00 5.500000000000000000e+01 4.662499999999997158e+01 3.840624999999998579e+01 3.499999999999997868e+01 0.000000000000000000e+00 0.000000000000000000e+00 0.000000000000000000e+00 0.000000000000000000e+00 0.000000000000000000e+00 0.000000000000000000e+00 0.000000000000000000e+00 0.000000000000000000e+00 0.000000000000000000e+00 5.766666666666670693e+01 6.449999999999995737e+01 6.449999999999997158e+01 0.000000000000000000e+00 4.349999999999998579e+01 0.000000000000000000e+00 0.000000000000000000e+00 0.000000000000000000e+00 0.000000000000000000e+00 6.650000000000001421e+01 5.950000000000000000e+01 0.000000000000000000e+00 0.000000000000000000e+00 4.824999999999998579e+01 0.000000000000000000e+00 5.749999999999998579e+01 0.000000000000000000e+00 0.000000000000000000e+00
0.000000000000000000e+00 0.000000000000000000e+00 0.000000000000000000e+00 0.000000000000000000e+00 6.430952380952379599e+01 6.637499999999998579e+01 0.000000000000000000e+00 6.175000000000001421e+01 5.530555555555555713e+01 4.944318181818179880e+01 3.622033898305084421e+01 1.689389193422082869e+01 8.443623955999186137e+00 1.064795848695889546e+01 3.213333333333333997e+01 5.078787878787876764e+01 4.271951219512191500e+01 8.162698412698413009e+00 2.427083333333334281e+01 0.000000000000000000e+00 0.000000000000000000e+00 0.000000000000000000e+00 0.000000000000000000e+00 0.000000000000000000e+00 0.000000000000000000e+00 6.400000000000001421e+01 5.000000000000002132e+01 0.000000000000000000e+00 1.062671856882557542e+01 3.329710144927535964e+01 6.900000000000000000e+01 1.241031390134529211e+01 1.298484848484848442e+01 0.000000000000000000e+00 7.600000000000000000e+01 0.000000000000000000e+00 0.000000000000000000e+00 4.155555555555555713e+01 3.945890410958904226e+01 3.712500000000000711e+01 0.000000000000000000e+00 4.200000000000000000e+01 4.759999999999999432e+01 4.861111111111110716e+01 0.000000000000000000e+00 4.554545454545456806e+01 0.000000000000000000e+00 0.000000000000000000e+00 0.000000000000000000e+00 0.000000000000000000e+00 0.000000000000000000e+00 0.000000000000000000e+00 0.000000000000000000e+00 0.000000000000000000e+00 2.816666666666664653e+01 0.000000000000000000e+00 0.000000000000000000e+00 0.000000000000000000e+00 0.000000000000000000e+00 4.249999999999995737e+01 0.000000000000000000e+00 0.000000000000000000e+00 0.000000000000000000e+00 0.000000000000000000e+00 0.000000000000000000e+00 0.000000000000000000e+00 0.000000000000000000e+00 0.000000000000000000e+00 0.000000000000000000e+00 0.000000000000000000e+00 0.000000000000000000e+00 0.000000000000000000e+00 0.000000000000000000e+00 0.000000000000000000e+00 0.000000000000000000e+00 0.000000000000000000e+00 0.000000000000000000e+00 0.000000000000000000e+00 0.000000000000000000e+00 0.000000000000000000e+00 0.000000000000000000e+00 0.000000000000000000e+00 0.000000000000000000e+00 0.000000000000000000e+00 0.000000000000000000e+00 0.000000000000000000e+00 0.000000000000000000e+00 0.000000000000000000e+00 0.000000000000000000e+00
0.000000000000000000e+00 0.000000000000000000e+00 0.000000000000000000e+00 4.816666666666662877e+01 4.753550295857986185e+01 2.673987854251010532e+01 4.144444444444442865e+01 3.687677053824360485e+01 2.100672908133410388e+01 4.076531049250532845e+01 2.392981501632208818e+01 3.979833101529901285e+01 2.220349227669577274e+01 3.213333333333333997e+01 1.185740855548666772e+01 4.792195121951218084e+01 3.969354838709676159e+01 2.919047619047618980e+01 2.597949526813879118e+01 1.382911392405063289e+01 3.441358024691356832e+01 2.834210526315789025e+01 2.151060606060606162e+01 1.932352941176469940e+01 1.956988188976377785e+01 1.967263279445727520e+01 2.174151583710406399e+01 2.326762589928056713e+01 2.185460317460317370e+01 3.022638603696097803e+01 4.319542483660129051e+01 3.489165085388993504e+01 3.056687898089171185e+01 5.055555555555555003e+01 5.248399999999998045e+01 5.685999999999998522e+01 4.354924242424240788e+01 2.619943820224718678e+01 8.845028351559331981e+00 2.546060606060605380e+01 0.000000000000000000e+00 1.937852283770650885e+01 1.363251748251748197e+01 1.277265100671141163e+01 3.657894736842103356e+01 2.198212407991587014e+01 0.000000000000000000e+00 0.000000000000000000e+00 0.000000000000000000e+00 0.000000000000000000e+00 6.799999999999995737e+01 7.199999999999991473e+01 6.999999999999997158e+01 4.787499999999996447e+01 5.079999999999996874e+01 5.299999999999996447e+01 3.350000000000000000e+01 0.000000000000000000e+00 4.499999999999997868e+01 4.049999999999998579e+01 3.992857142857142350e+01 3.058333333333332504e+01 0.000000000000000000e+00 0.000000000000000000e+00 0.000000000000000000e+00 0.000000000000000000e+00 0.000000000000000000e+00 0.000000000000000000e+00 0.000000000000000000e+00 0.000000000000000000e+00 0.000000000000000000e+00 5.766666666666665009e+01 4.937499999999998579e+01 0.000000000000000000e+00 6.925000000000002842e+01 3.713333333333331154e+01 0.000000000000000000e+00 0.000000000000000000e+00 0.000000000000000000e+00 0.000000000000000000e+00 5.074999999999996447e+01 5.756249999999997158e+01 5.825000000000000711e+01 0.000000000000000000e+00 3.266666666666665009e+01 0.000000000000000000e+00 5.850000000000001421e+01 0.000000000000000000e+00 0.000000000000000000e+00
0.000000000000000000e+00 0.000000000000000000e+00 0.000000000000000000e+00 3.110000000000000497e+01 1.609497413155948564e+01 2.160947930574097597e+01 2.484374999999999289e+01 2.165742574257425446e+01 3.158261802575107424e+01 2.330766574585634388e+01 4.520440251572325252e+01 2.288495575221238099e+01 6.125423728813557744e+01 5.078787878787876764e+01 4.792195121951218084e+01 6.778846153846152411e+00 1.282971586424624633e+01 3.687717717717715971e+01 5.682130701157245767e+01 0.000000000000000000e+00 9.749999999999998579e+01 0.000000000000000000e+00 0.000000000000000000e+00 0.000000000000000000e+00 0.000000000000000000e+00 7.099999999999995737e+01 7.061111111111110006e+01 8.199999999999995737e+01 6.415853658536583737e+01 7.207653061224486635e+01 8.256249999999994316e+01 7.332203389830506524e+01 6.119905956112850731e+01 6.899999999999994316e+01 9.508333333333331439e+01 1.159999999999999716e+02 8.037499999999997158e+01 1.368736383442264781e+01 2.392174320524834030e+01 3.999999999999999289e+01 0.000000000000000000e+00 5.864285714285710327e+01 7.836363636363634555e+01 4.657142857142855519e+01 1.076134301270416493e+01 4.874285714285713311e+01 0.000000000000000000e+00 2.314285714285713524e+01 2.858823529411761299e+01 0.000000000000000000e+00 3.799999999999995026e+01 4.749999999999993605e+01 4.101851851851847641e+01 4.895454545454540352e+01 3.869230769230767208e+01 6.337499999999996447e+01 0.000000000000000000e+00 7.050000000000001421e+01 1.722499999999998721e+01 2.449999999999997868e+01 3.594999999999997442e+01 5.509999999999998010e+01 0.000000000000000000e+00 0.000000000000000000e+00 0.000000000000000000e+00 0.000000000000000000e+00 0.000000000000000000e+00 0.000000000000000000e+00 0.000000000000000000e+00 0.000000000000000000e+00 0.000000000000000000e+00 7.374999999999995737e+01 6.919999999999996021e+01 9.599999999999991473e+01 6.949999999999997158e+01 6.283333333333331439e+01 0.000000000000000000e+00 0.000000000000000000e+00 0.000000000000000000e+00 0.000000000000000000e+00 2.644999999999997087e+01 3.501960784313722996e+01 7.300000000000000000e+01 0.000000000000000000e+00 4.199999999999997868e+01 6.950000000000001421e+01 6.199999999999990763e+01 2.564285714285711393e+01 6.899999999999994316e+01
0.000000000000000000e+00 0.000000000000000000e+00 0.000000000000000000e+00 0.000000000000000000e+00 3.212540716612376457e+01 3.545333333333331893e+01 5.749999999999993605e+01 2.997115384615383249e+01 2.642224880382775254e+01 2.458274231678486288e+01 2.659397590361444941e+01 1.830132052821127786e+01 4.262931034482757298e+01 4.271951219512191500e+01 3.969354838709676159e+01 1.282971586424624633e+01 8.326643894107595756e+00 2.021026722925456198e+01 3.985502471169685634e+01 0.000000000000000000e+00 0.000000000000000000e+00 0.000000000000000000e+00 0.000000000000000000e+00 0.000000000000000000e+00 7.649999999999994316e+01 6.409999999999999432e+01 6.925000000000001421e+01 0.000000000000000000e+00 5.038095238095235828e+01 5.863333333333331154e+01 6.161538461538460609e+01 5.936037735849055252e+01 4.445392491467575269e+01 0.000000000000000000e+00 8.650000000000000000e+01 0.000000000000000000e+00 5.674999999999999289e+01 1.986448598130839827e+01 2.512606577344699943e+01 2.928461538461537472e+01 0.000000000000000000e+00 4.349999999999997868e+01 5.849999999999997158e+01 6.637499999999998579e+01 3.399999999999998579e+01 3.764285714285713169e+01 0.000000000000000000e+00 3.129999999999999361e+01 3.011764705882350412e+01 2.799999999999995381e+01 3.779999999999994742e+01 2.830769230769225686e+01 3.738333333333331154e+01 3.562499999999997158e+01 2.972972972972971917e+01 4.783333333333329307e+01 0.000000000000000000e+00 6.349999999999997158e+01 1.832978723404254140e+01 1.101886792452829411e+01 1.675454545454543975e+01 3.677777777777777146e+01 0.000000000000000000e+00 0.000000000000000000e+00 0.000000000000000000e+00 0.000000000000000000e+00 0.000000000000000000e+00 0.000000000000000000e+00 0.000000000000000000e+00 0.000000000000000000e+00 0.000000000000000000e+00 4.549999999999999289e+01 5.949999999999993605e+01 0.000000000000000000e+00 6.449999999999998579e+01 0.000000000000000000e+00 0.000000000000000000e+00 0.000000000000000000e+00 0.000000000000000000e+00 0.000000000000000000e+00 2.307575757575755659e+01 3.294999999999998153e+01 5.099999999999998579e+01 0.000000000000000000e+00 4.749999999999998579e+01 5.000000000000000000e+01 0.000000000000000000e+00 2.949999999999997868e+01 0.000000000000000000e+00
