0.000000000000000000e+00 0.000000000000000000e+00 0.000000000000000000e+00 0.000000000000000000e+00 0.000000000000000000e+00 0.000000000000000000e+00 0.000000000000000000e+00 0.000000000000000000e+00 0.000000000000000000e+00 0.000000000000000000e+00 0.000000000000000000e+00 0.000000000000000000e+00 0.000000000000000000e+00 0.000000000000000000e+00 0.000000000000000000e+00 0.000000000000000000e+00 0.000000000000000000e+00 0.000000000000000000e+00 0.000000000000000000e+00 0.000000000000000000e+00 0.000000000000000000e+00 0.000000000000000000e+00 0.000000000000000000e+00 0.000000000000000000e+00 0.000000000000000000e+00 0.000000000000000000e+00 0.000000000000000000e+00 0.000000000000000000e+00 0.000000000000000000e+00 0.000000000000000000e+00 0.000000000000000000e+00 0.000000000000000000e+00 0.000000000000000000e+00 0.000000000000000000e+00 0.000000000000000000e+00 0.000000000000000000e+00 0.000000000000000000e+00 0.000000000000000000e+00 0.000000000000000000e+00 0.000000000000000000e+00 0.000000000000000000e+00 0.000000000000000000e+00 0.000000000000000000e+00 0.000000000000000000e+00 0.000000000000000000e+00 0.000000000000000000e+00 0.000000000000000000e+00 0.000000000000000000e+00 0.000000000000000000e+00 0.000000000000000000e+00 0.000000000000000000e+00 0.000000000000000000e+00 0.000000000000000000e+00 0.000000000000000000e+00 0.000000000000000000e+00 0.000000000000000000e+00 0.000000000000000000e+00 0.000000000000000000e+00 0.000000000000000000e+00 0.000000000000000000e+00 0.000000000000000000e+00 0.000000000000000000e+00 0.000000000000000000e+00 0.000000000000000000e+00 0.000000000000000000e+00 0.000000000000000000e+00 0.000000000000000000e+00 0.000000000000000000e+00 0.000000000000000000e+00 0.000000000000000000e+00 0.000000000000000000e+00 0.000000000000000000e+00 0.000000000000000000e+00 0.000000000000000000e+00 0.000000000000000000e+00 0.000000000000000000e+00 0.000000000000000000e+00 0.000000000000000000e+00 0.000000000000000000e+00 0.000000000000000000e+00 0.000000000000000000e+00 0.000000000000000000e+00 0.000000000000000000e+00 0.000000000000000000e+00 0.000000000000000000e+00 0.000000000000000000e+00 0.000000000000000000e+00 0.000000000000000000e+00 0.000000000000000000e+00
0.000000000000000000e+00 0.000000000000000000e+00 0.000000000000000000e+00 0.000000000000000000e+00 0.000000000000000000e+00 0.000000000000000000e+00 0.000000000000000000e+00 0.000000000000000000e+00 0.000000000000000000e+00 0.000000000000000000e+00 0.000000000000000000e+00 0.000000000000000000e+00 0.000000000000000000e+00 0.000000000000000000e+00 0.000000000000000000e+00 0.000000000000000000e+00 0.000000000000000000e+00 0.000000000000000000e+00 0.000000000000000000e+00 0.000000000000000000e+00 0.000000000000000000e+00 0.000000000000000000e+00 0.000000000000000000e+00 0.000000000000000000e+00 0.000000000000000000e+00 0.000000000000000000e+00 0.000000000000000000e+00 0.000000000000000000e+00 0.000000000000000000e+00 0.000000000000000000e+00 0.000000000000000000e+00 0.000000000000000000e+00 0.000000000000000000e+00 0.000000000000000000e+00 0.000000000000000000e+00 0.000000000000000000e+00 0.000000000000000000e+00 0.000000000000000000e+00 0.000000000000000000e+00 0.000000000000000000e+00 0.000000000000000000e+00 0.000000000000000000e+00 0.000000000000000000e+00 0.000000000000000000e+00 0.000000000000000000e+00 0.000000000000000000e+00 0.000000000000000000e+00 0.000000000000000000e+00 0.000000000000000000e+00 0.000000000000000000e+00 0.000000000000000000e+00 0.000000000000000000e+00 0.000000000000000000e+00 0.000000000000000000e+00 0.000000000000000000e+00 0.000000000000000000e+00 0.000000000000000000e+00 0.000000000000000000e+00 0.000000000000000000e+00 0.000000000000000000e+00 0.000000000000000000e+00 0.000000000000000000e+00 0.000000000000000000e+00 0.000000000000000000e+00 0.000000000000000000e+00 0.000000000000000000e+00 0.000000000000000000e+00 0.000000000000000000e+00 0.000000000000000000e+00 0.000000000000000000e+00 0.000000000000000000e+00 0.000000000000000000e+00 0.000000000000000000e+00 0.000000000000000000e+00 0.000000000000000000e+00 0.000000000000000000e+00 0.000000000000000000e+00 0.000000000000000000e+00 0.000000000000000000e+00 0.000000000000000000e+00 0.000000000000000000e+00 0.000000000000000000e+00 0.000000000000000000e+00 0.000000000000000000e+00 0.000000000000000000e+00 0.000000000000000000e+00 0.000000000000000000e+00 0.000000000000000000e+00 0.000000000000000000e+00
0.000000000000000000e+00 0.000000000000000000e+00 0.000000000000000000e+00 0.000000000000000000e+00 0.000000000000000000e+00 0.000000000000000000e+00 0.000000000000000000e+00 0.000000000000000000e+00 0.000000000000000000e+00 0.000000000000000000e+00 0.000000000000000000e+00 0.000000000000000000e+00 0.000000000000000000e+00 0.000000000000000000e+00 0.000000000000000000e+00 0.000000000000000000e+00 0.000000000000000000e+00 0.000000000000000000e+00 0.000000000000000000e+00 0.000000000000000000e+00 0.000000000000000000e+00 0.000000000000000000e+00 0.000000000000000000e+00 0.000000000000000000e+00 0.000000000000000000e+00 0.000000000000000000e+00 0.000000000000000000e+00 0.000000000000000000e+00 0.000000000000000000e+00 0.000000000000000000e+00 0.000000000000000000e+00 0.000000000000000000e+00 0.000000000000000000e+00 0.000000000000000000e+00 0.000000000000000000e+00 0.000000000000000000e+00 0.000000000000000000e+00 0.000000000000000000e+00 0.000000000000000000e+00 0.000000000000000000e+00 0.000000000000000000e+00 0.000000000000000000e+00 0.000000000000000000e+00 0.000000000000000000e+00 0.000000000000000000e+00 0.000000000000000000e+00 0.000000000000000000e+00 0.000000000000000000e+00 0.000000000000000000e+00 0.000000000000000000e+00 0.000000000000000000e+00 0.000000000000000000e+00 0.000000000000000000e+00 0.000000000000000000e+00 0.000000000000000000e+00 0.000000000000000000e+00 0.000000000000000000e+00 0.000000000000000000e+00 0.000000000000000000e+00 0.000000000000000000e+00 0.000000000000000000e+00 0.000000000000000000e+00 0.000000000000000000e+00 0.000000000000000000e+00 0.000000000000000000e+00 0.000000000000000000e+00 0.000000000000000000e+00 0.000000000000000000e+00 0.000000000000000000e+00 0.000000000000000000e+00 0.000000000000000000e+00 0.000000000000000000e+00 0.000000000000000000e+00 0.000000000000000000e+00 0.000000000000000000e+00 0.000000000000000000e+00 0.000000000000000000e+00 0.000000000000000000e+00 0.000000000000000000e+00 0.000000000000000000e+00 0.000000000000000000e+00 0.000000000000000000e+00 0.000000000000000000e+00 0.000000000000000000e+00 0.000000000000000000e+00 0.000000000000000000e+00 0.000000000000000000e+00 0.000000000000000000e+00 0.000000000000000000e+00
0.000000000000000000e+00 0.000000000000000000e+00 0.000000000000000000e+00 4.966580976863747665e+00 6.751498800959230273e+00 9.430120481927707132e+00 3.250000000000000000e+01 2.866666666666664653e+01 4.450000000000000711e+01 7.739361702127656173e+00 5.074999999999998579e+01 6.710127591706537942e+00 7.000000000000000000e+01 5.874999999999995737e+01 3.850000000000000000e+01 2.969999999999999929e+01 2.999999999999995381e+01 0.000000000000000000e+00 0.000000000000000000e+00 0.000000000000000000e+00 0.000000000000000000e+00 0.000000000000000000e+00 0.000000000000000000e+00 0.000000000000000000e+00 0.000000000000000000e+00 0.000000000000000000e+00 0.000000000000000000e+00 0.000000000000000000e+00 7.500000000000000000e+01 6.149999999999999289e+01 0.000000000000000000e+00 0.000000000000000000e+00 0.000000000000000000e+00 0.000000000000000000e+00 0.000000000000000000e+00 0.000000000000000000e+00 8.749999999999994316e+01 2.956666666666665222e+01 3.594871794871794179e+01 0.000000000000000000e+00 0.000000000000000000e+00 0.000000000000000000e+00 0.000000000000000000e+00 0.000000000000000000e+00 4.025000000000000711e+01 0.000000000000000000e+00 0.000000000000000000e+00 0.000000000000000000e+00 0.000000000000000000e+00 0.000000000000000000e+00 0.000000000000000000e+00 0.000000000000000000e+00 0.000000000000000000e+00 0.000000000000000000e+00 0.000000000000000000e+00 0.000000000000000000e+00 0.000000000000000000e+00 0.000000000000000000e+00 3.350000000000000000e+01 0.000000000000000000e+00 0.000000000000000000e+00 0.000000000000000000e+00 0.000000000000000000e+00 0.000000000000000000e+00 0.000000000000000000e+00 0.000000000000000000e+00 0.000000000000000000e+00 0.000000000000000000e+00 0.000000000000000000e+00 0.000000000000000000e+00 0.000000000000000000e+00 0.000000000000000000e+00 0.000000000000000000e+00 0.000000000000000000e+00 0.000000000000000000e+00 0.000000000000000000e+00 0.000000000000000000e+00 0.000000000000000000e+00 0.000000000000000000e+00 0.000000000000000000e+00 0.000000000000000000e+00 0.000000000000000000e+00 0.000000000000000000e+00 0.000000000000000000e+00 0.000000000000000000e+00 0.000000000000000000e+00 0.000000000000000000e+00 0.000000000000000000e+00 0.000000000000000000e+00
0.000000000000000000e+00 0.000000000000000000e+00 0.000000000000000000e+00 6.751498800959230273e+00 9.416866973422148845e+00 9.627768680513655752e+00 2.919444444444443931e+01 2.311497326203207692e+01 3.743999999999998352e+01 1.310677749360613298e+01 4.279268292682925789e+01 1.310024676125847876e+01 5.841666666666666430e+01 5.269230769230768630e+01 3.054347826086955209e+01 1.120518653321200375e+01 2.945394736842105132e+01 4.776470588235292780e+01 5.666233766233764158e+01 0.000000000000000000e+00 9.649999999999998579e+01 0.000000000000000000e+00 0.000000000000000000e+00 0.000000000000000000e+00 0.000000000000000000e+00 4.149999999999998579e+01 0.000000000000000000e+00 0.000000000000000000e+00 7.149999999999998579e+01 7.549999999999997158e+01 8.074999999999998579e+01 8.371428571428570820e+01 6.421794871794870119e+01 0.000000000000000000e+00 0.000000000000000000e+00 0.000000000000000000e+00 0.000000000000000000e+00 1.201328740157479835e+01 1.825064069707840986e+01 3.888636363636361892e+01 0.000000000000000000e+00 4.749999999999997868e+01 0.000000000000000000e+00 3.812499999999996447e+01 5.886158192090393371e+00 1.352777777777777146e+01 0.000000000000000000e+00 2.949999999999997513e+01 4.300000000000000000e+01 0.000000000000000000e+00 0.000000000000000000e+00 0.000000000000000000e+00 4.874999999999997158e+01 0.000000000000000000e+00 4.957142857142849834e+01 0.000000000000000000e+00 0.000000000000000000e+00 0.000000000000000000e+00 2.669230769230767564e+01 3.346153846153844569e+01 4.649999999999998579e+01 7.099999999999995737e+01 0.000000000000000000e+00 0.000000000000000000e+00 0.000000000000000000e+00 0.000000000000000000e+00 0.000000000000000000e+00 0.000000000000000000e+00 0.000000000000000000e+00 0.000000000000000000e+00 0.000000000000000000e+00 0.000000000000000000e+00 0.000000000000000000e+00 0.000000000000000000e+00 8.749999999999995737e+01 6.449999999999995737e+01 0.000000000000000000e+00 0.000000000000000000e+00 0.000000000000000000e+00 0.000000000000000000e+00 1.963461538461536549e+01 3.316666666666662167e+01 4.999999999999994316e+01 0.000000000000000000e+00 2.699999999999999289e+01 0.000000000000000000e+00 0.000000000000000000e+00 1.249999999999999645e+01 1.205555555555555003e+01
0.000000000000000000e+00 0.000000000000000000e+00 0.000000000000000000e+00 9.430120481927707132e+00 9.627768680513655752e+00 1.362544123977614419e+01 1.030412047688767707e+01 1.394993992791349058e+01 2.848591549295773717e+01 1.698892307692307213e+01 4.505128205128203689e+01 2.162525879917183147e+01 5.616666666666665009e+01 6.832352941176468164e+01 2.518650793650792608e+01 1.928079096045197005e+01 3.619444444444443576e+01 5.302238805970146274e+01 6.663461538461534417e+01 0.000000000000000000e+00 9.149999999999997158e+01 0.000000000000000000e+00 0.000000000000000000e+00 2.499999999999998579e+01 4.749999999999998579e+01 3.307142857142854808e+01 5.799999999999999289e+01 8.999999999999991473e+01 7.066666666666664298e+01 5.383333333333330728e+01 8.700000000000000000e+01 7.852272727272725206e+01 7.793421052631576629e+01 0.000000000000000000e+00 9.233333333333330017e+01 7.425000000000000000e+01 8.450000000000000000e+01 1.916387236343969036e+01 1.952282966029464006e+01 2.445199999999998397e+01 0.000000000000000000e+00 3.963636363636360471e+01 4.183333333333331439e+01 2.502222222222221859e+01 1.690947075208912764e+01 4.134999999999999432e+01 0.000000000000000000e+00 3.950000000000000711e+01 4.558333333333330728e+01 4.300000000000001421e+01 4.333333333333327886e+01 0.000000000000000000e+00 4.626388888888885020e+01 0.000000000000000000e+00 5.213636363636360471e+01 0.000000000000000000e+00 0.000000000000000000e+00 0.000000000000000000e+00 3.011320754716980019e+01 3.893749999999997158e+01 4.733333333333330728e+01 6.816666666666662877e+01 0.000000000000000000e+00 0.000000000000000000e+00 0.000000000000000000e+00 0.000000000000000000e+00 0.000000000000000000e+00 0.000000000000000000e+00 0.000000000000000000e+00 0.000000000000000000e+00 0.000000000000000000e+00 0.000000000000000000e+00 0.000000000000000000e+00 9.149999999999994316e+01 9.149999999999997158e+01 7.850000000000002842e+01 0.000000000000000000e+00 0.000000000000000000e+00 0.000000000000000000e+00 0.000000000000000000e+00 3.094827586206893955e+01 4.511111111111108585e+01 6.899999999999992895e+01 0.000000000000000000e+00 0.000000000000000000e+00 0.000000000000000000e+00 0.000000000000000000e+00 2.849999999999996447e+01 3.449999999999996447e+01
0.000000000000000000e+00 0.000000000000000000e+00 0.000000000000000000e+00 3.250000000000000000e+01 2.919444444444443931e+01 1.030412047688767707e+01 8.764297460259451000e+00 7.761410314924688691e+00 3.005882352941175029e+01 1.320550458715595887e+01 4.400000000000000711e+01 3.089090909090908355e+01 6.149999999999998579e+01 0.000000000000000000e+00 3.021874999999998934e+01 2.515789473684209554e+01 4.300000000000002842e+01 5.099999999999999289e+01 0.000000000000000000e+00 0.000000000000000000e+00 0.000000000000000000e+00 0.000000000000000000e+00 0.000000000000000000e+00 0.000000000000000000e+00 0.000000000000000000e+00 0.000000000000000000e+00 0.000000000000000000e+00 0.000000000000000000e+00 0.000000000000000000e+00 4.866666666666663588e+01 0.000000000000000000e+00 7.899999999999998579e+01 7.199999999999995737e+01 0.000000000000000000e+00 0.000000000000000000e+00 0.000000000000000000e+00 7.499999999999998579e+01 2.853124999999999289e+01 2.585307017543858521e+01 4.199999999999997868e+01 0.000000000000000000e+00 0.000000000000000000e+00 0.000000000000000000e+00 4.074999999999995737e+01 2.741666666666663943e+01 0.000000000000000000e+00 0.000000000000000000e+00 0.000000000000000000e+00 0.000000000000000000e+00 0.000000000000000000e+00 0.000000000000000000e+00 0.000000000000000000e+00 0.000000000000000000e+00 0.000000000000000000e+00 0.000000000000000000e+00 0.000000000000000000e+00 0.000000000000000000e+00 0.000000000000000000e+00 0.000000000000000000e+00 0.000000000000000000e+00 5.900000000000000000e+01 0.000000000000000000e+00 0.000000000000000000e+00 0.000000000000000000e+00 0.000000000000000000e+00 0.000000000000000000e+00 0.000000000000000000e+00 0.000000000000000000e+00 0.000000000000000000e+00 0.000000000000000000e+00 0.000000000000000000e+00 0.000000000000000000e+00 0.000000000000000000e+00 0.000000000000000000e+00 0.000000000000000000e+00 0.000000000000000000e+00 0.000000000000000000e+00 0.000000000000000000e+00 0.000000000000000000e+00 0.000000000000000000e+00 0.000000000000000000e+00 0.000000000000000000e+00 0.000000000000000000e+00 0.000000000000000000e+00 0.000000000000000000e+00 0.000000000000000000e+00 0.000000000000000000e+00 0.000000000000000000e+00 0.000000000000000000e+00
0.000000000000000000e+00 0.000000000000000000e+00 0.000000000000000000e+00 2.866666666666664653e+01 2.311497326203207692e+01 1.394993992791349058e+01 7.761410314924688691e+00 8.531006890420089306e+00 8.384435701991638012e+00 1.898362445414846178e+01 3.343442622950819043e+01 2.415313225058003610e+01 2.814601769911503482e+01 5.349999999999996447e+01 3.427105831533475566e+01 1.827064896755161882e+01 2.171739130434781373e+01 5.258823529411761655e+01 6.409090909090906507e+01 0.000000000000000000e+00 7.723333333333332007e+01 0.000000000000000000e+00 8.249999999999995737e+01 0.000000000000000000e+00 8.549999999999997158e+01 8.529999999999998295e+01 3.800000000000000000e+01 5.899999999999993605e+01 4.630128205128203689e+01 3.513789062499999005e+01 6.568999999999998352e+01 6.541489361702126359e+01 6.256060606060603391e+01 6.719999999999996021e+01 7.372033898305085131e+01 6.888235294117646390e+01 6.499999999999998579e+01 2.411971830985914167e+01 2.268543046357614656e+01 3.324999999999998579e+01 0.000000000000000000e+00 6.387500000000000000e+01 5.199999999999995737e+01 5.699999999999997158e+01 2.133333333333331083e+01 4.849999999999998579e+01 0.000000000000000000e+00 3.550000000000002842e+01 4.029999999999998295e+01 4.199999999999998579e+01 4.116666666666662877e+01 0.000000000000000000e+00 3.887692307692304894e+01 4.924999999999997868e+01 3.651470588235290649e+01 8.275000000000002842e+01 4.499999999999998579e+01 0.000000000000000000e+00 2.252631578947368141e+01 2.323913043478259866e+01 4.422727272727271952e+01 5.499999999999994316e+01 0.000000000000000000e+00 0.000000000000000000e+00 0.000000000000000000e+00 0.000000000000000000e+00 0.000000000000000000e+00 0.000000000000000000e+00 0.000000000000000000e+00 0.000000000000000000e+00 0.000000000000000000e+00 0.000000000000000000e+00 0.000000000000000000e+00 0.000000000000000000e+00 0.000000000000000000e+00 7.099999999999991473e+01 0.000000000000000000e+00 0.000000000000000000e+00 0.000000000000000000e+00 0.000000000000000000e+00 3.337499999999997158e+01 4.112499999999997158e+01 7.099999999999995737e+01 0.000000000000000000e+00 0.000000000000000000e+00 0.000000000000000000e+00 0.000000000000000000e+00 2.900000000000001421e+01 0.000000000000000000e+00
0.000000000000000000e+00 0.000000000000000000e+00 0.000000000000000000e+00 4.450000000000000711e+01 3.743999999999998352e+01 2.848591549295773717e+01 3.005882352941175029e+01 8.384435701991638012e+00 1.165131179604775014e+01 1.735429242119382565e+01 2.381207289293849527e+01 3.205392156862744457e+01 8.472241992882562300e+00 6.171428571428567977e+01 2.157113115891741018e+01 3.300000000000000000e+01 2.873555555555554619e+01 3.193283582089551587e+01 6.154166666666666430e+01 0.000000000000000000e+00 6.679166666666664298e+01 0.000000000000000000e+00 8.299999999999998579e+01 8.649999999999997158e+01 7.724999999999995737e+01 4.675000000000000000e+01 3.009999999999999432e+01 4.710714285714284699e+01 2.551827242524916173e+01 2.646277525340789083e+01 5.063095238095237249e+01 5.591901408450704025e+01 5.543902439024390105e+01 5.887500000000000000e+01 6.316666666666666430e+01 6.796666666666665435e+01 5.659999999999998721e+01 2.401126408010012625e+01 1.570006062443164652e+01 2.729470198675496562e+01 0.000000000000000000e+00 3.433333333333332860e+01 6.299999999999998579e+01 4.309999999999998721e+01 3.001724137931034520e+01 3.467525773195876582e+01 0.000000000000000000e+00 5.249999999999995737e+01 5.866666666666667851e+01 0.000000000000000000e+00 5.500000000000000000e+01 4.399999999999993605e+01 5.489999999999998437e+01 5.100000000000000000e+01 4.824342105263153968e+01 0.000000000000000000e+00 7.149999999999994316e+01 0.000000000000000000e+00 3.968333333333330870e+01 3.436065573770490289e+01 4.121428571428570109e+01 7.219999999999996021e+01 0.000000000000000000e+00 0.000000000000000000e+00 0.000000000000000000e+00 0.000000000000000000e+00 0.000000000000000000e+00 0.000000000000000000e+00 0.000000000000000000e+00 0.000000000000000000e+00 0.000000000000000000e+00 0.000000000000000000e+00 0.000000000000000000e+00 0.000000000000000000e+00 9.233333333333327175e+01 6.799999999999995737e+01 0.000000000000000000e+00 0.000000000000000000e+00 0.000000000000000000e+00 0.000000000000000000e+00 4.449999999999997158e+01 5.392857142857140218e+01 0.000000000000000000e+00 0.000000000000000000e+00 0.000000000000000000e+00 0.000000000000000000e+00 0.000000000000000000e+00 0.000000000000000000e+00 5.699999999999998579e+01
0.000000000000000000e+00 0.000000000000000000e+00 0.000000000000000000e+00 7.739361702127656173e+00 1.310677749360613298e+01 1.698892307692307213e+01 1.320550458715595887e+01 1.898362445414846178e+01 1.735429242119382565e+01 1.233700761873885554e+01 1.740380028621401820e+01 1.887221909321317170e+01 4.352515090543258225e+01 4.721637426900583279e+01 3.895586340206183706e+01 2.394938917975566284e+01 2.480055147058822129e+01 4.456714285714283363e+01 6.436627906976741542e+01 1.189999999999999432e+02 8.026388888888887152e+01 6.662499999999997158e+01 8.599999999999997158e+01 1.027499999999999716e+02 7.724999999999998579e+01 6.624999999999998579e+01 7.116666666666664298e+01 6.898148148148148096e+01 5.298057553956832777e+01 4.282639593908628228e+01 6.567073170731706000e+01 6.477360219981665068e+01 6.220286532951287484e+01 6.847107438016529102e+01 7.474491869918699649e+01 6.982846715328464882e+01 7.180813953488370771e+01 2.622854018589391600e+01 2.841125574272586363e+01 4.121365638766518202e+01 0.000000000000000000e+00 4.215957446808507569e+01 6.966666666666664298e+01 5.458064516129029187e+01 3.005737704918031383e+01 4.458865248226948808e+01 5.999999999999993605e+01 3.974999999999995026e+01 5.255263157894733439e+01 4.949999999999997158e+01 5.424999999999995737e+01 5.149999999999991473e+01 4.989062499999996447e+01 6.777272727272723785e+01 4.783461538461533991e+01 7.733333333333331439e+01 0.000000000000000000e+00 0.000000000000000000e+00 3.356343283582088333e+01 3.208399999999998897e+01 4.904347826086953432e+01 6.707142857142852677e+01 0.000000000000000000e+00 0.000000000000000000e+00 0.000000000000000000e+00 7.899999999999992895e+01 0.000000000000000000e+00 0.000000000000000000e+00 0.000000000000000000e+00 0.000000000000000000e+00 0.000000000000000000e+00 7.587499999999997158e+01 0.000000000000000000e+00 9.000000000000007105e+01 9.199999999999998579e+01 7.824999999999992895e+01 0.000000000000000000e+00 0.000000000000000000e+00 0.000000000000000000e+00 0.000000000000000000e+00 4.229411764705879762e+01 5.338235294117642837e+01 5.574999999999995026e+01 0.000000000000000000e+00 0.000000000000000000e+00 0.000000000000000000e+00 9.249999999999994316e+01 4.383333333333334281e+01 6.300000000000002132e+01
0.000000000000000000e+00 0.000000000000000000e+00 0.000000000000000000e+00 5.074999999999998579e+01 4.279268292682925789e+01 4.505128205128203689e+01 4.400000000000000711e+01 3.343442622950819043e+01 2.381207289293849527e+01 1.740380028621401820e+01 1.344808522114347404e+01 2.277100545596258740e+01 1.468661787767903881e+01 4.072891566265059993e+01 2.653750000000000142e+01 3.855635838150288208e+01 2.481962481962480993e+01 2.870597014925371937e+01 4.886111111111111427e+01 9.949999999999997158e+01 6.053333333333333144e+01 5.416666666666665009e+01 7.387499999999997158e+01 5.849999999999998579e+01 5.370000000000000284e+01 4.895283018867924341e+01 7.425000000000000000e+01 4.337199999999999989e+01 3.349513145082765675e+01 3.494364433312460960e+01 4.309935602575897207e+01 4.526749611197511314e+01 4.600140213123948740e+01 5.140303030303030596e+01 5.705910987482614871e+01 5.234100418410042010e+01 5.662692307692307736e+01 2.159991496598638960e+01 2.482800284292821758e+01 2.790601503759397417e+01 0.000000000000000000e+00 2.856439393939393767e+01 6.018518518518518334e+01 3.631168831168831446e+01 3.650000000000000000e+01 3.337301587301587347e+01 0.000000000000000000e+00 0.000000000000000000e+00 5.759999999999998010e+01 7.299999999999998579e+01 5.049999999999997158e+01 0.000000000000000000e+00 5.653846153846150457e+01 5.533333333333331439e+01 4.914705882352937749e+01 5.728571428571424207e+01 5.674999999999994316e+01 5.349999999999998579e+01 4.333333333333332149e+01 3.433582089552237449e+01 3.427777777777776436e+01 6.599999999999998579e+01 0.000000000000000000e+00 0.000000000000000000e+00 0.000000000000000000e+00 0.000000000000000000e+00 0.000000000000000000e+00 0.000000000000000000e+00 0.000000000000000000e+00 0.000000000000000000e+00 0.000000000000000000e+00 0.000000000000000000e+00 0.000000000000000000e+00 9.649999999999997158e+01 8.683333333333330017e+01 9.066666666666662877e+01 0.000000000000000000e+00 0.000000000000000000e+00 0.000000000000000000e+00 0.000000000000000000e+00 4.399999999999995737e+01 5.212499999999997868e+01 5.274999999999997158e+01 0.000000000000000000e+00 6.024999999999998579e+01 0.000000000000000000e+00 8.050000000000002842e+01 1.009999999999999432e+02 6.650000000000004263e+01
0.000000000000000000e+00 0.000000000000000000e+00 0.000000000000000000e+00 6.710127591706537942e+00 1.310024676125847876e+01 2.162525879917183147e+01 3.089090909090908355e+01 2.415313225058003610e+01 3.205392156862744457e+01 1.887221909321317170e+01 2.277100545596258740e+01 1.499524903768773321e+01 2.241318124207857920e+01 2.137877501516069501e+01 3.392562929061784160e+01 2.194035456730768274e+01 1.990536013400334170e+01 2.628350515463916537e+01 4.010106382978722905e+01 0.000000000000000000e+00 8.643333333333333712e+01 9.649999999999997158e+01 0.000000000000000000e+00 8.274999999999997158e+01 9.400000000000002842e+01 5.838888888888888573e+01 6.309999999999998721e+01 6.316666666666663588e+01 3.724408206207258587e+01 4.580639730639730800e+01 6.697159090909090651e+01 4.620552466990965712e+01 4.570792079207920722e+01 7.447368421052631504e+01 8.005612244897959329e+01 7.258620689655172953e+01 7.433333333333332860e+01 2.811427732079905084e+01 3.169995440036478485e+01 3.775727069351229659e+01 0.000000000000000000e+00 3.541025641025640880e+01 7.937499999999997158e+01 4.607089552238805652e+01 3.808928571428570109e+01 4.072033898305084421e+01 0.000000000000000000e+00 4.269999999999997442e+01 4.614705882352938460e+01 4.650000000000002842e+01 5.837499999999995737e+01 5.429999999999994031e+01 5.041949152542368040e+01 5.223999999999997357e+01 2.499007444168732661e+01 4.759374999999998579e+01 5.379999999999999005e+01 8.900000000000001421e+01 2.994242424242422018e+01 3.206585365853657521e+01 2.636781609195401188e+01 5.080769230769229239e+01 0.000000000000000000e+00 0.000000000000000000e+00 0.000000000000000000e+00 0.000000000000000000e+00 0.000000000000000000e+00 0.000000000000000000e+00 0.000000000000000000e+00 0.000000000000000000e+00 0.000000000000000000e+00 5.799999999999995737e+01 0.000000000000000000e+00 0.000000000000000000e+00 8.158333333333332860e+01 6.916666666666664298e+01 0.000000000000000000e+00 0.000000000000000000e+00 0.000000000000000000e+00 0.000000000000000000e+00 4.299999999999997158e+01 4.980666666666663644e+01 5.364285714285710327e+01 0.000000000000000000e+00 4.675000000000000000e+01 0.000000000000000000e+00 0.000000000000000000e+00 3.624999999999997868e+01 5.112500000000001421e+01
0.000000000000000000e+00 0.000000000000000000e+00 0.000000000000000000e+00 7.000000000000000000e+01 5.841666666666666430e+01 5.616666666666665009e+01 6.149999999999998579e+01 2.814601769911503482e+01 8.472241992882562300e+00 4.352515090543258225e+01 1.468661787767903881e+01 2.241318124207857920e+01 1.373377508883126907e+01 8.456650831353918818e+00 2.520048985304408617e+01 5.521710526315786893e+01 4.049999999999998579e+01 2.115243296921549288e+01 3.742635658914728936e+01 0.000000000000000000e+00 5.760714285714285410e+01 9.399999999999995737e+01 5.950000000000000711e+01 6.662499999999998579e+01 4.852777777777778567e+01 1.257162921348314555e+01 3.935294117647058698e+01 3.866666666666666430e+01 1.908164040250617077e+01 2.426060830860533812e+01 3.816241299303944601e+01 3.536207636207636540e+01 3.342905027932960849e+01 4.743750000000000711e+01 5.489705882352941302e+01 4.864130434782608603e+01 4.911111111111111427e+01 2.383928571428571885e+01 2.420167895167895722e+01 2.868674304418985699e+01 0.000000000000000000e+00 2.624950099800399173e+01 4.516666666666666430e+01 3.680102040816326792e+01 5.049999999999997158e+01 3.527350427350427253e+01 0.000000000000000000e+00 5.799999999999997158e+01 0.000000000000000000e+00 7.699999999999998579e+01 0.000000000000000000e+00 0.000000000000000000e+00 6.863636363636359761e+01 6.266666666666665009e+01 5.293333333333330870e+01 5.191666666666664298e+01 0.000000000000000000e+00 5.687500000000000000e+01 5.833333333333331439e+01 4.999999999999999289e+01 3.616071428571427049e+01 3.633333333333333570e+01 0.000000000000000000e+00 0.000000000000000000e+00 0.000000000000000000e+00 0.000000000000000000e+00 0.000000000000000000e+00 0.000000000000000000e+00 0.000000000000000000e+00 0.000000000000000000e+00 0.000000000000000000e+00 5.616666666666665009e+01 5.349999999999997158e+01 0.000000000000000000e+00 0.000000000000000000e+00 6.249999999999997868e+01 0.000000000000000000e+00 0.000000000000000000e+00 0.000000000000000000e+00 0.000000000000000000e+00 4.299999999999998579e+01 5.043103448275860501e+01 5.977777777777776436e+01 0.000000000000000000e+00 4.889999999999996305e+01 0.000000000000000000e+00 5.549999999999999289e+01 0.000000000000000000e+00 0.000000000000000000e+00
0.000000000000000000e+00 0.000000000000000000e+00 0.000000000000000000e+00 5.874999999999995737e+01 5.269230769230768630e+01 6.832352941176468164e+01 0.000000000000000000e+00 5.349999999999996447e+01 6.171428571428567977e+01 4.721637426900583279e+01 4.072891566265059993e+01 2.137877501516069501e+01 8.456650831353918818e+00 9.607807905913100299e+00 3.558333333333333570e+01 5.194615384615382681e+01 3.767187499999997868e+01 1.014864864864864558e+01 2.047727272727273373e+01 0.000000000000000000e+00 0.000000000000000000e+00 0.000000000000000000e+00 0.000000000000000000e+00 0.000000000000000000e+00 0.000000000000000000e+00 3.499999999999999289e+01 2.499999999999998934e+01 7.375000000000000000e+01 9.706792777300085717e+00 3.280172413793103203e+01 0.000000000000000000e+00 1.586065573770491532e+01 1.244785276073619684e+01 0.000000000000000000e+00 0.000000000000000000e+00 0.000000000000000000e+00 0.000000000000000000e+00 3.933333333333332860e+01 3.910550458715596278e+01 3.645918367346938993e+01 0.000000000000000000e+00 3.414285714285714590e+01 0.000000000000000000e+00 4.104545454545454675e+01 8.449999999999997158e+01 4.683333333333334991e+01 0.000000000000000000e+00 0.000000000000000000e+00 0.000000000000000000e+00 0.000000000000000000e+00 0.000000000000000000e+00 9.199999999999985789e+01 0.000000000000000000e+00 0.000000000000000000e+00 3.416666666666665009e+01 0.000000000000000000e+00 0.000000000000000000e+00 0.000000000000000000e+00 5.749999999999997158e+01 5.950000000000001421e+01 2.683333333333331439e+01 0.000000000000000000e+00 0.000000000000000000e+00 0.000000000000000000e+00 0.000000000000000000e+00 0.000000000000000000e+00 0.000000000000000000e+00 0.000000000000000000e+00 0.000000000000000000e+00 0.000000000000000000e+00 0.000000000000000000e+00 0.000000000000000000e+00 0.000000000000000000e+00 0.000000000000000000e+00 0.000000000000000000e+00 0.000000000000000000e+00 0.000000000000000000e+00 0.000000000000000000e+00 0.000000000000000000e+00 0.000000000000000000e+00 0.000000000000000000e+00 8.049999999999994316e+01 0.000000000000000000e+00 0.000000000000000000e+00 0.000000000000000000e+00 0.000000000000000000e+00 0.000000000000000000e+00 0.000000000000000000e+00 0.000000000000000000e+00
0.000000000000000000e+00 0.000000000000000000e+00 0.000000000000000000e+00 3.850000000000000000e+01 3.054347826086955209e+01 2.518650793650792608e+01 3.021874999999998934e+01 3.427105831533475566e+01 2.157113115891741018e+01 3.895586340206183706e+01 2.653750000000000142e+01 3.392562929061784160e+01 2.520048985304408617e+01 3.558333333333333570e+01 1.140941085719795289e+01 3.473931623931622426e+01 2.647303921568626706e+01 2.488719512195121553e+01 2.174576271186439769e+01 1.441975308641974785e+01 3.543085106382977756e+01 2.560185185185184409e+01 2.215767045454545325e+01 1.786030664395228840e+01 2.110325318246110271e+01 1.807828542094455315e+01 1.587836021505375861e+01 2.355013927576601773e+01 1.936709932279909552e+01 2.455430711610486583e+01 3.903358208955222608e+01 3.498529945553539022e+01 2.930597014925372790e+01 4.263402061855670411e+01 4.599691675231243693e+01 4.729230769230768061e+01 3.085224274406331801e+01 1.717988668555240395e+01 8.252240262620883726e+00 1.727499999999999858e+01 0.000000000000000000e+00 1.913866877971473102e+01 1.346307588075880801e+01 1.389724919093851163e+01 2.726923076923077005e+01 1.804351145038167559e+01 0.000000000000000000e+00 0.000000000000000000e+00 5.524999999999994316e+01 0.000000000000000000e+00 0.000000000000000000e+00 0.000000000000000000e+00 4.789772727272724495e+01 4.932692307692305178e+01 4.301456310679608208e+01 5.066666666666665719e+01 6.374999999999995737e+01 0.000000000000000000e+00 4.140476190476188378e+01 2.847058823529410532e+01 3.454347826086954854e+01 4.554545454545451832e+01 0.000000000000000000e+00 0.000000000000000000e+00 0.000000000000000000e+00 0.000000000000000000e+00 0.000000000000000000e+00 0.000000000000000000e+00 0.000000000000000000e+00 0.000000000000000000e+00 0.000000000000000000e+00 0.000000000000000000e+00 4.349999999999995026e+01 0.000000000000000000e+00 8.399999999999997158e+01 4.339999999999998437e+01 0.000000000000000000e+00 0.000000000000000000e+00 0.000000000000000000e+00 0.000000000000000000e+00 3.578571428571426338e+01 4.543749999999997868e+01 4.966666666666665009e+01 0.000000000000000000e+00 3.716666666666665009e+01 0.000000000000000000e+00 0.000000000000000000e+00 6.449999999999994316e+01 0.000000000000000000e+00
0.000000000000000000e+00 0.000000000000000000e+00 0.000000000000000000e+00 2.969999999999999929e+01 1.120518653321200375e+01 1.928079096045197005e+01 2.515789473684209554e+01 1.827064896755161882e+01 3.300000000000000000e+01 2.394938917975566284e+01 3.855635838150288208e+01 2.194035456730768274e+01 5.521710526315786893e+01 5.194615384615382681e+01 3.473931623931622426e+01 7.160526315789470075e+00 1.256757297081167124e+01 3.873446785521337432e+01 4.963904982618768003e+01 9.249999999999997158e+01 8.233333333333330017e+01 0.000000000000000000e+00 0.000000000000000000e+00 3.549999999999997868e+01 0.000000000000000000e+00 7.283333333333330017e+01 7.150000000000001421e+01 0.000000000000000000e+00 6.403448275862065486e+01 6.347560975609754053e+01 7.893749999999998579e+01 7.500773195876286081e+01 5.435373443983399255e+01 8.125000000000000000e+01 8.534210526315789025e+01 7.971428571428570820e+01 8.074999999999997158e+01 1.341764705882351905e+01 2.432345469940726801e+01 5.030999999999998096e+01 0.000000000000000000e+00 5.064705882352939170e+01 7.099999999999995737e+01 6.002941176470585560e+01 9.255919854280502790e+00 4.887499999999997868e+01 0.000000000000000000e+00 2.766666666666664653e+01 3.270588235294115975e+01 2.399999999999994671e+01 4.074999999999995026e+01 4.749999999999997158e+01 3.667164179104473476e+01 5.899999999999997868e+01 3.583146067415727032e+01 4.549999999999997868e+01 0.000000000000000000e+00 8.474999999999997158e+01 1.711320754716980375e+01 1.994444444444443931e+01 3.433653846153844569e+01 4.968749999999997868e+01 0.000000000000000000e+00 0.000000000000000000e+00 0.000000000000000000e+00 0.000000000000000000e+00 0.000000000000000000e+00 0.000000000000000000e+00 0.000000000000000000e+00 0.000000000000000000e+00 9.599999999999991473e+01 7.199999999999995737e+01 7.049999999999997158e+01 7.800000000000000000e+01 8.207142857142855519e+01 4.909999999999998721e+01 0.000000000000000000e+00 0.000000000000000000e+00 0.000000000000000000e+00 0.000000000000000000e+00 3.741176470588231240e+01 4.343478260869563456e+01 7.049999999999998579e+01 0.000000000000000000e+00 6.549999999999994316e+01 0.000000000000000000e+00 0.000000000000000000e+00 1.705555555555555358e+01 4.099999999999996447e+01
0.000000000000000000e+00 0.000000000000000000e+00 0.000000000000000000e+00 2.999999999999995381e+01 2.945394736842105132e+01 3.619444444444443576e+01 4.300000000000002842e+01 2.171739130434781373e+01 2.873555555555554619e+01 2.480055147058822129e+01 2.481962481962480993e+01 1.990536013400334170e+01 4.049999999999998579e+01 3.767187499999997868e+01 2.647303921568626706e+01 1.256757297081167124e+01 9.966282543747327693e+00 1.713772455089819857e+01 3.431565656565655331e+01 0.000000000000000000e+00 7.749999999999997158e+01 0.000000000000000000e+00 0.000000000000000000e+00 0.000000000000000000e+00 1.074999999999999574e+02 0.000000000000000000e+00 0.000000000000000000e+00 8.449999999999995737e+01 5.284999999999998010e+01 5.642857142857140929e+01 7.490909090909089230e+01 6.345683453237410276e+01 4.498156682027648401e+01 7.069999999999997442e+01 7.854000000000000625e+01 7.825000000000000000e+01 7.850000000000000000e+01 2.175849056603772524e+01 2.607226277372261691e+01 3.750961538461537970e+01 0.000000000000000000e+00 2.999999999999998934e+01 0.000000000000000000e+00 4.381818181818179880e+01 3.091666666666666075e+01 3.796590909090908639e+01 5.949999999999996447e+01 3.024999999999998579e+01 3.737499999999997158e+01 5.449999999999997158e+01 3.774999999999994316e+01 3.116666666666664653e+01 3.523239436619715548e+01 3.704761904761902258e+01 2.727102803738316084e+01 4.935714285714282568e+01 0.000000000000000000e+00 0.000000000000000000e+00 2.175757575757574358e+01 1.282720588235293313e+01 2.263333333333332220e+01 4.313157894736839637e+01 0.000000000000000000e+00 0.000000000000000000e+00 0.000000000000000000e+00 0.000000000000000000e+00 0.000000000000000000e+00 0.000000000000000000e+00 9.150000000000000000e+01 0.000000000000000000e+00 0.000000000000000000e+00 5.000000000000002132e+01 6.483333333333332860e+01 0.000000000000000000e+00 7.112499999999995737e+01 4.622222222222220012e+01 0.000000000000000000e+00 0.000000000000000000e+00 0.000000000000000000e+00 0.000000000000000000e+00 2.721428571428569398e+01 3.263999999999997925e+01 4.174999999999997868e+01 0.000000000000000000e+00 2.500000000000001066e+01 0.000000000000000000e+00 6.700000000000001421e+01 2.937499999999999289e+01 3.999999999999995737e+01
