0.000000000000000000e+00 0.000000000000000000e+00 0.000000000000000000e+00 0.000000000000000000e+00 0.000000000000000000e+00 0.000000000000000000e+00 0.000000000000000000e+00 0.000000000000000000e+00 0.000000000000000000e+00 0.000000000000000000e+00 0.000000000000000000e+00 0.000000000000000000e+00 0.000000000000000000e+00 0.000000000000000000e+00 0.000000000000000000e+00 0.000000000000000000e+00 0.000000000000000000e+00 0.000000000000000000e+00 0.000000000000000000e+00 0.000000000000000000e+00 0.000000000000000000e+00 0.000000000000000000e+00 0.000000000000000000e+00 0.000000000000000000e+00 0.000000000000000000e+00 0.000000000000000000e+00 0.000000000000000000e+00 0.000000000000000000e+00 0.000000000000000000e+00 0.000000000000000000e+00 0.000000000000000000e+00 0.000000000000000000e+00 0.000000000000000000e+00 0.000000000000000000e+00 0.000000000000000000e+00 0.000000000000000000e+00 0.000000000000000000e+00 0.000000000000000000e+00 0.000000000000000000e+00 0.000000000000000000e+00 0.000000000000000000e+00 0.000000000000000000e+00 0.000000000000000000e+00 0.000000000000000000e+00 0.000000000000000000e+00 0.000000000000000000e+00 0.000000000000000000e+00 0.000000000000000000e+00 0.000000000000000000e+00 0.000000000000000000e+00 0.000000000000000000e+00 0.000000000000000000e+00 0.000000000000000000e+00 0.000000000000000000e+00 0.000000000000000000e+00 0.000000000000000000e+00 0.000000000000000000e+00 0.000000000000000000e+00 0.000000000000000000e+00 0.000000000000000000e+00 0.000000000000000000e+00 0.000000000000000000e+00 0.000000000000000000e+00 0.000000000000000000e+00 0.000000000000000000e+00 0.000000000000000000e+00 0.000000000000000000e+00 0.000000000000000000e+00 0.000000000000000000e+00 0.000000000000000000e+00 0.000000000000000000e+00 0.000000000000000000e+00 0.000000000000000000e+00 0.000000000000000000e+00 0.000000000000000000e+00 0.000000000000000000e+00 0.000000000000000000e+00 0.000000000000000000e+00 0.000000000000000000e+00 0.000000000000000000e+00 0.000000000000000000e+00 0.000000000000000000e+00 0.000000000000000000e+00 0.000000000000000000e+00 0.000000000000000000e+00 0.000000000000000000e+00 0.000000000000000000e+00 0.000000000000000000e+00 0.000000000000000000e+00
0.000000000000000000e+00 0.000000000000000000e+00 0.000000000000000000e+00 0.000000000000000000e+00 0.000000000000000000e+00 0.000000000000000000e+00 0.000000000000000000e+00 0.000000000000000000e+00 0.000000000000000000e+00 0.000000000000000000e+00 0.000000000000000000e+00 0.000000000000000000e+00 0.000000000000000000e+00 0.000000000000000000e+00 0.000000000000000000e+00 0.000000000000000000e+00 0.000000000000000000e+00 0.000000000000000000e+00 0.000000000000000000e+00 0.000000000000000000e+00 0.000000000000000000e+00 0.000000000000000000e+00 0.000000000000000000e+00 0.000000000000000000e+00 0.000000000000000000e+00 0.000000000000000000e+00 0.000000000000000000e+00 0.000000000000000000e+00 0.000000000000000000e+00 0.000000000000000000e+00 0.000000000000000000e+00 0.000000000000000000e+00 0.000000000000000000e+00 0.000000000000000000e+00 0.000000000000000000e+00 0.000000000000000000e+00 0.000000000000000000e+00 0.000000000000000000e+00 0.000000000000000000e+00 0.000000000000000000e+00 0.000000000000000000e+00 0.000000000000000000e+00 0.000000000000000000e+00 0.000000000000000000e+00 0.000000000000000000e+00 0.000000000000000000e+00 0.000000000000000000e+00 0.000000000000000000e+00 0.000000000000000000e+00 0.000000000000000000e+00 0.000000000000000000e+00 0.000000000000000000e+00 0.000000000000000000e+00 0.000000000000000000e+00 0.000000000000000000e+00 0.000000000000000000e+00 0.000000000000000000e+00 0.000000000000000000e+00 0.000000000000000000e+00 0.000000000000000000e+00 0.000000000000000000e+00 0.000000000000000000e+00 0.000000000000000000e+00 0.000000000000000000e+00 0.000000000000000000e+00 0.000000000000000000e+00 0.000000000000000000e+00 0.000000000000000000e+00 0.000000000000000000e+00 0.000000000000000000e+00 0.000000000000000000e+00 0.000000000000000000e+00 0.000000000000000000e+00 0.000000000000000000e+00 0.000000000000000000e+00 0.000000000000000000e+00 0.000000000000000000e+00 0.000000000000000000e+00 0.000000000000000000e+00 0.000000000000000000e+00 0.000000000000000000e+00 0.000000000000000000e+00 0.000000000000000000e+00 0.000000000000000000e+00 0.000000000000000000e+00 0.000000000000000000e+00 0.000000000000000000e+00 0.000000000000000000e+00 0.000000000000000000e+00
0.000000000000000000e+00 0.000000000000000000e+00 0.000000000000000000e+00 0.000000000000000000e+00 0.000000000000000000e+00 0.000000000000000000e+00 0.000000000000000000e+00 0.000000000000000000e+00 0.000000000000000000e+00 0.000000000000000000e+00 0.000000000000000000e+00 0.000000000000000000e+00 0.000000000000000000e+00 0.000000000000000000e+00 0.000000000000000000e+00 0.000000000000000000e+00 0.000000000000000000e+00 0.000000000000000000e+00 0.000000000000000000e+00 0.000000000000000000e+00 0.000000000000000000e+00 0.000000000000000000e+00 0.000000000000000000e+00 0.000000000000000000e+00 0.000000000000000000e+00 0.000000000000000000e+00 0.000000000000000000e+00 0.000000000000000000e+00 0.000000000000000000e+00 0.000000000000000000e+00 0.000000000000000000e+00 0.000000000000000000e+00 0.000000000000000000e+00 0.000000000000000000e+00 0.000000000000000000e+00 0.000000000000000000e+00 0.000000000000000000e+00 0.000000000000000000e+00 0.000000000000000000e+00 0.000000000000000000e+00 0.000000000000000000e+00 0.000000000000000000e+00 0.000000000000000000e+00 0.000000000000000000e+00 0.000000000000000000e+00 0.000000000000000000e+00 0.000000000000000000e+00 0.000000000000000000e+00 0.000000000000000000e+00 0.000000000000000000e+00 0.000000000000000000e+00 0.000000000000000000e+00 0.000000000000000000e+00 0.000000000000000000e+00 0.000000000000000000e+00 0.000000000000000000e+00 0.000000000000000000e+00 0.000000000000000000e+00 0.000000000000000000e+00 0.000000000000000000e+00 0.000000000000000000e+00 0.000000000000000000e+00 0.000000000000000000e+00 0.000000000000000000e+00 0.000000000000000000e+00 0.000000000000000000e+00 0.000000000000000000e+00 0.000000000000000000e+00 0.000000000000000000e+00 0.000000000000000000e+00 0.000000000000000000e+00 0.000000000000000000e+00 0.000000000000000000e+00 0.000000000000000000e+00 0.000000000000000000e+00 0.000000000000000000e+00 0.000000000000000000e+00 0.000000000000000000e+00 0.000000000000000000e+00 0.000000000000000000e+00 0.000000000000000000e+00 0.000000000000000000e+00 0.000000000000000000e+00 0.000000000000000000e+00 0.000000000000000000e+00 0.000000000000000000e+00 0.000000000000000000e+00 0.000000000000000000e+00 0.000000000000000000e+00
0.000000000000000000e+00 0.000000000000000000e+00 0.000000000000000000e+00 7.780000000000000000e+02 1.668000000000000000e+03 8.300000000000000000e+02 2.000000000000000000e+00 9.000000000000000000e+00 4.000000000000000000e+00 1.880000000000000000e+02 2.000000000000000000e+00 1.254000000000000000e+03 1.000000000000000000e+00 4.000000000000000000e+00 3.000000000000000000e+00 1.500000000000000000e+01 2.000000000000000000e+00 0.000000000000000000e+00 0.000000000000000000e+00 0.000000000000000000e+00 0.000000000000000000e+00 0.000000000000000000e+00 0.000000000000000000e+00 0.000000000000000000e+00 0.000000000000000000e+00 0.000000000000000000e+00 0.000000000000000000e+00 0.000000000000000000e+00 1.000000000000000000e+00 1.000000000000000000e+00 0.000000000000000000e+00 0.000000000000000000e+00 0.000000000000000000e+00 0.000000000000000000e+00 0.000000000000000000e+00 0.000000000000000000e+00 1.000000000000000000e+00 1.500000000000000000e+01 3.900000000000000000e+01 0.000000000000000000e+00 0.000000000000000000e+00 0.000000000000000000e+00 0.000000000000000000e+00 0.000000000000000000e+00 2.000000000000000000e+00 0.000000000000000000e+00 0.000000000000000000e+00 0.000000000000000000e+00 0.000000000000000000e+00 0.000000000000000000e+00 0.000000000000000000e+00 0.000000000000000000e+00 0.000000000000000000e+00 0.000000000000000000e+00 0.000000000000000000e+00 0.000000000000000000e+00 0.000000000000000000e+00 0.000000000000000000e+00 1.000000000000000000e+00 0.000000000000000000e+00 0.000000000000000000e+00 0.000000000000000000e+00 0.000000000000000000e+00 0.000000000000000000e+00 0.000000000000000000e+00 0.000000000000000000e+00 0.000000000000000000e+00 0.000000000000000000e+00 0.000000000000000000e+00 0.000000000000000000e+00 0.000000000000000000e+00 0.000000000000000000e+00 0.000000000000000000e+00 0.000000000000000000e+00 0.000000000000000000e+00 0.000000000000000000e+00 0.000000000000000000e+00 0.000000000000000000e+00 0.000000000000000000e+00 0.000000000000000000e+00 0.000000000000000000e+00 0.000000000000000000e+00 0.000000000000000000e+00 0.000000000000000000e+00 0.000000000000000000e+00 0.000000000000000000e+00 0.000000000000000000e+00 0.000000000000000000e+00 0.000000000000000000e+00
0.000000000000000000e+00 0.000000000000000000e+00 0.000000000000000000e+00 1.668000000000000000e+03 1.456100000000000000e+04 1.160300000000000000e+04 1.800000000000000000e+01 1.870000000000000000e+02 2.500000000000000000e+01 1.564000000000000000e+03 4.100000000000000000e+01 1.621000000000000000e+03 1.200000000000000000e+01 1.300000000000000000e+01 1.380000000000000000e+02 1.099000000000000000e+03 7.600000000000000000e+01 1.360000000000000000e+02 7.700000000000000000e+01 0.000000000000000000e+00 1.000000000000000000e+00 0.000000000000000000e+00 0.000000000000000000e+00 0.000000000000000000e+00 0.000000000000000000e+00 1.000000000000000000e+00 0.000000000000000000e+00 0.000000000000000000e+00 1.500000000000000000e+01 4.000000000000000000e+00 4.000000000000000000e+00 1.400000000000000000e+01 3.900000000000000000e+01 0.000000000000000000e+00 0.000000000000000000e+00 0.000000000000000000e+00 0.000000000000000000e+00 2.032000000000000000e+03 1.951000000000000000e+03 2.200000000000000000e+01 0.000000000000000000e+00 3.000000000000000000e+00 0.000000000000000000e+00 4.000000000000000000e+00 1.770000000000000000e+03 1.800000000000000000e+01 0.000000000000000000e+00 1.000000000000000000e+00 4.000000000000000000e+00 0.000000000000000000e+00 0.000000000000000000e+00 0.000000000000000000e+00 6.000000000000000000e+00 0.000000000000000000e+00 7.000000000000000000e+00 0.000000000000000000e+00 0.000000000000000000e+00 0.000000000000000000e+00 1.300000000000000000e+01 1.300000000000000000e+01 2.000000000000000000e+00 1.000000000000000000e+00 0.000000000000000000e+00 0.000000000000000000e+00 0.000000000000000000e+00 0.000000000000000000e+00 0.000000000000000000e+00 0.000000000000000000e+00 0.000000000000000000e+00 0.000000000000000000e+00 0.000000000000000000e+00 0.000000000000000000e+00 0.000000000000000000e+00 0.000000000000000000e+00 1.000000000000000000e+00 1.000000000000000000e+00 0.000000000000000000e+00 0.000000000000000000e+00 0.000000000000000000e+00 0.000000000000000000e+00 2.600000000000000000e+01 6.000000000000000000e+00 1.000000000000000000e+00 0.000000000000000000e+00 1.000000000000000000e+00 0.000000000000000000e+00 0.000000000000000000e+00 7.000000000000000000e+00 9.000000000000000000e+00
0.000000000000000000e+00 0.000000000000000000e+00 0.000000000000000000e+00 8.300000000000000000e+02 1.160300000000000000e+04 2.323000000000000000e+04 4.781000000000000000e+03 4.994000000000000000e+03 1.420000000000000000e+02 4.875000000000000000e+03 7.800000000000000000e+01 1.449000000000000000e+03 1.500000000000000000e+01 1.700000000000000000e+01 6.300000000000000000e+02 8.850000000000000000e+02 5.400000000000000000e+01 6.700000000000000000e+01 2.600000000000000000e+01 0.000000000000000000e+00 1.000000000000000000e+00 0.000000000000000000e+00 0.000000000000000000e+00 2.000000000000000000e+00 2.000000000000000000e+00 1.400000000000000000e+01 1.000000000000000000e+00 1.000000000000000000e+00 1.200000000000000000e+01 5.400000000000000000e+01 6.000000000000000000e+00 2.200000000000000000e+01 3.800000000000000000e+01 0.000000000000000000e+00 3.000000000000000000e+00 2.000000000000000000e+00 2.000000000000000000e+00 1.849000000000000000e+03 8.213000000000000000e+03 1.250000000000000000e+02 0.000000000000000000e+00 1.100000000000000000e+01 3.000000000000000000e+00 4.500000000000000000e+01 3.590000000000000000e+02 3.000000000000000000e+01 0.000000000000000000e+00 1.000000000000000000e+00 6.000000000000000000e+00 2.000000000000000000e+00 3.000000000000000000e+00 0.000000000000000000e+00 3.600000000000000000e+01 0.000000000000000000e+00 2.200000000000000000e+01 0.000000000000000000e+00 0.000000000000000000e+00 0.000000000000000000e+00 5.300000000000000000e+01 8.000000000000000000e+00 3.000000000000000000e+00 3.000000000000000000e+00 0.000000000000000000e+00 0.000000000000000000e+00 0.000000000000000000e+00 0.000000000000000000e+00 0.000000000000000000e+00 0.000000000000000000e+00 0.000000000000000000e+00 0.000000000000000000e+00 0.000000000000000000e+00 0.000000000000000000e+00 0.000000000000000000e+00 1.000000000000000000e+00 1.000000000000000000e+00 1.000000000000000000e+00 0.000000000000000000e+00 0.000000000000000000e+00 0.000000000000000000e+00 0.000000000000000000e+00 2.900000000000000000e+01 9.000000000000000000e+00 1.000000000000000000e+00 0.000000000000000000e+00 0.000000000000000000e+00 0.000000000000000000e+00 0.000000000000000000e+00 1.000000000000000000e+00 1.000000000000000000e+00
0.000000000000000000e+00 0.000000000000000000e+00 0.000000000000000000e+00 2.000000000000000000e+00 1.800000000000000000e+01 4.781000000000000000e+03 5.473000000000000000e+03 4.382000000000000000e+03 1.700000000000000000e+01 1.635000000000000000e+03 4.000000000000000000e+00 5.500000000000000000e+01 2.000000000000000000e+00 0.000000000000000000e+00 1.600000000000000000e+01 1.900000000000000000e+01 2.000000000000000000e+00 1.000000000000000000e+00 0.000000000000000000e+00 0.000000000000000000e+00 0.000000000000000000e+00 0.000000000000000000e+00 0.000000000000000000e+00 0.000000000000000000e+00 0.000000000000000000e+00 0.000000000000000000e+00 0.000000000000000000e+00 0.000000000000000000e+00 0.000000000000000000e+00 6.000000000000000000e+00 0.000000000000000000e+00 2.000000000000000000e+00 1.000000000000000000e+00 0.000000000000000000e+00 0.000000000000000000e+00 0.000000000000000000e+00 1.000000000000000000e+00 1.600000000000000000e+01 2.280000000000000000e+02 7.000000000000000000e+00 0.000000000000000000e+00 0.000000000000000000e+00 0.000000000000000000e+00 2.000000000000000000e+00 6.000000000000000000e+00 0.000000000000000000e+00 0.000000000000000000e+00 0.000000000000000000e+00 0.000000000000000000e+00 0.000000000000000000e+00 0.000000000000000000e+00 0.000000000000000000e+00 0.000000000000000000e+00 0.000000000000000000e+00 0.000000000000000000e+00 0.000000000000000000e+00 0.000000000000000000e+00 0.000000000000000000e+00 0.000000000000000000e+00 0.000000000000000000e+00 1.000000000000000000e+00 0.000000000000000000e+00 0.000000000000000000e+00 0.000000000000000000e+00 0.000000000000000000e+00 0.000000000000000000e+00 0.000000000000000000e+00 0.000000000000000000e+00 0.000000000000000000e+00 0.000000000000000000e+00 0.000000000000000000e+00 0.000000000000000000e+00 0.000000000000000000e+00 0.000000000000000000e+00 0.000000000000000000e+00 0.000000000000000000e+00 0.000000000000000000e+00 0.000000000000000000e+00 0.000000000000000000e+00 0.000000000000000000e+00 0.000000000000000000e+00 0.000000000000000000e+00 0.000000000000000000e+00 0.000000000000000000e+00 0.000000000000000000e+00 0.000000000000000000e+00 0.000000000000000000e+00 0.000000000000000000e+00 0.000000000000000000e+00
0.000000000000000000e+00 0.000000000000000000e+00 0.000000000000000000e+00 9.000000000000000000e+00 1.870000000000000000e+02 4.994000000000000000e+03 4.382000000000000000e+03 8.998000000000000000e+03 4.067000000000000000e+03 5.496000000000000000e+03 6.100000000000000000e+01 1.293000000000000000e+03 1.130000000000000000e+02 4.000000000000000000e+00 9.260000000000000000e+02 6.780000000000000000e+02 6.900000000000000000e+01 1.700000000000000000e+01 1.100000000000000000e+01 0.000000000000000000e+00 1.500000000000000000e+01 0.000000000000000000e+00 1.000000000000000000e+00 0.000000000000000000e+00 1.000000000000000000e+00 5.000000000000000000e+00 3.000000000000000000e+00 4.000000000000000000e+00 7.800000000000000000e+01 1.280000000000000000e+03 5.000000000000000000e+01 9.400000000000000000e+01 6.600000000000000000e+01 5.000000000000000000e+00 5.900000000000000000e+01 1.700000000000000000e+01 1.300000000000000000e+01 7.100000000000000000e+01 6.040000000000000000e+02 2.600000000000000000e+01 0.000000000000000000e+00 4.000000000000000000e+00 2.000000000000000000e+00 4.000000000000000000e+00 6.000000000000000000e+00 4.000000000000000000e+00 0.000000000000000000e+00 1.000000000000000000e+00 1.000000000000000000e+01 2.000000000000000000e+00 6.000000000000000000e+00 0.000000000000000000e+00 6.500000000000000000e+01 2.000000000000000000e+00 3.400000000000000000e+01 2.000000000000000000e+00 1.000000000000000000e+00 0.000000000000000000e+00 1.140000000000000000e+02 2.300000000000000000e+01 1.100000000000000000e+01 3.000000000000000000e+00 0.000000000000000000e+00 0.000000000000000000e+00 0.000000000000000000e+00 0.000000000000000000e+00 0.000000000000000000e+00 0.000000000000000000e+00 0.000000000000000000e+00 0.000000000000000000e+00 0.000000000000000000e+00 0.000000000000000000e+00 0.000000000000000000e+00 0.000000000000000000e+00 0.000000000000000000e+00 1.000000000000000000e+00 0.000000000000000000e+00 0.000000000000000000e+00 0.000000000000000000e+00 0.000000000000000000e+00 8.000000000000000000e+00 1.600000000000000000e+01 1.000000000000000000e+00 0.000000000000000000e+00 0.000000000000000000e+00 0.000000000000000000e+00 0.000000000000000000e+00 1.000000000000000000e+00 0.000000000000000000e+00
0.000000000000000000e+00 0.000000000000000000e+00 0.000000000000000000e+00 4.000000000000000000e+00 2.500000000000000000e+01 1.420000000000000000e+02 1.700000000000000000e+01 4.067000000000000000e+03 1.482700000000000000e+04 2.982000000000000000e+03 4.390000000000000000e+02 9.180000000000000000e+02 2.810000000000000000e+03 7.000000000000000000e+00 1.441000000000000000e+03 2.580000000000000000e+02 2.250000000000000000e+02 6.700000000000000000e+01 1.200000000000000000e+01 0.000000000000000000e+00 1.200000000000000000e+01 0.000000000000000000e+00 1.000000000000000000e+00 1.000000000000000000e+00 2.000000000000000000e+00 8.000000000000000000e+00 1.000000000000000000e+01 1.400000000000000000e+01 3.010000000000000000e+02 2.861000000000000000e+03 8.400000000000000000e+01 1.420000000000000000e+02 8.200000000000000000e+01 1.200000000000000000e+01 8.700000000000000000e+01 1.500000000000000000e+01 2.000000000000000000e+01 7.990000000000000000e+02 3.299000000000000000e+03 1.510000000000000000e+02 0.000000000000000000e+00 1.500000000000000000e+01 4.000000000000000000e+00 5.000000000000000000e+00 2.900000000000000000e+01 9.700000000000000000e+01 0.000000000000000000e+00 2.000000000000000000e+00 3.000000000000000000e+00 0.000000000000000000e+00 2.000000000000000000e+00 1.000000000000000000e+00 3.000000000000000000e+01 6.000000000000000000e+00 7.600000000000000000e+01 0.000000000000000000e+00 1.000000000000000000e+00 0.000000000000000000e+00 3.000000000000000000e+01 6.100000000000000000e+01 1.400000000000000000e+01 5.000000000000000000e+00 0.000000000000000000e+00 0.000000000000000000e+00 0.000000000000000000e+00 0.000000000000000000e+00 0.000000000000000000e+00 0.000000000000000000e+00 0.000000000000000000e+00 0.000000000000000000e+00 0.000000000000000000e+00 0.000000000000000000e+00 0.000000000000000000e+00 0.000000000000000000e+00 3.000000000000000000e+00 2.000000000000000000e+00 0.000000000000000000e+00 0.000000000000000000e+00 0.000000000000000000e+00 0.000000000000000000e+00 9.000000000000000000e+00 1.400000000000000000e+01 0.000000000000000000e+00 0.000000000000000000e+00 0.000000000000000000e+00 0.000000000000000000e+00 0.000000000000000000e+00 0.000000000000000000e+00 1.000000000000000000e+00
0.000000000000000000e+00 0.000000000000000000e+00 0.000000000000000000e+00 1.880000000000000000e+02 1.564000000000000000e+03 4.875000000000000000e+03 1.635000000000000000e+03 5.496000000000000000e+03 2.982000000000000000e+03 5.552100000000000000e+04 6.289000000000000000e+03 1.420400000000000000e+04 4.970000000000000000e+02 1.710000000000000000e+02 1.552000000000000000e+03 1.719000000000000000e+03 1.088000000000000000e+03 3.500000000000000000e+02 1.720000000000000000e+02 1.000000000000000000e+00 7.200000000000000000e+01 4.000000000000000000e+00 2.000000000000000000e+00 2.000000000000000000e+00 6.000000000000000000e+00 2.800000000000000000e+01 3.000000000000000000e+00 2.700000000000000000e+01 6.950000000000000000e+02 9.850000000000000000e+02 3.690000000000000000e+02 2.182000000000000000e+03 1.745000000000000000e+03 1.210000000000000000e+02 4.920000000000000000e+02 1.370000000000000000e+02 8.600000000000000000e+01 1.829000000000000000e+03 6.530000000000000000e+03 2.270000000000000000e+02 0.000000000000000000e+00 4.700000000000000000e+01 1.800000000000000000e+01 6.200000000000000000e+01 6.100000000000000000e+01 1.410000000000000000e+02 1.000000000000000000e+00 4.000000000000000000e+00 1.900000000000000000e+01 2.000000000000000000e+00 2.000000000000000000e+00 1.000000000000000000e+00 9.600000000000000000e+01 1.100000000000000000e+01 1.300000000000000000e+02 3.000000000000000000e+00 0.000000000000000000e+00 0.000000000000000000e+00 1.340000000000000000e+02 1.250000000000000000e+02 2.300000000000000000e+01 7.000000000000000000e+00 0.000000000000000000e+00 0.000000000000000000e+00 0.000000000000000000e+00 1.000000000000000000e+00 0.000000000000000000e+00 0.000000000000000000e+00 0.000000000000000000e+00 0.000000000000000000e+00 0.000000000000000000e+00 4.000000000000000000e+00 0.000000000000000000e+00 1.000000000000000000e+00 6.000000000000000000e+00 2.000000000000000000e+00 0.000000000000000000e+00 0.000000000000000000e+00 0.000000000000000000e+00 0.000000000000000000e+00 3.400000000000000000e+01 3.400000000000000000e+01 4.000000000000000000e+00 0.000000000000000000e+00 0.000000000000000000e+00 0.000000000000000000e+00 1.000000000000000000e+00 3.000000000000000000e+00 1.000000000000000000e+00
0.000000000000000000e+00 0.000000000000000000e+00 0.000000000000000000e+00 2.000000000000000000e+00 4.100000000000000000e+01 7.800000000000000000e+01 4.000000000000000000e+00 6.100000000000000000e+01 4.390000000000000000e+02 6.289000000000000000e+03 2.224800000000000000e+04 6.415000000000000000e+03 3.826000000000000000e+03 8.300000000000000000e+01 6.400000000000000000e+02 3.460000000000000000e+02 6.930000000000000000e+02 3.350000000000000000e+02 1.440000000000000000e+02 1.000000000000000000e+00 1.200000000000000000e+02 3.000000000000000000e+00 4.000000000000000000e+00 2.000000000000000000e+00 2.500000000000000000e+01 1.060000000000000000e+02 2.000000000000000000e+00 1.250000000000000000e+02 1.027000000000000000e+03 1.597000000000000000e+03 1.087000000000000000e+03 3.215000000000000000e+03 1.783000000000000000e+03 1.650000000000000000e+02 7.190000000000000000e+02 2.390000000000000000e+02 1.300000000000000000e+02 1.176000000000000000e+03 1.407000000000000000e+03 6.650000000000000000e+02 0.000000000000000000e+00 1.320000000000000000e+02 2.700000000000000000e+01 2.310000000000000000e+02 7.000000000000000000e+00 6.300000000000000000e+02 0.000000000000000000e+00 0.000000000000000000e+00 5.000000000000000000e+00 1.000000000000000000e+00 1.000000000000000000e+00 0.000000000000000000e+00 3.900000000000000000e+01 2.400000000000000000e+01 8.500000000000000000e+01 7.000000000000000000e+00 2.000000000000000000e+00 1.000000000000000000e+00 9.000000000000000000e+00 6.700000000000000000e+01 3.600000000000000000e+01 3.000000000000000000e+00 0.000000000000000000e+00 0.000000000000000000e+00 0.000000000000000000e+00 0.000000000000000000e+00 0.000000000000000000e+00 0.000000000000000000e+00 0.000000000000000000e+00 0.000000000000000000e+00 0.000000000000000000e+00 0.000000000000000000e+00 0.000000000000000000e+00 1.000000000000000000e+00 3.000000000000000000e+00 3.000000000000000000e+00 0.000000000000000000e+00 0.000000000000000000e+00 0.000000000000000000e+00 0.000000000000000000e+00 8.000000000000000000e+00 2.000000000000000000e+01 2.000000000000000000e+00 0.000000000000000000e+00 2.000000000000000000e+00 0.000000000000000000e+00 1.000000000000000000e+00 1.000000000000000000e+00 1.000000000000000000e+00
0.000000000000000000e+00 0.000000000000000000e+00 0.000000000000000000e+00 1.254000000000000000e+03 1.621000000000000000e+03 1.449000000000000000e+03 5.500000000000000000e+01 1.293000000000000000e+03 9.180000000000000000e+02 1.420400000000000000e+04 6.415000000000000000e+03 1.031370000000000000e+05 4.734000000000000000e+03 8.245000000000000000e+03 8.740000000000000000e+02 3.328000000000000000e+03 2.985000000000000000e+03 3.007000000000000000e+03 7.520000000000000000e+02 0.000000000000000000e+00 1.500000000000000000e+01 1.000000000000000000e+00 0.000000000000000000e+00 2.000000000000000000e+00 1.000000000000000000e+00 1.800000000000000000e+01 5.000000000000000000e+00 3.000000000000000000e+00 1.901000000000000000e+03 5.940000000000000000e+02 8.800000000000000000e+01 2.878000000000000000e+03 1.616000000000000000e+03 1.900000000000000000e+01 9.800000000000000000e+01 2.900000000000000000e+01 1.200000000000000000e+01 1.702000000000000000e+03 4.386000000000000000e+03 4.470000000000000000e+02 0.000000000000000000e+00 1.170000000000000000e+02 4.000000000000000000e+00 1.340000000000000000e+02 2.800000000000000000e+01 4.130000000000000000e+02 0.000000000000000000e+00 5.000000000000000000e+00 1.700000000000000000e+01 1.000000000000000000e+00 8.000000000000000000e+00 5.000000000000000000e+00 1.180000000000000000e+02 2.500000000000000000e+01 4.030000000000000000e+02 1.600000000000000000e+01 5.000000000000000000e+00 2.000000000000000000e+00 1.650000000000000000e+02 2.050000000000000000e+02 1.740000000000000000e+02 1.300000000000000000e+01 0.000000000000000000e+00 0.000000000000000000e+00 0.000000000000000000e+00 0.000000000000000000e+00 0.000000000000000000e+00 0.000000000000000000e+00 0.000000000000000000e+00 0.000000000000000000e+00 0.000000000000000000e+00 4.000000000000000000e+00 0.000000000000000000e+00 0.000000000000000000e+00 6.000000000000000000e+00 6.000000000000000000e+00 0.000000000000000000e+00 0.000000000000000000e+00 0.000000000000000000e+00 0.000000000000000000e+00 3.200000000000000000e+01 7.500000000000000000e+01 7.000000000000000000e+00 0.000000000000000000e+00 2.000000000000000000e+00 0.000000000000000000e+00 0.000000000000000000e+00 6.000000000000000000e+00 4.000000000000000000e+00
0.000000000000000000e+00 0.000000000000000000e+00 0.000000000000000000e+00 1.000000000000000000e+00 1.200000000000000000e+01 1.500000000000000000e+01 2.000000000000000000e+00 1.130000000000000000e+02 2.810000000000000000e+03 4.970000000000000000e+02 3.826000000000000000e+03 4.734000000000000000e+03 5.206500000000000000e+04 1.094600000000000000e+04 1.429000000000000000e+03 7.600000000000000000e+01 7.600000000000000000e+01 1.007000000000000000e+03 2.580000000000000000e+02 0.000000000000000000e+00 1.400000000000000000e+01 1.000000000000000000e+00 1.000000000000000000e+00 4.000000000000000000e+00 1.800000000000000000e+01 3.560000000000000000e+02 1.700000000000000000e+01 7.200000000000000000e+01 1.053400000000000000e+04 6.740000000000000000e+03 4.310000000000000000e+02 2.331000000000000000e+03 8.950000000000000000e+02 2.400000000000000000e+01 1.020000000000000000e+02 4.600000000000000000e+01 1.800000000000000000e+01 1.232000000000000000e+03 7.326000000000000000e+03 3.055000000000000000e+03 0.000000000000000000e+00 5.010000000000000000e+02 9.000000000000000000e+00 4.900000000000000000e+02 1.000000000000000000e+00 4.680000000000000000e+02 0.000000000000000000e+00 1.000000000000000000e+00 0.000000000000000000e+00 1.000000000000000000e+00 0.000000000000000000e+00 0.000000000000000000e+00 1.100000000000000000e+01 3.000000000000000000e+00 1.500000000000000000e+01 1.800000000000000000e+01 0.000000000000000000e+00 4.000000000000000000e+00 3.000000000000000000e+00 6.000000000000000000e+00 2.800000000000000000e+01 3.000000000000000000e+00 0.000000000000000000e+00 0.000000000000000000e+00 0.000000000000000000e+00 0.000000000000000000e+00 0.000000000000000000e+00 0.000000000000000000e+00 0.000000000000000000e+00 0.000000000000000000e+00 0.000000000000000000e+00 3.000000000000000000e+00 2.000000000000000000e+00 0.000000000000000000e+00 0.000000000000000000e+00 1.000000000000000000e+00 0.000000000000000000e+00 0.000000000000000000e+00 0.000000000000000000e+00 0.000000000000000000e+00 7.000000000000000000e+00 2.900000000000000000e+01 9.000000000000000000e+00 0.000000000000000000e+00 5.000000000000000000e+00 0.000000000000000000e+00 1.000000000000000000e+00 0.000000000000000000e+00 0.000000000000000000e+00
0.000000000000000000e+00 0.000000000000000000e+00 0.000000000000000000e+00 4.000000000000000000e+00 1.300000000000000000e+01 1.700000000000000000e+01 0.000000000000000000e+00 4.000000000000000000e+00 7.000000000000000000e+00 1.710000000000000000e+02 8.300000000000000000e+01 8.245000000000000000e+03 1.094600000000000000e+04 6.122000000000000000e+03 2.400000000000000000e+01 6.500000000000000000e+01 3.200000000000000000e+01 1.850000000000000000e+02 2.200000000000000000e+01 0.000000000000000000e+00 0.000000000000000000e+00 0.000000000000000000e+00 0.000000000000000000e+00 0.000000000000000000e+00 0.000000000000000000e+00 1.000000000000000000e+00 1.000000000000000000e+00 2.000000000000000000e+00 6.978000000000000000e+03 5.800000000000000000e+01 0.000000000000000000e+00 3.050000000000000000e+02 1.630000000000000000e+02 0.000000000000000000e+00 0.000000000000000000e+00 0.000000000000000000e+00 0.000000000000000000e+00 1.800000000000000000e+01 1.090000000000000000e+02 4.900000000000000000e+01 0.000000000000000000e+00 7.000000000000000000e+00 0.000000000000000000e+00 1.100000000000000000e+01 1.000000000000000000e+00 3.000000000000000000e+00 0.000000000000000000e+00 0.000000000000000000e+00 0.000000000000000000e+00 0.000000000000000000e+00 0.000000000000000000e+00 1.000000000000000000e+00 0.000000000000000000e+00 0.000000000000000000e+00 3.000000000000000000e+00 0.000000000000000000e+00 0.000000000000000000e+00 0.000000000000000000e+00 1.000000000000000000e+00 1.000000000000000000e+00 3.000000000000000000e+00 0.000000000000000000e+00 0.000000000000000000e+00 0.000000000000000000e+00 0.000000000000000000e+00 0.000000000000000000e+00 0.000000000000000000e+00 0.000000000000000000e+00 0.000000000000000000e+00 0.000000000000000000e+00 0.000000000000000000e+00 0.000000000000000000e+00 0.000000000000000000e+00 0.000000000000000000e+00 0.000000000000000000e+00 0.000000000000000000e+00 0.000000000000000000e+00 0.000000000000000000e+00 0.000000000000000000e+00 0.000000000000000000e+00 0.000000000000000000e+00 1.000000000000000000e+00 0.000000000000000000e+00 0.000000000000000000e+00 0.000000000000000000e+00 0.000000000000000000e+00 0.000000000000000000e+00 0.000000000000000000e+00 0.000000000000000000e+00
0.000000000000000000e+00 0.000000000000000000e+00 0.000000000000000000e+00 3.000000000000000000e+00 1.380000000000000000e+02 6.300000000000000000e+02 1.600000000000000000e+01 9.260000000000000000e+02 1.441000000000000000e+03 1.552000000000000000e+03 6.400000000000000000e+02 8.740000000000000000e+02 1.429000000000000000e+03 2.400000000000000000e+01 1.037100000000000000e+04 2.340000000000000000e+02 2.040000000000000000e+02 3.280000000000000000e+02 9.440000000000000000e+02 8.100000000000000000e+01 2.820000000000000000e+02 5.400000000000000000e+01 3.520000000000000000e+02 5.870000000000000000e+02 7.070000000000000000e+02 1.948000000000000000e+03 7.440000000000000000e+02 3.590000000000000000e+02 1.772000000000000000e+03 8.010000000000000000e+02 6.700000000000000000e+02 2.755000000000000000e+03 1.005000000000000000e+03 9.700000000000000000e+01 9.730000000000000000e+02 1.300000000000000000e+02 3.790000000000000000e+02 3.530000000000000000e+02 1.127100000000000000e+04 3.800000000000000000e+02 0.000000000000000000e+00 6.310000000000000000e+02 1.476000000000000000e+03 6.180000000000000000e+02 1.300000000000000000e+01 6.550000000000000000e+02 0.000000000000000000e+00 0.000000000000000000e+00 2.000000000000000000e+00 0.000000000000000000e+00 0.000000000000000000e+00 0.000000000000000000e+00 4.400000000000000000e+01 2.600000000000000000e+01 1.030000000000000000e+02 9.000000000000000000e+00 2.000000000000000000e+00 0.000000000000000000e+00 2.100000000000000000e+01 6.800000000000000000e+01 2.300000000000000000e+01 1.100000000000000000e+01 0.000000000000000000e+00 0.000000000000000000e+00 0.000000000000000000e+00 0.000000000000000000e+00 0.000000000000000000e+00 0.000000000000000000e+00 0.000000000000000000e+00 0.000000000000000000e+00 0.000000000000000000e+00 0.000000000000000000e+00 1.000000000000000000e+00 0.000000000000000000e+00 2.000000000000000000e+00 5.000000000000000000e+00 0.000000000000000000e+00 0.000000000000000000e+00 0.000000000000000000e+00 0.000000000000000000e+00 1.400000000000000000e+01 2.400000000000000000e+01 6.000000000000000000e+00 0.000000000000000000e+00 6.000000000000000000e+00 0.000000000000000000e+00 0.000000000000000000e+00 1.000000000000000000e+00 0.000000000000000000e+00
0.000000000000000000e+00 0.000000000000000000e+00 0.000000000000000000e+00 1.500000000000000000e+01 1.099000000000000000e+03 8.850000000000000000e+02 1.900000000000000000e+01 6.780000000000000000e+02 2.580000000000000000e+02 1.719000000000000000e+03 3.460000000000000000e+02 3.328000000000000000e+03 7.600000000000000000e+01 6.500000000000000000e+01 2.340000000000000000e+02 4.180000000000000000e+03 2.501000000000000000e+03 1.851000000000000000e+03 8.630000000000000000e+02 1.000000000000000000e+00 3.000000000000000000e+00 0.000000000000000000e+00 0.000000000000000000e+00 1.000000000000000000e+00 0.000000000000000000e+00 3.000000000000000000e+00 2.000000000000000000e+00 0.000000000000000000e+00 5.800000000000000000e+01 4.100000000000000000e+01 8.000000000000000000e+00 1.940000000000000000e+02 4.820000000000000000e+02 2.000000000000000000e+00 1.900000000000000000e+01 7.000000000000000000e+00 4.000000000000000000e+00 1.445000000000000000e+03 2.362000000000000000e+03 5.000000000000000000e+01 0.000000000000000000e+00 1.700000000000000000e+01 1.000000000000000000e+00 1.700000000000000000e+01 5.490000000000000000e+02 4.000000000000000000e+01 0.000000000000000000e+00 3.000000000000000000e+00 1.700000000000000000e+01 1.000000000000000000e+00 6.000000000000000000e+00 2.000000000000000000e+00 6.700000000000000000e+01 5.000000000000000000e+00 8.900000000000000000e+01 3.000000000000000000e+00 0.000000000000000000e+00 2.000000000000000000e+00 1.060000000000000000e+02 9.900000000000000000e+01 5.200000000000000000e+01 2.400000000000000000e+01 0.000000000000000000e+00 0.000000000000000000e+00 0.000000000000000000e+00 0.000000000000000000e+00 0.000000000000000000e+00 0.000000000000000000e+00 0.000000000000000000e+00 0.000000000000000000e+00 1.000000000000000000e+00 1.000000000000000000e+00 5.000000000000000000e+00 1.000000000000000000e+00 7.000000000000000000e+00 5.000000000000000000e+00 0.000000000000000000e+00 0.000000000000000000e+00 0.000000000000000000e+00 0.000000000000000000e+00 1.700000000000000000e+01 2.300000000000000000e+01 4.000000000000000000e+00 0.000000000000000000e+00 1.000000000000000000e+00 0.000000000000000000e+00 0.000000000000000000e+00 9.000000000000000000e+00 3.000000000000000000e+00
0.000000000000000000e+00 0.000000000000000000e+00 0.000000000000000000e+00 2.000000000000000000e+00 7.600000000000000000e+01 5.400000000000000000e+01 2.000000000000000000e+00 6.900000000000000000e+01 2.250000000000000000e+02 1.088000000000000000e+03 6.930000000000000000e+02 2.985000000000000000e+03 7.600000000000000000e+01 3.200000000000000000e+01 2.040000000000000000e+02 2.501000000000000000e+03 2.343000000000000000e+03 1.336000000000000000e+03 1.980000000000000000e+02 0.000000000000000000e+00 1.000000000000000000e+00 0.000000000000000000e+00 0.000000000000000000e+00 0.000000000000000000e+00 1.000000000000000000e+00 0.000000000000000000e+00 0.000000000000000000e+00 1.000000000000000000e+00 5.000000000000000000e+01 3.500000000000000000e+01 1.100000000000000000e+01 1.390000000000000000e+02 2.170000000000000000e+02 5.000000000000000000e+00 2.500000000000000000e+01 8.000000000000000000e+00 5.000000000000000000e+00 2.650000000000000000e+02 6.850000000000000000e+02 5.200000000000000000e+01 0.000000000000000000e+00 1.100000000000000000e+01 0.000000000000000000e+00 1.100000000000000000e+01 1.800000000000000000e+01 4.400000000000000000e+01 1.000000000000000000e+00 2.000000000000000000e+00 8.000000000000000000e+00 1.000000000000000000e+00 2.000000000000000000e+00 3.000000000000000000e+00 7.100000000000000000e+01 2.100000000000000000e+01 1.070000000000000000e+02 7.000000000000000000e+00 0.000000000000000000e+00 0.000000000000000000e+00 6.600000000000000000e+01 1.360000000000000000e+02 7.500000000000000000e+01 1.900000000000000000e+01 0.000000000000000000e+00 0.000000000000000000e+00 0.000000000000000000e+00 0.000000000000000000e+00 0.000000000000000000e+00 0.000000000000000000e+00 1.000000000000000000e+00 0.000000000000000000e+00 0.000000000000000000e+00 2.000000000000000000e+00 3.000000000000000000e+00 0.000000000000000000e+00 1.200000000000000000e+01 9.000000000000000000e+00 0.000000000000000000e+00 0.000000000000000000e+00 0.000000000000000000e+00 0.000000000000000000e+00 1.400000000000000000e+01 2.500000000000000000e+01 2.000000000000000000e+00 0.000000000000000000e+00 1.000000000000000000e+00 0.000000000000000000e+00 1.000000000000000000e+00 4.000000000000000000e+00 1.000000000000000000e+00
