0.000000000000000000e+00 0.000000000000000000e+00 0.000000000000000000e+00 0.000000000000000000e+00 0.000000000000000000e+00 0.000000000000000000e+00 0.000000000000000000e+00 0.000000000000000000e+00 0.000000000000000000e+00 0.000000000000000000e+00 0.000000000000000000e+00 0.000000000000000000e+00 0.000000000000000000e+00 0.000000000000000000e+00 0.000000000000000000e+00 0.000000000000000000e+00 0.000000000000000000e+00 0.000000000000000000e+00 0.000000000000000000e+00 0.000000000000000000e+00 0.000000000000000000e+00 0.000000000000000000e+00 0.000000000000000000e+00 0.000000000000000000e+00 0.000000000000000000e+00 0.000000000000000000e+00 0.000000000000000000e+00 0.000000000000000000e+00 0.000000000000000000e+00 0.000000000000000000e+00 0.000000000000000000e+00 0.000000000000000000e+00 0.000000000000000000e+00 0.000000000000000000e+00 0.000000000000000000e+00 0.000000000000000000e+00 0.000000000000000000e+00 0.000000000000000000e+00 0.000000000000000000e+00 0.000000000000000000e+00 0.000000000000000000e+00 0.000000000000000000e+00 0.000000000000000000e+00 0.000000000000000000e+00 0.000000000000000000e+00 0.000000000000000000e+00 0.000000000000000000e+00 0.000000000000000000e+00 0.000000000000000000e+00 0.000000000000000000e+00 0.000000000000000000e+00 0.000000000000000000e+00 0.000000000000000000e+00 0.000000000000000000e+00 0.000000000000000000e+00 0.000000000000000000e+00 0.000000000000000000e+00 0.000000000000000000e+00 0.000000000000000000e+00 0.000000000000000000e+00 0.000000000000000000e+00 0.000000000000000000e+00 0.000000000000000000e+00 0.000000000000000000e+00 0.000000000000000000e+00 0.000000000000000000e+00 0.000000000000000000e+00 0.000000000000000000e+00 0.000000000000000000e+00 0.000000000000000000e+00 0.000000000000000000e+00 0.000000000000000000e+00 0.000000000000000000e+00 0.000000000000000000e+00 0.000000000000000000e+00 0.000000000000000000e+00 0.000000000000000000e+00 0.000000000000000000e+00 0.000000000000000000e+00 0.000000000000000000e+00 0.000000000000000000e+00 0.000000000000000000e+00 0.000000000000000000e+00 0.000000000000000000e+00 0.000000000000000000e+00 0.000000000000000000e+00 0.000000000000000000e+00 0.000000000000000000e+00 0.000000000000000000e+00
0.000000000000000000e+00 0.000000000000000000e+00 0.000000000000000000e+00 0.000000000000000000e+00 0.000000000000000000e+00 0.000000000000000000e+00 0.000000000000000000e+00 0.000000000000000000e+00 0.000000000000000000e+00 0.000000000000000000e+00 0.000000000000000000e+00 0.000000000000000000e+00 0.000000000000000000e+00 0.000000000000000000e+00 0.000000000000000000e+00 0.000000000000000000e+00 0.000000000000000000e+00 0.000000000000000000e+00 0.000000000000000000e+00 0.000000000000000000e+00 0.000000000000000000e+00 0.000000000000000000e+00 0.000000000000000000e+00 0.000000000000000000e+00 0.000000000000000000e+00 0.000000000000000000e+00 0.000000000000000000e+00 0.000000000000000000e+00 0.000000000000000000e+00 0.000000000000000000e+00 0.000000000000000000e+00 0.000000000000000000e+00 0.000000000000000000e+00 0.000000000000000000e+00 0.000000000000000000e+00 0.000000000000000000e+00 0.000000000000000000e+00 0.000000000000000000e+00 0.000000000000000000e+00 0.000000000000000000e+00 0.000000000000000000e+00 0.000000000000000000e+00 0.000000000000000000e+00 0.000000000000000000e+00 0.000000000000000000e+00 0.000000000000000000e+00 0.000000000000000000e+00 0.000000000000000000e+00 0.000000000000000000e+00 0.000000000000000000e+00 0.000000000000000000e+00 0.000000000000000000e+00 0.000000000000000000e+00 0.000000000000000000e+00 0.000000000000000000e+00 0.000000000000000000e+00 0.000000000000000000e+00 0.000000000000000000e+00 0.000000000000000000e+00 0.000000000000000000e+00 0.000000000000000000e+00 0.000000000000000000e+00 0.000000000000000000e+00 0.000000000000000000e+00 0.000000000000000000e+00 0.000000000000000000e+00 0.000000000000000000e+00 0.000000000000000000e+00 0.000000000000000000e+00 0.000000000000000000e+00 0.000000000000000000e+00 0.000000000000000000e+00 0.000000000000000000e+00 0.000000000000000000e+00 0.000000000000000000e+00 0.000000000000000000e+00 0.000000000000000000e+00 0.000000000000000000e+00 0.000000000000000000e+00 0.000000000000000000e+00 0.000000000000000000e+00 0.000000000000000000e+00 0.000000000000000000e+00 0.000000000000000000e+00 0.000000000000000000e+00 0.000000000000000000e+00 0.000000000000000000e+00 0.000000000000000000e+00 0.000000000000000000e+00
0.000000000000000000e+00 0.000000000000000000e+00 0.000000000000000000e+00 0.000000000000000000e+00 0.000000000000000000e+00 0.000000000000000000e+00 0.000000000000000000e+00 0.000000000000000000e+00 0.000000000000000000e+00 0.000000000000000000e+00 0.000000000000000000e+00 0.000000000000000000e+00 0.000000000000000000e+00 0.000000000000000000e+00 0.000000000000000000e+00 0.000000000000000000e+00 0.000000000000000000e+00 0.000000000000000000e+00 0.000000000000000000e+00 0.000000000000000000e+00 0.000000000000000000e+00 0.000000000000000000e+00 0.000000000000000000e+00 0.000000000000000000e+00 0.000000000000000000e+00 0.000000000000000000e+00 0.000000000000000000e+00 0.000000000000000000e+00 0.000000000000000000e+00 0.000000000000000000e+00 0.000000000000000000e+00 0.000000000000000000e+00 0.000000000000000000e+00 0.000000000000000000e+00 0.000000000000000000e+00 0.000000000000000000e+00 0.000000000000000000e+00 0.000000000000000000e+00 0.000000000000000000e+00 0.000000000000000000e+00 0.000000000000000000e+00 0.000000000000000000e+00 0.000000000000000000e+00 0.000000000000000000e+00 0.000000000000000000e+00 0.000000000000000000e+00 0.000000000000000000e+00 0.000000000000000000e+00 0.000000000000000000e+00 0.000000000000000000e+00 0.000000000000000000e+00 0.000000000000000000e+00 0.000000000000000000e+00 0.000000000000000000e+00 0.000000000000000000e+00 0.000000000000000000e+00 0.000000000000000000e+00 0.000000000000000000e+00 0.000000000000000000e+00 0.000000000000000000e+00 0.000000000000000000e+00 0.000000000000000000e+00 0.000000000000000000e+00 0.000000000000000000e+00 0.000000000000000000e+00 0.000000000000000000e+00 0.000000000000000000e+00 0.000000000000000000e+00 0.000000000000000000e+00 0.000000000000000000e+00 0.000000000000000000e+00 0.000000000000000000e+00 0.000000000000000000e+00 0.000000000000000000e+00 0.000000000000000000e+00 0.000000000000000000e+00 0.000000000000000000e+00 0.000000000000000000e+00 0.000000000000000000e+00 0.000000000000000000e+00 0.000000000000000000e+00 0.000000000000000000e+00 0.000000000000000000e+00 0.000000000000000000e+00 0.000000000000000000e+00 0.000000000000000000e+00 0.000000000000000000e+00 0.000000000000000000e+00 0.000000000000000000e+00
0.000000000000000000e+00 0.000000000000000000e+00 0.000000000000000000e+00 5.285151116951375627e+00 7.489259259259256396e+00 1.192040358744394091e+01 0.000000000000000000e+00 3.790909090909089230e+01 0.000000000000000000e+00 9.527054108216427508e+00 0.000000000000000000e+00 6.311015118790495038e+00 0.000000000000000000e+00 0.000000000000000000e+00 3.957142857142854808e+01 3.768749999999997158e+01 1.135000000000000000e+02 0.000000000000000000e+00 7.349999999999992895e+01 0.000000000000000000e+00 0.000000000000000000e+00 0.000000000000000000e+00 0.000000000000000000e+00 0.000000000000000000e+00 0.000000000000000000e+00 0.000000000000000000e+00 0.000000000000000000e+00 0.000000000000000000e+00 0.000000000000000000e+00 0.000000000000000000e+00 0.000000000000000000e+00 0.000000000000000000e+00 0.000000000000000000e+00 0.000000000000000000e+00 0.000000000000000000e+00 0.000000000000000000e+00 0.000000000000000000e+00 2.909782608695649841e+01 3.452999999999997982e+01 4.699999999999995737e+01 0.000000000000000000e+00 0.000000000000000000e+00 0.000000000000000000e+00 0.000000000000000000e+00 3.199999999999997158e+01 0.000000000000000000e+00 0.000000000000000000e+00 0.000000000000000000e+00 0.000000000000000000e+00 0.000000000000000000e+00 0.000000000000000000e+00 0.000000000000000000e+00 6.549999999999991473e+01 0.000000000000000000e+00 0.000000000000000000e+00 0.000000000000000000e+00 0.000000000000000000e+00 0.000000000000000000e+00 4.299999999999998579e+01 4.949999999999997868e+01 0.000000000000000000e+00 0.000000000000000000e+00 0.000000000000000000e+00 0.000000000000000000e+00 0.000000000000000000e+00 0.000000000000000000e+00 0.000000000000000000e+00 0.000000000000000000e+00 0.000000000000000000e+00 0.000000000000000000e+00 0.000000000000000000e+00 0.000000000000000000e+00 0.000000000000000000e+00 0.000000000000000000e+00 0.000000000000000000e+00 0.000000000000000000e+00 0.000000000000000000e+00 0.000000000000000000e+00 0.000000000000000000e+00 0.000000000000000000e+00 5.299999999999996447e+01 0.000000000000000000e+00 0.000000000000000000e+00 0.000000000000000000e+00 0.000000000000000000e+00 0.000000000000000000e+00 0.000000000000000000e+00 0.000000000000000000e+00 0.000000000000000000e+00
0.000000000000000000e+00 0.000000000000000000e+00 0.000000000000000000e+00 7.489259259259256396e+00 1.118510818510818083e+01 9.115894676148371900e+00 2.481578947368419819e+01 2.436392405063290667e+01 3.753205128205128460e+01 1.584422110552763385e+01 4.523749999999999005e+01 1.807469586374695680e+01 6.214583333333331439e+01 6.124999999999997868e+01 3.123655913978492649e+01 1.347929292929292266e+01 3.179787234042551347e+01 5.323999999999998067e+01 6.208823529411760944e+01 0.000000000000000000e+00 0.000000000000000000e+00 0.000000000000000000e+00 0.000000000000000000e+00 0.000000000000000000e+00 0.000000000000000000e+00 0.000000000000000000e+00 0.000000000000000000e+00 0.000000000000000000e+00 7.433333333333331439e+01 7.057142857142854098e+01 8.999999999999998579e+01 8.195270270270268043e+01 8.045454545454542483e+01 8.800000000000004263e+01 0.000000000000000000e+00 0.000000000000000000e+00 0.000000000000000000e+00 1.386965317919074359e+01 1.944959473150960960e+01 3.199999999999998934e+01 0.000000000000000000e+00 4.475000000000001421e+01 0.000000000000000000e+00 4.250000000000000000e+01 5.394843568945536738e+00 2.578124999999999289e+01 0.000000000000000000e+00 5.700000000000002132e+01 4.924999999999994316e+01 0.000000000000000000e+00 4.899999999999990763e+01 0.000000000000000000e+00 4.812499999999995737e+01 0.000000000000000000e+00 5.743749999999997158e+01 0.000000000000000000e+00 0.000000000000000000e+00 0.000000000000000000e+00 3.108333333333332504e+01 2.949999999999998579e+01 0.000000000000000000e+00 0.000000000000000000e+00 0.000000000000000000e+00 0.000000000000000000e+00 0.000000000000000000e+00 0.000000000000000000e+00 0.000000000000000000e+00 0.000000000000000000e+00 0.000000000000000000e+00 0.000000000000000000e+00 0.000000000000000000e+00 0.000000000000000000e+00 0.000000000000000000e+00 0.000000000000000000e+00 0.000000000000000000e+00 0.000000000000000000e+00 0.000000000000000000e+00 0.000000000000000000e+00 0.000000000000000000e+00 0.000000000000000000e+00 2.445833333333332504e+01 3.641666666666663588e+01 1.599999999999998757e+01 0.000000000000000000e+00 0.000000000000000000e+00 0.000000000000000000e+00 0.000000000000000000e+00 1.189999999999998082e+01 1.037499999999999112e+01
0.000000000000000000e+00 0.000000000000000000e+00 0.000000000000000000e+00 1.192040358744394091e+01 9.115894676148371900e+00 1.584023921401109725e+01 1.179364721784185299e+01 1.440993477170095005e+01 2.711887254901959921e+01 1.635596459464895958e+01 4.161046511627905176e+01 2.377170062001770745e+01 5.182407407407405486e+01 6.121428571428567977e+01 2.529480737018424108e+01 2.395025295109610752e+01 3.429104477611939217e+01 5.674999999999997868e+01 7.241071428571426338e+01 0.000000000000000000e+00 8.274999999999998579e+01 0.000000000000000000e+00 3.674999999999998579e+01 3.074999999999996803e+01 0.000000000000000000e+00 5.715384615384612488e+01 0.000000000000000000e+00 0.000000000000000000e+00 6.849999999999998579e+01 6.646666666666665435e+01 7.706249999999998579e+01 7.945679012345675574e+01 7.988135593220336261e+01 8.516666666666660035e+01 9.307692307692303757e+01 0.000000000000000000e+00 8.766666666666664298e+01 1.961923963133639859e+01 2.027290524667187199e+01 2.324230769230767990e+01 0.000000000000000000e+00 3.737499999999999289e+01 3.224999999999997868e+01 2.368749999999998934e+01 1.856888888888887834e+01 3.420588235294115975e+01 0.000000000000000000e+00 0.000000000000000000e+00 4.949999999999992895e+01 0.000000000000000000e+00 5.224999999999994316e+01 0.000000000000000000e+00 4.883333333333329307e+01 6.150000000000001421e+01 5.109090909090905797e+01 8.499999999999994316e+01 0.000000000000000000e+00 7.149999999999992895e+01 3.067391304347824033e+01 4.449999999999996447e+01 5.199999999999996447e+01 7.449999999999997158e+01 0.000000000000000000e+00 0.000000000000000000e+00 0.000000000000000000e+00 0.000000000000000000e+00 0.000000000000000000e+00 0.000000000000000000e+00 0.000000000000000000e+00 0.000000000000000000e+00 0.000000000000000000e+00 0.000000000000000000e+00 0.000000000000000000e+00 0.000000000000000000e+00 0.000000000000000000e+00 0.000000000000000000e+00 0.000000000000000000e+00 0.000000000000000000e+00 0.000000000000000000e+00 0.000000000000000000e+00 4.103333333333330302e+01 5.233333333333330728e+01 0.000000000000000000e+00 0.000000000000000000e+00 7.199999999999988631e+01 0.000000000000000000e+00 0.000000000000000000e+00 4.149999999999995026e+01 0.000000000000000000e+00
0.000000000000000000e+00 0.000000000000000000e+00 0.000000000000000000e+00 0.000000000000000000e+00 2.481578947368419819e+01 1.179364721784185299e+01 8.685778951339115039e+00 7.404823428079239100e+00 2.197058823529411242e+01 1.445485282418456130e+01 4.113636363636361892e+01 3.461194029850746290e+01 4.909999999999998721e+01 0.000000000000000000e+00 4.428417266187047829e+01 2.608571428571427830e+01 7.150000000000001421e+01 0.000000000000000000e+00 6.733333333333330017e+01 0.000000000000000000e+00 8.400000000000001421e+01 0.000000000000000000e+00 0.000000000000000000e+00 0.000000000000000000e+00 0.000000000000000000e+00 7.499999999999998579e+01 0.000000000000000000e+00 0.000000000000000000e+00 6.318749999999997158e+01 5.453999999999997073e+01 7.700000000000000000e+01 7.322580645161288260e+01 7.825000000000000000e+01 0.000000000000000000e+00 8.166666666666662877e+01 0.000000000000000000e+00 7.669999999999997442e+01 3.221428571428570109e+01 3.073737373737372280e+01 3.850000000000000000e+01 0.000000000000000000e+00 0.000000000000000000e+00 0.000000000000000000e+00 0.000000000000000000e+00 0.000000000000000000e+00 0.000000000000000000e+00 0.000000000000000000e+00 0.000000000000000000e+00 0.000000000000000000e+00 0.000000000000000000e+00 5.149999999999995737e+01 0.000000000000000000e+00 0.000000000000000000e+00 0.000000000000000000e+00 5.399999999999992895e+01 0.000000000000000000e+00 0.000000000000000000e+00 0.000000000000000000e+00 3.549999999999995026e+01 0.000000000000000000e+00 0.000000000000000000e+00 0.000000000000000000e+00 0.000000000000000000e+00 0.000000000000000000e+00 0.000000000000000000e+00 0.000000000000000000e+00 0.000000000000000000e+00 0.000000000000000000e+00 0.000000000000000000e+00 0.000000000000000000e+00 0.000000000000000000e+00 0.000000000000000000e+00 0.000000000000000000e+00 0.000000000000000000e+00 0.000000000000000000e+00 0.000000000000000000e+00 0.000000000000000000e+00 0.000000000000000000e+00 0.000000000000000000e+00 0.000000000000000000e+00 4.149999999999997158e+01 0.000000000000000000e+00 0.000000000000000000e+00 0.000000000000000000e+00 0.000000000000000000e+00 0.000000000000000000e+00 0.000000000000000000e+00 0.000000000000000000e+00 0.000000000000000000e+00
0.000000000000000000e+00 0.000000000000000000e+00 0.000000000000000000e+00 3.790909090909089230e+01 2.436392405063290667e+01 1.440993477170095005e+01 7.404823428079239100e+00 8.837776773610483971e+00 8.833934426229506087e+00 1.705219329110953908e+01 3.004545454545454675e+01 2.631364678899081611e+01 3.859701492537313072e+01 6.299999999999997868e+01 3.704039497307000772e+01 1.927259475218658480e+01 2.261818181818181017e+01 5.642857142857140929e+01 6.041666666666665719e+01 0.000000000000000000e+00 7.987499999999998579e+01 9.350000000000000000e+01 0.000000000000000000e+00 0.000000000000000000e+00 0.000000000000000000e+00 8.016666666666665719e+01 0.000000000000000000e+00 5.939999999999996305e+01 5.383823529411763076e+01 4.400806451612901782e+01 6.437500000000000000e+01 6.644852941176468164e+01 6.885294117647057988e+01 7.349999999999997158e+01 7.676612903225806406e+01 0.000000000000000000e+00 7.091935483870965129e+01 1.975675675675675791e+01 2.466329479768785049e+01 3.288461538461536549e+01 0.000000000000000000e+00 0.000000000000000000e+00 7.599999999999995737e+01 4.700000000000002842e+01 2.587500000000000000e+01 3.699999999999998579e+01 0.000000000000000000e+00 5.224999999999997158e+01 4.469999999999997442e+01 4.449999999999997868e+01 4.109999999999993037e+01 5.124999999999994316e+01 4.051315789473680695e+01 5.633333333333329307e+01 4.026562499999996447e+01 0.000000000000000000e+00 5.900000000000002132e+01 6.049999999999992184e+01 2.475961538461538325e+01 3.418749999999998579e+01 3.299999999999995026e+01 0.000000000000000000e+00 0.000000000000000000e+00 0.000000000000000000e+00 0.000000000000000000e+00 0.000000000000000000e+00 0.000000000000000000e+00 0.000000000000000000e+00 0.000000000000000000e+00 0.000000000000000000e+00 0.000000000000000000e+00 0.000000000000000000e+00 0.000000000000000000e+00 0.000000000000000000e+00 7.649999999999994316e+01 0.000000000000000000e+00 0.000000000000000000e+00 0.000000000000000000e+00 0.000000000000000000e+00 0.000000000000000000e+00 3.470588235294115265e+01 4.472916666666663588e+01 6.699999999999997158e+01 0.000000000000000000e+00 4.699999999999996447e+01 0.000000000000000000e+00 0.000000000000000000e+00 4.174999999999995737e+01 5.149999999999999289e+01
0.000000000000000000e+00 0.000000000000000000e+00 0.000000000000000000e+00 0.000000000000000000e+00 3.753205128205128460e+01 2.711887254901959921e+01 2.197058823529411242e+01 8.833934426229506087e+00 1.167218153282762039e+01 2.127293404094010043e+01 2.271914893617021391e+01 3.017372078332279628e+01 9.506452955870106081e+00 4.871428571428570820e+01 2.320149667405764049e+01 3.056493506493506374e+01 2.900785340314135041e+01 4.980487804878047342e+01 5.697826086956520442e+01 0.000000000000000000e+00 6.484615384615383959e+01 6.900000000000000000e+01 6.399999999999997868e+01 0.000000000000000000e+00 6.062499999999999289e+01 4.868333333333332291e+01 4.049999999999998579e+01 4.802083333333332149e+01 2.697538860103626845e+01 2.918466790813158696e+01 5.031578947368421240e+01 5.758988764044944020e+01 5.835156249999999289e+01 6.027272727272725916e+01 6.021264367816092289e+01 0.000000000000000000e+00 5.804081632653061007e+01 2.288508557457212333e+01 1.690214669051878360e+01 2.379906542056074770e+01 0.000000000000000000e+00 4.400000000000000000e+01 6.800000000000001421e+01 3.042857142857141994e+01 3.144999999999998863e+01 3.148275862068965480e+01 0.000000000000000000e+00 4.800000000000000000e+01 5.366666666666666430e+01 0.000000000000000000e+00 4.349999999999997158e+01 5.366666666666662877e+01 5.346249999999995595e+01 5.999999999999999289e+01 4.828124999999994316e+01 8.399999999999995737e+01 0.000000000000000000e+00 0.000000000000000000e+00 3.676666666666665151e+01 3.786956521739129045e+01 5.249999999999995026e+01 0.000000000000000000e+00 0.000000000000000000e+00 0.000000000000000000e+00 0.000000000000000000e+00 0.000000000000000000e+00 0.000000000000000000e+00 0.000000000000000000e+00 0.000000000000000000e+00 0.000000000000000000e+00 0.000000000000000000e+00 0.000000000000000000e+00 0.000000000000000000e+00 0.000000000000000000e+00 9.549999999999998579e+01 7.500000000000001421e+01 0.000000000000000000e+00 0.000000000000000000e+00 0.000000000000000000e+00 0.000000000000000000e+00 4.489473684210521753e+01 5.524999999999998579e+01 0.000000000000000000e+00 0.000000000000000000e+00 0.000000000000000000e+00 0.000000000000000000e+00 0.000000000000000000e+00 5.349999999999997158e+01 0.000000000000000000e+00
0.000000000000000000e+00 0.000000000000000000e+00 0.000000000000000000e+00 9.527054108216427508e+00 1.584422110552763385e+01 1.635596459464895958e+01 1.445485282418456130e+01 1.705219329110953908e+01 2.127293404094010043e+01 1.195736699129599145e+01 1.270429782082324088e+01 1.564856415848781879e+01 4.037211538461536975e+01 5.474999999999999289e+01 3.370722433460075251e+01 2.189556724267466947e+01 2.299999999999998934e+01 4.644516129032255947e+01 6.135897435897435059e+01 0.000000000000000000e+00 8.004545454545454675e+01 0.000000000000000000e+00 0.000000000000000000e+00 7.049999999999998579e+01 6.874999999999997158e+01 8.040624999999997158e+01 7.850000000000001421e+01 6.821428571428570820e+01 5.539583333333330728e+01 4.927058823529410603e+01 5.921499999999998209e+01 6.460750075918613788e+01 6.561449016100176834e+01 6.986538461538459899e+01 7.251706484641638895e+01 6.908333333333331439e+01 7.188333333333329733e+01 2.405632411067192322e+01 2.666427737071252224e+01 3.757181571815716126e+01 0.000000000000000000e+00 4.293243243243242802e+01 6.758333333333331439e+01 4.984210526315786893e+01 3.012162162162159618e+01 4.184765624999998579e+01 0.000000000000000000e+00 6.099999999999995737e+01 5.678571428571423496e+01 0.000000000000000000e+00 5.064285714285708906e+01 4.749999999999996447e+01 5.134920634920629823e+01 6.009999999999998721e+01 4.692537313432832491e+01 7.149999999999998579e+01 5.925000000000000000e+01 0.000000000000000000e+00 3.315384615384613198e+01 3.420338983050844917e+01 5.049999999999992895e+01 0.000000000000000000e+00 0.000000000000000000e+00 0.000000000000000000e+00 0.000000000000000000e+00 0.000000000000000000e+00 0.000000000000000000e+00 0.000000000000000000e+00 0.000000000000000000e+00 0.000000000000000000e+00 0.000000000000000000e+00 0.000000000000000000e+00 9.999999999999987210e+01 8.799999999999994316e+01 8.949999999999994316e+01 6.150000000000007105e+01 0.000000000000000000e+00 0.000000000000000000e+00 0.000000000000000000e+00 0.000000000000000000e+00 4.506521739130430859e+01 5.329166666666662877e+01 7.049999999999992895e+01 0.000000000000000000e+00 0.000000000000000000e+00 0.000000000000000000e+00 0.000000000000000000e+00 5.416666666666662877e+01 0.000000000000000000e+00
0.000000000000000000e+00 0.000000000000000000e+00 0.000000000000000000e+00 0.000000000000000000e+00 4.523749999999999005e+01 4.161046511627905176e+01 4.113636363636361892e+01 3.004545454545454675e+01 2.271914893617021391e+01 1.270429782082324088e+01 1.319794457376257135e+01 2.264878440827807538e+01 1.591850874298911300e+01 3.321538461538462172e+01 2.643649373881931908e+01 3.798299319727890122e+01 2.667422096317279312e+01 2.712264150943395791e+01 5.222352941176470864e+01 9.749999999999997158e+01 6.176818181818181586e+01 7.574999999999998579e+01 7.908333333333330017e+01 9.169999999999997442e+01 7.132142857142856940e+01 5.419791666666666430e+01 6.849999999999998579e+01 4.314999999999999858e+01 3.244874999999999687e+01 3.475787019043917780e+01 4.557004830917874472e+01 4.579822530864197461e+01 4.777022058823529704e+01 5.448907103825136744e+01 5.470914721295854832e+01 5.903225806451612812e+01 5.243483412322274972e+01 2.407209737827714591e+01 2.408880866425992906e+01 3.106969696969697026e+01 0.000000000000000000e+00 3.215909090909090651e+01 6.439130434782607892e+01 3.820833333333332149e+01 3.249999999999997868e+01 3.504395604395603669e+01 0.000000000000000000e+00 5.699999999999996447e+01 7.124999999999994316e+01 0.000000000000000000e+00 0.000000000000000000e+00 0.000000000000000000e+00 5.937499999999997158e+01 0.000000000000000000e+00 5.549999999999996447e+01 0.000000000000000000e+00 0.000000000000000000e+00 0.000000000000000000e+00 0.000000000000000000e+00 3.749999999999997868e+01 2.400000000000000355e+01 0.000000000000000000e+00 0.000000000000000000e+00 0.000000000000000000e+00 0.000000000000000000e+00 0.000000000000000000e+00 0.000000000000000000e+00 0.000000000000000000e+00 0.000000000000000000e+00 0.000000000000000000e+00 0.000000000000000000e+00 0.000000000000000000e+00 0.000000000000000000e+00 0.000000000000000000e+00 0.000000000000000000e+00 0.000000000000000000e+00 0.000000000000000000e+00 0.000000000000000000e+00 0.000000000000000000e+00 0.000000000000000000e+00 4.139999999999995595e+01 5.694444444444442155e+01 6.275000000000000000e+01 0.000000000000000000e+00 0.000000000000000000e+00 6.049999999999997868e+01 0.000000000000000000e+00 0.000000000000000000e+00 0.000000000000000000e+00
0.000000000000000000e+00 0.000000000000000000e+00 0.000000000000000000e+00 6.311015118790495038e+00 1.807469586374695680e+01 2.377170062001770745e+01 3.461194029850746290e+01 2.631364678899081611e+01 3.017372078332279628e+01 1.564856415848781879e+01 2.264878440827807538e+01 1.525023453813640373e+01 2.497955691642651388e+01 2.026372702823845273e+01 3.495712694877504845e+01 2.021727633318641537e+01 1.802495412844035627e+01 2.850785427807485561e+01 4.745913043478258686e+01 0.000000000000000000e+00 7.749999999999998579e+01 1.070000000000000142e+02 9.099999999999998579e+01 9.799999999999994316e+01 5.399999999999996447e+01 6.635294117647057988e+01 7.999999999999997158e+01 5.409999999999998010e+01 3.839594699922056975e+01 4.455637707948243076e+01 5.680913978494621830e+01 5.605045871559631365e+01 5.405101302460202817e+01 6.583333333333332860e+01 6.969883040935673080e+01 6.718750000000000000e+01 8.221875000000000000e+01 2.573033282904688690e+01 3.004935798664611113e+01 3.751284584980236048e+01 0.000000000000000000e+00 3.631325301204818601e+01 7.650000000000000000e+01 4.502459016393441260e+01 3.360389610389608350e+01 4.345940959409593773e+01 0.000000000000000000e+00 6.374999999999994316e+01 5.743749999999994316e+01 6.733333333333330017e+01 6.999999999999991473e+01 0.000000000000000000e+00 5.493103448275857659e+01 5.729999999999997584e+01 1.310434782608694704e+01 5.029999999999999716e+01 1.800000000000000711e+01 0.000000000000000000e+00 3.519047619047616138e+01 3.111111111111109295e+01 3.517499999999999716e+01 3.649999999999996447e+01 0.000000000000000000e+00 0.000000000000000000e+00 0.000000000000000000e+00 0.000000000000000000e+00 0.000000000000000000e+00 0.000000000000000000e+00 0.000000000000000000e+00 0.000000000000000000e+00 0.000000000000000000e+00 1.025000000000000284e+02 0.000000000000000000e+00 0.000000000000000000e+00 1.105000000000000000e+02 5.162499999999998579e+01 0.000000000000000000e+00 0.000000000000000000e+00 0.000000000000000000e+00 0.000000000000000000e+00 4.731481481481478113e+01 5.576666666666663730e+01 6.449999999999998579e+01 0.000000000000000000e+00 8.600000000000009948e+01 0.000000000000000000e+00 0.000000000000000000e+00 4.849999999999997158e+01 6.350000000000000000e+01
0.000000000000000000e+00 0.000000000000000000e+00 0.000000000000000000e+00 0.000000000000000000e+00 6.214583333333331439e+01 5.182407407407405486e+01 4.909999999999998721e+01 3.859701492537313072e+01 9.506452955870106081e+00 4.037211538461536975e+01 1.591850874298911300e+01 2.497955691642651388e+01 1.370053241754442652e+01 8.553915954541450262e+00 2.381476224272533671e+01 5.446969696969694752e+01 3.917175572519082749e+01 2.307011686143572504e+01 4.082352941176470296e+01 0.000000000000000000e+00 5.758854166666666430e+01 5.350000000000000000e+01 6.581249999999998579e+01 6.391666666666665009e+01 5.163333333333333286e+01 2.423710073710073587e+01 3.260526315789473983e+01 3.877952755905511850e+01 1.793536298094082682e+01 2.810161673364998336e+01 4.108001561280249803e+01 3.578194404384193916e+01 3.766850828729281631e+01 4.834745762711865069e+01 5.239784946236559904e+01 5.637500000000000000e+01 5.003196347031963143e+01 2.411317254174397462e+01 2.370518981259010971e+01 2.803409726103969390e+01 0.000000000000000000e+00 2.767492260061919396e+01 5.578571428571428470e+01 3.607270029673590273e+01 0.000000000000000000e+00 3.486469072164948102e+01 0.000000000000000000e+00 0.000000000000000000e+00 8.699999999999994316e+01 0.000000000000000000e+00 1.144999999999998863e+02 0.000000000000000000e+00 7.749999999999995737e+01 0.000000000000000000e+00 7.249999999999995737e+01 0.000000000000000000e+00 0.000000000000000000e+00 0.000000000000000000e+00 0.000000000000000000e+00 0.000000000000000000e+00 3.550000000000002132e+01 4.549999999999997158e+01 0.000000000000000000e+00 0.000000000000000000e+00 0.000000000000000000e+00 0.000000000000000000e+00 0.000000000000000000e+00 0.000000000000000000e+00 0.000000000000000000e+00 0.000000000000000000e+00 0.000000000000000000e+00 0.000000000000000000e+00 0.000000000000000000e+00 0.000000000000000000e+00 0.000000000000000000e+00 6.174999999999997158e+01 0.000000000000000000e+00 0.000000000000000000e+00 0.000000000000000000e+00 0.000000000000000000e+00 4.850000000000001421e+01 8.300000000000000000e+01 0.000000000000000000e+00 0.000000000000000000e+00 0.000000000000000000e+00 0.000000000000000000e+00 0.000000000000000000e+00 0.000000000000000000e+00 0.000000000000000000e+00
0.000000000000000000e+00 0.000000000000000000e+00 0.000000000000000000e+00 0.000000000000000000e+00 6.124999999999997868e+01 6.121428571428567977e+01 0.000000000000000000e+00 6.299999999999997868e+01 4.871428571428570820e+01 5.474999999999999289e+01 3.321538461538462172e+01 2.026372702823845273e+01 8.553915954541450262e+00 1.013142668209621355e+01 3.785897435897435059e+01 5.018333333333330870e+01 3.471323529411762365e+01 1.054670329670329387e+01 1.872916666666666075e+01 0.000000000000000000e+00 7.300000000000001421e+01 0.000000000000000000e+00 4.400000000000001421e+01 0.000000000000000000e+00 0.000000000000000000e+00 0.000000000000000000e+00 4.449999999999997158e+01 0.000000000000000000e+00 1.091853512705530704e+01 3.603750000000000142e+01 4.933333333333331439e+01 1.608540925266903798e+01 1.374203821656050906e+01 1.050000000000000000e+02 6.550000000000001421e+01 0.000000000000000000e+00 8.299999999999998579e+01 3.695121951219510947e+01 3.879729729729729826e+01 3.597457627118644297e+01 0.000000000000000000e+00 3.460000000000000853e+01 4.149999999999996447e+01 4.906249999999998579e+01 6.199999999999999289e+01 4.583333333333332860e+01 0.000000000000000000e+00 0.000000000000000000e+00 0.000000000000000000e+00 0.000000000000000000e+00 0.000000000000000000e+00 0.000000000000000000e+00 9.249999999999995737e+01 0.000000000000000000e+00 2.149999999999999645e+01 0.000000000000000000e+00 0.000000000000000000e+00 0.000000000000000000e+00 0.000000000000000000e+00 0.000000000000000000e+00 0.000000000000000000e+00 0.000000000000000000e+00 0.000000000000000000e+00 0.000000000000000000e+00 0.000000000000000000e+00 0.000000000000000000e+00 0.000000000000000000e+00 0.000000000000000000e+00 0.000000000000000000e+00 0.000000000000000000e+00 0.000000000000000000e+00 0.000000000000000000e+00 0.000000000000000000e+00 0.000000000000000000e+00 0.000000000000000000e+00 0.000000000000000000e+00 0.000000000000000000e+00 0.000000000000000000e+00 0.000000000000000000e+00 0.000000000000000000e+00 0.000000000000000000e+00 8.750000000000000000e+01 0.000000000000000000e+00 0.000000000000000000e+00 0.000000000000000000e+00 0.000000000000000000e+00 0.000000000000000000e+00 0.000000000000000000e+00 0.000000000000000000e+00
0.000000000000000000e+00 0.000000000000000000e+00 0.000000000000000000e+00 3.957142857142854808e+01 3.123655913978492649e+01 2.529480737018424108e+01 4.428417266187047829e+01 3.704039497307000772e+01 2.320149667405764049e+01 3.370722433460075251e+01 2.643649373881931908e+01 3.495712694877504845e+01 2.381476224272533671e+01 3.785897435897435059e+01 1.229661874873455929e+01 4.444520547945204214e+01 3.102032520325202469e+01 2.383076923076922427e+01 2.336402877697840808e+01 1.444545454545454177e+01 3.047528517110265156e+01 3.299999999999998579e+01 2.388590604026845199e+01 1.768277945619334091e+01 2.170288753799391657e+01 2.386962365591396917e+01 2.250827653359298353e+01 3.273561151079135101e+01 2.260017371163867850e+01 2.637161084529504862e+01 4.277699018538711329e+01 3.272131410256410078e+01 3.401755852842808991e+01 4.891025641025640169e+01 5.018087855297157773e+01 5.675000000000000000e+01 3.223207547169810283e+01 1.846694214876032802e+01 8.585365853658533553e+00 1.817543859649122950e+01 0.000000000000000000e+00 2.081757359500445403e+01 1.390055555555555067e+01 1.205124223602484435e+01 1.838461538461537614e+01 2.051955307262569406e+01 0.000000000000000000e+00 0.000000000000000000e+00 7.459999999999995168e+01 0.000000000000000000e+00 7.199999999999991473e+01 0.000000000000000000e+00 5.568749999999994316e+01 0.000000000000000000e+00 5.303571428571425628e+01 5.399999999999997158e+01 0.000000000000000000e+00 0.000000000000000000e+00 5.181249999999997158e+01 4.759999999999998010e+01 4.412499999999997158e+01 3.244117647058821774e+01 0.000000000000000000e+00 7.050000000000000000e+01 0.000000000000000000e+00 0.000000000000000000e+00 0.000000000000000000e+00 0.000000000000000000e+00 0.000000000000000000e+00 0.000000000000000000e+00 0.000000000000000000e+00 3.899999999999997158e+01 4.999999999999997158e+01 0.000000000000000000e+00 4.619999999999996732e+01 3.699999999999997868e+01 0.000000000000000000e+00 0.000000000000000000e+00 0.000000000000000000e+00 0.000000000000000000e+00 4.019999999999996732e+01 5.424999999999996447e+01 0.000000000000000000e+00 0.000000000000000000e+00 0.000000000000000000e+00 4.933333333333333570e+01 5.500000000000002842e+01 0.000000000000000000e+00 0.000000000000000000e+00
0.000000000000000000e+00 0.000000000000000000e+00 0.000000000000000000e+00 3.768749999999997158e+01 1.347929292929292266e+01 2.395025295109610752e+01 2.608571428571427830e+01 1.927259475218658480e+01 3.056493506493506374e+01 2.189556724267466947e+01 3.798299319727890122e+01 2.021727633318641537e+01 5.446969696969694752e+01 5.018333333333330870e+01 4.444520547945204214e+01 6.564141800561078988e+00 1.139874301675977186e+01 3.939472237493124851e+01 4.970872641509430423e+01 1.360000000000000000e+02 9.375000000000000000e+01 0.000000000000000000e+00 0.000000000000000000e+00 0.000000000000000000e+00 0.000000000000000000e+00 7.288888888888885731e+01 6.625000000000000000e+01 0.000000000000000000e+00 6.249305555555552871e+01 6.454761904761900837e+01 7.549999999999998579e+01 6.821926910299001179e+01 5.493089430894305281e+01 7.724999999999997158e+01 8.717647058823528994e+01 0.000000000000000000e+00 8.271428571428567977e+01 1.242636986301368829e+01 2.322106031128403103e+01 3.883999999999997499e+01 0.000000000000000000e+00 4.879999999999997584e+01 7.199999999999998579e+01 3.949999999999997158e+01 9.412190082644620759e+00 4.502941176470585560e+01 0.000000000000000000e+00 3.150000000000000000e+01 4.787499999999997158e+01 6.224999999999992895e+01 4.099999999999997158e+01 4.174999999999995737e+01 3.628723404255315899e+01 5.900000000000000000e+01 3.631944444444442865e+01 5.574999999999997868e+01 5.399999999999993605e+01 0.000000000000000000e+00 1.757499999999999218e+01 2.032352941176469940e+01 3.839999999999996305e+01 3.750000000000000711e+01 0.000000000000000000e+00 9.750000000000000000e+01 0.000000000000000000e+00 0.000000000000000000e+00 0.000000000000000000e+00 0.000000000000000000e+00 0.000000000000000000e+00 0.000000000000000000e+00 0.000000000000000000e+00 0.000000000000000000e+00 0.000000000000000000e+00 0.000000000000000000e+00 7.200000000000001421e+01 4.699999999999997868e+01 0.000000000000000000e+00 0.000000000000000000e+00 0.000000000000000000e+00 0.000000000000000000e+00 2.769642857142855163e+01 3.784210526315786893e+01 4.900000000000000000e+01 0.000000000000000000e+00 8.099999999999990052e+01 0.000000000000000000e+00 0.000000000000000000e+00 2.587499999999997868e+01 0.000000000000000000e+00
0.000000000000000000e+00 0.000000000000000000e+00 0.000000000000000000e+00 1.135000000000000000e+02 3.179787234042551347e+01 3.429104477611939217e+01 7.150000000000001421e+01 2.261818181818181017e+01 2.900785340314135041e+01 2.299999999999998934e+01 2.667422096317279312e+01 1.802495412844035627e+01 3.917175572519082749e+01 3.471323529411762365e+01 3.102032520325202469e+01 1.139874301675977186e+01 7.426305970149249092e+00 2.315358244772025031e+01 3.605177304964537655e+01 0.000000000000000000e+00 8.999999999999994316e+01 0.000000000000000000e+00 0.000000000000000000e+00 1.094999999999999574e+02 9.249999999999998579e+01 7.399999999999995737e+01 5.174999999999995737e+01 0.000000000000000000e+00 4.813679245283017138e+01 5.484931506849313365e+01 6.441666666666664298e+01 5.534593023255811772e+01 4.021291208791206628e+01 6.616666666666665719e+01 8.016666666666667140e+01 0.000000000000000000e+00 7.866666666666665719e+01 1.853754266211603507e+01 2.491598119858988269e+01 3.275396825396823886e+01 0.000000000000000000e+00 3.022222222222222854e+01 0.000000000000000000e+00 4.441666666666666430e+01 3.575000000000000000e+01 3.960416666666665719e+01 0.000000000000000000e+00 3.066666666666663943e+01 4.093749999999999289e+01 0.000000000000000000e+00 2.550000000000001421e+01 2.983333333333333215e+01 3.382692307692304468e+01 4.157142857142854098e+01 2.939655172413791462e+01 4.849999999999999289e+01 4.016666666666662167e+01 0.000000000000000000e+00 2.321428571428570464e+01 1.243269230769230305e+01 1.794545454545453822e+01 3.206249999999999289e+01 0.000000000000000000e+00 0.000000000000000000e+00 0.000000000000000000e+00 0.000000000000000000e+00 0.000000000000000000e+00 0.000000000000000000e+00 0.000000000000000000e+00 7.649999999999998579e+01 0.000000000000000000e+00 0.000000000000000000e+00 0.000000000000000000e+00 0.000000000000000000e+00 7.600000000000000000e+01 3.199999999999997158e+01 0.000000000000000000e+00 0.000000000000000000e+00 0.000000000000000000e+00 0.000000000000000000e+00 2.029310344827583990e+01 3.410714285714283989e+01 4.374999999999997868e+01 0.000000000000000000e+00 5.499999999999997868e+01 0.000000000000000000e+00 7.549999999999991473e+01 3.400000000000000711e+01 4.600000000000000711e+01
