0.000000000000000000e+00 0.000000000000000000e+00 0.000000000000000000e+00 0.000000000000000000e+00 0.000000000000000000e+00 0.000000000000000000e+00 0.000000000000000000e+00 0.000000000000000000e+00 0.000000000000000000e+00 0.000000000000000000e+00 0.000000000000000000e+00 0.000000000000000000e+00 0.000000000000000000e+00 0.000000000000000000e+00 0.000000000000000000e+00 0.000000000000000000e+00 0.000000000000000000e+00 0.000000000000000000e+00 0.000000000000000000e+00 0.000000000000000000e+00 0.000000000000000000e+00 0.000000000000000000e+00 0.000000000000000000e+00 0.000000000000000000e+00 0.000000000000000000e+00 0.000000000000000000e+00 0.000000000000000000e+00 0.000000000000000000e+00 0.000000000000000000e+00 0.000000000000000000e+00 0.000000000000000000e+00 0.000000000000000000e+00 0.000000000000000000e+00 0.000000000000000000e+00 0.000000000000000000e+00 0.000000000000000000e+00 0.000000000000000000e+00 0.000000000000000000e+00 0.000000000000000000e+00 0.000000000000000000e+00 0.000000000000000000e+00 0.000000000000000000e+00 0.000000000000000000e+00 0.000000000000000000e+00 0.000000000000000000e+00 0.000000000000000000e+00 0.000000000000000000e+00 0.000000000000000000e+00 0.000000000000000000e+00 0.000000000000000000e+00 0.000000000000000000e+00 0.000000000000000000e+00 0.000000000000000000e+00 0.000000000000000000e+00 0.000000000000000000e+00 0.000000000000000000e+00 0.000000000000000000e+00 0.000000000000000000e+00 0.000000000000000000e+00 0.000000000000000000e+00 0.000000000000000000e+00 0.000000000000000000e+00 0.000000000000000000e+00 0.000000000000000000e+00 0.000000000000000000e+00 0.000000000000000000e+00 0.000000000000000000e+00 0.000000000000000000e+00 0.000000000000000000e+00 0.000000000000000000e+00 0.000000000000000000e+00 0.000000000000000000e+00 0.000000000000000000e+00 0.000000000000000000e+00 0.000000000000000000e+00 0.000000000000000000e+00 0.000000000000000000e+00 0.000000000000000000e+00 0.000000000000000000e+00 0.000000000000000000e+00 0.000000000000000000e+00 0.000000000000000000e+00 0.000000000000000000e+00 0.000000000000000000e+00 0.000000000000000000e+00 0.000000000000000000e+00 0.000000000000000000e+00 0.000000000000000000e+00 0.000000000000000000e+00
0.000000000000000000e+00 0.000000000000000000e+00 0.000000000000000000e+00 0.000000000000000000e+00 0.000000000000000000e+00 0.000000000000000000e+00 0.000000000000000000e+00 0.000000000000000000e+00 0.000000000000000000e+00 0.000000000000000000e+00 0.000000000000000000e+00 0.000000000000000000e+00 0.000000000000000000e+00 0.000000000000000000e+00 0.000000000000000000e+00 0.000000000000000000e+00 0.000000000000000000e+00 0.000000000000000000e+00 0.000000000000000000e+00 0.000000000000000000e+00 0.000000000000000000e+00 0.000000000000000000e+00 0.000000000000000000e+00 0.000000000000000000e+00 0.000000000000000000e+00 0.000000000000000000e+00 0.000000000000000000e+00 0.000000000000000000e+00 0.000000000000000000e+00 0.000000000000000000e+00 0.000000000000000000e+00 0.000000000000000000e+00 0.000000000000000000e+00 0.000000000000000000e+00 0.000000000000000000e+00 0.000000000000000000e+00 0.000000000000000000e+00 0.000000000000000000e+00 0.000000000000000000e+00 0.000000000000000000e+00 0.000000000000000000e+00 0.000000000000000000e+00 0.000000000000000000e+00 0.000000000000000000e+00 0.000000000000000000e+00 0.000000000000000000e+00 0.000000000000000000e+00 0.000000000000000000e+00 0.000000000000000000e+00 0.000000000000000000e+00 0.000000000000000000e+00 0.000000000000000000e+00 0.000000000000000000e+00 0.000000000000000000e+00 0.000000000000000000e+00 0.000000000000000000e+00 0.000000000000000000e+00 0.000000000000000000e+00 0.000000000000000000e+00 0.000000000000000000e+00 0.000000000000000000e+00 0.000000000000000000e+00 0.000000000000000000e+00 0.000000000000000000e+00 0.000000000000000000e+00 0.000000000000000000e+00 0.000000000000000000e+00 0.000000000000000000e+00 0.000000000000000000e+00 0.000000000000000000e+00 0.000000000000000000e+00 0.000000000000000000e+00 0.000000000000000000e+00 0.000000000000000000e+00 0.000000000000000000e+00 0.000000000000000000e+00 0.000000000000000000e+00 0.000000000000000000e+00 0.000000000000000000e+00 0.000000000000000000e+00 0.000000000000000000e+00 0.000000000000000000e+00 0.000000000000000000e+00 0.000000000000000000e+00 0.000000000000000000e+00 0.000000000000000000e+00 0.000000000000000000e+00 0.000000000000000000e+00 0.000000000000000000e+00
0.000000000000000000e+00 0.000000000000000000e+00 0.000000000000000000e+00 0.000000000000000000e+00 0.000000000000000000e+00 0.000000000000000000e+00 0.000000000000000000e+00 0.000000000000000000e+00 0.000000000000000000e+00 0.000000000000000000e+00 0.000000000000000000e+00 0.000000000000000000e+00 0.000000000000000000e+00 0.000000000000000000e+00 0.000000000000000000e+00 0.000000000000000000e+00 0.000000000000000000e+00 0.000000000000000000e+00 0.000000000000000000e+00 0.000000000000000000e+00 0.000000000000000000e+00 0.000000000000000000e+00 0.000000000000000000e+00 0.000000000000000000e+00 0.000000000000000000e+00 0.000000000000000000e+00 0.000000000000000000e+00 0.000000000000000000e+00 0.000000000000000000e+00 0.000000000000000000e+00 0.000000000000000000e+00 0.000000000000000000e+00 0.000000000000000000e+00 0.000000000000000000e+00 0.000000000000000000e+00 0.000000000000000000e+00 0.000000000000000000e+00 0.000000000000000000e+00 0.000000000000000000e+00 0.000000000000000000e+00 0.000000000000000000e+00 0.000000000000000000e+00 0.000000000000000000e+00 0.000000000000000000e+00 0.000000000000000000e+00 0.000000000000000000e+00 0.000000000000000000e+00 0.000000000000000000e+00 0.000000000000000000e+00 0.000000000000000000e+00 0.000000000000000000e+00 0.000000000000000000e+00 0.000000000000000000e+00 0.000000000000000000e+00 0.000000000000000000e+00 0.000000000000000000e+00 0.000000000000000000e+00 0.000000000000000000e+00 0.000000000000000000e+00 0.000000000000000000e+00 0.000000000000000000e+00 0.000000000000000000e+00 0.000000000000000000e+00 0.000000000000000000e+00 0.000000000000000000e+00 0.000000000000000000e+00 0.000000000000000000e+00 0.000000000000000000e+00 0.000000000000000000e+00 0.000000000000000000e+00 0.000000000000000000e+00 0.000000000000000000e+00 0.000000000000000000e+00 0.000000000000000000e+00 0.000000000000000000e+00 0.000000000000000000e+00 0.000000000000000000e+00 0.000000000000000000e+00 0.000000000000000000e+00 0.000000000000000000e+00 0.000000000000000000e+00 0.000000000000000000e+00 0.000000000000000000e+00 0.000000000000000000e+00 0.000000000000000000e+00 0.000000000000000000e+00 0.000000000000000000e+00 0.000000000000000000e+00 0.000000000000000000e+00
0.000000000000000000e+00 0.000000000000000000e+00 0.000000000000000000e+00 4.420454545454543194e+00 7.749850388988626548e+00 1.249422632794456511e+01 2.500000000000000711e+01 2.993333333333332291e+01 0.000000000000000000e+00 1.164583333333332860e+01 4.800000000000000000e+01 4.707877461706781119e+00 6.974999999999997158e+01 0.000000000000000000e+00 3.749999999999992895e+01 2.229545454545452898e+01 4.499999999999997868e+01 0.000000000000000000e+00 0.000000000000000000e+00 0.000000000000000000e+00 0.000000000000000000e+00 0.000000000000000000e+00 0.000000000000000000e+00 0.000000000000000000e+00 0.000000000000000000e+00 0.000000000000000000e+00 0.000000000000000000e+00 0.000000000000000000e+00 0.000000000000000000e+00 6.299999999999997158e+01 0.000000000000000000e+00 9.600000000000000000e+01 0.000000000000000000e+00 0.000000000000000000e+00 0.000000000000000000e+00 0.000000000000000000e+00 0.000000000000000000e+00 2.748695652173910631e+01 3.130348258706465359e+01 6.224999999999992895e+01 0.000000000000000000e+00 0.000000000000000000e+00 0.000000000000000000e+00 0.000000000000000000e+00 3.262499999999998579e+01 0.000000000000000000e+00 0.000000000000000000e+00 0.000000000000000000e+00 0.000000000000000000e+00 0.000000000000000000e+00 0.000000000000000000e+00 0.000000000000000000e+00 0.000000000000000000e+00 0.000000000000000000e+00 0.000000000000000000e+00 0.000000000000000000e+00 0.000000000000000000e+00 0.000000000000000000e+00 3.800000000000000711e+01 0.000000000000000000e+00 0.000000000000000000e+00 0.000000000000000000e+00 0.000000000000000000e+00 0.000000000000000000e+00 0.000000000000000000e+00 0.000000000000000000e+00 0.000000000000000000e+00 0.000000000000000000e+00 0.000000000000000000e+00 0.000000000000000000e+00 0.000000000000000000e+00 0.000000000000000000e+00 0.000000000000000000e+00 0.000000000000000000e+00 0.000000000000000000e+00 0.000000000000000000e+00 0.000000000000000000e+00 0.000000000000000000e+00 0.000000000000000000e+00 0.000000000000000000e+00 0.000000000000000000e+00 0.000000000000000000e+00 0.000000000000000000e+00 0.000000000000000000e+00 0.000000000000000000e+00 0.000000000000000000e+00 0.000000000000000000e+00 0.000000000000000000e+00 0.000000000000000000e+00
0.000000000000000000e+00 0.000000000000000000e+00 0.000000000000000000e+00 7.749850388988626548e+00 9.922123377570359892e+00 9.652912621359217127e+00 2.352857142857142136e+01 2.272276264591438988e+01 3.523484848484847021e+01 1.575270039795337595e+01 4.226595744680849975e+01 1.634142480211081150e+01 5.915624999999996447e+01 6.389999999999997726e+01 3.816417910447759709e+01 1.399707602339180568e+01 3.164893617021276029e+01 5.065740740740739056e+01 6.423142857142855178e+01 0.000000000000000000e+00 1.014999999999999858e+02 9.000000000000000000e+01 0.000000000000000000e+00 0.000000000000000000e+00 0.000000000000000000e+00 0.000000000000000000e+00 0.000000000000000000e+00 0.000000000000000000e+00 6.696428571428569398e+01 5.370454545454542483e+01 7.200000000000004263e+01 8.004347826086954854e+01 6.994915254237285751e+01 0.000000000000000000e+00 9.044999999999997442e+01 1.169999999999999716e+02 0.000000000000000000e+00 1.177785817655571066e+01 2.108483228001943033e+01 3.172826086956520797e+01 0.000000000000000000e+00 7.074999999999997158e+01 7.649999999999997158e+01 2.349999999999997513e+01 6.680127041742282223e+00 3.000000000000000711e+01 0.000000000000000000e+00 0.000000000000000000e+00 0.000000000000000000e+00 0.000000000000000000e+00 0.000000000000000000e+00 0.000000000000000000e+00 0.000000000000000000e+00 6.599999999999990052e+01 6.024999999999999289e+01 7.749999999999998579e+01 0.000000000000000000e+00 0.000000000000000000e+00 2.316666666666664653e+01 3.550000000000000711e+01 4.749999999999997158e+01 5.299999999999998579e+01 0.000000000000000000e+00 0.000000000000000000e+00 0.000000000000000000e+00 0.000000000000000000e+00 0.000000000000000000e+00 0.000000000000000000e+00 0.000000000000000000e+00 0.000000000000000000e+00 0.000000000000000000e+00 0.000000000000000000e+00 0.000000000000000000e+00 0.000000000000000000e+00 0.000000000000000000e+00 0.000000000000000000e+00 0.000000000000000000e+00 0.000000000000000000e+00 0.000000000000000000e+00 0.000000000000000000e+00 3.399999999999997158e+01 3.999999999999990763e+01 0.000000000000000000e+00 0.000000000000000000e+00 8.949999999999998579e+01 0.000000000000000000e+00 0.000000000000000000e+00 1.508333333333331971e+01 0.000000000000000000e+00
0.000000000000000000e+00 0.000000000000000000e+00 0.000000000000000000e+00 1.249422632794456511e+01 9.652912621359217127e+00 1.456912531792903565e+01 9.626476719944401239e+00 1.535471030517469515e+01 2.806886227544909218e+01 1.715652890292460953e+01 4.323461538461537401e+01 2.489502074688795830e+01 5.636486486486484182e+01 6.849999999999997158e+01 2.269295558958651426e+01 1.849047619047617985e+01 3.812068965517239860e+01 6.437499999999997158e+01 6.924999999999997158e+01 8.800000000000001421e+01 1.050000000000000284e+02 0.000000000000000000e+00 4.025000000000000711e+01 4.083333333333330017e+01 4.010000000000000853e+01 4.046874999999998579e+01 5.337499999999997158e+01 4.399999999999999289e+01 6.646153846153842437e+01 5.591525423728811006e+01 7.437499999999998579e+01 7.963793103448273314e+01 7.807317073170729316e+01 8.749999999999998579e+01 8.744444444444442865e+01 9.400000000000000000e+01 7.966666666666662877e+01 1.636312849162010252e+01 1.856365285757482653e+01 3.005223880597013419e+01 0.000000000000000000e+00 3.804166666666665009e+01 3.139999999999998437e+01 2.261805555555555003e+01 1.957184750733136269e+01 4.004999999999997584e+01 0.000000000000000000e+00 3.249999999999999289e+01 0.000000000000000000e+00 0.000000000000000000e+00 0.000000000000000000e+00 0.000000000000000000e+00 4.249999999999991473e+01 0.000000000000000000e+00 4.650000000000001421e+01 0.000000000000000000e+00 0.000000000000000000e+00 0.000000000000000000e+00 0.000000000000000000e+00 0.000000000000000000e+00 4.149999999999994316e+01 0.000000000000000000e+00 0.000000000000000000e+00 0.000000000000000000e+00 0.000000000000000000e+00 0.000000000000000000e+00 0.000000000000000000e+00 0.000000000000000000e+00 0.000000000000000000e+00 0.000000000000000000e+00 0.000000000000000000e+00 0.000000000000000000e+00 0.000000000000000000e+00 0.000000000000000000e+00 0.000000000000000000e+00 0.000000000000000000e+00 0.000000000000000000e+00 0.000000000000000000e+00 0.000000000000000000e+00 0.000000000000000000e+00 2.874999999999996092e+01 0.000000000000000000e+00 0.000000000000000000e+00 0.000000000000000000e+00 0.000000000000000000e+00 0.000000000000000000e+00 0.000000000000000000e+00 3.029999999999997229e+01 0.000000000000000000e+00
0.000000000000000000e+00 0.000000000000000000e+00 0.000000000000000000e+00 2.500000000000000711e+01 2.352857142857142136e+01 9.626476719944401239e+00 7.848970251716244739e+00 7.929658671586712337e+00 2.156818181818181301e+01 1.126814159292035100e+01 3.955555555555554292e+01 3.123076923076921929e+01 4.958333333333333570e+01 0.000000000000000000e+00 4.059139784946234641e+01 2.661538461538460254e+01 4.199999999999995737e+01 0.000000000000000000e+00 7.449999999999995737e+01 0.000000000000000000e+00 0.000000000000000000e+00 0.000000000000000000e+00 0.000000000000000000e+00 0.000000000000000000e+00 0.000000000000000000e+00 0.000000000000000000e+00 5.399999999999995026e+01 0.000000000000000000e+00 5.502777777777776436e+01 4.651234567901231998e+01 7.449999999999998579e+01 8.221428571428569398e+01 7.474999999999998579e+01 9.849999999999997158e+01 8.239999999999999147e+01 0.000000000000000000e+00 7.659999999999998010e+01 3.169999999999997087e+01 2.901234567901232708e+01 4.989999999999997016e+01 0.000000000000000000e+00 4.149999999999995737e+01 9.400000000000001421e+01 2.349999999999998579e+01 3.025000000000000000e+01 0.000000000000000000e+00 0.000000000000000000e+00 0.000000000000000000e+00 0.000000000000000000e+00 0.000000000000000000e+00 0.000000000000000000e+00 0.000000000000000000e+00 0.000000000000000000e+00 0.000000000000000000e+00 0.000000000000000000e+00 0.000000000000000000e+00 0.000000000000000000e+00 0.000000000000000000e+00 0.000000000000000000e+00 0.000000000000000000e+00 0.000000000000000000e+00 0.000000000000000000e+00 0.000000000000000000e+00 0.000000000000000000e+00 0.000000000000000000e+00 0.000000000000000000e+00 0.000000000000000000e+00 0.000000000000000000e+00 0.000000000000000000e+00 0.000000000000000000e+00 0.000000000000000000e+00 0.000000000000000000e+00 0.000000000000000000e+00 0.000000000000000000e+00 0.000000000000000000e+00 0.000000000000000000e+00 0.000000000000000000e+00 0.000000000000000000e+00 0.000000000000000000e+00 0.000000000000000000e+00 0.000000000000000000e+00 0.000000000000000000e+00 0.000000000000000000e+00 0.000000000000000000e+00 0.000000000000000000e+00 0.000000000000000000e+00 0.000000000000000000e+00 0.000000000000000000e+00 0.000000000000000000e+00
0.000000000000000000e+00 0.000000000000000000e+00 0.000000000000000000e+00 2.993333333333332291e+01 2.272276264591438988e+01 1.535471030517469515e+01 7.929658671586712337e+00 8.413282310825824339e+00 9.531985083189898234e+00 1.933769889840880651e+01 3.337894736842104493e+01 2.368227665706050900e+01 3.373364485981307581e+01 0.000000000000000000e+00 3.603917050691242707e+01 2.049471299093654864e+01 2.874999999999999645e+01 7.774999999999997158e+01 6.635714285714281857e+01 3.299999999999995737e+01 7.933333333333330017e+01 6.949999999999995737e+01 0.000000000000000000e+00 0.000000000000000000e+00 9.099999999999998579e+01 5.637499999999995737e+01 4.111538461538459899e+01 6.049999999999997868e+01 4.229787234042551347e+01 3.788513513513511555e+01 6.724999999999998579e+01 7.351249999999998863e+01 6.945833333333331439e+01 0.000000000000000000e+00 7.676666666666666572e+01 7.099999999999995737e+01 7.163888888888885731e+01 3.034090909090907573e+01 2.646543778801841640e+01 3.793749999999997158e+01 0.000000000000000000e+00 4.224999999999999289e+01 7.149999999999998579e+01 2.679999999999999005e+01 3.265909090909088519e+01 4.050000000000000711e+01 0.000000000000000000e+00 0.000000000000000000e+00 0.000000000000000000e+00 0.000000000000000000e+00 0.000000000000000000e+00 0.000000000000000000e+00 0.000000000000000000e+00 0.000000000000000000e+00 0.000000000000000000e+00 0.000000000000000000e+00 0.000000000000000000e+00 0.000000000000000000e+00 0.000000000000000000e+00 0.000000000000000000e+00 0.000000000000000000e+00 0.000000000000000000e+00 0.000000000000000000e+00 0.000000000000000000e+00 0.000000000000000000e+00 0.000000000000000000e+00 0.000000000000000000e+00 0.000000000000000000e+00 0.000000000000000000e+00 0.000000000000000000e+00 0.000000000000000000e+00 0.000000000000000000e+00 0.000000000000000000e+00 0.000000000000000000e+00 0.000000000000000000e+00 0.000000000000000000e+00 0.000000000000000000e+00 0.000000000000000000e+00 0.000000000000000000e+00 0.000000000000000000e+00 0.000000000000000000e+00 3.650000000000000711e+01 0.000000000000000000e+00 0.000000000000000000e+00 0.000000000000000000e+00 0.000000000000000000e+00 0.000000000000000000e+00 5.849999999999995737e+01 0.000000000000000000e+00
0.000000000000000000e+00 0.000000000000000000e+00 0.000000000000000000e+00 0.000000000000000000e+00 3.523484848484847021e+01 2.806886227544909218e+01 2.156818181818181301e+01 9.531985083189898234e+00 1.229702066627550572e+01 1.617395327318990894e+01 2.334913793103448398e+01 2.640384615384614264e+01 1.029051446945337567e+01 6.199999999999997868e+01 1.906631097560974908e+01 3.057553956834530950e+01 2.145077720207254046e+01 4.467499999999999005e+01 5.506249999999997868e+01 7.899999999999995737e+01 6.349999999999998579e+01 0.000000000000000000e+00 0.000000000000000000e+00 0.000000000000000000e+00 4.999999999999999289e+01 5.024999999999997868e+01 2.894117647058822840e+01 5.566666666666667851e+01 2.228897637795274989e+01 2.540675934803450886e+01 5.093478260869564167e+01 6.557499999999997442e+01 6.449999999999998579e+01 6.749999999999997158e+01 7.061111111111111427e+01 5.500000000000001421e+01 5.543181818181817277e+01 2.114468085106382134e+01 1.419916579770594112e+01 2.274593495934959364e+01 0.000000000000000000e+00 3.450000000000001421e+01 5.799999999999999289e+01 2.416666666666666075e+01 4.521428571428570820e+01 2.957758620689655160e+01 0.000000000000000000e+00 0.000000000000000000e+00 0.000000000000000000e+00 0.000000000000000000e+00 0.000000000000000000e+00 0.000000000000000000e+00 4.499999999999995737e+01 0.000000000000000000e+00 4.118749999999997158e+01 0.000000000000000000e+00 0.000000000000000000e+00 0.000000000000000000e+00 3.599999999999997868e+01 2.574999999999998934e+01 0.000000000000000000e+00 0.000000000000000000e+00 0.000000000000000000e+00 0.000000000000000000e+00 0.000000000000000000e+00 0.000000000000000000e+00 0.000000000000000000e+00 8.949999999999997158e+01 0.000000000000000000e+00 0.000000000000000000e+00 0.000000000000000000e+00 0.000000000000000000e+00 0.000000000000000000e+00 0.000000000000000000e+00 0.000000000000000000e+00 0.000000000000000000e+00 0.000000000000000000e+00 0.000000000000000000e+00 0.000000000000000000e+00 0.000000000000000000e+00 4.074999999999998579e+01 7.300000000000000000e+01 0.000000000000000000e+00 0.000000000000000000e+00 4.749999999999997868e+01 0.000000000000000000e+00 0.000000000000000000e+00 0.000000000000000000e+00 0.000000000000000000e+00
0.000000000000000000e+00 0.000000000000000000e+00 0.000000000000000000e+00 1.164583333333332860e+01 1.575270039795337595e+01 1.715652890292460953e+01 1.126814159292035100e+01 1.933769889840880651e+01 1.617395327318990894e+01 1.323798005908419562e+01 1.761325932393662796e+01 1.518950953678473503e+01 4.176764705882350626e+01 5.605882352941174673e+01 2.368226351351349734e+01 2.456444444444443675e+01 2.128036175710593270e+01 4.575974025974023363e+01 6.049418604651160791e+01 0.000000000000000000e+00 8.184090909090907928e+01 6.837499999999998579e+01 0.000000000000000000e+00 0.000000000000000000e+00 6.649999999999998579e+01 6.703030303030300274e+01 4.174999999999997158e+01 6.266666666666665009e+01 5.215924092409238710e+01 4.644534257120859877e+01 6.301737451737449192e+01 6.522576832151297310e+01 6.405442804428041370e+01 6.998863636363634555e+01 7.577107279693485964e+01 7.763636363636362603e+01 6.798351648351646759e+01 2.149492234169651894e+01 2.509977324263036991e+01 3.468522483940041212e+01 0.000000000000000000e+00 4.446666666666666146e+01 6.836842105263156100e+01 4.389062499999997158e+01 3.363677130044841590e+01 3.725819672131146376e+01 5.299999999999997158e+01 3.924999999999998579e+01 0.000000000000000000e+00 0.000000000000000000e+00 0.000000000000000000e+00 5.499999999999996447e+01 5.013157894736838216e+01 5.799999999999996447e+01 4.587499999999996447e+01 0.000000000000000000e+00 7.150000000000000000e+01 0.000000000000000000e+00 3.086666666666665293e+01 2.459615384615382894e+01 4.462500000000000000e+01 7.299999999999995737e+01 0.000000000000000000e+00 0.000000000000000000e+00 0.000000000000000000e+00 0.000000000000000000e+00 0.000000000000000000e+00 0.000000000000000000e+00 0.000000000000000000e+00 0.000000000000000000e+00 0.000000000000000000e+00 0.000000000000000000e+00 0.000000000000000000e+00 0.000000000000000000e+00 0.000000000000000000e+00 7.250000000000002842e+01 0.000000000000000000e+00 0.000000000000000000e+00 0.000000000000000000e+00 0.000000000000000000e+00 3.349999999999994316e+01 5.077272727272723074e+01 0.000000000000000000e+00 0.000000000000000000e+00 4.149999999999992895e+01 0.000000000000000000e+00 0.000000000000000000e+00 0.000000000000000000e+00 0.000000000000000000e+00
0.000000000000000000e+00 0.000000000000000000e+00 0.000000000000000000e+00 4.800000000000000000e+01 4.226595744680849975e+01 4.323461538461537401e+01 3.955555555555554292e+01 3.337894736842104493e+01 2.334913793103448398e+01 1.761325932393662796e+01 1.365711943153867125e+01 2.060066291972906072e+01 1.553302773859896568e+01 4.382500000000000284e+01 2.326621160409556310e+01 3.596039603960394970e+01 2.457954545454544260e+01 2.915486725663716072e+01 5.240086206896551602e+01 7.149999999999995737e+01 6.265238095238095184e+01 5.930555555555555713e+01 7.958333333333332860e+01 7.933333333333331439e+01 6.188888888888888573e+01 4.994680851063829863e+01 5.028571428571428470e+01 4.432226562500000000e+01 3.243764367816091720e+01 3.398770388958594424e+01 4.671418779986291980e+01 4.669419107057129281e+01 4.714669926650366705e+01 5.175333333333333741e+01 5.804122182680901432e+01 5.672727272727272663e+01 5.273788927335640153e+01 1.850333651096281429e+01 2.121464604002017751e+01 2.775663716814159443e+01 0.000000000000000000e+00 3.851162790697674154e+01 5.731818181818180591e+01 4.034146341463414842e+01 4.583999999999998209e+01 3.443181818181817988e+01 0.000000000000000000e+00 0.000000000000000000e+00 0.000000000000000000e+00 0.000000000000000000e+00 0.000000000000000000e+00 4.964285714285710327e+01 4.893749999999996447e+01 4.866666666666664298e+01 4.651999999999996760e+01 6.250000000000000000e+01 0.000000000000000000e+00 4.899999999999995026e+01 6.166666666666662877e+01 3.271153846153843858e+01 3.390909090909088519e+01 5.974999999999998579e+01 0.000000000000000000e+00 0.000000000000000000e+00 0.000000000000000000e+00 0.000000000000000000e+00 0.000000000000000000e+00 0.000000000000000000e+00 0.000000000000000000e+00 0.000000000000000000e+00 0.000000000000000000e+00 6.949999999999995737e+01 0.000000000000000000e+00 7.749999999999998579e+01 8.337499999999995737e+01 7.400000000000000000e+01 0.000000000000000000e+00 0.000000000000000000e+00 0.000000000000000000e+00 0.000000000000000000e+00 3.274999999999998579e+01 4.663888888888887863e+01 0.000000000000000000e+00 0.000000000000000000e+00 6.149999999999998579e+01 0.000000000000000000e+00 5.749999999999998579e+01 0.000000000000000000e+00 0.000000000000000000e+00
0.000000000000000000e+00 0.000000000000000000e+00 0.000000000000000000e+00 4.707877461706781119e+00 1.634142480211081150e+01 2.489502074688795830e+01 3.123076923076921929e+01 2.368227665706050900e+01 2.640384615384614264e+01 1.518950953678473503e+01 2.060066291972906072e+01 1.628644021686325516e+01 2.320629466739966773e+01 1.756686782168580407e+01 3.534658187599362833e+01 2.149979699553389167e+01 1.784410217881291416e+01 2.653841775754125365e+01 4.466168623265741644e+01 8.599999999999994316e+01 7.773076923076921219e+01 7.087499999999998579e+01 0.000000000000000000e+00 0.000000000000000000e+00 7.285714285714284699e+01 6.897826086956521863e+01 6.971428571428570820e+01 6.568749999999998579e+01 3.685745978924014565e+01 4.404093567251461394e+01 5.559765624999998579e+01 5.449949307198375692e+01 4.689398023360286061e+01 6.432352941176468164e+01 7.404054054054054745e+01 6.714705882352940591e+01 7.219696969696970257e+01 2.279561768039289049e+01 2.965678830462374194e+01 3.408930232558139295e+01 0.000000000000000000e+00 3.295862068965517011e+01 6.258333333333332149e+01 4.572131147540983420e+01 3.348360655737702984e+01 4.013172043010753498e+01 0.000000000000000000e+00 5.349999999999997868e+01 0.000000000000000000e+00 5.249999999999994316e+01 0.000000000000000000e+00 4.189999999999997726e+01 4.910112359550559802e+01 4.981896551724136657e+01 2.126279863481227395e+01 5.803571428571427049e+01 2.069999999999999574e+01 7.474999999999998579e+01 3.051923076923075229e+01 2.888947368421051820e+01 3.053124999999999289e+01 4.399999999999997868e+01 0.000000000000000000e+00 0.000000000000000000e+00 0.000000000000000000e+00 0.000000000000000000e+00 0.000000000000000000e+00 0.000000000000000000e+00 1.154999999999999858e+02 0.000000000000000000e+00 0.000000000000000000e+00 7.016666666666664298e+01 6.266666666666662877e+01 0.000000000000000000e+00 7.816666666666661456e+01 6.050000000000000711e+01 0.000000000000000000e+00 0.000000000000000000e+00 0.000000000000000000e+00 0.000000000000000000e+00 3.892499999999997584e+01 4.697560975609754763e+01 5.099999999999998579e+01 0.000000000000000000e+00 3.939285714285715301e+01 0.000000000000000000e+00 4.800000000000001421e+01 4.680000000000001137e+01 6.500000000000007105e+01
0.000000000000000000e+00 0.000000000000000000e+00 0.000000000000000000e+00 6.974999999999997158e+01 5.915624999999996447e+01 5.636486486486484182e+01 4.958333333333333570e+01 3.373364485981307581e+01 1.029051446945337567e+01 4.176764705882350626e+01 1.553302773859896568e+01 2.320629466739966773e+01 1.217888474101726537e+01 7.930242413968469073e+00 2.188092147955873301e+01 5.308333333333330728e+01 3.685096153846152589e+01 1.931272727272727252e+01 3.252570093457944012e+01 6.899999999999998579e+01 5.322916666666666430e+01 5.253571428571428470e+01 7.500000000000002842e+01 5.733333333333331439e+01 4.976470588235294912e+01 1.616863905325443795e+01 3.938709677419355160e+01 3.966477272727272663e+01 1.891787218458157938e+01 2.648638310893512937e+01 4.108208955223880565e+01 3.207755581668624956e+01 2.919194312796208379e+01 4.840909090909090651e+01 5.540489130434782794e+01 5.250000000000000711e+01 4.695714285714285552e+01 2.345118898623278980e+01 2.444239071775499994e+01 2.880280676502340143e+01 0.000000000000000000e+00 2.765967741935483915e+01 4.131147540983606348e+01 3.775515463917525949e+01 6.674999999999994316e+01 3.623872180451127889e+01 0.000000000000000000e+00 0.000000000000000000e+00 0.000000000000000000e+00 0.000000000000000000e+00 0.000000000000000000e+00 0.000000000000000000e+00 5.974999999999997868e+01 5.850000000000000711e+01 5.215384615384612488e+01 5.599999999999997868e+01 4.199999999999998579e+01 0.000000000000000000e+00 6.412499999999995737e+01 5.024999999999996447e+01 3.495833333333331439e+01 5.574999999999998579e+01 0.000000000000000000e+00 0.000000000000000000e+00 0.000000000000000000e+00 0.000000000000000000e+00 0.000000000000000000e+00 0.000000000000000000e+00 0.000000000000000000e+00 0.000000000000000000e+00 0.000000000000000000e+00 0.000000000000000000e+00 7.174999999999997158e+01 0.000000000000000000e+00 6.899999999999997158e+01 6.224999999999997158e+01 0.000000000000000000e+00 0.000000000000000000e+00 0.000000000000000000e+00 0.000000000000000000e+00 3.649999999999998579e+01 5.566666666666665719e+01 0.000000000000000000e+00 0.000000000000000000e+00 0.000000000000000000e+00 0.000000000000000000e+00 0.000000000000000000e+00 0.000000000000000000e+00 5.200000000000000000e+01
0.000000000000000000e+00 0.000000000000000000e+00 0.000000000000000000e+00 0.000000000000000000e+00 6.389999999999997726e+01 6.849999999999997158e+01 0.000000000000000000e+00 0.000000000000000000e+00 6.199999999999997868e+01 5.605882352941174673e+01 4.382500000000000284e+01 1.756686782168580407e+01 7.930242413968469073e+00 1.092304800100263051e+01 3.885185185185185475e+01 5.231395348837207138e+01 3.779838709677417086e+01 1.101176470588235290e+01 2.317187500000000355e+01 0.000000000000000000e+00 0.000000000000000000e+00 0.000000000000000000e+00 0.000000000000000000e+00 0.000000000000000000e+00 6.499999999999998579e+01 0.000000000000000000e+00 3.749999999999998579e+01 0.000000000000000000e+00 9.908716489441365738e+00 3.454901960784313530e+01 4.049999999999997868e+01 1.594913151364764303e+01 1.279032258064516192e+01 0.000000000000000000e+00 7.350000000000001421e+01 0.000000000000000000e+00 0.000000000000000000e+00 3.833333333333332149e+01 4.030113636363636687e+01 3.793181818181818699e+01 0.000000000000000000e+00 3.125000000000001421e+01 5.050000000000000000e+01 4.587500000000000000e+01 6.449999999999992895e+01 4.199999999999999289e+01 0.000000000000000000e+00 0.000000000000000000e+00 0.000000000000000000e+00 0.000000000000000000e+00 0.000000000000000000e+00 0.000000000000000000e+00 5.949999999999998579e+01 8.374999999999997158e+01 2.358333333333332504e+01 0.000000000000000000e+00 0.000000000000000000e+00 0.000000000000000000e+00 0.000000000000000000e+00 8.199999999999994316e+01 2.516666666666667140e+01 0.000000000000000000e+00 0.000000000000000000e+00 0.000000000000000000e+00 0.000000000000000000e+00 0.000000000000000000e+00 0.000000000000000000e+00 0.000000000000000000e+00 0.000000000000000000e+00 0.000000000000000000e+00 0.000000000000000000e+00 0.000000000000000000e+00 0.000000000000000000e+00 0.000000000000000000e+00 0.000000000000000000e+00 0.000000000000000000e+00 0.000000000000000000e+00 0.000000000000000000e+00 0.000000000000000000e+00 0.000000000000000000e+00 7.549999999999997158e+01 0.000000000000000000e+00 0.000000000000000000e+00 0.000000000000000000e+00 0.000000000000000000e+00 0.000000000000000000e+00 0.000000000000000000e+00 0.000000000000000000e+00 0.000000000000000000e+00
0.000000000000000000e+00 0.000000000000000000e+00 0.000000000000000000e+00 3.749999999999992895e+01 3.816417910447759709e+01 2.269295558958651426e+01 4.059139784946234641e+01 3.603917050691242707e+01 1.906631097560974908e+01 2.368226351351349734e+01 2.326621160409556310e+01 3.534658187599362833e+01 2.188092147955873301e+01 3.885185185185185475e+01 1.187979817965967122e+01 3.355555555555554292e+01 3.356451612903224202e+01 2.452692307692307594e+01 2.560334029227557195e+01 1.904255319148935754e+01 4.175085324232080808e+01 2.987209302325580396e+01 2.236944444444444358e+01 1.566066066066065332e+01 2.212012692656391266e+01 2.130174644243208348e+01 2.032247191011235188e+01 2.796691871455576006e+01 2.242393509127789386e+01 2.394599406528189078e+01 4.439578521939952083e+01 3.388977586736259440e+01 3.281417112299465089e+01 5.053225806451611390e+01 4.851239669421487832e+01 5.352941176470586981e+01 4.521683673469387799e+01 2.074161073825503010e+01 8.699831866284242210e+00 1.872203947368421240e+01 0.000000000000000000e+00 2.052348066298342033e+01 1.458746846089150218e+01 1.222334558823529349e+01 2.846666666666665080e+01 2.012560386473429475e+01 0.000000000000000000e+00 0.000000000000000000e+00 0.000000000000000000e+00 0.000000000000000000e+00 0.000000000000000000e+00 0.000000000000000000e+00 4.833333333333326465e+01 4.599999999999998579e+01 5.041666666666662877e+01 7.149999999999995737e+01 0.000000000000000000e+00 7.949999999999997158e+01 2.950000000000000355e+01 5.224999999999995026e+01 2.949999999999998224e+01 3.292857142857140929e+01 0.000000000000000000e+00 0.000000000000000000e+00 0.000000000000000000e+00 0.000000000000000000e+00 0.000000000000000000e+00 0.000000000000000000e+00 5.324999999999999289e+01 4.499999999999995737e+01 0.000000000000000000e+00 0.000000000000000000e+00 5.524999999999998579e+01 0.000000000000000000e+00 6.274999999999995737e+01 3.149999999999998224e+01 0.000000000000000000e+00 0.000000000000000000e+00 0.000000000000000000e+00 0.000000000000000000e+00 4.899999999999997158e+01 6.650000000000001421e+01 0.000000000000000000e+00 0.000000000000000000e+00 3.282258064516126694e+01 3.599999999999997868e+01 5.250000000000000711e+01 3.499999999999998579e+01 0.000000000000000000e+00
0.000000000000000000e+00 0.000000000000000000e+00 0.000000000000000000e+00 2.229545454545452898e+01 1.399707602339180568e+01 1.849047619047617985e+01 2.661538461538460254e+01 2.049471299093654864e+01 3.057553956834530950e+01 2.456444444444443675e+01 3.596039603960394970e+01 2.149979699553389167e+01 5.308333333333330728e+01 5.231395348837207138e+01 3.355555555555554292e+01 7.104225352112673697e+00 1.172021028037382706e+01 3.934982206405691585e+01 5.371517331589272004e+01 8.999999999999997158e+01 1.094999999999999858e+02 7.509999999999999432e+01 0.000000000000000000e+00 0.000000000000000000e+00 1.010000000000000000e+02 9.225000000000000000e+01 6.416666666666665719e+01 0.000000000000000000e+00 6.220967741935481854e+01 5.909016393442620796e+01 7.777777777777777146e+01 7.106666666666663446e+01 5.833371040723978496e+01 7.716666666666664298e+01 8.749999999999998579e+01 8.299999999999998579e+01 8.050000000000000000e+01 1.468749999999998934e+01 2.393556116015130897e+01 3.882481751824816030e+01 0.000000000000000000e+00 6.036486486486484182e+01 7.032857142857140786e+01 6.142857142857140218e+01 1.371999999999998643e+01 5.349999999999998579e+01 0.000000000000000000e+00 2.841666666666665719e+01 3.262499999999995737e+01 0.000000000000000000e+00 3.299999999999997158e+01 3.333333333333331439e+01 3.369999999999996732e+01 4.754999999999996874e+01 4.095312499999998579e+01 6.783333333333331439e+01 0.000000000000000000e+00 8.750000000000000000e+01 2.072222222222221433e+01 3.153571428571427049e+01 4.110869565217389265e+01 5.270833333333331439e+01 0.000000000000000000e+00 0.000000000000000000e+00 0.000000000000000000e+00 0.000000000000000000e+00 0.000000000000000000e+00 0.000000000000000000e+00 0.000000000000000000e+00 0.000000000000000000e+00 0.000000000000000000e+00 6.950000000000000000e+01 6.769999999999997442e+01 7.399999999999997158e+01 6.607142857142855519e+01 6.369999999999995310e+01 0.000000000000000000e+00 9.700000000000001421e+01 0.000000000000000000e+00 0.000000000000000000e+00 1.799999999999998579e+01 3.013461538461535838e+01 5.749999999999994316e+01 0.000000000000000000e+00 5.313636363636361892e+01 6.900000000000001421e+01 6.549999999999992895e+01 7.999999999999986677e+00 4.525000000000000000e+01
0.000000000000000000e+00 0.000000000000000000e+00 0.000000000000000000e+00 4.499999999999997868e+01 3.164893617021276029e+01 3.812068965517239860e+01 4.199999999999995737e+01 2.874999999999999645e+01 2.145077720207254046e+01 2.128036175710593270e+01 2.457954545454544260e+01 1.784410217881291416e+01 3.685096153846152589e+01 3.779838709677417086e+01 3.356451612903224202e+01 1.172021028037382706e+01 9.016606822262113852e+00 2.166658676893574764e+01 3.966709183673467720e+01 0.000000000000000000e+00 0.000000000000000000e+00 6.233333333333329307e+01 0.000000000000000000e+00 0.000000000000000000e+00 0.000000000000000000e+00 6.624999999999998579e+01 5.824999999999998579e+01 9.600000000000001421e+01 4.433720930232556867e+01 5.126562499999999289e+01 6.459999999999999432e+01 5.309999999999998010e+01 4.040816326530611491e+01 0.000000000000000000e+00 7.590909090909089230e+01 7.749999999999998579e+01 7.449999999999995737e+01 1.699056603773584229e+01 2.663511187607571884e+01 3.158695652173912194e+01 0.000000000000000000e+00 3.668749999999998579e+01 4.855555555555553582e+01 4.275000000000000000e+01 3.132894736842104066e+01 5.224999999999997158e+01 0.000000000000000000e+00 2.690000000000001279e+01 4.833333333333332149e+01 4.000000000000000711e+01 0.000000000000000000e+00 2.689999999999997016e+01 3.118932038834948983e+01 3.537142857142855235e+01 2.874789915966384513e+01 4.433333333333332860e+01 3.233333333333333570e+01 0.000000000000000000e+00 2.169000000000000128e+01 1.383173076923076117e+01 2.547368421052630794e+01 4.114999999999998437e+01 0.000000000000000000e+00 0.000000000000000000e+00 0.000000000000000000e+00 0.000000000000000000e+00 0.000000000000000000e+00 0.000000000000000000e+00 0.000000000000000000e+00 0.000000000000000000e+00 0.000000000000000000e+00 6.487499999999998579e+01 7.137499999999995737e+01 7.099999999999990052e+01 6.704999999999998295e+01 5.043749999999995737e+01 0.000000000000000000e+00 0.000000000000000000e+00 0.000000000000000000e+00 0.000000000000000000e+00 2.061538461538460965e+01 3.211111111111110006e+01 2.999999999999997868e+01 0.000000000000000000e+00 3.299999999999998579e+01 6.500000000000005684e+01 4.399999999999997868e+01 3.980000000000002558e+01 0.000000000000000000e+00
