0.000000000000000000e+00 0.000000000000000000e+00 0.000000000000000000e+00 0.000000000000000000e+00 0.000000000000000000e+00 0.000000000000000000e+00 0.000000000000000000e+00 0.000000000000000000e+00 0.000000000000000000e+00 0.000000000000000000e+00 0.000000000000000000e+00 0.000000000000000000e+00 0.000000000000000000e+00 0.000000000000000000e+00 0.000000000000000000e+00 0.000000000000000000e+00 0.000000000000000000e+00 0.000000000000000000e+00 0.000000000000000000e+00 0.000000000000000000e+00 0.000000000000000000e+00 0.000000000000000000e+00 0.000000000000000000e+00 0.000000000000000000e+00 0.000000000000000000e+00 0.000000000000000000e+00 0.000000000000000000e+00 0.000000000000000000e+00 0.000000000000000000e+00 0.000000000000000000e+00 0.000000000000000000e+00 0.000000000000000000e+00 0.000000000000000000e+00 0.000000000000000000e+00 0.000000000000000000e+00 0.000000000000000000e+00 0.000000000000000000e+00 0.000000000000000000e+00 0.000000000000000000e+00 0.000000000000000000e+00 0.000000000000000000e+00 0.000000000000000000e+00 0.000000000000000000e+00 0.000000000000000000e+00 0.000000000000000000e+00 0.000000000000000000e+00 0.000000000000000000e+00 0.000000000000000000e+00 0.000000000000000000e+00 0.000000000000000000e+00 0.000000000000000000e+00 0.000000000000000000e+00 0.000000000000000000e+00 0.000000000000000000e+00 0.000000000000000000e+00 0.000000000000000000e+00 0.000000000000000000e+00 0.000000000000000000e+00 0.000000000000000000e+00 0.000000000000000000e+00 0.000000000000000000e+00 0.000000000000000000e+00 0.000000000000000000e+00 0.000000000000000000e+00 0.000000000000000000e+00 0.000000000000000000e+00 0.000000000000000000e+00 0.000000000000000000e+00 0.000000000000000000e+00 0.000000000000000000e+00 0.000000000000000000e+00 0.000000000000000000e+00 0.000000000000000000e+00 0.000000000000000000e+00 0.000000000000000000e+00 0.000000000000000000e+00 0.000000000000000000e+00 0.000000000000000000e+00 0.000000000000000000e+00 0.000000000000000000e+00 0.000000000000000000e+00 0.000000000000000000e+00 0.000000000000000000e+00 0.000000000000000000e+00 0.000000000000000000e+00 0.000000000000000000e+00 0.000000000000000000e+00 0.000000000000000000e+00 0.000000000000000000e+00
0.000000000000000000e+00 0.000000000000000000e+00 0.000000000000000000e+00 0.000000000000000000e+00 0.000000000000000000e+00 0.000000000000000000e+00 0.000000000000000000e+00 0.000000000000000000e+00 0.000000000000000000e+00 0.000000000000000000e+00 0.000000000000000000e+00 0.000000000000000000e+00 0.000000000000000000e+00 0.000000000000000000e+00 0.000000000000000000e+00 0.000000000000000000e+00 0.000000000000000000e+00 0.000000000000000000e+00 0.000000000000000000e+00 0.000000000000000000e+00 0.000000000000000000e+00 0.000000000000000000e+00 0.000000000000000000e+00 0.000000000000000000e+00 0.000000000000000000e+00 0.000000000000000000e+00 0.000000000000000000e+00 0.000000000000000000e+00 0.000000000000000000e+00 0.000000000000000000e+00 0.000000000000000000e+00 0.000000000000000000e+00 0.000000000000000000e+00 0.000000000000000000e+00 0.000000000000000000e+00 0.000000000000000000e+00 0.000000000000000000e+00 0.000000000000000000e+00 0.000000000000000000e+00 0.000000000000000000e+00 0.000000000000000000e+00 0.000000000000000000e+00 0.000000000000000000e+00 0.000000000000000000e+00 0.000000000000000000e+00 0.000000000000000000e+00 0.000000000000000000e+00 0.000000000000000000e+00 0.000000000000000000e+00 0.000000000000000000e+00 0.000000000000000000e+00 0.000000000000000000e+00 0.000000000000000000e+00 0.000000000000000000e+00 0.000000000000000000e+00 0.000000000000000000e+00 0.000000000000000000e+00 0.000000000000000000e+00 0.000000000000000000e+00 0.000000000000000000e+00 0.000000000000000000e+00 0.000000000000000000e+00 0.000000000000000000e+00 0.000000000000000000e+00 0.000000000000000000e+00 0.000000000000000000e+00 0.000000000000000000e+00 0.000000000000000000e+00 0.000000000000000000e+00 0.000000000000000000e+00 0.000000000000000000e+00 0.000000000000000000e+00 0.000000000000000000e+00 0.000000000000000000e+00 0.000000000000000000e+00 0.000000000000000000e+00 0.000000000000000000e+00 0.000000000000000000e+00 0.000000000000000000e+00 0.000000000000000000e+00 0.000000000000000000e+00 0.000000000000000000e+00 0.000000000000000000e+00 0.000000000000000000e+00 0.000000000000000000e+00 0.000000000000000000e+00 0.000000000000000000e+00 0.000000000000000000e+00 0.000000000000000000e+00
0.000000000000000000e+00 0.000000000000000000e+00 0.000000000000000000e+00 0.000000000000000000e+00 0.000000000000000000e+00 0.000000000000000000e+00 0.000000000000000000e+00 0.000000000000000000e+00 0.000000000000000000e+00 0.000000000000000000e+00 0.000000000000000000e+00 0.000000000000000000e+00 0.000000000000000000e+00 0.000000000000000000e+00 0.000000000000000000e+00 0.000000000000000000e+00 0.000000000000000000e+00 0.000000000000000000e+00 0.000000000000000000e+00 0.000000000000000000e+00 0.000000000000000000e+00 0.000000000000000000e+00 0.000000000000000000e+00 0.000000000000000000e+00 0.000000000000000000e+00 0.000000000000000000e+00 0.000000000000000000e+00 0.000000000000000000e+00 0.000000000000000000e+00 0.000000000000000000e+00 0.000000000000000000e+00 0.000000000000000000e+00 0.000000000000000000e+00 0.000000000000000000e+00 0.000000000000000000e+00 0.000000000000000000e+00 0.000000000000000000e+00 0.000000000000000000e+00 0.000000000000000000e+00 0.000000000000000000e+00 0.000000000000000000e+00 0.000000000000000000e+00 0.000000000000000000e+00 0.000000000000000000e+00 0.000000000000000000e+00 0.000000000000000000e+00 0.000000000000000000e+00 0.000000000000000000e+00 0.000000000000000000e+00 0.000000000000000000e+00 0.000000000000000000e+00 0.000000000000000000e+00 0.000000000000000000e+00 0.000000000000000000e+00 0.000000000000000000e+00 0.000000000000000000e+00 0.000000000000000000e+00 0.000000000000000000e+00 0.000000000000000000e+00 0.000000000000000000e+00 0.000000000000000000e+00 0.000000000000000000e+00 0.000000000000000000e+00 0.000000000000000000e+00 0.000000000000000000e+00 0.000000000000000000e+00 0.000000000000000000e+00 0.000000000000000000e+00 0.000000000000000000e+00 0.000000000000000000e+00 0.000000000000000000e+00 0.000000000000000000e+00 0.000000000000000000e+00 0.000000000000000000e+00 0.000000000000000000e+00 0.000000000000000000e+00 0.000000000000000000e+00 0.000000000000000000e+00 0.000000000000000000e+00 0.000000000000000000e+00 0.000000000000000000e+00 0.000000000000000000e+00 0.000000000000000000e+00 0.000000000000000000e+00 0.000000000000000000e+00 0.000000000000000000e+00 0.000000000000000000e+00 0.000000000000000000e+00 0.000000000000000000e+00
0.000000000000000000e+00 0.000000000000000000e+00 0.000000000000000000e+00 4.799171842650097553e+00 7.254531126871549773e+00 1.069565217391303946e+01 3.199999999999997158e+01 3.404761904761903679e+01 4.974999999999996447e+01 1.353389830508473146e+01 3.849999999999996447e+01 6.789863325740316036e+00 0.000000000000000000e+00 6.699999999999997158e+01 5.499999999999998579e+01 3.516666666666664298e+01 0.000000000000000000e+00 6.500000000000000000e+01 0.000000000000000000e+00 0.000000000000000000e+00 0.000000000000000000e+00 0.000000000000000000e+00 0.000000000000000000e+00 0.000000000000000000e+00 0.000000000000000000e+00 0.000000000000000000e+00 0.000000000000000000e+00 0.000000000000000000e+00 0.000000000000000000e+00 0.000000000000000000e+00 0.000000000000000000e+00 9.249999999999994316e+01 0.000000000000000000e+00 0.000000000000000000e+00 0.000000000000000000e+00 0.000000000000000000e+00 0.000000000000000000e+00 2.878472222222221077e+01 3.355652173913041025e+01 5.624999999999997158e+01 0.000000000000000000e+00 0.000000000000000000e+00 0.000000000000000000e+00 0.000000000000000000e+00 3.437499999999998579e+01 0.000000000000000000e+00 0.000000000000000000e+00 0.000000000000000000e+00 0.000000000000000000e+00 0.000000000000000000e+00 0.000000000000000000e+00 0.000000000000000000e+00 0.000000000000000000e+00 0.000000000000000000e+00 0.000000000000000000e+00 0.000000000000000000e+00 0.000000000000000000e+00 0.000000000000000000e+00 0.000000000000000000e+00 0.000000000000000000e+00 0.000000000000000000e+00 0.000000000000000000e+00 0.000000000000000000e+00 0.000000000000000000e+00 0.000000000000000000e+00 0.000000000000000000e+00 0.000000000000000000e+00 0.000000000000000000e+00 0.000000000000000000e+00 0.000000000000000000e+00 0.000000000000000000e+00 0.000000000000000000e+00 0.000000000000000000e+00 0.000000000000000000e+00 0.000000000000000000e+00 0.000000000000000000e+00 0.000000000000000000e+00 0.000000000000000000e+00 0.000000000000000000e+00 0.000000000000000000e+00 0.000000000000000000e+00 7.099999999999990052e+01 0.000000000000000000e+00 0.000000000000000000e+00 0.000000000000000000e+00 0.000000000000000000e+00 0.000000000000000000e+00 0.000000000000000000e+00 0.000000000000000000e+00
0.000000000000000000e+00 0.000000000000000000e+00 0.000000000000000000e+00 7.254531126871549773e+00 1.015763920497647810e+01 1.017813765182185826e+01 2.753333333333330657e+01 2.387058823529410745e+01 4.352083333333332149e+01 1.659874863982588522e+01 4.257692307692305889e+01 1.784604754007738592e+01 5.854166666666665719e+01 5.849999999999997868e+01 3.559166666666665435e+01 1.408319738988579850e+01 3.131818181818181301e+01 5.132758620689651963e+01 6.306666666666661314e+01 0.000000000000000000e+00 8.599999999999997158e+01 0.000000000000000000e+00 0.000000000000000000e+00 0.000000000000000000e+00 0.000000000000000000e+00 5.449999999999997868e+01 0.000000000000000000e+00 5.549999999999997868e+01 7.083333333333332860e+01 7.319999999999998863e+01 7.959999999999998010e+01 8.039285714285712459e+01 7.371874999999997158e+01 8.199999999999997158e+01 1.220000000000000142e+02 0.000000000000000000e+00 0.000000000000000000e+00 1.158882655446469556e+01 2.004310095458489016e+01 4.205714285714284273e+01 0.000000000000000000e+00 4.433333333333330728e+01 0.000000000000000000e+00 3.821428571428571530e+01 5.460876369327072766e+00 1.938235294117646745e+01 0.000000000000000000e+00 0.000000000000000000e+00 4.924999999999996447e+01 0.000000000000000000e+00 5.299999999999995026e+01 0.000000000000000000e+00 4.981249999999997868e+01 0.000000000000000000e+00 0.000000000000000000e+00 0.000000000000000000e+00 0.000000000000000000e+00 0.000000000000000000e+00 2.849999999999996092e+01 4.500000000000000000e+01 5.149999999999993605e+01 5.799999999999997868e+01 0.000000000000000000e+00 0.000000000000000000e+00 0.000000000000000000e+00 0.000000000000000000e+00 0.000000000000000000e+00 0.000000000000000000e+00 0.000000000000000000e+00 0.000000000000000000e+00 0.000000000000000000e+00 9.099999999999992895e+01 0.000000000000000000e+00 0.000000000000000000e+00 0.000000000000000000e+00 0.000000000000000000e+00 0.000000000000000000e+00 0.000000000000000000e+00 0.000000000000000000e+00 0.000000000000000000e+00 2.273999999999997712e+01 3.733333333333329307e+01 0.000000000000000000e+00 0.000000000000000000e+00 2.150000000000000000e+01 0.000000000000000000e+00 0.000000000000000000e+00 1.637499999999999645e+01 1.049999999999999467e+01
0.000000000000000000e+00 0.000000000000000000e+00 0.000000000000000000e+00 1.069565217391303946e+01 1.017813765182185826e+01 1.389695630829650952e+01 7.684254606365156448e+00 1.349121985483492558e+01 3.452790697674416975e+01 1.749927366186164690e+01 4.440094339622639552e+01 2.663097660223803587e+01 6.324999999999998579e+01 6.499999999999997158e+01 2.879848484848483636e+01 2.362420382165603883e+01 3.502499999999999147e+01 5.753333333333332433e+01 6.939473684210524596e+01 3.250000000000000000e+01 0.000000000000000000e+00 0.000000000000000000e+00 0.000000000000000000e+00 0.000000000000000000e+00 1.140000000000000142e+02 6.212500000000000000e+01 4.249999999999997158e+01 6.124999999999997158e+01 7.457692307692305178e+01 5.953174603174601032e+01 7.738095238095233697e+01 7.987209302325578619e+01 7.656451612903222781e+01 0.000000000000000000e+00 9.383333333333330017e+01 0.000000000000000000e+00 4.949999999999999289e+01 1.856317093311312405e+01 2.028455014136037704e+01 2.126618705035970081e+01 0.000000000000000000e+00 3.808333333333331439e+01 0.000000000000000000e+00 2.127358490566036764e+01 1.555988023952094679e+01 3.540909090909088519e+01 0.000000000000000000e+00 0.000000000000000000e+00 3.599999999999995737e+01 0.000000000000000000e+00 4.824999999999997158e+01 0.000000000000000000e+00 4.324999999999997868e+01 0.000000000000000000e+00 5.024999999999996447e+01 0.000000000000000000e+00 0.000000000000000000e+00 0.000000000000000000e+00 3.066666666666665719e+01 4.799999999999997868e+01 0.000000000000000000e+00 0.000000000000000000e+00 0.000000000000000000e+00 0.000000000000000000e+00 0.000000000000000000e+00 0.000000000000000000e+00 0.000000000000000000e+00 0.000000000000000000e+00 0.000000000000000000e+00 0.000000000000000000e+00 0.000000000000000000e+00 0.000000000000000000e+00 0.000000000000000000e+00 0.000000000000000000e+00 0.000000000000000000e+00 6.999999999999997158e+01 0.000000000000000000e+00 0.000000000000000000e+00 0.000000000000000000e+00 0.000000000000000000e+00 3.924999999999996447e+01 4.417857142857138797e+01 0.000000000000000000e+00 0.000000000000000000e+00 0.000000000000000000e+00 0.000000000000000000e+00 0.000000000000000000e+00 0.000000000000000000e+00 0.000000000000000000e+00
0.000000000000000000e+00 0.000000000000000000e+00 0.000000000000000000e+00 3.199999999999997158e+01 2.753333333333330657e+01 7.684254606365156448e+00 6.759866962305983051e+00 7.035045402951187299e+00 2.392035398230087040e+01 1.150230282095566281e+01 4.807142857142857650e+01 3.188461538461537614e+01 4.757142857142855519e+01 8.300000000000000000e+01 4.324999999999997158e+01 2.412499999999999645e+01 1.104999999999999574e+02 0.000000000000000000e+00 6.525000000000001421e+01 0.000000000000000000e+00 0.000000000000000000e+00 0.000000000000000000e+00 0.000000000000000000e+00 0.000000000000000000e+00 7.074999999999994316e+01 8.149999999999998579e+01 0.000000000000000000e+00 6.412499999999997158e+01 5.799999999999997868e+01 4.483561643835614063e+01 7.249999999999995737e+01 7.534782608695650197e+01 7.314285714285712459e+01 0.000000000000000000e+00 0.000000000000000000e+00 0.000000000000000000e+00 0.000000000000000000e+00 2.612499999999997868e+01 3.194827586206894310e+01 3.012499999999997868e+01 0.000000000000000000e+00 0.000000000000000000e+00 7.950000000000002842e+01 0.000000000000000000e+00 3.099999999999997868e+01 0.000000000000000000e+00 0.000000000000000000e+00 0.000000000000000000e+00 0.000000000000000000e+00 0.000000000000000000e+00 0.000000000000000000e+00 0.000000000000000000e+00 0.000000000000000000e+00 0.000000000000000000e+00 0.000000000000000000e+00 0.000000000000000000e+00 0.000000000000000000e+00 0.000000000000000000e+00 0.000000000000000000e+00 0.000000000000000000e+00 0.000000000000000000e+00 0.000000000000000000e+00 0.000000000000000000e+00 0.000000000000000000e+00 0.000000000000000000e+00 0.000000000000000000e+00 0.000000000000000000e+00 0.000000000000000000e+00 0.000000000000000000e+00 0.000000000000000000e+00 0.000000000000000000e+00 0.000000000000000000e+00 0.000000000000000000e+00 0.000000000000000000e+00 0.000000000000000000e+00 0.000000000000000000e+00 0.000000000000000000e+00 0.000000000000000000e+00 0.000000000000000000e+00 0.000000000000000000e+00 0.000000000000000000e+00 0.000000000000000000e+00 0.000000000000000000e+00 0.000000000000000000e+00 0.000000000000000000e+00 0.000000000000000000e+00 0.000000000000000000e+00 0.000000000000000000e+00 0.000000000000000000e+00
0.000000000000000000e+00 0.000000000000000000e+00 0.000000000000000000e+00 3.404761904761903679e+01 2.387058823529410745e+01 1.349121985483492558e+01 7.035045402951187299e+00 7.974506578947366364e+00 1.091956841589013649e+01 1.863890486598412011e+01 3.673999999999998778e+01 2.573744769874475935e+01 2.861781609195401188e+01 6.899999999999998579e+01 3.431100682593854856e+01 2.262209302325580751e+01 3.206666666666665577e+01 5.224999999999999289e+01 5.858064516129030608e+01 8.549999999999997158e+01 7.306666666666664867e+01 0.000000000000000000e+00 0.000000000000000000e+00 1.032499999999999716e+02 6.566666666666662877e+01 6.696296296296293349e+01 0.000000000000000000e+00 5.844117647058822484e+01 3.880434782608693922e+01 3.709242298084927114e+01 5.946551724137928829e+01 6.556888888888887834e+01 6.140441176470585560e+01 0.000000000000000000e+00 7.650000000000000000e+01 7.699999999999994316e+01 7.114705882352939170e+01 1.624619289340100536e+01 2.416085271317827932e+01 2.772413793103446622e+01 0.000000000000000000e+00 3.962499999999996447e+01 5.837499999999997158e+01 3.977272727272724495e+01 2.127999999999997627e+01 3.816666666666665009e+01 0.000000000000000000e+00 4.099999999999997158e+01 4.024999999999995026e+01 4.949999999999994316e+01 4.605555555555551450e+01 0.000000000000000000e+00 4.261111111111107874e+01 0.000000000000000000e+00 4.124999999999995026e+01 0.000000000000000000e+00 7.599999999999988631e+01 0.000000000000000000e+00 2.616666666666665719e+01 3.250000000000001421e+01 0.000000000000000000e+00 0.000000000000000000e+00 0.000000000000000000e+00 0.000000000000000000e+00 0.000000000000000000e+00 0.000000000000000000e+00 0.000000000000000000e+00 0.000000000000000000e+00 0.000000000000000000e+00 0.000000000000000000e+00 0.000000000000000000e+00 0.000000000000000000e+00 0.000000000000000000e+00 0.000000000000000000e+00 0.000000000000000000e+00 0.000000000000000000e+00 0.000000000000000000e+00 0.000000000000000000e+00 0.000000000000000000e+00 0.000000000000000000e+00 3.258333333333330728e+01 4.499999999999997158e+01 0.000000000000000000e+00 0.000000000000000000e+00 0.000000000000000000e+00 0.000000000000000000e+00 0.000000000000000000e+00 0.000000000000000000e+00 0.000000000000000000e+00
0.000000000000000000e+00 0.000000000000000000e+00 0.000000000000000000e+00 4.974999999999996447e+01 4.352083333333332149e+01 3.452790697674416975e+01 2.392035398230087040e+01 1.091956841589013649e+01 1.289957488326712465e+01 2.078086825784626512e+01 2.409223300970873893e+01 3.080321459600347467e+01 9.494450610432849658e+00 4.880000000000001137e+01 2.085794346978556746e+01 3.435301204819277388e+01 2.725531914893616658e+01 4.794999999999998863e+01 5.908333333333331439e+01 7.474999999999997158e+01 6.020348837209300541e+01 6.399999999999997868e+01 6.784615384615383959e+01 7.804166666666664298e+01 6.058695652173911128e+01 5.394295302013421889e+01 4.908333333333333570e+01 4.201013513513512976e+01 2.512891566265059495e+01 2.568837441705528590e+01 5.075161290322580498e+01 5.579638009049773473e+01 5.990625000000000000e+01 7.133333333333332860e+01 7.060869565217390686e+01 7.350000000000000000e+01 5.544318181818182012e+01 2.249299299299299193e+01 1.583137198622273267e+01 2.318750000000000000e+01 0.000000000000000000e+00 3.749999999999998579e+01 6.285714285714284699e+01 4.187499999999999289e+01 3.181999999999999673e+01 3.136250000000000071e+01 0.000000000000000000e+00 5.466666666666662167e+01 0.000000000000000000e+00 0.000000000000000000e+00 0.000000000000000000e+00 0.000000000000000000e+00 5.159090909090907218e+01 6.024999999999997158e+01 5.107142857142850545e+01 8.949999999999998579e+01 0.000000000000000000e+00 5.549999999999993605e+01 5.624999999999997158e+01 3.315909090909089940e+01 0.000000000000000000e+00 0.000000000000000000e+00 0.000000000000000000e+00 0.000000000000000000e+00 0.000000000000000000e+00 0.000000000000000000e+00 0.000000000000000000e+00 0.000000000000000000e+00 0.000000000000000000e+00 0.000000000000000000e+00 0.000000000000000000e+00 0.000000000000000000e+00 8.399999999999992895e+01 0.000000000000000000e+00 0.000000000000000000e+00 0.000000000000000000e+00 0.000000000000000000e+00 0.000000000000000000e+00 0.000000000000000000e+00 0.000000000000000000e+00 4.133333333333329307e+01 4.949999999999999289e+01 0.000000000000000000e+00 0.000000000000000000e+00 0.000000000000000000e+00 0.000000000000000000e+00 0.000000000000000000e+00 0.000000000000000000e+00 0.000000000000000000e+00
0.000000000000000000e+00 0.000000000000000000e+00 0.000000000000000000e+00 1.353389830508473146e+01 1.659874863982588522e+01 1.749927366186164690e+01 1.150230282095566281e+01 1.863890486598412011e+01 2.078086825784626512e+01 1.314911971830985671e+01 1.325377949852506809e+01 1.563307396251672898e+01 4.820697674418602929e+01 5.373076923076923350e+01 2.892402315484803310e+01 2.686352121595945874e+01 2.704241071428570464e+01 4.267924528301884379e+01 6.245283018867922920e+01 0.000000000000000000e+00 7.817021276595743018e+01 7.874999999999997158e+01 7.300000000000000000e+01 8.649999999999997158e+01 8.949999999999998579e+01 6.865517241379308189e+01 0.000000000000000000e+00 6.042857142857140929e+01 5.581818181818179880e+01 5.063245356793742502e+01 6.137740805604200744e+01 6.687517780938831891e+01 6.647123287671230685e+01 7.325000000000000000e+01 7.504469273743016799e+01 7.796428571428570820e+01 7.826999999999999602e+01 2.222779922779921691e+01 2.476964099895939597e+01 3.342394822006471600e+01 0.000000000000000000e+00 4.481249999999999289e+01 6.887499999999998579e+01 4.572727272727269821e+01 3.019918699186989741e+01 3.766379310344827047e+01 0.000000000000000000e+00 4.683333333333328596e+01 4.489999999999993463e+01 0.000000000000000000e+00 4.914285714285709616e+01 5.324999999999995737e+01 5.137499999999995737e+01 5.716666666666662877e+01 4.597368421052624399e+01 0.000000000000000000e+00 5.949999999999999289e+01 0.000000000000000000e+00 3.573333333333331296e+01 3.268333333333330870e+01 4.419999999999996732e+01 4.750000000000001421e+01 0.000000000000000000e+00 0.000000000000000000e+00 0.000000000000000000e+00 0.000000000000000000e+00 0.000000000000000000e+00 0.000000000000000000e+00 0.000000000000000000e+00 0.000000000000000000e+00 0.000000000000000000e+00 6.199999999999989342e+01 0.000000000000000000e+00 0.000000000000000000e+00 9.350000000000001421e+01 7.449999999999992895e+01 0.000000000000000000e+00 0.000000000000000000e+00 0.000000000000000000e+00 0.000000000000000000e+00 3.854761904761901548e+01 4.544594594594589410e+01 5.600000000000000711e+01 0.000000000000000000e+00 5.500000000000000000e+01 0.000000000000000000e+00 0.000000000000000000e+00 5.324999999999998579e+01 0.000000000000000000e+00
0.000000000000000000e+00 0.000000000000000000e+00 0.000000000000000000e+00 3.849999999999996447e+01 4.257692307692305889e+01 4.440094339622639552e+01 4.807142857142857650e+01 3.673999999999998778e+01 2.409223300970873893e+01 1.325377949852506809e+01 1.357228685866870066e+01 2.442910447761193993e+01 1.546185472818638651e+01 4.867499999999999716e+01 2.425239338555265078e+01 4.060416666666665009e+01 2.476451612903225197e+01 3.109051724137930606e+01 4.753174603174603163e+01 7.950000000000000000e+01 6.254931972789115946e+01 6.433333333333332860e+01 5.953571428571427759e+01 7.885294117647056567e+01 5.885714285714285410e+01 4.925000000000000000e+01 6.009090909090907928e+01 4.268698060941828487e+01 2.812009419152276379e+01 3.560692861427713751e+01 4.710184796304073984e+01 4.466142595978062246e+01 4.740987868284229023e+01 5.397794117647058698e+01 5.951345895020188692e+01 6.155769230769230660e+01 5.932442748091602880e+01 2.250979706088172705e+01 2.168020188116540581e+01 2.774776500638568777e+01 0.000000000000000000e+00 2.997321428571428470e+01 6.166249999999998010e+01 3.404712041884816642e+01 3.789285714285713169e+01 3.528545454545454163e+01 0.000000000000000000e+00 0.000000000000000000e+00 0.000000000000000000e+00 0.000000000000000000e+00 0.000000000000000000e+00 4.299999999999995737e+01 6.039999999999995595e+01 5.939999999999995595e+01 4.816666666666665009e+01 0.000000000000000000e+00 0.000000000000000000e+00 0.000000000000000000e+00 4.174999999999995026e+01 3.808823529411761655e+01 4.874999999999998579e+01 0.000000000000000000e+00 0.000000000000000000e+00 0.000000000000000000e+00 0.000000000000000000e+00 0.000000000000000000e+00 0.000000000000000000e+00 0.000000000000000000e+00 0.000000000000000000e+00 0.000000000000000000e+00 0.000000000000000000e+00 0.000000000000000000e+00 0.000000000000000000e+00 0.000000000000000000e+00 0.000000000000000000e+00 0.000000000000000000e+00 0.000000000000000000e+00 0.000000000000000000e+00 0.000000000000000000e+00 0.000000000000000000e+00 4.483333333333331439e+01 6.066666666666662877e+01 4.899999999999998579e+01 0.000000000000000000e+00 0.000000000000000000e+00 0.000000000000000000e+00 0.000000000000000000e+00 0.000000000000000000e+00 0.000000000000000000e+00
0.000000000000000000e+00 0.000000000000000000e+00 0.000000000000000000e+00 6.789863325740316036e+00 1.784604754007738592e+01 2.663097660223803587e+01 3.188461538461537614e+01 2.573744769874475935e+01 3.080321459600347467e+01 1.563307396251672898e+01 2.442910447761193993e+01 1.700885784601894812e+01 2.106497705465164927e+01 1.642760443527591363e+01 3.100529100529100646e+01 2.442268694550062591e+01 1.701475107559925704e+01 2.759293680297396989e+01 4.147085492227979131e+01 0.000000000000000000e+00 7.659375000000000000e+01 6.850000000000000000e+01 0.000000000000000000e+00 9.599999999999997158e+01 1.055000000000000000e+02 6.599999999999998579e+01 5.779999999999999005e+01 6.273809523809524080e+01 3.779808350444901066e+01 4.052418604651162326e+01 5.138035264483627174e+01 4.501860254083484847e+01 4.346646746347940393e+01 6.271428571428570109e+01 6.947126436781609016e+01 6.550000000000000000e+01 8.047058823529411598e+01 2.587353629976579938e+01 2.943817519962422935e+01 3.411397984886649937e+01 0.000000000000000000e+00 3.417647058823529704e+01 6.879999999999999716e+01 4.243627450980392268e+01 3.768181818181815146e+01 3.978365384615384670e+01 0.000000000000000000e+00 4.599999999999994316e+01 4.049999999999997158e+01 4.949999999999995737e+01 5.044999999999993889e+01 3.249999999999997158e+01 5.018749999999996447e+01 6.107142857142855519e+01 9.075242718446597578e+00 3.624999999999998579e+01 1.899999999999999289e+01 4.599999999999996447e+01 3.102380952380950774e+01 3.145833333333331439e+01 2.126470588235293846e+01 4.409999999999998721e+01 0.000000000000000000e+00 0.000000000000000000e+00 0.000000000000000000e+00 0.000000000000000000e+00 0.000000000000000000e+00 0.000000000000000000e+00 0.000000000000000000e+00 0.000000000000000000e+00 0.000000000000000000e+00 0.000000000000000000e+00 0.000000000000000000e+00 0.000000000000000000e+00 8.549999999999994316e+01 6.466666666666662877e+01 0.000000000000000000e+00 0.000000000000000000e+00 0.000000000000000000e+00 0.000000000000000000e+00 3.981578947368418397e+01 4.420930232558135486e+01 3.849999999999998579e+01 0.000000000000000000e+00 3.549999999999998579e+01 0.000000000000000000e+00 0.000000000000000000e+00 4.149999999999998579e+01 8.799999999999998579e+01
0.000000000000000000e+00 0.000000000000000000e+00 0.000000000000000000e+00 0.000000000000000000e+00 5.854166666666665719e+01 6.324999999999998579e+01 4.757142857142855519e+01 2.861781609195401188e+01 9.494450610432849658e+00 4.820697674418602929e+01 1.546185472818638651e+01 2.106497705465164927e+01 1.435290788490707037e+01 8.290097031963469476e+00 2.471173786810452455e+01 5.664130434782606471e+01 3.753977272727271952e+01 1.768969555035128849e+01 3.525842696629213435e+01 6.924999999999995737e+01 5.410294117647057988e+01 5.743749999999999289e+01 6.263888888888887863e+01 6.824999999999997158e+01 5.631081081081079986e+01 2.538228155339805880e+01 3.281818181818181301e+01 3.772361809045226266e+01 1.849233207238523491e+01 2.568480725623582472e+01 3.735486577181207934e+01 3.270992125984251686e+01 3.708579088471849872e+01 4.350000000000000000e+01 4.971739130434782794e+01 5.499999999999999289e+01 5.067808219178082396e+01 2.579639889196675995e+01 2.598281388528951297e+01 2.981264952153111025e+01 0.000000000000000000e+00 2.839439655172414234e+01 5.407812499999998579e+01 3.688200934579439405e+01 4.750000000000001421e+01 3.676881720430107237e+01 0.000000000000000000e+00 0.000000000000000000e+00 0.000000000000000000e+00 0.000000000000000000e+00 0.000000000000000000e+00 0.000000000000000000e+00 0.000000000000000000e+00 6.899999999999997158e+01 5.849999999999996447e+01 0.000000000000000000e+00 3.049999999999996092e+01 0.000000000000000000e+00 0.000000000000000000e+00 6.099999999999999289e+01 3.816666666666665009e+01 1.749999999999998934e+01 0.000000000000000000e+00 0.000000000000000000e+00 0.000000000000000000e+00 0.000000000000000000e+00 0.000000000000000000e+00 0.000000000000000000e+00 0.000000000000000000e+00 0.000000000000000000e+00 0.000000000000000000e+00 0.000000000000000000e+00 0.000000000000000000e+00 0.000000000000000000e+00 0.000000000000000000e+00 0.000000000000000000e+00 0.000000000000000000e+00 0.000000000000000000e+00 0.000000000000000000e+00 0.000000000000000000e+00 4.599999999999996447e+01 5.849999999999998579e+01 0.000000000000000000e+00 0.000000000000000000e+00 0.000000000000000000e+00 5.974999999999995737e+01 0.000000000000000000e+00 0.000000000000000000e+00 0.000000000000000000e+00
0.000000000000000000e+00 0.000000000000000000e+00 0.000000000000000000e+00 6.699999999999997158e+01 5.849999999999997868e+01 6.499999999999997158e+01 8.300000000000000000e+01 6.899999999999998579e+01 4.880000000000001137e+01 5.373076923076923350e+01 4.867499999999999716e+01 1.642760443527591363e+01 8.290097031963469476e+00 1.275509638052974459e+01 3.583333333333333570e+01 5.168749999999998579e+01 3.828260869565217206e+01 9.258503401360542284e+00 1.646153846153846700e+01 0.000000000000000000e+00 6.100000000000002132e+01 0.000000000000000000e+00 0.000000000000000000e+00 0.000000000000000000e+00 0.000000000000000000e+00 4.400000000000002842e+01 0.000000000000000000e+00 4.499999999999999289e+01 1.130569193003988993e+01 3.619491525423728717e+01 4.639999999999999147e+01 1.484615384615384315e+01 1.397101449275362306e+01 0.000000000000000000e+00 0.000000000000000000e+00 0.000000000000000000e+00 0.000000000000000000e+00 3.236111111111110716e+01 3.763870967741935658e+01 3.411200000000000188e+01 0.000000000000000000e+00 3.400000000000000000e+01 0.000000000000000000e+00 3.629999999999999716e+01 0.000000000000000000e+00 4.183333333333333570e+01 0.000000000000000000e+00 0.000000000000000000e+00 0.000000000000000000e+00 0.000000000000000000e+00 0.000000000000000000e+00 0.000000000000000000e+00 0.000000000000000000e+00 0.000000000000000000e+00 0.000000000000000000e+00 0.000000000000000000e+00 0.000000000000000000e+00 0.000000000000000000e+00 5.449999999999999289e+01 0.000000000000000000e+00 0.000000000000000000e+00 0.000000000000000000e+00 0.000000000000000000e+00 0.000000000000000000e+00 0.000000000000000000e+00 0.000000000000000000e+00 0.000000000000000000e+00 0.000000000000000000e+00 0.000000000000000000e+00 0.000000000000000000e+00 0.000000000000000000e+00 0.000000000000000000e+00 0.000000000000000000e+00 0.000000000000000000e+00 0.000000000000000000e+00 0.000000000000000000e+00 0.000000000000000000e+00 0.000000000000000000e+00 0.000000000000000000e+00 0.000000000000000000e+00 0.000000000000000000e+00 7.450000000000001421e+01 0.000000000000000000e+00 0.000000000000000000e+00 0.000000000000000000e+00 0.000000000000000000e+00 0.000000000000000000e+00 0.000000000000000000e+00 0.000000000000000000e+00
0.000000000000000000e+00 0.000000000000000000e+00 0.000000000000000000e+00 5.499999999999998579e+01 3.559166666666665435e+01 2.879848484848483636e+01 4.324999999999997158e+01 3.431100682593854856e+01 2.085794346978556746e+01 2.892402315484803310e+01 2.425239338555265078e+01 3.100529100529100646e+01 2.471173786810452455e+01 3.583333333333333570e+01 1.121184600197433134e+01 4.422999999999998977e+01 2.584166666666665790e+01 2.619565217391304301e+01 2.377329192546583059e+01 1.306481481481481488e+01 3.390429042904289503e+01 3.228947368421052744e+01 2.344945848375450481e+01 1.875087719298244693e+01 2.204609929078013408e+01 2.440056068601582595e+01 2.329613935969867455e+01 2.879469854469853729e+01 1.787356760886172680e+01 2.591755793226380788e+01 4.553569452130601292e+01 3.062157468159011842e+01 2.990759075907589448e+01 5.468181818181815856e+01 4.990927021696251131e+01 5.536842105263155389e+01 4.589144736842104066e+01 2.695454545454544615e+01 8.591979980468746447e+00 1.906354515050167109e+01 0.000000000000000000e+00 2.152459016393441971e+01 1.309133126934984581e+01 1.321220159151193663e+01 2.260000000000001208e+01 2.160347432024168768e+01 0.000000000000000000e+00 0.000000000000000000e+00 0.000000000000000000e+00 0.000000000000000000e+00 0.000000000000000000e+00 0.000000000000000000e+00 6.433333333333330017e+01 4.649999999999997868e+01 4.869999999999996021e+01 6.875000000000000000e+01 4.549999999999998579e+01 5.699999999999997868e+01 6.833333333333330017e+01 3.744444444444442155e+01 3.233333333333330017e+01 3.046666666666664014e+01 0.000000000000000000e+00 0.000000000000000000e+00 4.349999999999995737e+01 0.000000000000000000e+00 0.000000000000000000e+00 0.000000000000000000e+00 0.000000000000000000e+00 0.000000000000000000e+00 0.000000000000000000e+00 0.000000000000000000e+00 4.912499999999997158e+01 6.433333333333332860e+01 0.000000000000000000e+00 3.724999999999999289e+01 0.000000000000000000e+00 0.000000000000000000e+00 0.000000000000000000e+00 0.000000000000000000e+00 3.300000000000002132e+01 5.516666666666663588e+01 0.000000000000000000e+00 0.000000000000000000e+00 3.340624999999997158e+01 3.449999999999998579e+01 0.000000000000000000e+00 0.000000000000000000e+00 0.000000000000000000e+00
0.000000000000000000e+00 0.000000000000000000e+00 0.000000000000000000e+00 3.516666666666664298e+01 1.408319738988579850e+01 2.362420382165603883e+01 2.412499999999999645e+01 2.262209302325580751e+01 3.435301204819277388e+01 2.686352121595945874e+01 4.060416666666665009e+01 2.442268694550062591e+01 5.664130434782606471e+01 5.168749999999998579e+01 4.422999999999998977e+01 7.385852911133808263e+00 1.279079406631762339e+01 3.934979875594582666e+01 5.358476764199652109e+01 0.000000000000000000e+00 0.000000000000000000e+00 9.999999999999998579e+01 0.000000000000000000e+00 0.000000000000000000e+00 0.000000000000000000e+00 7.933333333333330017e+01 6.874999999999994316e+01 8.249999999999998579e+01 6.663043478260867403e+01 6.834057971014490818e+01 7.580303030303028322e+01 7.166053511705683832e+01 5.891046511627903470e+01 8.262499999999998579e+01 8.837499999999998579e+01 0.000000000000000000e+00 7.899999999999992895e+01 1.593090452261305323e+01 2.625474777448069830e+01 4.670481927710841319e+01 0.000000000000000000e+00 5.749999999999996447e+01 7.866666666666662877e+01 6.124999999999998579e+01 1.061596385542167909e+01 5.959090909090907928e+01 0.000000000000000000e+00 9.399999999999997158e+01 2.533333333333329662e+01 0.000000000000000000e+00 4.269999999999994600e+01 3.549999999999996447e+01 3.370689655172411392e+01 5.374999999999996447e+01 4.093333333333330160e+01 5.983333333333332149e+01 5.083333333333331439e+01 0.000000000000000000e+00 2.145238095238093834e+01 2.539393939393936961e+01 3.661111111111109295e+01 5.126666666666663730e+01 0.000000000000000000e+00 0.000000000000000000e+00 0.000000000000000000e+00 0.000000000000000000e+00 0.000000000000000000e+00 0.000000000000000000e+00 0.000000000000000000e+00 0.000000000000000000e+00 0.000000000000000000e+00 6.399999999999996447e+01 0.000000000000000000e+00 0.000000000000000000e+00 7.209999999999996589e+01 5.407142857142855519e+01 0.000000000000000000e+00 0.000000000000000000e+00 0.000000000000000000e+00 0.000000000000000000e+00 2.558620689655170466e+01 4.049999999999997868e+01 5.191666666666665009e+01 0.000000000000000000e+00 0.000000000000000000e+00 0.000000000000000000e+00 0.000000000000000000e+00 2.199999999999999645e+01 0.000000000000000000e+00
0.000000000000000000e+00 0.000000000000000000e+00 0.000000000000000000e+00 0.000000000000000000e+00 3.131818181818181301e+01 3.502499999999999147e+01 1.104999999999999574e+02 3.206666666666665577e+01 2.725531914893616658e+01 2.704241071428570464e+01 2.476451612903225197e+01 1.701475107559925704e+01 3.753977272727271952e+01 3.828260869565217206e+01 2.584166666666665790e+01 1.279079406631762339e+01 8.722462722462717366e+00 2.206806722689074363e+01 3.551616379310343063e+01 0.000000000000000000e+00 8.799999999999997158e+01 8.199999999999997158e+01 0.000000000000000000e+00 0.000000000000000000e+00 0.000000000000000000e+00 7.749999999999998579e+01 4.549999999999998579e+01 0.000000000000000000e+00 4.861904761904760619e+01 5.547999999999999687e+01 6.079999999999999005e+01 5.263261648745518073e+01 3.734210526315788314e+01 0.000000000000000000e+00 8.524999999999997158e+01 0.000000000000000000e+00 0.000000000000000000e+00 1.986639676113359698e+01 2.637870370370369599e+01 3.313513513513512976e+01 0.000000000000000000e+00 4.359999999999996589e+01 6.249999999999996447e+01 4.339285714285713169e+01 2.862500000000000355e+01 4.278947368421052744e+01 0.000000000000000000e+00 4.950000000000003553e+01 0.000000000000000000e+00 0.000000000000000000e+00 3.549999999999998579e+01 2.849999999999998224e+01 3.053846153846152234e+01 3.149999999999996092e+01 2.378787878787877119e+01 4.699999999999997158e+01 2.583333333333332504e+01 0.000000000000000000e+00 2.106250000000000000e+01 1.016666666666666252e+01 1.811538461538460965e+01 3.878947368421051323e+01 0.000000000000000000e+00 0.000000000000000000e+00 0.000000000000000000e+00 0.000000000000000000e+00 0.000000000000000000e+00 0.000000000000000000e+00 0.000000000000000000e+00 0.000000000000000000e+00 0.000000000000000000e+00 5.099999999999995737e+01 0.000000000000000000e+00 0.000000000000000000e+00 6.179999999999994031e+01 4.428571428571427759e+01 0.000000000000000000e+00 0.000000000000000000e+00 0.000000000000000000e+00 0.000000000000000000e+00 1.607894736842103001e+01 2.942307692307689138e+01 3.100000000000000000e+01 0.000000000000000000e+00 5.149999999999999289e+01 0.000000000000000000e+00 0.000000000000000000e+00 3.800000000000000711e+01 0.000000000000000000e+00
