0.000000000000000000e+00 0.000000000000000000e+00 0.000000000000000000e+00 0.000000000000000000e+00 0.000000000000000000e+00 0.000000000000000000e+00 0.000000000000000000e+00 0.000000000000000000e+00 0.000000000000000000e+00 0.000000000000000000e+00 0.000000000000000000e+00 0.000000000000000000e+00 0.000000000000000000e+00 0.000000000000000000e+00 0.000000000000000000e+00 0.000000000000000000e+00 0.000000000000000000e+00 0.000000000000000000e+00 0.000000000000000000e+00 0.000000000000000000e+00 0.000000000000000000e+00 0.000000000000000000e+00 0.000000000000000000e+00 0.000000000000000000e+00 0.000000000000000000e+00 0.000000000000000000e+00 0.000000000000000000e+00 0.000000000000000000e+00 0.000000000000000000e+00 0.000000000000000000e+00 0.000000000000000000e+00 0.000000000000000000e+00 0.000000000000000000e+00 0.000000000000000000e+00 0.000000000000000000e+00 0.000000000000000000e+00 0.000000000000000000e+00 0.000000000000000000e+00 0.000000000000000000e+00 0.000000000000000000e+00 0.000000000000000000e+00 0.000000000000000000e+00 0.000000000000000000e+00 0.000000000000000000e+00 0.000000000000000000e+00 0.000000000000000000e+00 0.000000000000000000e+00 0.000000000000000000e+00 0.000000000000000000e+00 0.000000000000000000e+00 0.000000000000000000e+00 0.000000000000000000e+00 0.000000000000000000e+00 0.000000000000000000e+00 0.000000000000000000e+00 0.000000000000000000e+00 0.000000000000000000e+00 0.000000000000000000e+00 0.000000000000000000e+00 0.000000000000000000e+00 0.000000000000000000e+00 0.000000000000000000e+00 0.000000000000000000e+00 0.000000000000000000e+00 0.000000000000000000e+00 0.000000000000000000e+00 0.000000000000000000e+00 0.000000000000000000e+00 0.000000000000000000e+00 0.000000000000000000e+00 0.000000000000000000e+00 0.000000000000000000e+00 0.000000000000000000e+00 0.000000000000000000e+00 0.000000000000000000e+00 0.000000000000000000e+00 0.000000000000000000e+00 0.000000000000000000e+00 0.000000000000000000e+00 0.000000000000000000e+00 0.000000000000000000e+00 0.000000000000000000e+00 0.000000000000000000e+00 0.000000000000000000e+00 0.000000000000000000e+00 0.000000000000000000e+00 0.000000000000000000e+00 0.000000000000000000e+00 0.000000000000000000e+00
0.000000000000000000e+00 0.000000000000000000e+00 0.000000000000000000e+00 0.000000000000000000e+00 0.000000000000000000e+00 0.000000000000000000e+00 0.000000000000000000e+00 0.000000000000000000e+00 0.000000000000000000e+00 0.000000000000000000e+00 0.000000000000000000e+00 0.000000000000000000e+00 0.000000000000000000e+00 0.000000000000000000e+00 0.000000000000000000e+00 0.000000000000000000e+00 0.000000000000000000e+00 0.000000000000000000e+00 0.000000000000000000e+00 0.000000000000000000e+00 0.000000000000000000e+00 0.000000000000000000e+00 0.000000000000000000e+00 0.000000000000000000e+00 0.000000000000000000e+00 0.000000000000000000e+00 0.000000000000000000e+00 0.000000000000000000e+00 0.000000000000000000e+00 0.000000000000000000e+00 0.000000000000000000e+00 0.000000000000000000e+00 0.000000000000000000e+00 0.000000000000000000e+00 0.000000000000000000e+00 0.000000000000000000e+00 0.000000000000000000e+00 0.000000000000000000e+00 0.000000000000000000e+00 0.000000000000000000e+00 0.000000000000000000e+00 0.000000000000000000e+00 0.000000000000000000e+00 0.000000000000000000e+00 0.000000000000000000e+00 0.000000000000000000e+00 0.000000000000000000e+00 0.000000000000000000e+00 0.000000000000000000e+00 0.000000000000000000e+00 0.000000000000000000e+00 0.000000000000000000e+00 0.000000000000000000e+00 0.000000000000000000e+00 0.000000000000000000e+00 0.000000000000000000e+00 0.000000000000000000e+00 0.000000000000000000e+00 0.000000000000000000e+00 0.000000000000000000e+00 0.000000000000000000e+00 0.000000000000000000e+00 0.000000000000000000e+00 0.000000000000000000e+00 0.000000000000000000e+00 0.000000000000000000e+00 0.000000000000000000e+00 0.000000000000000000e+00 0.000000000000000000e+00 0.000000000000000000e+00 0.000000000000000000e+00 0.000000000000000000e+00 0.000000000000000000e+00 0.000000000000000000e+00 0.000000000000000000e+00 0.000000000000000000e+00 0.000000000000000000e+00 0.000000000000000000e+00 0.000000000000000000e+00 0.000000000000000000e+00 0.000000000000000000e+00 0.000000000000000000e+00 0.000000000000000000e+00 0.000000000000000000e+00 0.000000000000000000e+00 0.000000000000000000e+00 0.000000000000000000e+00 0.000000000000000000e+00 0.000000000000000000e+00
0.000000000000000000e+00 0.000000000000000000e+00 0.000000000000000000e+00 0.000000000000000000e+00 0.000000000000000000e+00 0.000000000000000000e+00 0.000000000000000000e+00 0.000000000000000000e+00 0.000000000000000000e+00 0.000000000000000000e+00 0.000000000000000000e+00 0.000000000000000000e+00 0.000000000000000000e+00 0.000000000000000000e+00 0.000000000000000000e+00 0.000000000000000000e+00 0.000000000000000000e+00 0.000000000000000000e+00 0.000000000000000000e+00 0.000000000000000000e+00 0.000000000000000000e+00 0.000000000000000000e+00 0.000000000000000000e+00 0.000000000000000000e+00 0.000000000000000000e+00 0.000000000000000000e+00 0.000000000000000000e+00 0.000000000000000000e+00 0.000000000000000000e+00 0.000000000000000000e+00 0.000000000000000000e+00 0.000000000000000000e+00 0.000000000000000000e+00 0.000000000000000000e+00 0.000000000000000000e+00 0.000000000000000000e+00 0.000000000000000000e+00 0.000000000000000000e+00 0.000000000000000000e+00 0.000000000000000000e+00 0.000000000000000000e+00 0.000000000000000000e+00 0.000000000000000000e+00 0.000000000000000000e+00 0.000000000000000000e+00 0.000000000000000000e+00 0.000000000000000000e+00 0.000000000000000000e+00 0.000000000000000000e+00 0.000000000000000000e+00 0.000000000000000000e+00 0.000000000000000000e+00 0.000000000000000000e+00 0.000000000000000000e+00 0.000000000000000000e+00 0.000000000000000000e+00 0.000000000000000000e+00 0.000000000000000000e+00 0.000000000000000000e+00 0.000000000000000000e+00 0.000000000000000000e+00 0.000000000000000000e+00 0.000000000000000000e+00 0.000000000000000000e+00 0.000000000000000000e+00 0.000000000000000000e+00 0.000000000000000000e+00 0.000000000000000000e+00 0.000000000000000000e+00 0.000000000000000000e+00 0.000000000000000000e+00 0.000000000000000000e+00 0.000000000000000000e+00 0.000000000000000000e+00 0.000000000000000000e+00 0.000000000000000000e+00 0.000000000000000000e+00 0.000000000000000000e+00 0.000000000000000000e+00 0.000000000000000000e+00 0.000000000000000000e+00 0.000000000000000000e+00 0.000000000000000000e+00 0.000000000000000000e+00 0.000000000000000000e+00 0.000000000000000000e+00 0.000000000000000000e+00 0.000000000000000000e+00 0.000000000000000000e+00
0.000000000000000000e+00 0.000000000000000000e+00 0.000000000000000000e+00 3.877477477477474288e+00 7.326579670329665284e+00 1.115670103092782917e+01 2.700000000000000355e+01 3.035714285714285054e+01 5.074999999999999289e+01 1.188084112149532068e+01 5.000000000000000000e+01 6.740029006526467192e+00 0.000000000000000000e+00 0.000000000000000000e+00 5.149999999999998579e+01 2.969999999999997087e+01 0.000000000000000000e+00 0.000000000000000000e+00 0.000000000000000000e+00 0.000000000000000000e+00 0.000000000000000000e+00 0.000000000000000000e+00 0.000000000000000000e+00 0.000000000000000000e+00 0.000000000000000000e+00 0.000000000000000000e+00 0.000000000000000000e+00 0.000000000000000000e+00 0.000000000000000000e+00 0.000000000000000000e+00 0.000000000000000000e+00 0.000000000000000000e+00 0.000000000000000000e+00 0.000000000000000000e+00 0.000000000000000000e+00 0.000000000000000000e+00 0.000000000000000000e+00 3.026086956521738003e+01 3.336111111111109295e+01 0.000000000000000000e+00 0.000000000000000000e+00 0.000000000000000000e+00 0.000000000000000000e+00 0.000000000000000000e+00 0.000000000000000000e+00 0.000000000000000000e+00 0.000000000000000000e+00 0.000000000000000000e+00 0.000000000000000000e+00 0.000000000000000000e+00 0.000000000000000000e+00 0.000000000000000000e+00 0.000000000000000000e+00 0.000000000000000000e+00 0.000000000000000000e+00 0.000000000000000000e+00 0.000000000000000000e+00 0.000000000000000000e+00 0.000000000000000000e+00 0.000000000000000000e+00 0.000000000000000000e+00 0.000000000000000000e+00 0.000000000000000000e+00 0.000000000000000000e+00 0.000000000000000000e+00 0.000000000000000000e+00 0.000000000000000000e+00 0.000000000000000000e+00 0.000000000000000000e+00 0.000000000000000000e+00 0.000000000000000000e+00 0.000000000000000000e+00 0.000000000000000000e+00 0.000000000000000000e+00 0.000000000000000000e+00 0.000000000000000000e+00 0.000000000000000000e+00 0.000000000000000000e+00 0.000000000000000000e+00 0.000000000000000000e+00 0.000000000000000000e+00 0.000000000000000000e+00 0.000000000000000000e+00 0.000000000000000000e+00 0.000000000000000000e+00 0.000000000000000000e+00 0.000000000000000000e+00 0.000000000000000000e+00 0.000000000000000000e+00
0.000000000000000000e+00 0.000000000000000000e+00 0.000000000000000000e+00 7.326579670329665284e+00 1.110717287755672977e+01 1.057538167938930584e+01 2.794285714285712885e+01 2.672051282051281262e+01 4.283962264150942190e+01 1.750202131569274755e+01 4.279999999999998295e+01 1.661993769470404203e+01 5.474999999999997158e+01 0.000000000000000000e+00 2.436224489795917592e+01 1.442233632862643411e+01 2.464705882352940236e+01 4.349999999999996447e+01 8.399999999999998579e+01 0.000000000000000000e+00 0.000000000000000000e+00 0.000000000000000000e+00 0.000000000000000000e+00 0.000000000000000000e+00 0.000000000000000000e+00 6.049999999999992184e+01 5.200000000000000711e+01 0.000000000000000000e+00 0.000000000000000000e+00 7.049999999999992895e+01 0.000000000000000000e+00 7.599999999999998579e+01 0.000000000000000000e+00 0.000000000000000000e+00 6.350000000000001421e+01 0.000000000000000000e+00 0.000000000000000000e+00 1.342237308146398256e+01 1.958607979184734305e+01 3.299999999999999289e+01 0.000000000000000000e+00 0.000000000000000000e+00 3.650000000000001421e+01 2.724999999999998579e+01 5.503388786198395444e+00 8.085365853658533553e+00 0.000000000000000000e+00 1.949999999999998224e+01 0.000000000000000000e+00 0.000000000000000000e+00 0.000000000000000000e+00 0.000000000000000000e+00 0.000000000000000000e+00 0.000000000000000000e+00 0.000000000000000000e+00 0.000000000000000000e+00 0.000000000000000000e+00 0.000000000000000000e+00 2.433333333333330373e+01 3.649999999999996447e+01 4.649999999999998579e+01 0.000000000000000000e+00 0.000000000000000000e+00 0.000000000000000000e+00 0.000000000000000000e+00 0.000000000000000000e+00 0.000000000000000000e+00 0.000000000000000000e+00 0.000000000000000000e+00 0.000000000000000000e+00 0.000000000000000000e+00 0.000000000000000000e+00 0.000000000000000000e+00 0.000000000000000000e+00 0.000000000000000000e+00 0.000000000000000000e+00 0.000000000000000000e+00 0.000000000000000000e+00 0.000000000000000000e+00 0.000000000000000000e+00 2.294999999999997797e+01 3.899999999999995026e+01 0.000000000000000000e+00 0.000000000000000000e+00 1.399999999999999822e+01 0.000000000000000000e+00 0.000000000000000000e+00 1.709999999999998366e+01 1.616666666666665719e+01
0.000000000000000000e+00 0.000000000000000000e+00 0.000000000000000000e+00 1.115670103092782917e+01 1.057538167938930584e+01 1.359673275485965860e+01 9.214767156862739839e+00 1.170892143808254815e+01 3.341176470588234793e+01 1.880860564237871912e+01 4.372222222222220012e+01 2.440178265341102914e+01 5.837500000000000000e+01 0.000000000000000000e+00 2.253608247422679511e+01 2.089942196531790941e+01 2.924731182795698103e+01 5.109999999999999432e+01 7.811538461538461320e+01 0.000000000000000000e+00 0.000000000000000000e+00 0.000000000000000000e+00 0.000000000000000000e+00 3.249999999999996447e+01 3.650000000000001421e+01 3.183333333333332860e+01 3.650000000000001421e+01 9.300000000000000000e+01 6.049999999999997868e+01 6.034374999999997158e+01 0.000000000000000000e+00 8.577272727272726627e+01 8.416666666666664298e+01 0.000000000000000000e+00 0.000000000000000000e+00 0.000000000000000000e+00 0.000000000000000000e+00 1.920359078590784918e+01 1.865636105188342597e+01 2.072321428571427759e+01 0.000000000000000000e+00 3.514285714285713169e+01 3.183333333333332504e+01 1.967391304347825454e+01 1.666480446927373649e+01 3.902272727272727337e+01 0.000000000000000000e+00 1.850000000000001066e+01 4.699999999999997868e+01 0.000000000000000000e+00 4.499999999999999289e+01 0.000000000000000000e+00 5.349999999999995737e+01 7.049999999999995737e+01 4.674999999999994316e+01 0.000000000000000000e+00 0.000000000000000000e+00 0.000000000000000000e+00 2.808333333333330373e+01 3.499999999999999289e+01 3.849999999999997158e+01 0.000000000000000000e+00 0.000000000000000000e+00 0.000000000000000000e+00 0.000000000000000000e+00 0.000000000000000000e+00 0.000000000000000000e+00 0.000000000000000000e+00 0.000000000000000000e+00 0.000000000000000000e+00 0.000000000000000000e+00 8.499999999999997158e+01 0.000000000000000000e+00 0.000000000000000000e+00 0.000000000000000000e+00 0.000000000000000000e+00 0.000000000000000000e+00 0.000000000000000000e+00 0.000000000000000000e+00 0.000000000000000000e+00 2.911428571428568191e+01 4.357142857142854098e+01 0.000000000000000000e+00 0.000000000000000000e+00 0.000000000000000000e+00 0.000000000000000000e+00 0.000000000000000000e+00 2.999999999999998224e+01 0.000000000000000000e+00
0.000000000000000000e+00 0.000000000000000000e+00 0.000000000000000000e+00 2.700000000000000355e+01 2.794285714285712885e+01 9.214767156862739839e+00 7.179964712801407245e+00 8.036194029850742382e+00 2.232692307692306954e+01 1.400755374782102791e+01 3.699999999999998579e+01 3.105785123966940375e+01 5.354999999999999005e+01 0.000000000000000000e+00 4.120121951219510237e+01 2.693999999999999062e+01 3.200000000000001421e+01 3.999999999999998579e+01 7.150000000000002842e+01 0.000000000000000000e+00 0.000000000000000000e+00 0.000000000000000000e+00 0.000000000000000000e+00 0.000000000000000000e+00 0.000000000000000000e+00 6.349999999999995737e+01 4.549999999999993605e+01 0.000000000000000000e+00 5.214285714285712459e+01 4.778571428571427759e+01 0.000000000000000000e+00 0.000000000000000000e+00 0.000000000000000000e+00 0.000000000000000000e+00 0.000000000000000000e+00 0.000000000000000000e+00 0.000000000000000000e+00 2.672727272727272307e+01 2.866145833333332504e+01 2.999999999999995381e+01 0.000000000000000000e+00 6.249999999999993605e+01 0.000000000000000000e+00 0.000000000000000000e+00 3.099999999999998224e+01 4.099999999999997158e+01 0.000000000000000000e+00 0.000000000000000000e+00 0.000000000000000000e+00 0.000000000000000000e+00 0.000000000000000000e+00 0.000000000000000000e+00 0.000000000000000000e+00 0.000000000000000000e+00 0.000000000000000000e+00 0.000000000000000000e+00 0.000000000000000000e+00 0.000000000000000000e+00 0.000000000000000000e+00 0.000000000000000000e+00 0.000000000000000000e+00 0.000000000000000000e+00 0.000000000000000000e+00 0.000000000000000000e+00 0.000000000000000000e+00 0.000000000000000000e+00 0.000000000000000000e+00 0.000000000000000000e+00 0.000000000000000000e+00 0.000000000000000000e+00 0.000000000000000000e+00 0.000000000000000000e+00 0.000000000000000000e+00 0.000000000000000000e+00 0.000000000000000000e+00 0.000000000000000000e+00 0.000000000000000000e+00 0.000000000000000000e+00 0.000000000000000000e+00 0.000000000000000000e+00 0.000000000000000000e+00 0.000000000000000000e+00 0.000000000000000000e+00 0.000000000000000000e+00 0.000000000000000000e+00 0.000000000000000000e+00 0.000000000000000000e+00 0.000000000000000000e+00 0.000000000000000000e+00
0.000000000000000000e+00 0.000000000000000000e+00 0.000000000000000000e+00 3.035714285714285054e+01 2.672051282051281262e+01 1.170892143808254815e+01 8.036194029850742382e+00 8.187914273088820138e+00 1.024490662139218777e+01 1.956324110671936012e+01 2.699363057324840653e+01 2.662677053824361906e+01 4.076399999999998869e+01 6.650000000000002842e+01 3.518735976065818249e+01 2.030023364485981219e+01 2.057058823529411384e+01 4.881818181818182012e+01 6.718749999999995737e+01 0.000000000000000000e+00 0.000000000000000000e+00 0.000000000000000000e+00 0.000000000000000000e+00 0.000000000000000000e+00 7.550000000000000000e+01 5.409999999999996589e+01 3.988095238095237249e+01 0.000000000000000000e+00 4.244339622641507503e+01 3.899305555555552871e+01 6.400000000000000000e+01 5.944827586206894665e+01 7.616666666666664298e+01 0.000000000000000000e+00 0.000000000000000000e+00 0.000000000000000000e+00 0.000000000000000000e+00 2.811842105263156810e+01 2.724827586206895802e+01 3.732352941176469585e+01 0.000000000000000000e+00 4.512500000000000000e+01 6.200000000000000000e+01 4.500000000000000711e+01 3.162499999999999289e+01 4.150000000000001421e+01 0.000000000000000000e+00 0.000000000000000000e+00 3.516666666666662877e+01 0.000000000000000000e+00 0.000000000000000000e+00 0.000000000000000000e+00 3.349999999999998579e+01 0.000000000000000000e+00 3.499999999999994316e+01 0.000000000000000000e+00 0.000000000000000000e+00 0.000000000000000000e+00 2.508333333333332504e+01 3.466666666666665009e+01 0.000000000000000000e+00 0.000000000000000000e+00 0.000000000000000000e+00 0.000000000000000000e+00 0.000000000000000000e+00 0.000000000000000000e+00 0.000000000000000000e+00 0.000000000000000000e+00 0.000000000000000000e+00 0.000000000000000000e+00 0.000000000000000000e+00 0.000000000000000000e+00 0.000000000000000000e+00 0.000000000000000000e+00 0.000000000000000000e+00 0.000000000000000000e+00 0.000000000000000000e+00 0.000000000000000000e+00 0.000000000000000000e+00 0.000000000000000000e+00 2.674999999999996803e+01 3.379999999999996874e+01 7.999999999999994316e+01 0.000000000000000000e+00 0.000000000000000000e+00 0.000000000000000000e+00 0.000000000000000000e+00 0.000000000000000000e+00 0.000000000000000000e+00
0.000000000000000000e+00 0.000000000000000000e+00 0.000000000000000000e+00 5.074999999999999289e+01 4.283962264150942190e+01 3.341176470588234793e+01 2.232692307692306954e+01 1.024490662139218777e+01 1.243749621280978879e+01 2.049806846942853511e+01 2.227830188679245182e+01 3.136311530681050996e+01 1.110040060090135228e+01 5.124999999999998579e+01 2.014955935717987856e+01 3.129702300405953963e+01 2.587326732673266960e+01 3.964285714285713169e+01 6.356818181818182012e+01 0.000000000000000000e+00 0.000000000000000000e+00 0.000000000000000000e+00 0.000000000000000000e+00 0.000000000000000000e+00 2.983333333333332504e+01 5.800000000000000000e+01 2.959090909090907928e+01 6.374999999999998579e+01 1.996329787234042641e+01 2.193212669683257232e+01 7.100000000000000000e+01 5.149999999999998579e+01 6.172727272727272663e+01 0.000000000000000000e+00 0.000000000000000000e+00 0.000000000000000000e+00 0.000000000000000000e+00 2.190335051546391654e+01 2.029775604142692913e+01 2.897945205479452113e+01 0.000000000000000000e+00 2.962500000000000711e+01 5.083333333333330728e+01 4.324999999999999289e+01 2.780000000000000426e+01 3.210280373831776046e+01 0.000000000000000000e+00 0.000000000000000000e+00 0.000000000000000000e+00 0.000000000000000000e+00 5.299999999999993605e+01 4.711111111111107874e+01 5.349999999999996447e+01 4.949999999999995737e+01 4.909999999999995168e+01 5.224999999999997868e+01 0.000000000000000000e+00 0.000000000000000000e+00 4.724999999999997158e+01 3.591176470588234082e+01 6.450000000000000000e+01 8.799999999999998579e+01 0.000000000000000000e+00 0.000000000000000000e+00 0.000000000000000000e+00 0.000000000000000000e+00 0.000000000000000000e+00 0.000000000000000000e+00 0.000000000000000000e+00 0.000000000000000000e+00 0.000000000000000000e+00 0.000000000000000000e+00 0.000000000000000000e+00 0.000000000000000000e+00 0.000000000000000000e+00 0.000000000000000000e+00 0.000000000000000000e+00 0.000000000000000000e+00 0.000000000000000000e+00 0.000000000000000000e+00 3.549999999999999289e+01 5.062500000000000000e+01 0.000000000000000000e+00 0.000000000000000000e+00 0.000000000000000000e+00 0.000000000000000000e+00 0.000000000000000000e+00 0.000000000000000000e+00 4.749999999999991473e+01
0.000000000000000000e+00 0.000000000000000000e+00 0.000000000000000000e+00 1.188084112149532068e+01 1.750202131569274755e+01 1.880860564237871912e+01 1.400755374782102791e+01 1.956324110671936012e+01 2.049806846942853511e+01 1.245210921455745101e+01 1.137981990302470159e+01 1.475251581368602238e+01 3.903710937499999289e+01 6.799999999999998579e+01 3.129548174745659850e+01 2.351928872814947979e+01 2.300490196078430216e+01 4.243055555555553582e+01 5.842682926829267132e+01 0.000000000000000000e+00 0.000000000000000000e+00 6.099999999999997158e+01 0.000000000000000000e+00 0.000000000000000000e+00 5.149999999999997158e+01 5.609999999999998010e+01 4.114285714285713169e+01 7.912500000000000000e+01 4.590492957746477742e+01 4.014182194616975607e+01 6.200000000000000711e+01 6.261403508771928017e+01 5.951249999999997442e+01 8.600000000000004263e+01 8.050000000000000000e+01 7.199999999999998579e+01 0.000000000000000000e+00 2.393507972665146255e+01 2.554548554864010157e+01 3.840254237288134220e+01 0.000000000000000000e+00 3.937499999999999289e+01 5.135714285714283989e+01 3.839285714285711748e+01 3.066791044776116593e+01 4.361666666666665293e+01 5.999999999999995026e+01 3.949999999999999289e+01 5.749999999999996447e+01 6.449999999999998579e+01 4.399999999999995026e+01 4.574999999999996447e+01 4.885294117647054435e+01 5.359999999999995168e+01 4.283999999999996078e+01 0.000000000000000000e+00 0.000000000000000000e+00 6.999999999999995737e+01 3.177777777777774659e+01 2.937499999999998224e+01 5.689999999999996305e+01 7.649999999999997158e+01 0.000000000000000000e+00 0.000000000000000000e+00 0.000000000000000000e+00 0.000000000000000000e+00 0.000000000000000000e+00 0.000000000000000000e+00 0.000000000000000000e+00 0.000000000000000000e+00 0.000000000000000000e+00 6.649999999999994316e+01 7.300000000000001421e+01 0.000000000000000000e+00 0.000000000000000000e+00 6.999999999999997158e+01 0.000000000000000000e+00 0.000000000000000000e+00 0.000000000000000000e+00 0.000000000000000000e+00 4.049999999999997868e+01 4.494444444444440023e+01 5.375000000000000000e+01 0.000000000000000000e+00 5.349999999999997158e+01 0.000000000000000000e+00 0.000000000000000000e+00 3.966666666666662167e+01 4.549999999999991473e+01
0.000000000000000000e+00 0.000000000000000000e+00 0.000000000000000000e+00 5.000000000000000000e+01 4.279999999999998295e+01 4.372222222222220012e+01 3.699999999999998579e+01 2.699363057324840653e+01 2.227830188679245182e+01 1.137981990302470159e+01 1.349291071860633906e+01 2.466239165045108805e+01 1.553036876355748319e+01 3.164999999999999858e+01 2.253450639853747717e+01 3.846341463414632500e+01 2.523564593301434655e+01 2.345807453416148647e+01 4.458273381294964111e+01 0.000000000000000000e+00 6.379032258064516014e+01 5.049999999999999289e+01 6.549999999999998579e+01 9.800000000000004263e+01 6.239999999999999147e+01 5.398051948051948301e+01 4.407142857142856940e+01 4.526190476190475920e+01 3.091005291005291156e+01 2.353735188047398097e+01 5.214598540145985339e+01 5.113397642015005573e+01 4.746153846153845990e+01 4.930000000000001137e+01 5.939455782312925436e+01 5.616666666666666430e+01 5.277210884353741704e+01 2.202806122448979309e+01 2.380109670987038939e+01 2.887586206896551744e+01 0.000000000000000000e+00 3.263461538461538680e+01 4.935593220338983400e+01 3.794871794871794890e+01 3.116666666666665364e+01 3.562745098039215463e+01 0.000000000000000000e+00 0.000000000000000000e+00 0.000000000000000000e+00 0.000000000000000000e+00 0.000000000000000000e+00 5.049999999999994316e+01 6.406249999999995737e+01 5.181818181818178459e+01 4.668749999999997158e+01 5.606249999999997158e+01 0.000000000000000000e+00 0.000000000000000000e+00 4.349999999999997158e+01 4.037499999999997868e+01 2.738888888888887152e+01 3.199999999999997868e+01 0.000000000000000000e+00 0.000000000000000000e+00 0.000000000000000000e+00 0.000000000000000000e+00 0.000000000000000000e+00 0.000000000000000000e+00 0.000000000000000000e+00 0.000000000000000000e+00 0.000000000000000000e+00 6.449999999999991473e+01 0.000000000000000000e+00 8.699999999999990052e+01 5.299999999999995026e+01 6.100000000000000000e+01 0.000000000000000000e+00 0.000000000000000000e+00 0.000000000000000000e+00 0.000000000000000000e+00 4.485714285714282568e+01 4.944444444444440734e+01 3.950000000000000000e+01 0.000000000000000000e+00 0.000000000000000000e+00 0.000000000000000000e+00 5.549999999999998579e+01 0.000000000000000000e+00 0.000000000000000000e+00
0.000000000000000000e+00 0.000000000000000000e+00 0.000000000000000000e+00 6.740029006526467192e+00 1.661993769470404203e+01 2.440178265341102914e+01 3.105785123966940375e+01 2.662677053824361906e+01 3.136311530681050996e+01 1.475251581368602238e+01 2.466239165045108805e+01 1.523212755191606504e+01 2.121517752633632625e+01 1.253690322580645500e+01 3.850740131578945835e+01 2.236202422145327873e+01 1.776796648404768675e+01 1.942329545454545681e+01 3.955986316989738327e+01 0.000000000000000000e+00 7.785714285714286120e+01 6.850000000000000000e+01 8.799999999999998579e+01 0.000000000000000000e+00 7.439999999999997726e+01 5.997115384615384670e+01 5.164285714285714590e+01 6.305681818181817988e+01 3.410121107266436269e+01 4.175939306358381486e+01 5.857999999999999829e+01 4.049654874892148371e+01 3.968416370106761804e+01 5.481250000000000000e+01 6.291666666666666430e+01 8.574999999999998579e+01 6.064000000000000057e+01 2.508472803347279267e+01 2.957606336805554292e+01 3.584210526315789735e+01 0.000000000000000000e+00 3.689473684210526017e+01 6.521875000000000000e+01 4.329999999999999005e+01 3.770930232558136197e+01 4.544642857142856940e+01 0.000000000000000000e+00 0.000000000000000000e+00 4.955555555555551450e+01 3.799999999999995737e+01 3.849999999999996447e+01 4.447727272727267689e+01 4.995652173913040173e+01 5.859523809523807358e+01 1.307654723127035012e+01 5.249999999999993605e+01 2.287499999999999289e+01 0.000000000000000000e+00 3.536111111111108585e+01 2.951190476190474143e+01 2.628787878787877830e+01 4.780000000000001137e+01 0.000000000000000000e+00 0.000000000000000000e+00 0.000000000000000000e+00 0.000000000000000000e+00 0.000000000000000000e+00 0.000000000000000000e+00 0.000000000000000000e+00 0.000000000000000000e+00 0.000000000000000000e+00 4.074999999999997158e+01 5.324999999999996447e+01 0.000000000000000000e+00 6.533333333333332860e+01 4.237499999999999289e+01 0.000000000000000000e+00 0.000000000000000000e+00 0.000000000000000000e+00 0.000000000000000000e+00 4.129166666666662877e+01 4.635526315789471852e+01 4.799999999999998579e+01 0.000000000000000000e+00 5.324999999999996447e+01 0.000000000000000000e+00 0.000000000000000000e+00 3.816666666666664298e+01 0.000000000000000000e+00
0.000000000000000000e+00 0.000000000000000000e+00 0.000000000000000000e+00 0.000000000000000000e+00 5.474999999999997158e+01 5.837500000000000000e+01 5.354999999999999005e+01 4.076399999999998869e+01 1.110040060090135228e+01 3.903710937499999289e+01 1.553036876355748319e+01 2.121517752633632625e+01 1.449836454926144214e+01 8.300802879291252268e+00 2.302950075642965189e+01 5.497222222222220722e+01 4.019047619047618269e+01 2.217040000000000077e+01 3.749527186761230269e+01 5.649999999999995737e+01 5.662962962962962621e+01 5.465624999999998579e+01 5.523076923076921929e+01 8.619999999999998863e+01 5.590322580645160855e+01 2.919504310344827758e+01 4.145652173913043015e+01 4.289719626168223954e+01 1.861973162824207506e+01 2.616774548119198940e+01 4.472500000000000142e+01 3.392556941431670481e+01 3.613327149041435860e+01 4.506722689075630228e+01 5.260398613518197664e+01 4.784745762711864359e+01 4.997101449275362484e+01 2.495619158878504606e+01 2.442579681274900238e+01 3.004248768472907472e+01 0.000000000000000000e+00 2.953298611111111072e+01 5.028318584070796504e+01 3.761874999999999858e+01 4.999999999999997868e+01 3.903017241379310320e+01 0.000000000000000000e+00 0.000000000000000000e+00 0.000000000000000000e+00 0.000000000000000000e+00 0.000000000000000000e+00 0.000000000000000000e+00 7.224999999999998579e+01 4.199999999999997158e+01 6.479999999999999716e+01 6.083333333333331439e+01 0.000000000000000000e+00 5.999999999999996447e+01 6.849999999999992895e+01 4.999999999999997868e+01 4.161538461538460609e+01 4.583333333333332149e+01 0.000000000000000000e+00 0.000000000000000000e+00 0.000000000000000000e+00 0.000000000000000000e+00 0.000000000000000000e+00 0.000000000000000000e+00 0.000000000000000000e+00 0.000000000000000000e+00 9.999999999999998579e+01 6.100000000000000000e+01 5.269999999999997442e+01 0.000000000000000000e+00 0.000000000000000000e+00 5.849999999999997158e+01 0.000000000000000000e+00 0.000000000000000000e+00 0.000000000000000000e+00 0.000000000000000000e+00 4.039999999999996305e+01 5.475000000000000000e+01 5.500000000000000711e+01 0.000000000000000000e+00 4.316666666666665719e+01 4.599999999999998579e+01 0.000000000000000000e+00 0.000000000000000000e+00 4.800000000000000711e+01
0.000000000000000000e+00 0.000000000000000000e+00 0.000000000000000000e+00 0.000000000000000000e+00 0.000000000000000000e+00 0.000000000000000000e+00 0.000000000000000000e+00 6.650000000000002842e+01 5.124999999999998579e+01 6.799999999999998579e+01 3.164999999999999858e+01 1.253690322580645500e+01 8.300802879291252268e+00 1.215170590457006128e+01 2.327906976744186096e+01 0.000000000000000000e+00 3.300000000000001421e+01 8.334482758620689324e+00 2.433720930232558644e+01 0.000000000000000000e+00 0.000000000000000000e+00 0.000000000000000000e+00 7.950000000000001421e+01 0.000000000000000000e+00 0.000000000000000000e+00 4.708333333333333570e+01 4.949999999999997868e+01 0.000000000000000000e+00 1.053521341463414807e+01 3.221710526315789735e+01 3.033333333333334281e+01 1.785441527446300825e+01 2.033333333333333215e+01 4.050000000000002842e+01 6.150000000000000000e+01 0.000000000000000000e+00 4.950000000000000000e+01 2.624999999999998579e+01 3.258730158730158877e+01 3.024468085106382986e+01 0.000000000000000000e+00 3.150000000000000000e+01 5.400000000000001421e+01 3.460000000000000142e+01 0.000000000000000000e+00 3.000000000000000711e+01 0.000000000000000000e+00 0.000000000000000000e+00 0.000000000000000000e+00 0.000000000000000000e+00 0.000000000000000000e+00 0.000000000000000000e+00 0.000000000000000000e+00 0.000000000000000000e+00 2.399999999999998224e+01 0.000000000000000000e+00 0.000000000000000000e+00 0.000000000000000000e+00 0.000000000000000000e+00 0.000000000000000000e+00 3.699999999999997158e+01 0.000000000000000000e+00 0.000000000000000000e+00 0.000000000000000000e+00 0.000000000000000000e+00 0.000000000000000000e+00 0.000000000000000000e+00 0.000000000000000000e+00 0.000000000000000000e+00 0.000000000000000000e+00 0.000000000000000000e+00 0.000000000000000000e+00 3.766666666666664298e+01 0.000000000000000000e+00 3.675000000000000000e+01 1.899999999999997513e+01 0.000000000000000000e+00 0.000000000000000000e+00 0.000000000000000000e+00 0.000000000000000000e+00 0.000000000000000000e+00 0.000000000000000000e+00 0.000000000000000000e+00 0.000000000000000000e+00 0.000000000000000000e+00 0.000000000000000000e+00 0.000000000000000000e+00 0.000000000000000000e+00 0.000000000000000000e+00
0.000000000000000000e+00 0.000000000000000000e+00 0.000000000000000000e+00 5.149999999999998579e+01 2.436224489795917592e+01 2.253608247422679511e+01 4.120121951219510237e+01 3.518735976065818249e+01 2.014955935717987856e+01 3.129548174745659850e+01 2.253450639853747717e+01 3.850740131578945835e+01 2.302950075642965189e+01 2.327906976744186096e+01 1.067786305192863239e+01 3.359513274336282507e+01 3.507763975155278047e+01 2.153583617747440115e+01 2.309667093469910526e+01 1.427611940298507065e+01 3.156407766990290398e+01 2.439256198347106519e+01 2.476874999999999716e+01 1.617115384615383888e+01 2.279274004683840715e+01 1.825973015049299519e+01 1.499901185770750978e+01 2.714670658682634041e+01 1.955327597617471724e+01 2.987885462555066240e+01 3.904651162790696617e+01 2.862493452069145405e+01 3.215238879736408251e+01 4.974000000000000199e+01 4.452668539325841834e+01 5.037719298245612265e+01 4.440721649484535760e+01 2.627622377622377670e+01 8.690203850509622185e+00 1.904189189189189335e+01 0.000000000000000000e+00 1.810025706940873746e+01 1.329719525350593301e+01 1.200436681222707413e+01 2.019230769230768630e+01 2.090322580645160855e+01 0.000000000000000000e+00 0.000000000000000000e+00 0.000000000000000000e+00 0.000000000000000000e+00 0.000000000000000000e+00 6.299999999999997158e+01 6.100000000000002132e+01 6.283333333333329307e+01 6.549999999999998579e+01 6.624999999999995737e+01 0.000000000000000000e+00 6.249999999999997868e+01 0.000000000000000000e+00 5.239999999999996305e+01 4.041666666666665719e+01 3.305172413793101782e+01 0.000000000000000000e+00 0.000000000000000000e+00 0.000000000000000000e+00 0.000000000000000000e+00 0.000000000000000000e+00 0.000000000000000000e+00 8.699999999999998579e+01 0.000000000000000000e+00 5.549999999999998579e+01 6.099999999999999289e+01 5.558333333333331439e+01 5.249999999999997868e+01 5.162499999999997158e+01 3.939655172413791462e+01 0.000000000000000000e+00 6.450000000000001421e+01 0.000000000000000000e+00 6.049999999999997868e+01 6.449999999999997158e+01 6.633333333333331439e+01 0.000000000000000000e+00 0.000000000000000000e+00 5.499999999999997158e+01 3.629166666666663588e+01 0.000000000000000000e+00 0.000000000000000000e+00 0.000000000000000000e+00
0.000000000000000000e+00 0.000000000000000000e+00 0.000000000000000000e+00 2.969999999999997087e+01 1.442233632862643411e+01 2.089942196531790941e+01 2.693999999999999062e+01 2.030023364485981219e+01 3.129702300405953963e+01 2.351928872814947979e+01 3.846341463414632500e+01 2.236202422145327873e+01 5.497222222222220722e+01 0.000000000000000000e+00 3.359513274336282507e+01 7.284666513866602244e+00 1.033035714285713880e+01 2.980612244897957197e+01 5.071363636363634697e+01 0.000000000000000000e+00 4.500000000000001421e+01 0.000000000000000000e+00 0.000000000000000000e+00 0.000000000000000000e+00 0.000000000000000000e+00 7.150000000000002842e+01 5.299999999999993605e+01 5.300000000000002132e+01 6.314285714285712459e+01 5.526190476190475209e+01 7.409999999999998010e+01 7.781250000000000000e+01 6.299999999999998579e+01 0.000000000000000000e+00 0.000000000000000000e+00 0.000000000000000000e+00 6.700000000000005684e+01 1.545853365384614264e+01 2.289748819235722266e+01 4.281428571428570251e+01 0.000000000000000000e+00 6.241666666666662877e+01 6.699999999999992895e+01 4.619999999999998863e+01 9.767241379310336313e+00 3.094999999999998153e+01 0.000000000000000000e+00 3.399999999999997868e+01 2.949999999999999289e+01 0.000000000000000000e+00 3.233333333333330728e+01 3.558823529411760234e+01 4.251851851851848352e+01 4.976666666666662309e+01 3.759259259259255970e+01 6.083333333333329307e+01 0.000000000000000000e+00 8.850000000000000000e+01 2.126315789473681050e+01 1.856250000000000000e+01 3.486538461538460609e+01 5.149999999999996447e+01 0.000000000000000000e+00 0.000000000000000000e+00 0.000000000000000000e+00 0.000000000000000000e+00 0.000000000000000000e+00 0.000000000000000000e+00 0.000000000000000000e+00 0.000000000000000000e+00 0.000000000000000000e+00 0.000000000000000000e+00 6.149999999999991473e+01 0.000000000000000000e+00 6.949999999999995737e+01 0.000000000000000000e+00 0.000000000000000000e+00 0.000000000000000000e+00 0.000000000000000000e+00 0.000000000000000000e+00 2.605172413793100006e+01 3.554545454545451832e+01 3.674999999999997158e+01 0.000000000000000000e+00 6.912499999999997158e+01 6.624999999999997158e+01 0.000000000000000000e+00 3.062500000000000000e+01 0.000000000000000000e+00
0.000000000000000000e+00 0.000000000000000000e+00 0.000000000000000000e+00 0.000000000000000000e+00 2.464705882352940236e+01 2.924731182795698103e+01 3.200000000000001421e+01 2.057058823529411384e+01 2.587326732673266960e+01 2.300490196078430216e+01 2.523564593301434655e+01 1.776796648404768675e+01 4.019047619047618269e+01 3.300000000000001421e+01 3.507763975155278047e+01 1.033035714285713880e+01 9.169686985172976534e+00 1.608705612829323428e+01 3.808681672025722520e+01 0.000000000000000000e+00 0.000000000000000000e+00 0.000000000000000000e+00 0.000000000000000000e+00 0.000000000000000000e+00 6.850000000000000000e+01 6.874999999999998579e+01 4.000000000000001421e+01 5.725000000000001421e+01 4.468749999999997868e+01 5.362499999999997868e+01 5.933333333333333570e+01 5.289999999999999147e+01 4.535416666666665719e+01 0.000000000000000000e+00 6.549999999999997158e+01 0.000000000000000000e+00 7.949999999999998579e+01 2.223303167420813153e+01 2.452855407047386649e+01 3.251315789473683537e+01 0.000000000000000000e+00 5.227777777777775015e+01 5.325000000000000000e+01 5.816666666666668561e+01 2.699999999999996803e+01 3.762499999999999289e+01 0.000000000000000000e+00 2.625000000000000000e+01 3.349999999999997868e+01 3.537499999999997158e+01 2.599999999999997158e+01 2.683333333333328596e+01 3.172340425531912089e+01 3.749999999999997158e+01 2.827884615384613554e+01 4.933333333333330728e+01 0.000000000000000000e+00 0.000000000000000000e+00 1.969999999999998863e+01 1.264583333333332682e+01 1.839830508474575410e+01 4.214999999999998437e+01 0.000000000000000000e+00 0.000000000000000000e+00 0.000000000000000000e+00 0.000000000000000000e+00 0.000000000000000000e+00 0.000000000000000000e+00 7.350000000000002842e+01 0.000000000000000000e+00 0.000000000000000000e+00 0.000000000000000000e+00 6.143749999999995026e+01 6.949999999999997158e+01 5.262499999999997158e+01 4.966666666666667851e+01 0.000000000000000000e+00 0.000000000000000000e+00 0.000000000000000000e+00 0.000000000000000000e+00 2.285294117647057277e+01 3.145945945945944189e+01 3.100000000000003197e+01 0.000000000000000000e+00 2.649999999999995737e+01 4.949999999999997868e+01 0.000000000000000000e+00 3.500000000000001421e+01 4.550000000000000711e+01
