0.000000000000000000e+00 0.000000000000000000e+00 0.000000000000000000e+00 0.000000000000000000e+00 0.000000000000000000e+00 0.000000000000000000e+00 0.000000000000000000e+00 0.000000000000000000e+00 0.000000000000000000e+00 0.000000000000000000e+00 0.000000000000000000e+00 0.000000000000000000e+00 0.000000000000000000e+00 0.000000000000000000e+00 0.000000000000000000e+00 0.000000000000000000e+00 0.000000000000000000e+00 0.000000000000000000e+00 0.000000000000000000e+00 0.000000000000000000e+00 0.000000000000000000e+00 0.000000000000000000e+00 0.000000000000000000e+00 0.000000000000000000e+00 0.000000000000000000e+00 0.000000000000000000e+00 0.000000000000000000e+00 0.000000000000000000e+00 0.000000000000000000e+00 0.000000000000000000e+00 0.000000000000000000e+00 0.000000000000000000e+00 0.000000000000000000e+00 0.000000000000000000e+00 0.000000000000000000e+00 0.000000000000000000e+00 0.000000000000000000e+00 0.000000000000000000e+00 0.000000000000000000e+00 0.000000000000000000e+00 0.000000000000000000e+00 0.000000000000000000e+00 0.000000000000000000e+00 0.000000000000000000e+00 0.000000000000000000e+00 0.000000000000000000e+00 0.000000000000000000e+00 0.000000000000000000e+00 0.000000000000000000e+00 0.000000000000000000e+00 0.000000000000000000e+00 0.000000000000000000e+00 0.000000000000000000e+00 0.000000000000000000e+00 0.000000000000000000e+00 0.000000000000000000e+00 0.000000000000000000e+00 0.000000000000000000e+00 0.000000000000000000e+00 0.000000000000000000e+00 0.000000000000000000e+00 0.000000000000000000e+00 0.000000000000000000e+00 0.000000000000000000e+00 0.000000000000000000e+00 0.000000000000000000e+00 0.000000000000000000e+00 0.000000000000000000e+00 0.000000000000000000e+00 0.000000000000000000e+00 0.000000000000000000e+00 0.000000000000000000e+00 0.000000000000000000e+00 0.000000000000000000e+00 0.000000000000000000e+00 0.000000000000000000e+00 0.000000000000000000e+00 0.000000000000000000e+00 0.000000000000000000e+00 0.000000000000000000e+00 0.000000000000000000e+00 0.000000000000000000e+00 0.000000000000000000e+00 0.000000000000000000e+00 0.000000000000000000e+00 0.000000000000000000e+00 0.000000000000000000e+00 0.000000000000000000e+00 0.000000000000000000e+00
0.000000000000000000e+00 0.000000000000000000e+00 0.000000000000000000e+00 0.000000000000000000e+00 0.000000000000000000e+00 0.000000000000000000e+00 0.000000000000000000e+00 0.000000000000000000e+00 0.000000000000000000e+00 0.000000000000000000e+00 0.000000000000000000e+00 0.000000000000000000e+00 0.000000000000000000e+00 0.000000000000000000e+00 0.000000000000000000e+00 0.000000000000000000e+00 0.000000000000000000e+00 0.000000000000000000e+00 0.000000000000000000e+00 0.000000000000000000e+00 0.000000000000000000e+00 0.000000000000000000e+00 0.000000000000000000e+00 0.000000000000000000e+00 0.000000000000000000e+00 0.000000000000000000e+00 0.000000000000000000e+00 0.000000000000000000e+00 0.000000000000000000e+00 0.000000000000000000e+00 0.000000000000000000e+00 0.000000000000000000e+00 0.000000000000000000e+00 0.000000000000000000e+00 0.000000000000000000e+00 0.000000000000000000e+00 0.000000000000000000e+00 0.000000000000000000e+00 0.000000000000000000e+00 0.000000000000000000e+00 0.000000000000000000e+00 0.000000000000000000e+00 0.000000000000000000e+00 0.000000000000000000e+00 0.000000000000000000e+00 0.000000000000000000e+00 0.000000000000000000e+00 0.000000000000000000e+00 0.000000000000000000e+00 0.000000000000000000e+00 0.000000000000000000e+00 0.000000000000000000e+00 0.000000000000000000e+00 0.000000000000000000e+00 0.000000000000000000e+00 0.000000000000000000e+00 0.000000000000000000e+00 0.000000000000000000e+00 0.000000000000000000e+00 0.000000000000000000e+00 0.000000000000000000e+00 0.000000000000000000e+00 0.000000000000000000e+00 0.000000000000000000e+00 0.000000000000000000e+00 0.000000000000000000e+00 0.000000000000000000e+00 0.000000000000000000e+00 0.000000000000000000e+00 0.000000000000000000e+00 0.000000000000000000e+00 0.000000000000000000e+00 0.000000000000000000e+00 0.000000000000000000e+00 0.000000000000000000e+00 0.000000000000000000e+00 0.000000000000000000e+00 0.000000000000000000e+00 0.000000000000000000e+00 0.000000000000000000e+00 0.000000000000000000e+00 0.000000000000000000e+00 0.000000000000000000e+00 0.000000000000000000e+00 0.000000000000000000e+00 0.000000000000000000e+00 0.000000000000000000e+00 0.000000000000000000e+00 0.000000000000000000e+00
0.000000000000000000e+00 0.000000000000000000e+00 0.000000000000000000e+00 0.000000000000000000e+00 0.000000000000000000e+00 0.000000000000000000e+00 0.000000000000000000e+00 0.000000000000000000e+00 0.000000000000000000e+00 0.000000000000000000e+00 0.000000000000000000e+00 0.000000000000000000e+00 0.000000000000000000e+00 0.000000000000000000e+00 0.000000000000000000e+00 0.000000000000000000e+00 0.000000000000000000e+00 0.000000000000000000e+00 0.000000000000000000e+00 0.000000000000000000e+00 0.000000000000000000e+00 0.000000000000000000e+00 0.000000000000000000e+00 0.000000000000000000e+00 0.000000000000000000e+00 0.000000000000000000e+00 0.000000000000000000e+00 0.000000000000000000e+00 0.000000000000000000e+00 0.000000000000000000e+00 0.000000000000000000e+00 0.000000000000000000e+00 0.000000000000000000e+00 0.000000000000000000e+00 0.000000000000000000e+00 0.000000000000000000e+00 0.000000000000000000e+00 0.000000000000000000e+00 0.000000000000000000e+00 0.000000000000000000e+00 0.000000000000000000e+00 0.000000000000000000e+00 0.000000000000000000e+00 0.000000000000000000e+00 0.000000000000000000e+00 0.000000000000000000e+00 0.000000000000000000e+00 0.000000000000000000e+00 0.000000000000000000e+00 0.000000000000000000e+00 0.000000000000000000e+00 0.000000000000000000e+00 0.000000000000000000e+00 0.000000000000000000e+00 0.000000000000000000e+00 0.000000000000000000e+00 0.000000000000000000e+00 0.000000000000000000e+00 0.000000000000000000e+00 0.000000000000000000e+00 0.000000000000000000e+00 0.000000000000000000e+00 0.000000000000000000e+00 0.000000000000000000e+00 0.000000000000000000e+00 0.000000000000000000e+00 0.000000000000000000e+00 0.000000000000000000e+00 0.000000000000000000e+00 0.000000000000000000e+00 0.000000000000000000e+00 0.000000000000000000e+00 0.000000000000000000e+00 0.000000000000000000e+00 0.000000000000000000e+00 0.000000000000000000e+00 0.000000000000000000e+00 0.000000000000000000e+00 0.000000000000000000e+00 0.000000000000000000e+00 0.000000000000000000e+00 0.000000000000000000e+00 0.000000000000000000e+00 0.000000000000000000e+00 0.000000000000000000e+00 0.000000000000000000e+00 0.000000000000000000e+00 0.000000000000000000e+00 0.000000000000000000e+00
0.000000000000000000e+00 0.000000000000000000e+00 0.000000000000000000e+00 4.491419656786269421e+00 7.490993995997329513e+00 1.210489510489509790e+01 2.317999999999998550e+01 3.130769230769229594e+01 3.759999999999998010e+01 1.239130434782608070e+01 5.199999999999997158e+01 7.190402476780183072e+00 0.000000000000000000e+00 0.000000000000000000e+00 3.424999999999997158e+01 2.249999999999998579e+01 3.649999999999995026e+01 5.399999999999995026e+01 8.000000000000000000e+01 0.000000000000000000e+00 0.000000000000000000e+00 0.000000000000000000e+00 0.000000000000000000e+00 0.000000000000000000e+00 0.000000000000000000e+00 0.000000000000000000e+00 0.000000000000000000e+00 6.899999999999997158e+01 0.000000000000000000e+00 0.000000000000000000e+00 0.000000000000000000e+00 9.250000000000001421e+01 0.000000000000000000e+00 0.000000000000000000e+00 0.000000000000000000e+00 0.000000000000000000e+00 0.000000000000000000e+00 2.865517241379307833e+01 3.334848484848482286e+01 0.000000000000000000e+00 0.000000000000000000e+00 0.000000000000000000e+00 4.724999999999995026e+01 0.000000000000000000e+00 0.000000000000000000e+00 0.000000000000000000e+00 0.000000000000000000e+00 0.000000000000000000e+00 0.000000000000000000e+00 0.000000000000000000e+00 0.000000000000000000e+00 0.000000000000000000e+00 0.000000000000000000e+00 0.000000000000000000e+00 0.000000000000000000e+00 0.000000000000000000e+00 0.000000000000000000e+00 0.000000000000000000e+00 3.599999999999995026e+01 0.000000000000000000e+00 0.000000000000000000e+00 0.000000000000000000e+00 0.000000000000000000e+00 0.000000000000000000e+00 0.000000000000000000e+00 0.000000000000000000e+00 0.000000000000000000e+00 0.000000000000000000e+00 0.000000000000000000e+00 0.000000000000000000e+00 0.000000000000000000e+00 0.000000000000000000e+00 0.000000000000000000e+00 0.000000000000000000e+00 0.000000000000000000e+00 0.000000000000000000e+00 0.000000000000000000e+00 0.000000000000000000e+00 0.000000000000000000e+00 0.000000000000000000e+00 0.000000000000000000e+00 0.000000000000000000e+00 0.000000000000000000e+00 0.000000000000000000e+00 0.000000000000000000e+00 0.000000000000000000e+00 0.000000000000000000e+00 0.000000000000000000e+00 0.000000000000000000e+00
0.000000000000000000e+00 0.000000000000000000e+00 0.000000000000000000e+00 7.490993995997329513e+00 1.022260636421363778e+01 9.137705317937871996e+00 2.368518518518517624e+01 2.794000000000000128e+01 4.026249999999998863e+01 1.240536193029490164e+01 4.515909090909089230e+01 1.279213759213758728e+01 6.100000000000000000e+01 0.000000000000000000e+00 2.714814814814813815e+01 1.219620253164556267e+01 2.974999999999998224e+01 0.000000000000000000e+00 7.874999999999998579e+01 0.000000000000000000e+00 0.000000000000000000e+00 0.000000000000000000e+00 0.000000000000000000e+00 0.000000000000000000e+00 0.000000000000000000e+00 0.000000000000000000e+00 0.000000000000000000e+00 0.000000000000000000e+00 7.199999999999998579e+01 0.000000000000000000e+00 0.000000000000000000e+00 9.024999999999997158e+01 7.779999999999995453e+01 0.000000000000000000e+00 0.000000000000000000e+00 0.000000000000000000e+00 0.000000000000000000e+00 1.142400370713623126e+01 2.085343035343033691e+01 2.407142857142856229e+01 0.000000000000000000e+00 4.299999999999998579e+01 3.962500000000000000e+01 2.849999999999997513e+01 5.306372549019606311e+00 1.215853658536584980e+01 0.000000000000000000e+00 2.000000000000002487e+01 4.999999999999990763e+01 0.000000000000000000e+00 0.000000000000000000e+00 0.000000000000000000e+00 4.216666666666660035e+01 0.000000000000000000e+00 3.599999999999997868e+01 0.000000000000000000e+00 0.000000000000000000e+00 0.000000000000000000e+00 2.877272727272725561e+01 0.000000000000000000e+00 5.999999999999995737e+01 0.000000000000000000e+00 0.000000000000000000e+00 0.000000000000000000e+00 0.000000000000000000e+00 0.000000000000000000e+00 0.000000000000000000e+00 0.000000000000000000e+00 0.000000000000000000e+00 0.000000000000000000e+00 0.000000000000000000e+00 0.000000000000000000e+00 0.000000000000000000e+00 0.000000000000000000e+00 0.000000000000000000e+00 0.000000000000000000e+00 0.000000000000000000e+00 0.000000000000000000e+00 0.000000000000000000e+00 0.000000000000000000e+00 1.809999999999999076e+01 3.200000000000000000e+01 0.000000000000000000e+00 0.000000000000000000e+00 0.000000000000000000e+00 0.000000000000000000e+00 0.000000000000000000e+00 1.687499999999998579e+01 1.037499999999999112e+01
0.000000000000000000e+00 0.000000000000000000e+00 0.000000000000000000e+00 1.210489510489509790e+01 9.137705317937871996e+00 1.293157252046492189e+01 8.698098859315587461e+00 1.182591529073940428e+01 2.840090090090088992e+01 1.725435523114354197e+01 4.374444444444442581e+01 2.207286785379567817e+01 4.440000000000000568e+01 0.000000000000000000e+00 1.994848484848484205e+01 1.888028169014083701e+01 3.531521739130433701e+01 5.587499999999997868e+01 7.029999999999999716e+01 0.000000000000000000e+00 4.174999999999998579e+01 0.000000000000000000e+00 4.700000000000000000e+01 4.199999999999999289e+01 3.999999999999998579e+01 3.716666666666667851e+01 0.000000000000000000e+00 1.054999999999999858e+02 4.924999999999997868e+01 6.425000000000001421e+01 7.266666666666664298e+01 7.833333333333330017e+01 8.071428571428567977e+01 0.000000000000000000e+00 7.500000000000001421e+01 0.000000000000000000e+00 6.700000000000001421e+01 1.625435450819671246e+01 1.756409295352322886e+01 2.814130434782607182e+01 0.000000000000000000e+00 3.692307692307691269e+01 2.877083333333332504e+01 2.257142857142856940e+01 1.622093023255813193e+01 3.937499999999997868e+01 0.000000000000000000e+00 0.000000000000000000e+00 0.000000000000000000e+00 0.000000000000000000e+00 4.949999999999995737e+01 0.000000000000000000e+00 4.424999999999997158e+01 0.000000000000000000e+00 4.649999999999996447e+01 0.000000000000000000e+00 0.000000000000000000e+00 0.000000000000000000e+00 2.853846153846152944e+01 0.000000000000000000e+00 0.000000000000000000e+00 0.000000000000000000e+00 0.000000000000000000e+00 0.000000000000000000e+00 0.000000000000000000e+00 0.000000000000000000e+00 0.000000000000000000e+00 0.000000000000000000e+00 0.000000000000000000e+00 0.000000000000000000e+00 0.000000000000000000e+00 0.000000000000000000e+00 0.000000000000000000e+00 0.000000000000000000e+00 0.000000000000000000e+00 0.000000000000000000e+00 0.000000000000000000e+00 0.000000000000000000e+00 0.000000000000000000e+00 0.000000000000000000e+00 2.536363636363632068e+01 4.276923076923074518e+01 0.000000000000000000e+00 0.000000000000000000e+00 0.000000000000000000e+00 0.000000000000000000e+00 0.000000000000000000e+00 2.271428571428570464e+01 0.000000000000000000e+00
0.000000000000000000e+00 0.000000000000000000e+00 0.000000000000000000e+00 2.317999999999998550e+01 2.368518518518517624e+01 8.698098859315587461e+00 7.209523809523807003e+00 7.173506891271052233e+00 2.219711538461537614e+01 1.307348901098900384e+01 4.166666666666662877e+01 3.075581395348836011e+01 4.938888888888888573e+01 0.000000000000000000e+00 3.524193548387096087e+01 2.945833333333332504e+01 3.550000000000000000e+01 0.000000000000000000e+00 0.000000000000000000e+00 0.000000000000000000e+00 0.000000000000000000e+00 0.000000000000000000e+00 0.000000000000000000e+00 0.000000000000000000e+00 0.000000000000000000e+00 0.000000000000000000e+00 0.000000000000000000e+00 0.000000000000000000e+00 3.699999999999996447e+01 0.000000000000000000e+00 0.000000000000000000e+00 0.000000000000000000e+00 0.000000000000000000e+00 0.000000000000000000e+00 0.000000000000000000e+00 0.000000000000000000e+00 0.000000000000000000e+00 3.003333333333332433e+01 2.769999999999998863e+01 3.374999999999995737e+01 0.000000000000000000e+00 0.000000000000000000e+00 0.000000000000000000e+00 0.000000000000000000e+00 4.649999999999993605e+01 0.000000000000000000e+00 0.000000000000000000e+00 0.000000000000000000e+00 0.000000000000000000e+00 0.000000000000000000e+00 0.000000000000000000e+00 0.000000000000000000e+00 0.000000000000000000e+00 0.000000000000000000e+00 0.000000000000000000e+00 0.000000000000000000e+00 0.000000000000000000e+00 0.000000000000000000e+00 4.099999999999997158e+01 0.000000000000000000e+00 0.000000000000000000e+00 0.000000000000000000e+00 0.000000000000000000e+00 0.000000000000000000e+00 0.000000000000000000e+00 0.000000000000000000e+00 0.000000000000000000e+00 0.000000000000000000e+00 0.000000000000000000e+00 0.000000000000000000e+00 0.000000000000000000e+00 0.000000000000000000e+00 0.000000000000000000e+00 0.000000000000000000e+00 0.000000000000000000e+00 0.000000000000000000e+00 0.000000000000000000e+00 0.000000000000000000e+00 0.000000000000000000e+00 0.000000000000000000e+00 3.799999999999999289e+01 0.000000000000000000e+00 0.000000000000000000e+00 0.000000000000000000e+00 0.000000000000000000e+00 0.000000000000000000e+00 0.000000000000000000e+00 0.000000000000000000e+00 0.000000000000000000e+00
0.000000000000000000e+00 0.000000000000000000e+00 0.000000000000000000e+00 3.130769230769229594e+01 2.794000000000000128e+01 1.182591529073940428e+01 7.173506891271052233e+00 8.548640832851358340e+00 8.670745524586449093e+00 1.907425577914517589e+01 3.311111111111110006e+01 2.693393200769723350e+01 3.537349397590361377e+01 0.000000000000000000e+00 3.233243727598564732e+01 2.217168674698795172e+01 2.691304347826087096e+01 5.299999999999999289e+01 6.383333333333330728e+01 0.000000000000000000e+00 0.000000000000000000e+00 0.000000000000000000e+00 0.000000000000000000e+00 0.000000000000000000e+00 5.099999999999997868e+01 4.800000000000002132e+01 6.724999999999998579e+01 7.950000000000002842e+01 3.543037974683543467e+01 4.009183673469387088e+01 8.366666666666665719e+01 6.338235294117645680e+01 8.350000000000001421e+01 0.000000000000000000e+00 0.000000000000000000e+00 0.000000000000000000e+00 0.000000000000000000e+00 2.475357142857141568e+01 2.717788461538460254e+01 3.199999999999998224e+01 0.000000000000000000e+00 0.000000000000000000e+00 4.449999999999998579e+01 4.024999999999997868e+01 3.016666666666665364e+01 3.400000000000004974e+01 0.000000000000000000e+00 0.000000000000000000e+00 5.049999999999999289e+01 0.000000000000000000e+00 0.000000000000000000e+00 4.249999999999992184e+01 4.533333333333329307e+01 0.000000000000000000e+00 4.449999999999995737e+01 0.000000000000000000e+00 0.000000000000000000e+00 0.000000000000000000e+00 4.187499999999997158e+01 5.716666666666662877e+01 0.000000000000000000e+00 0.000000000000000000e+00 0.000000000000000000e+00 0.000000000000000000e+00 0.000000000000000000e+00 0.000000000000000000e+00 0.000000000000000000e+00 0.000000000000000000e+00 0.000000000000000000e+00 0.000000000000000000e+00 0.000000000000000000e+00 0.000000000000000000e+00 0.000000000000000000e+00 0.000000000000000000e+00 0.000000000000000000e+00 0.000000000000000000e+00 0.000000000000000000e+00 0.000000000000000000e+00 0.000000000000000000e+00 0.000000000000000000e+00 4.149999999999997158e+01 4.549999999999997158e+01 0.000000000000000000e+00 0.000000000000000000e+00 0.000000000000000000e+00 0.000000000000000000e+00 0.000000000000000000e+00 3.975000000000002132e+01 0.000000000000000000e+00
0.000000000000000000e+00 0.000000000000000000e+00 0.000000000000000000e+00 3.759999999999998010e+01 4.026249999999998863e+01 2.840090090090088992e+01 2.219711538461537614e+01 8.670745524586449093e+00 1.145796653450709002e+01 1.930153880968544300e+01 2.597201017811704915e+01 3.068429060479269666e+01 1.185143849206349209e+01 3.525000000000000000e+01 2.059425190194420452e+01 3.116725978647686901e+01 2.535441941074523342e+01 4.833333333333333570e+01 6.100000000000001421e+01 0.000000000000000000e+00 0.000000000000000000e+00 0.000000000000000000e+00 0.000000000000000000e+00 0.000000000000000000e+00 0.000000000000000000e+00 4.312499999999997158e+01 2.562500000000000711e+01 1.010000000000000142e+02 1.959359452736318019e+01 2.376520994001713305e+01 5.018750000000000000e+01 5.637999999999998124e+01 5.916666666666666430e+01 4.750000000000002132e+01 6.325000000000002842e+01 0.000000000000000000e+00 0.000000000000000000e+00 1.986711111111111094e+01 1.820222743259085618e+01 2.959183673469386733e+01 0.000000000000000000e+00 3.711111111111109295e+01 8.299999999999994316e+01 3.150000000000000711e+01 4.275000000000000711e+01 3.089999999999999858e+01 0.000000000000000000e+00 0.000000000000000000e+00 6.549999999999995737e+01 0.000000000000000000e+00 0.000000000000000000e+00 4.753846153846149747e+01 4.931818181818178459e+01 5.096666666666661882e+01 4.947499999999998010e+01 7.374999999999997158e+01 0.000000000000000000e+00 6.500000000000002842e+01 4.433333333333329307e+01 2.910714285714282923e+01 2.999999999999997513e+01 0.000000000000000000e+00 0.000000000000000000e+00 0.000000000000000000e+00 0.000000000000000000e+00 0.000000000000000000e+00 0.000000000000000000e+00 0.000000000000000000e+00 0.000000000000000000e+00 0.000000000000000000e+00 0.000000000000000000e+00 7.150000000000000000e+01 0.000000000000000000e+00 0.000000000000000000e+00 9.199999999999995737e+01 0.000000000000000000e+00 0.000000000000000000e+00 0.000000000000000000e+00 0.000000000000000000e+00 0.000000000000000000e+00 0.000000000000000000e+00 4.517999999999997840e+01 6.900000000000002842e+01 0.000000000000000000e+00 0.000000000000000000e+00 0.000000000000000000e+00 0.000000000000000000e+00 6.000000000000000711e+01 0.000000000000000000e+00
0.000000000000000000e+00 0.000000000000000000e+00 0.000000000000000000e+00 1.239130434782608070e+01 1.240536193029490164e+01 1.725435523114354197e+01 1.307348901098900384e+01 1.907425577914517589e+01 1.930153880968544300e+01 1.279330184628596001e+01 1.273119469026548423e+01 1.555207477403450511e+01 3.854017857142856229e+01 4.200000000000004974e+01 2.797336265884652207e+01 2.237929993964996100e+01 2.330484988452655060e+01 4.267910447761192216e+01 6.246078431372548323e+01 0.000000000000000000e+00 6.850000000000007105e+01 0.000000000000000000e+00 5.049999999999998579e+01 4.699999999999999289e+01 5.599999999999997158e+01 5.129999999999997584e+01 4.762499999999997868e+01 6.225000000000000000e+01 4.381716417910446637e+01 4.147460937499998579e+01 7.007142857142854098e+01 6.390756302521008081e+01 5.966489361702127781e+01 9.600000000000001421e+01 8.550000000000004263e+01 0.000000000000000000e+00 0.000000000000000000e+00 2.164738292011017506e+01 2.438170418492217451e+01 3.347790055248617591e+01 0.000000000000000000e+00 5.322222222222221433e+01 4.561111111111110006e+01 4.229999999999999005e+01 3.043589743589741303e+01 4.478571428571427049e+01 0.000000000000000000e+00 3.624999999999998579e+01 3.849999999999997158e+01 0.000000000000000000e+00 4.562499999999994316e+01 4.786111111111105743e+01 4.805172413793098229e+01 5.171212121212116841e+01 4.531355932203385350e+01 6.193749999999992895e+01 0.000000000000000000e+00 0.000000000000000000e+00 2.953571428571425983e+01 3.195312499999997868e+01 4.066666666666662877e+01 6.999999999999992895e+01 0.000000000000000000e+00 0.000000000000000000e+00 0.000000000000000000e+00 0.000000000000000000e+00 0.000000000000000000e+00 0.000000000000000000e+00 0.000000000000000000e+00 0.000000000000000000e+00 0.000000000000000000e+00 0.000000000000000000e+00 8.299999999999991473e+01 0.000000000000000000e+00 6.749999999999994316e+01 1.000000000000000000e+02 0.000000000000000000e+00 0.000000000000000000e+00 0.000000000000000000e+00 0.000000000000000000e+00 3.634999999999997300e+01 4.565384615384612488e+01 5.483333333333333570e+01 0.000000000000000000e+00 4.549999999999995737e+01 0.000000000000000000e+00 0.000000000000000000e+00 4.013636363636360471e+01 0.000000000000000000e+00
0.000000000000000000e+00 0.000000000000000000e+00 0.000000000000000000e+00 5.199999999999997158e+01 4.515909090909089230e+01 4.374444444444442581e+01 4.166666666666662877e+01 3.311111111111110006e+01 2.597201017811704915e+01 1.273119469026548423e+01 1.319970452767880431e+01 2.400473013947846823e+01 1.723866974402014307e+01 3.942307692307691980e+01 2.142810218978102554e+01 3.590845070422533780e+01 2.666314199395769435e+01 2.925609756097560066e+01 4.504506437768240801e+01 1.325000000000000284e+02 0.000000000000000000e+00 5.200000000000001421e+01 7.699999999999997158e+01 0.000000000000000000e+00 7.109999999999999432e+01 5.945652173913043725e+01 6.575000000000001421e+01 5.795000000000000284e+01 3.101296043656207502e+01 3.176338797814207737e+01 4.801056338028169534e+01 4.701196302338227184e+01 4.501853448275862490e+01 5.112500000000000000e+01 5.779268292682926500e+01 5.339999999999999858e+01 5.579999999999999716e+01 1.879237288135592721e+01 2.101378692927483982e+01 2.891531531531531485e+01 0.000000000000000000e+00 3.404054054054053324e+01 5.899999999999999289e+01 3.894791666666665719e+01 3.540000000000001279e+01 3.565030674846624947e+01 0.000000000000000000e+00 0.000000000000000000e+00 0.000000000000000000e+00 0.000000000000000000e+00 0.000000000000000000e+00 4.767647058823525441e+01 5.097297297297293284e+01 5.225595238095233697e+01 5.870588235294115265e+01 6.781818181818177038e+01 0.000000000000000000e+00 0.000000000000000000e+00 4.833333333333331439e+01 3.795652173913040883e+01 3.235714285714283278e+01 4.866666666666666430e+01 0.000000000000000000e+00 0.000000000000000000e+00 0.000000000000000000e+00 0.000000000000000000e+00 0.000000000000000000e+00 0.000000000000000000e+00 6.099999999999995737e+01 0.000000000000000000e+00 0.000000000000000000e+00 0.000000000000000000e+00 5.674999999999996447e+01 7.599999999999995737e+01 8.216666666666664298e+01 6.525000000000000000e+01 0.000000000000000000e+00 0.000000000000000000e+00 0.000000000000000000e+00 0.000000000000000000e+00 6.116666666666665009e+01 4.945348837209299120e+01 4.966666666666665009e+01 0.000000000000000000e+00 4.709999999999998010e+01 0.000000000000000000e+00 0.000000000000000000e+00 0.000000000000000000e+00 0.000000000000000000e+00
0.000000000000000000e+00 0.000000000000000000e+00 0.000000000000000000e+00 7.190402476780183072e+00 1.279213759213758728e+01 2.207286785379567817e+01 3.075581395348836011e+01 2.693393200769723350e+01 3.068429060479269666e+01 1.555207477403450511e+01 2.400473013947846823e+01 1.676797734282554941e+01 2.043697264126821622e+01 1.398196344847383266e+01 3.911013215859028946e+01 1.878733418913135367e+01 1.792614107883816388e+01 2.297714532125916520e+01 4.363286093888396522e+01 0.000000000000000000e+00 0.000000000000000000e+00 6.616666666666661456e+01 6.999999999999998579e+01 0.000000000000000000e+00 8.620000000000000284e+01 7.000000000000000000e+01 6.635714285714286120e+01 6.508450704225352013e+01 3.194927536231883991e+01 4.909834938101788282e+01 5.941503267973855884e+01 4.751441717791411179e+01 4.404738562091502985e+01 6.912500000000000000e+01 6.951041666666667140e+01 8.674999999999997158e+01 7.441666666666667140e+01 2.466473812423872403e+01 2.832013185083143014e+01 3.326945525291829142e+01 0.000000000000000000e+00 5.003658536585364658e+01 6.055813953488372192e+01 4.770689655172413524e+01 3.357894736842102645e+01 4.272023809523809490e+01 0.000000000000000000e+00 3.549999999999998579e+01 4.309999999999995168e+01 0.000000000000000000e+00 5.424999999999994316e+01 4.539655172413790041e+01 4.663333333333328312e+01 5.241999999999996618e+01 1.368338557993729232e+01 6.012499999999998579e+01 1.150000000000000711e+01 4.399999999999996447e+01 2.817857142857141639e+01 2.974444444444442937e+01 3.001369863013697525e+01 5.424999999999999289e+01 0.000000000000000000e+00 0.000000000000000000e+00 0.000000000000000000e+00 0.000000000000000000e+00 0.000000000000000000e+00 0.000000000000000000e+00 0.000000000000000000e+00 0.000000000000000000e+00 0.000000000000000000e+00 5.899999999999994316e+01 6.437499999999997158e+01 6.500000000000002842e+01 8.329999999999998295e+01 6.662499999999998579e+01 0.000000000000000000e+00 0.000000000000000000e+00 0.000000000000000000e+00 0.000000000000000000e+00 3.522727272727269821e+01 4.427499999999996305e+01 7.135714285714281857e+01 0.000000000000000000e+00 6.749999999999997158e+01 0.000000000000000000e+00 4.100000000000000711e+01 3.607894736842104066e+01 5.199999999999997158e+01
0.000000000000000000e+00 0.000000000000000000e+00 0.000000000000000000e+00 0.000000000000000000e+00 6.100000000000000000e+01 4.440000000000000568e+01 4.938888888888888573e+01 3.537349397590361377e+01 1.185143849206349209e+01 3.854017857142856229e+01 1.723866974402014307e+01 2.043697264126821622e+01 1.485743814861380407e+01 8.146512082966442136e+00 2.360692188708430450e+01 5.984999999999998010e+01 4.431147540983606348e+01 2.073669467787114939e+01 3.714430577223089358e+01 0.000000000000000000e+00 5.061111111111111427e+01 6.525000000000000000e+01 4.827777777777778567e+01 5.141666666666665719e+01 4.745652173913043725e+01 1.795147058823529562e+01 4.138888888888888573e+01 4.906666666666666998e+01 1.963202991120112273e+01 2.891421744324970078e+01 4.053014184397164144e+01 3.363222064393939092e+01 3.586632870864461609e+01 4.810344827586207117e+01 5.442962962962964468e+01 5.064285714285715301e+01 6.492307692307691980e+01 2.422372372372372240e+01 2.605096418732782837e+01 2.992639500734214764e+01 0.000000000000000000e+00 2.977500000000000568e+01 5.268571428571428328e+01 3.846335078534031737e+01 9.549999999999995737e+01 3.901630434782608603e+01 0.000000000000000000e+00 0.000000000000000000e+00 0.000000000000000000e+00 0.000000000000000000e+00 0.000000000000000000e+00 0.000000000000000000e+00 6.524999999999997158e+01 5.074999999999998579e+01 5.635714285714283278e+01 5.544444444444440734e+01 0.000000000000000000e+00 6.499999999999997158e+01 0.000000000000000000e+00 5.164285714285711038e+01 3.203571428571427759e+01 3.575000000000000000e+01 0.000000000000000000e+00 0.000000000000000000e+00 0.000000000000000000e+00 0.000000000000000000e+00 0.000000000000000000e+00 0.000000000000000000e+00 0.000000000000000000e+00 0.000000000000000000e+00 0.000000000000000000e+00 5.499999999999995026e+01 5.299999999999992895e+01 0.000000000000000000e+00 0.000000000000000000e+00 0.000000000000000000e+00 0.000000000000000000e+00 0.000000000000000000e+00 0.000000000000000000e+00 0.000000000000000000e+00 7.349999999999995737e+01 5.319999999999996732e+01 5.133333333333332149e+01 0.000000000000000000e+00 4.712499999999998579e+01 0.000000000000000000e+00 0.000000000000000000e+00 0.000000000000000000e+00 0.000000000000000000e+00
0.000000000000000000e+00 0.000000000000000000e+00 0.000000000000000000e+00 0.000000000000000000e+00 0.000000000000000000e+00 0.000000000000000000e+00 0.000000000000000000e+00 0.000000000000000000e+00 3.525000000000000000e+01 4.200000000000004974e+01 3.942307692307691980e+01 1.398196344847383266e+01 8.146512082966442136e+00 9.523565245270919633e+00 3.009615384615384670e+01 6.899999999999995737e+01 2.450000000000000355e+01 1.134037558685445823e+01 2.162500000000000000e+01 0.000000000000000000e+00 0.000000000000000000e+00 0.000000000000000000e+00 0.000000000000000000e+00 0.000000000000000000e+00 0.000000000000000000e+00 0.000000000000000000e+00 3.775000000000000000e+01 9.600000000000002842e+01 1.084525231412361812e+01 3.057758620689655160e+01 2.949999999999999289e+01 1.728556485355648675e+01 1.533216783216783163e+01 4.100000000000000000e+01 0.000000000000000000e+00 0.000000000000000000e+00 0.000000000000000000e+00 4.175000000000001421e+01 2.929838709677418862e+01 3.105555555555555713e+01 0.000000000000000000e+00 2.649999999999998224e+01 0.000000000000000000e+00 3.675000000000000000e+01 0.000000000000000000e+00 0.000000000000000000e+00 0.000000000000000000e+00 0.000000000000000000e+00 0.000000000000000000e+00 0.000000000000000000e+00 0.000000000000000000e+00 0.000000000000000000e+00 0.000000000000000000e+00 0.000000000000000000e+00 2.210000000000000142e+01 0.000000000000000000e+00 0.000000000000000000e+00 0.000000000000000000e+00 0.000000000000000000e+00 0.000000000000000000e+00 0.000000000000000000e+00 0.000000000000000000e+00 0.000000000000000000e+00 0.000000000000000000e+00 0.000000000000000000e+00 0.000000000000000000e+00 0.000000000000000000e+00 0.000000000000000000e+00 0.000000000000000000e+00 0.000000000000000000e+00 0.000000000000000000e+00 0.000000000000000000e+00 0.000000000000000000e+00 0.000000000000000000e+00 0.000000000000000000e+00 0.000000000000000000e+00 0.000000000000000000e+00 0.000000000000000000e+00 0.000000000000000000e+00 0.000000000000000000e+00 0.000000000000000000e+00 0.000000000000000000e+00 7.299999999999995737e+01 0.000000000000000000e+00 0.000000000000000000e+00 0.000000000000000000e+00 0.000000000000000000e+00 0.000000000000000000e+00 0.000000000000000000e+00
0.000000000000000000e+00 0.000000000000000000e+00 0.000000000000000000e+00 3.424999999999997158e+01 2.714814814814813815e+01 1.994848484848484205e+01 3.524193548387096087e+01 3.233243727598564732e+01 2.059425190194420452e+01 2.797336265884652207e+01 2.142810218978102554e+01 3.911013215859028946e+01 2.360692188708430450e+01 3.009615384615384670e+01 1.048428241438183939e+01 3.366044776119401405e+01 3.607368421052630936e+01 2.104696132596684421e+01 2.455795019157088177e+01 1.269811320754716988e+01 3.026204819277108271e+01 2.754285714285713738e+01 2.237433628318584056e+01 1.568401937046003880e+01 2.225148279952550467e+01 1.731241410902427802e+01 1.375388026607538627e+01 2.486818181818181728e+01 1.836083165660630456e+01 2.887823275862069039e+01 3.815498652291103809e+01 3.106809643080775984e+01 2.963145539906103210e+01 4.602380952380952550e+01 4.341554054054052614e+01 5.068181818181817277e+01 3.723828125000000000e+01 2.563240740740739909e+01 8.801579626047709937e+00 2.106223175965665106e+01 0.000000000000000000e+00 2.176503759398496030e+01 1.409893920848633186e+01 1.103778677462888069e+01 2.366666666666666785e+01 2.037913907284768200e+01 0.000000000000000000e+00 0.000000000000000000e+00 0.000000000000000000e+00 0.000000000000000000e+00 0.000000000000000000e+00 0.000000000000000000e+00 5.999999999999998579e+01 5.989999999999995595e+01 3.349999999999997868e+01 0.000000000000000000e+00 0.000000000000000000e+00 0.000000000000000000e+00 3.149999999999997158e+01 5.119999999999996732e+01 3.800000000000000000e+01 2.540909090909089230e+01 0.000000000000000000e+00 0.000000000000000000e+00 0.000000000000000000e+00 0.000000000000000000e+00 0.000000000000000000e+00 0.000000000000000000e+00 0.000000000000000000e+00 0.000000000000000000e+00 0.000000000000000000e+00 0.000000000000000000e+00 4.499999999999997868e+01 0.000000000000000000e+00 5.599999999999996447e+01 5.349999999999996447e+01 0.000000000000000000e+00 0.000000000000000000e+00 0.000000000000000000e+00 0.000000000000000000e+00 0.000000000000000000e+00 4.016666666666665009e+01 4.949999999999997158e+01 0.000000000000000000e+00 3.270000000000000284e+01 3.549999999999997158e+01 0.000000000000000000e+00 3.699999999999997158e+01 0.000000000000000000e+00
0.000000000000000000e+00 0.000000000000000000e+00 0.000000000000000000e+00 2.249999999999998579e+01 1.219620253164556267e+01 1.888028169014083701e+01 2.945833333333332504e+01 2.217168674698795172e+01 3.116725978647686901e+01 2.237929993964996100e+01 3.590845070422533780e+01 1.878733418913135367e+01 5.984999999999998010e+01 6.899999999999995737e+01 3.366044776119401405e+01 6.476256983240221032e+00 1.020154723127035190e+01 3.591091954022986243e+01 5.585439560439558448e+01 0.000000000000000000e+00 0.000000000000000000e+00 0.000000000000000000e+00 0.000000000000000000e+00 0.000000000000000000e+00 0.000000000000000000e+00 6.199999999999998579e+01 0.000000000000000000e+00 8.333333333333332860e+01 6.378571428571427049e+01 5.934090909090907218e+01 7.983333333333330017e+01 7.049999999999997158e+01 6.213636363636361182e+01 0.000000000000000000e+00 9.950000000000002842e+01 0.000000000000000000e+00 0.000000000000000000e+00 1.350652841781872837e+01 2.128311320754716007e+01 3.524999999999998579e+01 0.000000000000000000e+00 6.099999999999998579e+01 6.095454545454540352e+01 4.387499999999998579e+01 8.690068493150679529e+00 2.774999999999998934e+01 2.699999999999995737e+01 1.793750000000001066e+01 3.329999999999997584e+01 0.000000000000000000e+00 3.149999999999997158e+01 3.732352941176466743e+01 3.591489361702124938e+01 5.184999999999996589e+01 3.185576923076920508e+01 6.112499999999994316e+01 0.000000000000000000e+00 0.000000000000000000e+00 1.474050632911391467e+01 2.268181818181817277e+01 4.479166666666665009e+01 4.599999999999997158e+01 0.000000000000000000e+00 0.000000000000000000e+00 0.000000000000000000e+00 0.000000000000000000e+00 0.000000000000000000e+00 0.000000000000000000e+00 0.000000000000000000e+00 0.000000000000000000e+00 0.000000000000000000e+00 0.000000000000000000e+00 0.000000000000000000e+00 7.449999999999991473e+01 7.674999999999994316e+01 6.549999999999994316e+01 0.000000000000000000e+00 0.000000000000000000e+00 0.000000000000000000e+00 0.000000000000000000e+00 2.564999999999998437e+01 3.110416666666662877e+01 5.649999999999998579e+01 0.000000000000000000e+00 4.499999999999997868e+01 0.000000000000000000e+00 0.000000000000000000e+00 2.098780487804877737e+01 3.099999999999997868e+01
0.000000000000000000e+00 0.000000000000000000e+00 0.000000000000000000e+00 3.649999999999995026e+01 2.974999999999998224e+01 3.531521739130433701e+01 3.550000000000000000e+01 2.691304347826087096e+01 2.535441941074523342e+01 2.330484988452655060e+01 2.666314199395769435e+01 1.792614107883816388e+01 4.431147540983606348e+01 2.450000000000000355e+01 3.607368421052630936e+01 1.020154723127035190e+01 7.990066225165556091e+00 1.813575350823672139e+01 3.748098256735340073e+01 0.000000000000000000e+00 0.000000000000000000e+00 6.099999999999998579e+01 0.000000000000000000e+00 0.000000000000000000e+00 8.300000000000000000e+01 7.609999999999999432e+01 4.199999999999997158e+01 6.550000000000000000e+01 5.311904761904759908e+01 5.343750000000000000e+01 6.160526315789473983e+01 5.530412371134020333e+01 4.300816993464052018e+01 6.050000000000002132e+01 6.878125000000000000e+01 0.000000000000000000e+00 5.999999999999997868e+01 1.694444444444443221e+01 2.214851485148513532e+01 3.539583333333332149e+01 0.000000000000000000e+00 4.819736842105262298e+01 4.893617021276595835e+01 4.583333333333332149e+01 3.333333333333333570e+01 5.050000000000000711e+01 0.000000000000000000e+00 3.190909090909090295e+01 3.512499999999996447e+01 0.000000000000000000e+00 2.693749999999996803e+01 2.882203389830504392e+01 2.997744360902252225e+01 3.410483870967739506e+01 2.888823529411762436e+01 4.379999999999997584e+01 4.199999999999999289e+01 6.399999999999997868e+01 1.899999999999999289e+01 2.006349206349205616e+01 1.954054054054052969e+01 3.799999999999997868e+01 0.000000000000000000e+00 0.000000000000000000e+00 0.000000000000000000e+00 0.000000000000000000e+00 0.000000000000000000e+00 0.000000000000000000e+00 0.000000000000000000e+00 0.000000000000000000e+00 0.000000000000000000e+00 5.150000000000000000e+01 5.177777777777776436e+01 6.199999999999997158e+01 6.149999999999997158e+01 4.381818181818181301e+01 0.000000000000000000e+00 0.000000000000000000e+00 0.000000000000000000e+00 0.000000000000000000e+00 2.610344827586206051e+01 3.124166666666664227e+01 4.309999999999998010e+01 0.000000000000000000e+00 4.549999999999997158e+01 6.200000000000000000e+01 5.050000000000000000e+01 2.595714285714285552e+01 3.700000000000000711e+01
