0.000000000000000000e+00 0.000000000000000000e+00 0.000000000000000000e+00 0.000000000000000000e+00 0.000000000000000000e+00 0.000000000000000000e+00 0.000000000000000000e+00 0.000000000000000000e+00 0.000000000000000000e+00 0.000000000000000000e+00 0.000000000000000000e+00 0.000000000000000000e+00 0.000000000000000000e+00 0.000000000000000000e+00 0.000000000000000000e+00 0.000000000000000000e+00 0.000000000000000000e+00 0.000000000000000000e+00 0.000000000000000000e+00 0.000000000000000000e+00 0.000000000000000000e+00 0.000000000000000000e+00 0.000000000000000000e+00 0.000000000000000000e+00 0.000000000000000000e+00 0.000000000000000000e+00 0.000000000000000000e+00 0.000000000000000000e+00 0.000000000000000000e+00 0.000000000000000000e+00 0.000000000000000000e+00 0.000000000000000000e+00 0.000000000000000000e+00 0.000000000000000000e+00 0.000000000000000000e+00 0.000000000000000000e+00 0.000000000000000000e+00 0.000000000000000000e+00 0.000000000000000000e+00 0.000000000000000000e+00 0.000000000000000000e+00 0.000000000000000000e+00 0.000000000000000000e+00 0.000000000000000000e+00 0.000000000000000000e+00 0.000000000000000000e+00 0.000000000000000000e+00 0.000000000000000000e+00 0.000000000000000000e+00 0.000000000000000000e+00 0.000000000000000000e+00 0.000000000000000000e+00 0.000000000000000000e+00 0.000000000000000000e+00 0.000000000000000000e+00 0.000000000000000000e+00 0.000000000000000000e+00 0.000000000000000000e+00 0.000000000000000000e+00 0.000000000000000000e+00 0.000000000000000000e+00 0.000000000000000000e+00 0.000000000000000000e+00 0.000000000000000000e+00 0.000000000000000000e+00 0.000000000000000000e+00 0.000000000000000000e+00 0.000000000000000000e+00 0.000000000000000000e+00 0.000000000000000000e+00 0.000000000000000000e+00 0.000000000000000000e+00 0.000000000000000000e+00 0.000000000000000000e+00 0.000000000000000000e+00 0.000000000000000000e+00 0.000000000000000000e+00 0.000000000000000000e+00 0.000000000000000000e+00 0.000000000000000000e+00 0.000000000000000000e+00 0.000000000000000000e+00 0.000000000000000000e+00 0.000000000000000000e+00 0.000000000000000000e+00 0.000000000000000000e+00 0.000000000000000000e+00 0.000000000000000000e+00 0.000000000000000000e+00
0.000000000000000000e+00 0.000000000000000000e+00 0.000000000000000000e+00 0.000000000000000000e+00 0.000000000000000000e+00 0.000000000000000000e+00 0.000000000000000000e+00 0.000000000000000000e+00 0.000000000000000000e+00 0.000000000000000000e+00 0.000000000000000000e+00 0.000000000000000000e+00 0.000000000000000000e+00 0.000000000000000000e+00 0.000000000000000000e+00 0.000000000000000000e+00 0.000000000000000000e+00 0.000000000000000000e+00 0.000000000000000000e+00 0.000000000000000000e+00 0.000000000000000000e+00 0.000000000000000000e+00 0.000000000000000000e+00 0.000000000000000000e+00 0.000000000000000000e+00 0.000000000000000000e+00 0.000000000000000000e+00 0.000000000000000000e+00 0.000000000000000000e+00 0.000000000000000000e+00 0.000000000000000000e+00 0.000000000000000000e+00 0.000000000000000000e+00 0.000000000000000000e+00 0.000000000000000000e+00 0.000000000000000000e+00 0.000000000000000000e+00 0.000000000000000000e+00 0.000000000000000000e+00 0.000000000000000000e+00 0.000000000000000000e+00 0.000000000000000000e+00 0.000000000000000000e+00 0.000000000000000000e+00 0.000000000000000000e+00 0.000000000000000000e+00 0.000000000000000000e+00 0.000000000000000000e+00 0.000000000000000000e+00 0.000000000000000000e+00 0.000000000000000000e+00 0.000000000000000000e+00 0.000000000000000000e+00 0.000000000000000000e+00 0.000000000000000000e+00 0.000000000000000000e+00 0.000000000000000000e+00 0.000000000000000000e+00 0.000000000000000000e+00 0.000000000000000000e+00 0.000000000000000000e+00 0.000000000000000000e+00 0.000000000000000000e+00 0.000000000000000000e+00 0.000000000000000000e+00 0.000000000000000000e+00 0.000000000000000000e+00 0.000000000000000000e+00 0.000000000000000000e+00 0.000000000000000000e+00 0.000000000000000000e+00 0.000000000000000000e+00 0.000000000000000000e+00 0.000000000000000000e+00 0.000000000000000000e+00 0.000000000000000000e+00 0.000000000000000000e+00 0.000000000000000000e+00 0.000000000000000000e+00 0.000000000000000000e+00 0.000000000000000000e+00 0.000000000000000000e+00 0.000000000000000000e+00 0.000000000000000000e+00 0.000000000000000000e+00 0.000000000000000000e+00 0.000000000000000000e+00 0.000000000000000000e+00 0.000000000000000000e+00
0.000000000000000000e+00 0.000000000000000000e+00 0.000000000000000000e+00 0.000000000000000000e+00 0.000000000000000000e+00 0.000000000000000000e+00 0.000000000000000000e+00 0.000000000000000000e+00 0.000000000000000000e+00 0.000000000000000000e+00 0.000000000000000000e+00 0.000000000000000000e+00 0.000000000000000000e+00 0.000000000000000000e+00 0.000000000000000000e+00 0.000000000000000000e+00 0.000000000000000000e+00 0.000000000000000000e+00 0.000000000000000000e+00 0.000000000000000000e+00 0.000000000000000000e+00 0.000000000000000000e+00 0.000000000000000000e+00 0.000000000000000000e+00 0.000000000000000000e+00 0.000000000000000000e+00 0.000000000000000000e+00 0.000000000000000000e+00 0.000000000000000000e+00 0.000000000000000000e+00 0.000000000000000000e+00 0.000000000000000000e+00 0.000000000000000000e+00 0.000000000000000000e+00 0.000000000000000000e+00 0.000000000000000000e+00 0.000000000000000000e+00 0.000000000000000000e+00 0.000000000000000000e+00 0.000000000000000000e+00 0.000000000000000000e+00 0.000000000000000000e+00 0.000000000000000000e+00 0.000000000000000000e+00 0.000000000000000000e+00 0.000000000000000000e+00 0.000000000000000000e+00 0.000000000000000000e+00 0.000000000000000000e+00 0.000000000000000000e+00 0.000000000000000000e+00 0.000000000000000000e+00 0.000000000000000000e+00 0.000000000000000000e+00 0.000000000000000000e+00 0.000000000000000000e+00 0.000000000000000000e+00 0.000000000000000000e+00 0.000000000000000000e+00 0.000000000000000000e+00 0.000000000000000000e+00 0.000000000000000000e+00 0.000000000000000000e+00 0.000000000000000000e+00 0.000000000000000000e+00 0.000000000000000000e+00 0.000000000000000000e+00 0.000000000000000000e+00 0.000000000000000000e+00 0.000000000000000000e+00 0.000000000000000000e+00 0.000000000000000000e+00 0.000000000000000000e+00 0.000000000000000000e+00 0.000000000000000000e+00 0.000000000000000000e+00 0.000000000000000000e+00 0.000000000000000000e+00 0.000000000000000000e+00 0.000000000000000000e+00 0.000000000000000000e+00 0.000000000000000000e+00 0.000000000000000000e+00 0.000000000000000000e+00 0.000000000000000000e+00 0.000000000000000000e+00 0.000000000000000000e+00 0.000000000000000000e+00 0.000000000000000000e+00
0.000000000000000000e+00 0.000000000000000000e+00 0.000000000000000000e+00 4.258409785932718350e+00 6.712744436952121418e+00 9.671970624235001424e+00 2.949999999999998224e+01 3.443749999999998579e+01 3.849999999999998579e+01 7.704797047970473045e+00 0.000000000000000000e+00 6.525389302640484779e+00 0.000000000000000000e+00 6.099999999999993605e+01 3.749999999999997158e+01 2.158333333333332860e+01 0.000000000000000000e+00 0.000000000000000000e+00 0.000000000000000000e+00 0.000000000000000000e+00 0.000000000000000000e+00 0.000000000000000000e+00 0.000000000000000000e+00 0.000000000000000000e+00 0.000000000000000000e+00 0.000000000000000000e+00 0.000000000000000000e+00 0.000000000000000000e+00 0.000000000000000000e+00 0.000000000000000000e+00 0.000000000000000000e+00 0.000000000000000000e+00 0.000000000000000000e+00 0.000000000000000000e+00 0.000000000000000000e+00 0.000000000000000000e+00 0.000000000000000000e+00 2.890909090909089230e+01 3.361111111111108585e+01 0.000000000000000000e+00 0.000000000000000000e+00 0.000000000000000000e+00 0.000000000000000000e+00 0.000000000000000000e+00 3.224999999999995737e+01 0.000000000000000000e+00 0.000000000000000000e+00 0.000000000000000000e+00 0.000000000000000000e+00 0.000000000000000000e+00 0.000000000000000000e+00 0.000000000000000000e+00 0.000000000000000000e+00 0.000000000000000000e+00 0.000000000000000000e+00 0.000000000000000000e+00 0.000000000000000000e+00 0.000000000000000000e+00 0.000000000000000000e+00 0.000000000000000000e+00 0.000000000000000000e+00 0.000000000000000000e+00 0.000000000000000000e+00 0.000000000000000000e+00 0.000000000000000000e+00 0.000000000000000000e+00 0.000000000000000000e+00 0.000000000000000000e+00 0.000000000000000000e+00 0.000000000000000000e+00 0.000000000000000000e+00 0.000000000000000000e+00 0.000000000000000000e+00 0.000000000000000000e+00 0.000000000000000000e+00 0.000000000000000000e+00 0.000000000000000000e+00 0.000000000000000000e+00 0.000000000000000000e+00 0.000000000000000000e+00 0.000000000000000000e+00 0.000000000000000000e+00 0.000000000000000000e+00 0.000000000000000000e+00 0.000000000000000000e+00 0.000000000000000000e+00 0.000000000000000000e+00 0.000000000000000000e+00 0.000000000000000000e+00
0.000000000000000000e+00 0.000000000000000000e+00 0.000000000000000000e+00 6.712744436952121418e+00 1.020297593620959020e+01 1.025331190718820551e+01 2.755172413793102493e+01 2.383687943262410514e+01 4.049626865671640985e+01 1.862200259235255118e+01 4.602577319587626903e+01 1.846441093969144021e+01 5.611111111111109295e+01 5.873437499999996447e+01 3.497142857142856087e+01 1.356078860898137251e+01 2.905999999999998806e+01 5.467222222222220296e+01 6.159999999999998010e+01 0.000000000000000000e+00 1.264999999999999716e+02 0.000000000000000000e+00 0.000000000000000000e+00 0.000000000000000000e+00 4.599999999999995026e+01 0.000000000000000000e+00 0.000000000000000000e+00 9.149999999999997158e+01 7.396428571428569398e+01 7.064285714285712459e+01 0.000000000000000000e+00 7.735245901639341071e+01 7.379999999999998295e+01 1.069999999999999432e+02 0.000000000000000000e+00 0.000000000000000000e+00 0.000000000000000000e+00 1.301366263794008660e+01 1.975130718954247300e+01 4.347058823529409466e+01 0.000000000000000000e+00 0.000000000000000000e+00 0.000000000000000000e+00 5.349999999999996447e+01 5.838700564971748719e+00 2.006249999999999289e+01 0.000000000000000000e+00 0.000000000000000000e+00 0.000000000000000000e+00 0.000000000000000000e+00 3.649999999999994316e+01 0.000000000000000000e+00 4.750000000000000000e+01 0.000000000000000000e+00 5.324999999999993605e+01 0.000000000000000000e+00 0.000000000000000000e+00 0.000000000000000000e+00 3.524999999999997158e+01 3.224999999999998579e+01 4.850000000000000711e+01 0.000000000000000000e+00 0.000000000000000000e+00 0.000000000000000000e+00 0.000000000000000000e+00 0.000000000000000000e+00 0.000000000000000000e+00 0.000000000000000000e+00 0.000000000000000000e+00 0.000000000000000000e+00 0.000000000000000000e+00 0.000000000000000000e+00 0.000000000000000000e+00 0.000000000000000000e+00 0.000000000000000000e+00 0.000000000000000000e+00 0.000000000000000000e+00 0.000000000000000000e+00 0.000000000000000000e+00 0.000000000000000000e+00 1.995454545454543549e+01 4.792857142857140218e+01 0.000000000000000000e+00 0.000000000000000000e+00 0.000000000000000000e+00 0.000000000000000000e+00 0.000000000000000000e+00 2.162499999999998224e+01 0.000000000000000000e+00
0.000000000000000000e+00 0.000000000000000000e+00 0.000000000000000000e+00 9.671970624235001424e+00 1.025331190718820551e+01 1.422886758901851145e+01 1.087770758122743331e+01 1.451943198804184831e+01 3.462384259259258101e+01 1.802195230666368886e+01 4.371276595744679128e+01 2.742766570605186516e+01 5.932222222222220864e+01 6.214999999999996305e+01 2.345819672131146305e+01 2.080066445182723456e+01 3.326126126126124660e+01 6.052727272727269536e+01 7.120833333333330017e+01 0.000000000000000000e+00 0.000000000000000000e+00 0.000000000000000000e+00 0.000000000000000000e+00 3.850000000000002842e+01 0.000000000000000000e+00 3.357142857142856940e+01 0.000000000000000000e+00 5.300000000000000000e+01 7.063235294117644969e+01 6.885714285714284699e+01 0.000000000000000000e+00 8.013157894736839637e+01 7.886666666666664582e+01 0.000000000000000000e+00 1.009999999999999858e+02 0.000000000000000000e+00 9.799999999999995737e+01 1.728577336641852114e+01 1.940397750100440888e+01 3.274999999999998579e+01 0.000000000000000000e+00 3.649999999999998579e+01 0.000000000000000000e+00 3.010714285714284344e+01 1.776293103448274380e+01 5.241666666666666430e+01 0.000000000000000000e+00 3.399999999999997158e+01 4.875000000000000000e+01 0.000000000000000000e+00 4.283333333333329307e+01 5.574999999999992895e+01 5.110526315789470431e+01 7.074999999999997158e+01 4.612499999999995737e+01 0.000000000000000000e+00 0.000000000000000000e+00 0.000000000000000000e+00 3.074999999999999289e+01 4.499999999999995737e+01 0.000000000000000000e+00 7.699999999999995737e+01 0.000000000000000000e+00 0.000000000000000000e+00 0.000000000000000000e+00 0.000000000000000000e+00 0.000000000000000000e+00 0.000000000000000000e+00 0.000000000000000000e+00 0.000000000000000000e+00 0.000000000000000000e+00 0.000000000000000000e+00 0.000000000000000000e+00 0.000000000000000000e+00 0.000000000000000000e+00 0.000000000000000000e+00 0.000000000000000000e+00 0.000000000000000000e+00 0.000000000000000000e+00 0.000000000000000000e+00 3.404545454545451122e+01 4.685294117647055145e+01 0.000000000000000000e+00 0.000000000000000000e+00 0.000000000000000000e+00 0.000000000000000000e+00 6.699999999999994316e+01 2.774999999999997868e+01 0.000000000000000000e+00
0.000000000000000000e+00 0.000000000000000000e+00 0.000000000000000000e+00 2.949999999999998224e+01 2.755172413793102493e+01 1.087770758122743331e+01 9.923795293238697468e+00 7.124584165003324365e+00 2.148571428571428399e+01 1.346522411128283991e+01 4.387500000000000711e+01 3.094285714285713595e+01 7.449999999999998579e+01 0.000000000000000000e+00 3.196153846153844569e+01 2.776666666666664440e+01 0.000000000000000000e+00 0.000000000000000000e+00 8.349999999999990052e+01 0.000000000000000000e+00 0.000000000000000000e+00 0.000000000000000000e+00 0.000000000000000000e+00 0.000000000000000000e+00 0.000000000000000000e+00 0.000000000000000000e+00 0.000000000000000000e+00 0.000000000000000000e+00 4.949999999999999289e+01 8.599999999999997158e+01 0.000000000000000000e+00 9.074999999999997158e+01 0.000000000000000000e+00 0.000000000000000000e+00 0.000000000000000000e+00 0.000000000000000000e+00 0.000000000000000000e+00 2.359090909090908994e+01 2.733064516129030963e+01 2.549999999999997868e+01 0.000000000000000000e+00 0.000000000000000000e+00 0.000000000000000000e+00 0.000000000000000000e+00 2.966666666666663232e+01 0.000000000000000000e+00 0.000000000000000000e+00 0.000000000000000000e+00 0.000000000000000000e+00 0.000000000000000000e+00 0.000000000000000000e+00 0.000000000000000000e+00 6.600000000000001421e+01 0.000000000000000000e+00 0.000000000000000000e+00 0.000000000000000000e+00 0.000000000000000000e+00 0.000000000000000000e+00 0.000000000000000000e+00 0.000000000000000000e+00 0.000000000000000000e+00 0.000000000000000000e+00 0.000000000000000000e+00 0.000000000000000000e+00 0.000000000000000000e+00 0.000000000000000000e+00 0.000000000000000000e+00 0.000000000000000000e+00 0.000000000000000000e+00 0.000000000000000000e+00 0.000000000000000000e+00 0.000000000000000000e+00 0.000000000000000000e+00 0.000000000000000000e+00 0.000000000000000000e+00 0.000000000000000000e+00 0.000000000000000000e+00 0.000000000000000000e+00 0.000000000000000000e+00 0.000000000000000000e+00 0.000000000000000000e+00 0.000000000000000000e+00 0.000000000000000000e+00 0.000000000000000000e+00 0.000000000000000000e+00 0.000000000000000000e+00 0.000000000000000000e+00 0.000000000000000000e+00 0.000000000000000000e+00
0.000000000000000000e+00 0.000000000000000000e+00 0.000000000000000000e+00 3.443749999999998579e+01 2.383687943262410514e+01 1.451943198804184831e+01 7.124584165003324365e+00 8.585311807534029782e+00 8.362276372609500186e+00 1.885609901580673764e+01 3.716666666666665009e+01 2.538870568837591790e+01 3.888571428571428612e+01 7.249999999999997158e+01 3.385528756957327090e+01 1.917255594817432041e+01 2.181111111111110290e+01 5.749999999999996447e+01 6.666666666666662877e+01 0.000000000000000000e+00 0.000000000000000000e+00 0.000000000000000000e+00 0.000000000000000000e+00 0.000000000000000000e+00 0.000000000000000000e+00 5.349999999999993605e+01 4.150000000000001421e+01 0.000000000000000000e+00 4.010256410256410220e+01 3.880405405405404196e+01 6.199999999999997868e+01 8.156249999999998579e+01 6.037499999999998579e+01 9.049999999999998579e+01 7.250000000000000000e+01 0.000000000000000000e+00 6.150000000000001421e+01 1.905696202531645156e+01 2.550789473684209696e+01 3.225000000000000711e+01 0.000000000000000000e+00 4.524999999999999289e+01 8.200000000000000000e+01 5.250000000000002842e+01 2.526923076923074163e+01 4.149999999999995026e+01 0.000000000000000000e+00 0.000000000000000000e+00 0.000000000000000000e+00 0.000000000000000000e+00 3.499999999999992184e+01 0.000000000000000000e+00 3.819999999999993889e+01 7.399999999999998579e+01 3.904545454545453254e+01 7.150000000000000000e+01 0.000000000000000000e+00 5.349999999999993605e+01 2.137499999999999289e+01 2.259999999999998721e+01 0.000000000000000000e+00 0.000000000000000000e+00 0.000000000000000000e+00 0.000000000000000000e+00 0.000000000000000000e+00 0.000000000000000000e+00 0.000000000000000000e+00 0.000000000000000000e+00 0.000000000000000000e+00 0.000000000000000000e+00 0.000000000000000000e+00 0.000000000000000000e+00 0.000000000000000000e+00 0.000000000000000000e+00 0.000000000000000000e+00 0.000000000000000000e+00 0.000000000000000000e+00 0.000000000000000000e+00 0.000000000000000000e+00 0.000000000000000000e+00 3.062499999999995026e+01 4.557142857142854098e+01 0.000000000000000000e+00 0.000000000000000000e+00 0.000000000000000000e+00 0.000000000000000000e+00 0.000000000000000000e+00 0.000000000000000000e+00 0.000000000000000000e+00
0.000000000000000000e+00 0.000000000000000000e+00 0.000000000000000000e+00 3.849999999999998579e+01 4.049626865671640985e+01 3.462384259259258101e+01 2.148571428571428399e+01 8.362276372609500186e+00 1.123189189189189108e+01 1.951315789473683537e+01 2.905276381909547112e+01 3.237023305084745317e+01 1.084526353276353206e+01 6.024999999999999289e+01 2.289566929133857442e+01 3.244339622641509635e+01 2.861312499999999659e+01 5.225675675675674370e+01 5.697222222222220722e+01 0.000000000000000000e+00 6.556250000000000000e+01 5.749999999999998579e+01 0.000000000000000000e+00 0.000000000000000000e+00 5.912499999999998579e+01 5.289285714285712459e+01 3.883333333333334281e+01 5.032352941176469585e+01 2.307881355932202894e+01 2.691496746203904067e+01 4.682500000000000284e+01 6.107352941176470296e+01 4.674074074074074048e+01 5.263636363636363313e+01 5.704225352112677427e+01 5.116666666666665719e+01 5.449999999999999289e+01 2.351167031363967297e+01 1.916661118508654837e+01 2.840647482014387748e+01 0.000000000000000000e+00 4.158333333333334281e+01 5.879999999999999716e+01 4.922727272727271952e+01 3.073809523809523370e+01 3.156034482758620285e+01 0.000000000000000000e+00 0.000000000000000000e+00 6.150000000000000000e+01 0.000000000000000000e+00 8.100000000000001421e+01 4.416666666666662877e+01 5.278787878787875343e+01 6.650000000000002842e+01 4.667499999999996874e+01 0.000000000000000000e+00 0.000000000000000000e+00 6.525000000000000000e+01 4.399999999999996447e+01 3.436666666666663161e+01 5.300000000000000000e+01 0.000000000000000000e+00 0.000000000000000000e+00 0.000000000000000000e+00 0.000000000000000000e+00 0.000000000000000000e+00 0.000000000000000000e+00 0.000000000000000000e+00 0.000000000000000000e+00 0.000000000000000000e+00 0.000000000000000000e+00 0.000000000000000000e+00 0.000000000000000000e+00 0.000000000000000000e+00 0.000000000000000000e+00 0.000000000000000000e+00 0.000000000000000000e+00 0.000000000000000000e+00 0.000000000000000000e+00 0.000000000000000000e+00 4.346153846153843858e+01 5.370833333333331439e+01 0.000000000000000000e+00 0.000000000000000000e+00 6.749999999999998579e+01 0.000000000000000000e+00 0.000000000000000000e+00 7.449999999999995737e+01 4.849999999999998579e+01
0.000000000000000000e+00 0.000000000000000000e+00 0.000000000000000000e+00 7.704797047970473045e+00 1.862200259235255118e+01 1.802195230666368886e+01 1.346522411128283991e+01 1.885609901580673764e+01 1.951315789473683537e+01 1.260756640729809419e+01 1.499278189621536761e+01 1.673459319975712845e+01 4.350843558282206658e+01 5.051162790697673444e+01 3.507276657060517522e+01 2.271309853581320581e+01 2.311658962506418646e+01 4.571028037383175757e+01 6.123033707865165809e+01 0.000000000000000000e+00 8.112499999999998579e+01 7.649999999999998579e+01 6.499999999999998579e+01 9.699999999999998579e+01 7.887500000000000000e+01 7.497916666666664298e+01 4.161111111111107874e+01 6.849999999999998579e+01 4.719157894736840575e+01 4.115888324873095172e+01 6.216666666666665009e+01 6.247257769652649273e+01 6.075939849624057842e+01 6.642307692307691980e+01 7.318589743589743080e+01 7.137500000000001421e+01 6.998648648648645576e+01 2.204682651622001188e+01 2.652275236109405654e+01 3.708177570093457120e+01 0.000000000000000000e+00 4.169047619047618269e+01 6.385714285714283989e+01 5.144117647058821774e+01 2.911235955056177360e+01 4.479999999999997584e+01 0.000000000000000000e+00 4.649999999999997158e+01 5.835714285714282568e+01 5.799999999999987210e+01 4.624999999999994316e+01 4.994999999999996021e+01 5.115540540540535375e+01 5.569999999999996021e+01 4.524468085106379078e+01 0.000000000000000000e+00 4.599999999999997158e+01 6.733333333333328596e+01 3.697058823529408755e+01 3.127173913043477427e+01 4.129999999999996874e+01 5.450000000000004263e+01 0.000000000000000000e+00 0.000000000000000000e+00 0.000000000000000000e+00 0.000000000000000000e+00 0.000000000000000000e+00 0.000000000000000000e+00 0.000000000000000000e+00 0.000000000000000000e+00 0.000000000000000000e+00 0.000000000000000000e+00 0.000000000000000000e+00 0.000000000000000000e+00 9.399999999999995737e+01 6.649999999999992895e+01 0.000000000000000000e+00 0.000000000000000000e+00 0.000000000000000000e+00 0.000000000000000000e+00 4.037179487179484028e+01 5.502380952380950419e+01 7.674999999999994316e+01 0.000000000000000000e+00 7.749999999999998579e+01 0.000000000000000000e+00 0.000000000000000000e+00 4.083333333333330728e+01 0.000000000000000000e+00
0.000000000000000000e+00 0.000000000000000000e+00 0.000000000000000000e+00 0.000000000000000000e+00 4.602577319587626903e+01 4.371276595744679128e+01 4.387500000000000711e+01 3.716666666666665009e+01 2.905276381909547112e+01 1.499278189621536761e+01 1.426007434944237851e+01 2.393729418221733596e+01 1.628764527539161122e+01 3.889772727272727337e+01 2.761505832449628528e+01 4.078326996197717591e+01 2.595968790637190082e+01 2.714218328840969363e+01 5.107913669064748063e+01 8.709999999999999432e+01 6.325925925925925952e+01 5.807407407407407618e+01 6.852173913043476716e+01 8.105882352941173963e+01 6.161818181818180307e+01 5.225592417061611172e+01 5.433333333333333570e+01 4.782367149758454161e+01 3.050647249190938481e+01 3.690971357409713249e+01 4.379907975460123026e+01 4.785822233606557319e+01 4.417610364683301327e+01 4.835820895522387985e+01 5.473517382413088228e+01 5.727906976744186096e+01 5.389015151515151558e+01 2.171817469643556109e+01 2.462129804662885846e+01 2.995858895705520908e+01 0.000000000000000000e+00 2.936423841059601614e+01 5.961666666666665293e+01 3.876991150442476908e+01 3.858333333333332149e+01 3.576475930971842843e+01 0.000000000000000000e+00 0.000000000000000000e+00 0.000000000000000000e+00 0.000000000000000000e+00 0.000000000000000000e+00 4.999999999999995026e+01 5.477999999999996561e+01 5.248039215686272030e+01 5.007608695652172059e+01 5.195833333333329307e+01 0.000000000000000000e+00 6.624999999999995737e+01 5.116666666666660745e+01 3.489743589743587648e+01 3.108064516129030963e+01 5.199999999999997158e+01 0.000000000000000000e+00 0.000000000000000000e+00 0.000000000000000000e+00 0.000000000000000000e+00 0.000000000000000000e+00 0.000000000000000000e+00 0.000000000000000000e+00 0.000000000000000000e+00 0.000000000000000000e+00 6.699999999999998579e+01 7.549999999999997158e+01 0.000000000000000000e+00 0.000000000000000000e+00 5.700000000000000000e+01 0.000000000000000000e+00 0.000000000000000000e+00 0.000000000000000000e+00 0.000000000000000000e+00 4.320833333333329307e+01 5.074999999999996447e+01 6.424999999999998579e+01 0.000000000000000000e+00 3.999999999999997868e+01 0.000000000000000000e+00 5.724999999999997158e+01 5.249999999999992895e+01 0.000000000000000000e+00
0.000000000000000000e+00 0.000000000000000000e+00 0.000000000000000000e+00 6.525389302640484779e+00 1.846441093969144021e+01 2.742766570605186516e+01 3.094285714285713595e+01 2.538870568837591790e+01 3.237023305084745317e+01 1.673459319975712845e+01 2.393729418221733596e+01 1.510316371353832210e+01 2.357251424952501750e+01 1.664311615393613408e+01 3.693497757847532625e+01 2.409415507895355546e+01 1.885757575757575211e+01 2.368572406710029910e+01 4.009325396825396837e+01 1.134999999999999432e+02 8.422222222222221433e+01 7.650000000000000000e+01 0.000000000000000000e+00 0.000000000000000000e+00 5.800000000000000000e+01 6.430357142857141639e+01 5.100000000000002132e+01 5.795238095238094189e+01 3.429322162985529587e+01 4.501943844492440405e+01 5.309459459459459651e+01 4.737669512807634220e+01 4.341214285714285381e+01 5.460714285714285410e+01 7.447826086956523284e+01 7.950000000000000000e+01 7.372727272727270531e+01 2.500109449106164661e+01 3.042907542579073876e+01 3.400145560407569434e+01 0.000000000000000000e+00 3.088392857142857650e+01 5.161111111111110006e+01 4.043670886075950222e+01 3.551111111111109153e+01 3.971659482758620641e+01 0.000000000000000000e+00 4.937499999999997158e+01 6.074999999999997158e+01 0.000000000000000000e+00 5.883333333333332149e+01 5.249999999999993605e+01 5.302325581395344756e+01 5.302499999999996305e+01 1.013822525597269220e+01 5.337499999999996447e+01 2.075000000000000711e+01 6.837499999999998579e+01 3.429545454545453254e+01 3.676595744680849265e+01 2.483098591549294198e+01 3.560000000000000142e+01 0.000000000000000000e+00 0.000000000000000000e+00 0.000000000000000000e+00 0.000000000000000000e+00 0.000000000000000000e+00 0.000000000000000000e+00 0.000000000000000000e+00 0.000000000000000000e+00 0.000000000000000000e+00 7.450000000000001421e+01 0.000000000000000000e+00 7.050000000000000000e+01 6.199999999999998579e+01 6.649999999999995737e+01 0.000000000000000000e+00 0.000000000000000000e+00 0.000000000000000000e+00 0.000000000000000000e+00 3.861428571428568546e+01 5.048437499999997868e+01 5.440000000000001990e+01 0.000000000000000000e+00 3.062500000000000711e+01 5.750000000000003553e+01 6.149999999999998579e+01 0.000000000000000000e+00 5.849999999999999289e+01
0.000000000000000000e+00 0.000000000000000000e+00 0.000000000000000000e+00 0.000000000000000000e+00 5.611111111111109295e+01 5.932222222222220864e+01 7.449999999999998579e+01 3.888571428571428612e+01 1.084526353276353206e+01 4.350843558282206658e+01 1.628764527539161122e+01 2.357251424952501750e+01 1.368539898132427801e+01 8.951053844887205457e+00 2.473203410475030495e+01 5.563768115942026782e+01 4.309259259259257391e+01 2.298241985522233577e+01 3.460992907801418283e+01 5.359999999999998010e+01 5.960344827586206407e+01 5.460526315789474694e+01 6.155555555555552871e+01 6.021428571428570109e+01 5.283333333333333570e+01 2.269544364508393386e+01 3.614999999999999858e+01 4.413311688311688386e+01 1.734568745441283610e+01 2.619674732249107407e+01 3.984830097087378675e+01 3.248969359331476170e+01 3.517786561264821898e+01 4.502380952380953971e+01 5.322438162544169415e+01 5.325000000000000000e+01 5.222815533980582359e+01 2.235404339250493067e+01 2.394452970839728678e+01 2.869454501568912264e+01 0.000000000000000000e+00 2.592706502636204391e+01 3.964000000000000767e+01 3.696842105263157663e+01 0.000000000000000000e+00 3.485597331716191860e+01 0.000000000000000000e+00 7.150000000000000000e+01 7.250000000000007105e+01 0.000000000000000000e+00 0.000000000000000000e+00 0.000000000000000000e+00 6.249999999999996447e+01 5.474999999999997868e+01 5.483333333333330728e+01 5.974999999999998579e+01 4.399999999999997868e+01 0.000000000000000000e+00 6.999999999999998579e+01 4.585714285714281147e+01 3.528571428571427759e+01 4.974999999999997158e+01 0.000000000000000000e+00 7.799999999999997158e+01 0.000000000000000000e+00 0.000000000000000000e+00 0.000000000000000000e+00 0.000000000000000000e+00 0.000000000000000000e+00 0.000000000000000000e+00 0.000000000000000000e+00 0.000000000000000000e+00 5.550000000000001421e+01 0.000000000000000000e+00 0.000000000000000000e+00 5.499999999999997158e+01 0.000000000000000000e+00 0.000000000000000000e+00 0.000000000000000000e+00 0.000000000000000000e+00 4.499999999999997158e+01 5.949999999999999289e+01 5.133333333333331439e+01 0.000000000000000000e+00 4.637499999999997158e+01 0.000000000000000000e+00 6.425000000000002842e+01 0.000000000000000000e+00 5.399999999999999289e+01
0.000000000000000000e+00 0.000000000000000000e+00 0.000000000000000000e+00 6.099999999999993605e+01 5.873437499999996447e+01 6.214999999999996305e+01 0.000000000000000000e+00 7.249999999999997158e+01 6.024999999999999289e+01 5.051162790697673444e+01 3.889772727272727337e+01 1.664311615393613408e+01 8.951053844887205457e+00 8.655265123226287827e+00 3.307142857142856229e+01 5.022916666666665009e+01 4.017272727272726485e+01 1.017412935323382861e+01 1.696875000000000000e+01 0.000000000000000000e+00 0.000000000000000000e+00 0.000000000000000000e+00 0.000000000000000000e+00 0.000000000000000000e+00 5.049999999999999289e+01 6.400000000000002842e+01 0.000000000000000000e+00 6.550000000000001421e+01 1.022202265819287170e+01 3.168421052631579116e+01 1.875000000000000000e+01 1.643207547169811278e+01 1.278932584269662875e+01 4.800000000000002132e+01 0.000000000000000000e+00 0.000000000000000000e+00 5.916666666666668561e+01 2.891666666666666785e+01 4.191463414634146289e+01 3.625000000000000711e+01 0.000000000000000000e+00 2.933333333333333925e+01 4.499999999999998579e+01 3.862499999999999289e+01 0.000000000000000000e+00 4.460000000000000142e+01 0.000000000000000000e+00 0.000000000000000000e+00 0.000000000000000000e+00 0.000000000000000000e+00 0.000000000000000000e+00 0.000000000000000000e+00 6.199999999999995737e+01 0.000000000000000000e+00 4.774999999999999289e+01 0.000000000000000000e+00 0.000000000000000000e+00 0.000000000000000000e+00 0.000000000000000000e+00 0.000000000000000000e+00 3.450000000000000711e+01 0.000000000000000000e+00 0.000000000000000000e+00 0.000000000000000000e+00 0.000000000000000000e+00 0.000000000000000000e+00 0.000000000000000000e+00 0.000000000000000000e+00 0.000000000000000000e+00 0.000000000000000000e+00 0.000000000000000000e+00 0.000000000000000000e+00 0.000000000000000000e+00 0.000000000000000000e+00 0.000000000000000000e+00 0.000000000000000000e+00 0.000000000000000000e+00 0.000000000000000000e+00 0.000000000000000000e+00 0.000000000000000000e+00 0.000000000000000000e+00 6.849999999999998579e+01 0.000000000000000000e+00 0.000000000000000000e+00 0.000000000000000000e+00 0.000000000000000000e+00 0.000000000000000000e+00 0.000000000000000000e+00 0.000000000000000000e+00
0.000000000000000000e+00 0.000000000000000000e+00 0.000000000000000000e+00 3.749999999999997158e+01 3.497142857142856087e+01 2.345819672131146305e+01 3.196153846153844569e+01 3.385528756957327090e+01 2.289566929133857442e+01 3.507276657060517522e+01 2.761505832449628528e+01 3.693497757847532625e+01 2.473203410475030495e+01 3.307142857142856229e+01 1.258030241111564784e+01 4.295628415300544845e+01 3.616013071895423536e+01 2.451396648044691773e+01 3.200826446280991178e+01 1.681325301204818601e+01 3.506233421750662416e+01 3.751666666666665151e+01 2.556120092378752773e+01 1.847496423462087733e+01 2.313859649122806417e+01 2.290484530064214397e+01 2.225316455696201956e+01 3.068667763157893447e+01 1.874820936639118329e+01 2.279993183367416520e+01 4.354880294659298556e+01 3.633128737802957886e+01 3.896536144578312388e+01 4.844270833333333570e+01 5.054889589905361902e+01 5.367948717948716819e+01 4.422192513368982958e+01 2.805102040816326081e+01 8.525448398910693726e+00 1.777631578947368496e+01 0.000000000000000000e+00 2.229862385321100504e+01 1.329781962338949519e+01 1.310963114754098413e+01 2.053333333333331367e+01 2.300636942675158281e+01 0.000000000000000000e+00 0.000000000000000000e+00 0.000000000000000000e+00 0.000000000000000000e+00 0.000000000000000000e+00 0.000000000000000000e+00 5.356249999999997158e+01 4.529999999999996874e+01 4.678571428571425628e+01 7.400000000000000000e+01 0.000000000000000000e+00 7.399999999999997158e+01 5.500000000000000000e+01 3.488888888888886441e+01 3.824999999999999289e+01 3.068421052631577695e+01 0.000000000000000000e+00 0.000000000000000000e+00 3.899999999999999289e+01 0.000000000000000000e+00 0.000000000000000000e+00 0.000000000000000000e+00 0.000000000000000000e+00 0.000000000000000000e+00 0.000000000000000000e+00 3.849999999999996447e+01 5.999999999999997868e+01 0.000000000000000000e+00 0.000000000000000000e+00 3.649999999999997158e+01 0.000000000000000000e+00 0.000000000000000000e+00 0.000000000000000000e+00 0.000000000000000000e+00 4.333333333333328596e+01 6.687499999999997158e+01 4.749999999999996447e+01 0.000000000000000000e+00 3.899999999999998579e+01 0.000000000000000000e+00 7.249999999999997158e+01 0.000000000000000000e+00 4.599999999999992895e+01
0.000000000000000000e+00 0.000000000000000000e+00 0.000000000000000000e+00 2.158333333333332860e+01 1.356078860898137251e+01 2.080066445182723456e+01 2.776666666666664440e+01 1.917255594817432041e+01 3.244339622641509635e+01 2.271309853581320581e+01 4.078326996197717591e+01 2.409415507895355546e+01 5.563768115942026782e+01 5.022916666666665009e+01 4.295628415300544845e+01 6.932186234817811155e+00 1.126203522504891730e+01 3.908703322552187132e+01 5.092612193056727676e+01 0.000000000000000000e+00 1.030000000000000000e+02 0.000000000000000000e+00 1.219999999999999574e+02 0.000000000000000000e+00 0.000000000000000000e+00 8.234999999999998010e+01 6.374999999999998579e+01 8.249999999999995737e+01 6.321241830065357448e+01 6.438349514563104492e+01 7.636842105263156100e+01 6.726666666666665151e+01 5.344078947368417687e+01 8.899999999999997158e+01 9.483333333333332860e+01 0.000000000000000000e+00 9.299999999999997158e+01 1.339606953892667107e+01 2.365331375838924544e+01 4.816279069767439580e+01 0.000000000000000000e+00 4.810714285714283989e+01 7.062499999999995737e+01 5.933333333333331439e+01 8.789244186046504481e+00 5.257142857142855519e+01 0.000000000000000000e+00 4.016666666666662877e+01 3.835714285714283989e+01 0.000000000000000000e+00 3.591666666666660035e+01 4.024999999999995737e+01 3.469565217391300394e+01 5.173333333333330586e+01 3.528571428571425628e+01 5.506249999999995737e+01 4.449999999999997158e+01 6.428571428571423496e+01 1.838095238095236894e+01 2.298275862068963704e+01 3.554651162790695906e+01 4.863157894736838927e+01 0.000000000000000000e+00 0.000000000000000000e+00 0.000000000000000000e+00 0.000000000000000000e+00 0.000000000000000000e+00 0.000000000000000000e+00 0.000000000000000000e+00 0.000000000000000000e+00 0.000000000000000000e+00 6.399999999999995026e+01 7.299999999999995737e+01 7.949999999999992895e+01 7.637499999999997158e+01 6.449999999999998579e+01 0.000000000000000000e+00 0.000000000000000000e+00 0.000000000000000000e+00 0.000000000000000000e+00 2.777083333333331439e+01 3.737179487179484738e+01 5.608333333333331439e+01 0.000000000000000000e+00 4.849999999999995737e+01 0.000000000000000000e+00 6.799999999999988631e+01 1.924999999999997868e+01 0.000000000000000000e+00
0.000000000000000000e+00 0.000000000000000000e+00 0.000000000000000000e+00 0.000000000000000000e+00 2.905999999999998806e+01 3.326126126126124660e+01 0.000000000000000000e+00 2.181111111111110290e+01 2.861312499999999659e+01 2.311658962506418646e+01 2.595968790637190082e+01 1.885757575757575211e+01 4.309259259259257391e+01 4.017272727272726485e+01 3.616013071895423536e+01 1.126203522504891730e+01 9.236876929863248264e+00 2.209818097014923666e+01 3.881460674157301582e+01 0.000000000000000000e+00 0.000000000000000000e+00 0.000000000000000000e+00 6.099999999999998579e+01 0.000000000000000000e+00 0.000000000000000000e+00 6.224999999999997868e+01 0.000000000000000000e+00 7.487499999999998579e+01 4.938513513513510844e+01 4.991176470588233371e+01 7.000000000000000000e+01 5.851538461538459757e+01 3.926446280991734028e+01 0.000000000000000000e+00 8.199999999999995737e+01 0.000000000000000000e+00 7.316666666666667140e+01 2.016267942583730743e+01 2.502401746724889264e+01 3.292207792207791073e+01 0.000000000000000000e+00 3.172727272727271597e+01 0.000000000000000000e+00 4.562499999999999289e+01 2.449999999999997868e+01 4.029032258064515304e+01 0.000000000000000000e+00 3.116666666666668561e+01 4.216666666666665009e+01 0.000000000000000000e+00 3.399999999999997158e+01 3.239285714285709616e+01 3.082926829268289382e+01 3.654999999999998295e+01 2.693650793650791542e+01 5.583333333333329307e+01 3.049999999999994316e+01 4.783333333333332149e+01 1.733695652173912904e+01 1.152499999999998792e+01 1.798275862068965125e+01 3.736206896551722423e+01 0.000000000000000000e+00 0.000000000000000000e+00 0.000000000000000000e+00 0.000000000000000000e+00 0.000000000000000000e+00 0.000000000000000000e+00 0.000000000000000000e+00 0.000000000000000000e+00 0.000000000000000000e+00 5.999999999999995026e+01 6.549999999999995737e+01 0.000000000000000000e+00 6.100000000000000711e+01 3.945833333333332149e+01 0.000000000000000000e+00 0.000000000000000000e+00 0.000000000000000000e+00 0.000000000000000000e+00 1.921212121212118973e+01 3.071296296296294770e+01 5.299999999999997158e+01 0.000000000000000000e+00 0.000000000000000000e+00 0.000000000000000000e+00 5.699999999999995026e+01 2.999999999999998579e+01 3.099999999999997513e+01
