0.000000000000000000e+00 0.000000000000000000e+00 0.000000000000000000e+00 0.000000000000000000e+00 0.000000000000000000e+00 0.000000000000000000e+00 0.000000000000000000e+00 0.000000000000000000e+00 0.000000000000000000e+00 0.000000000000000000e+00 0.000000000000000000e+00 0.000000000000000000e+00 0.000000000000000000e+00 0.000000000000000000e+00 0.000000000000000000e+00 0.000000000000000000e+00 0.000000000000000000e+00 0.000000000000000000e+00 0.000000000000000000e+00 0.000000000000000000e+00 0.000000000000000000e+00 0.000000000000000000e+00 0.000000000000000000e+00 0.000000000000000000e+00 0.000000000000000000e+00 0.000000000000000000e+00 0.000000000000000000e+00 0.000000000000000000e+00 0.000000000000000000e+00 0.000000000000000000e+00 0.000000000000000000e+00 0.000000000000000000e+00 0.000000000000000000e+00 0.000000000000000000e+00 0.000000000000000000e+00 0.000000000000000000e+00 0.000000000000000000e+00 0.000000000000000000e+00 0.000000000000000000e+00 0.000000000000000000e+00 0.000000000000000000e+00 0.000000000000000000e+00 0.000000000000000000e+00 0.000000000000000000e+00 0.000000000000000000e+00 0.000000000000000000e+00 0.000000000000000000e+00 0.000000000000000000e+00 0.000000000000000000e+00 0.000000000000000000e+00 0.000000000000000000e+00 0.000000000000000000e+00 0.000000000000000000e+00 0.000000000000000000e+00 0.000000000000000000e+00 0.000000000000000000e+00 0.000000000000000000e+00 0.000000000000000000e+00 0.000000000000000000e+00 0.000000000000000000e+00 0.000000000000000000e+00 0.000000000000000000e+00 0.000000000000000000e+00 0.000000000000000000e+00 0.000000000000000000e+00 0.000000000000000000e+00 0.000000000000000000e+00 0.000000000000000000e+00 0.000000000000000000e+00 0.000000000000000000e+00 0.000000000000000000e+00 0.000000000000000000e+00 0.000000000000000000e+00 0.000000000000000000e+00 0.000000000000000000e+00 0.000000000000000000e+00 0.000000000000000000e+00 0.000000000000000000e+00 0.000000000000000000e+00 0.000000000000000000e+00 0.000000000000000000e+00 0.000000000000000000e+00 0.000000000000000000e+00 0.000000000000000000e+00 0.000000000000000000e+00 0.000000000000000000e+00 0.000000000000000000e+00 0.000000000000000000e+00 0.000000000000000000e+00
0.000000000000000000e+00 0.000000000000000000e+00 0.000000000000000000e+00 0.000000000000000000e+00 0.000000000000000000e+00 0.000000000000000000e+00 0.000000000000000000e+00 0.000000000000000000e+00 0.000000000000000000e+00 0.000000000000000000e+00 0.000000000000000000e+00 0.000000000000000000e+00 0.000000000000000000e+00 0.000000000000000000e+00 0.000000000000000000e+00 0.000000000000000000e+00 0.000000000000000000e+00 0.000000000000000000e+00 0.000000000000000000e+00 0.000000000000000000e+00 0.000000000000000000e+00 0.000000000000000000e+00 0.000000000000000000e+00 0.000000000000000000e+00 0.000000000000000000e+00 0.000000000000000000e+00 0.000000000000000000e+00 0.000000000000000000e+00 0.000000000000000000e+00 0.000000000000000000e+00 0.000000000000000000e+00 0.000000000000000000e+00 0.000000000000000000e+00 0.000000000000000000e+00 0.000000000000000000e+00 0.000000000000000000e+00 0.000000000000000000e+00 0.000000000000000000e+00 0.000000000000000000e+00 0.000000000000000000e+00 0.000000000000000000e+00 0.000000000000000000e+00 0.000000000000000000e+00 0.000000000000000000e+00 0.000000000000000000e+00 0.000000000000000000e+00 0.000000000000000000e+00 0.000000000000000000e+00 0.000000000000000000e+00 0.000000000000000000e+00 0.000000000000000000e+00 0.000000000000000000e+00 0.000000000000000000e+00 0.000000000000000000e+00 0.000000000000000000e+00 0.000000000000000000e+00 0.000000000000000000e+00 0.000000000000000000e+00 0.000000000000000000e+00 0.000000000000000000e+00 0.000000000000000000e+00 0.000000000000000000e+00 0.000000000000000000e+00 0.000000000000000000e+00 0.000000000000000000e+00 0.000000000000000000e+00 0.000000000000000000e+00 0.000000000000000000e+00 0.000000000000000000e+00 0.000000000000000000e+00 0.000000000000000000e+00 0.000000000000000000e+00 0.000000000000000000e+00 0.000000000000000000e+00 0.000000000000000000e+00 0.000000000000000000e+00 0.000000000000000000e+00 0.000000000000000000e+00 0.000000000000000000e+00 0.000000000000000000e+00 0.000000000000000000e+00 0.000000000000000000e+00 0.000000000000000000e+00 0.000000000000000000e+00 0.000000000000000000e+00 0.000000000000000000e+00 0.000000000000000000e+00 0.000000000000000000e+00 0.000000000000000000e+00
0.000000000000000000e+00 0.000000000000000000e+00 0.000000000000000000e+00 0.000000000000000000e+00 0.000000000000000000e+00 0.000000000000000000e+00 0.000000000000000000e+00 0.000000000000000000e+00 0.000000000000000000e+00 0.000000000000000000e+00 0.000000000000000000e+00 0.000000000000000000e+00 0.000000000000000000e+00 0.000000000000000000e+00 0.000000000000000000e+00 0.000000000000000000e+00 0.000000000000000000e+00 0.000000000000000000e+00 0.000000000000000000e+00 0.000000000000000000e+00 0.000000000000000000e+00 0.000000000000000000e+00 0.000000000000000000e+00 0.000000000000000000e+00 0.000000000000000000e+00 0.000000000000000000e+00 0.000000000000000000e+00 0.000000000000000000e+00 0.000000000000000000e+00 0.000000000000000000e+00 0.000000000000000000e+00 0.000000000000000000e+00 0.000000000000000000e+00 0.000000000000000000e+00 0.000000000000000000e+00 0.000000000000000000e+00 0.000000000000000000e+00 0.000000000000000000e+00 0.000000000000000000e+00 0.000000000000000000e+00 0.000000000000000000e+00 0.000000000000000000e+00 0.000000000000000000e+00 0.000000000000000000e+00 0.000000000000000000e+00 0.000000000000000000e+00 0.000000000000000000e+00 0.000000000000000000e+00 0.000000000000000000e+00 0.000000000000000000e+00 0.000000000000000000e+00 0.000000000000000000e+00 0.000000000000000000e+00 0.000000000000000000e+00 0.000000000000000000e+00 0.000000000000000000e+00 0.000000000000000000e+00 0.000000000000000000e+00 0.000000000000000000e+00 0.000000000000000000e+00 0.000000000000000000e+00 0.000000000000000000e+00 0.000000000000000000e+00 0.000000000000000000e+00 0.000000000000000000e+00 0.000000000000000000e+00 0.000000000000000000e+00 0.000000000000000000e+00 0.000000000000000000e+00 0.000000000000000000e+00 0.000000000000000000e+00 0.000000000000000000e+00 0.000000000000000000e+00 0.000000000000000000e+00 0.000000000000000000e+00 0.000000000000000000e+00 0.000000000000000000e+00 0.000000000000000000e+00 0.000000000000000000e+00 0.000000000000000000e+00 0.000000000000000000e+00 0.000000000000000000e+00 0.000000000000000000e+00 0.000000000000000000e+00 0.000000000000000000e+00 0.000000000000000000e+00 0.000000000000000000e+00 0.000000000000000000e+00 0.000000000000000000e+00
0.000000000000000000e+00 0.000000000000000000e+00 0.000000000000000000e+00 5.759098786828416472e+00 6.207902163687673003e+00 1.270481927710842918e+01 3.018181818181818343e+01 3.035526315789471852e+01 3.887499999999997158e+01 9.458737864077663815e+00 5.437499999999998579e+01 6.355203619909498336e+00 6.049999999999995026e+01 0.000000000000000000e+00 3.664285714285711038e+01 2.879999999999997584e+01 0.000000000000000000e+00 0.000000000000000000e+00 6.799999999999987210e+01 0.000000000000000000e+00 0.000000000000000000e+00 0.000000000000000000e+00 0.000000000000000000e+00 0.000000000000000000e+00 0.000000000000000000e+00 0.000000000000000000e+00 0.000000000000000000e+00 0.000000000000000000e+00 0.000000000000000000e+00 7.949999999999990052e+01 0.000000000000000000e+00 8.750000000000000000e+01 9.549999999999995737e+01 0.000000000000000000e+00 0.000000000000000000e+00 0.000000000000000000e+00 0.000000000000000000e+00 3.391666666666662167e+01 3.339175257731957203e+01 0.000000000000000000e+00 0.000000000000000000e+00 0.000000000000000000e+00 0.000000000000000000e+00 5.749999999999992895e+01 3.624999999999998579e+01 8.350000000000001421e+01 0.000000000000000000e+00 0.000000000000000000e+00 0.000000000000000000e+00 0.000000000000000000e+00 0.000000000000000000e+00 0.000000000000000000e+00 0.000000000000000000e+00 0.000000000000000000e+00 0.000000000000000000e+00 0.000000000000000000e+00 0.000000000000000000e+00 0.000000000000000000e+00 0.000000000000000000e+00 0.000000000000000000e+00 0.000000000000000000e+00 0.000000000000000000e+00 0.000000000000000000e+00 0.000000000000000000e+00 0.000000000000000000e+00 0.000000000000000000e+00 0.000000000000000000e+00 0.000000000000000000e+00 0.000000000000000000e+00 0.000000000000000000e+00 0.000000000000000000e+00 0.000000000000000000e+00 0.000000000000000000e+00 0.000000000000000000e+00 0.000000000000000000e+00 0.000000000000000000e+00 0.000000000000000000e+00 0.000000000000000000e+00 0.000000000000000000e+00 0.000000000000000000e+00 0.000000000000000000e+00 0.000000000000000000e+00 0.000000000000000000e+00 0.000000000000000000e+00 0.000000000000000000e+00 0.000000000000000000e+00 0.000000000000000000e+00 0.000000000000000000e+00 0.000000000000000000e+00
0.000000000000000000e+00 0.000000000000000000e+00 0.000000000000000000e+00 6.207902163687673003e+00 1.036447244550654823e+01 1.018719424460431178e+01 2.802272727272725561e+01 2.426271186440676431e+01 4.188235294117644969e+01 1.496723730814639097e+01 4.724418604651160791e+01 1.498497137404579682e+01 5.823529411764702246e+01 6.099999999999997868e+01 2.642016806722687505e+01 1.459189497716894124e+01 2.592647058823528639e+01 6.135714285714283278e+01 6.387499999999998579e+01 0.000000000000000000e+00 6.950000000000001421e+01 0.000000000000000000e+00 0.000000000000000000e+00 0.000000000000000000e+00 4.629999999999997584e+01 5.299999999999997158e+01 0.000000000000000000e+00 9.150000000000001421e+01 6.862499999999998579e+01 7.599999999999997158e+01 0.000000000000000000e+00 7.818749999999997158e+01 7.112499999999997158e+01 8.249999999999997158e+01 7.974999999999997158e+01 9.450000000000005684e+01 5.899999999999997158e+01 1.285987903225806051e+01 1.887965571205006299e+01 3.038461538461537614e+01 0.000000000000000000e+00 4.537499999999997868e+01 3.749999999999997868e+01 4.599999999999999289e+01 5.625724217844724429e+00 1.793749999999999289e+01 0.000000000000000000e+00 0.000000000000000000e+00 4.000000000000000711e+01 0.000000000000000000e+00 0.000000000000000000e+00 6.700000000000000000e+01 0.000000000000000000e+00 0.000000000000000000e+00 0.000000000000000000e+00 0.000000000000000000e+00 0.000000000000000000e+00 0.000000000000000000e+00 2.900000000000000000e+01 0.000000000000000000e+00 6.749999999999995737e+01 0.000000000000000000e+00 0.000000000000000000e+00 0.000000000000000000e+00 0.000000000000000000e+00 0.000000000000000000e+00 0.000000000000000000e+00 0.000000000000000000e+00 0.000000000000000000e+00 0.000000000000000000e+00 0.000000000000000000e+00 0.000000000000000000e+00 0.000000000000000000e+00 0.000000000000000000e+00 0.000000000000000000e+00 0.000000000000000000e+00 0.000000000000000000e+00 0.000000000000000000e+00 0.000000000000000000e+00 0.000000000000000000e+00 1.744444444444442155e+01 5.999999999999992895e+01 0.000000000000000000e+00 0.000000000000000000e+00 0.000000000000000000e+00 0.000000000000000000e+00 0.000000000000000000e+00 3.474999999999997158e+01 9.363636363636361537e+00
0.000000000000000000e+00 0.000000000000000000e+00 0.000000000000000000e+00 1.270481927710842918e+01 1.018719424460431178e+01 1.410195035460992052e+01 9.528363047001615627e+00 1.332112018669777598e+01 3.064173228346455247e+01 1.657319960129578007e+01 4.309322033898303062e+01 2.659370771312583059e+01 4.793333333333331581e+01 0.000000000000000000e+00 2.444964454976302548e+01 2.285398230088494387e+01 3.413793103448274735e+01 5.874999999999997868e+01 6.011111111111108585e+01 0.000000000000000000e+00 4.474999999999999289e+01 0.000000000000000000e+00 3.349999999999998579e+01 4.299999999999998579e+01 4.569999999999999574e+01 4.373684210526313620e+01 4.331249999999997158e+01 5.699999999999995026e+01 5.923529411764705799e+01 5.723684210526313620e+01 6.624999999999995737e+01 8.058196721311475130e+01 7.583333333333331439e+01 8.199999999999994316e+01 7.654545454545453254e+01 6.475000000000001421e+01 0.000000000000000000e+00 2.046792260692463472e+01 1.951697866782758695e+01 2.488636363636362603e+01 0.000000000000000000e+00 4.486842105263155389e+01 3.822222222222222143e+01 3.049999999999998224e+01 1.908415841584157135e+01 5.155555555555552871e+01 0.000000000000000000e+00 3.249999999999997158e+01 0.000000000000000000e+00 0.000000000000000000e+00 0.000000000000000000e+00 0.000000000000000000e+00 4.499999999999993605e+01 0.000000000000000000e+00 1.000000000000000000e+02 0.000000000000000000e+00 0.000000000000000000e+00 0.000000000000000000e+00 3.262499999999997158e+01 3.049999999999997513e+01 0.000000000000000000e+00 0.000000000000000000e+00 0.000000000000000000e+00 0.000000000000000000e+00 0.000000000000000000e+00 0.000000000000000000e+00 0.000000000000000000e+00 0.000000000000000000e+00 0.000000000000000000e+00 0.000000000000000000e+00 0.000000000000000000e+00 0.000000000000000000e+00 0.000000000000000000e+00 0.000000000000000000e+00 0.000000000000000000e+00 0.000000000000000000e+00 0.000000000000000000e+00 0.000000000000000000e+00 0.000000000000000000e+00 0.000000000000000000e+00 3.733333333333330728e+01 3.899999999999997158e+01 0.000000000000000000e+00 0.000000000000000000e+00 0.000000000000000000e+00 0.000000000000000000e+00 0.000000000000000000e+00 3.999999999999994316e+01 0.000000000000000000e+00
0.000000000000000000e+00 0.000000000000000000e+00 0.000000000000000000e+00 3.018181818181818343e+01 2.802272727272725561e+01 9.528363047001615627e+00 8.289737572007675581e+00 7.600196785831416335e+00 2.344262295081966485e+01 1.369482151835092587e+01 4.674999999999997158e+01 3.189759036144577209e+01 5.059999999999996589e+01 0.000000000000000000e+00 4.049999999999997158e+01 3.031249999999998579e+01 0.000000000000000000e+00 0.000000000000000000e+00 0.000000000000000000e+00 0.000000000000000000e+00 0.000000000000000000e+00 0.000000000000000000e+00 0.000000000000000000e+00 0.000000000000000000e+00 5.499999999999998579e+01 4.199999999999998579e+01 0.000000000000000000e+00 0.000000000000000000e+00 4.949999999999995737e+01 0.000000000000000000e+00 0.000000000000000000e+00 8.591666666666662877e+01 0.000000000000000000e+00 0.000000000000000000e+00 0.000000000000000000e+00 0.000000000000000000e+00 0.000000000000000000e+00 3.458333333333330728e+01 2.607471264367814356e+01 0.000000000000000000e+00 0.000000000000000000e+00 4.599999999999997158e+01 4.850000000000001421e+01 3.350000000000000000e+01 3.449999999999998579e+01 5.800000000000000000e+01 0.000000000000000000e+00 0.000000000000000000e+00 0.000000000000000000e+00 0.000000000000000000e+00 0.000000000000000000e+00 0.000000000000000000e+00 0.000000000000000000e+00 0.000000000000000000e+00 0.000000000000000000e+00 0.000000000000000000e+00 0.000000000000000000e+00 0.000000000000000000e+00 0.000000000000000000e+00 0.000000000000000000e+00 0.000000000000000000e+00 0.000000000000000000e+00 0.000000000000000000e+00 0.000000000000000000e+00 0.000000000000000000e+00 0.000000000000000000e+00 0.000000000000000000e+00 0.000000000000000000e+00 0.000000000000000000e+00 0.000000000000000000e+00 0.000000000000000000e+00 0.000000000000000000e+00 0.000000000000000000e+00 0.000000000000000000e+00 0.000000000000000000e+00 0.000000000000000000e+00 0.000000000000000000e+00 0.000000000000000000e+00 0.000000000000000000e+00 0.000000000000000000e+00 0.000000000000000000e+00 0.000000000000000000e+00 0.000000000000000000e+00 0.000000000000000000e+00 0.000000000000000000e+00 0.000000000000000000e+00 0.000000000000000000e+00 0.000000000000000000e+00 0.000000000000000000e+00
0.000000000000000000e+00 0.000000000000000000e+00 0.000000000000000000e+00 3.035526315789471852e+01 2.426271186440676431e+01 1.332112018669777598e+01 7.600196785831416335e+00 8.894198978058311056e+00 8.920086083213769612e+00 1.851583457526080068e+01 2.876436781609193361e+01 2.821637931034481639e+01 3.286842105263156810e+01 6.499999999999997158e+01 3.294264705882351763e+01 2.564666666666666117e+01 2.767647058823528639e+01 5.200000000000000000e+01 5.649999999999997158e+01 0.000000000000000000e+00 8.000000000000000000e+01 0.000000000000000000e+00 0.000000000000000000e+00 0.000000000000000000e+00 0.000000000000000000e+00 3.999999999999998579e+01 4.200000000000002842e+01 5.450000000000000000e+01 4.178378378378378244e+01 4.087804878048777368e+01 6.449999999999995737e+01 6.873999999999999488e+01 6.449999999999998579e+01 6.750000000000001421e+01 7.605555555555555713e+01 0.000000000000000000e+00 5.866666666666662877e+01 2.697058823529411598e+01 2.283606557377047963e+01 2.799999999999997513e+01 0.000000000000000000e+00 4.999999999999998579e+01 6.150000000000001421e+01 5.674999999999997868e+01 3.287499999999997158e+01 5.162499999999997158e+01 0.000000000000000000e+00 0.000000000000000000e+00 0.000000000000000000e+00 0.000000000000000000e+00 0.000000000000000000e+00 0.000000000000000000e+00 0.000000000000000000e+00 0.000000000000000000e+00 0.000000000000000000e+00 0.000000000000000000e+00 0.000000000000000000e+00 0.000000000000000000e+00 0.000000000000000000e+00 3.599999999999994316e+01 0.000000000000000000e+00 0.000000000000000000e+00 0.000000000000000000e+00 0.000000000000000000e+00 0.000000000000000000e+00 0.000000000000000000e+00 0.000000000000000000e+00 0.000000000000000000e+00 0.000000000000000000e+00 0.000000000000000000e+00 0.000000000000000000e+00 0.000000000000000000e+00 0.000000000000000000e+00 0.000000000000000000e+00 0.000000000000000000e+00 0.000000000000000000e+00 0.000000000000000000e+00 0.000000000000000000e+00 0.000000000000000000e+00 0.000000000000000000e+00 0.000000000000000000e+00 0.000000000000000000e+00 0.000000000000000000e+00 0.000000000000000000e+00 0.000000000000000000e+00 0.000000000000000000e+00 0.000000000000000000e+00 0.000000000000000000e+00 0.000000000000000000e+00
0.000000000000000000e+00 0.000000000000000000e+00 0.000000000000000000e+00 3.887499999999997158e+01 4.188235294117644969e+01 3.064173228346455247e+01 2.344262295081966485e+01 8.920086083213769612e+00 1.081064230824996386e+01 2.155936325447710900e+01 2.288935574229691383e+01 3.215828677839849803e+01 9.572496522948538811e+00 0.000000000000000000e+00 2.087843784378437206e+01 3.309202453987728632e+01 2.824846625766869934e+01 4.503846153846153300e+01 5.539999999999998437e+01 0.000000000000000000e+00 6.050000000000000000e+01 5.599999999999995737e+01 7.349999999999997158e+01 0.000000000000000000e+00 4.233333333333334281e+01 5.362500000000000711e+01 2.633333333333332860e+01 3.966666666666666430e+01 1.974504950495049371e+01 2.379637262984335422e+01 6.108333333333330728e+01 6.020085470085469126e+01 5.835999999999999233e+01 6.825000000000000000e+01 5.669047619047618980e+01 4.700000000000001421e+01 5.579166666666666430e+01 2.124288017195056355e+01 1.809064539521392234e+01 2.940476190476190510e+01 0.000000000000000000e+00 4.319999999999999574e+01 6.324999999999999289e+01 4.129999999999999716e+01 3.824999999999998579e+01 3.681481481481480955e+01 0.000000000000000000e+00 0.000000000000000000e+00 0.000000000000000000e+00 0.000000000000000000e+00 0.000000000000000000e+00 4.974999999999995026e+01 0.000000000000000000e+00 6.099999999999992895e+01 5.096153846153841727e+01 0.000000000000000000e+00 0.000000000000000000e+00 0.000000000000000000e+00 5.750000000000000000e+01 3.295454545454543904e+01 0.000000000000000000e+00 4.999999999999997868e+01 0.000000000000000000e+00 0.000000000000000000e+00 0.000000000000000000e+00 0.000000000000000000e+00 0.000000000000000000e+00 0.000000000000000000e+00 0.000000000000000000e+00 0.000000000000000000e+00 0.000000000000000000e+00 0.000000000000000000e+00 0.000000000000000000e+00 7.999999999999992895e+01 0.000000000000000000e+00 0.000000000000000000e+00 0.000000000000000000e+00 0.000000000000000000e+00 0.000000000000000000e+00 0.000000000000000000e+00 4.049999999999994316e+01 5.650000000000000000e+01 0.000000000000000000e+00 0.000000000000000000e+00 0.000000000000000000e+00 0.000000000000000000e+00 6.849999999999994316e+01 0.000000000000000000e+00 0.000000000000000000e+00
0.000000000000000000e+00 0.000000000000000000e+00 0.000000000000000000e+00 9.458737864077663815e+00 1.496723730814639097e+01 1.657319960129578007e+01 1.369482151835092587e+01 1.851583457526080068e+01 2.155936325447710900e+01 1.223054109161990510e+01 1.684134936539745553e+01 1.401805944288950556e+01 3.935289855072462473e+01 5.464285714285711748e+01 3.251190476190475209e+01 2.436091298145505490e+01 2.303468208092484204e+01 4.511764705882351478e+01 5.533333333333332149e+01 0.000000000000000000e+00 7.416666666666667140e+01 0.000000000000000000e+00 0.000000000000000000e+00 0.000000000000000000e+00 7.825000000000000000e+01 6.199999999999999289e+01 5.162499999999998579e+01 6.644999999999997442e+01 4.754272151898732801e+01 4.511850311850310646e+01 6.569999999999997442e+01 6.496073558648109270e+01 6.013333333333331154e+01 7.046428571428570820e+01 7.411111111111111427e+01 8.000000000000000000e+01 6.974999999999998579e+01 2.819224981188861534e+01 2.670217391304345611e+01 4.278823529411762649e+01 0.000000000000000000e+00 4.499999999999997868e+01 6.612499999999997158e+01 5.696428571428570109e+01 3.287704918032784462e+01 4.950797872340423567e+01 0.000000000000000000e+00 0.000000000000000000e+00 5.466666666666660745e+01 0.000000000000000000e+00 0.000000000000000000e+00 3.999999999999995026e+01 6.474999999999994316e+01 7.049999999999994316e+01 4.649999999999996447e+01 0.000000000000000000e+00 0.000000000000000000e+00 0.000000000000000000e+00 2.762499999999997868e+01 2.646874999999997868e+01 6.787499999999995737e+01 0.000000000000000000e+00 0.000000000000000000e+00 0.000000000000000000e+00 0.000000000000000000e+00 0.000000000000000000e+00 0.000000000000000000e+00 0.000000000000000000e+00 0.000000000000000000e+00 0.000000000000000000e+00 0.000000000000000000e+00 7.299999999999994316e+01 0.000000000000000000e+00 0.000000000000000000e+00 0.000000000000000000e+00 0.000000000000000000e+00 0.000000000000000000e+00 0.000000000000000000e+00 0.000000000000000000e+00 0.000000000000000000e+00 4.566666666666662167e+01 4.749999999999999289e+01 0.000000000000000000e+00 0.000000000000000000e+00 0.000000000000000000e+00 0.000000000000000000e+00 0.000000000000000000e+00 3.999999999999995737e+01 0.000000000000000000e+00
0.000000000000000000e+00 0.000000000000000000e+00 0.000000000000000000e+00 5.437499999999998579e+01 4.724418604651160791e+01 4.309322033898303062e+01 4.674999999999997158e+01 2.876436781609193361e+01 2.288935574229691383e+01 1.684134936539745553e+01 1.269827586206896619e+01 2.320122897028993592e+01 1.521931635696260621e+01 4.169047619047620401e+01 2.540100882723833564e+01 3.830215827338128065e+01 2.722456575682381086e+01 2.989705882352940591e+01 4.796116504854369111e+01 0.000000000000000000e+00 6.250000000000000000e+01 6.393750000000000000e+01 7.750000000000000000e+01 9.550000000000001421e+01 5.272916666666666430e+01 4.838257575757575779e+01 6.050000000000000000e+01 4.269687499999999858e+01 3.030391221374045685e+01 3.305816179990426207e+01 4.335474137931034733e+01 4.420705289672544325e+01 4.498905109489051313e+01 5.182624113475177552e+01 5.452110694183864581e+01 5.364999999999999858e+01 4.991509433962264097e+01 2.123374827109266150e+01 2.475582930048394203e+01 3.446825396825396126e+01 0.000000000000000000e+00 2.983225806451612883e+01 5.141860465116278789e+01 3.501075268817204034e+01 3.269999999999999574e+01 3.473475046210720762e+01 0.000000000000000000e+00 0.000000000000000000e+00 0.000000000000000000e+00 0.000000000000000000e+00 0.000000000000000000e+00 0.000000000000000000e+00 5.824999999999992184e+01 4.649999999999994316e+01 4.779166666666665009e+01 5.074999999999994316e+01 3.399999999999999289e+01 0.000000000000000000e+00 4.669999999999996021e+01 3.306666666666663446e+01 3.209999999999998010e+01 7.049999999999998579e+01 0.000000000000000000e+00 0.000000000000000000e+00 0.000000000000000000e+00 0.000000000000000000e+00 0.000000000000000000e+00 0.000000000000000000e+00 0.000000000000000000e+00 0.000000000000000000e+00 0.000000000000000000e+00 0.000000000000000000e+00 0.000000000000000000e+00 7.449999999999995737e+01 7.500000000000001421e+01 0.000000000000000000e+00 0.000000000000000000e+00 0.000000000000000000e+00 0.000000000000000000e+00 0.000000000000000000e+00 4.983333333333328596e+01 5.507142857142856229e+01 4.349999999999994316e+01 0.000000000000000000e+00 0.000000000000000000e+00 0.000000000000000000e+00 0.000000000000000000e+00 0.000000000000000000e+00 0.000000000000000000e+00
0.000000000000000000e+00 0.000000000000000000e+00 0.000000000000000000e+00 6.355203619909498336e+00 1.498497137404579682e+01 2.659370771312583059e+01 3.189759036144577209e+01 2.821637931034481639e+01 3.215828677839849803e+01 1.401805944288950556e+01 2.320122897028993592e+01 1.554770988632583695e+01 2.421851211072664256e+01 1.527257213775985178e+01 3.575530932594643474e+01 2.024071675302243989e+01 1.909246845425866468e+01 2.759253417455309432e+01 4.006241331484049084e+01 0.000000000000000000e+00 9.425000000000000000e+01 0.000000000000000000e+00 5.799999999999997868e+01 7.150000000000000000e+01 5.414705882352941302e+01 5.414406779661016600e+01 5.411538461538461320e+01 6.159210526315789735e+01 3.668238993710691886e+01 4.300112951807228967e+01 5.811805555555555713e+01 5.521340114993364523e+01 4.228253055355857981e+01 6.749999999999998579e+01 7.200714285714285268e+01 7.283333333333332860e+01 6.940625000000000000e+01 2.547648988518315250e+01 3.021653436767092060e+01 3.834237995824634737e+01 0.000000000000000000e+00 3.498026315789473273e+01 5.824999999999999289e+01 4.443749999999999289e+01 3.497093023255811062e+01 4.149691991786447431e+01 0.000000000000000000e+00 2.849999999999999645e+01 4.499999999999997868e+01 0.000000000000000000e+00 0.000000000000000000e+00 4.949999999999996447e+01 5.962499999999995737e+01 5.108333333333330728e+01 1.029775280898875778e+01 3.572727272727271952e+01 1.787500000000000000e+01 0.000000000000000000e+00 2.518749999999997868e+01 2.637878787878785758e+01 3.724999999999998579e+01 5.749999999999995737e+01 0.000000000000000000e+00 0.000000000000000000e+00 0.000000000000000000e+00 0.000000000000000000e+00 0.000000000000000000e+00 0.000000000000000000e+00 0.000000000000000000e+00 0.000000000000000000e+00 0.000000000000000000e+00 5.299999999999992895e+01 7.216666666666664298e+01 5.749999999999995026e+01 9.399999999999994316e+01 0.000000000000000000e+00 0.000000000000000000e+00 0.000000000000000000e+00 0.000000000000000000e+00 0.000000000000000000e+00 4.141666666666663588e+01 5.168421052631575918e+01 5.666666666666665009e+01 0.000000000000000000e+00 5.216666666666665009e+01 0.000000000000000000e+00 5.924999999999999289e+01 4.016666666666660035e+01 0.000000000000000000e+00
0.000000000000000000e+00 0.000000000000000000e+00 0.000000000000000000e+00 6.049999999999995026e+01 5.823529411764702246e+01 4.793333333333331581e+01 5.059999999999996589e+01 3.286842105263156810e+01 9.572496522948538811e+00 3.935289855072462473e+01 1.521931635696260621e+01 2.421851211072664256e+01 1.333201278530590272e+01 8.290257494235206082e+00 2.456585200271555536e+01 4.950714285714284557e+01 3.491118421052630083e+01 2.270833333333333570e+01 4.243253968253968367e+01 0.000000000000000000e+00 5.897727272727272663e+01 5.220000000000000284e+01 5.200000000000000000e+01 0.000000000000000000e+00 4.905714285714285694e+01 2.505095541401274062e+01 4.184482758620689680e+01 4.231404958677686068e+01 1.827923003802281698e+01 2.710575733723153036e+01 4.232866043613707063e+01 3.855394456289978677e+01 3.841188959660297542e+01 5.694285714285714306e+01 5.444894026974952084e+01 5.095945945945945965e+01 4.889932885906040383e+01 2.659458333333333258e+01 2.607657378740970699e+01 3.042906482465463114e+01 0.000000000000000000e+00 2.933655705996132212e+01 4.966666666666666430e+01 3.772906403940886833e+01 3.737499999999998579e+01 3.681910112359550880e+01 0.000000000000000000e+00 0.000000000000000000e+00 0.000000000000000000e+00 0.000000000000000000e+00 8.449999999999991473e+01 0.000000000000000000e+00 7.199999999999995737e+01 6.299999999999998579e+01 5.828571428571424207e+01 5.974999999999996447e+01 0.000000000000000000e+00 6.499999999999995737e+01 0.000000000000000000e+00 4.899999999999998579e+01 3.723529411764704378e+01 6.350000000000001421e+01 0.000000000000000000e+00 0.000000000000000000e+00 0.000000000000000000e+00 7.399999999999998579e+01 0.000000000000000000e+00 0.000000000000000000e+00 0.000000000000000000e+00 0.000000000000000000e+00 0.000000000000000000e+00 5.819999999999996732e+01 6.399999999999994316e+01 8.149999999999997158e+01 9.400000000000002842e+01 0.000000000000000000e+00 0.000000000000000000e+00 0.000000000000000000e+00 0.000000000000000000e+00 0.000000000000000000e+00 5.474999999999997868e+01 5.208333333333331439e+01 0.000000000000000000e+00 0.000000000000000000e+00 4.999999999999997158e+01 0.000000000000000000e+00 0.000000000000000000e+00 0.000000000000000000e+00 0.000000000000000000e+00
0.000000000000000000e+00 0.000000000000000000e+00 0.000000000000000000e+00 0.000000000000000000e+00 6.099999999999997868e+01 0.000000000000000000e+00 0.000000000000000000e+00 6.499999999999997158e+01 0.000000000000000000e+00 5.464285714285711748e+01 4.169047619047620401e+01 1.527257213775985178e+01 8.290257494235206082e+00 1.000408533817521395e+01 3.022549019607843590e+01 4.974999999999999289e+01 3.099999999999998934e+01 8.775193798449612004e+00 1.947222222222222143e+01 0.000000000000000000e+00 0.000000000000000000e+00 0.000000000000000000e+00 0.000000000000000000e+00 0.000000000000000000e+00 5.775000000000002132e+01 4.099999999999999289e+01 2.049999999999999289e+01 0.000000000000000000e+00 1.040455448570991948e+01 3.762096774193548043e+01 4.750000000000000711e+01 1.637406483790523737e+01 1.411475409836065609e+01 4.499999999999997158e+01 0.000000000000000000e+00 5.899999999999998579e+01 0.000000000000000000e+00 2.923076923076924061e+01 3.340109890109890500e+01 3.137962962962962976e+01 0.000000000000000000e+00 3.013636363636363669e+01 0.000000000000000000e+00 3.611111111111111427e+01 0.000000000000000000e+00 4.316666666666667851e+01 0.000000000000000000e+00 0.000000000000000000e+00 0.000000000000000000e+00 0.000000000000000000e+00 0.000000000000000000e+00 0.000000000000000000e+00 0.000000000000000000e+00 0.000000000000000000e+00 2.050000000000000000e+01 0.000000000000000000e+00 0.000000000000000000e+00 0.000000000000000000e+00 0.000000000000000000e+00 0.000000000000000000e+00 4.749999999999997868e+01 0.000000000000000000e+00 0.000000000000000000e+00 0.000000000000000000e+00 0.000000000000000000e+00 0.000000000000000000e+00 0.000000000000000000e+00 0.000000000000000000e+00 0.000000000000000000e+00 0.000000000000000000e+00 0.000000000000000000e+00 0.000000000000000000e+00 0.000000000000000000e+00 0.000000000000000000e+00 0.000000000000000000e+00 0.000000000000000000e+00 0.000000000000000000e+00 0.000000000000000000e+00 0.000000000000000000e+00 0.000000000000000000e+00 0.000000000000000000e+00 0.000000000000000000e+00 0.000000000000000000e+00 0.000000000000000000e+00 0.000000000000000000e+00 0.000000000000000000e+00 0.000000000000000000e+00 0.000000000000000000e+00 0.000000000000000000e+00
0.000000000000000000e+00 0.000000000000000000e+00 0.000000000000000000e+00 3.664285714285711038e+01 2.642016806722687505e+01 2.444964454976302548e+01 4.049999999999997158e+01 3.294264705882351763e+01 2.087843784378437206e+01 3.251190476190475209e+01 2.540100882723833564e+01 3.575530932594643474e+01 2.456585200271555536e+01 3.022549019607843590e+01 1.226506994062594025e+01 3.462416107382549058e+01 3.871428571428570109e+01 2.004680187207488373e+01 2.255740740740740691e+01 1.257920792079207750e+01 3.976264044943819442e+01 2.804878048780487276e+01 2.389784946236559193e+01 1.903319502074688074e+01 2.223298611111110645e+01 1.913418196994991405e+01 1.780024213075060047e+01 2.466143216080401146e+01 2.388091897579796452e+01 2.281259659969088105e+01 4.182971729125574001e+01 3.130960304254813309e+01 2.987797246558197273e+01 5.047142857142856087e+01 4.565646258503399935e+01 4.373611111111110716e+01 3.424250440917107596e+01 2.422747252747252489e+01 9.188942061186120114e+00 1.789869281045751492e+01 0.000000000000000000e+00 1.816187989556135207e+01 1.508712942877801844e+01 1.166369710467706078e+01 2.288235294117646390e+01 2.201253687315633556e+01 0.000000000000000000e+00 0.000000000000000000e+00 0.000000000000000000e+00 0.000000000000000000e+00 0.000000000000000000e+00 0.000000000000000000e+00 0.000000000000000000e+00 4.899999999999998579e+01 6.366666666666660745e+01 5.566666666666660745e+01 0.000000000000000000e+00 4.000000000000001421e+01 4.124999999999998579e+01 4.539999999999996305e+01 3.081249999999998934e+01 3.133333333333331439e+01 0.000000000000000000e+00 0.000000000000000000e+00 0.000000000000000000e+00 0.000000000000000000e+00 0.000000000000000000e+00 0.000000000000000000e+00 0.000000000000000000e+00 4.599999999999995026e+01 0.000000000000000000e+00 5.849999999999999289e+01 4.349999999999999289e+01 8.074999999999997158e+01 0.000000000000000000e+00 3.837499999999997158e+01 0.000000000000000000e+00 0.000000000000000000e+00 0.000000000000000000e+00 0.000000000000000000e+00 4.399999999999999289e+01 4.424999999999997158e+01 0.000000000000000000e+00 0.000000000000000000e+00 3.662499999999997868e+01 0.000000000000000000e+00 0.000000000000000000e+00 2.466666666666666785e+01 0.000000000000000000e+00
0.000000000000000000e+00 0.000000000000000000e+00 0.000000000000000000e+00 2.879999999999997584e+01 1.459189497716894124e+01 2.285398230088494387e+01 3.031249999999998579e+01 2.564666666666666117e+01 3.309202453987728632e+01 2.436091298145505490e+01 3.830215827338128065e+01 2.024071675302243989e+01 4.950714285714284557e+01 4.974999999999999289e+01 3.462416107382549058e+01 6.834915997078156558e+00 8.321475625823447686e+00 3.767666666666663389e+01 4.674511545293069759e+01 0.000000000000000000e+00 6.649999999999997158e+01 0.000000000000000000e+00 0.000000000000000000e+00 0.000000000000000000e+00 5.499999999999997868e+01 5.759999999999996589e+01 6.999999999999994316e+01 0.000000000000000000e+00 5.761249999999997584e+01 5.829411764705879051e+01 7.249999999999998579e+01 6.862323943661969849e+01 5.203618421052627951e+01 7.766666666666664298e+01 8.000000000000000000e+01 0.000000000000000000e+00 8.374999999999997158e+01 1.245466237942121168e+01 2.193405088062621289e+01 4.309999999999999432e+01 0.000000000000000000e+00 4.949999999999998579e+01 4.174999999999998579e+01 4.462499999999995026e+01 8.684964200477320873e+00 5.283333333333332149e+01 0.000000000000000000e+00 2.366666666666665719e+01 3.149999999999997868e+01 0.000000000000000000e+00 4.549999999999993605e+01 4.999999999999988631e+01 3.962499999999997868e+01 0.000000000000000000e+00 3.342857142857140218e+01 0.000000000000000000e+00 0.000000000000000000e+00 0.000000000000000000e+00 1.266216216216215606e+01 1.821739130434781018e+01 3.925000000000000000e+01 4.349999999999998579e+01 0.000000000000000000e+00 0.000000000000000000e+00 0.000000000000000000e+00 0.000000000000000000e+00 0.000000000000000000e+00 0.000000000000000000e+00 0.000000000000000000e+00 0.000000000000000000e+00 0.000000000000000000e+00 0.000000000000000000e+00 6.424999999999997158e+01 0.000000000000000000e+00 0.000000000000000000e+00 0.000000000000000000e+00 0.000000000000000000e+00 0.000000000000000000e+00 0.000000000000000000e+00 0.000000000000000000e+00 2.554545454545451832e+01 3.545454545454541062e+01 1.899999999999996803e+01 0.000000000000000000e+00 0.000000000000000000e+00 0.000000000000000000e+00 0.000000000000000000e+00 1.399999999999997868e+01 0.000000000000000000e+00
0.000000000000000000e+00 0.000000000000000000e+00 0.000000000000000000e+00 0.000000000000000000e+00 2.592647058823528639e+01 3.413793103448274735e+01 0.000000000000000000e+00 2.767647058823528639e+01 2.824846625766869934e+01 2.303468208092484204e+01 2.722456575682381086e+01 1.909246845425866468e+01 3.491118421052630083e+01 3.099999999999998934e+01 3.871428571428570109e+01 8.321475625823447686e+00 7.186295503211987956e+00 2.483465068842425438e+01 3.597314814814812678e+01 0.000000000000000000e+00 0.000000000000000000e+00 0.000000000000000000e+00 0.000000000000000000e+00 0.000000000000000000e+00 0.000000000000000000e+00 5.854999999999999005e+01 4.687500000000000000e+01 6.449999999999998579e+01 4.305154639175255937e+01 4.699999999999998579e+01 6.178125000000000000e+01 5.591349480968856511e+01 3.712166405023545934e+01 0.000000000000000000e+00 8.049999999999998579e+01 6.200000000000002842e+01 0.000000000000000000e+00 1.938348082595869215e+01 2.486105336105334729e+01 3.473979591836733505e+01 0.000000000000000000e+00 3.555882352941175384e+01 0.000000000000000000e+00 4.290000000000000568e+01 2.999999999999996092e+01 4.128260869565217206e+01 0.000000000000000000e+00 2.499999999999998934e+01 4.066666666666663588e+01 0.000000000000000000e+00 0.000000000000000000e+00 2.343749999999996447e+01 4.174999999999998579e+01 3.074999999999998579e+01 2.732456140350874918e+01 6.499999999999994316e+01 0.000000000000000000e+00 4.199999999999994316e+01 1.372222222222221966e+01 1.121428571428570642e+01 1.844186046511626742e+01 3.563636363636362603e+01 0.000000000000000000e+00 0.000000000000000000e+00 0.000000000000000000e+00 0.000000000000000000e+00 0.000000000000000000e+00 0.000000000000000000e+00 0.000000000000000000e+00 0.000000000000000000e+00 0.000000000000000000e+00 5.449999999999993605e+01 5.049999999999996447e+01 7.124999999999995737e+01 5.624999999999993605e+01 3.849999999999996447e+01 0.000000000000000000e+00 0.000000000000000000e+00 0.000000000000000000e+00 0.000000000000000000e+00 2.058333333333330728e+01 3.545238095238093479e+01 4.250000000000000711e+01 0.000000000000000000e+00 2.949999999999996092e+01 0.000000000000000000e+00 0.000000000000000000e+00 3.500000000000004974e+01 0.000000000000000000e+00
