0.000000000000000000e+00 0.000000000000000000e+00 0.000000000000000000e+00 0.000000000000000000e+00 0.000000000000000000e+00 0.000000000000000000e+00 0.000000000000000000e+00 0.000000000000000000e+00 0.000000000000000000e+00 0.000000000000000000e+00 0.000000000000000000e+00 0.000000000000000000e+00 0.000000000000000000e+00 0.000000000000000000e+00 0.000000000000000000e+00 0.000000000000000000e+00 0.000000000000000000e+00 0.000000000000000000e+00 0.000000000000000000e+00 0.000000000000000000e+00 0.000000000000000000e+00 0.000000000000000000e+00 0.000000000000000000e+00 0.000000000000000000e+00 0.000000000000000000e+00 0.000000000000000000e+00 0.000000000000000000e+00 0.000000000000000000e+00 0.000000000000000000e+00 0.000000000000000000e+00 0.000000000000000000e+00 0.000000000000000000e+00 0.000000000000000000e+00 0.000000000000000000e+00 0.000000000000000000e+00 0.000000000000000000e+00 0.000000000000000000e+00 0.000000000000000000e+00 0.000000000000000000e+00 0.000000000000000000e+00 0.000000000000000000e+00 0.000000000000000000e+00 0.000000000000000000e+00 0.000000000000000000e+00 0.000000000000000000e+00 0.000000000000000000e+00 0.000000000000000000e+00 0.000000000000000000e+00 0.000000000000000000e+00 0.000000000000000000e+00 0.000000000000000000e+00 0.000000000000000000e+00 0.000000000000000000e+00 0.000000000000000000e+00 0.000000000000000000e+00 0.000000000000000000e+00 0.000000000000000000e+00 0.000000000000000000e+00 0.000000000000000000e+00 0.000000000000000000e+00 0.000000000000000000e+00 0.000000000000000000e+00 0.000000000000000000e+00 0.000000000000000000e+00 0.000000000000000000e+00 0.000000000000000000e+00 0.000000000000000000e+00 0.000000000000000000e+00 0.000000000000000000e+00 0.000000000000000000e+00 0.000000000000000000e+00 0.000000000000000000e+00 0.000000000000000000e+00 0.000000000000000000e+00 0.000000000000000000e+00 0.000000000000000000e+00 0.000000000000000000e+00 0.000000000000000000e+00 0.000000000000000000e+00 0.000000000000000000e+00 0.000000000000000000e+00 0.000000000000000000e+00 0.000000000000000000e+00 0.000000000000000000e+00 0.000000000000000000e+00 0.000000000000000000e+00 0.000000000000000000e+00 0.000000000000000000e+00 0.000000000000000000e+00
0.000000000000000000e+00 0.000000000000000000e+00 0.000000000000000000e+00 0.000000000000000000e+00 0.000000000000000000e+00 0.000000000000000000e+00 0.000000000000000000e+00 0.000000000000000000e+00 0.000000000000000000e+00 0.000000000000000000e+00 0.000000000000000000e+00 0.000000000000000000e+00 0.000000000000000000e+00 0.000000000000000000e+00 0.000000000000000000e+00 0.000000000000000000e+00 0.000000000000000000e+00 0.000000000000000000e+00 0.000000000000000000e+00 0.000000000000000000e+00 0.000000000000000000e+00 0.000000000000000000e+00 0.000000000000000000e+00 0.000000000000000000e+00 0.000000000000000000e+00 0.000000000000000000e+00 0.000000000000000000e+00 0.000000000000000000e+00 0.000000000000000000e+00 0.000000000000000000e+00 0.000000000000000000e+00 0.000000000000000000e+00 0.000000000000000000e+00 0.000000000000000000e+00 0.000000000000000000e+00 0.000000000000000000e+00 0.000000000000000000e+00 0.000000000000000000e+00 0.000000000000000000e+00 0.000000000000000000e+00 0.000000000000000000e+00 0.000000000000000000e+00 0.000000000000000000e+00 0.000000000000000000e+00 0.000000000000000000e+00 0.000000000000000000e+00 0.000000000000000000e+00 0.000000000000000000e+00 0.000000000000000000e+00 0.000000000000000000e+00 0.000000000000000000e+00 0.000000000000000000e+00 0.000000000000000000e+00 0.000000000000000000e+00 0.000000000000000000e+00 0.000000000000000000e+00 0.000000000000000000e+00 0.000000000000000000e+00 0.000000000000000000e+00 0.000000000000000000e+00 0.000000000000000000e+00 0.000000000000000000e+00 0.000000000000000000e+00 0.000000000000000000e+00 0.000000000000000000e+00 0.000000000000000000e+00 0.000000000000000000e+00 0.000000000000000000e+00 0.000000000000000000e+00 0.000000000000000000e+00 0.000000000000000000e+00 0.000000000000000000e+00 0.000000000000000000e+00 0.000000000000000000e+00 0.000000000000000000e+00 0.000000000000000000e+00 0.000000000000000000e+00 0.000000000000000000e+00 0.000000000000000000e+00 0.000000000000000000e+00 0.000000000000000000e+00 0.000000000000000000e+00 0.000000000000000000e+00 0.000000000000000000e+00 0.000000000000000000e+00 0.000000000000000000e+00 0.000000000000000000e+00 0.000000000000000000e+00 0.000000000000000000e+00
0.000000000000000000e+00 0.000000000000000000e+00 0.000000000000000000e+00 0.000000000000000000e+00 0.000000000000000000e+00 0.000000000000000000e+00 0.000000000000000000e+00 0.000000000000000000e+00 0.000000000000000000e+00 0.000000000000000000e+00 0.000000000000000000e+00 0.000000000000000000e+00 0.000000000000000000e+00 0.000000000000000000e+00 0.000000000000000000e+00 0.000000000000000000e+00 0.000000000000000000e+00 0.000000000000000000e+00 0.000000000000000000e+00 0.000000000000000000e+00 0.000000000000000000e+00 0.000000000000000000e+00 0.000000000000000000e+00 0.000000000000000000e+00 0.000000000000000000e+00 0.000000000000000000e+00 0.000000000000000000e+00 0.000000000000000000e+00 0.000000000000000000e+00 0.000000000000000000e+00 0.000000000000000000e+00 0.000000000000000000e+00 0.000000000000000000e+00 0.000000000000000000e+00 0.000000000000000000e+00 0.000000000000000000e+00 0.000000000000000000e+00 0.000000000000000000e+00 0.000000000000000000e+00 0.000000000000000000e+00 0.000000000000000000e+00 0.000000000000000000e+00 0.000000000000000000e+00 0.000000000000000000e+00 0.000000000000000000e+00 0.000000000000000000e+00 0.000000000000000000e+00 0.000000000000000000e+00 0.000000000000000000e+00 0.000000000000000000e+00 0.000000000000000000e+00 0.000000000000000000e+00 0.000000000000000000e+00 0.000000000000000000e+00 0.000000000000000000e+00 0.000000000000000000e+00 0.000000000000000000e+00 0.000000000000000000e+00 0.000000000000000000e+00 0.000000000000000000e+00 0.000000000000000000e+00 0.000000000000000000e+00 0.000000000000000000e+00 0.000000000000000000e+00 0.000000000000000000e+00 0.000000000000000000e+00 0.000000000000000000e+00 0.000000000000000000e+00 0.000000000000000000e+00 0.000000000000000000e+00 0.000000000000000000e+00 0.000000000000000000e+00 0.000000000000000000e+00 0.000000000000000000e+00 0.000000000000000000e+00 0.000000000000000000e+00 0.000000000000000000e+00 0.000000000000000000e+00 0.000000000000000000e+00 0.000000000000000000e+00 0.000000000000000000e+00 0.000000000000000000e+00 0.000000000000000000e+00 0.000000000000000000e+00 0.000000000000000000e+00 0.000000000000000000e+00 0.000000000000000000e+00 0.000000000000000000e+00 0.000000000000000000e+00
0.000000000000000000e+00 0.000000000000000000e+00 0.000000000000000000e+00 8.150000000000000000e+02 1.577000000000000000e+03 1.072000000000000000e+03 1.100000000000000000e+01 4.800000000000000000e+01 4.000000000000000000e+00 6.150000000000000000e+02 4.000000000000000000e+00 1.658000000000000000e+03 1.000000000000000000e+00 0.000000000000000000e+00 9.000000000000000000e+00 1.100000000000000000e+01 0.000000000000000000e+00 1.000000000000000000e+00 0.000000000000000000e+00 0.000000000000000000e+00 0.000000000000000000e+00 0.000000000000000000e+00 0.000000000000000000e+00 0.000000000000000000e+00 0.000000000000000000e+00 0.000000000000000000e+00 0.000000000000000000e+00 0.000000000000000000e+00 1.000000000000000000e+00 0.000000000000000000e+00 0.000000000000000000e+00 0.000000000000000000e+00 2.000000000000000000e+00 0.000000000000000000e+00 1.000000000000000000e+00 1.000000000000000000e+00 0.000000000000000000e+00 4.300000000000000000e+01 1.150000000000000000e+02 0.000000000000000000e+00 0.000000000000000000e+00 0.000000000000000000e+00 0.000000000000000000e+00 0.000000000000000000e+00 2.000000000000000000e+00 0.000000000000000000e+00 0.000000000000000000e+00 0.000000000000000000e+00 0.000000000000000000e+00 0.000000000000000000e+00 0.000000000000000000e+00 0.000000000000000000e+00 0.000000000000000000e+00 0.000000000000000000e+00 0.000000000000000000e+00 0.000000000000000000e+00 0.000000000000000000e+00 0.000000000000000000e+00 0.000000000000000000e+00 0.000000000000000000e+00 0.000000000000000000e+00 0.000000000000000000e+00 0.000000000000000000e+00 0.000000000000000000e+00 0.000000000000000000e+00 0.000000000000000000e+00 0.000000000000000000e+00 0.000000000000000000e+00 0.000000000000000000e+00 0.000000000000000000e+00 0.000000000000000000e+00 0.000000000000000000e+00 0.000000000000000000e+00 0.000000000000000000e+00 0.000000000000000000e+00 0.000000000000000000e+00 0.000000000000000000e+00 0.000000000000000000e+00 0.000000000000000000e+00 0.000000000000000000e+00 0.000000000000000000e+00 0.000000000000000000e+00 0.000000000000000000e+00 0.000000000000000000e+00 0.000000000000000000e+00 0.000000000000000000e+00 0.000000000000000000e+00 0.000000000000000000e+00 0.000000000000000000e+00
0.000000000000000000e+00 0.000000000000000000e+00 0.000000000000000000e+00 1.577000000000000000e+03 1.425200000000000000e+04 1.209300000000000000e+04 3.500000000000000000e+01 3.170000000000000000e+02 1.770000000000000000e+02 3.129000000000000000e+03 1.090000000000000000e+02 2.935000000000000000e+03 8.000000000000000000e+00 9.000000000000000000e+00 1.300000000000000000e+02 1.220000000000000000e+03 6.800000000000000000e+01 2.800000000000000000e+01 8.400000000000000000e+01 0.000000000000000000e+00 0.000000000000000000e+00 0.000000000000000000e+00 1.000000000000000000e+00 0.000000000000000000e+00 0.000000000000000000e+00 2.000000000000000000e+00 0.000000000000000000e+00 1.000000000000000000e+00 5.000000000000000000e+00 1.000000000000000000e+00 4.000000000000000000e+00 1.700000000000000000e+01 4.600000000000000000e+01 5.000000000000000000e+00 9.000000000000000000e+00 1.000000000000000000e+00 1.000000000000000000e+00 1.316000000000000000e+03 1.980000000000000000e+03 2.500000000000000000e+01 0.000000000000000000e+00 1.000000000000000000e+00 1.000000000000000000e+00 4.000000000000000000e+00 1.792000000000000000e+03 7.000000000000000000e+00 0.000000000000000000e+00 0.000000000000000000e+00 5.000000000000000000e+00 0.000000000000000000e+00 0.000000000000000000e+00 1.000000000000000000e+00 3.000000000000000000e+00 1.000000000000000000e+00 2.000000000000000000e+00 0.000000000000000000e+00 0.000000000000000000e+00 0.000000000000000000e+00 0.000000000000000000e+00 0.000000000000000000e+00 0.000000000000000000e+00 0.000000000000000000e+00 0.000000000000000000e+00 0.000000000000000000e+00 0.000000000000000000e+00 0.000000000000000000e+00 0.000000000000000000e+00 0.000000000000000000e+00 0.000000000000000000e+00 0.000000000000000000e+00 0.000000000000000000e+00 0.000000000000000000e+00 0.000000000000000000e+00 0.000000000000000000e+00 0.000000000000000000e+00 0.000000000000000000e+00 0.000000000000000000e+00 0.000000000000000000e+00 0.000000000000000000e+00 0.000000000000000000e+00 5.000000000000000000e+00 1.400000000000000000e+01 1.000000000000000000e+00 0.000000000000000000e+00 0.000000000000000000e+00 0.000000000000000000e+00 0.000000000000000000e+00 9.000000000000000000e+00 4.000000000000000000e+00
0.000000000000000000e+00 0.000000000000000000e+00 0.000000000000000000e+00 1.072000000000000000e+03 1.209300000000000000e+04 2.158600000000000000e+04 2.954000000000000000e+03 3.718000000000000000e+03 2.660000000000000000e+02 7.612000000000000000e+03 1.440000000000000000e+02 1.744000000000000000e+03 1.700000000000000000e+01 3.000000000000000000e+00 4.750000000000000000e+02 5.370000000000000000e+02 4.100000000000000000e+01 1.200000000000000000e+01 1.700000000000000000e+01 1.000000000000000000e+00 2.000000000000000000e+00 0.000000000000000000e+00 6.000000000000000000e+00 3.000000000000000000e+00 2.000000000000000000e+00 5.000000000000000000e+00 1.000000000000000000e+00 5.000000000000000000e+00 8.000000000000000000e+00 8.000000000000000000e+00 2.000000000000000000e+00 3.000000000000000000e+01 4.300000000000000000e+01 5.000000000000000000e+00 5.000000000000000000e+00 0.000000000000000000e+00 3.000000000000000000e+00 1.231000000000000000e+03 5.481000000000000000e+03 9.500000000000000000e+01 0.000000000000000000e+00 9.000000000000000000e+00 1.000000000000000000e+00 2.700000000000000000e+01 1.480000000000000000e+02 1.200000000000000000e+01 0.000000000000000000e+00 2.000000000000000000e+00 3.000000000000000000e+00 0.000000000000000000e+00 5.000000000000000000e+00 1.000000000000000000e+00 7.000000000000000000e+00 0.000000000000000000e+00 1.000000000000000000e+00 1.000000000000000000e+00 0.000000000000000000e+00 3.000000000000000000e+00 7.000000000000000000e+00 1.000000000000000000e+00 0.000000000000000000e+00 1.000000000000000000e+00 0.000000000000000000e+00 0.000000000000000000e+00 0.000000000000000000e+00 0.000000000000000000e+00 0.000000000000000000e+00 0.000000000000000000e+00 0.000000000000000000e+00 0.000000000000000000e+00 0.000000000000000000e+00 0.000000000000000000e+00 0.000000000000000000e+00 0.000000000000000000e+00 0.000000000000000000e+00 0.000000000000000000e+00 0.000000000000000000e+00 0.000000000000000000e+00 0.000000000000000000e+00 0.000000000000000000e+00 7.000000000000000000e+00 3.000000000000000000e+01 0.000000000000000000e+00 0.000000000000000000e+00 0.000000000000000000e+00 0.000000000000000000e+00 0.000000000000000000e+00 2.000000000000000000e+00 0.000000000000000000e+00
0.000000000000000000e+00 0.000000000000000000e+00 0.000000000000000000e+00 1.100000000000000000e+01 3.500000000000000000e+01 2.954000000000000000e+03 4.928000000000000000e+03 3.227000000000000000e+03 1.290000000000000000e+02 2.525000000000000000e+03 6.000000000000000000e+00 3.400000000000000000e+01 1.000000000000000000e+00 0.000000000000000000e+00 4.600000000000000000e+01 6.000000000000000000e+00 0.000000000000000000e+00 1.000000000000000000e+00 0.000000000000000000e+00 0.000000000000000000e+00 0.000000000000000000e+00 0.000000000000000000e+00 0.000000000000000000e+00 0.000000000000000000e+00 0.000000000000000000e+00 2.000000000000000000e+00 0.000000000000000000e+00 1.000000000000000000e+00 4.000000000000000000e+00 4.000000000000000000e+00 4.000000000000000000e+00 9.000000000000000000e+00 6.000000000000000000e+00 2.000000000000000000e+00 2.000000000000000000e+00 0.000000000000000000e+00 3.000000000000000000e+00 7.000000000000000000e+00 1.310000000000000000e+02 2.000000000000000000e+00 0.000000000000000000e+00 0.000000000000000000e+00 0.000000000000000000e+00 1.000000000000000000e+00 1.000000000000000000e+00 0.000000000000000000e+00 0.000000000000000000e+00 0.000000000000000000e+00 0.000000000000000000e+00 0.000000000000000000e+00 0.000000000000000000e+00 0.000000000000000000e+00 0.000000000000000000e+00 0.000000000000000000e+00 0.000000000000000000e+00 0.000000000000000000e+00 0.000000000000000000e+00 0.000000000000000000e+00 1.000000000000000000e+00 0.000000000000000000e+00 0.000000000000000000e+00 0.000000000000000000e+00 0.000000000000000000e+00 0.000000000000000000e+00 0.000000000000000000e+00 0.000000000000000000e+00 0.000000000000000000e+00 0.000000000000000000e+00 0.000000000000000000e+00 0.000000000000000000e+00 0.000000000000000000e+00 0.000000000000000000e+00 0.000000000000000000e+00 0.000000000000000000e+00 0.000000000000000000e+00 0.000000000000000000e+00 0.000000000000000000e+00 0.000000000000000000e+00 0.000000000000000000e+00 0.000000000000000000e+00 0.000000000000000000e+00 0.000000000000000000e+00 0.000000000000000000e+00 0.000000000000000000e+00 0.000000000000000000e+00 0.000000000000000000e+00 0.000000000000000000e+00 0.000000000000000000e+00 0.000000000000000000e+00
0.000000000000000000e+00 0.000000000000000000e+00 0.000000000000000000e+00 4.800000000000000000e+01 3.170000000000000000e+02 3.718000000000000000e+03 3.227000000000000000e+03 8.297000000000000000e+03 3.391000000000000000e+03 5.496000000000000000e+03 7.500000000000000000e+01 1.193000000000000000e+03 7.700000000000000000e+01 3.000000000000000000e+00 9.910000000000000000e+02 5.670000000000000000e+02 4.600000000000000000e+01 5.000000000000000000e+00 1.400000000000000000e+01 0.000000000000000000e+00 1.800000000000000000e+01 4.000000000000000000e+00 1.000000000000000000e+00 1.000000000000000000e+00 1.000000000000000000e+00 4.000000000000000000e+00 2.000000000000000000e+00 7.000000000000000000e+00 8.900000000000000000e+01 2.880000000000000000e+02 5.800000000000000000e+01 2.230000000000000000e+02 1.810000000000000000e+02 1.900000000000000000e+01 1.050000000000000000e+02 8.000000000000000000e+00 3.700000000000000000e+01 9.200000000000000000e+01 4.750000000000000000e+02 9.000000000000000000e+00 0.000000000000000000e+00 0.000000000000000000e+00 4.000000000000000000e+00 2.000000000000000000e+00 1.400000000000000000e+01 0.000000000000000000e+00 0.000000000000000000e+00 0.000000000000000000e+00 0.000000000000000000e+00 0.000000000000000000e+00 0.000000000000000000e+00 1.000000000000000000e+00 1.000000000000000000e+00 0.000000000000000000e+00 2.000000000000000000e+00 0.000000000000000000e+00 0.000000000000000000e+00 0.000000000000000000e+00 1.000000000000000000e+00 0.000000000000000000e+00 0.000000000000000000e+00 0.000000000000000000e+00 0.000000000000000000e+00 0.000000000000000000e+00 0.000000000000000000e+00 0.000000000000000000e+00 0.000000000000000000e+00 0.000000000000000000e+00 0.000000000000000000e+00 0.000000000000000000e+00 0.000000000000000000e+00 0.000000000000000000e+00 0.000000000000000000e+00 0.000000000000000000e+00 0.000000000000000000e+00 0.000000000000000000e+00 0.000000000000000000e+00 0.000000000000000000e+00 0.000000000000000000e+00 0.000000000000000000e+00 2.000000000000000000e+00 2.000000000000000000e+00 0.000000000000000000e+00 0.000000000000000000e+00 0.000000000000000000e+00 0.000000000000000000e+00 0.000000000000000000e+00 0.000000000000000000e+00 0.000000000000000000e+00
0.000000000000000000e+00 0.000000000000000000e+00 0.000000000000000000e+00 4.000000000000000000e+00 1.770000000000000000e+02 2.660000000000000000e+02 1.290000000000000000e+02 3.391000000000000000e+03 1.669800000000000000e+04 2.808000000000000000e+03 2.020000000000000000e+02 8.840000000000000000e+02 2.173000000000000000e+03 0.000000000000000000e+00 1.092000000000000000e+03 6.730000000000000000e+02 2.280000000000000000e+02 3.000000000000000000e+00 1.200000000000000000e+01 0.000000000000000000e+00 2.400000000000000000e+01 1.000000000000000000e+00 2.000000000000000000e+00 0.000000000000000000e+00 9.000000000000000000e+00 4.400000000000000000e+01 1.100000000000000000e+01 6.100000000000000000e+01 4.160000000000000000e+02 1.566000000000000000e+03 1.000000000000000000e+02 1.030000000000000000e+02 1.060000000000000000e+02 1.500000000000000000e+01 7.000000000000000000e+01 5.000000000000000000e+00 4.800000000000000000e+01 1.810000000000000000e+03 2.839000000000000000e+03 1.070000000000000000e+02 0.000000000000000000e+00 6.000000000000000000e+00 5.000000000000000000e+00 1.000000000000000000e+00 4.200000000000000000e+01 1.180000000000000000e+02 0.000000000000000000e+00 1.000000000000000000e+00 3.000000000000000000e+00 0.000000000000000000e+00 0.000000000000000000e+00 4.000000000000000000e+00 5.000000000000000000e+00 0.000000000000000000e+00 7.000000000000000000e+00 0.000000000000000000e+00 0.000000000000000000e+00 0.000000000000000000e+00 4.000000000000000000e+00 6.000000000000000000e+00 1.000000000000000000e+00 1.000000000000000000e+00 0.000000000000000000e+00 0.000000000000000000e+00 0.000000000000000000e+00 0.000000000000000000e+00 0.000000000000000000e+00 0.000000000000000000e+00 0.000000000000000000e+00 0.000000000000000000e+00 0.000000000000000000e+00 0.000000000000000000e+00 0.000000000000000000e+00 0.000000000000000000e+00 0.000000000000000000e+00 0.000000000000000000e+00 0.000000000000000000e+00 0.000000000000000000e+00 0.000000000000000000e+00 0.000000000000000000e+00 3.000000000000000000e+00 1.200000000000000000e+01 0.000000000000000000e+00 0.000000000000000000e+00 2.000000000000000000e+00 0.000000000000000000e+00 0.000000000000000000e+00 1.000000000000000000e+00 0.000000000000000000e+00
0.000000000000000000e+00 0.000000000000000000e+00 0.000000000000000000e+00 6.150000000000000000e+02 3.129000000000000000e+03 7.612000000000000000e+03 2.525000000000000000e+03 5.496000000000000000e+03 2.808000000000000000e+03 5.821200000000000000e+04 3.915000000000000000e+03 1.539600000000000000e+04 1.110000000000000000e+02 3.600000000000000000e+01 6.740000000000000000e+02 3.397000000000000000e+03 1.039000000000000000e+03 5.000000000000000000e+01 6.300000000000000000e+01 1.000000000000000000e+00 2.600000000000000000e+01 0.000000000000000000e+00 1.000000000000000000e+00 1.000000000000000000e+00 2.000000000000000000e+00 6.000000000000000000e+00 0.000000000000000000e+00 4.000000000000000000e+00 6.100000000000000000e+01 1.040000000000000000e+02 6.200000000000000000e+01 4.470000000000000000e+02 6.380000000000000000e+02 7.900000000000000000e+01 1.550000000000000000e+02 2.300000000000000000e+01 5.300000000000000000e+01 2.681000000000000000e+03 6.501000000000000000e+03 1.560000000000000000e+02 0.000000000000000000e+00 3.000000000000000000e+00 6.000000000000000000e+00 7.000000000000000000e+00 1.340000000000000000e+02 2.900000000000000000e+01 0.000000000000000000e+00 1.000000000000000000e+00 6.000000000000000000e+00 0.000000000000000000e+00 0.000000000000000000e+00 1.000000000000000000e+00 1.000000000000000000e+01 1.000000000000000000e+00 1.300000000000000000e+01 1.000000000000000000e+00 0.000000000000000000e+00 3.000000000000000000e+00 1.500000000000000000e+01 2.200000000000000000e+01 0.000000000000000000e+00 0.000000000000000000e+00 0.000000000000000000e+00 0.000000000000000000e+00 0.000000000000000000e+00 0.000000000000000000e+00 0.000000000000000000e+00 0.000000000000000000e+00 0.000000000000000000e+00 0.000000000000000000e+00 0.000000000000000000e+00 0.000000000000000000e+00 0.000000000000000000e+00 0.000000000000000000e+00 0.000000000000000000e+00 2.000000000000000000e+00 0.000000000000000000e+00 0.000000000000000000e+00 0.000000000000000000e+00 1.000000000000000000e+00 1.100000000000000000e+01 3.600000000000000000e+01 0.000000000000000000e+00 0.000000000000000000e+00 1.000000000000000000e+00 0.000000000000000000e+00 0.000000000000000000e+00 3.000000000000000000e+00 0.000000000000000000e+00
0.000000000000000000e+00 0.000000000000000000e+00 0.000000000000000000e+00 4.000000000000000000e+00 1.090000000000000000e+02 1.440000000000000000e+02 6.000000000000000000e+00 7.500000000000000000e+01 2.020000000000000000e+02 3.915000000000000000e+03 1.956700000000000000e+04 6.712000000000000000e+03 2.321000000000000000e+03 3.400000000000000000e+01 5.250000000000000000e+02 5.770000000000000000e+02 6.050000000000000000e+02 1.740000000000000000e+02 7.100000000000000000e+01 0.000000000000000000e+00 1.310000000000000000e+02 8.000000000000000000e+00 4.000000000000000000e+00 5.000000000000000000e+00 6.000000000000000000e+00 4.600000000000000000e+01 2.000000000000000000e+00 3.100000000000000000e+01 1.360000000000000000e+02 4.130000000000000000e+02 3.750000000000000000e+02 9.500000000000000000e+02 1.705000000000000000e+03 2.900000000000000000e+02 7.710000000000000000e+02 8.700000000000000000e+01 2.760000000000000000e+02 2.330000000000000000e+03 1.945000000000000000e+03 4.860000000000000000e+02 0.000000000000000000e+00 9.300000000000000000e+01 1.700000000000000000e+01 8.900000000000000000e+01 4.800000000000000000e+01 3.040000000000000000e+02 0.000000000000000000e+00 0.000000000000000000e+00 1.000000000000000000e+00 0.000000000000000000e+00 1.000000000000000000e+00 1.000000000000000000e+00 1.000000000000000000e+01 7.000000000000000000e+00 1.200000000000000000e+01 1.000000000000000000e+00 1.000000000000000000e+00 0.000000000000000000e+00 2.000000000000000000e+00 1.900000000000000000e+01 5.000000000000000000e+00 0.000000000000000000e+00 0.000000000000000000e+00 0.000000000000000000e+00 0.000000000000000000e+00 0.000000000000000000e+00 0.000000000000000000e+00 0.000000000000000000e+00 0.000000000000000000e+00 0.000000000000000000e+00 0.000000000000000000e+00 1.000000000000000000e+00 0.000000000000000000e+00 0.000000000000000000e+00 0.000000000000000000e+00 1.000000000000000000e+00 0.000000000000000000e+00 0.000000000000000000e+00 0.000000000000000000e+00 0.000000000000000000e+00 1.400000000000000000e+01 2.200000000000000000e+01 0.000000000000000000e+00 0.000000000000000000e+00 1.000000000000000000e+00 1.000000000000000000e+00 1.000000000000000000e+00 0.000000000000000000e+00 0.000000000000000000e+00
0.000000000000000000e+00 0.000000000000000000e+00 0.000000000000000000e+00 1.658000000000000000e+03 2.935000000000000000e+03 1.744000000000000000e+03 3.400000000000000000e+01 1.193000000000000000e+03 8.840000000000000000e+02 1.539600000000000000e+04 6.712000000000000000e+03 9.870800000000000000e+04 4.570000000000000000e+03 5.973000000000000000e+03 3.350000000000000000e+02 3.762000000000000000e+03 2.240000000000000000e+03 1.947000000000000000e+03 1.684000000000000000e+03 0.000000000000000000e+00 2.500000000000000000e+01 1.000000000000000000e+00 0.000000000000000000e+00 0.000000000000000000e+00 0.000000000000000000e+00 2.200000000000000000e+01 3.000000000000000000e+00 1.000000000000000000e+01 1.332000000000000000e+03 3.820000000000000000e+02 7.400000000000000000e+01 1.616000000000000000e+03 2.001000000000000000e+03 8.300000000000000000e+01 1.210000000000000000e+02 1.400000000000000000e+01 3.300000000000000000e+01 2.569000000000000000e+03 2.669000000000000000e+03 4.210000000000000000e+02 0.000000000000000000e+00 7.500000000000000000e+01 6.000000000000000000e+00 2.200000000000000000e+01 1.610000000000000000e+02 1.740000000000000000e+02 0.000000000000000000e+00 2.000000000000000000e+00 1.000000000000000000e+01 0.000000000000000000e+00 0.000000000000000000e+00 6.000000000000000000e+00 1.700000000000000000e+01 1.700000000000000000e+01 2.870000000000000000e+02 5.000000000000000000e+00 1.000000000000000000e+00 1.000000000000000000e+00 1.700000000000000000e+01 5.600000000000000000e+01 2.900000000000000000e+01 7.000000000000000000e+00 0.000000000000000000e+00 0.000000000000000000e+00 0.000000000000000000e+00 0.000000000000000000e+00 0.000000000000000000e+00 0.000000000000000000e+00 0.000000000000000000e+00 0.000000000000000000e+00 0.000000000000000000e+00 0.000000000000000000e+00 1.000000000000000000e+00 1.000000000000000000e+00 2.000000000000000000e+00 4.000000000000000000e+00 0.000000000000000000e+00 0.000000000000000000e+00 1.000000000000000000e+00 0.000000000000000000e+00 2.200000000000000000e+01 4.800000000000000000e+01 0.000000000000000000e+00 0.000000000000000000e+00 2.000000000000000000e+00 0.000000000000000000e+00 0.000000000000000000e+00 2.000000000000000000e+00 2.000000000000000000e+00
0.000000000000000000e+00 0.000000000000000000e+00 0.000000000000000000e+00 1.000000000000000000e+00 8.000000000000000000e+00 1.700000000000000000e+01 1.000000000000000000e+00 7.700000000000000000e+01 2.173000000000000000e+03 1.110000000000000000e+02 2.321000000000000000e+03 4.570000000000000000e+03 4.481200000000000000e+04 1.002800000000000000e+04 1.670000000000000000e+03 1.010000000000000000e+02 3.300000000000000000e+01 6.370000000000000000e+02 3.010000000000000000e+02 2.000000000000000000e+00 1.380000000000000000e+02 7.000000000000000000e+00 4.000000000000000000e+00 1.100000000000000000e+01 2.200000000000000000e+01 4.760000000000000000e+02 3.800000000000000000e+01 1.720000000000000000e+02 1.100300000000000000e+04 8.507000000000000000e+03 5.330000000000000000e+02 3.071000000000000000e+03 1.828000000000000000e+03 1.860000000000000000e+02 4.020000000000000000e+02 5.400000000000000000e+01 2.640000000000000000e+02 1.742000000000000000e+03 9.417000000000000000e+03 3.723000000000000000e+03 0.000000000000000000e+00 6.960000000000000000e+02 8.100000000000000000e+01 5.800000000000000000e+02 9.000000000000000000e+00 7.800000000000000000e+02 0.000000000000000000e+00 0.000000000000000000e+00 0.000000000000000000e+00 0.000000000000000000e+00 0.000000000000000000e+00 0.000000000000000000e+00 2.000000000000000000e+00 2.000000000000000000e+00 4.000000000000000000e+00 2.000000000000000000e+00 0.000000000000000000e+00 0.000000000000000000e+00 0.000000000000000000e+00 7.000000000000000000e+00 1.600000000000000000e+01 1.000000000000000000e+00 0.000000000000000000e+00 0.000000000000000000e+00 0.000000000000000000e+00 0.000000000000000000e+00 0.000000000000000000e+00 0.000000000000000000e+00 0.000000000000000000e+00 0.000000000000000000e+00 0.000000000000000000e+00 0.000000000000000000e+00 0.000000000000000000e+00 0.000000000000000000e+00 0.000000000000000000e+00 0.000000000000000000e+00 0.000000000000000000e+00 0.000000000000000000e+00 0.000000000000000000e+00 0.000000000000000000e+00 2.000000000000000000e+00 1.000000000000000000e+01 1.000000000000000000e+00 0.000000000000000000e+00 4.000000000000000000e+00 0.000000000000000000e+00 1.000000000000000000e+00 0.000000000000000000e+00 0.000000000000000000e+00
0.000000000000000000e+00 0.000000000000000000e+00 0.000000000000000000e+00 0.000000000000000000e+00 9.000000000000000000e+00 3.000000000000000000e+00 0.000000000000000000e+00 3.000000000000000000e+00 0.000000000000000000e+00 3.600000000000000000e+01 3.400000000000000000e+01 5.973000000000000000e+03 1.002800000000000000e+04 6.911000000000000000e+03 3.700000000000000000e+01 5.000000000000000000e+01 3.300000000000000000e+01 1.670000000000000000e+02 3.500000000000000000e+01 0.000000000000000000e+00 0.000000000000000000e+00 0.000000000000000000e+00 0.000000000000000000e+00 0.000000000000000000e+00 0.000000000000000000e+00 3.000000000000000000e+00 0.000000000000000000e+00 1.000000000000000000e+00 7.188000000000000000e+03 7.100000000000000000e+01 3.000000000000000000e+00 4.320000000000000000e+02 3.020000000000000000e+02 0.000000000000000000e+00 2.000000000000000000e+00 0.000000000000000000e+00 0.000000000000000000e+00 2.900000000000000000e+01 8.100000000000000000e+01 2.000000000000000000e+01 0.000000000000000000e+00 3.000000000000000000e+00 0.000000000000000000e+00 8.000000000000000000e+00 1.000000000000000000e+00 6.000000000000000000e+00 0.000000000000000000e+00 0.000000000000000000e+00 0.000000000000000000e+00 0.000000000000000000e+00 0.000000000000000000e+00 0.000000000000000000e+00 0.000000000000000000e+00 0.000000000000000000e+00 0.000000000000000000e+00 0.000000000000000000e+00 0.000000000000000000e+00 0.000000000000000000e+00 0.000000000000000000e+00 0.000000000000000000e+00 0.000000000000000000e+00 0.000000000000000000e+00 0.000000000000000000e+00 0.000000000000000000e+00 0.000000000000000000e+00 0.000000000000000000e+00 0.000000000000000000e+00 0.000000000000000000e+00 0.000000000000000000e+00 0.000000000000000000e+00 0.000000000000000000e+00 0.000000000000000000e+00 0.000000000000000000e+00 0.000000000000000000e+00 0.000000000000000000e+00 0.000000000000000000e+00 0.000000000000000000e+00 0.000000000000000000e+00 0.000000000000000000e+00 0.000000000000000000e+00 0.000000000000000000e+00 0.000000000000000000e+00 1.000000000000000000e+00 0.000000000000000000e+00 0.000000000000000000e+00 0.000000000000000000e+00 0.000000000000000000e+00 1.000000000000000000e+00 0.000000000000000000e+00
0.000000000000000000e+00 0.000000000000000000e+00 0.000000000000000000e+00 9.000000000000000000e+00 1.300000000000000000e+02 4.750000000000000000e+02 4.600000000000000000e+01 9.910000000000000000e+02 1.092000000000000000e+03 6.740000000000000000e+02 5.250000000000000000e+02 3.350000000000000000e+02 1.670000000000000000e+03 3.700000000000000000e+01 1.085600000000000000e+04 1.060000000000000000e+02 4.400000000000000000e+01 1.890000000000000000e+02 1.016000000000000000e+03 4.000000000000000000e+01 5.600000000000000000e+02 5.400000000000000000e+01 8.080000000000000000e+02 3.660000000000000000e+02 1.154000000000000000e+03 2.503000000000000000e+03 1.312000000000000000e+03 5.240000000000000000e+02 2.900000000000000000e+03 1.762000000000000000e+03 6.480000000000000000e+02 2.620000000000000000e+03 8.890000000000000000e+02 4.700000000000000000e+01 3.910000000000000000e+02 1.900000000000000000e+01 4.400000000000000000e+02 3.550000000000000000e+02 9.984000000000000000e+03 2.020000000000000000e+02 0.000000000000000000e+00 1.616000000000000000e+03 1.261000000000000000e+03 4.200000000000000000e+02 1.200000000000000000e+01 8.460000000000000000e+02 0.000000000000000000e+00 0.000000000000000000e+00 3.000000000000000000e+00 0.000000000000000000e+00 0.000000000000000000e+00 1.000000000000000000e+00 1.000000000000000000e+00 1.000000000000000000e+00 3.000000000000000000e+00 1.000000000000000000e+00 0.000000000000000000e+00 0.000000000000000000e+00 1.000000000000000000e+00 5.000000000000000000e+00 2.000000000000000000e+00 8.000000000000000000e+00 0.000000000000000000e+00 0.000000000000000000e+00 0.000000000000000000e+00 0.000000000000000000e+00 0.000000000000000000e+00 0.000000000000000000e+00 0.000000000000000000e+00 0.000000000000000000e+00 0.000000000000000000e+00 0.000000000000000000e+00 4.000000000000000000e+00 0.000000000000000000e+00 0.000000000000000000e+00 2.000000000000000000e+00 0.000000000000000000e+00 0.000000000000000000e+00 0.000000000000000000e+00 0.000000000000000000e+00 3.000000000000000000e+00 5.000000000000000000e+00 0.000000000000000000e+00 0.000000000000000000e+00 5.000000000000000000e+00 0.000000000000000000e+00 0.000000000000000000e+00 0.000000000000000000e+00 0.000000000000000000e+00
0.000000000000000000e+00 0.000000000000000000e+00 0.000000000000000000e+00 1.100000000000000000e+01 1.220000000000000000e+03 5.370000000000000000e+02 6.000000000000000000e+00 5.670000000000000000e+02 6.730000000000000000e+02 3.397000000000000000e+03 5.770000000000000000e+02 3.762000000000000000e+03 1.010000000000000000e+02 5.000000000000000000e+01 1.060000000000000000e+02 4.741000000000000000e+03 2.558000000000000000e+03 8.380000000000000000e+02 1.385000000000000000e+03 0.000000000000000000e+00 4.000000000000000000e+00 1.000000000000000000e+00 0.000000000000000000e+00 0.000000000000000000e+00 1.000000000000000000e+00 1.000000000000000000e+00 0.000000000000000000e+00 0.000000000000000000e+00 3.500000000000000000e+01 4.700000000000000000e+01 8.000000000000000000e+00 1.000000000000000000e+02 2.990000000000000000e+02 9.000000000000000000e+00 1.800000000000000000e+01 1.000000000000000000e+00 3.000000000000000000e+00 1.080000000000000000e+03 2.073000000000000000e+03 7.700000000000000000e+01 0.000000000000000000e+00 1.000000000000000000e+01 6.000000000000000000e+00 6.000000000000000000e+00 5.360000000000000000e+02 1.500000000000000000e+01 0.000000000000000000e+00 2.000000000000000000e+00 1.000000000000000000e+01 1.000000000000000000e+00 1.000000000000000000e+00 1.000000000000000000e+00 2.100000000000000000e+01 7.000000000000000000e+00 2.100000000000000000e+01 2.000000000000000000e+00 1.000000000000000000e+00 0.000000000000000000e+00 2.100000000000000000e+01 2.300000000000000000e+01 5.000000000000000000e+00 7.000000000000000000e+00 0.000000000000000000e+00 0.000000000000000000e+00 1.000000000000000000e+00 0.000000000000000000e+00 0.000000000000000000e+00 0.000000000000000000e+00 0.000000000000000000e+00 0.000000000000000000e+00 0.000000000000000000e+00 0.000000000000000000e+00 0.000000000000000000e+00 0.000000000000000000e+00 1.000000000000000000e+00 2.000000000000000000e+00 0.000000000000000000e+00 0.000000000000000000e+00 0.000000000000000000e+00 0.000000000000000000e+00 3.800000000000000000e+01 3.800000000000000000e+01 0.000000000000000000e+00 0.000000000000000000e+00 0.000000000000000000e+00 1.000000000000000000e+00 0.000000000000000000e+00 3.000000000000000000e+00 1.000000000000000000e+00
0.000000000000000000e+00 0.000000000000000000e+00 0.000000000000000000e+00 0.000000000000000000e+00 6.800000000000000000e+01 4.100000000000000000e+01 0.000000000000000000e+00 4.600000000000000000e+01 2.280000000000000000e+02 1.039000000000000000e+03 6.050000000000000000e+02 2.240000000000000000e+03 3.300000000000000000e+01 3.300000000000000000e+01 4.400000000000000000e+01 2.558000000000000000e+03 2.363000000000000000e+03 8.610000000000000000e+02 5.550000000000000000e+02 0.000000000000000000e+00 2.000000000000000000e+00 1.000000000000000000e+00 0.000000000000000000e+00 0.000000000000000000e+00 0.000000000000000000e+00 4.000000000000000000e+00 0.000000000000000000e+00 0.000000000000000000e+00 2.100000000000000000e+01 2.800000000000000000e+01 8.000000000000000000e+00 7.700000000000000000e+01 2.210000000000000000e+02 1.600000000000000000e+01 1.400000000000000000e+01 5.000000000000000000e+00 2.000000000000000000e+00 2.500000000000000000e+02 2.740000000000000000e+02 4.200000000000000000e+01 0.000000000000000000e+00 7.000000000000000000e+00 0.000000000000000000e+00 2.000000000000000000e+00 3.600000000000000000e+01 8.000000000000000000e+00 1.000000000000000000e+00 4.000000000000000000e+00 1.200000000000000000e+01 0.000000000000000000e+00 0.000000000000000000e+00 1.000000000000000000e+01 4.200000000000000000e+01 1.900000000000000000e+01 5.800000000000000000e+01 3.000000000000000000e+00 1.000000000000000000e+00 4.000000000000000000e+00 5.700000000000000000e+01 6.300000000000000000e+01 1.700000000000000000e+01 8.000000000000000000e+00 0.000000000000000000e+00 0.000000000000000000e+00 0.000000000000000000e+00 0.000000000000000000e+00 0.000000000000000000e+00 0.000000000000000000e+00 0.000000000000000000e+00 0.000000000000000000e+00 1.000000000000000000e+00 0.000000000000000000e+00 1.000000000000000000e+00 2.000000000000000000e+00 5.000000000000000000e+00 8.000000000000000000e+00 0.000000000000000000e+00 0.000000000000000000e+00 0.000000000000000000e+00 0.000000000000000000e+00 4.000000000000000000e+01 5.600000000000000000e+01 2.000000000000000000e+00 0.000000000000000000e+00 2.000000000000000000e+00 0.000000000000000000e+00 1.000000000000000000e+00 8.000000000000000000e+00 0.000000000000000000e+00
