0.000000000000000000e+00 0.000000000000000000e+00 0.000000000000000000e+00 0.000000000000000000e+00 0.000000000000000000e+00 0.000000000000000000e+00 0.000000000000000000e+00 0.000000000000000000e+00 0.000000000000000000e+00 0.000000000000000000e+00 0.000000000000000000e+00 0.000000000000000000e+00 0.000000000000000000e+00 0.000000000000000000e+00 0.000000000000000000e+00 0.000000000000000000e+00 0.000000000000000000e+00 0.000000000000000000e+00 0.000000000000000000e+00 0.000000000000000000e+00 0.000000000000000000e+00 0.000000000000000000e+00 0.000000000000000000e+00 0.000000000000000000e+00 0.000000000000000000e+00 0.000000000000000000e+00 0.000000000000000000e+00 0.000000000000000000e+00 0.000000000000000000e+00 0.000000000000000000e+00 0.000000000000000000e+00 0.000000000000000000e+00 0.000000000000000000e+00 0.000000000000000000e+00 0.000000000000000000e+00 0.000000000000000000e+00 0.000000000000000000e+00 0.000000000000000000e+00 0.000000000000000000e+00 0.000000000000000000e+00 0.000000000000000000e+00 0.000000000000000000e+00 0.000000000000000000e+00 0.000000000000000000e+00 0.000000000000000000e+00 0.000000000000000000e+00 0.000000000000000000e+00 0.000000000000000000e+00 0.000000000000000000e+00 0.000000000000000000e+00 0.000000000000000000e+00 0.000000000000000000e+00 0.000000000000000000e+00 0.000000000000000000e+00 0.000000000000000000e+00 0.000000000000000000e+00 0.000000000000000000e+00 0.000000000000000000e+00 0.000000000000000000e+00 0.000000000000000000e+00 0.000000000000000000e+00 0.000000000000000000e+00 0.000000000000000000e+00 0.000000000000000000e+00 0.000000000000000000e+00 0.000000000000000000e+00 0.000000000000000000e+00 0.000000000000000000e+00 0.000000000000000000e+00 0.000000000000000000e+00 0.000000000000000000e+00 0.000000000000000000e+00 0.000000000000000000e+00 0.000000000000000000e+00 0.000000000000000000e+00 0.000000000000000000e+00 0.000000000000000000e+00 0.000000000000000000e+00 0.000000000000000000e+00 0.000000000000000000e+00 0.000000000000000000e+00 0.000000000000000000e+00 0.000000000000000000e+00 0.000000000000000000e+00 0.000000000000000000e+00 0.000000000000000000e+00 0.000000000000000000e+00 0.000000000000000000e+00 0.000000000000000000e+00
0.000000000000000000e+00 0.000000000000000000e+00 0.000000000000000000e+00 0.000000000000000000e+00 0.000000000000000000e+00 0.000000000000000000e+00 0.000000000000000000e+00 0.000000000000000000e+00 0.000000000000000000e+00 0.000000000000000000e+00 0.000000000000000000e+00 0.000000000000000000e+00 0.000000000000000000e+00 0.000000000000000000e+00 0.000000000000000000e+00 0.000000000000000000e+00 0.000000000000000000e+00 0.000000000000000000e+00 0.000000000000000000e+00 0.000000000000000000e+00 0.000000000000000000e+00 0.000000000000000000e+00 0.000000000000000000e+00 0.000000000000000000e+00 0.000000000000000000e+00 0.000000000000000000e+00 0.000000000000000000e+00 0.000000000000000000e+00 0.000000000000000000e+00 0.000000000000000000e+00 0.000000000000000000e+00 0.000000000000000000e+00 0.000000000000000000e+00 0.000000000000000000e+00 0.000000000000000000e+00 0.000000000000000000e+00 0.000000000000000000e+00 0.000000000000000000e+00 0.000000000000000000e+00 0.000000000000000000e+00 0.000000000000000000e+00 0.000000000000000000e+00 0.000000000000000000e+00 0.000000000000000000e+00 0.000000000000000000e+00 0.000000000000000000e+00 0.000000000000000000e+00 0.000000000000000000e+00 0.000000000000000000e+00 0.000000000000000000e+00 0.000000000000000000e+00 0.000000000000000000e+00 0.000000000000000000e+00 0.000000000000000000e+00 0.000000000000000000e+00 0.000000000000000000e+00 0.000000000000000000e+00 0.000000000000000000e+00 0.000000000000000000e+00 0.000000000000000000e+00 0.000000000000000000e+00 0.000000000000000000e+00 0.000000000000000000e+00 0.000000000000000000e+00 0.000000000000000000e+00 0.000000000000000000e+00 0.000000000000000000e+00 0.000000000000000000e+00 0.000000000000000000e+00 0.000000000000000000e+00 0.000000000000000000e+00 0.000000000000000000e+00 0.000000000000000000e+00 0.000000000000000000e+00 0.000000000000000000e+00 0.000000000000000000e+00 0.000000000000000000e+00 0.000000000000000000e+00 0.000000000000000000e+00 0.000000000000000000e+00 0.000000000000000000e+00 0.000000000000000000e+00 0.000000000000000000e+00 0.000000000000000000e+00 0.000000000000000000e+00 0.000000000000000000e+00 0.000000000000000000e+00 0.000000000000000000e+00 0.000000000000000000e+00
0.000000000000000000e+00 0.000000000000000000e+00 0.000000000000000000e+00 0.000000000000000000e+00 0.000000000000000000e+00 0.000000000000000000e+00 0.000000000000000000e+00 0.000000000000000000e+00 0.000000000000000000e+00 0.000000000000000000e+00 0.000000000000000000e+00 0.000000000000000000e+00 0.000000000000000000e+00 0.000000000000000000e+00 0.000000000000000000e+00 0.000000000000000000e+00 0.000000000000000000e+00 0.000000000000000000e+00 0.000000000000000000e+00 0.000000000000000000e+00 0.000000000000000000e+00 0.000000000000000000e+00 0.000000000000000000e+00 0.000000000000000000e+00 0.000000000000000000e+00 0.000000000000000000e+00 0.000000000000000000e+00 0.000000000000000000e+00 0.000000000000000000e+00 0.000000000000000000e+00 0.000000000000000000e+00 0.000000000000000000e+00 0.000000000000000000e+00 0.000000000000000000e+00 0.000000000000000000e+00 0.000000000000000000e+00 0.000000000000000000e+00 0.000000000000000000e+00 0.000000000000000000e+00 0.000000000000000000e+00 0.000000000000000000e+00 0.000000000000000000e+00 0.000000000000000000e+00 0.000000000000000000e+00 0.000000000000000000e+00 0.000000000000000000e+00 0.000000000000000000e+00 0.000000000000000000e+00 0.000000000000000000e+00 0.000000000000000000e+00 0.000000000000000000e+00 0.000000000000000000e+00 0.000000000000000000e+00 0.000000000000000000e+00 0.000000000000000000e+00 0.000000000000000000e+00 0.000000000000000000e+00 0.000000000000000000e+00 0.000000000000000000e+00 0.000000000000000000e+00 0.000000000000000000e+00 0.000000000000000000e+00 0.000000000000000000e+00 0.000000000000000000e+00 0.000000000000000000e+00 0.000000000000000000e+00 0.000000000000000000e+00 0.000000000000000000e+00 0.000000000000000000e+00 0.000000000000000000e+00 0.000000000000000000e+00 0.000000000000000000e+00 0.000000000000000000e+00 0.000000000000000000e+00 0.000000000000000000e+00 0.000000000000000000e+00 0.000000000000000000e+00 0.000000000000000000e+00 0.000000000000000000e+00 0.000000000000000000e+00 0.000000000000000000e+00 0.000000000000000000e+00 0.000000000000000000e+00 0.000000000000000000e+00 0.000000000000000000e+00 0.000000000000000000e+00 0.000000000000000000e+00 0.000000000000000000e+00 0.000000000000000000e+00
0.000000000000000000e+00 0.000000000000000000e+00 0.000000000000000000e+00 5.062576687116560059e+00 8.272669625871904131e+00 1.258722014925372257e+01 3.090909090909089230e+01 2.978124999999998224e+01 4.100000000000001421e+01 1.026504065040649571e+01 4.724999999999998579e+01 7.999396863691190518e+00 6.399999999999995737e+01 0.000000000000000000e+00 4.416666666666662877e+01 2.463636363636362248e+01 0.000000000000000000e+00 4.550000000000002842e+01 0.000000000000000000e+00 0.000000000000000000e+00 0.000000000000000000e+00 0.000000000000000000e+00 0.000000000000000000e+00 0.000000000000000000e+00 0.000000000000000000e+00 0.000000000000000000e+00 0.000000000000000000e+00 0.000000000000000000e+00 6.449999999999998579e+01 0.000000000000000000e+00 0.000000000000000000e+00 0.000000000000000000e+00 8.199999999999997158e+01 0.000000000000000000e+00 1.035000000000000142e+02 1.044999999999999716e+02 0.000000000000000000e+00 2.944186046511625676e+01 3.450434782608693496e+01 0.000000000000000000e+00 0.000000000000000000e+00 0.000000000000000000e+00 0.000000000000000000e+00 0.000000000000000000e+00 3.325000000000000000e+01 0.000000000000000000e+00 0.000000000000000000e+00 0.000000000000000000e+00 0.000000000000000000e+00 0.000000000000000000e+00 0.000000000000000000e+00 0.000000000000000000e+00 0.000000000000000000e+00 0.000000000000000000e+00 0.000000000000000000e+00 0.000000000000000000e+00 0.000000000000000000e+00 0.000000000000000000e+00 0.000000000000000000e+00 0.000000000000000000e+00 0.000000000000000000e+00 0.000000000000000000e+00 0.000000000000000000e+00 0.000000000000000000e+00 0.000000000000000000e+00 0.000000000000000000e+00 0.000000000000000000e+00 0.000000000000000000e+00 0.000000000000000000e+00 0.000000000000000000e+00 0.000000000000000000e+00 0.000000000000000000e+00 0.000000000000000000e+00 0.000000000000000000e+00 0.000000000000000000e+00 0.000000000000000000e+00 0.000000000000000000e+00 0.000000000000000000e+00 0.000000000000000000e+00 0.000000000000000000e+00 0.000000000000000000e+00 0.000000000000000000e+00 0.000000000000000000e+00 0.000000000000000000e+00 0.000000000000000000e+00 0.000000000000000000e+00 0.000000000000000000e+00 0.000000000000000000e+00 0.000000000000000000e+00
0.000000000000000000e+00 0.000000000000000000e+00 0.000000000000000000e+00 8.272669625871904131e+00 1.053213584058377172e+01 9.779748614901174975e+00 2.862857142857141213e+01 2.643059936908516150e+01 4.155932203389829738e+01 2.052716522850750280e+01 4.754587155963301370e+01 1.803696763202725251e+01 5.424999999999996447e+01 6.249999999999997158e+01 2.944230769230767564e+01 1.396557377049179749e+01 2.991176470588234793e+01 4.967857142857140218e+01 6.506547619047617559e+01 0.000000000000000000e+00 0.000000000000000000e+00 0.000000000000000000e+00 4.349999999999996447e+01 0.000000000000000000e+00 0.000000000000000000e+00 7.749999999999995737e+01 0.000000000000000000e+00 9.549999999999997158e+01 6.849999999999997158e+01 5.800000000000000000e+01 1.086250000000000000e+02 8.508823529411763786e+01 7.754347826086954854e+01 8.890000000000000568e+01 1.029444444444444429e+02 8.650000000000000000e+01 7.849999999999992895e+01 1.355433130699087663e+01 2.058585858585857764e+01 4.203999999999999915e+01 0.000000000000000000e+00 4.899999999999995026e+01 4.349999999999999289e+01 2.874999999999997158e+01 5.473214285714282923e+00 1.585714285714285587e+01 0.000000000000000000e+00 0.000000000000000000e+00 4.459999999999995879e+01 0.000000000000000000e+00 0.000000000000000000e+00 5.949999999999991473e+01 5.883333333333330728e+01 7.549999999999995737e+01 4.824999999999998579e+01 0.000000000000000000e+00 0.000000000000000000e+00 0.000000000000000000e+00 0.000000000000000000e+00 0.000000000000000000e+00 0.000000000000000000e+00 0.000000000000000000e+00 0.000000000000000000e+00 0.000000000000000000e+00 0.000000000000000000e+00 0.000000000000000000e+00 0.000000000000000000e+00 0.000000000000000000e+00 0.000000000000000000e+00 0.000000000000000000e+00 0.000000000000000000e+00 0.000000000000000000e+00 0.000000000000000000e+00 0.000000000000000000e+00 0.000000000000000000e+00 0.000000000000000000e+00 0.000000000000000000e+00 0.000000000000000000e+00 0.000000000000000000e+00 0.000000000000000000e+00 2.349999999999997158e+01 5.078571428571426338e+01 1.299999999999997335e+01 0.000000000000000000e+00 0.000000000000000000e+00 0.000000000000000000e+00 0.000000000000000000e+00 1.694444444444442510e+01 8.249999999999989342e+00
0.000000000000000000e+00 0.000000000000000000e+00 0.000000000000000000e+00 1.258722014925372257e+01 9.779748614901174975e+00 1.414602056888723602e+01 9.249661475964789048e+00 1.341164604626142776e+01 3.069736842105262298e+01 1.737736468733577766e+01 4.371527777777776436e+01 2.310951834862384402e+01 5.402941176470586271e+01 6.483333333333327175e+01 2.111999999999998678e+01 2.249534450651768225e+01 3.514634146341462184e+01 5.341666666666663588e+01 7.282352941176468164e+01 2.949999999999995737e+01 9.425000000000000000e+01 0.000000000000000000e+00 3.616666666666666430e+01 3.299999999999998579e+01 4.024999999999996447e+01 4.459999999999998010e+01 4.399999999999997158e+01 6.459999999999996589e+01 6.012499999999997868e+01 5.687499999999997158e+01 9.275000000000000000e+01 7.681666666666663446e+01 7.593023255813950811e+01 8.729999999999998295e+01 9.349999999999998579e+01 0.000000000000000000e+00 8.583333333333335702e+01 1.854305442729487652e+01 1.915827403758437342e+01 3.255263157894735571e+01 0.000000000000000000e+00 4.172222222222219301e+01 3.950000000000000000e+01 2.175925925925925597e+01 1.533445945945945077e+01 4.287499999999999289e+01 0.000000000000000000e+00 5.399999999999994316e+01 4.449999999999995026e+01 0.000000000000000000e+00 4.469999999999996732e+01 4.949999999999994316e+01 5.299999999999997868e+01 0.000000000000000000e+00 4.649999999999995737e+01 6.499999999999995737e+01 0.000000000000000000e+00 4.933333333333329307e+01 3.242857142857142350e+01 5.099999999999996447e+01 0.000000000000000000e+00 7.399999999999992895e+01 0.000000000000000000e+00 0.000000000000000000e+00 0.000000000000000000e+00 0.000000000000000000e+00 0.000000000000000000e+00 0.000000000000000000e+00 0.000000000000000000e+00 0.000000000000000000e+00 0.000000000000000000e+00 0.000000000000000000e+00 0.000000000000000000e+00 0.000000000000000000e+00 0.000000000000000000e+00 0.000000000000000000e+00 0.000000000000000000e+00 0.000000000000000000e+00 0.000000000000000000e+00 0.000000000000000000e+00 3.478571428571425628e+01 4.833333333333330728e+01 0.000000000000000000e+00 0.000000000000000000e+00 0.000000000000000000e+00 0.000000000000000000e+00 0.000000000000000000e+00 2.574999999999996803e+01 0.000000000000000000e+00
0.000000000000000000e+00 0.000000000000000000e+00 0.000000000000000000e+00 3.090909090909089230e+01 2.862857142857141213e+01 9.249661475964789048e+00 7.772930194805192095e+00 7.796870158041522281e+00 2.268217054263564947e+01 1.202257425742573815e+01 4.399999999999997158e+01 3.242647058823528994e+01 4.600000000000002132e+01 0.000000000000000000e+00 4.322826086956519731e+01 4.083333333333332860e+01 0.000000000000000000e+00 8.200000000000000000e+01 0.000000000000000000e+00 0.000000000000000000e+00 0.000000000000000000e+00 0.000000000000000000e+00 0.000000000000000000e+00 0.000000000000000000e+00 0.000000000000000000e+00 7.150000000000002842e+01 0.000000000000000000e+00 9.599999999999998579e+01 5.312499999999998579e+01 5.349999999999997158e+01 8.474999999999997158e+01 7.122222222222222854e+01 7.158333333333330017e+01 7.724999999999994316e+01 8.375000000000000000e+01 0.000000000000000000e+00 8.216666666666661456e+01 3.078571428571427049e+01 2.539694656488548574e+01 2.599999999999997868e+01 0.000000000000000000e+00 0.000000000000000000e+00 0.000000000000000000e+00 6.849999999999994316e+01 2.649999999999999289e+01 0.000000000000000000e+00 0.000000000000000000e+00 0.000000000000000000e+00 0.000000000000000000e+00 0.000000000000000000e+00 0.000000000000000000e+00 0.000000000000000000e+00 0.000000000000000000e+00 0.000000000000000000e+00 0.000000000000000000e+00 0.000000000000000000e+00 0.000000000000000000e+00 0.000000000000000000e+00 3.650000000000000000e+01 0.000000000000000000e+00 0.000000000000000000e+00 0.000000000000000000e+00 0.000000000000000000e+00 0.000000000000000000e+00 0.000000000000000000e+00 0.000000000000000000e+00 0.000000000000000000e+00 0.000000000000000000e+00 0.000000000000000000e+00 0.000000000000000000e+00 0.000000000000000000e+00 0.000000000000000000e+00 0.000000000000000000e+00 0.000000000000000000e+00 0.000000000000000000e+00 0.000000000000000000e+00 0.000000000000000000e+00 0.000000000000000000e+00 0.000000000000000000e+00 0.000000000000000000e+00 0.000000000000000000e+00 0.000000000000000000e+00 0.000000000000000000e+00 0.000000000000000000e+00 0.000000000000000000e+00 0.000000000000000000e+00 0.000000000000000000e+00 0.000000000000000000e+00 0.000000000000000000e+00
0.000000000000000000e+00 0.000000000000000000e+00 0.000000000000000000e+00 2.978124999999998224e+01 2.643059936908516150e+01 1.341164604626142776e+01 7.796870158041522281e+00 8.399903579607087778e+00 9.725744618106750394e+00 2.049490538573507337e+01 3.213999999999998636e+01 2.495180217937970113e+01 4.043506493506492205e+01 6.666666666666665719e+01 3.789404641775982441e+01 2.008730158730158522e+01 3.249999999999999289e+01 6.239999999999996305e+01 6.682142857142855519e+01 0.000000000000000000e+00 7.380555555555552871e+01 7.099999999999997158e+01 1.199999999999999858e+02 3.649999999999996447e+01 5.949999999999996447e+01 7.187499999999995737e+01 4.099999999999998579e+01 5.885714285714282568e+01 4.507865168539323975e+01 4.033680555555552871e+01 7.632758620689654094e+01 6.441255605381164173e+01 6.114088397790052909e+01 6.626315789473682116e+01 7.661428571428571388e+01 7.818750000000000000e+01 7.562162162162161394e+01 2.296739130434781728e+01 2.494631578947366890e+01 3.238888888888886441e+01 0.000000000000000000e+00 0.000000000000000000e+00 5.674999999999997158e+01 2.799999999999998579e+01 3.017857142857141284e+01 0.000000000000000000e+00 0.000000000000000000e+00 0.000000000000000000e+00 0.000000000000000000e+00 0.000000000000000000e+00 0.000000000000000000e+00 5.349999999999997158e+01 4.749999999999996447e+01 0.000000000000000000e+00 3.424999999999998579e+01 0.000000000000000000e+00 0.000000000000000000e+00 0.000000000000000000e+00 2.200000000000001066e+01 0.000000000000000000e+00 0.000000000000000000e+00 0.000000000000000000e+00 0.000000000000000000e+00 0.000000000000000000e+00 0.000000000000000000e+00 0.000000000000000000e+00 0.000000000000000000e+00 0.000000000000000000e+00 0.000000000000000000e+00 0.000000000000000000e+00 0.000000000000000000e+00 0.000000000000000000e+00 0.000000000000000000e+00 0.000000000000000000e+00 0.000000000000000000e+00 0.000000000000000000e+00 0.000000000000000000e+00 0.000000000000000000e+00 0.000000000000000000e+00 0.000000000000000000e+00 4.499999999999998579e+01 4.724999999999995737e+01 0.000000000000000000e+00 0.000000000000000000e+00 0.000000000000000000e+00 0.000000000000000000e+00 0.000000000000000000e+00 0.000000000000000000e+00 0.000000000000000000e+00
0.000000000000000000e+00 0.000000000000000000e+00 0.000000000000000000e+00 4.100000000000001421e+01 4.155932203389829738e+01 3.069736842105262298e+01 2.268217054263564947e+01 9.725744618106750394e+00 1.221655288058450139e+01 1.958440170940170333e+01 2.579455445544554593e+01 3.031165158371040036e+01 8.365163368614815909e+00 0.000000000000000000e+00 2.149954212454211699e+01 3.213150074294205183e+01 2.681140350877192091e+01 3.999999999999999289e+01 5.754166666666665009e+01 0.000000000000000000e+00 6.316666666666665719e+01 5.500000000000000000e+01 6.850000000000001421e+01 0.000000000000000000e+00 6.483333333333332860e+01 4.809090909090907928e+01 3.099999999999998934e+01 4.543442622950819754e+01 2.601802884615383604e+01 2.701436781609194426e+01 5.057500000000000284e+01 5.301941747572815444e+01 5.268867924528301927e+01 5.593333333333332291e+01 6.416428571428571104e+01 6.159999999999998010e+01 6.155208333333333570e+01 2.109419889502762402e+01 1.505882352941176272e+01 2.472897196261682140e+01 0.000000000000000000e+00 4.058333333333331439e+01 6.059999999999998010e+01 5.250000000000000000e+01 3.964285714285713880e+01 3.009322033898305193e+01 0.000000000000000000e+00 4.400000000000000711e+01 5.366666666666662877e+01 0.000000000000000000e+00 0.000000000000000000e+00 4.937499999999996447e+01 5.109999999999994458e+01 0.000000000000000000e+00 4.835714285714282568e+01 0.000000000000000000e+00 0.000000000000000000e+00 0.000000000000000000e+00 3.399999999999998579e+01 3.574999999999997868e+01 3.949999999999992895e+01 7.249999999999998579e+01 0.000000000000000000e+00 0.000000000000000000e+00 0.000000000000000000e+00 0.000000000000000000e+00 0.000000000000000000e+00 0.000000000000000000e+00 0.000000000000000000e+00 0.000000000000000000e+00 0.000000000000000000e+00 0.000000000000000000e+00 0.000000000000000000e+00 0.000000000000000000e+00 0.000000000000000000e+00 0.000000000000000000e+00 0.000000000000000000e+00 0.000000000000000000e+00 0.000000000000000000e+00 0.000000000000000000e+00 3.983333333333329307e+01 5.558333333333331439e+01 0.000000000000000000e+00 0.000000000000000000e+00 4.375000000000001421e+01 0.000000000000000000e+00 0.000000000000000000e+00 4.450000000000000000e+01 0.000000000000000000e+00
0.000000000000000000e+00 0.000000000000000000e+00 0.000000000000000000e+00 1.026504065040649571e+01 2.052716522850750280e+01 1.737736468733577766e+01 1.202257425742573815e+01 2.049490538573507337e+01 1.958440170940170333e+01 1.334508348794063082e+01 1.499885057471263927e+01 1.425467653936086876e+01 5.069819819819817042e+01 5.272222222222220012e+01 3.406083086053411080e+01 2.369355313511921324e+01 2.264340712223290808e+01 4.694999999999996021e+01 6.591269841269838992e+01 9.099999999999998579e+01 7.992307692307690559e+01 0.000000000000000000e+00 9.199999999999998579e+01 4.749999999999996447e+01 7.124999999999994316e+01 6.658333333333330017e+01 0.000000000000000000e+00 7.737499999999998579e+01 5.479508196721310043e+01 5.508173076923074518e+01 7.731451612903225623e+01 6.681543624161072614e+01 6.338636363636361182e+01 6.620886075949367466e+01 7.721612903225805269e+01 6.869565217391304657e+01 7.991509433962262676e+01 2.133923908989182294e+01 2.755245346869710588e+01 4.169230769230767208e+01 0.000000000000000000e+00 4.466666666666663588e+01 6.416666666666664298e+01 4.935714285714283278e+01 3.368656716417908115e+01 4.201724137931032743e+01 0.000000000000000000e+00 5.149999999999995026e+01 5.233333333333329307e+01 0.000000000000000000e+00 0.000000000000000000e+00 4.349999999999996447e+01 5.374999999999996447e+01 5.499999999999998579e+01 4.596153846153843858e+01 6.599999999999994316e+01 0.000000000000000000e+00 6.000000000000000000e+01 3.479999999999998295e+01 3.129545454545451477e+01 0.000000000000000000e+00 0.000000000000000000e+00 0.000000000000000000e+00 0.000000000000000000e+00 0.000000000000000000e+00 0.000000000000000000e+00 0.000000000000000000e+00 0.000000000000000000e+00 0.000000000000000000e+00 0.000000000000000000e+00 0.000000000000000000e+00 0.000000000000000000e+00 0.000000000000000000e+00 0.000000000000000000e+00 0.000000000000000000e+00 6.100000000000000711e+01 0.000000000000000000e+00 0.000000000000000000e+00 0.000000000000000000e+00 8.949999999999997158e+01 4.104545454545450411e+01 5.034722222222220012e+01 0.000000000000000000e+00 0.000000000000000000e+00 3.449999999999996447e+01 0.000000000000000000e+00 0.000000000000000000e+00 3.933333333333328596e+01 0.000000000000000000e+00
0.000000000000000000e+00 0.000000000000000000e+00 0.000000000000000000e+00 4.724999999999998579e+01 4.754587155963301370e+01 4.371527777777776436e+01 4.399999999999997158e+01 3.213999999999998636e+01 2.579455445544554593e+01 1.499885057471263927e+01 1.259160832013083287e+01 2.243280691299165142e+01 1.156053425247737998e+01 3.920588235294117396e+01 2.794380952380952365e+01 3.894540727902945321e+01 2.236033057851238937e+01 2.434482758620688969e+01 4.744366197183098421e+01 0.000000000000000000e+00 6.125190839694656830e+01 6.106250000000000711e+01 8.387499999999997158e+01 7.569999999999998863e+01 7.333333333333330017e+01 6.565217391304348382e+01 5.900000000000002842e+01 4.437096774193549464e+01 3.407720588235294201e+01 3.784866828087167079e+01 5.585866666666666447e+01 4.861736842105263179e+01 4.329794721407624536e+01 4.913103448275862206e+01 5.757846952010375929e+01 5.551149425287356109e+01 5.823550724637681242e+01 2.047060085836909238e+01 2.229537275064267021e+01 2.749485596707818047e+01 0.000000000000000000e+00 2.693548387096774022e+01 5.476470588235293491e+01 3.283146067415729163e+01 4.787499999999997868e+01 3.463815789473684248e+01 0.000000000000000000e+00 0.000000000000000000e+00 6.399999999999997868e+01 0.000000000000000000e+00 6.649999999999988631e+01 4.649999999999990763e+01 5.969999999999995310e+01 5.007142857142854808e+01 4.874999999999996447e+01 7.249999999999997158e+01 7.149999999999991473e+01 0.000000000000000000e+00 3.499999999999997158e+01 3.502631578947367075e+01 2.799999999999998934e+01 0.000000000000000000e+00 0.000000000000000000e+00 0.000000000000000000e+00 0.000000000000000000e+00 0.000000000000000000e+00 0.000000000000000000e+00 0.000000000000000000e+00 0.000000000000000000e+00 0.000000000000000000e+00 0.000000000000000000e+00 7.299999999999997158e+01 0.000000000000000000e+00 0.000000000000000000e+00 0.000000000000000000e+00 7.050000000000002842e+01 0.000000000000000000e+00 0.000000000000000000e+00 0.000000000000000000e+00 0.000000000000000000e+00 4.014285714285711748e+01 4.856818181818179880e+01 0.000000000000000000e+00 0.000000000000000000e+00 5.549999999999998579e+01 6.599999999999997158e+01 4.949999999999993605e+01 0.000000000000000000e+00 0.000000000000000000e+00
0.000000000000000000e+00 0.000000000000000000e+00 0.000000000000000000e+00 7.999396863691190518e+00 1.803696763202725251e+01 2.310951834862384402e+01 3.242647058823528994e+01 2.495180217937970113e+01 3.031165158371040036e+01 1.425467653936086876e+01 2.243280691299165142e+01 1.518883981034971598e+01 2.072035010940918909e+01 1.463376862548132706e+01 3.896567164179103315e+01 2.309635832004252265e+01 1.772879464285713524e+01 2.272187981510015575e+01 3.924317102137766966e+01 0.000000000000000000e+00 8.313999999999998636e+01 6.850000000000000000e+01 0.000000000000000000e+00 0.000000000000000000e+00 0.000000000000000000e+00 6.729545454545453254e+01 5.316666666666665719e+01 5.435000000000000853e+01 3.337837837837837895e+01 4.440314136125654443e+01 6.745945945945945255e+01 4.473514851485148824e+01 4.419165417291354458e+01 6.117469879518072418e+01 7.742975206611569661e+01 7.496428571428570820e+01 7.437878787878786113e+01 2.346594005449590625e+01 3.085144248782314236e+01 3.247980997624703292e+01 0.000000000000000000e+00 3.282000000000000028e+01 5.883333333333332149e+01 4.047727272727271952e+01 4.458074534161489311e+01 4.123563218390804508e+01 0.000000000000000000e+00 6.749999999999997158e+01 5.044999999999994600e+01 0.000000000000000000e+00 0.000000000000000000e+00 4.649999999999997868e+01 5.170588235294115265e+01 4.832352941176468164e+01 1.072996515679441920e+01 4.239999999999996305e+01 1.000000000000000533e+01 4.800000000000000000e+01 3.549999999999998579e+01 2.857142857142855519e+01 2.310344827586206051e+01 5.742857142857140929e+01 0.000000000000000000e+00 0.000000000000000000e+00 0.000000000000000000e+00 0.000000000000000000e+00 0.000000000000000000e+00 0.000000000000000000e+00 0.000000000000000000e+00 0.000000000000000000e+00 0.000000000000000000e+00 0.000000000000000000e+00 7.100000000000001421e+01 7.799999999999995737e+01 9.024999999999994316e+01 6.487499999999997158e+01 0.000000000000000000e+00 0.000000000000000000e+00 7.449999999999998579e+01 0.000000000000000000e+00 3.952272727272725916e+01 5.035416666666662877e+01 0.000000000000000000e+00 0.000000000000000000e+00 4.199999999999998579e+01 0.000000000000000000e+00 0.000000000000000000e+00 4.949999999999997158e+01 6.675000000000000000e+01
0.000000000000000000e+00 0.000000000000000000e+00 0.000000000000000000e+00 6.399999999999995737e+01 5.424999999999996447e+01 5.402941176470586271e+01 4.600000000000002132e+01 4.043506493506492205e+01 8.365163368614815909e+00 5.069819819819817042e+01 1.156053425247737998e+01 2.072035010940918909e+01 1.343209408194233667e+01 8.751047068209015123e+00 2.450239520958083972e+01 5.332673267326730837e+01 4.304545454545453254e+01 2.089246467817896402e+01 3.867441860465116577e+01 5.449999999999997158e+01 5.830797101449275033e+01 6.592857142857141639e+01 7.224999999999998579e+01 6.140909090909088519e+01 4.884090909090907928e+01 2.262500000000000000e+01 3.790789473684211686e+01 4.094767441860464885e+01 1.884213396346450864e+01 2.680427882919948246e+01 4.570919324577861431e+01 3.231748616085965153e+01 3.572155361050328537e+01 4.393548387096774377e+01 5.502985074626865725e+01 5.004629629629629761e+01 5.685037878787878896e+01 2.274598163030998776e+01 2.340856960815547083e+01 2.815310233682514962e+01 0.000000000000000000e+00 2.581609195402298695e+01 4.107407407407407618e+01 3.649913793103448256e+01 6.311111111111108585e+01 3.475192307692307736e+01 0.000000000000000000e+00 0.000000000000000000e+00 0.000000000000000000e+00 0.000000000000000000e+00 0.000000000000000000e+00 0.000000000000000000e+00 5.774999999999995737e+01 5.924999999999995737e+01 5.762499999999998579e+01 5.124999999999996447e+01 0.000000000000000000e+00 0.000000000000000000e+00 0.000000000000000000e+00 4.814285714285712459e+01 3.296874999999999289e+01 4.999999999999995737e+01 0.000000000000000000e+00 0.000000000000000000e+00 0.000000000000000000e+00 0.000000000000000000e+00 0.000000000000000000e+00 0.000000000000000000e+00 0.000000000000000000e+00 0.000000000000000000e+00 0.000000000000000000e+00 0.000000000000000000e+00 0.000000000000000000e+00 0.000000000000000000e+00 0.000000000000000000e+00 0.000000000000000000e+00 0.000000000000000000e+00 0.000000000000000000e+00 0.000000000000000000e+00 0.000000000000000000e+00 3.849999999999997158e+01 4.634999999999998010e+01 6.149999999999997158e+01 0.000000000000000000e+00 3.787500000000000000e+01 0.000000000000000000e+00 5.899999999999998579e+01 0.000000000000000000e+00 0.000000000000000000e+00
0.000000000000000000e+00 0.000000000000000000e+00 0.000000000000000000e+00 0.000000000000000000e+00 6.249999999999997158e+01 6.483333333333327175e+01 0.000000000000000000e+00 6.666666666666665719e+01 0.000000000000000000e+00 5.272222222222220012e+01 3.920588235294117396e+01 1.463376862548132706e+01 8.751047068209015123e+00 8.512805672116913414e+00 3.266216216216216139e+01 5.161999999999998323e+01 4.171212121212118262e+01 1.069760479041916135e+01 2.950000000000000000e+01 0.000000000000000000e+00 0.000000000000000000e+00 0.000000000000000000e+00 0.000000000000000000e+00 0.000000000000000000e+00 0.000000000000000000e+00 5.333333333333332149e+01 0.000000000000000000e+00 6.749999999999998579e+01 1.080307456872565375e+01 3.204225352112676006e+01 6.099999999999997868e+01 1.601736111111111072e+01 1.372019867549668959e+01 0.000000000000000000e+00 6.750000000000000000e+01 0.000000000000000000e+00 0.000000000000000000e+00 3.225862068965516727e+01 3.643827160493827222e+01 3.285000000000000853e+01 0.000000000000000000e+00 3.333333333333331439e+01 0.000000000000000000e+00 4.787500000000000000e+01 7.499999999999998579e+01 3.733333333333334281e+01 0.000000000000000000e+00 0.000000000000000000e+00 0.000000000000000000e+00 0.000000000000000000e+00 0.000000000000000000e+00 0.000000000000000000e+00 0.000000000000000000e+00 0.000000000000000000e+00 0.000000000000000000e+00 0.000000000000000000e+00 0.000000000000000000e+00 0.000000000000000000e+00 0.000000000000000000e+00 0.000000000000000000e+00 0.000000000000000000e+00 0.000000000000000000e+00 0.000000000000000000e+00 0.000000000000000000e+00 0.000000000000000000e+00 0.000000000000000000e+00 0.000000000000000000e+00 0.000000000000000000e+00 0.000000000000000000e+00 0.000000000000000000e+00 0.000000000000000000e+00 0.000000000000000000e+00 0.000000000000000000e+00 0.000000000000000000e+00 0.000000000000000000e+00 0.000000000000000000e+00 0.000000000000000000e+00 0.000000000000000000e+00 0.000000000000000000e+00 0.000000000000000000e+00 0.000000000000000000e+00 0.000000000000000000e+00 6.450000000000004263e+01 0.000000000000000000e+00 0.000000000000000000e+00 0.000000000000000000e+00 0.000000000000000000e+00 6.499999999999991473e+01 0.000000000000000000e+00
0.000000000000000000e+00 0.000000000000000000e+00 0.000000000000000000e+00 4.416666666666662877e+01 2.944230769230767564e+01 2.111999999999998678e+01 4.322826086956519731e+01 3.789404641775982441e+01 2.149954212454211699e+01 3.406083086053411080e+01 2.794380952380952365e+01 3.896567164179103315e+01 2.450239520958083972e+01 3.266216216216216139e+01 1.338743551952836519e+01 3.866509433962263387e+01 4.196590909090907928e+01 2.332275132275132279e+01 2.445374015748031482e+01 1.947499999999999432e+01 3.229999999999999005e+01 3.508333333333332149e+01 2.118316831683168289e+01 1.922677595628414338e+01 2.113171577123049971e+01 2.318038353975229171e+01 2.439634146341462539e+01 2.780057251908396765e+01 2.424172413793104042e+01 2.521793416572076652e+01 4.428009259259257391e+01 3.603797709923663461e+01 3.429471316085489008e+01 4.744680851063829152e+01 4.706649616368286360e+01 4.602631578947367785e+01 4.404318181818180022e+01 2.583380281690140379e+01 9.031199919871793824e+00 1.867574257425742701e+01 0.000000000000000000e+00 2.346534653465345599e+01 1.422918318794607373e+01 1.278452380952381162e+01 4.179166666666665009e+01 2.112411347517729610e+01 0.000000000000000000e+00 0.000000000000000000e+00 5.199999999999997868e+01 0.000000000000000000e+00 0.000000000000000000e+00 5.249999999999992895e+01 4.549999999999998579e+01 4.999999999999999289e+01 4.716666666666662877e+01 7.600000000000000000e+01 0.000000000000000000e+00 0.000000000000000000e+00 4.150000000000002842e+01 3.419999999999997442e+01 2.774999999999997868e+01 4.662499999999997158e+01 0.000000000000000000e+00 0.000000000000000000e+00 0.000000000000000000e+00 0.000000000000000000e+00 0.000000000000000000e+00 0.000000000000000000e+00 0.000000000000000000e+00 0.000000000000000000e+00 0.000000000000000000e+00 0.000000000000000000e+00 5.574999999999997868e+01 0.000000000000000000e+00 0.000000000000000000e+00 3.724999999999997868e+01 0.000000000000000000e+00 0.000000000000000000e+00 0.000000000000000000e+00 0.000000000000000000e+00 4.099999999999993605e+01 5.549999999999997868e+01 0.000000000000000000e+00 0.000000000000000000e+00 4.499999999999997868e+01 0.000000000000000000e+00 0.000000000000000000e+00 0.000000000000000000e+00 0.000000000000000000e+00
0.000000000000000000e+00 0.000000000000000000e+00 0.000000000000000000e+00 2.463636363636362248e+01 1.396557377049179749e+01 2.249534450651768225e+01 4.083333333333332860e+01 2.008730158730158522e+01 3.213150074294205183e+01 2.369355313511921324e+01 3.894540727902945321e+01 2.309635832004252265e+01 5.332673267326730837e+01 5.161999999999998323e+01 3.866509433962263387e+01 7.416789706812905614e+00 1.175351837372947550e+01 3.802923627684962327e+01 5.442888086642597045e+01 0.000000000000000000e+00 8.987500000000000000e+01 9.849999999999998579e+01 0.000000000000000000e+00 0.000000000000000000e+00 1.220000000000000000e+02 7.150000000000002842e+01 0.000000000000000000e+00 0.000000000000000000e+00 6.312857142857141213e+01 7.232978723404252719e+01 9.112500000000000000e+01 7.396999999999998465e+01 6.175083612040131698e+01 7.611111111111110006e+01 8.947222222222220012e+01 7.650000000000001421e+01 9.300000000000000000e+01 1.472731481481480742e+01 2.485624698504581431e+01 4.375324675324673507e+01 0.000000000000000000e+00 5.344999999999996732e+01 7.916666666666662877e+01 4.541666666666665009e+01 7.920708955223873637e+00 4.613333333333331865e+01 0.000000000000000000e+00 3.775000000000002842e+01 2.724999999999997868e+01 3.250000000000000000e+01 2.149999999999996803e+01 3.299999999999995737e+01 3.704761904761902258e+01 4.899999999999996447e+01 3.354761904761901548e+01 5.474999999999998579e+01 6.049999999999995026e+01 0.000000000000000000e+00 1.661904761904761330e+01 2.493478260869564167e+01 3.319999999999997442e+01 5.085714285714283278e+01 0.000000000000000000e+00 0.000000000000000000e+00 8.099999999999997158e+01 0.000000000000000000e+00 0.000000000000000000e+00 0.000000000000000000e+00 0.000000000000000000e+00 0.000000000000000000e+00 0.000000000000000000e+00 0.000000000000000000e+00 0.000000000000000000e+00 0.000000000000000000e+00 9.799999999999994316e+01 5.499999999999997158e+01 0.000000000000000000e+00 0.000000000000000000e+00 0.000000000000000000e+00 0.000000000000000000e+00 2.159210526315787959e+01 3.373684210526313620e+01 0.000000000000000000e+00 0.000000000000000000e+00 0.000000000000000000e+00 7.349999999999997158e+01 0.000000000000000000e+00 1.699999999999998579e+01 3.450000000000001421e+01
0.000000000000000000e+00 0.000000000000000000e+00 0.000000000000000000e+00 0.000000000000000000e+00 2.991176470588234793e+01 3.514634146341462184e+01 0.000000000000000000e+00 3.249999999999999289e+01 2.681140350877192091e+01 2.264340712223290808e+01 2.236033057851238937e+01 1.772879464285713524e+01 4.304545454545453254e+01 4.171212121212118262e+01 4.196590909090907928e+01 1.175351837372947550e+01 8.438848920863303960e+00 1.632984901277583489e+01 3.668018018018016591e+01 0.000000000000000000e+00 8.574999999999994316e+01 6.299999999999995737e+01 0.000000000000000000e+00 0.000000000000000000e+00 0.000000000000000000e+00 7.550000000000001421e+01 0.000000000000000000e+00 0.000000000000000000e+00 4.942857142857140929e+01 5.633928571428570109e+01 7.856250000000000000e+01 6.227272727272725916e+01 5.080316742081448211e+01 6.481250000000000000e+01 7.753571428571429180e+01 7.399999999999998579e+01 7.399999999999998579e+01 1.910599999999999099e+01 2.834124087591239416e+01 3.477380952380952550e+01 0.000000000000000000e+00 3.335714285714284699e+01 0.000000000000000000e+00 4.674999999999998579e+01 3.191666666666666075e+01 3.568749999999999289e+01 4.150000000000000711e+01 3.387499999999998579e+01 2.858333333333331439e+01 0.000000000000000000e+00 0.000000000000000000e+00 2.784999999999997300e+01 3.235714285714282568e+01 3.260526315789471141e+01 2.939655172413790751e+01 4.133333333333327886e+01 4.049999999999993605e+01 3.349999999999998579e+01 1.829824561403508199e+01 1.235714285714284877e+01 1.561764705882352189e+01 4.143749999999998579e+01 0.000000000000000000e+00 0.000000000000000000e+00 0.000000000000000000e+00 0.000000000000000000e+00 0.000000000000000000e+00 0.000000000000000000e+00 0.000000000000000000e+00 0.000000000000000000e+00 9.099999999999994316e+01 0.000000000000000000e+00 6.449999999999997158e+01 6.274999999999994316e+01 6.299999999999997868e+01 5.074999999999998579e+01 0.000000000000000000e+00 0.000000000000000000e+00 0.000000000000000000e+00 0.000000000000000000e+00 1.881249999999997868e+01 3.090178571428569754e+01 3.949999999999998579e+01 0.000000000000000000e+00 4.324999999999997158e+01 0.000000000000000000e+00 3.700000000000002132e+01 2.750000000000000000e+01 0.000000000000000000e+00
