0.000000000000000000e+00 0.000000000000000000e+00 0.000000000000000000e+00 0.000000000000000000e+00 0.000000000000000000e+00 0.000000000000000000e+00 0.000000000000000000e+00 0.000000000000000000e+00 0.000000000000000000e+00 0.000000000000000000e+00 0.000000000000000000e+00 0.000000000000000000e+00 0.000000000000000000e+00 0.000000000000000000e+00 0.000000000000000000e+00 0.000000000000000000e+00 0.000000000000000000e+00 0.000000000000000000e+00 0.000000000000000000e+00 0.000000000000000000e+00 0.000000000000000000e+00 0.000000000000000000e+00 0.000000000000000000e+00 0.000000000000000000e+00 0.000000000000000000e+00 0.000000000000000000e+00 0.000000000000000000e+00 0.000000000000000000e+00 0.000000000000000000e+00 0.000000000000000000e+00 0.000000000000000000e+00 0.000000000000000000e+00 0.000000000000000000e+00 0.000000000000000000e+00 0.000000000000000000e+00 0.000000000000000000e+00 0.000000000000000000e+00 0.000000000000000000e+00 0.000000000000000000e+00 0.000000000000000000e+00 0.000000000000000000e+00 0.000000000000000000e+00 0.000000000000000000e+00 0.000000000000000000e+00 0.000000000000000000e+00 0.000000000000000000e+00 0.000000000000000000e+00 0.000000000000000000e+00 0.000000000000000000e+00 0.000000000000000000e+00 0.000000000000000000e+00 0.000000000000000000e+00 0.000000000000000000e+00 0.000000000000000000e+00 0.000000000000000000e+00 0.000000000000000000e+00 0.000000000000000000e+00 0.000000000000000000e+00 0.000000000000000000e+00 0.000000000000000000e+00 0.000000000000000000e+00 0.000000000000000000e+00 0.000000000000000000e+00 0.000000000000000000e+00 0.000000000000000000e+00 0.000000000000000000e+00 0.000000000000000000e+00 0.000000000000000000e+00 0.000000000000000000e+00 0.000000000000000000e+00 0.000000000000000000e+00 0.000000000000000000e+00 0.000000000000000000e+00 0.000000000000000000e+00 0.000000000000000000e+00 0.000000000000000000e+00 0.000000000000000000e+00 0.000000000000000000e+00 0.000000000000000000e+00 0.000000000000000000e+00 0.000000000000000000e+00 0.000000000000000000e+00 0.000000000000000000e+00 0.000000000000000000e+00 0.000000000000000000e+00 0.000000000000000000e+00 0.000000000000000000e+00 0.000000000000000000e+00 0.000000000000000000e+00
0.000000000000000000e+00 0.000000000000000000e+00 0.000000000000000000e+00 0.000000000000000000e+00 0.000000000000000000e+00 0.000000000000000000e+00 0.000000000000000000e+00 0.000000000000000000e+00 0.000000000000000000e+00 0.000000000000000000e+00 0.000000000000000000e+00 0.000000000000000000e+00 0.000000000000000000e+00 0.000000000000000000e+00 0.000000000000000000e+00 0.000000000000000000e+00 0.000000000000000000e+00 0.000000000000000000e+00 0.000000000000000000e+00 0.000000000000000000e+00 0.000000000000000000e+00 0.000000000000000000e+00 0.000000000000000000e+00 0.000000000000000000e+00 0.000000000000000000e+00 0.000000000000000000e+00 0.000000000000000000e+00 0.000000000000000000e+00 0.000000000000000000e+00 0.000000000000000000e+00 0.000000000000000000e+00 0.000000000000000000e+00 0.000000000000000000e+00 0.000000000000000000e+00 0.000000000000000000e+00 0.000000000000000000e+00 0.000000000000000000e+00 0.000000000000000000e+00 0.000000000000000000e+00 0.000000000000000000e+00 0.000000000000000000e+00 0.000000000000000000e+00 0.000000000000000000e+00 0.000000000000000000e+00 0.000000000000000000e+00 0.000000000000000000e+00 0.000000000000000000e+00 0.000000000000000000e+00 0.000000000000000000e+00 0.000000000000000000e+00 0.000000000000000000e+00 0.000000000000000000e+00 0.000000000000000000e+00 0.000000000000000000e+00 0.000000000000000000e+00 0.000000000000000000e+00 0.000000000000000000e+00 0.000000000000000000e+00 0.000000000000000000e+00 0.000000000000000000e+00 0.000000000000000000e+00 0.000000000000000000e+00 0.000000000000000000e+00 0.000000000000000000e+00 0.000000000000000000e+00 0.000000000000000000e+00 0.000000000000000000e+00 0.000000000000000000e+00 0.000000000000000000e+00 0.000000000000000000e+00 0.000000000000000000e+00 0.000000000000000000e+00 0.000000000000000000e+00 0.000000000000000000e+00 0.000000000000000000e+00 0.000000000000000000e+00 0.000000000000000000e+00 0.000000000000000000e+00 0.000000000000000000e+00 0.000000000000000000e+00 0.000000000000000000e+00 0.000000000000000000e+00 0.000000000000000000e+00 0.000000000000000000e+00 0.000000000000000000e+00 0.000000000000000000e+00 0.000000000000000000e+00 0.000000000000000000e+00 0.000000000000000000e+00
0.000000000000000000e+00 0.000000000000000000e+00 0.000000000000000000e+00 0.000000000000000000e+00 0.000000000000000000e+00 0.000000000000000000e+00 0.000000000000000000e+00 0.000000000000000000e+00 0.000000000000000000e+00 0.000000000000000000e+00 0.000000000000000000e+00 0.000000000000000000e+00 0.000000000000000000e+00 0.000000000000000000e+00 0.000000000000000000e+00 0.000000000000000000e+00 0.000000000000000000e+00 0.000000000000000000e+00 0.000000000000000000e+00 0.000000000000000000e+00 0.000000000000000000e+00 0.000000000000000000e+00 0.000000000000000000e+00 0.000000000000000000e+00 0.000000000000000000e+00 0.000000000000000000e+00 0.000000000000000000e+00 0.000000000000000000e+00 0.000000000000000000e+00 0.000000000000000000e+00 0.000000000000000000e+00 0.000000000000000000e+00 0.000000000000000000e+00 0.000000000000000000e+00 0.000000000000000000e+00 0.000000000000000000e+00 0.000000000000000000e+00 0.000000000000000000e+00 0.000000000000000000e+00 0.000000000000000000e+00 0.000000000000000000e+00 0.000000000000000000e+00 0.000000000000000000e+00 0.000000000000000000e+00 0.000000000000000000e+00 0.000000000000000000e+00 0.000000000000000000e+00 0.000000000000000000e+00 0.000000000000000000e+00 0.000000000000000000e+00 0.000000000000000000e+00 0.000000000000000000e+00 0.000000000000000000e+00 0.000000000000000000e+00 0.000000000000000000e+00 0.000000000000000000e+00 0.000000000000000000e+00 0.000000000000000000e+00 0.000000000000000000e+00 0.000000000000000000e+00 0.000000000000000000e+00 0.000000000000000000e+00 0.000000000000000000e+00 0.000000000000000000e+00 0.000000000000000000e+00 0.000000000000000000e+00 0.000000000000000000e+00 0.000000000000000000e+00 0.000000000000000000e+00 0.000000000000000000e+00 0.000000000000000000e+00 0.000000000000000000e+00 0.000000000000000000e+00 0.000000000000000000e+00 0.000000000000000000e+00 0.000000000000000000e+00 0.000000000000000000e+00 0.000000000000000000e+00 0.000000000000000000e+00 0.000000000000000000e+00 0.000000000000000000e+00 0.000000000000000000e+00 0.000000000000000000e+00 0.000000000000000000e+00 0.000000000000000000e+00 0.000000000000000000e+00 0.000000000000000000e+00 0.000000000000000000e+00 0.000000000000000000e+00
0.000000000000000000e+00 0.000000000000000000e+00 0.000000000000000000e+00 5.786885245901634001e+00 8.520795107033634963e+00 1.111276127612760867e+01 3.241666666666663588e+01 3.188095238095235828e+01 4.329999999999996874e+01 9.751879699248114264e+00 4.399999999999993605e+01 6.094176524112826954e+00 6.099999999999999289e+01 6.700000000000001421e+01 4.016666666666660745e+01 2.933333333333331439e+01 0.000000000000000000e+00 6.550000000000000000e+01 0.000000000000000000e+00 0.000000000000000000e+00 0.000000000000000000e+00 0.000000000000000000e+00 0.000000000000000000e+00 0.000000000000000000e+00 0.000000000000000000e+00 0.000000000000000000e+00 0.000000000000000000e+00 0.000000000000000000e+00 0.000000000000000000e+00 0.000000000000000000e+00 0.000000000000000000e+00 0.000000000000000000e+00 0.000000000000000000e+00 0.000000000000000000e+00 0.000000000000000000e+00 0.000000000000000000e+00 0.000000000000000000e+00 3.050877192982454389e+01 3.294573643410850394e+01 3.949999999999997868e+01 0.000000000000000000e+00 0.000000000000000000e+00 0.000000000000000000e+00 0.000000000000000000e+00 3.324999999999997868e+01 0.000000000000000000e+00 0.000000000000000000e+00 0.000000000000000000e+00 0.000000000000000000e+00 0.000000000000000000e+00 0.000000000000000000e+00 0.000000000000000000e+00 0.000000000000000000e+00 0.000000000000000000e+00 0.000000000000000000e+00 0.000000000000000000e+00 0.000000000000000000e+00 0.000000000000000000e+00 0.000000000000000000e+00 0.000000000000000000e+00 0.000000000000000000e+00 0.000000000000000000e+00 0.000000000000000000e+00 0.000000000000000000e+00 0.000000000000000000e+00 0.000000000000000000e+00 0.000000000000000000e+00 0.000000000000000000e+00 0.000000000000000000e+00 0.000000000000000000e+00 0.000000000000000000e+00 0.000000000000000000e+00 0.000000000000000000e+00 0.000000000000000000e+00 0.000000000000000000e+00 0.000000000000000000e+00 0.000000000000000000e+00 0.000000000000000000e+00 0.000000000000000000e+00 0.000000000000000000e+00 0.000000000000000000e+00 0.000000000000000000e+00 0.000000000000000000e+00 0.000000000000000000e+00 0.000000000000000000e+00 0.000000000000000000e+00 0.000000000000000000e+00 0.000000000000000000e+00 0.000000000000000000e+00
0.000000000000000000e+00 0.000000000000000000e+00 0.000000000000000000e+00 8.520795107033634963e+00 9.699547723019332324e+00 9.231177390527253834e+00 2.595714285714284131e+01 2.289461883408070619e+01 3.539473684210524596e+01 1.495380564863570427e+01 4.549999999999997158e+01 1.390941597139451069e+01 5.157142857142856229e+01 5.500000000000002132e+01 3.366233766233764158e+01 1.497938931297709075e+01 3.312499999999998579e+01 4.799999999999996447e+01 6.449999999999998579e+01 0.000000000000000000e+00 0.000000000000000000e+00 0.000000000000000000e+00 4.499999999999997158e+01 0.000000000000000000e+00 3.800000000000002842e+01 6.400000000000002842e+01 0.000000000000000000e+00 0.000000000000000000e+00 6.337500000000000000e+01 5.435714285714281857e+01 1.019999999999999716e+02 8.500000000000000000e+01 7.166666666666664298e+01 0.000000000000000000e+00 0.000000000000000000e+00 0.000000000000000000e+00 0.000000000000000000e+00 1.192555685814770783e+01 1.878603142076501697e+01 3.277272727272725916e+01 0.000000000000000000e+00 4.099999999999998579e+01 3.383333333333331439e+01 2.949999999999998934e+01 6.261664261664257936e+00 2.499999999999998934e+01 0.000000000000000000e+00 0.000000000000000000e+00 4.549999999999995026e+01 0.000000000000000000e+00 0.000000000000000000e+00 0.000000000000000000e+00 0.000000000000000000e+00 0.000000000000000000e+00 0.000000000000000000e+00 0.000000000000000000e+00 0.000000000000000000e+00 0.000000000000000000e+00 2.875000000000000000e+01 2.750000000000001421e+01 0.000000000000000000e+00 0.000000000000000000e+00 0.000000000000000000e+00 0.000000000000000000e+00 0.000000000000000000e+00 0.000000000000000000e+00 0.000000000000000000e+00 0.000000000000000000e+00 0.000000000000000000e+00 0.000000000000000000e+00 0.000000000000000000e+00 0.000000000000000000e+00 0.000000000000000000e+00 0.000000000000000000e+00 0.000000000000000000e+00 0.000000000000000000e+00 0.000000000000000000e+00 0.000000000000000000e+00 0.000000000000000000e+00 0.000000000000000000e+00 2.534615384615382538e+01 5.399999999999991473e+01 0.000000000000000000e+00 0.000000000000000000e+00 0.000000000000000000e+00 0.000000000000000000e+00 0.000000000000000000e+00 1.599999999999998579e+01 9.249999999999991118e+00
0.000000000000000000e+00 0.000000000000000000e+00 0.000000000000000000e+00 1.111276127612760867e+01 9.231177390527253834e+00 1.254913705583755679e+01 9.529060634621423276e+00 1.303157494293684593e+01 2.798394495412842886e+01 1.684969325153373632e+01 3.997058823529408755e+01 2.404128630705392666e+01 4.703124999999997868e+01 0.000000000000000000e+00 2.210344827586206051e+01 2.407563025210082941e+01 3.485483870967740927e+01 5.619999999999995310e+01 7.082142857142851256e+01 0.000000000000000000e+00 3.349999999999997158e+01 0.000000000000000000e+00 4.566666666666663588e+01 0.000000000000000000e+00 3.970000000000000284e+01 3.678571428571427049e+01 4.049999999999995737e+01 0.000000000000000000e+00 6.887499999999997158e+01 5.411111111111108585e+01 5.749999999999995737e+01 7.299999999999997158e+01 8.068750000000000000e+01 0.000000000000000000e+00 0.000000000000000000e+00 0.000000000000000000e+00 0.000000000000000000e+00 1.674698029243483077e+01 1.750481407702522318e+01 2.178651685393257509e+01 0.000000000000000000e+00 4.178571428571426338e+01 3.128571428571427404e+01 2.264285714285713524e+01 1.716150442477874805e+01 3.318181818181817277e+01 0.000000000000000000e+00 0.000000000000000000e+00 5.099999999999997868e+01 0.000000000000000000e+00 0.000000000000000000e+00 0.000000000000000000e+00 4.699999999999995026e+01 0.000000000000000000e+00 4.724999999999997158e+01 0.000000000000000000e+00 0.000000000000000000e+00 0.000000000000000000e+00 3.025000000000000711e+01 0.000000000000000000e+00 0.000000000000000000e+00 0.000000000000000000e+00 0.000000000000000000e+00 0.000000000000000000e+00 0.000000000000000000e+00 0.000000000000000000e+00 0.000000000000000000e+00 0.000000000000000000e+00 0.000000000000000000e+00 0.000000000000000000e+00 0.000000000000000000e+00 0.000000000000000000e+00 0.000000000000000000e+00 0.000000000000000000e+00 0.000000000000000000e+00 0.000000000000000000e+00 0.000000000000000000e+00 0.000000000000000000e+00 0.000000000000000000e+00 0.000000000000000000e+00 3.649999999999996447e+01 4.599999999999997158e+01 7.899999999999997158e+01 0.000000000000000000e+00 0.000000000000000000e+00 0.000000000000000000e+00 0.000000000000000000e+00 1.750000000000000000e+01 0.000000000000000000e+00
0.000000000000000000e+00 0.000000000000000000e+00 0.000000000000000000e+00 3.241666666666663588e+01 2.595714285714284131e+01 9.529060634621423276e+00 8.106507637581080061e+00 8.083109919571041857e+00 1.989090909090908355e+01 1.209311294765839762e+01 0.000000000000000000e+00 3.024264705882351478e+01 3.566666666666662877e+01 0.000000000000000000e+00 3.204999999999997584e+01 2.516666666666666075e+01 0.000000000000000000e+00 0.000000000000000000e+00 0.000000000000000000e+00 0.000000000000000000e+00 0.000000000000000000e+00 0.000000000000000000e+00 0.000000000000000000e+00 0.000000000000000000e+00 0.000000000000000000e+00 0.000000000000000000e+00 0.000000000000000000e+00 0.000000000000000000e+00 0.000000000000000000e+00 4.429999999999997584e+01 0.000000000000000000e+00 0.000000000000000000e+00 0.000000000000000000e+00 0.000000000000000000e+00 0.000000000000000000e+00 0.000000000000000000e+00 0.000000000000000000e+00 4.049999999999998579e+01 2.517142857142855306e+01 3.299999999999997158e+01 0.000000000000000000e+00 0.000000000000000000e+00 3.699999999999995026e+01 2.900000000000000355e+01 2.737499999999997158e+01 0.000000000000000000e+00 0.000000000000000000e+00 0.000000000000000000e+00 0.000000000000000000e+00 0.000000000000000000e+00 0.000000000000000000e+00 0.000000000000000000e+00 0.000000000000000000e+00 0.000000000000000000e+00 0.000000000000000000e+00 0.000000000000000000e+00 0.000000000000000000e+00 0.000000000000000000e+00 0.000000000000000000e+00 0.000000000000000000e+00 0.000000000000000000e+00 0.000000000000000000e+00 0.000000000000000000e+00 0.000000000000000000e+00 0.000000000000000000e+00 0.000000000000000000e+00 0.000000000000000000e+00 0.000000000000000000e+00 0.000000000000000000e+00 0.000000000000000000e+00 0.000000000000000000e+00 0.000000000000000000e+00 0.000000000000000000e+00 0.000000000000000000e+00 0.000000000000000000e+00 0.000000000000000000e+00 0.000000000000000000e+00 0.000000000000000000e+00 0.000000000000000000e+00 0.000000000000000000e+00 0.000000000000000000e+00 0.000000000000000000e+00 0.000000000000000000e+00 0.000000000000000000e+00 0.000000000000000000e+00 0.000000000000000000e+00 0.000000000000000000e+00 0.000000000000000000e+00 0.000000000000000000e+00
0.000000000000000000e+00 0.000000000000000000e+00 0.000000000000000000e+00 3.188095238095235828e+01 2.289461883408070619e+01 1.303157494293684593e+01 8.083109919571041857e+00 8.290416971470369489e+00 9.440657894736839140e+00 1.849510692279810442e+01 3.261999999999998323e+01 2.321273712737125905e+01 2.954807692307691269e+01 5.700000000000000000e+01 3.424857142857141667e+01 2.286781609195401188e+01 2.999999999999998224e+01 5.249999999999998579e+01 5.895833333333331439e+01 0.000000000000000000e+00 0.000000000000000000e+00 5.650000000000000000e+01 4.649999999999997868e+01 4.149999999999996447e+01 4.999999999999991473e+01 6.783333333333332860e+01 0.000000000000000000e+00 7.925000000000000000e+01 4.523943661971830466e+01 3.695320855614971123e+01 0.000000000000000000e+00 6.641447368421052033e+01 6.046721311475408811e+01 6.766666666666664298e+01 8.350000000000000000e+01 0.000000000000000000e+00 6.116666666666665009e+01 2.245890410958903161e+01 2.617076167076165305e+01 3.846874999999998579e+01 0.000000000000000000e+00 6.049999999999998579e+01 4.550000000000000711e+01 2.549999999999997158e+01 2.972222222222218591e+01 5.249999999999996447e+01 0.000000000000000000e+00 0.000000000000000000e+00 0.000000000000000000e+00 0.000000000000000000e+00 0.000000000000000000e+00 0.000000000000000000e+00 0.000000000000000000e+00 0.000000000000000000e+00 0.000000000000000000e+00 0.000000000000000000e+00 0.000000000000000000e+00 0.000000000000000000e+00 0.000000000000000000e+00 0.000000000000000000e+00 0.000000000000000000e+00 0.000000000000000000e+00 0.000000000000000000e+00 0.000000000000000000e+00 0.000000000000000000e+00 0.000000000000000000e+00 0.000000000000000000e+00 0.000000000000000000e+00 0.000000000000000000e+00 0.000000000000000000e+00 0.000000000000000000e+00 0.000000000000000000e+00 0.000000000000000000e+00 0.000000000000000000e+00 0.000000000000000000e+00 0.000000000000000000e+00 0.000000000000000000e+00 0.000000000000000000e+00 0.000000000000000000e+00 0.000000000000000000e+00 0.000000000000000000e+00 0.000000000000000000e+00 8.249999999999998579e+01 0.000000000000000000e+00 0.000000000000000000e+00 0.000000000000000000e+00 0.000000000000000000e+00 0.000000000000000000e+00 0.000000000000000000e+00
0.000000000000000000e+00 0.000000000000000000e+00 0.000000000000000000e+00 4.329999999999996874e+01 3.539473684210524596e+01 2.798394495412842886e+01 1.989090909090908355e+01 9.440657894736839140e+00 1.149126406764906960e+01 1.709263233190271336e+01 2.060014409221901843e+01 2.777862595419847480e+01 9.690361831572205986e+00 4.950000000000000711e+01 2.108340573414421470e+01 3.272268907563024243e+01 2.239935064935064801e+01 3.769230769230767919e+01 4.818023255813953654e+01 0.000000000000000000e+00 7.725000000000000000e+01 5.049999999999999289e+01 0.000000000000000000e+00 0.000000000000000000e+00 5.649999999999997158e+01 6.149999999999998579e+01 3.983333333333332149e+01 5.885714285714284699e+01 2.486534653465346167e+01 2.433930381885771155e+01 5.833333333333332149e+01 5.407926829268292579e+01 4.772192513368983668e+01 6.325000000000000000e+01 6.303703703703703809e+01 0.000000000000000000e+00 4.903658536585364658e+01 2.265252201761408557e+01 1.668299788135592721e+01 2.431250000000000000e+01 0.000000000000000000e+00 6.087500000000000000e+01 4.883333333333332149e+01 3.499999999999998579e+01 3.128571428571428115e+01 3.028000000000000114e+01 0.000000000000000000e+00 0.000000000000000000e+00 0.000000000000000000e+00 0.000000000000000000e+00 0.000000000000000000e+00 0.000000000000000000e+00 0.000000000000000000e+00 0.000000000000000000e+00 0.000000000000000000e+00 0.000000000000000000e+00 0.000000000000000000e+00 0.000000000000000000e+00 0.000000000000000000e+00 2.937499999999998934e+01 5.750000000000000711e+01 0.000000000000000000e+00 0.000000000000000000e+00 0.000000000000000000e+00 0.000000000000000000e+00 0.000000000000000000e+00 0.000000000000000000e+00 0.000000000000000000e+00 0.000000000000000000e+00 0.000000000000000000e+00 0.000000000000000000e+00 0.000000000000000000e+00 0.000000000000000000e+00 0.000000000000000000e+00 0.000000000000000000e+00 0.000000000000000000e+00 0.000000000000000000e+00 0.000000000000000000e+00 0.000000000000000000e+00 0.000000000000000000e+00 5.649999999999991473e+01 5.899999999999994316e+01 0.000000000000000000e+00 0.000000000000000000e+00 0.000000000000000000e+00 0.000000000000000000e+00 0.000000000000000000e+00 0.000000000000000000e+00 0.000000000000000000e+00
0.000000000000000000e+00 0.000000000000000000e+00 0.000000000000000000e+00 9.751879699248114264e+00 1.495380564863570427e+01 1.684969325153373632e+01 1.209311294765839762e+01 1.849510692279810442e+01 1.709263233190271336e+01 1.238410697817399253e+01 1.079227053140096615e+01 1.494566349559057983e+01 3.936089238845143257e+01 4.517857142857140929e+01 2.598865096359741855e+01 2.105322128851539176e+01 2.115564202334629229e+01 4.587313432835819782e+01 5.840547263681590096e+01 0.000000000000000000e+00 1.019999999999999858e+02 6.500000000000000000e+01 6.499999999999995737e+01 0.000000000000000000e+00 7.599999999999997158e+01 7.337500000000000000e+01 5.116666666666662877e+01 6.731249999999997158e+01 5.038175675675674370e+01 4.447376543209875166e+01 6.475000000000000000e+01 6.457204301075267949e+01 6.088431372549018761e+01 5.791666666666665719e+01 7.367857142857143060e+01 0.000000000000000000e+00 6.346666666666665435e+01 2.235749751737833790e+01 2.660157450076803087e+01 3.803763440860213763e+01 0.000000000000000000e+00 4.399999999999997158e+01 5.922222222222222143e+01 5.496428571428570820e+01 3.080672268907559896e+01 4.571428571428570109e+01 0.000000000000000000e+00 4.974999999999995737e+01 4.450000000000000711e+01 0.000000000000000000e+00 0.000000000000000000e+00 4.049999999999992895e+01 5.583333333333329307e+01 0.000000000000000000e+00 6.299999999999991473e+01 0.000000000000000000e+00 0.000000000000000000e+00 0.000000000000000000e+00 3.184615384615383604e+01 3.114285714285711393e+01 5.199999999999995737e+01 0.000000000000000000e+00 0.000000000000000000e+00 0.000000000000000000e+00 0.000000000000000000e+00 0.000000000000000000e+00 0.000000000000000000e+00 0.000000000000000000e+00 0.000000000000000000e+00 0.000000000000000000e+00 0.000000000000000000e+00 0.000000000000000000e+00 0.000000000000000000e+00 0.000000000000000000e+00 0.000000000000000000e+00 0.000000000000000000e+00 0.000000000000000000e+00 0.000000000000000000e+00 0.000000000000000000e+00 0.000000000000000000e+00 4.083333333333329307e+01 4.674999999999997868e+01 0.000000000000000000e+00 0.000000000000000000e+00 0.000000000000000000e+00 0.000000000000000000e+00 0.000000000000000000e+00 0.000000000000000000e+00 0.000000000000000000e+00
0.000000000000000000e+00 0.000000000000000000e+00 0.000000000000000000e+00 4.399999999999993605e+01 4.549999999999997158e+01 3.997058823529408755e+01 0.000000000000000000e+00 3.261999999999998323e+01 2.060014409221901843e+01 1.079227053140096615e+01 1.289562395781693560e+01 2.341990291262136026e+01 1.593155893536121681e+01 2.877314814814815591e+01 2.321887235708692288e+01 4.538888888888887152e+01 2.631666666666666288e+01 2.510479041916167731e+01 4.706081081081081408e+01 0.000000000000000000e+00 6.794736842105263008e+01 5.129999999999999716e+01 0.000000000000000000e+00 7.499999999999997158e+01 7.233333333333332860e+01 5.899484536082474051e+01 5.645000000000000284e+01 5.516428571428571104e+01 3.084038461538461462e+01 3.585047003525264131e+01 5.287735849056603854e+01 4.896822936846183438e+01 4.779897463572584826e+01 5.196031746031746223e+01 6.153004807692308020e+01 6.473333333333333428e+01 4.851578947368420813e+01 2.169464944649445926e+01 2.865818181818181642e+01 2.925646551724138078e+01 0.000000000000000000e+00 4.752857142857143202e+01 6.820588235294117396e+01 3.593055555555555003e+01 3.209999999999998721e+01 3.802314814814814525e+01 0.000000000000000000e+00 0.000000000000000000e+00 0.000000000000000000e+00 0.000000000000000000e+00 0.000000000000000000e+00 0.000000000000000000e+00 5.499999999999999289e+01 4.599999999999997158e+01 6.525000000000001421e+01 0.000000000000000000e+00 0.000000000000000000e+00 0.000000000000000000e+00 6.174999999999998579e+01 3.500000000000000711e+01 3.549999999999998579e+01 6.074999999999998579e+01 0.000000000000000000e+00 0.000000000000000000e+00 0.000000000000000000e+00 0.000000000000000000e+00 0.000000000000000000e+00 0.000000000000000000e+00 0.000000000000000000e+00 0.000000000000000000e+00 0.000000000000000000e+00 0.000000000000000000e+00 0.000000000000000000e+00 0.000000000000000000e+00 0.000000000000000000e+00 0.000000000000000000e+00 0.000000000000000000e+00 0.000000000000000000e+00 0.000000000000000000e+00 0.000000000000000000e+00 3.749999999999998579e+01 0.000000000000000000e+00 0.000000000000000000e+00 0.000000000000000000e+00 6.750000000000000000e+01 0.000000000000000000e+00 0.000000000000000000e+00 0.000000000000000000e+00 5.599999999999997868e+01
0.000000000000000000e+00 0.000000000000000000e+00 0.000000000000000000e+00 6.094176524112826954e+00 1.390941597139451069e+01 2.404128630705392666e+01 3.024264705882351478e+01 2.321273712737125905e+01 2.777862595419847480e+01 1.494566349559057983e+01 2.341990291262136026e+01 1.528798300727550341e+01 2.381430745814307315e+01 1.330750109665155811e+01 2.776033988533988506e+01 1.694275442477875160e+01 1.632261690647481345e+01 2.538024254674077440e+01 4.530970873786407083e+01 0.000000000000000000e+00 0.000000000000000000e+00 0.000000000000000000e+00 8.649999999999998579e+01 0.000000000000000000e+00 6.066666666666667851e+01 6.194736842105262298e+01 6.457142857142855519e+01 6.161764705882352899e+01 3.253036437246964141e+01 4.645119047619046881e+01 5.580952380952381020e+01 4.675173611111111427e+01 4.736266094420599870e+01 6.499999999999998579e+01 7.395000000000000284e+01 8.050000000000001421e+01 7.126315789473683537e+01 2.661009758167160300e+01 2.900403515064561333e+01 3.277086007702182258e+01 0.000000000000000000e+00 3.348275862068965125e+01 6.343749999999998579e+01 4.044520547945205635e+01 3.214705882352939170e+01 4.146651785714285410e+01 0.000000000000000000e+00 0.000000000000000000e+00 0.000000000000000000e+00 0.000000000000000000e+00 0.000000000000000000e+00 6.674999999999998579e+01 5.624999999999994316e+01 0.000000000000000000e+00 4.766272189349109567e+00 6.999999999999997158e+01 4.799999999999998579e+01 0.000000000000000000e+00 4.049999999999997868e+01 3.629411764705880472e+01 2.774999999999998934e+01 5.178571428571424207e+01 0.000000000000000000e+00 0.000000000000000000e+00 0.000000000000000000e+00 0.000000000000000000e+00 0.000000000000000000e+00 0.000000000000000000e+00 0.000000000000000000e+00 0.000000000000000000e+00 0.000000000000000000e+00 0.000000000000000000e+00 6.399999999999997158e+01 0.000000000000000000e+00 0.000000000000000000e+00 6.862499999999998579e+01 0.000000000000000000e+00 0.000000000000000000e+00 0.000000000000000000e+00 0.000000000000000000e+00 4.059999999999998010e+01 5.449999999999999289e+01 0.000000000000000000e+00 0.000000000000000000e+00 3.099999999999996092e+01 0.000000000000000000e+00 0.000000000000000000e+00 4.950000000000002132e+01 0.000000000000000000e+00
0.000000000000000000e+00 0.000000000000000000e+00 0.000000000000000000e+00 6.099999999999999289e+01 5.157142857142856229e+01 4.703124999999997868e+01 3.566666666666662877e+01 2.954807692307691269e+01 9.690361831572205986e+00 3.936089238845143257e+01 1.593155893536121681e+01 2.381430745814307315e+01 1.372076577047808321e+01 8.536285585178490010e+00 2.461648177496038414e+01 5.121052631578945835e+01 3.620212765957445811e+01 2.231292906178489588e+01 3.573229706390328886e+01 2.950000000000000355e+01 6.727777777777777146e+01 4.612499999999999289e+01 8.279999999999999716e+01 8.249999999999995737e+01 5.457407407407408328e+01 2.485537190082644798e+01 4.332692307692308020e+01 4.777830188679245538e+01 2.021128363003613870e+01 2.758729595457771566e+01 4.612295081967213406e+01 3.396943947525343077e+01 3.821554404145077655e+01 4.751388888888889994e+01 5.924714828897338492e+01 6.900000000000000000e+01 4.681972789115646094e+01 2.574322580645161196e+01 2.727006039689388217e+01 2.991600831600831611e+01 0.000000000000000000e+00 2.887375415282392055e+01 5.370833333333333570e+01 3.747647058823529420e+01 3.900000000000000711e+01 3.955232558139535115e+01 0.000000000000000000e+00 0.000000000000000000e+00 0.000000000000000000e+00 0.000000000000000000e+00 0.000000000000000000e+00 0.000000000000000000e+00 0.000000000000000000e+00 0.000000000000000000e+00 6.750000000000000000e+01 6.550000000000000000e+01 0.000000000000000000e+00 0.000000000000000000e+00 0.000000000000000000e+00 0.000000000000000000e+00 4.033333333333331439e+01 4.683333333333332149e+01 0.000000000000000000e+00 0.000000000000000000e+00 0.000000000000000000e+00 0.000000000000000000e+00 0.000000000000000000e+00 0.000000000000000000e+00 0.000000000000000000e+00 0.000000000000000000e+00 0.000000000000000000e+00 0.000000000000000000e+00 0.000000000000000000e+00 0.000000000000000000e+00 0.000000000000000000e+00 0.000000000000000000e+00 0.000000000000000000e+00 0.000000000000000000e+00 0.000000000000000000e+00 0.000000000000000000e+00 3.949999999999998579e+01 0.000000000000000000e+00 0.000000000000000000e+00 0.000000000000000000e+00 0.000000000000000000e+00 0.000000000000000000e+00 0.000000000000000000e+00 0.000000000000000000e+00 0.000000000000000000e+00
0.000000000000000000e+00 0.000000000000000000e+00 0.000000000000000000e+00 6.700000000000001421e+01 5.500000000000002132e+01 0.000000000000000000e+00 0.000000000000000000e+00 5.700000000000000000e+01 4.950000000000000711e+01 4.517857142857140929e+01 2.877314814814815591e+01 1.330750109665155811e+01 8.536285585178490010e+00 9.939050701186621595e+00 3.163698630136986267e+01 4.999999999999998579e+01 3.018181818181817277e+01 9.847926267281103208e+00 2.851612903225806406e+01 0.000000000000000000e+00 0.000000000000000000e+00 0.000000000000000000e+00 0.000000000000000000e+00 0.000000000000000000e+00 5.633333333333333570e+01 4.462500000000000000e+01 3.349999999999998579e+01 3.824999999999998579e+01 1.059148700939745780e+01 3.378813559322034621e+01 3.362500000000000000e+01 1.236032196969696884e+01 1.612566844919786035e+01 0.000000000000000000e+00 7.800000000000000000e+01 0.000000000000000000e+00 0.000000000000000000e+00 2.875675675675675791e+01 3.042222222222222072e+01 2.869366197183098421e+01 0.000000000000000000e+00 2.406249999999999289e+01 0.000000000000000000e+00 4.543750000000000000e+01 0.000000000000000000e+00 4.178571428571427049e+01 0.000000000000000000e+00 0.000000000000000000e+00 0.000000000000000000e+00 0.000000000000000000e+00 0.000000000000000000e+00 0.000000000000000000e+00 0.000000000000000000e+00 0.000000000000000000e+00 0.000000000000000000e+00 0.000000000000000000e+00 0.000000000000000000e+00 0.000000000000000000e+00 0.000000000000000000e+00 0.000000000000000000e+00 0.000000000000000000e+00 0.000000000000000000e+00 0.000000000000000000e+00 0.000000000000000000e+00 0.000000000000000000e+00 0.000000000000000000e+00 0.000000000000000000e+00 0.000000000000000000e+00 0.000000000000000000e+00 0.000000000000000000e+00 0.000000000000000000e+00 0.000000000000000000e+00 0.000000000000000000e+00 0.000000000000000000e+00 0.000000000000000000e+00 0.000000000000000000e+00 0.000000000000000000e+00 0.000000000000000000e+00 0.000000000000000000e+00 0.000000000000000000e+00 0.000000000000000000e+00 0.000000000000000000e+00 0.000000000000000000e+00 0.000000000000000000e+00 0.000000000000000000e+00 0.000000000000000000e+00 0.000000000000000000e+00 0.000000000000000000e+00 0.000000000000000000e+00
0.000000000000000000e+00 0.000000000000000000e+00 0.000000000000000000e+00 4.016666666666660745e+01 3.366233766233764158e+01 2.210344827586206051e+01 3.204999999999997584e+01 3.424857142857141667e+01 2.108340573414421470e+01 2.598865096359741855e+01 2.321887235708692288e+01 2.776033988533988506e+01 2.461648177496038414e+01 3.163698630136986267e+01 1.043063725490195637e+01 3.111336032388662431e+01 2.133136792452829411e+01 2.402717391304347672e+01 3.104391100702575201e+01 1.370769230769230340e+01 2.378780487804878163e+01 2.873529411764705088e+01 2.497285714285714420e+01 1.267944785276073105e+01 2.487353515624999289e+01 1.928068739770867523e+01 1.323357664233576259e+01 2.668576826196472496e+01 2.245463401057612529e+01 2.623796033994334209e+01 4.042923433874710071e+01 3.233568212957524679e+01 3.466898395721924686e+01 5.023333333333333428e+01 4.641428571428570393e+01 5.637500000000000000e+01 3.550515463917525949e+01 2.287580993520517936e+01 9.259196594258265023e+00 2.321629213483145904e+01 0.000000000000000000e+00 2.281977252843394055e+01 1.513324538258575203e+01 1.173857868020304807e+01 3.618181818181817277e+01 2.165757575757575282e+01 0.000000000000000000e+00 0.000000000000000000e+00 5.799999999999995026e+01 0.000000000000000000e+00 0.000000000000000000e+00 8.166666666666667140e+01 5.209999999999995168e+01 4.833333333333330728e+01 3.799999999999997158e+01 7.183333333333330017e+01 0.000000000000000000e+00 6.474999999999998579e+01 3.949999999999997158e+01 2.645833333333332860e+01 3.764999999999999147e+01 4.109999999999998010e+01 0.000000000000000000e+00 0.000000000000000000e+00 0.000000000000000000e+00 0.000000000000000000e+00 0.000000000000000000e+00 0.000000000000000000e+00 6.099999999999995737e+01 0.000000000000000000e+00 0.000000000000000000e+00 0.000000000000000000e+00 6.278571428571427759e+01 7.149999999999995737e+01 7.049999999999995737e+01 4.574999999999998579e+01 0.000000000000000000e+00 0.000000000000000000e+00 0.000000000000000000e+00 0.000000000000000000e+00 3.549999999999995737e+01 4.906249999999998579e+01 4.687500000000002132e+01 0.000000000000000000e+00 3.942857142857140929e+01 3.718749999999997158e+01 0.000000000000000000e+00 0.000000000000000000e+00 0.000000000000000000e+00
0.000000000000000000e+00 0.000000000000000000e+00 0.000000000000000000e+00 2.933333333333331439e+01 1.497938931297709075e+01 2.407563025210082941e+01 2.516666666666666075e+01 2.286781609195401188e+01 3.272268907563024243e+01 2.105322128851539176e+01 4.538888888888887152e+01 1.694275442477875160e+01 5.121052631578945835e+01 4.999999999999998579e+01 3.111336032388662431e+01 6.935316655397788743e+00 9.168535620052766788e+00 3.834472696957061544e+01 5.135760257441669552e+01 0.000000000000000000e+00 0.000000000000000000e+00 0.000000000000000000e+00 0.000000000000000000e+00 0.000000000000000000e+00 0.000000000000000000e+00 7.949999999999997158e+01 0.000000000000000000e+00 7.700000000000000000e+01 6.857692307692305178e+01 6.471428571428567977e+01 7.350000000000000000e+01 6.808163265306119172e+01 5.505357142857138797e+01 0.000000000000000000e+00 0.000000000000000000e+00 0.000000000000000000e+00 0.000000000000000000e+00 1.404854014598539003e+01 2.338634447878616029e+01 4.034883720930231732e+01 0.000000000000000000e+00 5.624999999999996447e+01 6.724999999999997158e+01 6.337499999999997158e+01 8.996296296296289796e+00 4.579411764705880472e+01 0.000000000000000000e+00 0.000000000000000000e+00 2.574999999999998934e+01 0.000000000000000000e+00 3.149999999999998224e+01 0.000000000000000000e+00 3.286363636363632423e+01 5.862499999999994316e+01 3.512499999999998579e+01 6.749999999999997158e+01 0.000000000000000000e+00 0.000000000000000000e+00 1.540909090909090651e+01 1.958064516129032029e+01 3.586956521739127624e+01 4.991666666666665009e+01 0.000000000000000000e+00 0.000000000000000000e+00 0.000000000000000000e+00 0.000000000000000000e+00 0.000000000000000000e+00 0.000000000000000000e+00 0.000000000000000000e+00 0.000000000000000000e+00 0.000000000000000000e+00 6.300000000000003553e+01 7.699999999999991473e+01 0.000000000000000000e+00 0.000000000000000000e+00 5.899999999999997868e+01 0.000000000000000000e+00 0.000000000000000000e+00 0.000000000000000000e+00 0.000000000000000000e+00 2.171428571428567622e+01 3.797222222222220012e+01 0.000000000000000000e+00 0.000000000000000000e+00 4.299999999999996447e+01 0.000000000000000000e+00 7.099999999999991473e+01 3.200000000000000711e+01 0.000000000000000000e+00
0.000000000000000000e+00 0.000000000000000000e+00 0.000000000000000000e+00 0.000000000000000000e+00 3.312499999999998579e+01 3.485483870967740927e+01 0.000000000000000000e+00 2.999999999999998224e+01 2.239935064935064801e+01 2.115564202334629229e+01 2.631666666666666288e+01 1.632261690647481345e+01 3.620212765957445811e+01 3.018181818181817277e+01 2.133136792452829411e+01 9.168535620052766788e+00 8.139172749391720529e+00 2.374471515585809556e+01 3.946740638002772528e+01 0.000000000000000000e+00 0.000000000000000000e+00 0.000000000000000000e+00 0.000000000000000000e+00 0.000000000000000000e+00 0.000000000000000000e+00 4.649999999999998579e+01 0.000000000000000000e+00 0.000000000000000000e+00 4.920833333333333570e+01 5.408333333333332149e+01 0.000000000000000000e+00 5.732786885245899100e+01 3.927810650887571597e+01 6.149999999999996447e+01 0.000000000000000000e+00 0.000000000000000000e+00 0.000000000000000000e+00 1.723733333333332496e+01 2.328313671061761525e+01 2.833908045977010559e+01 0.000000000000000000e+00 4.679999999999999716e+01 0.000000000000000000e+00 3.677272727272726627e+01 3.149999999999997158e+01 3.583333333333333570e+01 0.000000000000000000e+00 0.000000000000000000e+00 0.000000000000000000e+00 0.000000000000000000e+00 2.724999999999997868e+01 3.149999999999995026e+01 3.530555555555551450e+01 3.016666666666664298e+01 3.445238095238092058e+01 4.949999999999996447e+01 3.049999999999995381e+01 0.000000000000000000e+00 1.624999999999999645e+01 1.067796610169491167e+01 2.197761194029849818e+01 3.888888888888886441e+01 0.000000000000000000e+00 0.000000000000000000e+00 0.000000000000000000e+00 0.000000000000000000e+00 0.000000000000000000e+00 0.000000000000000000e+00 0.000000000000000000e+00 0.000000000000000000e+00 0.000000000000000000e+00 0.000000000000000000e+00 5.099999999999995026e+01 0.000000000000000000e+00 0.000000000000000000e+00 3.869999999999998153e+01 0.000000000000000000e+00 0.000000000000000000e+00 0.000000000000000000e+00 0.000000000000000000e+00 1.834999999999998010e+01 3.009999999999997655e+01 4.262499999999995737e+01 0.000000000000000000e+00 3.999999999999997868e+01 0.000000000000000000e+00 0.000000000000000000e+00 0.000000000000000000e+00 0.000000000000000000e+00
