0.000000000000000000e+00 0.000000000000000000e+00 0.000000000000000000e+00 0.000000000000000000e+00 0.000000000000000000e+00 0.000000000000000000e+00 0.000000000000000000e+00 0.000000000000000000e+00 0.000000000000000000e+00 0.000000000000000000e+00 0.000000000000000000e+00 0.000000000000000000e+00 0.000000000000000000e+00 0.000000000000000000e+00 0.000000000000000000e+00 0.000000000000000000e+00 0.000000000000000000e+00 0.000000000000000000e+00 0.000000000000000000e+00 0.000000000000000000e+00 0.000000000000000000e+00 0.000000000000000000e+00 0.000000000000000000e+00 0.000000000000000000e+00 0.000000000000000000e+00 0.000000000000000000e+00 0.000000000000000000e+00 0.000000000000000000e+00 0.000000000000000000e+00 0.000000000000000000e+00 0.000000000000000000e+00 0.000000000000000000e+00 0.000000000000000000e+00 0.000000000000000000e+00 0.000000000000000000e+00 0.000000000000000000e+00 0.000000000000000000e+00 0.000000000000000000e+00 0.000000000000000000e+00 0.000000000000000000e+00 0.000000000000000000e+00 0.000000000000000000e+00 0.000000000000000000e+00 0.000000000000000000e+00 0.000000000000000000e+00 0.000000000000000000e+00 0.000000000000000000e+00 0.000000000000000000e+00 0.000000000000000000e+00 0.000000000000000000e+00 0.000000000000000000e+00 0.000000000000000000e+00 0.000000000000000000e+00 0.000000000000000000e+00 0.000000000000000000e+00 0.000000000000000000e+00 0.000000000000000000e+00 0.000000000000000000e+00 0.000000000000000000e+00 0.000000000000000000e+00 0.000000000000000000e+00 0.000000000000000000e+00 0.000000000000000000e+00 0.000000000000000000e+00 0.000000000000000000e+00 0.000000000000000000e+00 0.000000000000000000e+00 0.000000000000000000e+00 0.000000000000000000e+00 0.000000000000000000e+00 0.000000000000000000e+00 0.000000000000000000e+00 0.000000000000000000e+00 0.000000000000000000e+00 0.000000000000000000e+00 0.000000000000000000e+00 0.000000000000000000e+00 0.000000000000000000e+00 0.000000000000000000e+00 0.000000000000000000e+00 0.000000000000000000e+00 0.000000000000000000e+00 0.000000000000000000e+00 0.000000000000000000e+00 0.000000000000000000e+00 0.000000000000000000e+00 0.000000000000000000e+00 0.000000000000000000e+00 0.000000000000000000e+00
0.000000000000000000e+00 0.000000000000000000e+00 0.000000000000000000e+00 0.000000000000000000e+00 0.000000000000000000e+00 0.000000000000000000e+00 0.000000000000000000e+00 0.000000000000000000e+00 0.000000000000000000e+00 0.000000000000000000e+00 0.000000000000000000e+00 0.000000000000000000e+00 0.000000000000000000e+00 0.000000000000000000e+00 0.000000000000000000e+00 0.000000000000000000e+00 0.000000000000000000e+00 0.000000000000000000e+00 0.000000000000000000e+00 0.000000000000000000e+00 0.000000000000000000e+00 0.000000000000000000e+00 0.000000000000000000e+00 0.000000000000000000e+00 0.000000000000000000e+00 0.000000000000000000e+00 0.000000000000000000e+00 0.000000000000000000e+00 0.000000000000000000e+00 0.000000000000000000e+00 0.000000000000000000e+00 0.000000000000000000e+00 0.000000000000000000e+00 0.000000000000000000e+00 0.000000000000000000e+00 0.000000000000000000e+00 0.000000000000000000e+00 0.000000000000000000e+00 0.000000000000000000e+00 0.000000000000000000e+00 0.000000000000000000e+00 0.000000000000000000e+00 0.000000000000000000e+00 0.000000000000000000e+00 0.000000000000000000e+00 0.000000000000000000e+00 0.000000000000000000e+00 0.000000000000000000e+00 0.000000000000000000e+00 0.000000000000000000e+00 0.000000000000000000e+00 0.000000000000000000e+00 0.000000000000000000e+00 0.000000000000000000e+00 0.000000000000000000e+00 0.000000000000000000e+00 0.000000000000000000e+00 0.000000000000000000e+00 0.000000000000000000e+00 0.000000000000000000e+00 0.000000000000000000e+00 0.000000000000000000e+00 0.000000000000000000e+00 0.000000000000000000e+00 0.000000000000000000e+00 0.000000000000000000e+00 0.000000000000000000e+00 0.000000000000000000e+00 0.000000000000000000e+00 0.000000000000000000e+00 0.000000000000000000e+00 0.000000000000000000e+00 0.000000000000000000e+00 0.000000000000000000e+00 0.000000000000000000e+00 0.000000000000000000e+00 0.000000000000000000e+00 0.000000000000000000e+00 0.000000000000000000e+00 0.000000000000000000e+00 0.000000000000000000e+00 0.000000000000000000e+00 0.000000000000000000e+00 0.000000000000000000e+00 0.000000000000000000e+00 0.000000000000000000e+00 0.000000000000000000e+00 0.000000000000000000e+00 0.000000000000000000e+00
0.000000000000000000e+00 0.000000000000000000e+00 0.000000000000000000e+00 0.000000000000000000e+00 0.000000000000000000e+00 0.000000000000000000e+00 0.000000000000000000e+00 0.000000000000000000e+00 0.000000000000000000e+00 0.000000000000000000e+00 0.000000000000000000e+00 0.000000000000000000e+00 0.000000000000000000e+00 0.000000000000000000e+00 0.000000000000000000e+00 0.000000000000000000e+00 0.000000000000000000e+00 0.000000000000000000e+00 0.000000000000000000e+00 0.000000000000000000e+00 0.000000000000000000e+00 0.000000000000000000e+00 0.000000000000000000e+00 0.000000000000000000e+00 0.000000000000000000e+00 0.000000000000000000e+00 0.000000000000000000e+00 0.000000000000000000e+00 0.000000000000000000e+00 0.000000000000000000e+00 0.000000000000000000e+00 0.000000000000000000e+00 0.000000000000000000e+00 0.000000000000000000e+00 0.000000000000000000e+00 0.000000000000000000e+00 0.000000000000000000e+00 0.000000000000000000e+00 0.000000000000000000e+00 0.000000000000000000e+00 0.000000000000000000e+00 0.000000000000000000e+00 0.000000000000000000e+00 0.000000000000000000e+00 0.000000000000000000e+00 0.000000000000000000e+00 0.000000000000000000e+00 0.000000000000000000e+00 0.000000000000000000e+00 0.000000000000000000e+00 0.000000000000000000e+00 0.000000000000000000e+00 0.000000000000000000e+00 0.000000000000000000e+00 0.000000000000000000e+00 0.000000000000000000e+00 0.000000000000000000e+00 0.000000000000000000e+00 0.000000000000000000e+00 0.000000000000000000e+00 0.000000000000000000e+00 0.000000000000000000e+00 0.000000000000000000e+00 0.000000000000000000e+00 0.000000000000000000e+00 0.000000000000000000e+00 0.000000000000000000e+00 0.000000000000000000e+00 0.000000000000000000e+00 0.000000000000000000e+00 0.000000000000000000e+00 0.000000000000000000e+00 0.000000000000000000e+00 0.000000000000000000e+00 0.000000000000000000e+00 0.000000000000000000e+00 0.000000000000000000e+00 0.000000000000000000e+00 0.000000000000000000e+00 0.000000000000000000e+00 0.000000000000000000e+00 0.000000000000000000e+00 0.000000000000000000e+00 0.000000000000000000e+00 0.000000000000000000e+00 0.000000000000000000e+00 0.000000000000000000e+00 0.000000000000000000e+00 0.000000000000000000e+00
0.000000000000000000e+00 0.000000000000000000e+00 0.000000000000000000e+00 5.069131832797424408e+00 8.095353047676519864e+00 9.963752665245198870e+00 3.200000000000000000e+01 3.103571428571427759e+01 3.749999999999997158e+01 9.479166666666657193e+00 4.374999999999995737e+01 6.020467836257309635e+00 0.000000000000000000e+00 0.000000000000000000e+00 3.487499999999998579e+01 2.983333333333331794e+01 3.099999999999995026e+01 5.999999999999990763e+01 0.000000000000000000e+00 0.000000000000000000e+00 0.000000000000000000e+00 0.000000000000000000e+00 0.000000000000000000e+00 0.000000000000000000e+00 0.000000000000000000e+00 0.000000000000000000e+00 0.000000000000000000e+00 0.000000000000000000e+00 0.000000000000000000e+00 0.000000000000000000e+00 0.000000000000000000e+00 8.274999999999997158e+01 8.799999999999998579e+01 0.000000000000000000e+00 0.000000000000000000e+00 0.000000000000000000e+00 0.000000000000000000e+00 2.786666666666665648e+01 3.260447761194028260e+01 0.000000000000000000e+00 0.000000000000000000e+00 0.000000000000000000e+00 0.000000000000000000e+00 4.749999999999994316e+01 3.166666666666665719e+01 0.000000000000000000e+00 0.000000000000000000e+00 0.000000000000000000e+00 0.000000000000000000e+00 0.000000000000000000e+00 0.000000000000000000e+00 0.000000000000000000e+00 0.000000000000000000e+00 0.000000000000000000e+00 0.000000000000000000e+00 0.000000000000000000e+00 0.000000000000000000e+00 0.000000000000000000e+00 0.000000000000000000e+00 0.000000000000000000e+00 0.000000000000000000e+00 0.000000000000000000e+00 0.000000000000000000e+00 0.000000000000000000e+00 0.000000000000000000e+00 0.000000000000000000e+00 0.000000000000000000e+00 0.000000000000000000e+00 0.000000000000000000e+00 0.000000000000000000e+00 0.000000000000000000e+00 0.000000000000000000e+00 0.000000000000000000e+00 0.000000000000000000e+00 0.000000000000000000e+00 0.000000000000000000e+00 0.000000000000000000e+00 0.000000000000000000e+00 0.000000000000000000e+00 0.000000000000000000e+00 0.000000000000000000e+00 0.000000000000000000e+00 0.000000000000000000e+00 0.000000000000000000e+00 0.000000000000000000e+00 0.000000000000000000e+00 0.000000000000000000e+00 0.000000000000000000e+00 0.000000000000000000e+00
0.000000000000000000e+00 0.000000000000000000e+00 0.000000000000000000e+00 8.095353047676519864e+00 9.891519130031159790e+00 1.112316359217938455e+01 2.542207792207791073e+01 2.338392857142856229e+01 3.918571428571426907e+01 1.816076058772687318e+01 4.235714285714284699e+01 1.775541711809317036e+01 5.605555555555553582e+01 6.791666666666664298e+01 3.256818181818179880e+01 1.462783661119515344e+01 3.086363636363636331e+01 5.649999999999998579e+01 6.147368421052627951e+01 0.000000000000000000e+00 0.000000000000000000e+00 9.999999999999995737e+01 0.000000000000000000e+00 0.000000000000000000e+00 0.000000000000000000e+00 9.250000000000001421e+01 0.000000000000000000e+00 0.000000000000000000e+00 7.512499999999994316e+01 0.000000000000000000e+00 0.000000000000000000e+00 8.374999999999994316e+01 6.690909090909089230e+01 0.000000000000000000e+00 0.000000000000000000e+00 0.000000000000000000e+00 0.000000000000000000e+00 1.148953771289537329e+01 1.830544959128064164e+01 2.261111111111109651e+01 0.000000000000000000e+00 0.000000000000000000e+00 0.000000000000000000e+00 0.000000000000000000e+00 6.322361546499475793e+00 1.078333333333332966e+01 0.000000000000000000e+00 4.699999999999997868e+01 0.000000000000000000e+00 0.000000000000000000e+00 0.000000000000000000e+00 6.400000000000004263e+01 4.399999999999997158e+01 0.000000000000000000e+00 5.533333333333326465e+01 0.000000000000000000e+00 0.000000000000000000e+00 0.000000000000000000e+00 3.237499999999997158e+01 0.000000000000000000e+00 0.000000000000000000e+00 6.299999999999991473e+01 0.000000000000000000e+00 0.000000000000000000e+00 0.000000000000000000e+00 0.000000000000000000e+00 0.000000000000000000e+00 0.000000000000000000e+00 0.000000000000000000e+00 0.000000000000000000e+00 0.000000000000000000e+00 0.000000000000000000e+00 0.000000000000000000e+00 0.000000000000000000e+00 0.000000000000000000e+00 0.000000000000000000e+00 0.000000000000000000e+00 0.000000000000000000e+00 0.000000000000000000e+00 0.000000000000000000e+00 3.012499999999999289e+01 4.388888888888886441e+01 1.599999999999997513e+01 0.000000000000000000e+00 0.000000000000000000e+00 0.000000000000000000e+00 0.000000000000000000e+00 1.249999999999999467e+01 1.249999999999998579e+01
0.000000000000000000e+00 0.000000000000000000e+00 0.000000000000000000e+00 9.963752665245198870e+00 1.112316359217938455e+01 1.361036741669039607e+01 9.799243447716829536e+00 1.374062897077509149e+01 3.103124999999999289e+01 1.698721475966983974e+01 4.093129770992364769e+01 2.237734693877550285e+01 5.125714285714284557e+01 6.794444444444441444e+01 2.214772727272726272e+01 2.266187050359710753e+01 3.582432432432430858e+01 6.038749999999997442e+01 6.557142857142852677e+01 2.399999999999995026e+01 0.000000000000000000e+00 0.000000000000000000e+00 0.000000000000000000e+00 0.000000000000000000e+00 4.999999999999996447e+01 5.364285714285712459e+01 4.812499999999996447e+01 0.000000000000000000e+00 6.259999999999998721e+01 5.002941176470584139e+01 9.049999999999995737e+01 8.161627906976741542e+01 7.281818181818181301e+01 0.000000000000000000e+00 0.000000000000000000e+00 0.000000000000000000e+00 0.000000000000000000e+00 1.833245192307691696e+01 1.810357685402567540e+01 2.037956204379560887e+01 0.000000000000000000e+00 4.318749999999997868e+01 4.549999999999993605e+01 2.171874999999998934e+01 1.898306233062329795e+01 3.073333333333332362e+01 0.000000000000000000e+00 0.000000000000000000e+00 4.249999999999993605e+01 0.000000000000000000e+00 0.000000000000000000e+00 0.000000000000000000e+00 5.659999999999993037e+01 0.000000000000000000e+00 5.187499999999996447e+01 0.000000000000000000e+00 0.000000000000000000e+00 0.000000000000000000e+00 3.327777777777775725e+01 3.587499999999998579e+01 0.000000000000000000e+00 0.000000000000000000e+00 0.000000000000000000e+00 0.000000000000000000e+00 0.000000000000000000e+00 0.000000000000000000e+00 0.000000000000000000e+00 0.000000000000000000e+00 0.000000000000000000e+00 0.000000000000000000e+00 0.000000000000000000e+00 0.000000000000000000e+00 0.000000000000000000e+00 0.000000000000000000e+00 0.000000000000000000e+00 0.000000000000000000e+00 0.000000000000000000e+00 0.000000000000000000e+00 0.000000000000000000e+00 1.029999999999999716e+02 4.016666666666663588e+01 4.880555555555553582e+01 0.000000000000000000e+00 0.000000000000000000e+00 0.000000000000000000e+00 0.000000000000000000e+00 0.000000000000000000e+00 0.000000000000000000e+00 0.000000000000000000e+00
0.000000000000000000e+00 0.000000000000000000e+00 0.000000000000000000e+00 3.200000000000000000e+01 2.542207792207791073e+01 9.799243447716829536e+00 7.847460937499997513e+00 7.111316113161129771e+00 2.186666666666665648e+01 1.338965782391387371e+01 4.799999999999999289e+01 3.030337078651684379e+01 3.649999999999999289e+01 0.000000000000000000e+00 3.767857142857140929e+01 2.677272727272727693e+01 0.000000000000000000e+00 0.000000000000000000e+00 0.000000000000000000e+00 0.000000000000000000e+00 0.000000000000000000e+00 0.000000000000000000e+00 0.000000000000000000e+00 0.000000000000000000e+00 0.000000000000000000e+00 0.000000000000000000e+00 0.000000000000000000e+00 0.000000000000000000e+00 0.000000000000000000e+00 4.466666666666663588e+01 0.000000000000000000e+00 0.000000000000000000e+00 9.699999999999994316e+01 0.000000000000000000e+00 0.000000000000000000e+00 0.000000000000000000e+00 0.000000000000000000e+00 3.095833333333331083e+01 2.349719101123594456e+01 2.633333333333329662e+01 0.000000000000000000e+00 0.000000000000000000e+00 0.000000000000000000e+00 0.000000000000000000e+00 2.949999999999998934e+01 3.399999999999997868e+01 0.000000000000000000e+00 0.000000000000000000e+00 0.000000000000000000e+00 0.000000000000000000e+00 0.000000000000000000e+00 0.000000000000000000e+00 0.000000000000000000e+00 0.000000000000000000e+00 0.000000000000000000e+00 0.000000000000000000e+00 0.000000000000000000e+00 0.000000000000000000e+00 0.000000000000000000e+00 0.000000000000000000e+00 0.000000000000000000e+00 0.000000000000000000e+00 0.000000000000000000e+00 0.000000000000000000e+00 0.000000000000000000e+00 0.000000000000000000e+00 0.000000000000000000e+00 0.000000000000000000e+00 0.000000000000000000e+00 0.000000000000000000e+00 0.000000000000000000e+00 0.000000000000000000e+00 0.000000000000000000e+00 0.000000000000000000e+00 0.000000000000000000e+00 0.000000000000000000e+00 0.000000000000000000e+00 0.000000000000000000e+00 0.000000000000000000e+00 0.000000000000000000e+00 0.000000000000000000e+00 0.000000000000000000e+00 0.000000000000000000e+00 0.000000000000000000e+00 0.000000000000000000e+00 0.000000000000000000e+00 0.000000000000000000e+00 0.000000000000000000e+00 0.000000000000000000e+00
0.000000000000000000e+00 0.000000000000000000e+00 0.000000000000000000e+00 3.103571428571427759e+01 2.338392857142856229e+01 1.374062897077509149e+01 7.111316113161129771e+00 9.090573233226075800e+00 1.035683541709366295e+01 1.884094890510948161e+01 3.255882352941176094e+01 2.299057829759583171e+01 2.992718446601940840e+01 0.000000000000000000e+00 3.556405228758168846e+01 1.830098684210525661e+01 2.154411764705881538e+01 5.144999999999998863e+01 6.104545454545450411e+01 0.000000000000000000e+00 7.800000000000000000e+01 0.000000000000000000e+00 0.000000000000000000e+00 0.000000000000000000e+00 0.000000000000000000e+00 5.379999999999997584e+01 3.983333333333330728e+01 6.300000000000002132e+01 4.709302325581393944e+01 3.875770925110130349e+01 6.211538461538460609e+01 6.698571428571428044e+01 6.148387096774192173e+01 7.416666666666664298e+01 6.999999999999998579e+01 0.000000000000000000e+00 0.000000000000000000e+00 2.616489361702126715e+01 2.273228346456691540e+01 3.256249999999997158e+01 0.000000000000000000e+00 0.000000000000000000e+00 1.119999999999999716e+02 3.699999999999996447e+01 3.221052631578946546e+01 4.349999999999996447e+01 0.000000000000000000e+00 0.000000000000000000e+00 0.000000000000000000e+00 0.000000000000000000e+00 3.649999999999993605e+01 0.000000000000000000e+00 4.049999999999992184e+01 0.000000000000000000e+00 6.024999999999992895e+01 0.000000000000000000e+00 0.000000000000000000e+00 0.000000000000000000e+00 4.199999999999995737e+01 3.449999999999994316e+01 0.000000000000000000e+00 6.249999999999995026e+01 0.000000000000000000e+00 0.000000000000000000e+00 0.000000000000000000e+00 0.000000000000000000e+00 0.000000000000000000e+00 0.000000000000000000e+00 0.000000000000000000e+00 0.000000000000000000e+00 0.000000000000000000e+00 0.000000000000000000e+00 0.000000000000000000e+00 0.000000000000000000e+00 0.000000000000000000e+00 0.000000000000000000e+00 0.000000000000000000e+00 0.000000000000000000e+00 0.000000000000000000e+00 0.000000000000000000e+00 0.000000000000000000e+00 4.349999999999995737e+01 0.000000000000000000e+00 0.000000000000000000e+00 0.000000000000000000e+00 0.000000000000000000e+00 0.000000000000000000e+00 0.000000000000000000e+00 0.000000000000000000e+00
0.000000000000000000e+00 0.000000000000000000e+00 0.000000000000000000e+00 3.749999999999997158e+01 3.918571428571426907e+01 3.103124999999999289e+01 2.186666666666665648e+01 1.035683541709366295e+01 1.166750235036038852e+01 2.184033092037227775e+01 2.993324250681198961e+01 3.222402770378262460e+01 1.160744985673352403e+01 5.139999999999999147e+01 2.401130279595478001e+01 3.500505902192242758e+01 2.754691358024690473e+01 5.059999999999998010e+01 5.548275862068965836e+01 0.000000000000000000e+00 7.849999999999998579e+01 4.800000000000000711e+01 7.900000000000002842e+01 9.049999999999997158e+01 0.000000000000000000e+00 6.612068965517241281e+01 3.449999999999997868e+01 4.520000000000000284e+01 2.042726480836237002e+01 2.762006079027354843e+01 5.074576271186440124e+01 5.542750929368029489e+01 5.193493150684931692e+01 5.745000000000000284e+01 6.567142857142857792e+01 6.649999999999998579e+01 7.125000000000000000e+01 2.230512820512820582e+01 1.929779630732578610e+01 2.898039215686274161e+01 0.000000000000000000e+00 0.000000000000000000e+00 8.875000000000001421e+01 4.379999999999999716e+01 4.449999999999999289e+01 3.630357142857143771e+01 0.000000000000000000e+00 5.299999999999997158e+01 0.000000000000000000e+00 0.000000000000000000e+00 4.916666666666663588e+01 0.000000000000000000e+00 5.216666666666665009e+01 5.174999999999998579e+01 4.718181818181815146e+01 0.000000000000000000e+00 6.749999999999997158e+01 0.000000000000000000e+00 0.000000000000000000e+00 3.022499999999998721e+01 0.000000000000000000e+00 0.000000000000000000e+00 0.000000000000000000e+00 0.000000000000000000e+00 0.000000000000000000e+00 0.000000000000000000e+00 0.000000000000000000e+00 0.000000000000000000e+00 0.000000000000000000e+00 0.000000000000000000e+00 0.000000000000000000e+00 0.000000000000000000e+00 0.000000000000000000e+00 0.000000000000000000e+00 0.000000000000000000e+00 0.000000000000000000e+00 0.000000000000000000e+00 0.000000000000000000e+00 0.000000000000000000e+00 0.000000000000000000e+00 4.049999999999997868e+01 5.449999999999998579e+01 0.000000000000000000e+00 0.000000000000000000e+00 0.000000000000000000e+00 0.000000000000000000e+00 0.000000000000000000e+00 0.000000000000000000e+00 0.000000000000000000e+00
0.000000000000000000e+00 0.000000000000000000e+00 0.000000000000000000e+00 9.479166666666657193e+00 1.816076058772687318e+01 1.698721475966983974e+01 1.338965782391387371e+01 1.884094890510948161e+01 2.184033092037227775e+01 1.407276417123429901e+01 1.859887491727332076e+01 1.591725148453766892e+01 4.319777777777775896e+01 4.614761904761903111e+01 3.590887432995829442e+01 2.552172601086299508e+01 2.180484037075178705e+01 4.522111553784858273e+01 5.553196347031961722e+01 0.000000000000000000e+00 9.259999999999998010e+01 7.199999999999995737e+01 1.129999999999999716e+02 1.154999999999999716e+02 8.324999999999997158e+01 7.679411764705881183e+01 4.724999999999997868e+01 7.774999999999998579e+01 5.317535971223018976e+01 4.435324483775809057e+01 6.751948051948049567e+01 6.334979137691235707e+01 6.092638888888886584e+01 6.562962962962961910e+01 7.238793103448276156e+01 7.183333333333331439e+01 7.991666666666665719e+01 2.331732840874113322e+01 2.521686127977578806e+01 3.531446540880501317e+01 0.000000000000000000e+00 4.354761904761902258e+01 8.875000000000000000e+01 5.734210526315786183e+01 2.976052631578945551e+01 4.589999999999997726e+01 0.000000000000000000e+00 0.000000000000000000e+00 5.024999999999997158e+01 0.000000000000000000e+00 5.189999999999995595e+01 5.383333333333331439e+01 5.149999999999999289e+01 6.559999999999998010e+01 4.562499999999996447e+01 8.549999999999992895e+01 0.000000000000000000e+00 0.000000000000000000e+00 3.599999999999997868e+01 3.191999999999997328e+01 5.174999999999996447e+01 5.650000000000000000e+01 0.000000000000000000e+00 0.000000000000000000e+00 0.000000000000000000e+00 0.000000000000000000e+00 0.000000000000000000e+00 0.000000000000000000e+00 0.000000000000000000e+00 0.000000000000000000e+00 0.000000000000000000e+00 0.000000000000000000e+00 7.199999999999991473e+01 8.250000000000001421e+01 7.974999999999997158e+01 6.316666666666662877e+01 0.000000000000000000e+00 0.000000000000000000e+00 0.000000000000000000e+00 0.000000000000000000e+00 3.996666666666662593e+01 5.030434782608692501e+01 0.000000000000000000e+00 0.000000000000000000e+00 0.000000000000000000e+00 0.000000000000000000e+00 0.000000000000000000e+00 4.049999999999990052e+01 0.000000000000000000e+00
0.000000000000000000e+00 0.000000000000000000e+00 0.000000000000000000e+00 4.374999999999995737e+01 4.235714285714284699e+01 4.093129770992364769e+01 4.799999999999999289e+01 3.255882352941176094e+01 2.993324250681198961e+01 1.859887491727332076e+01 1.315460619177566493e+01 2.190865020451446910e+01 1.641557197591680506e+01 4.103571428571428470e+01 2.803378378378378244e+01 3.750717703349280896e+01 2.366538461538461036e+01 3.015902964959568777e+01 4.778742514970060284e+01 0.000000000000000000e+00 6.937878787878787534e+01 7.170000000000000284e+01 1.084999999999999716e+02 9.492857142857141639e+01 7.607142857142856940e+01 6.708219178082191547e+01 6.187500000000001421e+01 5.196551724137930961e+01 3.524683544303797333e+01 3.426368785399622396e+01 4.521273712737127681e+01 4.345979737012287814e+01 4.389525208027410486e+01 4.808095238095238244e+01 5.396273291925465543e+01 5.311764705882354320e+01 6.421052631578947967e+01 2.037105465742878607e+01 2.235027535566773693e+01 2.992166666666666686e+01 0.000000000000000000e+00 2.852631578947368496e+01 7.038888888888888573e+01 3.857142857142856940e+01 3.964285714285713169e+01 3.449251870324189184e+01 0.000000000000000000e+00 0.000000000000000000e+00 0.000000000000000000e+00 0.000000000000000000e+00 5.599999999999997158e+01 5.399999999999994316e+01 5.509090909090905086e+01 5.349999999999997868e+01 5.434374999999995026e+01 4.649999999999997868e+01 0.000000000000000000e+00 0.000000000000000000e+00 5.512499999999995737e+01 2.958333333333332504e+01 2.542857142857142350e+01 5.299999999999999289e+01 0.000000000000000000e+00 0.000000000000000000e+00 0.000000000000000000e+00 0.000000000000000000e+00 0.000000000000000000e+00 0.000000000000000000e+00 0.000000000000000000e+00 0.000000000000000000e+00 0.000000000000000000e+00 8.000000000000002842e+01 0.000000000000000000e+00 0.000000000000000000e+00 9.124999999999994316e+01 5.050000000000000711e+01 0.000000000000000000e+00 0.000000000000000000e+00 0.000000000000000000e+00 0.000000000000000000e+00 3.349999999999997868e+01 5.406249999999997158e+01 0.000000000000000000e+00 0.000000000000000000e+00 0.000000000000000000e+00 0.000000000000000000e+00 0.000000000000000000e+00 0.000000000000000000e+00 5.599999999999995737e+01
0.000000000000000000e+00 0.000000000000000000e+00 0.000000000000000000e+00 6.020467836257309635e+00 1.775541711809317036e+01 2.237734693877550285e+01 3.030337078651684379e+01 2.299057829759583171e+01 3.222402770378262460e+01 1.591725148453766892e+01 2.190865020451446910e+01 1.579416117447412837e+01 2.296168154761904745e+01 1.424511995231708994e+01 4.335040160642569163e+01 2.225035587188611075e+01 1.753736710444026770e+01 3.003140305387495701e+01 4.522932330827065783e+01 0.000000000000000000e+00 8.300000000000001421e+01 7.699999999999995737e+01 0.000000000000000000e+00 9.699999999999994316e+01 8.000000000000001421e+01 6.509090909090907928e+01 5.033333333333332149e+01 5.973076923076921929e+01 3.640640096618357546e+01 3.856703910614525910e+01 5.127777777777777857e+01 4.412329969284773767e+01 4.719398340248962143e+01 7.409999999999999432e+01 8.020833333333332860e+01 7.275000000000000000e+01 8.799999999999998579e+01 2.574679999999998969e+01 2.892348963692487018e+01 3.368348623853211166e+01 0.000000000000000000e+00 3.239240506329113600e+01 7.316666666666662877e+01 4.451162790697674154e+01 3.198697916666664653e+01 3.904577464788732044e+01 0.000000000000000000e+00 4.533333333333328596e+01 3.899999999999993605e+01 0.000000000000000000e+00 4.769999999999996021e+01 5.321428571428567977e+01 5.297826086956519731e+01 5.499999999999998579e+01 1.047418478260869001e+01 4.187499999999999289e+01 1.307142857142858539e+01 0.000000000000000000e+00 2.986538461538458478e+01 2.841935483870966550e+01 2.492857142857141639e+01 3.916666666666665009e+01 0.000000000000000000e+00 0.000000000000000000e+00 0.000000000000000000e+00 0.000000000000000000e+00 0.000000000000000000e+00 0.000000000000000000e+00 0.000000000000000000e+00 0.000000000000000000e+00 0.000000000000000000e+00 8.725000000000000000e+01 6.689999999999999147e+01 9.199999999999994316e+01 8.699999999999994316e+01 6.016666666666663588e+01 0.000000000000000000e+00 0.000000000000000000e+00 0.000000000000000000e+00 0.000000000000000000e+00 3.947619047619044608e+01 4.625675675675672949e+01 7.249999999999994316e+01 0.000000000000000000e+00 0.000000000000000000e+00 0.000000000000000000e+00 0.000000000000000000e+00 4.249999999999997158e+01 5.549999999999997158e+01
0.000000000000000000e+00 0.000000000000000000e+00 0.000000000000000000e+00 0.000000000000000000e+00 5.605555555555553582e+01 5.125714285714284557e+01 3.649999999999999289e+01 2.992718446601940840e+01 1.160744985673352403e+01 4.319777777777775896e+01 1.641557197591680506e+01 2.296168154761904745e+01 1.410460169307575384e+01 7.872513886400287042e+00 2.326440677966101589e+01 5.284999999999998721e+01 3.844059405940592455e+01 2.136089743589743506e+01 3.819852941176471006e+01 8.212499999999997158e+01 6.093283582089551942e+01 6.299999999999997158e+01 7.378571428571426338e+01 8.378571428571424917e+01 6.490000000000000568e+01 2.538773148148148096e+01 4.943749999999999289e+01 4.055109489051094585e+01 1.749264408697760942e+01 2.914105136436597121e+01 4.342822677925211394e+01 3.605222797927461187e+01 3.745829383886256636e+01 4.684000000000000341e+01 5.173854961832061861e+01 4.945161290322582204e+01 6.128333333333333144e+01 2.661111111111111072e+01 2.372884671109824239e+01 3.000788402848423786e+01 0.000000000000000000e+00 3.126991150442478684e+01 7.074999999999998579e+01 3.844659090909090793e+01 7.449999999999997158e+01 3.701985111662531125e+01 0.000000000000000000e+00 0.000000000000000000e+00 0.000000000000000000e+00 0.000000000000000000e+00 0.000000000000000000e+00 0.000000000000000000e+00 6.749999999999994316e+01 5.989130434782607892e+01 6.086666666666664582e+01 5.844444444444442865e+01 5.199999999999998579e+01 0.000000000000000000e+00 5.375000000000000000e+01 5.266666666666665719e+01 3.800000000000000000e+01 3.800000000000001421e+01 0.000000000000000000e+00 0.000000000000000000e+00 0.000000000000000000e+00 0.000000000000000000e+00 0.000000000000000000e+00 0.000000000000000000e+00 0.000000000000000000e+00 0.000000000000000000e+00 0.000000000000000000e+00 0.000000000000000000e+00 0.000000000000000000e+00 0.000000000000000000e+00 0.000000000000000000e+00 1.099999999999999858e+02 0.000000000000000000e+00 0.000000000000000000e+00 0.000000000000000000e+00 0.000000000000000000e+00 4.538888888888888573e+01 6.312499999999998579e+01 5.500000000000000000e+01 0.000000000000000000e+00 0.000000000000000000e+00 0.000000000000000000e+00 0.000000000000000000e+00 0.000000000000000000e+00 6.250000000000000000e+01
0.000000000000000000e+00 0.000000000000000000e+00 0.000000000000000000e+00 0.000000000000000000e+00 6.791666666666664298e+01 6.794444444444441444e+01 0.000000000000000000e+00 0.000000000000000000e+00 5.139999999999999147e+01 4.614761904761903111e+01 4.103571428571428470e+01 1.424511995231708994e+01 7.872513886400287042e+00 1.092353389185071855e+01 3.073469387755102034e+01 5.377777777777776436e+01 3.729487179487177428e+01 1.194949494949494984e+01 2.187499999999999645e+01 0.000000000000000000e+00 0.000000000000000000e+00 0.000000000000000000e+00 0.000000000000000000e+00 0.000000000000000000e+00 0.000000000000000000e+00 0.000000000000000000e+00 0.000000000000000000e+00 0.000000000000000000e+00 1.096457159798399061e+01 3.936956521739130466e+01 0.000000000000000000e+00 1.768039215686274446e+01 1.513636363636363669e+01 0.000000000000000000e+00 0.000000000000000000e+00 0.000000000000000000e+00 0.000000000000000000e+00 3.337037037037037379e+01 3.964583333333332860e+01 3.640909090909090651e+01 0.000000000000000000e+00 1.974999999999999289e+01 9.949999999999997158e+01 4.689999999999999858e+01 0.000000000000000000e+00 4.724999999999999289e+01 0.000000000000000000e+00 0.000000000000000000e+00 0.000000000000000000e+00 0.000000000000000000e+00 0.000000000000000000e+00 0.000000000000000000e+00 0.000000000000000000e+00 0.000000000000000000e+00 0.000000000000000000e+00 0.000000000000000000e+00 0.000000000000000000e+00 0.000000000000000000e+00 0.000000000000000000e+00 6.375000000000000000e+01 4.099999999999998579e+01 2.700000000000001066e+01 0.000000000000000000e+00 0.000000000000000000e+00 0.000000000000000000e+00 0.000000000000000000e+00 0.000000000000000000e+00 0.000000000000000000e+00 0.000000000000000000e+00 0.000000000000000000e+00 0.000000000000000000e+00 0.000000000000000000e+00 0.000000000000000000e+00 0.000000000000000000e+00 0.000000000000000000e+00 0.000000000000000000e+00 0.000000000000000000e+00 0.000000000000000000e+00 0.000000000000000000e+00 0.000000000000000000e+00 0.000000000000000000e+00 0.000000000000000000e+00 0.000000000000000000e+00 0.000000000000000000e+00 0.000000000000000000e+00 0.000000000000000000e+00 0.000000000000000000e+00 0.000000000000000000e+00 0.000000000000000000e+00
0.000000000000000000e+00 0.000000000000000000e+00 0.000000000000000000e+00 3.487499999999998579e+01 3.256818181818179880e+01 2.214772727272726272e+01 3.767857142857140929e+01 3.556405228758168846e+01 2.401130279595478001e+01 3.590887432995829442e+01 2.803378378378378244e+01 4.335040160642569163e+01 2.326440677966101589e+01 3.073469387755102034e+01 1.223237467545435742e+01 3.791496598639454874e+01 3.462857142857141213e+01 2.195327102803737773e+01 2.437157287157287300e+01 1.505263157894736459e+01 3.349295774647885793e+01 3.714102564102562809e+01 2.445112781954886572e+01 2.369867549668872897e+01 2.011869747899159222e+01 2.157627551020407353e+01 2.054060606060605210e+01 2.463157894736841058e+01 2.284433722701879077e+01 2.433676789587852340e+01 4.183066666666665867e+01 3.077230359520639169e+01 2.944391634980988570e+01 4.321126760563380031e+01 4.697630331753553889e+01 4.739024390243901053e+01 3.453846153846153300e+01 2.404915254237287670e+01 9.093608430175297741e+00 1.591774891774891820e+01 0.000000000000000000e+00 1.811890838206627308e+01 1.270868644067796538e+01 1.280523917995444272e+01 3.332142857142854808e+01 2.043866171003716659e+01 0.000000000000000000e+00 2.449999999999995381e+01 0.000000000000000000e+00 0.000000000000000000e+00 0.000000000000000000e+00 0.000000000000000000e+00 5.683333333333333570e+01 5.324999999999998579e+01 5.799999999999997868e+01 6.024999999999997158e+01 0.000000000000000000e+00 0.000000000000000000e+00 5.349999999999996447e+01 4.499999999999997158e+01 3.474999999999999289e+01 2.421428571428569754e+01 0.000000000000000000e+00 0.000000000000000000e+00 0.000000000000000000e+00 0.000000000000000000e+00 0.000000000000000000e+00 0.000000000000000000e+00 0.000000000000000000e+00 4.349999999999995737e+01 0.000000000000000000e+00 7.350000000000001421e+01 4.799999999999997158e+01 0.000000000000000000e+00 0.000000000000000000e+00 4.949999999999998579e+01 0.000000000000000000e+00 0.000000000000000000e+00 0.000000000000000000e+00 0.000000000000000000e+00 4.199999999999998579e+01 4.581249999999997158e+01 4.816666666666663588e+01 0.000000000000000000e+00 3.699999999999995737e+01 5.050000000000000711e+01 0.000000000000000000e+00 5.199999999999999289e+01 0.000000000000000000e+00
0.000000000000000000e+00 0.000000000000000000e+00 0.000000000000000000e+00 2.983333333333331794e+01 1.462783661119515344e+01 2.266187050359710753e+01 2.677272727272727693e+01 1.830098684210525661e+01 3.500505902192242758e+01 2.552172601086299508e+01 3.750717703349280896e+01 2.225035587188611075e+01 5.284999999999998721e+01 5.377777777777776436e+01 3.791496598639454874e+01 7.357159273730174753e+00 1.085291285507943826e+01 3.986013462976811184e+01 4.988948306595361970e+01 0.000000000000000000e+00 9.900000000000000000e+01 0.000000000000000000e+00 0.000000000000000000e+00 0.000000000000000000e+00 0.000000000000000000e+00 1.000000000000000000e+02 1.165000000000000000e+02 0.000000000000000000e+00 6.054166666666665009e+01 5.993333333333331581e+01 7.359999999999998010e+01 6.944782608695651049e+01 5.528086419753083192e+01 7.700000000000002842e+01 8.900000000000000000e+01 0.000000000000000000e+00 0.000000000000000000e+00 1.768784530386739107e+01 2.294542536115568154e+01 3.728333333333331012e+01 0.000000000000000000e+00 3.683333333333332149e+01 7.774999999999994316e+01 2.350000000000000711e+01 1.251267281105989859e+01 4.816666666666665009e+01 0.000000000000000000e+00 3.749999999999998579e+01 3.949999999999998579e+01 0.000000000000000000e+00 4.762499999999994316e+01 3.733333333333329307e+01 4.024074074074070495e+01 4.929999999999997584e+01 3.773214285714283278e+01 6.483333333333328596e+01 0.000000000000000000e+00 0.000000000000000000e+00 1.780681818181817277e+01 1.859677419354837724e+01 4.035294117647055856e+01 4.892307692307689848e+01 0.000000000000000000e+00 0.000000000000000000e+00 0.000000000000000000e+00 0.000000000000000000e+00 0.000000000000000000e+00 0.000000000000000000e+00 0.000000000000000000e+00 0.000000000000000000e+00 0.000000000000000000e+00 6.349999999999994316e+01 7.124999999999994316e+01 0.000000000000000000e+00 6.099999999999998579e+01 6.539999999999994884e+01 0.000000000000000000e+00 0.000000000000000000e+00 0.000000000000000000e+00 0.000000000000000000e+00 2.832499999999997087e+01 3.387499999999996447e+01 5.699999999999995026e+01 0.000000000000000000e+00 0.000000000000000000e+00 0.000000000000000000e+00 0.000000000000000000e+00 3.374999999999996447e+01 4.199999999999992895e+01
0.000000000000000000e+00 0.000000000000000000e+00 0.000000000000000000e+00 3.099999999999995026e+01 3.086363636363636331e+01 3.582432432432430858e+01 0.000000000000000000e+00 2.154411764705881538e+01 2.754691358024690473e+01 2.180484037075178705e+01 2.366538461538461036e+01 1.753736710444026770e+01 3.844059405940592455e+01 3.729487179487177428e+01 3.462857142857141213e+01 1.085291285507943826e+01 8.532284100080705258e+00 2.147957901350925880e+01 3.546190476190474072e+01 0.000000000000000000e+00 0.000000000000000000e+00 5.899999999999996447e+01 0.000000000000000000e+00 1.344999999999999432e+02 0.000000000000000000e+00 6.250000000000000711e+01 0.000000000000000000e+00 6.849999999999995737e+01 4.899999999999998579e+01 5.022580645161289681e+01 6.700000000000002842e+01 5.915359477124182064e+01 4.027674418604649276e+01 7.449999999999998579e+01 7.100000000000001421e+01 0.000000000000000000e+00 6.049999999999997868e+01 1.802527075812273338e+01 2.480569514237854634e+01 3.133720930232557222e+01 0.000000000000000000e+00 3.466666666666664298e+01 6.100000000000000000e+01 4.864285714285713169e+01 3.404545454545454675e+01 3.939999999999999147e+01 0.000000000000000000e+00 0.000000000000000000e+00 3.749999999999995737e+01 0.000000000000000000e+00 3.166666666666662167e+01 2.994444444444441800e+01 3.165999999999996817e+01 4.446874999999997158e+01 2.747619047619046384e+01 5.166666666666662877e+01 3.849999999999997158e+01 7.899999999999995737e+01 1.730434782608695343e+01 1.358999999999999631e+01 1.622058823529411242e+01 3.530769230769229949e+01 0.000000000000000000e+00 0.000000000000000000e+00 0.000000000000000000e+00 0.000000000000000000e+00 0.000000000000000000e+00 0.000000000000000000e+00 0.000000000000000000e+00 0.000000000000000000e+00 0.000000000000000000e+00 6.249999999999995026e+01 4.949999999999998579e+01 0.000000000000000000e+00 5.774999999999997868e+01 3.750000000000000000e+01 0.000000000000000000e+00 0.000000000000000000e+00 0.000000000000000000e+00 0.000000000000000000e+00 1.809999999999997655e+01 3.465999999999997527e+01 0.000000000000000000e+00 0.000000000000000000e+00 3.649999999999998579e+01 0.000000000000000000e+00 0.000000000000000000e+00 3.550000000000001421e+01 4.650000000000000711e+01
