0.000000000000000000e+00 0.000000000000000000e+00 0.000000000000000000e+00 0.000000000000000000e+00 0.000000000000000000e+00 0.000000000000000000e+00 0.000000000000000000e+00 0.000000000000000000e+00 0.000000000000000000e+00 0.000000000000000000e+00 0.000000000000000000e+00 0.000000000000000000e+00 0.000000000000000000e+00 0.000000000000000000e+00 0.000000000000000000e+00 0.000000000000000000e+00 0.000000000000000000e+00 0.000000000000000000e+00 0.000000000000000000e+00 0.000000000000000000e+00 0.000000000000000000e+00 0.000000000000000000e+00 0.000000000000000000e+00 0.000000000000000000e+00 0.000000000000000000e+00 0.000000000000000000e+00 0.000000000000000000e+00 0.000000000000000000e+00 0.000000000000000000e+00 0.000000000000000000e+00 0.000000000000000000e+00 0.000000000000000000e+00 0.000000000000000000e+00 0.000000000000000000e+00 0.000000000000000000e+00 0.000000000000000000e+00 0.000000000000000000e+00 0.000000000000000000e+00 0.000000000000000000e+00 0.000000000000000000e+00 0.000000000000000000e+00 0.000000000000000000e+00 0.000000000000000000e+00 0.000000000000000000e+00 0.000000000000000000e+00 0.000000000000000000e+00 0.000000000000000000e+00 0.000000000000000000e+00 0.000000000000000000e+00 0.000000000000000000e+00 0.000000000000000000e+00 0.000000000000000000e+00 0.000000000000000000e+00 0.000000000000000000e+00 0.000000000000000000e+00 0.000000000000000000e+00 0.000000000000000000e+00 0.000000000000000000e+00 0.000000000000000000e+00 0.000000000000000000e+00 0.000000000000000000e+00 0.000000000000000000e+00 0.000000000000000000e+00 0.000000000000000000e+00 0.000000000000000000e+00 0.000000000000000000e+00 0.000000000000000000e+00 0.000000000000000000e+00 0.000000000000000000e+00 0.000000000000000000e+00 0.000000000000000000e+00 0.000000000000000000e+00 0.000000000000000000e+00 0.000000000000000000e+00 0.000000000000000000e+00 0.000000000000000000e+00 0.000000000000000000e+00 0.000000000000000000e+00 0.000000000000000000e+00 0.000000000000000000e+00 0.000000000000000000e+00 0.000000000000000000e+00 0.000000000000000000e+00 0.000000000000000000e+00 0.000000000000000000e+00 0.000000000000000000e+00 0.000000000000000000e+00 0.000000000000000000e+00 0.000000000000000000e+00
0.000000000000000000e+00 0.000000000000000000e+00 0.000000000000000000e+00 0.000000000000000000e+00 0.000000000000000000e+00 0.000000000000000000e+00 0.000000000000000000e+00 0.000000000000000000e+00 0.000000000000000000e+00 0.000000000000000000e+00 0.000000000000000000e+00 0.000000000000000000e+00 0.000000000000000000e+00 0.000000000000000000e+00 0.000000000000000000e+00 0.000000000000000000e+00 0.000000000000000000e+00 0.000000000000000000e+00 0.000000000000000000e+00 0.000000000000000000e+00 0.000000000000000000e+00 0.000000000000000000e+00 0.000000000000000000e+00 0.000000000000000000e+00 0.000000000000000000e+00 0.000000000000000000e+00 0.000000000000000000e+00 0.000000000000000000e+00 0.000000000000000000e+00 0.000000000000000000e+00 0.000000000000000000e+00 0.000000000000000000e+00 0.000000000000000000e+00 0.000000000000000000e+00 0.000000000000000000e+00 0.000000000000000000e+00 0.000000000000000000e+00 0.000000000000000000e+00 0.000000000000000000e+00 0.000000000000000000e+00 0.000000000000000000e+00 0.000000000000000000e+00 0.000000000000000000e+00 0.000000000000000000e+00 0.000000000000000000e+00 0.000000000000000000e+00 0.000000000000000000e+00 0.000000000000000000e+00 0.000000000000000000e+00 0.000000000000000000e+00 0.000000000000000000e+00 0.000000000000000000e+00 0.000000000000000000e+00 0.000000000000000000e+00 0.000000000000000000e+00 0.000000000000000000e+00 0.000000000000000000e+00 0.000000000000000000e+00 0.000000000000000000e+00 0.000000000000000000e+00 0.000000000000000000e+00 0.000000000000000000e+00 0.000000000000000000e+00 0.000000000000000000e+00 0.000000000000000000e+00 0.000000000000000000e+00 0.000000000000000000e+00 0.000000000000000000e+00 0.000000000000000000e+00 0.000000000000000000e+00 0.000000000000000000e+00 0.000000000000000000e+00 0.000000000000000000e+00 0.000000000000000000e+00 0.000000000000000000e+00 0.000000000000000000e+00 0.000000000000000000e+00 0.000000000000000000e+00 0.000000000000000000e+00 0.000000000000000000e+00 0.000000000000000000e+00 0.000000000000000000e+00 0.000000000000000000e+00 0.000000000000000000e+00 0.000000000000000000e+00 0.000000000000000000e+00 0.000000000000000000e+00 0.000000000000000000e+00 0.000000000000000000e+00
0.000000000000000000e+00 0.000000000000000000e+00 0.000000000000000000e+00 0.000000000000000000e+00 0.000000000000000000e+00 0.000000000000000000e+00 0.000000000000000000e+00 0.000000000000000000e+00 0.000000000000000000e+00 0.000000000000000000e+00 0.000000000000000000e+00 0.000000000000000000e+00 0.000000000000000000e+00 0.000000000000000000e+00 0.000000000000000000e+00 0.000000000000000000e+00 0.000000000000000000e+00 0.000000000000000000e+00 0.000000000000000000e+00 0.000000000000000000e+00 0.000000000000000000e+00 0.000000000000000000e+00 0.000000000000000000e+00 0.000000000000000000e+00 0.000000000000000000e+00 0.000000000000000000e+00 0.000000000000000000e+00 0.000000000000000000e+00 0.000000000000000000e+00 0.000000000000000000e+00 0.000000000000000000e+00 0.000000000000000000e+00 0.000000000000000000e+00 0.000000000000000000e+00 0.000000000000000000e+00 0.000000000000000000e+00 0.000000000000000000e+00 0.000000000000000000e+00 0.000000000000000000e+00 0.000000000000000000e+00 0.000000000000000000e+00 0.000000000000000000e+00 0.000000000000000000e+00 0.000000000000000000e+00 0.000000000000000000e+00 0.000000000000000000e+00 0.000000000000000000e+00 0.000000000000000000e+00 0.000000000000000000e+00 0.000000000000000000e+00 0.000000000000000000e+00 0.000000000000000000e+00 0.000000000000000000e+00 0.000000000000000000e+00 0.000000000000000000e+00 0.000000000000000000e+00 0.000000000000000000e+00 0.000000000000000000e+00 0.000000000000000000e+00 0.000000000000000000e+00 0.000000000000000000e+00 0.000000000000000000e+00 0.000000000000000000e+00 0.000000000000000000e+00 0.000000000000000000e+00 0.000000000000000000e+00 0.000000000000000000e+00 0.000000000000000000e+00 0.000000000000000000e+00 0.000000000000000000e+00 0.000000000000000000e+00 0.000000000000000000e+00 0.000000000000000000e+00 0.000000000000000000e+00 0.000000000000000000e+00 0.000000000000000000e+00 0.000000000000000000e+00 0.000000000000000000e+00 0.000000000000000000e+00 0.000000000000000000e+00 0.000000000000000000e+00 0.000000000000000000e+00 0.000000000000000000e+00 0.000000000000000000e+00 0.000000000000000000e+00 0.000000000000000000e+00 0.000000000000000000e+00 0.000000000000000000e+00 0.000000000000000000e+00
0.000000000000000000e+00 0.000000000000000000e+00 0.000000000000000000e+00 6.540000000000000000e+02 1.089000000000000000e+03 7.530000000000000000e+02 2.000000000000000000e+00 1.500000000000000000e+01 0.000000000000000000e+00 3.840000000000000000e+02 2.000000000000000000e+00 1.569000000000000000e+03 2.000000000000000000e+00 2.000000000000000000e+00 3.000000000000000000e+00 9.000000000000000000e+00 7.000000000000000000e+00 2.000000000000000000e+00 1.000000000000000000e+00 0.000000000000000000e+00 0.000000000000000000e+00 0.000000000000000000e+00 0.000000000000000000e+00 0.000000000000000000e+00 0.000000000000000000e+00 0.000000000000000000e+00 0.000000000000000000e+00 0.000000000000000000e+00 1.000000000000000000e+00 0.000000000000000000e+00 0.000000000000000000e+00 2.000000000000000000e+00 2.000000000000000000e+00 0.000000000000000000e+00 0.000000000000000000e+00 0.000000000000000000e+00 0.000000000000000000e+00 2.600000000000000000e+01 6.800000000000000000e+01 0.000000000000000000e+00 0.000000000000000000e+00 0.000000000000000000e+00 0.000000000000000000e+00 0.000000000000000000e+00 3.000000000000000000e+00 0.000000000000000000e+00 0.000000000000000000e+00 0.000000000000000000e+00 0.000000000000000000e+00 0.000000000000000000e+00 0.000000000000000000e+00 0.000000000000000000e+00 0.000000000000000000e+00 0.000000000000000000e+00 0.000000000000000000e+00 0.000000000000000000e+00 0.000000000000000000e+00 0.000000000000000000e+00 0.000000000000000000e+00 0.000000000000000000e+00 0.000000000000000000e+00 0.000000000000000000e+00 0.000000000000000000e+00 0.000000000000000000e+00 0.000000000000000000e+00 0.000000000000000000e+00 0.000000000000000000e+00 0.000000000000000000e+00 0.000000000000000000e+00 0.000000000000000000e+00 0.000000000000000000e+00 0.000000000000000000e+00 0.000000000000000000e+00 0.000000000000000000e+00 0.000000000000000000e+00 0.000000000000000000e+00 0.000000000000000000e+00 0.000000000000000000e+00 0.000000000000000000e+00 0.000000000000000000e+00 0.000000000000000000e+00 0.000000000000000000e+00 0.000000000000000000e+00 0.000000000000000000e+00 0.000000000000000000e+00 0.000000000000000000e+00 0.000000000000000000e+00 0.000000000000000000e+00 0.000000000000000000e+00
0.000000000000000000e+00 0.000000000000000000e+00 0.000000000000000000e+00 1.089000000000000000e+03 1.549900000000000000e+04 1.365200000000000000e+04 2.390000000000000000e+02 7.510000000000000000e+02 3.110000000000000000e+02 2.642000000000000000e+03 3.250000000000000000e+02 2.766000000000000000e+03 9.700000000000000000e+01 2.800000000000000000e+01 1.380000000000000000e+02 8.280000000000000000e+02 1.870000000000000000e+02 2.190000000000000000e+02 2.360000000000000000e+02 0.000000000000000000e+00 0.000000000000000000e+00 0.000000000000000000e+00 0.000000000000000000e+00 1.000000000000000000e+00 1.000000000000000000e+00 2.000000000000000000e+00 0.000000000000000000e+00 0.000000000000000000e+00 3.900000000000000000e+01 3.400000000000000000e+01 4.000000000000000000e+00 1.140000000000000000e+02 1.310000000000000000e+02 2.000000000000000000e+00 0.000000000000000000e+00 0.000000000000000000e+00 0.000000000000000000e+00 2.299000000000000000e+03 3.102000000000000000e+03 4.600000000000000000e+01 0.000000000000000000e+00 3.000000000000000000e+00 3.000000000000000000e+00 6.000000000000000000e+00 2.437000000000000000e+03 4.800000000000000000e+01 0.000000000000000000e+00 0.000000000000000000e+00 3.000000000000000000e+00 0.000000000000000000e+00 2.000000000000000000e+00 1.000000000000000000e+00 1.100000000000000000e+01 4.000000000000000000e+00 7.000000000000000000e+00 2.000000000000000000e+00 0.000000000000000000e+00 0.000000000000000000e+00 0.000000000000000000e+00 4.000000000000000000e+00 5.000000000000000000e+00 0.000000000000000000e+00 0.000000000000000000e+00 0.000000000000000000e+00 0.000000000000000000e+00 0.000000000000000000e+00 0.000000000000000000e+00 0.000000000000000000e+00 0.000000000000000000e+00 0.000000000000000000e+00 0.000000000000000000e+00 0.000000000000000000e+00 0.000000000000000000e+00 1.000000000000000000e+00 0.000000000000000000e+00 1.000000000000000000e+00 0.000000000000000000e+00 0.000000000000000000e+00 0.000000000000000000e+00 0.000000000000000000e+00 1.800000000000000000e+01 1.200000000000000000e+01 1.000000000000000000e+00 0.000000000000000000e+00 0.000000000000000000e+00 0.000000000000000000e+00 0.000000000000000000e+00 2.000000000000000000e+00 0.000000000000000000e+00
0.000000000000000000e+00 0.000000000000000000e+00 0.000000000000000000e+00 7.530000000000000000e+02 1.365200000000000000e+04 2.503600000000000000e+04 4.069000000000000000e+03 4.487000000000000000e+03 4.010000000000000000e+02 9.447000000000000000e+03 8.350000000000000000e+02 2.245000000000000000e+03 2.100000000000000000e+02 1.400000000000000000e+01 7.310000000000000000e+02 9.750000000000000000e+02 1.920000000000000000e+02 9.600000000000000000e+01 9.900000000000000000e+01 0.000000000000000000e+00 2.000000000000000000e+00 0.000000000000000000e+00 1.000000000000000000e+00 0.000000000000000000e+00 1.000000000000000000e+01 1.000000000000000000e+01 1.000000000000000000e+00 3.000000000000000000e+00 6.200000000000000000e+01 9.800000000000000000e+01 4.000000000000000000e+00 1.750000000000000000e+02 1.500000000000000000e+02 3.000000000000000000e+00 2.000000000000000000e+00 1.000000000000000000e+00 5.000000000000000000e+00 2.425000000000000000e+03 1.104600000000000000e+04 1.110000000000000000e+02 0.000000000000000000e+00 1.100000000000000000e+01 1.400000000000000000e+01 3.200000000000000000e+01 4.400000000000000000e+02 3.300000000000000000e+01 0.000000000000000000e+00 1.000000000000000000e+00 2.000000000000000000e+00 0.000000000000000000e+00 3.000000000000000000e+00 6.000000000000000000e+00 1.600000000000000000e+01 1.500000000000000000e+01 1.000000000000000000e+01 2.000000000000000000e+00 2.000000000000000000e+00 0.000000000000000000e+00 8.000000000000000000e+00 9.000000000000000000e+00 3.000000000000000000e+00 2.000000000000000000e+00 0.000000000000000000e+00 0.000000000000000000e+00 0.000000000000000000e+00 0.000000000000000000e+00 0.000000000000000000e+00 0.000000000000000000e+00 0.000000000000000000e+00 0.000000000000000000e+00 0.000000000000000000e+00 0.000000000000000000e+00 0.000000000000000000e+00 0.000000000000000000e+00 2.000000000000000000e+00 1.000000000000000000e+00 0.000000000000000000e+00 0.000000000000000000e+00 0.000000000000000000e+00 0.000000000000000000e+00 1.700000000000000000e+01 1.800000000000000000e+01 0.000000000000000000e+00 0.000000000000000000e+00 0.000000000000000000e+00 0.000000000000000000e+00 1.000000000000000000e+00 0.000000000000000000e+00 0.000000000000000000e+00
0.000000000000000000e+00 0.000000000000000000e+00 0.000000000000000000e+00 2.000000000000000000e+00 2.390000000000000000e+02 4.069000000000000000e+03 5.843000000000000000e+03 3.182000000000000000e+03 2.860000000000000000e+02 2.041000000000000000e+03 1.150000000000000000e+02 1.000000000000000000e+02 4.500000000000000000e+01 1.000000000000000000e+00 3.150000000000000000e+02 2.640000000000000000e+02 1.900000000000000000e+01 2.000000000000000000e+00 1.100000000000000000e+01 0.000000000000000000e+00 0.000000000000000000e+00 0.000000000000000000e+00 0.000000000000000000e+00 0.000000000000000000e+00 0.000000000000000000e+00 0.000000000000000000e+00 0.000000000000000000e+00 0.000000000000000000e+00 1.700000000000000000e+01 7.800000000000000000e+01 1.000000000000000000e+00 1.300000000000000000e+01 1.800000000000000000e+01 0.000000000000000000e+00 0.000000000000000000e+00 0.000000000000000000e+00 3.000000000000000000e+00 5.700000000000000000e+01 2.210000000000000000e+02 4.000000000000000000e+00 0.000000000000000000e+00 1.000000000000000000e+00 2.000000000000000000e+00 1.000000000000000000e+00 2.500000000000000000e+01 2.000000000000000000e+00 0.000000000000000000e+00 0.000000000000000000e+00 0.000000000000000000e+00 0.000000000000000000e+00 1.000000000000000000e+00 1.000000000000000000e+00 0.000000000000000000e+00 0.000000000000000000e+00 0.000000000000000000e+00 0.000000000000000000e+00 0.000000000000000000e+00 0.000000000000000000e+00 0.000000000000000000e+00 1.000000000000000000e+00 0.000000000000000000e+00 0.000000000000000000e+00 0.000000000000000000e+00 0.000000000000000000e+00 0.000000000000000000e+00 0.000000000000000000e+00 0.000000000000000000e+00 0.000000000000000000e+00 0.000000000000000000e+00 0.000000000000000000e+00 0.000000000000000000e+00 0.000000000000000000e+00 0.000000000000000000e+00 0.000000000000000000e+00 0.000000000000000000e+00 0.000000000000000000e+00 0.000000000000000000e+00 0.000000000000000000e+00 0.000000000000000000e+00 0.000000000000000000e+00 1.000000000000000000e+00 1.000000000000000000e+00 0.000000000000000000e+00 0.000000000000000000e+00 0.000000000000000000e+00 0.000000000000000000e+00 0.000000000000000000e+00 0.000000000000000000e+00 0.000000000000000000e+00
0.000000000000000000e+00 0.000000000000000000e+00 0.000000000000000000e+00 1.500000000000000000e+01 7.510000000000000000e+02 4.487000000000000000e+03 3.182000000000000000e+03 9.835000000000000000e+03 3.326000000000000000e+03 4.695000000000000000e+03 3.210000000000000000e+02 1.017000000000000000e+03 1.590000000000000000e+02 2.000000000000000000e+00 5.940000000000000000e+02 9.260000000000000000e+02 1.100000000000000000e+02 3.400000000000000000e+01 2.000000000000000000e+01 0.000000000000000000e+00 0.000000000000000000e+00 1.000000000000000000e+00 0.000000000000000000e+00 0.000000000000000000e+00 0.000000000000000000e+00 4.000000000000000000e+00 0.000000000000000000e+00 0.000000000000000000e+00 7.400000000000000000e+01 1.630000000000000000e+02 1.000000000000000000e+00 3.300000000000000000e+01 6.400000000000000000e+01 4.000000000000000000e+00 0.000000000000000000e+00 0.000000000000000000e+00 4.000000000000000000e+00 1.600000000000000000e+02 6.830000000000000000e+02 1.200000000000000000e+01 0.000000000000000000e+00 1.000000000000000000e+00 4.000000000000000000e+00 1.000000000000000000e+00 5.700000000000000000e+01 4.000000000000000000e+00 1.000000000000000000e+00 2.000000000000000000e+00 1.200000000000000000e+01 0.000000000000000000e+00 4.000000000000000000e+00 4.000000000000000000e+00 3.100000000000000000e+01 6.000000000000000000e+00 1.300000000000000000e+01 0.000000000000000000e+00 0.000000000000000000e+00 1.000000000000000000e+00 3.100000000000000000e+01 1.100000000000000000e+01 2.000000000000000000e+00 2.000000000000000000e+00 0.000000000000000000e+00 0.000000000000000000e+00 0.000000000000000000e+00 0.000000000000000000e+00 0.000000000000000000e+00 0.000000000000000000e+00 0.000000000000000000e+00 0.000000000000000000e+00 0.000000000000000000e+00 0.000000000000000000e+00 0.000000000000000000e+00 0.000000000000000000e+00 0.000000000000000000e+00 0.000000000000000000e+00 0.000000000000000000e+00 0.000000000000000000e+00 0.000000000000000000e+00 0.000000000000000000e+00 1.700000000000000000e+01 3.700000000000000000e+01 0.000000000000000000e+00 0.000000000000000000e+00 0.000000000000000000e+00 0.000000000000000000e+00 0.000000000000000000e+00 5.000000000000000000e+00 0.000000000000000000e+00
0.000000000000000000e+00 0.000000000000000000e+00 0.000000000000000000e+00 0.000000000000000000e+00 3.110000000000000000e+02 4.010000000000000000e+02 2.860000000000000000e+02 3.326000000000000000e+03 1.832900000000000000e+04 3.742000000000000000e+03 7.370000000000000000e+02 2.065000000000000000e+03 3.064000000000000000e+03 2.200000000000000000e+01 1.526000000000000000e+03 5.880000000000000000e+02 6.090000000000000000e+02 5.500000000000000000e+01 8.900000000000000000e+01 0.000000000000000000e+00 2.000000000000000000e+00 3.000000000000000000e+00 1.000000000000000000e+00 1.000000000000000000e+00 2.000000000000000000e+00 1.300000000000000000e+01 4.000000000000000000e+00 3.000000000000000000e+00 8.970000000000000000e+02 2.044000000000000000e+03 1.000000000000000000e+01 1.810000000000000000e+02 2.140000000000000000e+02 1.400000000000000000e+01 1.500000000000000000e+01 1.000000000000000000e+01 4.400000000000000000e+01 9.010000000000000000e+02 1.850000000000000000e+03 2.400000000000000000e+01 0.000000000000000000e+00 1.100000000000000000e+01 9.000000000000000000e+00 3.000000000000000000e+00 2.700000000000000000e+01 2.500000000000000000e+01 0.000000000000000000e+00 1.000000000000000000e+00 5.000000000000000000e+00 0.000000000000000000e+00 0.000000000000000000e+00 8.000000000000000000e+00 5.300000000000000000e+01 1.700000000000000000e+01 2.900000000000000000e+01 2.000000000000000000e+00 0.000000000000000000e+00 3.000000000000000000e+00 8.000000000000000000e+00 5.000000000000000000e+01 0.000000000000000000e+00 1.000000000000000000e+00 0.000000000000000000e+00 0.000000000000000000e+00 0.000000000000000000e+00 0.000000000000000000e+00 0.000000000000000000e+00 0.000000000000000000e+00 0.000000000000000000e+00 0.000000000000000000e+00 0.000000000000000000e+00 0.000000000000000000e+00 1.000000000000000000e+00 0.000000000000000000e+00 3.000000000000000000e+00 3.000000000000000000e+00 0.000000000000000000e+00 0.000000000000000000e+00 0.000000000000000000e+00 0.000000000000000000e+00 4.000000000000000000e+00 6.000000000000000000e+00 1.000000000000000000e+00 0.000000000000000000e+00 1.000000000000000000e+00 0.000000000000000000e+00 0.000000000000000000e+00 0.000000000000000000e+00 0.000000000000000000e+00
0.000000000000000000e+00 0.000000000000000000e+00 0.000000000000000000e+00 3.840000000000000000e+02 2.642000000000000000e+03 9.447000000000000000e+03 2.041000000000000000e+03 4.695000000000000000e+03 3.742000000000000000e+03 7.029500000000000000e+04 8.004000000000000000e+03 1.570900000000000000e+04 1.046000000000000000e+03 1.130000000000000000e+02 1.030000000000000000e+03 1.665000000000000000e+03 1.103000000000000000e+03 2.660000000000000000e+02 2.140000000000000000e+02 1.000000000000000000e+00 3.000000000000000000e+00 1.000000000000000000e+00 1.000000000000000000e+00 0.000000000000000000e+00 3.000000000000000000e+00 1.600000000000000000e+01 1.000000000000000000e+00 2.000000000000000000e+00 2.120000000000000000e+02 3.080000000000000000e+02 2.500000000000000000e+01 8.210000000000000000e+02 8.530000000000000000e+02 1.300000000000000000e+01 3.000000000000000000e+00 2.000000000000000000e+00 1.600000000000000000e+01 2.503000000000000000e+03 1.034100000000000000e+04 1.330000000000000000e+02 0.000000000000000000e+00 2.900000000000000000e+01 2.000000000000000000e+00 9.000000000000000000e+00 1.530000000000000000e+02 8.400000000000000000e+01 0.000000000000000000e+00 2.000000000000000000e+00 4.000000000000000000e+00 0.000000000000000000e+00 2.000000000000000000e+00 1.100000000000000000e+01 4.300000000000000000e+01 2.800000000000000000e+01 2.700000000000000000e+01 3.000000000000000000e+00 0.000000000000000000e+00 1.000000000000000000e+00 2.200000000000000000e+01 5.500000000000000000e+01 9.000000000000000000e+00 3.000000000000000000e+00 0.000000000000000000e+00 0.000000000000000000e+00 0.000000000000000000e+00 0.000000000000000000e+00 0.000000000000000000e+00 0.000000000000000000e+00 0.000000000000000000e+00 0.000000000000000000e+00 0.000000000000000000e+00 0.000000000000000000e+00 0.000000000000000000e+00 0.000000000000000000e+00 1.000000000000000000e+00 1.000000000000000000e+00 0.000000000000000000e+00 0.000000000000000000e+00 0.000000000000000000e+00 0.000000000000000000e+00 1.000000000000000000e+01 2.500000000000000000e+01 3.000000000000000000e+00 0.000000000000000000e+00 0.000000000000000000e+00 0.000000000000000000e+00 0.000000000000000000e+00 1.000000000000000000e+00 0.000000000000000000e+00
0.000000000000000000e+00 0.000000000000000000e+00 0.000000000000000000e+00 2.000000000000000000e+00 3.250000000000000000e+02 8.350000000000000000e+02 1.150000000000000000e+02 3.210000000000000000e+02 7.370000000000000000e+02 8.004000000000000000e+03 2.672600000000000000e+04 6.117000000000000000e+03 5.390000000000000000e+03 1.090000000000000000e+02 5.640000000000000000e+02 3.240000000000000000e+02 4.220000000000000000e+02 2.940000000000000000e+02 3.150000000000000000e+02 0.000000000000000000e+00 4.000000000000000000e+00 4.000000000000000000e+00 1.000000000000000000e+00 1.000000000000000000e+00 4.000000000000000000e+00 3.300000000000000000e+01 1.000000000000000000e+00 5.000000000000000000e+00 4.320000000000000000e+02 6.710000000000000000e+02 8.700000000000000000e+01 1.544000000000000000e+03 3.101000000000000000e+03 2.030000000000000000e+02 6.800000000000000000e+01 6.400000000000000000e+01 6.700000000000000000e+01 1.866000000000000000e+03 4.251000000000000000e+03 2.870000000000000000e+02 0.000000000000000000e+00 2.550000000000000000e+02 1.600000000000000000e+01 2.100000000000000000e+01 2.000000000000000000e+01 5.430000000000000000e+02 0.000000000000000000e+00 0.000000000000000000e+00 5.000000000000000000e+00 0.000000000000000000e+00 0.000000000000000000e+00 1.000000000000000000e+01 3.000000000000000000e+01 6.900000000000000000e+01 2.700000000000000000e+01 4.000000000000000000e+00 0.000000000000000000e+00 2.000000000000000000e+00 6.000000000000000000e+00 2.700000000000000000e+01 9.000000000000000000e+00 3.000000000000000000e+00 0.000000000000000000e+00 0.000000000000000000e+00 0.000000000000000000e+00 0.000000000000000000e+00 0.000000000000000000e+00 0.000000000000000000e+00 0.000000000000000000e+00 0.000000000000000000e+00 0.000000000000000000e+00 0.000000000000000000e+00 1.000000000000000000e+00 0.000000000000000000e+00 4.000000000000000000e+00 1.000000000000000000e+00 0.000000000000000000e+00 0.000000000000000000e+00 0.000000000000000000e+00 0.000000000000000000e+00 1.300000000000000000e+01 3.900000000000000000e+01 2.000000000000000000e+00 0.000000000000000000e+00 0.000000000000000000e+00 0.000000000000000000e+00 0.000000000000000000e+00 1.000000000000000000e+00 2.000000000000000000e+00
0.000000000000000000e+00 0.000000000000000000e+00 0.000000000000000000e+00 1.569000000000000000e+03 2.766000000000000000e+03 2.245000000000000000e+03 1.000000000000000000e+02 1.017000000000000000e+03 2.065000000000000000e+03 1.570900000000000000e+04 6.117000000000000000e+03 1.108620000000000000e+05 3.873000000000000000e+03 9.312000000000000000e+03 3.310000000000000000e+02 4.941000000000000000e+03 4.114000000000000000e+03 2.953000000000000000e+03 1.203000000000000000e+03 0.000000000000000000e+00 4.000000000000000000e+00 0.000000000000000000e+00 0.000000000000000000e+00 0.000000000000000000e+00 1.000000000000000000e+00 1.400000000000000000e+01 4.000000000000000000e+00 5.000000000000000000e+00 1.285000000000000000e+03 6.770000000000000000e+02 3.400000000000000000e+01 7.740000000000000000e+02 1.182000000000000000e+03 2.000000000000000000e+01 1.800000000000000000e+01 1.800000000000000000e+01 4.300000000000000000e+01 3.840000000000000000e+03 6.038000000000000000e+03 7.630000000000000000e+02 0.000000000000000000e+00 5.260000000000000000e+02 2.500000000000000000e+01 4.200000000000000000e+01 1.080000000000000000e+02 1.009000000000000000e+03 0.000000000000000000e+00 3.000000000000000000e+00 2.000000000000000000e+00 1.000000000000000000e+00 5.000000000000000000e+00 1.000000000000000000e+01 3.400000000000000000e+01 3.600000000000000000e+01 3.540000000000000000e+02 2.500000000000000000e+01 6.000000000000000000e+00 2.000000000000000000e+00 2.100000000000000000e+01 4.900000000000000000e+01 1.610000000000000000e+02 5.000000000000000000e+00 0.000000000000000000e+00 0.000000000000000000e+00 0.000000000000000000e+00 0.000000000000000000e+00 0.000000000000000000e+00 0.000000000000000000e+00 0.000000000000000000e+00 0.000000000000000000e+00 0.000000000000000000e+00 0.000000000000000000e+00 3.000000000000000000e+00 2.000000000000000000e+00 0.000000000000000000e+00 5.000000000000000000e+00 0.000000000000000000e+00 0.000000000000000000e+00 0.000000000000000000e+00 0.000000000000000000e+00 1.500000000000000000e+01 3.900000000000000000e+01 1.000000000000000000e+00 0.000000000000000000e+00 1.000000000000000000e+00 0.000000000000000000e+00 0.000000000000000000e+00 3.000000000000000000e+00 1.000000000000000000e+00
0.000000000000000000e+00 0.000000000000000000e+00 0.000000000000000000e+00 2.000000000000000000e+00 9.700000000000000000e+01 2.100000000000000000e+02 4.500000000000000000e+01 1.590000000000000000e+02 3.064000000000000000e+03 1.046000000000000000e+03 5.390000000000000000e+03 3.873000000000000000e+03 4.614000000000000000e+04 1.337000000000000000e+04 1.110000000000000000e+03 1.780000000000000000e+02 1.130000000000000000e+02 8.730000000000000000e+02 5.830000000000000000e+02 5.000000000000000000e+00 2.600000000000000000e+01 1.700000000000000000e+01 6.000000000000000000e+00 2.500000000000000000e+01 1.600000000000000000e+01 3.570000000000000000e+02 2.600000000000000000e+01 3.700000000000000000e+01 1.444600000000000000e+04 8.742000000000000000e+03 2.050000000000000000e+02 3.547000000000000000e+03 3.618000000000000000e+03 3.030000000000000000e+02 3.190000000000000000e+02 1.880000000000000000e+02 3.560000000000000000e+02 1.579000000000000000e+03 7.427000000000000000e+03 2.030000000000000000e+03 0.000000000000000000e+00 7.090000000000000000e+02 1.640000000000000000e+02 8.220000000000000000e+02 4.000000000000000000e+00 3.284000000000000000e+03 0.000000000000000000e+00 0.000000000000000000e+00 0.000000000000000000e+00 0.000000000000000000e+00 1.000000000000000000e+00 4.000000000000000000e+00 2.000000000000000000e+00 1.300000000000000000e+01 6.000000000000000000e+00 7.000000000000000000e+00 0.000000000000000000e+00 1.000000000000000000e+00 0.000000000000000000e+00 7.000000000000000000e+00 9.000000000000000000e+00 1.000000000000000000e+00 0.000000000000000000e+00 0.000000000000000000e+00 0.000000000000000000e+00 0.000000000000000000e+00 0.000000000000000000e+00 0.000000000000000000e+00 0.000000000000000000e+00 0.000000000000000000e+00 0.000000000000000000e+00 0.000000000000000000e+00 0.000000000000000000e+00 0.000000000000000000e+00 2.000000000000000000e+00 2.000000000000000000e+00 0.000000000000000000e+00 0.000000000000000000e+00 0.000000000000000000e+00 0.000000000000000000e+00 0.000000000000000000e+00 5.000000000000000000e+00 0.000000000000000000e+00 0.000000000000000000e+00 2.000000000000000000e+00 0.000000000000000000e+00 0.000000000000000000e+00 1.000000000000000000e+00 1.000000000000000000e+00
0.000000000000000000e+00 0.000000000000000000e+00 0.000000000000000000e+00 2.000000000000000000e+00 2.800000000000000000e+01 1.400000000000000000e+01 1.000000000000000000e+00 2.000000000000000000e+00 2.200000000000000000e+01 1.130000000000000000e+02 1.090000000000000000e+02 9.312000000000000000e+03 1.337000000000000000e+04 7.995000000000000000e+03 1.000000000000000000e+01 6.200000000000000000e+01 4.000000000000000000e+01 1.840000000000000000e+02 3.700000000000000000e+01 0.000000000000000000e+00 1.000000000000000000e+00 0.000000000000000000e+00 0.000000000000000000e+00 0.000000000000000000e+00 0.000000000000000000e+00 0.000000000000000000e+00 0.000000000000000000e+00 0.000000000000000000e+00 6.085000000000000000e+03 7.400000000000000000e+01 0.000000000000000000e+00 3.210000000000000000e+02 1.840000000000000000e+02 2.000000000000000000e+00 4.000000000000000000e+00 0.000000000000000000e+00 3.000000000000000000e+00 3.800000000000000000e+01 6.500000000000000000e+01 1.600000000000000000e+01 0.000000000000000000e+00 1.100000000000000000e+01 1.000000000000000000e+00 7.000000000000000000e+00 2.000000000000000000e+00 3.700000000000000000e+01 0.000000000000000000e+00 0.000000000000000000e+00 0.000000000000000000e+00 0.000000000000000000e+00 0.000000000000000000e+00 0.000000000000000000e+00 0.000000000000000000e+00 0.000000000000000000e+00 4.000000000000000000e+00 0.000000000000000000e+00 0.000000000000000000e+00 0.000000000000000000e+00 1.000000000000000000e+00 1.000000000000000000e+00 0.000000000000000000e+00 0.000000000000000000e+00 0.000000000000000000e+00 0.000000000000000000e+00 0.000000000000000000e+00 0.000000000000000000e+00 0.000000000000000000e+00 0.000000000000000000e+00 0.000000000000000000e+00 0.000000000000000000e+00 0.000000000000000000e+00 0.000000000000000000e+00 0.000000000000000000e+00 0.000000000000000000e+00 0.000000000000000000e+00 0.000000000000000000e+00 0.000000000000000000e+00 0.000000000000000000e+00 0.000000000000000000e+00 0.000000000000000000e+00 0.000000000000000000e+00 0.000000000000000000e+00 0.000000000000000000e+00 0.000000000000000000e+00 0.000000000000000000e+00 0.000000000000000000e+00 0.000000000000000000e+00 0.000000000000000000e+00 0.000000000000000000e+00
0.000000000000000000e+00 0.000000000000000000e+00 0.000000000000000000e+00 3.000000000000000000e+00 1.380000000000000000e+02 7.310000000000000000e+02 3.150000000000000000e+02 5.940000000000000000e+02 1.526000000000000000e+03 1.030000000000000000e+03 5.640000000000000000e+02 3.310000000000000000e+02 1.110000000000000000e+03 1.000000000000000000e+01 1.124600000000000000e+04 1.350000000000000000e+02 8.100000000000000000e+01 1.740000000000000000e+02 4.430000000000000000e+02 1.620000000000000000e+02 5.690000000000000000e+02 3.500000000000000000e+01 3.610000000000000000e+02 6.090000000000000000e+02 9.530000000000000000e+02 1.947000000000000000e+03 8.480000000000000000e+02 4.800000000000000000e+02 2.218000000000000000e+03 2.088000000000000000e+03 3.610000000000000000e+02 2.328000000000000000e+03 6.060000000000000000e+02 3.300000000000000000e+01 2.030000000000000000e+02 1.010000000000000000e+02 1.270000000000000000e+02 3.150000000000000000e+02 1.070300000000000000e+04 1.900000000000000000e+02 0.000000000000000000e+00 7.360000000000000000e+02 1.646000000000000000e+03 7.080000000000000000e+02 9.000000000000000000e+00 7.310000000000000000e+02 0.000000000000000000e+00 0.000000000000000000e+00 1.000000000000000000e+00 0.000000000000000000e+00 0.000000000000000000e+00 1.000000000000000000e+00 1.100000000000000000e+01 1.000000000000000000e+01 8.000000000000000000e+00 0.000000000000000000e+00 1.000000000000000000e+00 3.000000000000000000e+00 2.000000000000000000e+00 9.000000000000000000e+00 1.000000000000000000e+00 4.000000000000000000e+00 0.000000000000000000e+00 0.000000000000000000e+00 0.000000000000000000e+00 0.000000000000000000e+00 0.000000000000000000e+00 0.000000000000000000e+00 0.000000000000000000e+00 1.000000000000000000e+00 0.000000000000000000e+00 0.000000000000000000e+00 6.000000000000000000e+00 2.000000000000000000e+00 3.000000000000000000e+00 3.000000000000000000e+00 0.000000000000000000e+00 0.000000000000000000e+00 0.000000000000000000e+00 0.000000000000000000e+00 5.000000000000000000e+00 4.000000000000000000e+00 1.000000000000000000e+00 0.000000000000000000e+00 1.300000000000000000e+01 3.000000000000000000e+00 0.000000000000000000e+00 0.000000000000000000e+00 0.000000000000000000e+00
0.000000000000000000e+00 0.000000000000000000e+00 0.000000000000000000e+00 9.000000000000000000e+00 8.280000000000000000e+02 9.750000000000000000e+02 2.640000000000000000e+02 9.260000000000000000e+02 5.880000000000000000e+02 1.665000000000000000e+03 3.240000000000000000e+02 4.941000000000000000e+03 1.780000000000000000e+02 6.200000000000000000e+01 1.350000000000000000e+02 4.772000000000000000e+03 2.682000000000000000e+03 3.580000000000000000e+03 1.916000000000000000e+03 0.000000000000000000e+00 1.000000000000000000e+00 0.000000000000000000e+00 0.000000000000000000e+00 0.000000000000000000e+00 0.000000000000000000e+00 6.000000000000000000e+00 1.000000000000000000e+00 0.000000000000000000e+00 2.020000000000000000e+02 1.010000000000000000e+02 1.600000000000000000e+01 2.840000000000000000e+02 8.310000000000000000e+02 1.000000000000000000e+00 1.000000000000000000e+00 2.000000000000000000e+00 5.000000000000000000e+00 1.176000000000000000e+03 3.143000000000000000e+03 5.300000000000000000e+01 0.000000000000000000e+00 1.300000000000000000e+01 8.000000000000000000e+00 1.000000000000000000e+01 4.900000000000000000e+02 3.600000000000000000e+01 1.000000000000000000e+00 6.000000000000000000e+00 5.000000000000000000e+00 0.000000000000000000e+00 4.000000000000000000e+00 1.400000000000000000e+01 7.000000000000000000e+01 1.700000000000000000e+01 2.400000000000000000e+01 0.000000000000000000e+00 1.000000000000000000e+00 1.000000000000000000e+00 1.500000000000000000e+01 3.500000000000000000e+01 4.300000000000000000e+01 1.600000000000000000e+01 0.000000000000000000e+00 0.000000000000000000e+00 0.000000000000000000e+00 0.000000000000000000e+00 0.000000000000000000e+00 0.000000000000000000e+00 0.000000000000000000e+00 0.000000000000000000e+00 0.000000000000000000e+00 0.000000000000000000e+00 1.000000000000000000e+00 0.000000000000000000e+00 3.000000000000000000e+00 1.100000000000000000e+01 0.000000000000000000e+00 0.000000000000000000e+00 0.000000000000000000e+00 0.000000000000000000e+00 2.400000000000000000e+01 2.900000000000000000e+01 1.000000000000000000e+00 0.000000000000000000e+00 1.000000000000000000e+00 0.000000000000000000e+00 0.000000000000000000e+00 2.000000000000000000e+00 1.000000000000000000e+00
0.000000000000000000e+00 0.000000000000000000e+00 0.000000000000000000e+00 7.000000000000000000e+00 1.870000000000000000e+02 1.920000000000000000e+02 1.900000000000000000e+01 1.100000000000000000e+02 6.090000000000000000e+02 1.103000000000000000e+03 4.220000000000000000e+02 4.114000000000000000e+03 1.130000000000000000e+02 4.000000000000000000e+01 8.100000000000000000e+01 2.682000000000000000e+03 2.581000000000000000e+03 1.120000000000000000e+03 3.810000000000000000e+02 0.000000000000000000e+00 0.000000000000000000e+00 0.000000000000000000e+00 0.000000000000000000e+00 0.000000000000000000e+00 0.000000000000000000e+00 2.000000000000000000e+00 0.000000000000000000e+00 0.000000000000000000e+00 4.200000000000000000e+01 5.400000000000000000e+01 5.000000000000000000e+00 8.100000000000000000e+01 1.890000000000000000e+02 2.000000000000000000e+00 2.000000000000000000e+00 0.000000000000000000e+00 1.000000000000000000e+00 3.070000000000000000e+02 8.970000000000000000e+02 5.900000000000000000e+01 0.000000000000000000e+00 1.300000000000000000e+01 3.000000000000000000e+00 3.000000000000000000e+00 2.600000000000000000e+01 2.800000000000000000e+01 0.000000000000000000e+00 4.000000000000000000e+00 2.000000000000000000e+00 0.000000000000000000e+00 5.000000000000000000e+00 2.400000000000000000e+01 8.800000000000000000e+01 5.200000000000000000e+01 5.100000000000000000e+01 5.000000000000000000e+00 2.000000000000000000e+00 0.000000000000000000e+00 2.100000000000000000e+01 5.300000000000000000e+01 5.100000000000000000e+01 1.600000000000000000e+01 0.000000000000000000e+00 0.000000000000000000e+00 0.000000000000000000e+00 0.000000000000000000e+00 0.000000000000000000e+00 0.000000000000000000e+00 0.000000000000000000e+00 0.000000000000000000e+00 0.000000000000000000e+00 0.000000000000000000e+00 1.000000000000000000e+00 3.000000000000000000e+00 2.000000000000000000e+00 9.000000000000000000e+00 0.000000000000000000e+00 0.000000000000000000e+00 0.000000000000000000e+00 0.000000000000000000e+00 1.700000000000000000e+01 2.500000000000000000e+01 6.000000000000000000e+00 0.000000000000000000e+00 0.000000000000000000e+00 0.000000000000000000e+00 0.000000000000000000e+00 4.000000000000000000e+00 0.000000000000000000e+00
