0.000000000000000000e+00 0.000000000000000000e+00 0.000000000000000000e+00 0.000000000000000000e+00 0.000000000000000000e+00 0.000000000000000000e+00 0.000000000000000000e+00 0.000000000000000000e+00 0.000000000000000000e+00 0.000000000000000000e+00 0.000000000000000000e+00 0.000000000000000000e+00 0.000000000000000000e+00 0.000000000000000000e+00 0.000000000000000000e+00 0.000000000000000000e+00 0.000000000000000000e+00 0.000000000000000000e+00 0.000000000000000000e+00 0.000000000000000000e+00 0.000000000000000000e+00 0.000000000000000000e+00 0.000000000000000000e+00 0.000000000000000000e+00 0.000000000000000000e+00 0.000000000000000000e+00 0.000000000000000000e+00 0.000000000000000000e+00 0.000000000000000000e+00 0.000000000000000000e+00 0.000000000000000000e+00 0.000000000000000000e+00 0.000000000000000000e+00 0.000000000000000000e+00 0.000000000000000000e+00 0.000000000000000000e+00 0.000000000000000000e+00 0.000000000000000000e+00 0.000000000000000000e+00 0.000000000000000000e+00 0.000000000000000000e+00 0.000000000000000000e+00 0.000000000000000000e+00 0.000000000000000000e+00 0.000000000000000000e+00 0.000000000000000000e+00 0.000000000000000000e+00 0.000000000000000000e+00 0.000000000000000000e+00 0.000000000000000000e+00 0.000000000000000000e+00 0.000000000000000000e+00 0.000000000000000000e+00 0.000000000000000000e+00 0.000000000000000000e+00 0.000000000000000000e+00 0.000000000000000000e+00 0.000000000000000000e+00 0.000000000000000000e+00 0.000000000000000000e+00 0.000000000000000000e+00 0.000000000000000000e+00 0.000000000000000000e+00 0.000000000000000000e+00 0.000000000000000000e+00 0.000000000000000000e+00 0.000000000000000000e+00 0.000000000000000000e+00 0.000000000000000000e+00 0.000000000000000000e+00 0.000000000000000000e+00 0.000000000000000000e+00 0.000000000000000000e+00 0.000000000000000000e+00 0.000000000000000000e+00 0.000000000000000000e+00 0.000000000000000000e+00 0.000000000000000000e+00 0.000000000000000000e+00 0.000000000000000000e+00 0.000000000000000000e+00 0.000000000000000000e+00 0.000000000000000000e+00 0.000000000000000000e+00 0.000000000000000000e+00 0.000000000000000000e+00 0.000000000000000000e+00 0.000000000000000000e+00 0.000000000000000000e+00
0.000000000000000000e+00 0.000000000000000000e+00 0.000000000000000000e+00 0.000000000000000000e+00 0.000000000000000000e+00 0.000000000000000000e+00 0.000000000000000000e+00 0.000000000000000000e+00 0.000000000000000000e+00 0.000000000000000000e+00 0.000000000000000000e+00 0.000000000000000000e+00 0.000000000000000000e+00 0.000000000000000000e+00 0.000000000000000000e+00 0.000000000000000000e+00 0.000000000000000000e+00 0.000000000000000000e+00 0.000000000000000000e+00 0.000000000000000000e+00 0.000000000000000000e+00 0.000000000000000000e+00 0.000000000000000000e+00 0.000000000000000000e+00 0.000000000000000000e+00 0.000000000000000000e+00 0.000000000000000000e+00 0.000000000000000000e+00 0.000000000000000000e+00 0.000000000000000000e+00 0.000000000000000000e+00 0.000000000000000000e+00 0.000000000000000000e+00 0.000000000000000000e+00 0.000000000000000000e+00 0.000000000000000000e+00 0.000000000000000000e+00 0.000000000000000000e+00 0.000000000000000000e+00 0.000000000000000000e+00 0.000000000000000000e+00 0.000000000000000000e+00 0.000000000000000000e+00 0.000000000000000000e+00 0.000000000000000000e+00 0.000000000000000000e+00 0.000000000000000000e+00 0.000000000000000000e+00 0.000000000000000000e+00 0.000000000000000000e+00 0.000000000000000000e+00 0.000000000000000000e+00 0.000000000000000000e+00 0.000000000000000000e+00 0.000000000000000000e+00 0.000000000000000000e+00 0.000000000000000000e+00 0.000000000000000000e+00 0.000000000000000000e+00 0.000000000000000000e+00 0.000000000000000000e+00 0.000000000000000000e+00 0.000000000000000000e+00 0.000000000000000000e+00 0.000000000000000000e+00 0.000000000000000000e+00 0.000000000000000000e+00 0.000000000000000000e+00 0.000000000000000000e+00 0.000000000000000000e+00 0.000000000000000000e+00 0.000000000000000000e+00 0.000000000000000000e+00 0.000000000000000000e+00 0.000000000000000000e+00 0.000000000000000000e+00 0.000000000000000000e+00 0.000000000000000000e+00 0.000000000000000000e+00 0.000000000000000000e+00 0.000000000000000000e+00 0.000000000000000000e+00 0.000000000000000000e+00 0.000000000000000000e+00 0.000000000000000000e+00 0.000000000000000000e+00 0.000000000000000000e+00 0.000000000000000000e+00 0.000000000000000000e+00
0.000000000000000000e+00 0.000000000000000000e+00 0.000000000000000000e+00 0.000000000000000000e+00 0.000000000000000000e+00 0.000000000000000000e+00 0.000000000000000000e+00 0.000000000000000000e+00 0.000000000000000000e+00 0.000000000000000000e+00 0.000000000000000000e+00 0.000000000000000000e+00 0.000000000000000000e+00 0.000000000000000000e+00 0.000000000000000000e+00 0.000000000000000000e+00 0.000000000000000000e+00 0.000000000000000000e+00 0.000000000000000000e+00 0.000000000000000000e+00 0.000000000000000000e+00 0.000000000000000000e+00 0.000000000000000000e+00 0.000000000000000000e+00 0.000000000000000000e+00 0.000000000000000000e+00 0.000000000000000000e+00 0.000000000000000000e+00 0.000000000000000000e+00 0.000000000000000000e+00 0.000000000000000000e+00 0.000000000000000000e+00 0.000000000000000000e+00 0.000000000000000000e+00 0.000000000000000000e+00 0.000000000000000000e+00 0.000000000000000000e+00 0.000000000000000000e+00 0.000000000000000000e+00 0.000000000000000000e+00 0.000000000000000000e+00 0.000000000000000000e+00 0.000000000000000000e+00 0.000000000000000000e+00 0.000000000000000000e+00 0.000000000000000000e+00 0.000000000000000000e+00 0.000000000000000000e+00 0.000000000000000000e+00 0.000000000000000000e+00 0.000000000000000000e+00 0.000000000000000000e+00 0.000000000000000000e+00 0.000000000000000000e+00 0.000000000000000000e+00 0.000000000000000000e+00 0.000000000000000000e+00 0.000000000000000000e+00 0.000000000000000000e+00 0.000000000000000000e+00 0.000000000000000000e+00 0.000000000000000000e+00 0.000000000000000000e+00 0.000000000000000000e+00 0.000000000000000000e+00 0.000000000000000000e+00 0.000000000000000000e+00 0.000000000000000000e+00 0.000000000000000000e+00 0.000000000000000000e+00 0.000000000000000000e+00 0.000000000000000000e+00 0.000000000000000000e+00 0.000000000000000000e+00 0.000000000000000000e+00 0.000000000000000000e+00 0.000000000000000000e+00 0.000000000000000000e+00 0.000000000000000000e+00 0.000000000000000000e+00 0.000000000000000000e+00 0.000000000000000000e+00 0.000000000000000000e+00 0.000000000000000000e+00 0.000000000000000000e+00 0.000000000000000000e+00 0.000000000000000000e+00 0.000000000000000000e+00 0.000000000000000000e+00
0.000000000000000000e+00 0.000000000000000000e+00 0.000000000000000000e+00 5.055045871559628701e+00 7.813131313131309597e+00 1.161620185922974358e+01 2.999999999999999645e+01 3.456666666666663446e+01 0.000000000000000000e+00 1.130338541666665897e+01 4.524999999999997158e+01 7.047801147227531260e+00 5.824999999999994316e+01 7.350000000000000000e+01 6.383333333333331439e+01 2.266666666666667140e+01 3.650000000000000000e+01 6.199999999999999289e+01 6.800000000000000000e+01 0.000000000000000000e+00 0.000000000000000000e+00 0.000000000000000000e+00 0.000000000000000000e+00 0.000000000000000000e+00 0.000000000000000000e+00 0.000000000000000000e+00 0.000000000000000000e+00 0.000000000000000000e+00 8.749999999999998579e+01 0.000000000000000000e+00 0.000000000000000000e+00 8.074999999999992895e+01 8.049999999999997158e+01 0.000000000000000000e+00 0.000000000000000000e+00 0.000000000000000000e+00 0.000000000000000000e+00 3.198076923076920863e+01 3.391176470588231950e+01 0.000000000000000000e+00 0.000000000000000000e+00 0.000000000000000000e+00 0.000000000000000000e+00 0.000000000000000000e+00 3.466666666666665719e+01 0.000000000000000000e+00 0.000000000000000000e+00 0.000000000000000000e+00 0.000000000000000000e+00 0.000000000000000000e+00 0.000000000000000000e+00 0.000000000000000000e+00 0.000000000000000000e+00 0.000000000000000000e+00 0.000000000000000000e+00 0.000000000000000000e+00 0.000000000000000000e+00 0.000000000000000000e+00 0.000000000000000000e+00 0.000000000000000000e+00 0.000000000000000000e+00 0.000000000000000000e+00 0.000000000000000000e+00 0.000000000000000000e+00 0.000000000000000000e+00 0.000000000000000000e+00 0.000000000000000000e+00 0.000000000000000000e+00 0.000000000000000000e+00 0.000000000000000000e+00 0.000000000000000000e+00 0.000000000000000000e+00 0.000000000000000000e+00 0.000000000000000000e+00 0.000000000000000000e+00 0.000000000000000000e+00 0.000000000000000000e+00 0.000000000000000000e+00 0.000000000000000000e+00 0.000000000000000000e+00 0.000000000000000000e+00 0.000000000000000000e+00 0.000000000000000000e+00 0.000000000000000000e+00 0.000000000000000000e+00 0.000000000000000000e+00 0.000000000000000000e+00 0.000000000000000000e+00 0.000000000000000000e+00
0.000000000000000000e+00 0.000000000000000000e+00 0.000000000000000000e+00 7.813131313131309597e+00 9.446803019549644631e+00 1.008841195429240756e+01 2.798953974895396257e+01 2.538615179760318696e+01 4.041961414790996088e+01 1.933308099924299128e+01 4.123999999999998778e+01 2.286153289949385226e+01 5.769072164948451586e+01 5.871428571428570109e+01 3.668115942028984477e+01 1.419746376811593791e+01 3.025133689839571716e+01 5.169863013698628151e+01 6.203813559322031779e+01 0.000000000000000000e+00 0.000000000000000000e+00 0.000000000000000000e+00 0.000000000000000000e+00 2.899999999999998934e+01 4.549999999999998579e+01 9.575000000000000000e+01 0.000000000000000000e+00 0.000000000000000000e+00 7.066666666666664298e+01 7.082352941176468164e+01 7.574999999999994316e+01 7.699999999999997158e+01 6.719847328244271978e+01 8.674999999999998579e+01 0.000000000000000000e+00 0.000000000000000000e+00 0.000000000000000000e+00 1.249217050891691727e+01 2.225741457124435030e+01 3.970652173913042304e+01 0.000000000000000000e+00 5.383333333333331439e+01 7.466666666666664298e+01 7.033333333333332860e+01 6.130283135002049022e+00 2.564583333333332504e+01 0.000000000000000000e+00 0.000000000000000000e+00 4.383333333333329307e+01 0.000000000000000000e+00 5.024999999999994316e+01 4.749999999999995737e+01 5.095454545454542483e+01 6.462499999999995737e+01 5.914285714285710327e+01 6.974999999999994316e+01 0.000000000000000000e+00 0.000000000000000000e+00 0.000000000000000000e+00 5.249999999999998579e+01 5.659999999999995168e+01 0.000000000000000000e+00 0.000000000000000000e+00 0.000000000000000000e+00 0.000000000000000000e+00 0.000000000000000000e+00 0.000000000000000000e+00 0.000000000000000000e+00 0.000000000000000000e+00 0.000000000000000000e+00 0.000000000000000000e+00 0.000000000000000000e+00 0.000000000000000000e+00 8.099999999999997158e+01 0.000000000000000000e+00 6.750000000000000000e+01 0.000000000000000000e+00 0.000000000000000000e+00 0.000000000000000000e+00 0.000000000000000000e+00 3.230555555555552871e+01 4.841666666666660745e+01 1.449999999999999645e+01 0.000000000000000000e+00 0.000000000000000000e+00 0.000000000000000000e+00 0.000000000000000000e+00 1.824999999999999289e+01 0.000000000000000000e+00
0.000000000000000000e+00 0.000000000000000000e+00 0.000000000000000000e+00 1.161620185922974358e+01 1.008841195429240756e+01 1.469076529797091446e+01 1.202727942983533715e+01 1.565957209716959397e+01 3.567206982543640237e+01 1.723478352916269074e+01 4.141497005988022551e+01 3.027706013363028248e+01 5.436666666666664582e+01 6.496428571428565135e+01 2.815595075239397005e+01 2.100102564102562752e+01 3.608072916666665009e+01 5.690104166666665009e+01 6.877777777777775725e+01 0.000000000000000000e+00 4.500000000000000000e+01 0.000000000000000000e+00 3.999999999999997868e+01 0.000000000000000000e+00 4.764999999999997016e+01 7.024999999999998579e+01 3.799999999999997158e+01 8.033333333333332860e+01 6.702419354838706056e+01 6.051530612244896190e+01 8.824999999999998579e+01 7.813999999999997215e+01 7.435999999999998522e+01 7.866666666666662877e+01 8.024999999999997158e+01 8.499999999999995737e+01 8.669999999999997442e+01 1.670391752577318911e+01 1.912701430382037771e+01 3.255855855855854486e+01 0.000000000000000000e+00 6.063636363636360471e+01 3.924999999999999289e+01 2.212500000000000000e+01 1.594886363636362780e+01 4.728787878787876764e+01 0.000000000000000000e+00 4.349999999999995737e+01 5.149999999999995737e+01 0.000000000000000000e+00 5.233333333333327886e+01 5.733333333333328596e+01 5.653124999999994316e+01 6.193333333333329449e+01 5.844999999999996732e+01 8.074999999999991473e+01 5.999999999999995737e+01 0.000000000000000000e+00 3.518750000000001421e+01 3.583333333333330728e+01 5.549999999999994316e+01 1.127499999999999574e+02 0.000000000000000000e+00 0.000000000000000000e+00 0.000000000000000000e+00 0.000000000000000000e+00 0.000000000000000000e+00 0.000000000000000000e+00 0.000000000000000000e+00 0.000000000000000000e+00 0.000000000000000000e+00 0.000000000000000000e+00 0.000000000000000000e+00 0.000000000000000000e+00 9.999999999999994316e+01 8.850000000000001421e+01 0.000000000000000000e+00 0.000000000000000000e+00 0.000000000000000000e+00 0.000000000000000000e+00 3.267647058823526152e+01 4.530555555555553582e+01 0.000000000000000000e+00 0.000000000000000000e+00 0.000000000000000000e+00 0.000000000000000000e+00 7.999999999999991473e+01 0.000000000000000000e+00 0.000000000000000000e+00
0.000000000000000000e+00 0.000000000000000000e+00 0.000000000000000000e+00 2.999999999999999645e+01 2.798953974895396257e+01 1.202727942983533715e+01 8.796337497860683641e+00 7.440917661847891829e+00 2.262062937062936285e+01 1.338241058304751974e+01 3.924347826086955138e+01 4.214999999999999147e+01 4.785555555555553298e+01 7.250000000000001421e+01 4.385714285714283989e+01 2.667803030303029033e+01 3.455263157894735571e+01 6.024999999999994316e+01 7.131818181818178459e+01 0.000000000000000000e+00 0.000000000000000000e+00 0.000000000000000000e+00 0.000000000000000000e+00 0.000000000000000000e+00 0.000000000000000000e+00 0.000000000000000000e+00 0.000000000000000000e+00 0.000000000000000000e+00 5.635294117647058698e+01 4.898717948717946058e+01 8.550000000000000000e+01 8.034615384615383959e+01 7.108333333333331439e+01 0.000000000000000000e+00 0.000000000000000000e+00 0.000000000000000000e+00 8.416666666666667140e+01 3.172807017543858876e+01 2.889140271493211287e+01 5.262500000000000000e+01 0.000000000000000000e+00 4.950000000000000000e+01 5.674999999999997158e+01 3.500000000000001421e+01 3.441999999999998039e+01 6.949999999999997158e+01 0.000000000000000000e+00 0.000000000000000000e+00 0.000000000000000000e+00 0.000000000000000000e+00 6.249999999999994316e+01 5.649999999999994316e+01 0.000000000000000000e+00 0.000000000000000000e+00 0.000000000000000000e+00 0.000000000000000000e+00 0.000000000000000000e+00 0.000000000000000000e+00 0.000000000000000000e+00 3.499999999999999289e+01 0.000000000000000000e+00 0.000000000000000000e+00 0.000000000000000000e+00 0.000000000000000000e+00 0.000000000000000000e+00 0.000000000000000000e+00 0.000000000000000000e+00 0.000000000000000000e+00 0.000000000000000000e+00 0.000000000000000000e+00 0.000000000000000000e+00 0.000000000000000000e+00 0.000000000000000000e+00 0.000000000000000000e+00 0.000000000000000000e+00 0.000000000000000000e+00 0.000000000000000000e+00 0.000000000000000000e+00 0.000000000000000000e+00 0.000000000000000000e+00 3.799999999999997158e+01 4.699999999999994316e+01 0.000000000000000000e+00 0.000000000000000000e+00 0.000000000000000000e+00 0.000000000000000000e+00 0.000000000000000000e+00 0.000000000000000000e+00 0.000000000000000000e+00
0.000000000000000000e+00 0.000000000000000000e+00 0.000000000000000000e+00 3.456666666666663446e+01 2.538615179760318696e+01 1.565957209716959397e+01 7.440917661847891829e+00 8.207727503812913383e+00 8.434455802766084531e+00 1.887113951011713908e+01 3.233489096573207888e+01 2.882104228121925971e+01 3.499999999999999289e+01 6.999999999999997158e+01 3.655303030303029033e+01 2.228779697624189282e+01 2.368181818181817277e+01 4.922058823529408755e+01 6.334999999999998721e+01 0.000000000000000000e+00 0.000000000000000000e+00 7.149999999999995737e+01 0.000000000000000000e+00 0.000000000000000000e+00 0.000000000000000000e+00 8.287499999999997158e+01 0.000000000000000000e+00 0.000000000000000000e+00 4.527027027027025952e+01 4.107055214723925474e+01 6.599999999999997158e+01 7.356060606060604812e+01 6.475781249999997158e+01 6.462499999999997158e+01 0.000000000000000000e+00 0.000000000000000000e+00 5.812499999999998579e+01 2.538124999999999076e+01 2.549487554904830588e+01 3.079166666666665364e+01 0.000000000000000000e+00 5.349999999999999289e+01 5.087500000000000000e+01 2.699999999999996803e+01 2.917543859649121174e+01 4.762499999999997158e+01 5.599999999999994316e+01 3.799999999999995737e+01 3.687499999999996447e+01 0.000000000000000000e+00 4.612499999999995026e+01 4.624999999999997158e+01 4.266129032258061926e+01 7.608333333333327175e+01 4.261538461538457767e+01 0.000000000000000000e+00 0.000000000000000000e+00 3.999999999999996447e+01 2.422580645161289681e+01 2.340909090909090295e+01 4.949999999999997158e+01 6.349999999999995737e+01 0.000000000000000000e+00 0.000000000000000000e+00 0.000000000000000000e+00 0.000000000000000000e+00 0.000000000000000000e+00 0.000000000000000000e+00 0.000000000000000000e+00 0.000000000000000000e+00 0.000000000000000000e+00 0.000000000000000000e+00 0.000000000000000000e+00 0.000000000000000000e+00 0.000000000000000000e+00 0.000000000000000000e+00 0.000000000000000000e+00 0.000000000000000000e+00 0.000000000000000000e+00 0.000000000000000000e+00 3.582352941176468164e+01 4.218918918918917171e+01 0.000000000000000000e+00 0.000000000000000000e+00 0.000000000000000000e+00 0.000000000000000000e+00 0.000000000000000000e+00 3.609999999999998010e+01 0.000000000000000000e+00
0.000000000000000000e+00 0.000000000000000000e+00 0.000000000000000000e+00 0.000000000000000000e+00 4.041961414790996088e+01 3.567206982543640237e+01 2.262062937062936285e+01 8.434455802766084531e+00 1.208762071034971797e+01 2.060128273650454034e+01 2.382632293080054353e+01 3.225254237288135784e+01 1.071197780678851252e+01 5.479545454545454675e+01 2.387024901703799884e+01 3.427125850340136282e+01 2.710180623973727521e+01 4.937272727272727479e+01 5.250000000000000000e+01 0.000000000000000000e+00 9.374999999999997158e+01 5.933333333333332149e+01 7.199999999999998579e+01 1.180000000000000142e+02 6.974999999999998579e+01 5.819230769230768630e+01 2.862500000000000711e+01 4.016666666666667851e+01 2.521181716833890363e+01 2.615288649706457136e+01 5.614999999999999858e+01 5.988674033149171549e+01 5.217289719626167965e+01 4.967857142857143060e+01 6.543333333333332291e+01 6.004999999999999716e+01 5.390909090909090651e+01 2.190621531631520469e+01 1.836918918918918564e+01 3.162500000000000000e+01 0.000000000000000000e+00 4.013636363636363313e+01 5.272222222222220722e+01 4.949999999999996447e+01 4.516666666666665009e+01 3.849999999999999289e+01 0.000000000000000000e+00 6.499999999999997158e+01 5.899999999999997868e+01 0.000000000000000000e+00 0.000000000000000000e+00 4.631249999999994316e+01 5.412264150943392593e+01 5.491176470588232661e+01 5.041379310344826337e+01 6.950000000000000000e+01 0.000000000000000000e+00 6.149999999999994316e+01 4.324999999999998579e+01 3.260999999999999233e+01 0.000000000000000000e+00 7.099999999999994316e+01 0.000000000000000000e+00 0.000000000000000000e+00 0.000000000000000000e+00 0.000000000000000000e+00 0.000000000000000000e+00 0.000000000000000000e+00 0.000000000000000000e+00 0.000000000000000000e+00 0.000000000000000000e+00 0.000000000000000000e+00 7.299999999999992895e+01 0.000000000000000000e+00 8.816666666666664298e+01 9.133333333333331439e+01 0.000000000000000000e+00 0.000000000000000000e+00 0.000000000000000000e+00 0.000000000000000000e+00 4.049999999999996447e+01 5.233333333333330728e+01 6.299999999999999289e+01 0.000000000000000000e+00 5.749999999999992184e+01 0.000000000000000000e+00 0.000000000000000000e+00 0.000000000000000000e+00 0.000000000000000000e+00
0.000000000000000000e+00 0.000000000000000000e+00 0.000000000000000000e+00 1.130338541666665897e+01 1.933308099924299128e+01 1.723478352916269074e+01 1.338241058304751974e+01 1.887113951011713908e+01 2.060128273650454034e+01 1.299307205348886818e+01 1.694096701649174719e+01 1.594840537271626957e+01 4.227485659655830119e+01 5.029646017699113258e+01 3.007912621359221816e+01 2.582432432432431568e+01 2.477833182230279618e+01 5.009962406015034730e+01 6.124766355140184970e+01 1.014999999999999574e+02 9.816666666666667140e+01 6.900000000000001421e+01 1.164999999999999716e+02 0.000000000000000000e+00 9.250000000000000000e+01 8.928125000000000000e+01 8.749999999999998579e+01 7.525000000000002842e+01 5.786084905660375455e+01 5.633766233766232290e+01 7.123999999999998067e+01 6.574238733252130373e+01 6.299882766705742654e+01 6.630769230769229239e+01 9.116666666666668561e+01 7.675000000000000000e+01 8.053125000000000000e+01 2.353495805033957566e+01 2.560424523740448777e+01 3.813157894736840348e+01 0.000000000000000000e+00 4.975862068965516016e+01 9.850000000000000000e+01 6.749999999999998579e+01 3.178758169934638289e+01 5.082142857142856229e+01 0.000000000000000000e+00 4.950000000000000000e+01 5.449999999999995026e+01 0.000000000000000000e+00 4.924999999999988631e+01 4.936363636363630292e+01 5.243023255813949390e+01 5.974999999999995737e+01 4.574074074074070495e+01 6.533333333333331439e+01 0.000000000000000000e+00 7.199999999999994316e+01 3.263636363636361892e+01 3.047272727272725135e+01 5.222222222222218591e+01 7.683333333333330017e+01 0.000000000000000000e+00 0.000000000000000000e+00 0.000000000000000000e+00 0.000000000000000000e+00 0.000000000000000000e+00 0.000000000000000000e+00 0.000000000000000000e+00 0.000000000000000000e+00 0.000000000000000000e+00 0.000000000000000000e+00 0.000000000000000000e+00 0.000000000000000000e+00 8.349999999999995737e+01 9.849999999999994316e+01 0.000000000000000000e+00 0.000000000000000000e+00 0.000000000000000000e+00 0.000000000000000000e+00 4.454999999999996874e+01 5.001999999999996049e+01 5.566666666666662877e+01 0.000000000000000000e+00 0.000000000000000000e+00 0.000000000000000000e+00 0.000000000000000000e+00 4.599999999999992184e+01 0.000000000000000000e+00
0.000000000000000000e+00 0.000000000000000000e+00 0.000000000000000000e+00 4.524999999999997158e+01 4.123999999999998778e+01 4.141497005988022551e+01 3.924347826086955138e+01 3.233489096573207888e+01 2.382632293080054353e+01 1.694096701649174719e+01 1.355735987427972766e+01 2.139259440902403142e+01 1.550473098330241228e+01 3.498623853211009305e+01 2.460904255319148959e+01 4.018518518518516913e+01 2.628672985781989624e+01 2.891496598639455939e+01 4.673492063492064830e+01 0.000000000000000000e+00 6.462500000000000000e+01 5.374999999999999289e+01 9.349999999999998579e+01 8.599999999999995737e+01 8.512499999999998579e+01 6.780303030303029743e+01 7.800000000000001421e+01 5.960000000000000142e+01 3.315740740740740478e+01 3.635022354694486069e+01 5.481034482758620641e+01 4.746923575129533646e+01 4.345678813286036757e+01 4.810837438423645551e+01 6.125735294117647101e+01 5.256250000000000711e+01 5.483582089552238870e+01 2.128938906752410887e+01 2.169677722888732063e+01 2.720383275261324130e+01 0.000000000000000000e+00 2.814705882352941302e+01 5.884374999999999289e+01 4.683333333333332860e+01 3.942499999999997584e+01 3.502486187845303789e+01 0.000000000000000000e+00 0.000000000000000000e+00 6.139999999999995595e+01 0.000000000000000000e+00 0.000000000000000000e+00 4.644999999999995310e+01 5.514999999999997016e+01 4.992028985507243988e+01 5.105555555555552161e+01 4.962499999999994316e+01 0.000000000000000000e+00 7.374999999999998579e+01 4.591666666666663588e+01 3.531481481481479534e+01 3.405555555555553582e+01 7.733333333333330017e+01 0.000000000000000000e+00 0.000000000000000000e+00 0.000000000000000000e+00 0.000000000000000000e+00 0.000000000000000000e+00 0.000000000000000000e+00 0.000000000000000000e+00 0.000000000000000000e+00 0.000000000000000000e+00 0.000000000000000000e+00 7.249999999999994316e+01 0.000000000000000000e+00 9.262499999999997158e+01 8.499999999999992895e+01 0.000000000000000000e+00 0.000000000000000000e+00 0.000000000000000000e+00 0.000000000000000000e+00 4.796153846153842437e+01 4.962820512820510288e+01 4.924999999999995737e+01 0.000000000000000000e+00 0.000000000000000000e+00 0.000000000000000000e+00 0.000000000000000000e+00 7.099999999999995737e+01 7.849999999999998579e+01
0.000000000000000000e+00 0.000000000000000000e+00 0.000000000000000000e+00 7.047801147227531260e+00 2.286153289949385226e+01 3.027706013363028248e+01 4.214999999999999147e+01 2.882104228121925971e+01 3.225254237288135784e+01 1.594840537271626957e+01 2.139259440902403142e+01 1.579478991899839180e+01 2.290614510715207786e+01 1.526288659793814517e+01 3.681570996978850729e+01 2.633515482695809595e+01 1.965386485172580677e+01 2.370267524551303140e+01 4.116417290108062588e+01 0.000000000000000000e+00 1.012500000000000000e+02 0.000000000000000000e+00 0.000000000000000000e+00 0.000000000000000000e+00 5.250000000000002132e+01 7.050000000000000000e+01 5.375000000000000000e+01 6.580000000000002558e+01 3.655486381322957357e+01 4.175701624815361868e+01 6.214705882352941302e+01 5.550129198966408239e+01 4.499111675126903265e+01 6.097500000000000142e+01 7.030555555555557135e+01 6.636111111111111427e+01 6.703488372093023884e+01 2.431432291666665790e+01 2.963116926134480522e+01 3.070314547837483588e+01 0.000000000000000000e+00 3.317965779467680676e+01 6.029999999999999005e+01 4.596428571428571530e+01 4.287037037037035248e+01 3.890882061446977502e+01 0.000000000000000000e+00 5.416666666666665009e+01 6.724999999999994316e+01 7.949999999999997158e+01 6.369999999999993179e+01 5.369999999999995310e+01 5.383823529411760944e+01 5.084722222222220012e+01 1.220621468926553099e+01 5.011999999999997613e+01 1.508333333333334281e+01 4.899999999999993605e+01 3.835714285714282568e+01 3.192857142857141639e+01 2.323291925465836982e+01 6.239999999999997726e+01 0.000000000000000000e+00 0.000000000000000000e+00 0.000000000000000000e+00 0.000000000000000000e+00 0.000000000000000000e+00 0.000000000000000000e+00 0.000000000000000000e+00 0.000000000000000000e+00 0.000000000000000000e+00 0.000000000000000000e+00 9.899999999999998579e+01 8.499999999999997158e+01 0.000000000000000000e+00 4.419999999999998863e+01 0.000000000000000000e+00 0.000000000000000000e+00 0.000000000000000000e+00 0.000000000000000000e+00 4.353333333333330302e+01 4.826923076923073097e+01 7.050000000000004263e+01 0.000000000000000000e+00 3.499999999999997868e+01 0.000000000000000000e+00 0.000000000000000000e+00 4.983333333333329307e+01 5.550000000000001421e+01
0.000000000000000000e+00 0.000000000000000000e+00 0.000000000000000000e+00 5.824999999999994316e+01 5.769072164948451586e+01 5.436666666666664582e+01 4.785555555555553298e+01 3.499999999999999289e+01 1.071197780678851252e+01 4.227485659655830119e+01 1.550473098330241228e+01 2.290614510715207786e+01 1.235086692674468978e+01 9.677524308152580801e+00 2.317702702702703021e+01 5.805337078651683669e+01 4.324778761061945431e+01 2.196506300114547372e+01 3.803945111492281939e+01 6.629999999999998295e+01 7.703846153846153300e+01 6.335294117647058698e+01 6.566666666666664298e+01 6.865999999999998238e+01 6.521875000000000000e+01 2.342156862745098067e+01 4.328846153846154721e+01 5.390540540540540349e+01 1.610861138031289030e+01 2.776183939601921580e+01 5.264634146341463605e+01 4.081886100930363881e+01 3.806937534549476254e+01 4.811716171617162985e+01 6.304702194357366807e+01 5.492553191489361808e+01 5.601123595505617914e+01 2.438727042431919045e+01 2.400276019927293092e+01 2.844162561576355586e+01 0.000000000000000000e+00 2.670098730606488147e+01 4.755487804878049474e+01 3.805535279805353355e+01 6.499999999999997158e+01 3.449710718635810736e+01 0.000000000000000000e+00 0.000000000000000000e+00 0.000000000000000000e+00 0.000000000000000000e+00 6.450000000000004263e+01 5.474999999999996447e+01 1.134999999999999574e+02 5.473076923076921219e+01 5.408333333333331439e+01 5.507142857142851256e+01 0.000000000000000000e+00 7.650000000000000000e+01 0.000000000000000000e+00 4.949999999999998579e+01 4.094444444444442865e+01 5.350000000000002842e+01 0.000000000000000000e+00 0.000000000000000000e+00 0.000000000000000000e+00 0.000000000000000000e+00 0.000000000000000000e+00 0.000000000000000000e+00 0.000000000000000000e+00 0.000000000000000000e+00 0.000000000000000000e+00 0.000000000000000000e+00 0.000000000000000000e+00 0.000000000000000000e+00 6.999999999999998579e+01 5.874999999999999289e+01 0.000000000000000000e+00 0.000000000000000000e+00 0.000000000000000000e+00 0.000000000000000000e+00 0.000000000000000000e+00 6.359999999999995168e+01 0.000000000000000000e+00 0.000000000000000000e+00 4.049999999999998579e+01 0.000000000000000000e+00 0.000000000000000000e+00 7.399999999999991473e+01 5.250000000000000711e+01
0.000000000000000000e+00 0.000000000000000000e+00 0.000000000000000000e+00 7.350000000000000000e+01 5.871428571428570109e+01 6.496428571428565135e+01 7.250000000000001421e+01 6.999999999999997158e+01 5.479545454545454675e+01 5.029646017699113258e+01 3.498623853211009305e+01 1.526288659793814517e+01 9.677524308152580801e+00 1.076047529706066364e+01 2.880000000000000071e+01 5.337903225806449825e+01 4.352499999999997726e+01 1.083423913043478315e+01 2.487837837837837895e+01 0.000000000000000000e+00 7.250000000000001421e+01 0.000000000000000000e+00 0.000000000000000000e+00 0.000000000000000000e+00 0.000000000000000000e+00 0.000000000000000000e+00 0.000000000000000000e+00 0.000000000000000000e+00 1.173952341824157841e+01 3.939189189189189477e+01 0.000000000000000000e+00 1.775077881619937870e+01 1.759239130434782794e+01 6.000000000000002842e+01 7.975000000000001421e+01 0.000000000000000000e+00 7.183333333333332860e+01 3.451315789473684248e+01 4.633076923076922782e+01 3.743750000000001421e+01 0.000000000000000000e+00 3.222727272727273373e+01 7.149999999999995737e+01 4.007142857142856940e+01 6.424999999999997158e+01 4.004054054054055456e+01 0.000000000000000000e+00 0.000000000000000000e+00 0.000000000000000000e+00 0.000000000000000000e+00 0.000000000000000000e+00 0.000000000000000000e+00 0.000000000000000000e+00 0.000000000000000000e+00 2.312499999999998934e+01 0.000000000000000000e+00 0.000000000000000000e+00 0.000000000000000000e+00 5.549999999999997158e+01 5.700000000000001421e+01 0.000000000000000000e+00 0.000000000000000000e+00 0.000000000000000000e+00 0.000000000000000000e+00 0.000000000000000000e+00 0.000000000000000000e+00 0.000000000000000000e+00 0.000000000000000000e+00 0.000000000000000000e+00 0.000000000000000000e+00 0.000000000000000000e+00 0.000000000000000000e+00 0.000000000000000000e+00 0.000000000000000000e+00 0.000000000000000000e+00 0.000000000000000000e+00 0.000000000000000000e+00 0.000000000000000000e+00 0.000000000000000000e+00 0.000000000000000000e+00 0.000000000000000000e+00 0.000000000000000000e+00 0.000000000000000000e+00 0.000000000000000000e+00 0.000000000000000000e+00 0.000000000000000000e+00 0.000000000000000000e+00 0.000000000000000000e+00 0.000000000000000000e+00
0.000000000000000000e+00 0.000000000000000000e+00 0.000000000000000000e+00 6.383333333333331439e+01 3.668115942028984477e+01 2.815595075239397005e+01 4.385714285714283989e+01 3.655303030303029033e+01 2.387024901703799884e+01 3.007912621359221816e+01 2.460904255319148959e+01 3.681570996978850729e+01 2.317702702702703021e+01 2.880000000000000071e+01 1.185363684865729539e+01 4.389259259259257817e+01 3.291358024691356832e+01 2.276724137931034164e+01 2.606094808126410811e+01 1.587037037037036491e+01 1.880843585237257543e+01 2.430000000000000071e+01 2.368005540166204881e+01 1.912972085385877463e+01 2.096747114375655840e+01 2.005392912172572650e+01 1.864386792452829766e+01 2.234687500000000071e+01 2.030658250676285448e+01 2.357734674329502056e+01 4.262326869806091878e+01 3.521327319587628324e+01 3.416419141914190050e+01 4.766666666666665719e+01 5.610098522167486124e+01 4.919306930693068125e+01 4.294094488188975589e+01 3.257142857142856229e+01 8.479211436045968497e+00 1.831052631578947043e+01 0.000000000000000000e+00 2.169633152173912549e+01 1.315735115431348667e+01 1.543149717514124042e+01 6.188888888888886441e+01 2.164363885088918593e+01 0.000000000000000000e+00 0.000000000000000000e+00 4.399999999999995026e+01 0.000000000000000000e+00 0.000000000000000000e+00 6.299999999999998579e+01 4.831818181818177749e+01 4.844999999999996021e+01 5.312499999999998579e+01 0.000000000000000000e+00 4.649999999999999289e+01 4.916666666666665009e+01 3.900000000000000000e+01 3.599999999999997158e+01 2.649999999999998224e+01 4.362499999999996447e+01 0.000000000000000000e+00 0.000000000000000000e+00 0.000000000000000000e+00 0.000000000000000000e+00 0.000000000000000000e+00 0.000000000000000000e+00 0.000000000000000000e+00 6.250000000000001421e+01 0.000000000000000000e+00 0.000000000000000000e+00 5.399999999999999289e+01 6.775000000000000000e+01 7.949999999999998579e+01 4.416666666666663588e+01 0.000000000000000000e+00 0.000000000000000000e+00 0.000000000000000000e+00 0.000000000000000000e+00 4.549999999999998579e+01 5.675000000000000000e+01 5.049999999999998579e+01 0.000000000000000000e+00 4.038461538461537259e+01 4.233333333333332149e+01 0.000000000000000000e+00 0.000000000000000000e+00 0.000000000000000000e+00
0.000000000000000000e+00 0.000000000000000000e+00 0.000000000000000000e+00 2.266666666666667140e+01 1.419746376811593791e+01 2.100102564102562752e+01 2.667803030303029033e+01 2.228779697624189282e+01 3.427125850340136282e+01 2.582432432432431568e+01 4.018518518518516913e+01 2.633515482695809595e+01 5.805337078651683669e+01 5.337903225806449825e+01 4.389259259259257817e+01 7.487636211232186589e+00 1.362061894108873439e+01 3.914120111731840979e+01 5.216127348643003359e+01 0.000000000000000000e+00 9.699999999999997158e+01 0.000000000000000000e+00 0.000000000000000000e+00 0.000000000000000000e+00 0.000000000000000000e+00 9.500000000000000000e+01 8.049999999999998579e+01 0.000000000000000000e+00 6.449257425742572991e+01 6.758910891089107054e+01 7.443749999999997158e+01 7.049119718309856353e+01 5.401564380264738929e+01 7.700000000000000000e+01 9.599999999999994316e+01 8.975000000000000000e+01 8.859999999999999432e+01 1.492134353741495367e+01 2.467085587018770454e+01 4.188679245283017849e+01 0.000000000000000000e+00 5.630769230769227818e+01 8.149999999999994316e+01 7.889999999999994884e+01 9.389795918367338956e+00 5.473611111111108585e+01 8.999999999999994316e+01 5.066666666666662877e+01 3.069999999999998863e+01 0.000000000000000000e+00 3.749999999999995026e+01 4.078571428571423496e+01 3.815714285714281573e+01 5.111764705882350057e+01 4.254166666666663588e+01 0.000000000000000000e+00 7.749999999999992895e+01 6.099999999999996447e+01 2.303333333333333499e+01 2.591428571428570038e+01 4.062790697674416407e+01 5.568749999999995737e+01 0.000000000000000000e+00 0.000000000000000000e+00 0.000000000000000000e+00 0.000000000000000000e+00 0.000000000000000000e+00 0.000000000000000000e+00 0.000000000000000000e+00 0.000000000000000000e+00 0.000000000000000000e+00 0.000000000000000000e+00 6.350000000000000000e+01 0.000000000000000000e+00 8.833333333333331439e+01 5.540909090909088519e+01 0.000000000000000000e+00 0.000000000000000000e+00 0.000000000000000000e+00 0.000000000000000000e+00 2.906249999999996803e+01 4.225862068965516016e+01 5.249999999999994316e+01 0.000000000000000000e+00 4.799999999999991473e+01 0.000000000000000000e+00 0.000000000000000000e+00 2.674999999999996447e+01 5.300000000000001421e+01
0.000000000000000000e+00 0.000000000000000000e+00 0.000000000000000000e+00 3.650000000000000000e+01 3.025133689839571716e+01 3.608072916666665009e+01 3.455263157894735571e+01 2.368181818181817277e+01 2.710180623973727521e+01 2.477833182230279618e+01 2.628672985781989624e+01 1.965386485172580677e+01 4.324778761061945431e+01 4.352499999999997726e+01 3.291358024691356832e+01 1.362061894108873439e+01 9.750096861681512905e+00 2.023883928571427404e+01 3.795669291338581530e+01 0.000000000000000000e+00 0.000000000000000000e+00 0.000000000000000000e+00 0.000000000000000000e+00 0.000000000000000000e+00 0.000000000000000000e+00 7.449999999999997158e+01 0.000000000000000000e+00 0.000000000000000000e+00 5.123809523809522659e+01 4.858333333333331439e+01 6.439999999999999147e+01 5.691358024691356832e+01 4.491798941798941058e+01 6.825000000000000000e+01 7.650000000000000000e+01 0.000000000000000000e+00 8.699999999999998579e+01 1.945765472312702471e+01 2.497157190635449808e+01 3.161864406779659831e+01 0.000000000000000000e+00 3.142307692307692335e+01 6.983333333333334281e+01 5.999999999999999289e+01 3.398076923076921219e+01 3.862499999999999289e+01 0.000000000000000000e+00 3.387500000000000000e+01 5.149999999999995737e+01 0.000000000000000000e+00 4.189999999999993463e+01 2.774999999999995381e+01 3.313068181818177749e+01 3.300961538461535838e+01 3.059803921568625640e+01 5.689999999999995595e+01 3.249999999999999289e+01 0.000000000000000000e+00 2.204761904761903679e+01 1.353773584905659533e+01 1.931372549019607021e+01 4.237499999999999289e+01 0.000000000000000000e+00 0.000000000000000000e+00 0.000000000000000000e+00 0.000000000000000000e+00 0.000000000000000000e+00 0.000000000000000000e+00 0.000000000000000000e+00 0.000000000000000000e+00 0.000000000000000000e+00 0.000000000000000000e+00 7.549999999999988631e+01 8.616666666666661456e+01 5.999999999999997158e+01 5.772222222222220012e+01 0.000000000000000000e+00 0.000000000000000000e+00 0.000000000000000000e+00 0.000000000000000000e+00 2.917647058823527573e+01 3.393999999999999062e+01 3.958333333333330728e+01 0.000000000000000000e+00 0.000000000000000000e+00 0.000000000000000000e+00 0.000000000000000000e+00 3.324999999999998579e+01 0.000000000000000000e+00
