0.000000000000000000e+00 0.000000000000000000e+00 0.000000000000000000e+00 0.000000000000000000e+00 0.000000000000000000e+00 0.000000000000000000e+00 0.000000000000000000e+00 0.000000000000000000e+00 0.000000000000000000e+00 0.000000000000000000e+00 0.000000000000000000e+00 0.000000000000000000e+00 0.000000000000000000e+00 0.000000000000000000e+00 0.000000000000000000e+00 0.000000000000000000e+00 0.000000000000000000e+00 0.000000000000000000e+00 0.000000000000000000e+00 0.000000000000000000e+00 0.000000000000000000e+00 0.000000000000000000e+00 0.000000000000000000e+00 0.000000000000000000e+00 0.000000000000000000e+00 0.000000000000000000e+00 0.000000000000000000e+00 0.000000000000000000e+00 0.000000000000000000e+00 0.000000000000000000e+00 0.000000000000000000e+00 0.000000000000000000e+00 0.000000000000000000e+00 0.000000000000000000e+00 0.000000000000000000e+00 0.000000000000000000e+00 0.000000000000000000e+00 0.000000000000000000e+00 0.000000000000000000e+00 0.000000000000000000e+00 0.000000000000000000e+00 0.000000000000000000e+00 0.000000000000000000e+00 0.000000000000000000e+00 0.000000000000000000e+00 0.000000000000000000e+00 0.000000000000000000e+00 0.000000000000000000e+00 0.000000000000000000e+00 0.000000000000000000e+00 0.000000000000000000e+00 0.000000000000000000e+00 0.000000000000000000e+00 0.000000000000000000e+00 0.000000000000000000e+00 0.000000000000000000e+00 0.000000000000000000e+00 0.000000000000000000e+00 0.000000000000000000e+00 0.000000000000000000e+00 0.000000000000000000e+00 0.000000000000000000e+00 0.000000000000000000e+00 0.000000000000000000e+00 0.000000000000000000e+00 0.000000000000000000e+00 0.000000000000000000e+00 0.000000000000000000e+00 0.000000000000000000e+00 0.000000000000000000e+00 0.000000000000000000e+00 0.000000000000000000e+00 0.000000000000000000e+00 0.000000000000000000e+00 0.000000000000000000e+00 0.000000000000000000e+00 0.000000000000000000e+00 0.000000000000000000e+00 0.000000000000000000e+00 0.000000000000000000e+00 0.000000000000000000e+00 0.000000000000000000e+00 0.000000000000000000e+00 0.000000000000000000e+00 0.000000000000000000e+00 0.000000000000000000e+00 0.000000000000000000e+00 0.000000000000000000e+00 0.000000000000000000e+00
0.000000000000000000e+00 0.000000000000000000e+00 0.000000000000000000e+00 0.000000000000000000e+00 0.000000000000000000e+00 0.000000000000000000e+00 0.000000000000000000e+00 0.000000000000000000e+00 0.000000000000000000e+00 0.000000000000000000e+00 0.000000000000000000e+00 0.000000000000000000e+00 0.000000000000000000e+00 0.000000000000000000e+00 0.000000000000000000e+00 0.000000000000000000e+00 0.000000000000000000e+00 0.000000000000000000e+00 0.000000000000000000e+00 0.000000000000000000e+00 0.000000000000000000e+00 0.000000000000000000e+00 0.000000000000000000e+00 0.000000000000000000e+00 0.000000000000000000e+00 0.000000000000000000e+00 0.000000000000000000e+00 0.000000000000000000e+00 0.000000000000000000e+00 0.000000000000000000e+00 0.000000000000000000e+00 0.000000000000000000e+00 0.000000000000000000e+00 0.000000000000000000e+00 0.000000000000000000e+00 0.000000000000000000e+00 0.000000000000000000e+00 0.000000000000000000e+00 0.000000000000000000e+00 0.000000000000000000e+00 0.000000000000000000e+00 0.000000000000000000e+00 0.000000000000000000e+00 0.000000000000000000e+00 0.000000000000000000e+00 0.000000000000000000e+00 0.000000000000000000e+00 0.000000000000000000e+00 0.000000000000000000e+00 0.000000000000000000e+00 0.000000000000000000e+00 0.000000000000000000e+00 0.000000000000000000e+00 0.000000000000000000e+00 0.000000000000000000e+00 0.000000000000000000e+00 0.000000000000000000e+00 0.000000000000000000e+00 0.000000000000000000e+00 0.000000000000000000e+00 0.000000000000000000e+00 0.000000000000000000e+00 0.000000000000000000e+00 0.000000000000000000e+00 0.000000000000000000e+00 0.000000000000000000e+00 0.000000000000000000e+00 0.000000000000000000e+00 0.000000000000000000e+00 0.000000000000000000e+00 0.000000000000000000e+00 0.000000000000000000e+00 0.000000000000000000e+00 0.000000000000000000e+00 0.000000000000000000e+00 0.000000000000000000e+00 0.000000000000000000e+00 0.000000000000000000e+00 0.000000000000000000e+00 0.000000000000000000e+00 0.000000000000000000e+00 0.000000000000000000e+00 0.000000000000000000e+00 0.000000000000000000e+00 0.000000000000000000e+00 0.000000000000000000e+00 0.000000000000000000e+00 0.000000000000000000e+00 0.000000000000000000e+00
0.000000000000000000e+00 0.000000000000000000e+00 0.000000000000000000e+00 0.000000000000000000e+00 0.000000000000000000e+00 0.000000000000000000e+00 0.000000000000000000e+00 0.000000000000000000e+00 0.000000000000000000e+00 0.000000000000000000e+00 0.000000000000000000e+00 0.000000000000000000e+00 0.000000000000000000e+00 0.000000000000000000e+00 0.000000000000000000e+00 0.000000000000000000e+00 0.000000000000000000e+00 0.000000000000000000e+00 0.000000000000000000e+00 0.000000000000000000e+00 0.000000000000000000e+00 0.000000000000000000e+00 0.000000000000000000e+00 0.000000000000000000e+00 0.000000000000000000e+00 0.000000000000000000e+00 0.000000000000000000e+00 0.000000000000000000e+00 0.000000000000000000e+00 0.000000000000000000e+00 0.000000000000000000e+00 0.000000000000000000e+00 0.000000000000000000e+00 0.000000000000000000e+00 0.000000000000000000e+00 0.000000000000000000e+00 0.000000000000000000e+00 0.000000000000000000e+00 0.000000000000000000e+00 0.000000000000000000e+00 0.000000000000000000e+00 0.000000000000000000e+00 0.000000000000000000e+00 0.000000000000000000e+00 0.000000000000000000e+00 0.000000000000000000e+00 0.000000000000000000e+00 0.000000000000000000e+00 0.000000000000000000e+00 0.000000000000000000e+00 0.000000000000000000e+00 0.000000000000000000e+00 0.000000000000000000e+00 0.000000000000000000e+00 0.000000000000000000e+00 0.000000000000000000e+00 0.000000000000000000e+00 0.000000000000000000e+00 0.000000000000000000e+00 0.000000000000000000e+00 0.000000000000000000e+00 0.000000000000000000e+00 0.000000000000000000e+00 0.000000000000000000e+00 0.000000000000000000e+00 0.000000000000000000e+00 0.000000000000000000e+00 0.000000000000000000e+00 0.000000000000000000e+00 0.000000000000000000e+00 0.000000000000000000e+00 0.000000000000000000e+00 0.000000000000000000e+00 0.000000000000000000e+00 0.000000000000000000e+00 0.000000000000000000e+00 0.000000000000000000e+00 0.000000000000000000e+00 0.000000000000000000e+00 0.000000000000000000e+00 0.000000000000000000e+00 0.000000000000000000e+00 0.000000000000000000e+00 0.000000000000000000e+00 0.000000000000000000e+00 0.000000000000000000e+00 0.000000000000000000e+00 0.000000000000000000e+00 0.000000000000000000e+00
0.000000000000000000e+00 0.000000000000000000e+00 0.000000000000000000e+00 4.346014492753619507e+00 6.239523418241574859e+00 1.047857793983591002e+01 2.619999999999998863e+01 3.218421052631576629e+01 3.999999999999998579e+01 9.519642857142850190e+00 5.699999999999995026e+01 6.744889615699100283e+00 6.266666666666665009e+01 5.999999999999997158e+01 1.044999999999999716e+02 2.425000000000000000e+01 0.000000000000000000e+00 5.237499999999998579e+01 7.450000000000000000e+01 0.000000000000000000e+00 0.000000000000000000e+00 0.000000000000000000e+00 0.000000000000000000e+00 0.000000000000000000e+00 0.000000000000000000e+00 0.000000000000000000e+00 0.000000000000000000e+00 0.000000000000000000e+00 7.399999999999998579e+01 0.000000000000000000e+00 0.000000000000000000e+00 8.499999999999998579e+01 8.249999999999997158e+01 0.000000000000000000e+00 0.000000000000000000e+00 0.000000000000000000e+00 0.000000000000000000e+00 2.974999999999999289e+01 3.248979591836732084e+01 0.000000000000000000e+00 0.000000000000000000e+00 0.000000000000000000e+00 0.000000000000000000e+00 4.399999999999998579e+01 0.000000000000000000e+00 0.000000000000000000e+00 0.000000000000000000e+00 0.000000000000000000e+00 0.000000000000000000e+00 0.000000000000000000e+00 0.000000000000000000e+00 0.000000000000000000e+00 0.000000000000000000e+00 0.000000000000000000e+00 0.000000000000000000e+00 0.000000000000000000e+00 0.000000000000000000e+00 0.000000000000000000e+00 0.000000000000000000e+00 0.000000000000000000e+00 0.000000000000000000e+00 0.000000000000000000e+00 0.000000000000000000e+00 0.000000000000000000e+00 0.000000000000000000e+00 0.000000000000000000e+00 0.000000000000000000e+00 0.000000000000000000e+00 0.000000000000000000e+00 0.000000000000000000e+00 0.000000000000000000e+00 0.000000000000000000e+00 0.000000000000000000e+00 0.000000000000000000e+00 0.000000000000000000e+00 0.000000000000000000e+00 0.000000000000000000e+00 0.000000000000000000e+00 0.000000000000000000e+00 0.000000000000000000e+00 0.000000000000000000e+00 5.299999999999996447e+01 0.000000000000000000e+00 0.000000000000000000e+00 0.000000000000000000e+00 0.000000000000000000e+00 0.000000000000000000e+00 0.000000000000000000e+00 0.000000000000000000e+00
0.000000000000000000e+00 0.000000000000000000e+00 0.000000000000000000e+00 6.239523418241574859e+00 8.952926208651394546e+00 8.687797383029339571e+00 2.763636363636362603e+01 2.746546052631577695e+01 4.181623931623931867e+01 1.783317144244778163e+01 4.321249999999997726e+01 1.591198979591836071e+01 6.425000000000000000e+01 7.112499999999997158e+01 5.170454545454544615e+01 1.498907455012852985e+01 3.102564102564100779e+01 5.396666666666665435e+01 7.537499999999998579e+01 0.000000000000000000e+00 0.000000000000000000e+00 0.000000000000000000e+00 0.000000000000000000e+00 0.000000000000000000e+00 0.000000000000000000e+00 0.000000000000000000e+00 0.000000000000000000e+00 5.550000000000000711e+01 7.516666666666667140e+01 6.150000000000001421e+01 0.000000000000000000e+00 8.725000000000000000e+01 7.250000000000000000e+01 0.000000000000000000e+00 0.000000000000000000e+00 0.000000000000000000e+00 5.849999999999990763e+01 1.261048243001785885e+01 1.997035468501851696e+01 3.949999999999995737e+01 0.000000000000000000e+00 0.000000000000000000e+00 0.000000000000000000e+00 2.400000000000000711e+01 5.375886524822692358e+00 7.880952380952377823e+00 0.000000000000000000e+00 4.099999999999995737e+01 4.199999999999999289e+01 0.000000000000000000e+00 0.000000000000000000e+00 4.400000000000002132e+01 4.762499999999999289e+01 0.000000000000000000e+00 4.499999999999996447e+01 8.150000000000000000e+01 0.000000000000000000e+00 3.199999999999996092e+01 2.724999999999998224e+01 3.199999999999997158e+01 0.000000000000000000e+00 0.000000000000000000e+00 0.000000000000000000e+00 0.000000000000000000e+00 0.000000000000000000e+00 0.000000000000000000e+00 0.000000000000000000e+00 0.000000000000000000e+00 0.000000000000000000e+00 0.000000000000000000e+00 0.000000000000000000e+00 0.000000000000000000e+00 0.000000000000000000e+00 0.000000000000000000e+00 0.000000000000000000e+00 0.000000000000000000e+00 0.000000000000000000e+00 0.000000000000000000e+00 0.000000000000000000e+00 0.000000000000000000e+00 2.159999999999998721e+01 4.021428571428565846e+01 0.000000000000000000e+00 0.000000000000000000e+00 0.000000000000000000e+00 0.000000000000000000e+00 0.000000000000000000e+00 0.000000000000000000e+00 7.624999999999998224e+00
0.000000000000000000e+00 0.000000000000000000e+00 0.000000000000000000e+00 1.047857793983591002e+01 8.687797383029339571e+00 1.269583895299464693e+01 9.167060810810808036e+00 1.085049386411253636e+01 2.841791044776118014e+01 1.826357213683687419e+01 4.368103448275860501e+01 2.161412358133668832e+01 5.199999999999999289e+01 6.416666666666664298e+01 1.343981481481480778e+01 2.046943765281172745e+01 3.321428571428570109e+01 5.676666666666665151e+01 7.424999999999997158e+01 0.000000000000000000e+00 0.000000000000000000e+00 0.000000000000000000e+00 0.000000000000000000e+00 0.000000000000000000e+00 3.749999999999999289e+01 0.000000000000000000e+00 4.549999999999997868e+01 9.200000000000000000e+01 8.224999999999995737e+01 5.274999999999995737e+01 1.154999999999999858e+02 8.769999999999997442e+01 7.462499999999997158e+01 0.000000000000000000e+00 7.874999999999997158e+01 0.000000000000000000e+00 0.000000000000000000e+00 1.670341483979763453e+01 1.756126035651517725e+01 1.797058823529410887e+01 0.000000000000000000e+00 3.924999999999997158e+01 2.820833333333331794e+01 1.896153846153844924e+01 1.583522727272726272e+01 2.550000000000001421e+01 0.000000000000000000e+00 0.000000000000000000e+00 5.039999999999997016e+01 0.000000000000000000e+00 3.649999999999995026e+01 0.000000000000000000e+00 5.309999999999995168e+01 0.000000000000000000e+00 5.449999999999990052e+01 7.399999999999998579e+01 0.000000000000000000e+00 0.000000000000000000e+00 3.184090909090907573e+01 0.000000000000000000e+00 0.000000000000000000e+00 0.000000000000000000e+00 0.000000000000000000e+00 0.000000000000000000e+00 0.000000000000000000e+00 0.000000000000000000e+00 0.000000000000000000e+00 0.000000000000000000e+00 0.000000000000000000e+00 0.000000000000000000e+00 0.000000000000000000e+00 0.000000000000000000e+00 0.000000000000000000e+00 0.000000000000000000e+00 0.000000000000000000e+00 0.000000000000000000e+00 0.000000000000000000e+00 0.000000000000000000e+00 0.000000000000000000e+00 0.000000000000000000e+00 3.866666666666663588e+01 5.029411764705879762e+01 0.000000000000000000e+00 0.000000000000000000e+00 0.000000000000000000e+00 0.000000000000000000e+00 0.000000000000000000e+00 0.000000000000000000e+00 0.000000000000000000e+00
0.000000000000000000e+00 0.000000000000000000e+00 0.000000000000000000e+00 2.619999999999998863e+01 2.763636363636362603e+01 9.167060810810808036e+00 7.663414634146338500e+00 7.226434730895030079e+00 1.678260869565216851e+01 1.412675660483417239e+01 4.499999999999998579e+01 2.974489795918366397e+01 0.000000000000000000e+00 0.000000000000000000e+00 1.925000000000000000e+01 2.671428571428570464e+01 3.500000000000001421e+01 0.000000000000000000e+00 0.000000000000000000e+00 0.000000000000000000e+00 0.000000000000000000e+00 0.000000000000000000e+00 0.000000000000000000e+00 0.000000000000000000e+00 0.000000000000000000e+00 0.000000000000000000e+00 0.000000000000000000e+00 0.000000000000000000e+00 0.000000000000000000e+00 0.000000000000000000e+00 0.000000000000000000e+00 0.000000000000000000e+00 0.000000000000000000e+00 0.000000000000000000e+00 0.000000000000000000e+00 0.000000000000000000e+00 0.000000000000000000e+00 2.599999999999997158e+01 2.953409090909089940e+01 0.000000000000000000e+00 0.000000000000000000e+00 0.000000000000000000e+00 0.000000000000000000e+00 0.000000000000000000e+00 3.774999999999997868e+01 0.000000000000000000e+00 0.000000000000000000e+00 0.000000000000000000e+00 0.000000000000000000e+00 0.000000000000000000e+00 0.000000000000000000e+00 0.000000000000000000e+00 0.000000000000000000e+00 0.000000000000000000e+00 0.000000000000000000e+00 0.000000000000000000e+00 0.000000000000000000e+00 0.000000000000000000e+00 0.000000000000000000e+00 0.000000000000000000e+00 0.000000000000000000e+00 0.000000000000000000e+00 0.000000000000000000e+00 0.000000000000000000e+00 0.000000000000000000e+00 0.000000000000000000e+00 0.000000000000000000e+00 0.000000000000000000e+00 0.000000000000000000e+00 0.000000000000000000e+00 0.000000000000000000e+00 0.000000000000000000e+00 0.000000000000000000e+00 0.000000000000000000e+00 0.000000000000000000e+00 0.000000000000000000e+00 0.000000000000000000e+00 0.000000000000000000e+00 0.000000000000000000e+00 0.000000000000000000e+00 0.000000000000000000e+00 0.000000000000000000e+00 0.000000000000000000e+00 0.000000000000000000e+00 0.000000000000000000e+00 0.000000000000000000e+00 0.000000000000000000e+00 0.000000000000000000e+00 0.000000000000000000e+00
0.000000000000000000e+00 0.000000000000000000e+00 0.000000000000000000e+00 3.218421052631576629e+01 2.746546052631577695e+01 1.085049386411253636e+01 7.226434730895030079e+00 7.345418495963742522e+00 1.010824220332117918e+01 1.935818732709786971e+01 2.743421052631576984e+01 2.617512983266011872e+01 3.297435897435896379e+01 0.000000000000000000e+00 3.279585006693438487e+01 2.180000000000000071e+01 2.381249999999998934e+01 5.074999999999997158e+01 5.612500000000000711e+01 0.000000000000000000e+00 0.000000000000000000e+00 0.000000000000000000e+00 0.000000000000000000e+00 0.000000000000000000e+00 4.249999999999997868e+01 0.000000000000000000e+00 4.549999999999995737e+01 0.000000000000000000e+00 4.368181818181816567e+01 3.846428571428570109e+01 0.000000000000000000e+00 6.969999999999997442e+01 6.709999999999998010e+01 0.000000000000000000e+00 0.000000000000000000e+00 0.000000000000000000e+00 0.000000000000000000e+00 2.278888888888888431e+01 2.428469750889678025e+01 5.699999999999997158e+01 0.000000000000000000e+00 4.699999999999993605e+01 0.000000000000000000e+00 3.799999999999997868e+01 3.011111111111109295e+01 2.299999999999996803e+01 0.000000000000000000e+00 3.650000000000000000e+01 3.899999999999995737e+01 0.000000000000000000e+00 4.699999999999995026e+01 0.000000000000000000e+00 4.636666666666663872e+01 5.250000000000002842e+01 3.972222222222219301e+01 7.250000000000007105e+01 0.000000000000000000e+00 0.000000000000000000e+00 2.973684210526314686e+01 5.599999999999995026e+01 0.000000000000000000e+00 0.000000000000000000e+00 0.000000000000000000e+00 0.000000000000000000e+00 0.000000000000000000e+00 0.000000000000000000e+00 0.000000000000000000e+00 0.000000000000000000e+00 0.000000000000000000e+00 0.000000000000000000e+00 0.000000000000000000e+00 0.000000000000000000e+00 0.000000000000000000e+00 0.000000000000000000e+00 0.000000000000000000e+00 0.000000000000000000e+00 0.000000000000000000e+00 0.000000000000000000e+00 0.000000000000000000e+00 0.000000000000000000e+00 3.141666666666664298e+01 3.824999999999997158e+01 0.000000000000000000e+00 0.000000000000000000e+00 0.000000000000000000e+00 0.000000000000000000e+00 0.000000000000000000e+00 0.000000000000000000e+00 0.000000000000000000e+00
0.000000000000000000e+00 0.000000000000000000e+00 0.000000000000000000e+00 3.999999999999998579e+01 4.181623931623931867e+01 2.841791044776118014e+01 1.678260869565216851e+01 1.010824220332117918e+01 1.257481816255913465e+01 2.232470277410831372e+01 2.401694915254237017e+01 3.087266811279826584e+01 9.391239422598307129e+00 6.014285714285713169e+01 2.032664884135471439e+01 3.025681818181818272e+01 2.528154205607475902e+01 4.589062499999999289e+01 5.617857142857142350e+01 0.000000000000000000e+00 8.437499999999998579e+01 4.699999999999995026e+01 0.000000000000000000e+00 0.000000000000000000e+00 4.916666666666666430e+01 4.899999999999999289e+01 2.743749999999998224e+01 5.700000000000000711e+01 2.422371638141808248e+01 2.240741978609624852e+01 6.575000000000000000e+01 5.938157894736841769e+01 5.842105263157894512e+01 0.000000000000000000e+00 8.666666666666664298e+01 0.000000000000000000e+00 4.199999999999999289e+01 1.893885313048566132e+01 1.606709956709956444e+01 2.119291338582677042e+01 0.000000000000000000e+00 2.988888888888888218e+01 0.000000000000000000e+00 3.866666666666663588e+01 3.547368421052630083e+01 2.654032258064516014e+01 0.000000000000000000e+00 5.049999999999999289e+01 5.474999999999995737e+01 5.649999999999995737e+01 5.249999999999999289e+01 4.784374999999995026e+01 4.914999999999996305e+01 4.799999999999997158e+01 4.122727272727268399e+01 6.924999999999997158e+01 0.000000000000000000e+00 0.000000000000000000e+00 3.755555555555554292e+01 3.144444444444443221e+01 6.374999999999996447e+01 0.000000000000000000e+00 0.000000000000000000e+00 0.000000000000000000e+00 0.000000000000000000e+00 0.000000000000000000e+00 0.000000000000000000e+00 0.000000000000000000e+00 0.000000000000000000e+00 0.000000000000000000e+00 0.000000000000000000e+00 0.000000000000000000e+00 0.000000000000000000e+00 0.000000000000000000e+00 0.000000000000000000e+00 0.000000000000000000e+00 0.000000000000000000e+00 0.000000000000000000e+00 0.000000000000000000e+00 0.000000000000000000e+00 4.383333333333331439e+01 4.797727272727268399e+01 6.425000000000000000e+01 0.000000000000000000e+00 0.000000000000000000e+00 0.000000000000000000e+00 0.000000000000000000e+00 5.249999999999996447e+01 0.000000000000000000e+00
0.000000000000000000e+00 0.000000000000000000e+00 0.000000000000000000e+00 9.519642857142850190e+00 1.783317144244778163e+01 1.826357213683687419e+01 1.412675660483417239e+01 1.935818732709786971e+01 2.232470277410831372e+01 1.262680712538164052e+01 1.178198840838163086e+01 1.448935828447513785e+01 3.753680981595091026e+01 4.931250000000000000e+01 2.625300546448086081e+01 2.176464361326745589e+01 2.155800653594770822e+01 4.371341463414632500e+01 5.887333333333330643e+01 0.000000000000000000e+00 7.999999999999997158e+01 0.000000000000000000e+00 6.149999999999992895e+01 1.009999999999999716e+02 4.500000000000003553e+01 7.187500000000000000e+01 4.439999999999997726e+01 6.724999999999997158e+01 4.876436781609193361e+01 4.424545454545452827e+01 5.555555555555555003e+01 6.051182432432432279e+01 6.241666666666665009e+01 5.549999999999997868e+01 7.163333333333333997e+01 0.000000000000000000e+00 8.039999999999997726e+01 2.101815269620927396e+01 2.464001515725652069e+01 3.621978021978020479e+01 0.000000000000000000e+00 4.209375000000000000e+01 4.400000000000000711e+01 4.484615384615382538e+01 3.031887755102038184e+01 4.104999999999998295e+01 0.000000000000000000e+00 4.624999999999997868e+01 4.585714285714282568e+01 5.199999999999998579e+01 4.479999999999993321e+01 4.573809523809517685e+01 4.764634146341458631e+01 5.449999999999995737e+01 4.509615384615381117e+01 6.092857142857138086e+01 0.000000000000000000e+00 4.299999999999994316e+01 3.115094339622639907e+01 3.219117647058821063e+01 3.816666666666666430e+01 6.100000000000003553e+01 0.000000000000000000e+00 0.000000000000000000e+00 0.000000000000000000e+00 0.000000000000000000e+00 0.000000000000000000e+00 0.000000000000000000e+00 0.000000000000000000e+00 0.000000000000000000e+00 0.000000000000000000e+00 6.949999999999990052e+01 7.349999999999995737e+01 0.000000000000000000e+00 0.000000000000000000e+00 6.350000000000002842e+01 0.000000000000000000e+00 0.000000000000000000e+00 0.000000000000000000e+00 0.000000000000000000e+00 4.133333333333329307e+01 4.701219512195117289e+01 5.500000000000001421e+01 0.000000000000000000e+00 5.199999999999993605e+01 0.000000000000000000e+00 0.000000000000000000e+00 3.624999999999998579e+01 0.000000000000000000e+00
0.000000000000000000e+00 0.000000000000000000e+00 0.000000000000000000e+00 5.699999999999995026e+01 4.321249999999997726e+01 4.368103448275860501e+01 4.499999999999998579e+01 2.743421052631576984e+01 2.401694915254237017e+01 1.178198840838163086e+01 1.359367670513181281e+01 2.449940389455557010e+01 1.723819386909693563e+01 4.656481481481481666e+01 2.089077936333699270e+01 3.929629629629628340e+01 2.331692913385825960e+01 2.854347826086955919e+01 5.015217391304348382e+01 8.149999999999994316e+01 6.455714285714286405e+01 6.226923076923075939e+01 6.800000000000000000e+01 9.800000000000000000e+01 6.770000000000000284e+01 5.945652173913043725e+01 7.025000000000001421e+01 4.825000000000000000e+01 2.899830220713072393e+01 2.978335777126099870e+01 4.664825581395349019e+01 5.020389249304911772e+01 4.979002079002079029e+01 5.251785714285714590e+01 6.247604790419161702e+01 5.770000000000000284e+01 5.755339805825242649e+01 1.972767295597483894e+01 2.152756410256410291e+01 2.717148014440433101e+01 0.000000000000000000e+00 2.704687500000000355e+01 6.216666666666666430e+01 3.226470588235294201e+01 4.449999999999999289e+01 3.111224489795918302e+01 0.000000000000000000e+00 0.000000000000000000e+00 5.374999999999992895e+01 0.000000000000000000e+00 0.000000000000000000e+00 4.984374999999997158e+01 5.022093023255811062e+01 4.659999999999995879e+01 5.167499999999996874e+01 5.314999999999995595e+01 0.000000000000000000e+00 5.949999999999996447e+01 4.674999999999997158e+01 3.395999999999997954e+01 3.345652173913042304e+01 0.000000000000000000e+00 0.000000000000000000e+00 0.000000000000000000e+00 0.000000000000000000e+00 0.000000000000000000e+00 0.000000000000000000e+00 0.000000000000000000e+00 0.000000000000000000e+00 0.000000000000000000e+00 0.000000000000000000e+00 5.949999999999992895e+01 0.000000000000000000e+00 9.250000000000001421e+01 0.000000000000000000e+00 7.299999999999997158e+01 0.000000000000000000e+00 0.000000000000000000e+00 0.000000000000000000e+00 0.000000000000000000e+00 3.934090909090907218e+01 4.413793103448274024e+01 4.737499999999997158e+01 0.000000000000000000e+00 4.349999999999999289e+01 0.000000000000000000e+00 0.000000000000000000e+00 5.749999999999998579e+01 0.000000000000000000e+00
0.000000000000000000e+00 0.000000000000000000e+00 0.000000000000000000e+00 6.744889615699100283e+00 1.591198979591836071e+01 2.161412358133668832e+01 2.974489795918366397e+01 2.617512983266011872e+01 3.087266811279826584e+01 1.448935828447513785e+01 2.449940389455557010e+01 1.591988296233496136e+01 2.381229076996652338e+01 1.341906359859379982e+01 3.628055555555555856e+01 1.729115684093436300e+01 1.746827182718271132e+01 2.643631555751431961e+01 4.403833443489755695e+01 0.000000000000000000e+00 7.760869565217390686e+01 6.937500000000000000e+01 8.524999999999997158e+01 8.599999999999997158e+01 7.296153846153846700e+01 6.268750000000000000e+01 6.572727272727273373e+01 5.758235294117647385e+01 3.632119205298013043e+01 4.180343007915567455e+01 5.652427184466019128e+01 4.689923765329798044e+01 4.021932612841703758e+01 5.914705882352939881e+01 6.316560509554140168e+01 6.759090909090909349e+01 6.891860465116279499e+01 2.550520586843349946e+01 2.858057898335991354e+01 3.510972568578553421e+01 0.000000000000000000e+00 3.923033707865168651e+01 6.475000000000000000e+01 4.058974358974359120e+01 3.305319148936168006e+01 4.221428571428571530e+01 0.000000000000000000e+00 4.074999999999998579e+01 4.843749999999996447e+01 4.749999999999997868e+01 4.169999999999995310e+01 4.735526315789469010e+01 4.777272727272723074e+01 5.457142857142853387e+01 9.009836065573765040e+00 6.095652173913040173e+01 2.480000000000000071e+01 3.950000000000000711e+01 2.897169811320752686e+01 3.065789473684208843e+01 3.390999999999998238e+01 4.436363636363635976e+01 0.000000000000000000e+00 0.000000000000000000e+00 0.000000000000000000e+00 0.000000000000000000e+00 0.000000000000000000e+00 0.000000000000000000e+00 0.000000000000000000e+00 0.000000000000000000e+00 0.000000000000000000e+00 0.000000000000000000e+00 5.449999999999997158e+01 8.000000000000000000e+01 5.949999999999999289e+01 5.239999999999999147e+01 0.000000000000000000e+00 0.000000000000000000e+00 0.000000000000000000e+00 0.000000000000000000e+00 3.666666666666664298e+01 4.584415584415580724e+01 5.699999999999999289e+01 0.000000000000000000e+00 4.649999999999998579e+01 0.000000000000000000e+00 0.000000000000000000e+00 3.459999999999998010e+01 0.000000000000000000e+00
0.000000000000000000e+00 0.000000000000000000e+00 0.000000000000000000e+00 6.266666666666665009e+01 6.425000000000000000e+01 5.199999999999999289e+01 0.000000000000000000e+00 3.297435897435896379e+01 9.391239422598307129e+00 3.753680981595091026e+01 1.723819386909693563e+01 2.381229076996652338e+01 1.354398410241005557e+01 8.255928646379855351e+00 2.254115586690017636e+01 4.774999999999999289e+01 4.116666666666665719e+01 2.192984014209591592e+01 3.452974504249292664e+01 0.000000000000000000e+00 5.940384615384615330e+01 5.800000000000000000e+01 6.358333333333332149e+01 7.799999999999997158e+01 5.982000000000000028e+01 2.326291793313069789e+01 4.149999999999999289e+01 4.552824858757062287e+01 1.954775370824885172e+01 2.746879296123178449e+01 4.345012165450121699e+01 3.740737386804656950e+01 3.603520114942529773e+01 4.633750000000000568e+01 5.654999999999999716e+01 5.618750000000001421e+01 5.742091836734693544e+01 2.410151691948658126e+01 2.518599782912079377e+01 2.949738219895288793e+01 0.000000000000000000e+00 2.808474576271187217e+01 5.518750000000000000e+01 3.644534412955465541e+01 0.000000000000000000e+00 3.592738589211618461e+01 0.000000000000000000e+00 0.000000000000000000e+00 0.000000000000000000e+00 0.000000000000000000e+00 0.000000000000000000e+00 7.150000000000007105e+01 7.149999999999997158e+01 5.424999999999997868e+01 4.687499999999997868e+01 5.389285714285710327e+01 4.549999999999998579e+01 5.549999999999994316e+01 0.000000000000000000e+00 4.744444444444442865e+01 3.549999999999998579e+01 3.999999999999997158e+01 0.000000000000000000e+00 0.000000000000000000e+00 0.000000000000000000e+00 0.000000000000000000e+00 0.000000000000000000e+00 0.000000000000000000e+00 0.000000000000000000e+00 0.000000000000000000e+00 0.000000000000000000e+00 6.066666666666662877e+01 6.349999999999998579e+01 0.000000000000000000e+00 8.400000000000000000e+01 4.937500000000001421e+01 0.000000000000000000e+00 0.000000000000000000e+00 0.000000000000000000e+00 0.000000000000000000e+00 0.000000000000000000e+00 4.792499999999998295e+01 4.933333333333332149e+01 0.000000000000000000e+00 4.599999999999998579e+01 0.000000000000000000e+00 0.000000000000000000e+00 0.000000000000000000e+00 0.000000000000000000e+00
0.000000000000000000e+00 0.000000000000000000e+00 0.000000000000000000e+00 5.999999999999997158e+01 7.112499999999997158e+01 6.416666666666664298e+01 0.000000000000000000e+00 0.000000000000000000e+00 6.014285714285713169e+01 4.931250000000000000e+01 4.656481481481481666e+01 1.341906359859379982e+01 8.255928646379855351e+00 1.040799385088393336e+01 3.404347826086955564e+01 5.149999999999996447e+01 3.858823529411762365e+01 1.073515981735159386e+01 2.669607843137254832e+01 0.000000000000000000e+00 0.000000000000000000e+00 0.000000000000000000e+00 0.000000000000000000e+00 0.000000000000000000e+00 0.000000000000000000e+00 7.800000000000000000e+01 0.000000000000000000e+00 0.000000000000000000e+00 1.173513607210955101e+01 2.816776315789473628e+01 0.000000000000000000e+00 1.598888888888888715e+01 1.333497536945812811e+01 0.000000000000000000e+00 7.600000000000000000e+01 0.000000000000000000e+00 0.000000000000000000e+00 3.150000000000000000e+01 3.175555555555555642e+01 2.958988764044942954e+01 0.000000000000000000e+00 2.569230769230768274e+01 0.000000000000000000e+00 3.684374999999998579e+01 0.000000000000000000e+00 4.199999999999999289e+01 0.000000000000000000e+00 0.000000000000000000e+00 0.000000000000000000e+00 0.000000000000000000e+00 0.000000000000000000e+00 7.300000000000002842e+01 6.699999999999991473e+01 0.000000000000000000e+00 0.000000000000000000e+00 0.000000000000000000e+00 0.000000000000000000e+00 0.000000000000000000e+00 6.899999999999992895e+01 0.000000000000000000e+00 2.525000000000001421e+01 0.000000000000000000e+00 0.000000000000000000e+00 0.000000000000000000e+00 0.000000000000000000e+00 0.000000000000000000e+00 0.000000000000000000e+00 0.000000000000000000e+00 0.000000000000000000e+00 0.000000000000000000e+00 0.000000000000000000e+00 0.000000000000000000e+00 4.799999999999997158e+01 0.000000000000000000e+00 0.000000000000000000e+00 0.000000000000000000e+00 0.000000000000000000e+00 0.000000000000000000e+00 0.000000000000000000e+00 0.000000000000000000e+00 0.000000000000000000e+00 0.000000000000000000e+00 0.000000000000000000e+00 0.000000000000000000e+00 5.599999999999993605e+01 0.000000000000000000e+00 0.000000000000000000e+00 0.000000000000000000e+00 0.000000000000000000e+00
0.000000000000000000e+00 0.000000000000000000e+00 0.000000000000000000e+00 1.044999999999999716e+02 5.170454545454544615e+01 1.343981481481480778e+01 1.925000000000000000e+01 3.279585006693438487e+01 2.032664884135471439e+01 2.625300546448086081e+01 2.089077936333699270e+01 3.628055555555555856e+01 2.254115586690017636e+01 3.404347826086955564e+01 1.038496820598352599e+01 4.040306122448978954e+01 3.392592592592591672e+01 3.030681818181817277e+01 2.366912850812406433e+01 1.161342592592592382e+01 3.153245614035087740e+01 2.853409090909091006e+01 2.136732186732186634e+01 1.723275862068964415e+01 2.295484340859431782e+01 1.998841059602649040e+01 1.640232558139534191e+01 2.964060446780550961e+01 1.961290322580645196e+01 2.898288973384030243e+01 4.158708414872796766e+01 3.472989949748742333e+01 3.031899109792283653e+01 5.053703703703701677e+01 4.748819444444444571e+01 4.948148148148147385e+01 4.355555555555555713e+01 3.156583969465647499e+01 7.730703551912566418e+00 1.901965065502183450e+01 0.000000000000000000e+00 2.126261127596438527e+01 1.399725854070012687e+01 1.082569360675513082e+01 3.024999999999997513e+01 2.093193277310924216e+01 0.000000000000000000e+00 0.000000000000000000e+00 0.000000000000000000e+00 0.000000000000000000e+00 0.000000000000000000e+00 0.000000000000000000e+00 6.687499999999995737e+01 5.999999999999997868e+01 4.799999999999995737e+01 6.849999999999995737e+01 0.000000000000000000e+00 6.849999999999997158e+01 6.049999999999994316e+01 4.824999999999995737e+01 4.962499999999998579e+01 3.134999999999997655e+01 0.000000000000000000e+00 0.000000000000000000e+00 4.175000000000000000e+01 0.000000000000000000e+00 0.000000000000000000e+00 0.000000000000000000e+00 0.000000000000000000e+00 0.000000000000000000e+00 0.000000000000000000e+00 6.100000000000000711e+01 5.124999999999997158e+01 0.000000000000000000e+00 0.000000000000000000e+00 3.629166666666665719e+01 0.000000000000000000e+00 0.000000000000000000e+00 0.000000000000000000e+00 0.000000000000000000e+00 3.299999999999997158e+01 4.534615384615381117e+01 0.000000000000000000e+00 0.000000000000000000e+00 3.342567567567566300e+01 3.721428571428570109e+01 0.000000000000000000e+00 0.000000000000000000e+00 4.199999999999995737e+01
0.000000000000000000e+00 0.000000000000000000e+00 0.000000000000000000e+00 2.425000000000000000e+01 1.498907455012852985e+01 2.046943765281172745e+01 2.671428571428570464e+01 2.180000000000000071e+01 3.025681818181818272e+01 2.176464361326745589e+01 3.929629629629628340e+01 1.729115684093436300e+01 4.774999999999999289e+01 5.149999999999996447e+01 4.040306122448978954e+01 6.857883817427382844e+00 8.615510204081630263e+00 3.145268138801259994e+01 5.746428571428567267e+01 0.000000000000000000e+00 0.000000000000000000e+00 0.000000000000000000e+00 0.000000000000000000e+00 0.000000000000000000e+00 0.000000000000000000e+00 0.000000000000000000e+00 0.000000000000000000e+00 0.000000000000000000e+00 6.229999999999996874e+01 5.678571428571424207e+01 1.034999999999999574e+02 7.593749999999997158e+01 7.033333333333332860e+01 0.000000000000000000e+00 0.000000000000000000e+00 0.000000000000000000e+00 0.000000000000000000e+00 1.186788048552753594e+01 2.231095890410957239e+01 4.396153846153842437e+01 0.000000000000000000e+00 4.849999999999996447e+01 0.000000000000000000e+00 3.900000000000000711e+01 8.824120603015067843e+00 3.600000000000000711e+01 0.000000000000000000e+00 2.583333333333332860e+01 3.318749999999995737e+01 0.000000000000000000e+00 3.829999999999995453e+01 3.625757575757571516e+01 3.951190476190472367e+01 4.541666666666662877e+01 3.945999999999997243e+01 5.529687499999995737e+01 0.000000000000000000e+00 6.100000000000000000e+01 1.532222222222221397e+01 2.231818181818180946e+01 3.665384615384612488e+01 5.049999999999997868e+01 0.000000000000000000e+00 0.000000000000000000e+00 0.000000000000000000e+00 0.000000000000000000e+00 0.000000000000000000e+00 0.000000000000000000e+00 0.000000000000000000e+00 0.000000000000000000e+00 0.000000000000000000e+00 7.049999999999997158e+01 7.433333333333327175e+01 8.599999999999992895e+01 6.049999999999993605e+01 7.916666666666664298e+01 0.000000000000000000e+00 0.000000000000000000e+00 0.000000000000000000e+00 0.000000000000000000e+00 3.016666666666664298e+01 4.031818181818179170e+01 5.089999999999997016e+01 0.000000000000000000e+00 0.000000000000000000e+00 0.000000000000000000e+00 0.000000000000000000e+00 2.269999999999999574e+01 6.349999999999997868e+01
0.000000000000000000e+00 0.000000000000000000e+00 0.000000000000000000e+00 0.000000000000000000e+00 3.102564102564100779e+01 3.321428571428570109e+01 3.500000000000001421e+01 2.381249999999998934e+01 2.528154205607475902e+01 2.155800653594770822e+01 2.331692913385825960e+01 1.746827182718271132e+01 4.116666666666665719e+01 3.858823529411762365e+01 3.392592592592591672e+01 8.615510204081630263e+00 8.020647583294222116e+00 1.758357432041642099e+01 3.265254237288135641e+01 0.000000000000000000e+00 0.000000000000000000e+00 0.000000000000000000e+00 0.000000000000000000e+00 0.000000000000000000e+00 0.000000000000000000e+00 0.000000000000000000e+00 0.000000000000000000e+00 0.000000000000000000e+00 5.032499999999998863e+01 5.294444444444442865e+01 5.650000000000002132e+01 6.052631578947368496e+01 5.443749999999999289e+01 0.000000000000000000e+00 1.075000000000000000e+02 0.000000000000000000e+00 0.000000000000000000e+00 1.856164383561642595e+01 2.444904891304346961e+01 3.199999999999998934e+01 0.000000000000000000e+00 3.124999999999998224e+01 6.699999999999997158e+01 4.429999999999999005e+01 2.956249999999999289e+01 3.987499999999997158e+01 0.000000000000000000e+00 2.450000000000000000e+01 3.519999999999997442e+01 0.000000000000000000e+00 3.514285714285711748e+01 2.792156862745094514e+01 3.033333333333330017e+01 3.568571428571424065e+01 3.112931034482756587e+01 4.746249999999994884e+01 0.000000000000000000e+00 3.449999999999996447e+01 1.673809523809523014e+01 1.703124999999999289e+01 2.342567567567567011e+01 3.763636363636363313e+01 0.000000000000000000e+00 0.000000000000000000e+00 0.000000000000000000e+00 0.000000000000000000e+00 0.000000000000000000e+00 0.000000000000000000e+00 0.000000000000000000e+00 0.000000000000000000e+00 0.000000000000000000e+00 5.064285714285711038e+01 5.789999999999999147e+01 6.649999999999998579e+01 7.625000000000000000e+01 7.749999999999995737e+01 0.000000000000000000e+00 0.000000000000000000e+00 0.000000000000000000e+00 0.000000000000000000e+00 2.987999999999998124e+01 3.259905660377356895e+01 4.311904761904759908e+01 0.000000000000000000e+00 4.374999999999996447e+01 0.000000000000000000e+00 5.033333333333331439e+01 3.200000000000000000e+01 4.499999999999997158e+01
