0.000000000000000000e+00 0.000000000000000000e+00 0.000000000000000000e+00 0.000000000000000000e+00 0.000000000000000000e+00 0.000000000000000000e+00 0.000000000000000000e+00 0.000000000000000000e+00 0.000000000000000000e+00 0.000000000000000000e+00 0.000000000000000000e+00 0.000000000000000000e+00 0.000000000000000000e+00 0.000000000000000000e+00 0.000000000000000000e+00 0.000000000000000000e+00 0.000000000000000000e+00 0.000000000000000000e+00 0.000000000000000000e+00 0.000000000000000000e+00 0.000000000000000000e+00 0.000000000000000000e+00 0.000000000000000000e+00 0.000000000000000000e+00 0.000000000000000000e+00 0.000000000000000000e+00 0.000000000000000000e+00 0.000000000000000000e+00 0.000000000000000000e+00 0.000000000000000000e+00 0.000000000000000000e+00 0.000000000000000000e+00 0.000000000000000000e+00 0.000000000000000000e+00 0.000000000000000000e+00 0.000000000000000000e+00 0.000000000000000000e+00 0.000000000000000000e+00 0.000000000000000000e+00 0.000000000000000000e+00 0.000000000000000000e+00 0.000000000000000000e+00 0.000000000000000000e+00 0.000000000000000000e+00 0.000000000000000000e+00 0.000000000000000000e+00 0.000000000000000000e+00 0.000000000000000000e+00 0.000000000000000000e+00 0.000000000000000000e+00 0.000000000000000000e+00 0.000000000000000000e+00 0.000000000000000000e+00 0.000000000000000000e+00 0.000000000000000000e+00 0.000000000000000000e+00 0.000000000000000000e+00 0.000000000000000000e+00 0.000000000000000000e+00 0.000000000000000000e+00 0.000000000000000000e+00 0.000000000000000000e+00 0.000000000000000000e+00 0.000000000000000000e+00 0.000000000000000000e+00 0.000000000000000000e+00 0.000000000000000000e+00 0.000000000000000000e+00 0.000000000000000000e+00 0.000000000000000000e+00 0.000000000000000000e+00 0.000000000000000000e+00 0.000000000000000000e+00 0.000000000000000000e+00 0.000000000000000000e+00 0.000000000000000000e+00 0.000000000000000000e+00 0.000000000000000000e+00 0.000000000000000000e+00 0.000000000000000000e+00 0.000000000000000000e+00 0.000000000000000000e+00 0.000000000000000000e+00 0.000000000000000000e+00 0.000000000000000000e+00 0.000000000000000000e+00 0.000000000000000000e+00 0.000000000000000000e+00 0.000000000000000000e+00
0.000000000000000000e+00 0.000000000000000000e+00 0.000000000000000000e+00 0.000000000000000000e+00 0.000000000000000000e+00 0.000000000000000000e+00 0.000000000000000000e+00 0.000000000000000000e+00 0.000000000000000000e+00 0.000000000000000000e+00 0.000000000000000000e+00 0.000000000000000000e+00 0.000000000000000000e+00 0.000000000000000000e+00 0.000000000000000000e+00 0.000000000000000000e+00 0.000000000000000000e+00 0.000000000000000000e+00 0.000000000000000000e+00 0.000000000000000000e+00 0.000000000000000000e+00 0.000000000000000000e+00 0.000000000000000000e+00 0.000000000000000000e+00 0.000000000000000000e+00 0.000000000000000000e+00 0.000000000000000000e+00 0.000000000000000000e+00 0.000000000000000000e+00 0.000000000000000000e+00 0.000000000000000000e+00 0.000000000000000000e+00 0.000000000000000000e+00 0.000000000000000000e+00 0.000000000000000000e+00 0.000000000000000000e+00 0.000000000000000000e+00 0.000000000000000000e+00 0.000000000000000000e+00 0.000000000000000000e+00 0.000000000000000000e+00 0.000000000000000000e+00 0.000000000000000000e+00 0.000000000000000000e+00 0.000000000000000000e+00 0.000000000000000000e+00 0.000000000000000000e+00 0.000000000000000000e+00 0.000000000000000000e+00 0.000000000000000000e+00 0.000000000000000000e+00 0.000000000000000000e+00 0.000000000000000000e+00 0.000000000000000000e+00 0.000000000000000000e+00 0.000000000000000000e+00 0.000000000000000000e+00 0.000000000000000000e+00 0.000000000000000000e+00 0.000000000000000000e+00 0.000000000000000000e+00 0.000000000000000000e+00 0.000000000000000000e+00 0.000000000000000000e+00 0.000000000000000000e+00 0.000000000000000000e+00 0.000000000000000000e+00 0.000000000000000000e+00 0.000000000000000000e+00 0.000000000000000000e+00 0.000000000000000000e+00 0.000000000000000000e+00 0.000000000000000000e+00 0.000000000000000000e+00 0.000000000000000000e+00 0.000000000000000000e+00 0.000000000000000000e+00 0.000000000000000000e+00 0.000000000000000000e+00 0.000000000000000000e+00 0.000000000000000000e+00 0.000000000000000000e+00 0.000000000000000000e+00 0.000000000000000000e+00 0.000000000000000000e+00 0.000000000000000000e+00 0.000000000000000000e+00 0.000000000000000000e+00 0.000000000000000000e+00
0.000000000000000000e+00 0.000000000000000000e+00 0.000000000000000000e+00 0.000000000000000000e+00 0.000000000000000000e+00 0.000000000000000000e+00 0.000000000000000000e+00 0.000000000000000000e+00 0.000000000000000000e+00 0.000000000000000000e+00 0.000000000000000000e+00 0.000000000000000000e+00 0.000000000000000000e+00 0.000000000000000000e+00 0.000000000000000000e+00 0.000000000000000000e+00 0.000000000000000000e+00 0.000000000000000000e+00 0.000000000000000000e+00 0.000000000000000000e+00 0.000000000000000000e+00 0.000000000000000000e+00 0.000000000000000000e+00 0.000000000000000000e+00 0.000000000000000000e+00 0.000000000000000000e+00 0.000000000000000000e+00 0.000000000000000000e+00 0.000000000000000000e+00 0.000000000000000000e+00 0.000000000000000000e+00 0.000000000000000000e+00 0.000000000000000000e+00 0.000000000000000000e+00 0.000000000000000000e+00 0.000000000000000000e+00 0.000000000000000000e+00 0.000000000000000000e+00 0.000000000000000000e+00 0.000000000000000000e+00 0.000000000000000000e+00 0.000000000000000000e+00 0.000000000000000000e+00 0.000000000000000000e+00 0.000000000000000000e+00 0.000000000000000000e+00 0.000000000000000000e+00 0.000000000000000000e+00 0.000000000000000000e+00 0.000000000000000000e+00 0.000000000000000000e+00 0.000000000000000000e+00 0.000000000000000000e+00 0.000000000000000000e+00 0.000000000000000000e+00 0.000000000000000000e+00 0.000000000000000000e+00 0.000000000000000000e+00 0.000000000000000000e+00 0.000000000000000000e+00 0.000000000000000000e+00 0.000000000000000000e+00 0.000000000000000000e+00 0.000000000000000000e+00 0.000000000000000000e+00 0.000000000000000000e+00 0.000000000000000000e+00 0.000000000000000000e+00 0.000000000000000000e+00 0.000000000000000000e+00 0.000000000000000000e+00 0.000000000000000000e+00 0.000000000000000000e+00 0.000000000000000000e+00 0.000000000000000000e+00 0.000000000000000000e+00 0.000000000000000000e+00 0.000000000000000000e+00 0.000000000000000000e+00 0.000000000000000000e+00 0.000000000000000000e+00 0.000000000000000000e+00 0.000000000000000000e+00 0.000000000000000000e+00 0.000000000000000000e+00 0.000000000000000000e+00 0.000000000000000000e+00 0.000000000000000000e+00 0.000000000000000000e+00
0.000000000000000000e+00 0.000000000000000000e+00 0.000000000000000000e+00 4.880991735537187459e+00 6.849044585987258849e+00 1.154335894621294756e+01 3.466666666666662877e+01 2.999999999999998934e+01 3.449999999999999289e+01 9.764397905759157226e+00 5.799999999999998579e+01 6.489661654135336022e+00 6.899999999999997158e+01 6.200000000000000000e+01 4.424999999999996447e+01 2.834999999999998721e+01 0.000000000000000000e+00 8.549999999999981526e+01 6.350000000000004974e+01 0.000000000000000000e+00 0.000000000000000000e+00 0.000000000000000000e+00 0.000000000000000000e+00 0.000000000000000000e+00 0.000000000000000000e+00 0.000000000000000000e+00 0.000000000000000000e+00 0.000000000000000000e+00 0.000000000000000000e+00 0.000000000000000000e+00 0.000000000000000000e+00 0.000000000000000000e+00 7.449999999999998579e+01 0.000000000000000000e+00 0.000000000000000000e+00 0.000000000000000000e+00 0.000000000000000000e+00 2.757926829268289382e+01 3.126499999999997215e+01 5.300000000000000000e+01 0.000000000000000000e+00 0.000000000000000000e+00 5.200000000000002842e+01 0.000000000000000000e+00 3.191666666666664653e+01 0.000000000000000000e+00 0.000000000000000000e+00 0.000000000000000000e+00 0.000000000000000000e+00 0.000000000000000000e+00 0.000000000000000000e+00 0.000000000000000000e+00 0.000000000000000000e+00 0.000000000000000000e+00 0.000000000000000000e+00 0.000000000000000000e+00 0.000000000000000000e+00 0.000000000000000000e+00 0.000000000000000000e+00 0.000000000000000000e+00 0.000000000000000000e+00 0.000000000000000000e+00 0.000000000000000000e+00 0.000000000000000000e+00 0.000000000000000000e+00 0.000000000000000000e+00 0.000000000000000000e+00 0.000000000000000000e+00 0.000000000000000000e+00 0.000000000000000000e+00 0.000000000000000000e+00 0.000000000000000000e+00 0.000000000000000000e+00 0.000000000000000000e+00 0.000000000000000000e+00 0.000000000000000000e+00 0.000000000000000000e+00 0.000000000000000000e+00 0.000000000000000000e+00 0.000000000000000000e+00 0.000000000000000000e+00 0.000000000000000000e+00 0.000000000000000000e+00 0.000000000000000000e+00 0.000000000000000000e+00 0.000000000000000000e+00 0.000000000000000000e+00 0.000000000000000000e+00 0.000000000000000000e+00
0.000000000000000000e+00 0.000000000000000000e+00 0.000000000000000000e+00 6.849044585987258849e+00 9.015889065434054217e+00 9.506364000801758252e+00 2.413749999999999574e+01 2.102200488997554118e+01 3.897580645161288970e+01 1.541604197901048856e+01 4.371428571428570820e+01 1.314761631246409657e+01 6.129999999999996874e+01 5.954545454545453254e+01 3.271794871794870829e+01 1.216750418760468477e+01 2.891666666666666075e+01 5.041176470588233371e+01 6.825757575757573647e+01 0.000000000000000000e+00 0.000000000000000000e+00 0.000000000000000000e+00 0.000000000000000000e+00 0.000000000000000000e+00 0.000000000000000000e+00 8.933333333333330017e+01 0.000000000000000000e+00 0.000000000000000000e+00 6.625000000000000000e+01 7.112499999999997158e+01 0.000000000000000000e+00 7.911764705882349347e+01 7.399999999999994316e+01 0.000000000000000000e+00 0.000000000000000000e+00 0.000000000000000000e+00 0.000000000000000000e+00 1.172170900692840156e+01 1.908048327137545286e+01 3.156666666666664511e+01 0.000000000000000000e+00 3.966666666666665009e+01 0.000000000000000000e+00 2.666666666666664653e+01 6.125403411710464319e+00 8.926470588235291714e+00 0.000000000000000000e+00 0.000000000000000000e+00 5.099999999999997868e+01 0.000000000000000000e+00 0.000000000000000000e+00 4.449999999999997158e+01 4.450000000000002842e+01 0.000000000000000000e+00 0.000000000000000000e+00 0.000000000000000000e+00 0.000000000000000000e+00 0.000000000000000000e+00 3.499999999999996447e+01 0.000000000000000000e+00 0.000000000000000000e+00 0.000000000000000000e+00 0.000000000000000000e+00 0.000000000000000000e+00 0.000000000000000000e+00 0.000000000000000000e+00 0.000000000000000000e+00 0.000000000000000000e+00 0.000000000000000000e+00 0.000000000000000000e+00 0.000000000000000000e+00 0.000000000000000000e+00 0.000000000000000000e+00 0.000000000000000000e+00 0.000000000000000000e+00 5.799999999999994316e+01 0.000000000000000000e+00 0.000000000000000000e+00 0.000000000000000000e+00 0.000000000000000000e+00 1.913636363636362248e+01 3.849999999999996447e+01 0.000000000000000000e+00 0.000000000000000000e+00 0.000000000000000000e+00 0.000000000000000000e+00 0.000000000000000000e+00 1.099999999999998046e+01 0.000000000000000000e+00
0.000000000000000000e+00 0.000000000000000000e+00 0.000000000000000000e+00 1.154335894621294756e+01 9.506364000801758252e+00 1.441025311025309996e+01 1.035274409700063281e+01 1.525494672754945924e+01 2.642922374429222643e+01 1.662541299559470431e+01 5.055263157894736992e+01 2.327544704264098030e+01 5.768749999999998579e+01 6.343749999999997868e+01 2.760256410256408444e+01 2.170270270270268753e+01 3.646428571428568688e+01 5.931818181818175617e+01 7.876470588235289938e+01 0.000000000000000000e+00 0.000000000000000000e+00 0.000000000000000000e+00 4.200000000000002132e+01 2.783333333333331794e+01 0.000000000000000000e+00 4.374999999999995737e+01 4.649999999999997868e+01 0.000000000000000000e+00 6.369999999999995310e+01 5.599999999999998579e+01 6.924999999999997158e+01 7.904166666666664298e+01 7.924999999999992895e+01 0.000000000000000000e+00 0.000000000000000000e+00 0.000000000000000000e+00 0.000000000000000000e+00 1.655011352578656059e+01 1.876922115264406443e+01 2.128350515463916182e+01 0.000000000000000000e+00 3.633333333333332149e+01 2.789999999999998437e+01 2.230379746835442134e+01 1.805555555555553937e+01 3.490476190476189089e+01 0.000000000000000000e+00 0.000000000000000000e+00 0.000000000000000000e+00 0.000000000000000000e+00 0.000000000000000000e+00 0.000000000000000000e+00 4.899999999999996447e+01 0.000000000000000000e+00 0.000000000000000000e+00 6.849999999999997158e+01 0.000000000000000000e+00 0.000000000000000000e+00 2.750000000000000355e+01 0.000000000000000000e+00 0.000000000000000000e+00 0.000000000000000000e+00 0.000000000000000000e+00 0.000000000000000000e+00 0.000000000000000000e+00 0.000000000000000000e+00 0.000000000000000000e+00 0.000000000000000000e+00 0.000000000000000000e+00 0.000000000000000000e+00 0.000000000000000000e+00 0.000000000000000000e+00 0.000000000000000000e+00 0.000000000000000000e+00 0.000000000000000000e+00 0.000000000000000000e+00 0.000000000000000000e+00 0.000000000000000000e+00 0.000000000000000000e+00 0.000000000000000000e+00 2.866666666666662877e+01 3.850000000000000000e+01 0.000000000000000000e+00 0.000000000000000000e+00 0.000000000000000000e+00 0.000000000000000000e+00 0.000000000000000000e+00 3.179999999999996163e+01 0.000000000000000000e+00
0.000000000000000000e+00 0.000000000000000000e+00 0.000000000000000000e+00 3.466666666666662877e+01 2.413749999999999574e+01 1.035274409700063281e+01 8.178138483665499336e+00 7.558382497541786371e+00 2.067463235294116330e+01 1.248453608247422331e+01 3.900000000000000000e+01 2.851351351351350871e+01 4.958823529411762365e+01 0.000000000000000000e+00 4.354444444444442297e+01 2.949999999999998224e+01 0.000000000000000000e+00 0.000000000000000000e+00 9.149999999999997158e+01 0.000000000000000000e+00 0.000000000000000000e+00 0.000000000000000000e+00 0.000000000000000000e+00 3.850000000000000000e+01 0.000000000000000000e+00 0.000000000000000000e+00 4.549999999999995026e+01 0.000000000000000000e+00 5.712499999999998579e+01 4.667857142857140929e+01 0.000000000000000000e+00 6.699999999999994316e+01 0.000000000000000000e+00 0.000000000000000000e+00 0.000000000000000000e+00 0.000000000000000000e+00 0.000000000000000000e+00 2.699999999999997868e+01 2.556976744186044925e+01 3.974999999999997158e+01 0.000000000000000000e+00 3.349999999999996447e+01 0.000000000000000000e+00 2.474999999999997158e+01 2.700000000000000355e+01 2.949999999999999289e+01 0.000000000000000000e+00 0.000000000000000000e+00 0.000000000000000000e+00 0.000000000000000000e+00 0.000000000000000000e+00 0.000000000000000000e+00 0.000000000000000000e+00 0.000000000000000000e+00 0.000000000000000000e+00 0.000000000000000000e+00 0.000000000000000000e+00 0.000000000000000000e+00 3.349999999999999289e+01 0.000000000000000000e+00 0.000000000000000000e+00 0.000000000000000000e+00 0.000000000000000000e+00 0.000000000000000000e+00 0.000000000000000000e+00 0.000000000000000000e+00 0.000000000000000000e+00 0.000000000000000000e+00 0.000000000000000000e+00 0.000000000000000000e+00 0.000000000000000000e+00 0.000000000000000000e+00 0.000000000000000000e+00 0.000000000000000000e+00 0.000000000000000000e+00 0.000000000000000000e+00 0.000000000000000000e+00 0.000000000000000000e+00 0.000000000000000000e+00 0.000000000000000000e+00 0.000000000000000000e+00 0.000000000000000000e+00 0.000000000000000000e+00 0.000000000000000000e+00 0.000000000000000000e+00 0.000000000000000000e+00 0.000000000000000000e+00 0.000000000000000000e+00 0.000000000000000000e+00
0.000000000000000000e+00 0.000000000000000000e+00 0.000000000000000000e+00 2.999999999999998934e+01 2.102200488997554118e+01 1.525494672754945924e+01 7.558382497541786371e+00 8.248130440112783290e+00 8.776007374242819736e+00 1.928468619246860882e+01 3.818518518518517624e+01 2.416163141993956742e+01 3.387398373983739219e+01 0.000000000000000000e+00 3.494985535197684356e+01 2.045809523809523967e+01 3.034615384615383249e+01 5.807142857142856229e+01 6.099999999999999289e+01 0.000000000000000000e+00 1.175000000000000142e+02 0.000000000000000000e+00 0.000000000000000000e+00 0.000000000000000000e+00 8.400000000000000000e+01 5.024999999999995737e+01 4.100000000000003553e+01 7.049999999999997158e+01 4.460526315789472562e+01 3.780973451327432144e+01 6.024999999999997158e+01 6.462962962962961910e+01 6.283333333333330017e+01 0.000000000000000000e+00 7.290000000000000568e+01 8.199999999999997158e+01 6.503846153846153300e+01 2.560447761194029326e+01 2.641067285382828800e+01 2.554999999999999361e+01 0.000000000000000000e+00 4.024999999999997158e+01 0.000000000000000000e+00 2.472222222222220367e+01 2.984999999999998366e+01 5.009999999999999432e+01 0.000000000000000000e+00 0.000000000000000000e+00 0.000000000000000000e+00 0.000000000000000000e+00 0.000000000000000000e+00 0.000000000000000000e+00 0.000000000000000000e+00 0.000000000000000000e+00 4.424999999999997868e+01 0.000000000000000000e+00 0.000000000000000000e+00 0.000000000000000000e+00 2.474999999999998934e+01 3.100000000000000355e+01 0.000000000000000000e+00 0.000000000000000000e+00 0.000000000000000000e+00 0.000000000000000000e+00 0.000000000000000000e+00 0.000000000000000000e+00 0.000000000000000000e+00 0.000000000000000000e+00 0.000000000000000000e+00 0.000000000000000000e+00 0.000000000000000000e+00 0.000000000000000000e+00 0.000000000000000000e+00 0.000000000000000000e+00 0.000000000000000000e+00 0.000000000000000000e+00 0.000000000000000000e+00 0.000000000000000000e+00 0.000000000000000000e+00 0.000000000000000000e+00 5.599999999999994316e+01 4.849999999999996447e+01 0.000000000000000000e+00 0.000000000000000000e+00 0.000000000000000000e+00 0.000000000000000000e+00 0.000000000000000000e+00 0.000000000000000000e+00 0.000000000000000000e+00
0.000000000000000000e+00 0.000000000000000000e+00 0.000000000000000000e+00 3.449999999999999289e+01 3.897580645161288970e+01 2.642922374429222643e+01 2.067463235294116330e+01 8.776007374242819736e+00 1.062052708864672645e+01 1.851743745261561713e+01 2.356958762886597825e+01 3.219051204819276535e+01 9.997512437810945229e+00 5.591666666666665009e+01 2.110066793893129145e+01 3.315595611285266386e+01 2.541904761904761756e+01 4.909090909090907928e+01 5.555555555555555713e+01 0.000000000000000000e+00 6.599999999999998579e+01 5.507142857142855519e+01 0.000000000000000000e+00 0.000000000000000000e+00 4.849999999999998579e+01 4.514999999999999147e+01 2.816666666666667496e+01 4.649999999999999289e+01 2.663663366336632876e+01 2.679117774880485570e+01 5.044366197183098421e+01 5.395390070921985171e+01 5.634782608695652328e+01 5.600000000000000000e+01 6.511111111111110006e+01 4.900000000000001421e+01 5.641095890410957736e+01 2.153148614609571965e+01 1.679024637192035030e+01 2.340756302521008436e+01 0.000000000000000000e+00 3.133333333333332504e+01 4.150000000000000711e+01 3.575000000000000000e+01 3.409090909090909349e+01 2.977443609022556359e+01 0.000000000000000000e+00 0.000000000000000000e+00 0.000000000000000000e+00 0.000000000000000000e+00 5.149999999999994316e+01 0.000000000000000000e+00 5.087499999999995737e+01 4.449999999999994316e+01 5.418749999999997158e+01 0.000000000000000000e+00 0.000000000000000000e+00 0.000000000000000000e+00 5.199999999999995026e+01 2.799999999999997868e+01 0.000000000000000000e+00 0.000000000000000000e+00 0.000000000000000000e+00 0.000000000000000000e+00 0.000000000000000000e+00 0.000000000000000000e+00 0.000000000000000000e+00 0.000000000000000000e+00 0.000000000000000000e+00 0.000000000000000000e+00 0.000000000000000000e+00 0.000000000000000000e+00 0.000000000000000000e+00 0.000000000000000000e+00 0.000000000000000000e+00 0.000000000000000000e+00 0.000000000000000000e+00 0.000000000000000000e+00 0.000000000000000000e+00 0.000000000000000000e+00 4.699999999999997868e+01 0.000000000000000000e+00 0.000000000000000000e+00 0.000000000000000000e+00 0.000000000000000000e+00 0.000000000000000000e+00 0.000000000000000000e+00 4.699999999999993605e+01 0.000000000000000000e+00
0.000000000000000000e+00 0.000000000000000000e+00 0.000000000000000000e+00 9.764397905759157226e+00 1.541604197901048856e+01 1.662541299559470431e+01 1.248453608247422331e+01 1.928468619246860882e+01 1.851743745261561713e+01 1.227648934384964008e+01 1.243196798493408473e+01 1.550049686354884138e+01 3.855808656036445825e+01 4.682812499999997868e+01 3.218451143451142116e+01 2.535416666666665719e+01 2.416991643454037941e+01 4.607692307692305889e+01 6.125949367088606579e+01 0.000000000000000000e+00 8.004545454545454675e+01 6.339999999999996305e+01 9.774999999999994316e+01 0.000000000000000000e+00 7.009999999999996589e+01 7.249999999999998579e+01 4.100000000000000000e+01 6.762499999999997158e+01 4.685755813953487348e+01 3.927599999999998204e+01 5.793749999999999289e+01 6.257317073170730737e+01 5.814285714285713169e+01 6.444871794871794179e+01 6.824683544303798044e+01 7.210000000000000853e+01 6.840909090909089230e+01 2.105040650406503033e+01 2.508819987959059006e+01 3.610689655172412671e+01 0.000000000000000000e+00 4.855555555555554292e+01 6.759999999999995168e+01 3.942592592592590961e+01 3.113297872340422501e+01 4.220689655172413524e+01 0.000000000000000000e+00 3.599999999999994316e+01 0.000000000000000000e+00 0.000000000000000000e+00 5.016666666666662167e+01 5.299999999999992184e+01 4.618181818181813725e+01 6.374999999999997158e+01 4.679166666666662877e+01 0.000000000000000000e+00 0.000000000000000000e+00 0.000000000000000000e+00 3.322727272727271242e+01 2.957142857142854453e+01 4.499999999999996447e+01 0.000000000000000000e+00 0.000000000000000000e+00 0.000000000000000000e+00 0.000000000000000000e+00 0.000000000000000000e+00 0.000000000000000000e+00 0.000000000000000000e+00 0.000000000000000000e+00 0.000000000000000000e+00 0.000000000000000000e+00 0.000000000000000000e+00 0.000000000000000000e+00 0.000000000000000000e+00 0.000000000000000000e+00 0.000000000000000000e+00 0.000000000000000000e+00 0.000000000000000000e+00 0.000000000000000000e+00 0.000000000000000000e+00 3.849999999999996447e+01 4.821428571428565135e+01 0.000000000000000000e+00 0.000000000000000000e+00 0.000000000000000000e+00 0.000000000000000000e+00 0.000000000000000000e+00 0.000000000000000000e+00 0.000000000000000000e+00
0.000000000000000000e+00 0.000000000000000000e+00 0.000000000000000000e+00 5.799999999999998579e+01 4.371428571428570820e+01 5.055263157894736992e+01 3.900000000000000000e+01 3.818518518518517624e+01 2.356958762886597825e+01 1.243196798493408473e+01 1.327062578168801465e+01 2.440744394618834079e+01 1.625809236081139275e+01 3.493181818181817988e+01 2.454651162790697683e+01 4.168296529968453257e+01 2.425714285714285623e+01 2.624999999999999289e+01 4.880844155844155807e+01 0.000000000000000000e+00 6.433050847457627697e+01 5.485999999999998522e+01 6.166666666666665009e+01 8.149999999999995737e+01 5.892857142857141639e+01 5.938839285714285410e+01 6.050000000000000000e+01 4.772941176470587976e+01 3.032554744525547363e+01 3.368499805674310466e+01 4.364202657807309294e+01 4.715223408461842780e+01 4.589673202614378766e+01 5.297798742138364503e+01 5.803872282608695343e+01 5.997058823529411598e+01 5.223241590214067287e+01 2.115282846715327736e+01 2.095310633213858864e+01 2.673407643312101811e+01 0.000000000000000000e+00 2.697058823529411598e+01 6.153999999999999915e+01 3.677272727272727337e+01 2.937499999999999289e+01 3.710612244897959044e+01 0.000000000000000000e+00 0.000000000000000000e+00 5.699999999999994316e+01 0.000000000000000000e+00 0.000000000000000000e+00 4.199999999999999289e+01 4.824999999999997158e+01 5.016666666666665009e+01 5.443749999999995026e+01 5.193749999999997158e+01 0.000000000000000000e+00 0.000000000000000000e+00 5.449999999999995737e+01 3.466666666666664298e+01 3.649999999999998579e+01 3.099999999999996447e+01 0.000000000000000000e+00 0.000000000000000000e+00 0.000000000000000000e+00 0.000000000000000000e+00 0.000000000000000000e+00 0.000000000000000000e+00 0.000000000000000000e+00 0.000000000000000000e+00 0.000000000000000000e+00 5.899999999999998579e+01 6.199999999999997158e+01 0.000000000000000000e+00 0.000000000000000000e+00 4.449999999999997868e+01 0.000000000000000000e+00 0.000000000000000000e+00 0.000000000000000000e+00 0.000000000000000000e+00 3.716666666666663588e+01 4.874999999999998579e+01 0.000000000000000000e+00 0.000000000000000000e+00 4.800000000000002132e+01 0.000000000000000000e+00 0.000000000000000000e+00 0.000000000000000000e+00 0.000000000000000000e+00
0.000000000000000000e+00 0.000000000000000000e+00 0.000000000000000000e+00 6.489661654135336022e+00 1.314761631246409657e+01 2.327544704264098030e+01 2.851351351351350871e+01 2.416163141993956742e+01 3.219051204819276535e+01 1.550049686354884138e+01 2.440744394618834079e+01 1.604970968528909125e+01 2.158637764084507182e+01 1.408291413703382489e+01 3.319802731411228081e+01 2.529207733131158875e+01 1.807888540031396474e+01 2.351875000000000071e+01 4.121447841726619288e+01 0.000000000000000000e+00 7.261111111111110006e+01 6.650000000000000000e+01 7.299999999999997158e+01 0.000000000000000000e+00 6.000000000000001421e+01 5.946093750000000000e+01 5.533333333333331439e+01 5.880263157894736992e+01 3.500650842266462348e+01 4.310946094609460744e+01 5.315536723163841515e+01 4.954094030639196689e+01 4.615817790530846310e+01 5.634090909090909349e+01 6.725833333333333997e+01 6.925000000000000000e+01 7.097272727272726911e+01 2.401811594202897737e+01 2.904644513971300768e+01 3.457708049113233528e+01 0.000000000000000000e+00 3.151388888888888928e+01 5.569999999999998863e+01 4.284513274336283217e+01 3.740217391304345540e+01 4.279514563106796032e+01 0.000000000000000000e+00 5.649999999999995026e+01 4.849999999999997868e+01 0.000000000000000000e+00 5.099999999999994316e+01 4.871428571428567977e+01 4.891304347826083188e+01 5.088888888888887863e+01 9.592105263157886696e+00 4.357142857142853387e+01 9.625000000000001776e+00 0.000000000000000000e+00 2.867999999999998195e+01 3.191071428571427404e+01 2.673076923076922995e+01 3.712500000000000000e+01 0.000000000000000000e+00 0.000000000000000000e+00 0.000000000000000000e+00 0.000000000000000000e+00 0.000000000000000000e+00 0.000000000000000000e+00 0.000000000000000000e+00 0.000000000000000000e+00 0.000000000000000000e+00 6.099999999999995737e+01 5.099999999999996447e+01 0.000000000000000000e+00 8.499999999999994316e+01 0.000000000000000000e+00 0.000000000000000000e+00 0.000000000000000000e+00 0.000000000000000000e+00 0.000000000000000000e+00 4.366666666666662167e+01 4.910526315789471141e+01 7.449999999999995737e+01 0.000000000000000000e+00 4.200000000000001421e+01 0.000000000000000000e+00 5.749999999999998579e+01 3.549999999999997868e+01 0.000000000000000000e+00
0.000000000000000000e+00 0.000000000000000000e+00 0.000000000000000000e+00 6.899999999999997158e+01 6.129999999999996874e+01 5.768749999999998579e+01 4.958823529411762365e+01 3.387398373983739219e+01 9.997512437810945229e+00 3.855808656036445825e+01 1.625809236081139275e+01 2.158637764084507182e+01 1.433535815883472786e+01 7.974870489866402679e+00 2.354249379652606322e+01 5.359836065573769304e+01 3.599999999999999289e+01 2.014513108614232095e+01 3.639107142857143629e+01 0.000000000000000000e+00 6.197368421052630083e+01 5.805555555555555713e+01 6.724999999999997158e+01 7.299999999999994316e+01 5.175000000000000000e+01 2.060303030303030170e+01 4.353225806451612812e+01 4.735507246376811707e+01 2.045526561043802616e+01 2.883319210749304062e+01 4.132773109243697718e+01 3.027071912286359279e+01 3.448501577287066056e+01 4.747058823529411598e+01 5.747368421052631504e+01 5.549999999999999289e+01 5.381967213114754145e+01 2.408966461327857544e+01 2.564075355632449416e+01 2.963245257452575387e+01 0.000000000000000000e+00 2.740719063545150647e+01 4.276666666666666572e+01 3.820041753653444516e+01 4.162500000000000000e+01 3.778799019607843235e+01 0.000000000000000000e+00 0.000000000000000000e+00 0.000000000000000000e+00 0.000000000000000000e+00 0.000000000000000000e+00 0.000000000000000000e+00 0.000000000000000000e+00 5.574999999999997158e+01 6.064285714285711748e+01 5.323076923076920508e+01 3.949999999999997868e+01 6.474999999999998579e+01 0.000000000000000000e+00 0.000000000000000000e+00 3.644444444444442865e+01 4.383333333333333570e+01 0.000000000000000000e+00 0.000000000000000000e+00 0.000000000000000000e+00 0.000000000000000000e+00 0.000000000000000000e+00 0.000000000000000000e+00 0.000000000000000000e+00 0.000000000000000000e+00 0.000000000000000000e+00 5.949999999999997868e+01 6.633333333333332860e+01 0.000000000000000000e+00 7.749999999999997158e+01 6.249999999999998579e+01 0.000000000000000000e+00 0.000000000000000000e+00 0.000000000000000000e+00 0.000000000000000000e+00 3.824999999999996447e+01 5.047826086956520442e+01 5.633333333333331439e+01 0.000000000000000000e+00 4.239999999999998437e+01 0.000000000000000000e+00 7.199999999999998579e+01 7.549999999999994316e+01 5.416666666666666430e+01
0.000000000000000000e+00 0.000000000000000000e+00 0.000000000000000000e+00 6.200000000000000000e+01 5.954545454545453254e+01 6.343749999999997868e+01 0.000000000000000000e+00 0.000000000000000000e+00 5.591666666666665009e+01 4.682812499999997868e+01 3.493181818181817988e+01 1.408291413703382489e+01 7.974870489866402679e+00 1.015675451911135596e+01 3.339393939393939092e+01 5.155555555555555003e+01 3.669999999999998153e+01 8.330708661417322247e+00 3.428571428571429891e+01 0.000000000000000000e+00 0.000000000000000000e+00 0.000000000000000000e+00 0.000000000000000000e+00 0.000000000000000000e+00 0.000000000000000000e+00 0.000000000000000000e+00 0.000000000000000000e+00 5.600000000000000000e+01 1.103553504937672081e+01 3.259693877551020336e+01 3.249999999999999289e+01 1.574054982817868797e+01 1.333241758241758212e+01 0.000000000000000000e+00 0.000000000000000000e+00 0.000000000000000000e+00 0.000000000000000000e+00 4.130434782608695343e+01 3.683333333333333570e+01 3.765625000000000711e+01 0.000000000000000000e+00 3.144444444444444287e+01 3.349999999999999289e+01 3.756250000000000711e+01 0.000000000000000000e+00 4.387500000000000000e+01 0.000000000000000000e+00 0.000000000000000000e+00 0.000000000000000000e+00 0.000000000000000000e+00 0.000000000000000000e+00 0.000000000000000000e+00 0.000000000000000000e+00 0.000000000000000000e+00 0.000000000000000000e+00 0.000000000000000000e+00 0.000000000000000000e+00 0.000000000000000000e+00 0.000000000000000000e+00 0.000000000000000000e+00 2.299999999999997158e+01 0.000000000000000000e+00 0.000000000000000000e+00 0.000000000000000000e+00 0.000000000000000000e+00 0.000000000000000000e+00 0.000000000000000000e+00 0.000000000000000000e+00 0.000000000000000000e+00 0.000000000000000000e+00 0.000000000000000000e+00 0.000000000000000000e+00 0.000000000000000000e+00 0.000000000000000000e+00 0.000000000000000000e+00 0.000000000000000000e+00 0.000000000000000000e+00 0.000000000000000000e+00 0.000000000000000000e+00 0.000000000000000000e+00 0.000000000000000000e+00 0.000000000000000000e+00 0.000000000000000000e+00 0.000000000000000000e+00 0.000000000000000000e+00 0.000000000000000000e+00 0.000000000000000000e+00 0.000000000000000000e+00 0.000000000000000000e+00
0.000000000000000000e+00 0.000000000000000000e+00 0.000000000000000000e+00 4.424999999999996447e+01 3.271794871794870829e+01 2.760256410256408444e+01 4.354444444444442297e+01 3.494985535197684356e+01 2.110066793893129145e+01 3.218451143451142116e+01 2.454651162790697683e+01 3.319802731411228081e+01 2.354249379652606322e+01 3.339393939393939092e+01 1.096612089383173405e+01 4.370491803278687115e+01 2.512500000000000000e+01 2.428440366972477094e+01 2.597112860892387332e+01 1.280327868852459439e+01 2.345317220543806513e+01 2.430319148936169071e+01 2.234405940594059459e+01 1.691228070175437992e+01 2.267968749999999645e+01 2.172269443263917665e+01 2.063311331133112603e+01 2.968941504178273050e+01 2.162084833933573336e+01 2.687845092024539184e+01 4.350890346766634309e+01 3.627536231884057116e+01 3.346360759493669690e+01 4.862790697674418539e+01 4.882040229885057414e+01 5.499999999999999289e+01 3.926102941176469585e+01 2.857205882352940662e+01 8.908310642831771986e+00 1.784516129032257936e+01 0.000000000000000000e+00 2.490027700831024404e+01 1.355712202236266606e+01 1.234121621621621756e+01 2.875000000000000000e+01 2.414796425024825766e+01 0.000000000000000000e+00 0.000000000000000000e+00 0.000000000000000000e+00 0.000000000000000000e+00 0.000000000000000000e+00 3.899999999999995026e+01 5.099999999999995026e+01 5.466666666666665719e+01 4.883333333333330728e+01 5.499999999999996447e+01 0.000000000000000000e+00 6.399999999999998579e+01 7.112499999999998579e+01 3.866666666666664298e+01 3.949999999999997868e+01 3.897058823529410176e+01 0.000000000000000000e+00 0.000000000000000000e+00 0.000000000000000000e+00 0.000000000000000000e+00 0.000000000000000000e+00 0.000000000000000000e+00 0.000000000000000000e+00 4.300000000000000000e+01 0.000000000000000000e+00 0.000000000000000000e+00 4.600000000000000000e+01 0.000000000000000000e+00 4.699999999999994316e+01 4.189999999999999147e+01 0.000000000000000000e+00 0.000000000000000000e+00 0.000000000000000000e+00 0.000000000000000000e+00 3.937499999999996447e+01 4.083333333333332860e+01 0.000000000000000000e+00 0.000000000000000000e+00 3.686363636363635976e+01 4.000000000000000000e+01 0.000000000000000000e+00 0.000000000000000000e+00 0.000000000000000000e+00
0.000000000000000000e+00 0.000000000000000000e+00 0.000000000000000000e+00 2.834999999999998721e+01 1.216750418760468477e+01 2.170270270270268753e+01 2.949999999999998224e+01 2.045809523809523967e+01 3.315595611285266386e+01 2.535416666666665719e+01 4.168296529968453257e+01 2.529207733131158875e+01 5.359836065573769304e+01 5.155555555555555003e+01 4.370491803278687115e+01 7.162535872684579807e+00 1.192754746222393969e+01 3.874176381145461079e+01 5.600377073906482650e+01 0.000000000000000000e+00 0.000000000000000000e+00 0.000000000000000000e+00 1.279999999999999858e+02 0.000000000000000000e+00 9.849999999999997158e+01 8.331818181818179880e+01 7.649999999999995737e+01 8.219999999999997442e+01 6.367647058823527573e+01 6.770212765957444390e+01 7.604999999999998295e+01 6.904419191919188847e+01 5.813657407407404065e+01 8.999999999999998579e+01 8.722727272727273373e+01 0.000000000000000000e+00 9.458333333333332860e+01 1.452283511269275529e+01 2.408726003490399847e+01 4.349206349206347966e+01 0.000000000000000000e+00 5.890909090909087098e+01 6.993749999999998579e+01 5.449999999999998579e+01 9.392857142857135244e+00 5.262962962962961910e+01 0.000000000000000000e+00 3.399999999999995737e+01 6.149999999999997868e+01 0.000000000000000000e+00 4.489999999999991331e+01 4.349999999999995737e+01 3.389473684210522464e+01 4.033333333333330017e+01 3.297058823529408755e+01 5.789999999999999147e+01 0.000000000000000000e+00 0.000000000000000000e+00 2.438235294117645680e+01 2.303571428571427404e+01 3.639999999999997016e+01 4.987499999999997868e+01 0.000000000000000000e+00 0.000000000000000000e+00 0.000000000000000000e+00 0.000000000000000000e+00 0.000000000000000000e+00 1.015000000000000284e+02 0.000000000000000000e+00 0.000000000000000000e+00 0.000000000000000000e+00 0.000000000000000000e+00 6.824999999999997158e+01 7.674999999999997158e+01 7.049999999999998579e+01 5.562500000000002132e+01 0.000000000000000000e+00 0.000000000000000000e+00 0.000000000000000000e+00 0.000000000000000000e+00 2.383333333333329662e+01 4.071428571428570109e+01 0.000000000000000000e+00 0.000000000000000000e+00 0.000000000000000000e+00 5.999999999999992895e+01 6.299999999999994316e+01 4.249999999999991473e+01 2.149999999999998579e+01
0.000000000000000000e+00 0.000000000000000000e+00 0.000000000000000000e+00 0.000000000000000000e+00 2.891666666666666075e+01 3.646428571428568688e+01 0.000000000000000000e+00 3.034615384615383249e+01 2.541904761904761756e+01 2.416991643454037941e+01 2.425714285714285623e+01 1.807888540031396474e+01 3.599999999999999289e+01 3.669999999999998153e+01 2.512500000000000000e+01 1.192754746222393969e+01 7.687971816809255898e+00 1.811093502377178055e+01 3.886945812807881140e+01 0.000000000000000000e+00 8.550000000000000000e+01 0.000000000000000000e+00 0.000000000000000000e+00 0.000000000000000000e+00 6.450000000000000000e+01 5.999999999999998579e+01 4.549999999999998579e+01 6.499999999999998579e+01 4.805555555555554292e+01 5.812499999999998579e+01 6.350000000000000711e+01 5.245789473684210691e+01 4.162500000000000000e+01 5.550000000000001421e+01 7.337499999999998579e+01 0.000000000000000000e+00 9.449999999999998579e+01 1.731094527363183744e+01 2.162966804979252800e+01 2.953773584905660243e+01 0.000000000000000000e+00 3.566666666666667140e+01 0.000000000000000000e+00 3.283333333333332149e+01 3.124999999999999289e+01 3.291666666666667140e+01 0.000000000000000000e+00 0.000000000000000000e+00 4.824999999999999289e+01 0.000000000000000000e+00 3.408333333333329307e+01 3.111111111111106098e+01 3.179870129870126405e+01 4.008333333333330017e+01 2.556249999999997868e+01 5.900000000000002132e+01 0.000000000000000000e+00 4.849999999999995026e+01 1.996153846153844924e+01 9.654929577464786306e+00 1.874999999999998934e+01 3.457142857142856229e+01 0.000000000000000000e+00 0.000000000000000000e+00 0.000000000000000000e+00 0.000000000000000000e+00 0.000000000000000000e+00 0.000000000000000000e+00 0.000000000000000000e+00 0.000000000000000000e+00 0.000000000000000000e+00 0.000000000000000000e+00 0.000000000000000000e+00 6.399999999999997868e+01 7.316666666666661456e+01 5.337499999999997158e+01 0.000000000000000000e+00 0.000000000000000000e+00 0.000000000000000000e+00 0.000000000000000000e+00 2.358333333333331439e+01 3.369999999999998153e+01 3.369999999999998153e+01 0.000000000000000000e+00 0.000000000000000000e+00 0.000000000000000000e+00 4.099999999999997868e+01 2.862499999999999645e+01 0.000000000000000000e+00
