0.000000000000000000e+00 0.000000000000000000e+00 0.000000000000000000e+00 0.000000000000000000e+00 0.000000000000000000e+00 0.000000000000000000e+00 0.000000000000000000e+00 0.000000000000000000e+00 0.000000000000000000e+00 0.000000000000000000e+00 0.000000000000000000e+00 0.000000000000000000e+00 0.000000000000000000e+00 0.000000000000000000e+00 0.000000000000000000e+00 0.000000000000000000e+00 0.000000000000000000e+00 0.000000000000000000e+00 0.000000000000000000e+00 0.000000000000000000e+00 0.000000000000000000e+00 0.000000000000000000e+00 0.000000000000000000e+00 0.000000000000000000e+00 0.000000000000000000e+00 0.000000000000000000e+00 0.000000000000000000e+00 0.000000000000000000e+00 0.000000000000000000e+00 0.000000000000000000e+00 0.000000000000000000e+00 0.000000000000000000e+00 0.000000000000000000e+00 0.000000000000000000e+00 0.000000000000000000e+00 0.000000000000000000e+00 0.000000000000000000e+00 0.000000000000000000e+00 0.000000000000000000e+00 0.000000000000000000e+00 0.000000000000000000e+00 0.000000000000000000e+00 0.000000000000000000e+00 0.000000000000000000e+00 0.000000000000000000e+00 0.000000000000000000e+00 0.000000000000000000e+00 0.000000000000000000e+00 0.000000000000000000e+00 0.000000000000000000e+00 0.000000000000000000e+00 0.000000000000000000e+00 0.000000000000000000e+00 0.000000000000000000e+00 0.000000000000000000e+00 0.000000000000000000e+00 0.000000000000000000e+00 0.000000000000000000e+00 0.000000000000000000e+00 0.000000000000000000e+00 0.000000000000000000e+00 0.000000000000000000e+00 0.000000000000000000e+00 0.000000000000000000e+00 0.000000000000000000e+00 0.000000000000000000e+00 0.000000000000000000e+00 0.000000000000000000e+00 0.000000000000000000e+00 0.000000000000000000e+00 0.000000000000000000e+00 0.000000000000000000e+00 0.000000000000000000e+00 0.000000000000000000e+00 0.000000000000000000e+00 0.000000000000000000e+00 0.000000000000000000e+00 0.000000000000000000e+00 0.000000000000000000e+00 0.000000000000000000e+00 0.000000000000000000e+00 0.000000000000000000e+00 0.000000000000000000e+00 0.000000000000000000e+00 0.000000000000000000e+00 0.000000000000000000e+00 0.000000000000000000e+00 0.000000000000000000e+00 0.000000000000000000e+00
0.000000000000000000e+00 0.000000000000000000e+00 0.000000000000000000e+00 0.000000000000000000e+00 0.000000000000000000e+00 0.000000000000000000e+00 0.000000000000000000e+00 0.000000000000000000e+00 0.000000000000000000e+00 0.000000000000000000e+00 0.000000000000000000e+00 0.000000000000000000e+00 0.000000000000000000e+00 0.000000000000000000e+00 0.000000000000000000e+00 0.000000000000000000e+00 0.000000000000000000e+00 0.000000000000000000e+00 0.000000000000000000e+00 0.000000000000000000e+00 0.000000000000000000e+00 0.000000000000000000e+00 0.000000000000000000e+00 0.000000000000000000e+00 0.000000000000000000e+00 0.000000000000000000e+00 0.000000000000000000e+00 0.000000000000000000e+00 0.000000000000000000e+00 0.000000000000000000e+00 0.000000000000000000e+00 0.000000000000000000e+00 0.000000000000000000e+00 0.000000000000000000e+00 0.000000000000000000e+00 0.000000000000000000e+00 0.000000000000000000e+00 0.000000000000000000e+00 0.000000000000000000e+00 0.000000000000000000e+00 0.000000000000000000e+00 0.000000000000000000e+00 0.000000000000000000e+00 0.000000000000000000e+00 0.000000000000000000e+00 0.000000000000000000e+00 0.000000000000000000e+00 0.000000000000000000e+00 0.000000000000000000e+00 0.000000000000000000e+00 0.000000000000000000e+00 0.000000000000000000e+00 0.000000000000000000e+00 0.000000000000000000e+00 0.000000000000000000e+00 0.000000000000000000e+00 0.000000000000000000e+00 0.000000000000000000e+00 0.000000000000000000e+00 0.000000000000000000e+00 0.000000000000000000e+00 0.000000000000000000e+00 0.000000000000000000e+00 0.000000000000000000e+00 0.000000000000000000e+00 0.000000000000000000e+00 0.000000000000000000e+00 0.000000000000000000e+00 0.000000000000000000e+00 0.000000000000000000e+00 0.000000000000000000e+00 0.000000000000000000e+00 0.000000000000000000e+00 0.000000000000000000e+00 0.000000000000000000e+00 0.000000000000000000e+00 0.000000000000000000e+00 0.000000000000000000e+00 0.000000000000000000e+00 0.000000000000000000e+00 0.000000000000000000e+00 0.000000000000000000e+00 0.000000000000000000e+00 0.000000000000000000e+00 0.000000000000000000e+00 0.000000000000000000e+00 0.000000000000000000e+00 0.000000000000000000e+00 0.000000000000000000e+00
0.000000000000000000e+00 0.000000000000000000e+00 0.000000000000000000e+00 0.000000000000000000e+00 0.000000000000000000e+00 0.000000000000000000e+00 0.000000000000000000e+00 0.000000000000000000e+00 0.000000000000000000e+00 0.000000000000000000e+00 0.000000000000000000e+00 0.000000000000000000e+00 0.000000000000000000e+00 0.000000000000000000e+00 0.000000000000000000e+00 0.000000000000000000e+00 0.000000000000000000e+00 0.000000000000000000e+00 0.000000000000000000e+00 0.000000000000000000e+00 0.000000000000000000e+00 0.000000000000000000e+00 0.000000000000000000e+00 0.000000000000000000e+00 0.000000000000000000e+00 0.000000000000000000e+00 0.000000000000000000e+00 0.000000000000000000e+00 0.000000000000000000e+00 0.000000000000000000e+00 0.000000000000000000e+00 0.000000000000000000e+00 0.000000000000000000e+00 0.000000000000000000e+00 0.000000000000000000e+00 0.000000000000000000e+00 0.000000000000000000e+00 0.000000000000000000e+00 0.000000000000000000e+00 0.000000000000000000e+00 0.000000000000000000e+00 0.000000000000000000e+00 0.000000000000000000e+00 0.000000000000000000e+00 0.000000000000000000e+00 0.000000000000000000e+00 0.000000000000000000e+00 0.000000000000000000e+00 0.000000000000000000e+00 0.000000000000000000e+00 0.000000000000000000e+00 0.000000000000000000e+00 0.000000000000000000e+00 0.000000000000000000e+00 0.000000000000000000e+00 0.000000000000000000e+00 0.000000000000000000e+00 0.000000000000000000e+00 0.000000000000000000e+00 0.000000000000000000e+00 0.000000000000000000e+00 0.000000000000000000e+00 0.000000000000000000e+00 0.000000000000000000e+00 0.000000000000000000e+00 0.000000000000000000e+00 0.000000000000000000e+00 0.000000000000000000e+00 0.000000000000000000e+00 0.000000000000000000e+00 0.000000000000000000e+00 0.000000000000000000e+00 0.000000000000000000e+00 0.000000000000000000e+00 0.000000000000000000e+00 0.000000000000000000e+00 0.000000000000000000e+00 0.000000000000000000e+00 0.000000000000000000e+00 0.000000000000000000e+00 0.000000000000000000e+00 0.000000000000000000e+00 0.000000000000000000e+00 0.000000000000000000e+00 0.000000000000000000e+00 0.000000000000000000e+00 0.000000000000000000e+00 0.000000000000000000e+00 0.000000000000000000e+00
0.000000000000000000e+00 0.000000000000000000e+00 0.000000000000000000e+00 5.475342465753416654e+00 7.125462962962959779e+00 1.468333333333332646e+01 2.400000000000000711e+01 2.964285714285711748e+01 0.000000000000000000e+00 9.061538461538450662e+00 5.249999999999995737e+01 5.859559402045629639e+00 7.100000000000000000e+01 0.000000000000000000e+00 3.149999999999991829e+01 3.137499999999999289e+01 0.000000000000000000e+00 0.000000000000000000e+00 0.000000000000000000e+00 0.000000000000000000e+00 0.000000000000000000e+00 0.000000000000000000e+00 0.000000000000000000e+00 0.000000000000000000e+00 0.000000000000000000e+00 0.000000000000000000e+00 0.000000000000000000e+00 0.000000000000000000e+00 0.000000000000000000e+00 0.000000000000000000e+00 0.000000000000000000e+00 0.000000000000000000e+00 7.499999999999992895e+01 0.000000000000000000e+00 0.000000000000000000e+00 0.000000000000000000e+00 0.000000000000000000e+00 2.758730158730157456e+01 3.312162162162159973e+01 0.000000000000000000e+00 0.000000000000000000e+00 0.000000000000000000e+00 0.000000000000000000e+00 0.000000000000000000e+00 3.249999999999995026e+01 0.000000000000000000e+00 0.000000000000000000e+00 0.000000000000000000e+00 0.000000000000000000e+00 0.000000000000000000e+00 0.000000000000000000e+00 0.000000000000000000e+00 0.000000000000000000e+00 0.000000000000000000e+00 0.000000000000000000e+00 0.000000000000000000e+00 0.000000000000000000e+00 0.000000000000000000e+00 0.000000000000000000e+00 0.000000000000000000e+00 0.000000000000000000e+00 8.850000000000004263e+01 0.000000000000000000e+00 0.000000000000000000e+00 0.000000000000000000e+00 0.000000000000000000e+00 0.000000000000000000e+00 0.000000000000000000e+00 0.000000000000000000e+00 0.000000000000000000e+00 0.000000000000000000e+00 0.000000000000000000e+00 0.000000000000000000e+00 0.000000000000000000e+00 0.000000000000000000e+00 0.000000000000000000e+00 0.000000000000000000e+00 0.000000000000000000e+00 0.000000000000000000e+00 0.000000000000000000e+00 0.000000000000000000e+00 0.000000000000000000e+00 0.000000000000000000e+00 0.000000000000000000e+00 0.000000000000000000e+00 0.000000000000000000e+00 0.000000000000000000e+00 0.000000000000000000e+00 0.000000000000000000e+00
0.000000000000000000e+00 0.000000000000000000e+00 0.000000000000000000e+00 7.125462962962959779e+00 9.647520899394631755e+00 9.003530408585946887e+00 2.738709677419353383e+01 2.321808510638296852e+01 4.087962962962961910e+01 1.612825089240182308e+01 4.177272727272725916e+01 1.765657788539143880e+01 5.996721311475407390e+01 5.987499999999997868e+01 2.930833333333331936e+01 1.434401972872995934e+01 2.909722222222221433e+01 5.147945205479449271e+01 6.310614525139660458e+01 0.000000000000000000e+00 0.000000000000000000e+00 8.649999999999991473e+01 0.000000000000000000e+00 0.000000000000000000e+00 0.000000000000000000e+00 8.249999999999998579e+01 0.000000000000000000e+00 8.912499999999997158e+01 7.002777777777775725e+01 7.416666666666664298e+01 9.266666666666662877e+01 7.950909090909087240e+01 6.690506329113921424e+01 0.000000000000000000e+00 0.000000000000000000e+00 8.899999999999997158e+01 0.000000000000000000e+00 1.234280936454848820e+01 1.919991212653777168e+01 4.806410256410254789e+01 0.000000000000000000e+00 6.491666666666664298e+01 0.000000000000000000e+00 4.541666666666663588e+01 6.167001506780509068e+00 1.196875000000000000e+01 0.000000000000000000e+00 0.000000000000000000e+00 3.749999999999999289e+01 0.000000000000000000e+00 3.899999999999992895e+01 0.000000000000000000e+00 0.000000000000000000e+00 0.000000000000000000e+00 4.799999999999994316e+01 0.000000000000000000e+00 0.000000000000000000e+00 0.000000000000000000e+00 0.000000000000000000e+00 4.000000000000000711e+01 0.000000000000000000e+00 0.000000000000000000e+00 0.000000000000000000e+00 0.000000000000000000e+00 0.000000000000000000e+00 0.000000000000000000e+00 0.000000000000000000e+00 0.000000000000000000e+00 0.000000000000000000e+00 0.000000000000000000e+00 0.000000000000000000e+00 0.000000000000000000e+00 0.000000000000000000e+00 0.000000000000000000e+00 7.950000000000000000e+01 0.000000000000000000e+00 0.000000000000000000e+00 0.000000000000000000e+00 0.000000000000000000e+00 0.000000000000000000e+00 2.327777777777775725e+01 4.862499999999997868e+01 0.000000000000000000e+00 0.000000000000000000e+00 0.000000000000000000e+00 0.000000000000000000e+00 0.000000000000000000e+00 1.133333333333332860e+01 9.874999999999992895e+00
0.000000000000000000e+00 0.000000000000000000e+00 0.000000000000000000e+00 1.468333333333332646e+01 9.003530408585946887e+00 1.307764863656682230e+01 8.919003115264795056e+00 1.346814006888633308e+01 2.958995815899579895e+01 1.724824284404603603e+01 4.291198979591835183e+01 2.607156162682395717e+01 5.790719696969694041e+01 6.491304347826083188e+01 2.136917098445594831e+01 2.047465753424656398e+01 3.565789473684209554e+01 5.575280898876401636e+01 7.021176470588233087e+01 0.000000000000000000e+00 0.000000000000000000e+00 0.000000000000000000e+00 0.000000000000000000e+00 2.899999999999997868e+01 0.000000000000000000e+00 7.924999999999998579e+01 6.833333333333332860e+01 9.139999999999997726e+01 6.851562499999997158e+01 6.841304347826084609e+01 8.633333333333330017e+01 7.623275862068962283e+01 7.477941176470585560e+01 9.599999999999995737e+01 1.019999999999999716e+02 8.599999999999995737e+01 8.195454545454543904e+01 1.704682890855456279e+01 1.886863072077078485e+01 2.731297709923662609e+01 0.000000000000000000e+00 4.618749999999997158e+01 6.899999999999994316e+01 2.988235294117644969e+01 1.807580645161289112e+01 5.033333333333332149e+01 0.000000000000000000e+00 0.000000000000000000e+00 5.400000000000003553e+01 0.000000000000000000e+00 4.299999999999992895e+01 0.000000000000000000e+00 4.516666666666665009e+01 0.000000000000000000e+00 6.474999999999995737e+01 0.000000000000000000e+00 0.000000000000000000e+00 0.000000000000000000e+00 3.021428571428570109e+01 3.599999999999994316e+01 5.125000000000000000e+01 0.000000000000000000e+00 0.000000000000000000e+00 0.000000000000000000e+00 0.000000000000000000e+00 0.000000000000000000e+00 0.000000000000000000e+00 0.000000000000000000e+00 0.000000000000000000e+00 0.000000000000000000e+00 0.000000000000000000e+00 0.000000000000000000e+00 0.000000000000000000e+00 0.000000000000000000e+00 0.000000000000000000e+00 7.450000000000000000e+01 0.000000000000000000e+00 0.000000000000000000e+00 0.000000000000000000e+00 0.000000000000000000e+00 2.549999999999998934e+01 4.574999999999997158e+01 0.000000000000000000e+00 0.000000000000000000e+00 0.000000000000000000e+00 0.000000000000000000e+00 0.000000000000000000e+00 3.300000000000000000e+01 0.000000000000000000e+00
0.000000000000000000e+00 0.000000000000000000e+00 0.000000000000000000e+00 2.400000000000000711e+01 2.738709677419353383e+01 8.919003115264795056e+00 7.234689597315433041e+00 7.424695977549109038e+00 1.903571428571428115e+01 1.325796178343948561e+01 4.595238095238092768e+01 3.313492063492061845e+01 6.203571428571424207e+01 0.000000000000000000e+00 3.679999999999999005e+01 2.822222222222221433e+01 0.000000000000000000e+00 5.699999999999991473e+01 0.000000000000000000e+00 0.000000000000000000e+00 0.000000000000000000e+00 0.000000000000000000e+00 0.000000000000000000e+00 0.000000000000000000e+00 0.000000000000000000e+00 0.000000000000000000e+00 0.000000000000000000e+00 0.000000000000000000e+00 7.020833333333330017e+01 6.529999999999999716e+01 8.475000000000000000e+01 8.237499999999995737e+01 0.000000000000000000e+00 8.449999999999997158e+01 1.094999999999999858e+02 0.000000000000000000e+00 0.000000000000000000e+00 3.319999999999997442e+01 3.358796296296294770e+01 3.316666666666663588e+01 0.000000000000000000e+00 0.000000000000000000e+00 0.000000000000000000e+00 2.999999999999997868e+01 4.299999999999998579e+01 6.149999999999996447e+01 0.000000000000000000e+00 0.000000000000000000e+00 0.000000000000000000e+00 0.000000000000000000e+00 0.000000000000000000e+00 0.000000000000000000e+00 0.000000000000000000e+00 0.000000000000000000e+00 0.000000000000000000e+00 0.000000000000000000e+00 0.000000000000000000e+00 0.000000000000000000e+00 0.000000000000000000e+00 0.000000000000000000e+00 0.000000000000000000e+00 0.000000000000000000e+00 0.000000000000000000e+00 0.000000000000000000e+00 0.000000000000000000e+00 0.000000000000000000e+00 0.000000000000000000e+00 0.000000000000000000e+00 0.000000000000000000e+00 0.000000000000000000e+00 0.000000000000000000e+00 0.000000000000000000e+00 0.000000000000000000e+00 0.000000000000000000e+00 0.000000000000000000e+00 0.000000000000000000e+00 0.000000000000000000e+00 0.000000000000000000e+00 0.000000000000000000e+00 0.000000000000000000e+00 0.000000000000000000e+00 0.000000000000000000e+00 0.000000000000000000e+00 0.000000000000000000e+00 0.000000000000000000e+00 0.000000000000000000e+00 0.000000000000000000e+00 0.000000000000000000e+00 0.000000000000000000e+00
0.000000000000000000e+00 0.000000000000000000e+00 0.000000000000000000e+00 2.964285714285711748e+01 2.321808510638296852e+01 1.346814006888633308e+01 7.424695977549109038e+00 8.600194080543422714e+00 1.010083036773427878e+01 1.759244609896074962e+01 3.180473372781063546e+01 2.583787465940053352e+01 4.213059701492535680e+01 6.199999999999995737e+01 3.769448010269574212e+01 2.095098039215686114e+01 2.741666666666665364e+01 5.059999999999998010e+01 7.107142857142854098e+01 0.000000000000000000e+00 8.700000000000000000e+01 6.599999999999998579e+01 0.000000000000000000e+00 6.174999999999997158e+01 0.000000000000000000e+00 7.324999999999997158e+01 4.787499999999997158e+01 0.000000000000000000e+00 5.140816326530610070e+01 3.795674300254451339e+01 7.422222222222220012e+01 6.385999999999997101e+01 6.645833333333331439e+01 8.499999999999998579e+01 8.277272727272726627e+01 7.200000000000001421e+01 6.831034482758617798e+01 3.224242424242422800e+01 3.308898305084743185e+01 5.249999999999998579e+01 0.000000000000000000e+00 4.249999999999997868e+01 6.799999999999997158e+01 5.049999999999995737e+01 3.212499999999998579e+01 0.000000000000000000e+00 0.000000000000000000e+00 0.000000000000000000e+00 3.899999999999997158e+01 0.000000000000000000e+00 0.000000000000000000e+00 0.000000000000000000e+00 7.349999999999992895e+01 0.000000000000000000e+00 0.000000000000000000e+00 0.000000000000000000e+00 0.000000000000000000e+00 0.000000000000000000e+00 2.300000000000002842e+01 0.000000000000000000e+00 0.000000000000000000e+00 0.000000000000000000e+00 0.000000000000000000e+00 0.000000000000000000e+00 0.000000000000000000e+00 0.000000000000000000e+00 0.000000000000000000e+00 0.000000000000000000e+00 0.000000000000000000e+00 0.000000000000000000e+00 0.000000000000000000e+00 0.000000000000000000e+00 0.000000000000000000e+00 0.000000000000000000e+00 0.000000000000000000e+00 0.000000000000000000e+00 0.000000000000000000e+00 0.000000000000000000e+00 0.000000000000000000e+00 0.000000000000000000e+00 0.000000000000000000e+00 0.000000000000000000e+00 0.000000000000000000e+00 0.000000000000000000e+00 0.000000000000000000e+00 0.000000000000000000e+00 0.000000000000000000e+00 0.000000000000000000e+00 0.000000000000000000e+00
0.000000000000000000e+00 0.000000000000000000e+00 0.000000000000000000e+00 0.000000000000000000e+00 4.087962962962961910e+01 2.958995815899579895e+01 1.903571428571428115e+01 1.010083036773427878e+01 1.206971399387129296e+01 1.701818181818181230e+01 2.205769230769230660e+01 2.838904694167851162e+01 9.557085739671254743e+00 5.279999999999999716e+01 2.162064343163537927e+01 3.010526315789472918e+01 2.439572192513368165e+01 5.857692307692305178e+01 5.854999999999996874e+01 0.000000000000000000e+00 7.183333333333330017e+01 0.000000000000000000e+00 6.333333333333333570e+01 8.099999999999992895e+01 5.199999999999998579e+01 4.809999999999998721e+01 2.815624999999998579e+01 0.000000000000000000e+00 2.794670050761420299e+01 2.410067637877209634e+01 6.791666666666664298e+01 5.668333333333331581e+01 6.111111111111110006e+01 5.949999999999997158e+01 6.865000000000000568e+01 0.000000000000000000e+00 5.770833333333333570e+01 2.077029702970296299e+01 1.815901213171576600e+01 3.194827586206896086e+01 0.000000000000000000e+00 0.000000000000000000e+00 4.983333333333332149e+01 4.699999999999996447e+01 6.900000000000000000e+01 3.676666666666666572e+01 0.000000000000000000e+00 0.000000000000000000e+00 5.099999999999998579e+01 0.000000000000000000e+00 4.549999999999996447e+01 0.000000000000000000e+00 4.589999999999996305e+01 4.974999999999994316e+01 4.124999999999997158e+01 7.799999999999994316e+01 0.000000000000000000e+00 0.000000000000000000e+00 0.000000000000000000e+00 0.000000000000000000e+00 0.000000000000000000e+00 5.399999999999996447e+01 0.000000000000000000e+00 0.000000000000000000e+00 0.000000000000000000e+00 0.000000000000000000e+00 0.000000000000000000e+00 0.000000000000000000e+00 0.000000000000000000e+00 0.000000000000000000e+00 0.000000000000000000e+00 0.000000000000000000e+00 0.000000000000000000e+00 0.000000000000000000e+00 0.000000000000000000e+00 0.000000000000000000e+00 0.000000000000000000e+00 0.000000000000000000e+00 0.000000000000000000e+00 0.000000000000000000e+00 4.699999999999997158e+01 0.000000000000000000e+00 4.899999999999997158e+01 0.000000000000000000e+00 0.000000000000000000e+00 0.000000000000000000e+00 0.000000000000000000e+00 0.000000000000000000e+00 0.000000000000000000e+00
0.000000000000000000e+00 0.000000000000000000e+00 0.000000000000000000e+00 9.061538461538450662e+00 1.612825089240182308e+01 1.724824284404603603e+01 1.325796178343948561e+01 1.759244609896074962e+01 1.701818181818181230e+01 1.245021142381810186e+01 1.574253904437914819e+01 1.540172648069697914e+01 4.380763528539656448e+01 5.234905660377356895e+01 2.834398625429551188e+01 2.408116591928249761e+01 2.439720194647200202e+01 4.673300970873783200e+01 6.545714285714284131e+01 0.000000000000000000e+00 7.883333333333330017e+01 6.683333333333331439e+01 8.699999999999998579e+01 7.512499999999998579e+01 8.500000000000000000e+01 7.426666666666665151e+01 7.349999999999994316e+01 7.146666666666665435e+01 5.389486552567234412e+01 5.326614699331845770e+01 7.018253968253966946e+01 6.631386861313866632e+01 6.508561643835614063e+01 6.962499999999997158e+01 7.915929203539822367e+01 6.516666666666664298e+01 6.911231884057968955e+01 2.260336068776864238e+01 2.515708151714265028e+01 3.763494539781589054e+01 0.000000000000000000e+00 4.168085106382977045e+01 6.791666666666664298e+01 4.674107142857140929e+01 3.142735042735039741e+01 4.640123456790121992e+01 0.000000000000000000e+00 4.749999999999997868e+01 4.999999999999997158e+01 0.000000000000000000e+00 0.000000000000000000e+00 4.774999999999999289e+01 4.960714285714281857e+01 5.849999999999997868e+01 5.290909090909083545e+01 7.249999999999994316e+01 0.000000000000000000e+00 6.624999999999997158e+01 3.534999999999996589e+01 3.769999999999997442e+01 4.506249999999997868e+01 5.324999999999993605e+01 0.000000000000000000e+00 0.000000000000000000e+00 0.000000000000000000e+00 0.000000000000000000e+00 0.000000000000000000e+00 0.000000000000000000e+00 9.650000000000000000e+01 0.000000000000000000e+00 0.000000000000000000e+00 0.000000000000000000e+00 0.000000000000000000e+00 0.000000000000000000e+00 8.999999999999994316e+01 5.149999999999994316e+01 0.000000000000000000e+00 0.000000000000000000e+00 0.000000000000000000e+00 0.000000000000000000e+00 4.749999999999995737e+01 4.610714285714281857e+01 0.000000000000000000e+00 0.000000000000000000e+00 6.824999999999997158e+01 0.000000000000000000e+00 0.000000000000000000e+00 4.099999999999994316e+01 4.599999999999997158e+01
0.000000000000000000e+00 0.000000000000000000e+00 0.000000000000000000e+00 5.249999999999995737e+01 4.177272727272725916e+01 4.291198979591835183e+01 4.595238095238092768e+01 3.180473372781063546e+01 2.205769230769230660e+01 1.574253904437914819e+01 1.331864344469463646e+01 1.963271549397155979e+01 1.389447884416924595e+01 3.947727272727271952e+01 2.734270101483216209e+01 3.774909747292417705e+01 2.410344827586205696e+01 2.956451612903224557e+01 5.171039603960396391e+01 7.099999999999998579e+01 6.297577854671280306e+01 5.809259259259259522e+01 6.763888888888887152e+01 7.557812499999997158e+01 6.154999999999999716e+01 5.992378752886835969e+01 5.342857142857143060e+01 4.776510067114094227e+01 3.411597633136094743e+01 3.145727272727272705e+01 5.153021327014217690e+01 5.072807017543859587e+01 4.911672794117647101e+01 5.438554216867469648e+01 6.365849843587069756e+01 5.668279569892472836e+01 5.387245901639344225e+01 2.060996119016816763e+01 2.132857142857142918e+01 3.003359173126614579e+01 0.000000000000000000e+00 3.397857142857142776e+01 5.539999999999999858e+01 3.703797468354430578e+01 5.399999999999996447e+01 3.624390243902438868e+01 0.000000000000000000e+00 0.000000000000000000e+00 0.000000000000000000e+00 0.000000000000000000e+00 0.000000000000000000e+00 0.000000000000000000e+00 5.489999999999997726e+01 5.249999999999994316e+01 6.149999999999997868e+01 4.699999999999997158e+01 0.000000000000000000e+00 0.000000000000000000e+00 3.449999999999999289e+01 4.625000000000000000e+01 2.749999999999998579e+01 5.933333333333329307e+01 0.000000000000000000e+00 0.000000000000000000e+00 0.000000000000000000e+00 0.000000000000000000e+00 0.000000000000000000e+00 0.000000000000000000e+00 0.000000000000000000e+00 0.000000000000000000e+00 0.000000000000000000e+00 6.499999999999995737e+01 0.000000000000000000e+00 8.099999999999994316e+01 0.000000000000000000e+00 7.599999999999997158e+01 0.000000000000000000e+00 0.000000000000000000e+00 0.000000000000000000e+00 0.000000000000000000e+00 4.124999999999999289e+01 5.556249999999997158e+01 5.449999999999998579e+01 0.000000000000000000e+00 6.350000000000000000e+01 0.000000000000000000e+00 0.000000000000000000e+00 0.000000000000000000e+00 6.850000000000000000e+01
0.000000000000000000e+00 0.000000000000000000e+00 0.000000000000000000e+00 5.859559402045629639e+00 1.765657788539143880e+01 2.607156162682395717e+01 3.313492063492061845e+01 2.583787465940053352e+01 2.838904694167851162e+01 1.540172648069697914e+01 1.963271549397155979e+01 1.620640222163845579e+01 2.668329681442776646e+01 1.592533518261673109e+01 4.063016528925618331e+01 2.687473778843270722e+01 1.784838812639641148e+01 2.479970866715220978e+01 4.188511137162953446e+01 0.000000000000000000e+00 7.799999999999998579e+01 6.756249999999997158e+01 7.150000000000001421e+01 8.319999999999998863e+01 8.075000000000000000e+01 6.355952380952381020e+01 6.824999999999998579e+01 6.194117647058823195e+01 3.659797297297296836e+01 4.112464854732895958e+01 6.347580645161289681e+01 5.050940438871472082e+01 4.192010309278349922e+01 6.499999999999998579e+01 7.767948717948716819e+01 7.358333333333331439e+01 7.144736842105263008e+01 2.703215859030835588e+01 2.906408003904341797e+01 3.574771341463413421e+01 0.000000000000000000e+00 3.475342465753424648e+01 5.754999999999999716e+01 4.357323232323232531e+01 4.014655172413790041e+01 4.108902439024389963e+01 0.000000000000000000e+00 5.049999999999998579e+01 5.507142857142854808e+01 0.000000000000000000e+00 5.750000000000000711e+01 3.978124999999995026e+01 4.501999999999996049e+01 4.647368421052628662e+01 1.084065934065933412e+01 4.911363636363634555e+01 1.280000000000000604e+01 4.549999999999998579e+01 3.537499999999995737e+01 3.298484848484846310e+01 2.372999999999998622e+01 4.629999999999999005e+01 0.000000000000000000e+00 0.000000000000000000e+00 0.000000000000000000e+00 0.000000000000000000e+00 0.000000000000000000e+00 0.000000000000000000e+00 0.000000000000000000e+00 0.000000000000000000e+00 0.000000000000000000e+00 5.624999999999995737e+01 0.000000000000000000e+00 0.000000000000000000e+00 7.709999999999998010e+01 5.349999999999999289e+01 0.000000000000000000e+00 8.699999999999997158e+01 0.000000000000000000e+00 0.000000000000000000e+00 3.512499999999995737e+01 4.477380952380948287e+01 5.124999999999999289e+01 0.000000000000000000e+00 4.187499999999998579e+01 0.000000000000000000e+00 0.000000000000000000e+00 4.824999999999995737e+01 0.000000000000000000e+00
0.000000000000000000e+00 0.000000000000000000e+00 0.000000000000000000e+00 7.100000000000000000e+01 5.996721311475407390e+01 5.790719696969694041e+01 6.203571428571424207e+01 4.213059701492535680e+01 9.557085739671254743e+00 4.380763528539656448e+01 1.389447884416924595e+01 2.668329681442776646e+01 1.290381155700544547e+01 8.909650655021833288e+00 2.402084574151280449e+01 4.986515151515149569e+01 3.623163841807908625e+01 2.416946564885496329e+01 3.786929460580913087e+01 5.824999999999997868e+01 6.027016129032257652e+01 5.144117647058823195e+01 5.655555555555554292e+01 5.931632653061222982e+01 5.232222222222222285e+01 2.773369565217391397e+01 4.257692307692308020e+01 4.266315789473684816e+01 1.752661907628795035e+01 2.472327085533262903e+01 4.518346253229974252e+01 2.927864506627393126e+01 3.094532071503680370e+01 4.759259259259260944e+01 5.684032258064516441e+01 5.013461538461538680e+01 5.097953964194373100e+01 2.638504883546205804e+01 2.452549809022401917e+01 2.999879060124396446e+01 0.000000000000000000e+00 2.914507772020726506e+01 4.623626373626373720e+01 3.836093750000001279e+01 7.049999999999995737e+01 3.708971141781681524e+01 0.000000000000000000e+00 0.000000000000000000e+00 0.000000000000000000e+00 0.000000000000000000e+00 0.000000000000000000e+00 7.899999999999994316e+01 5.949999999999996447e+01 5.099999999999994316e+01 4.381818181818179880e+01 5.604999999999997584e+01 4.175000000000000000e+01 0.000000000000000000e+00 7.600000000000002842e+01 5.649999999999997868e+01 3.493333333333332291e+01 5.175000000000000000e+01 0.000000000000000000e+00 0.000000000000000000e+00 0.000000000000000000e+00 9.549999999999998579e+01 0.000000000000000000e+00 0.000000000000000000e+00 0.000000000000000000e+00 0.000000000000000000e+00 0.000000000000000000e+00 5.950000000000000000e+01 6.650000000000001421e+01 0.000000000000000000e+00 6.149999999999994316e+01 4.899999999999997868e+01 0.000000000000000000e+00 0.000000000000000000e+00 0.000000000000000000e+00 0.000000000000000000e+00 0.000000000000000000e+00 5.059999999999999432e+01 5.279999999999996874e+01 0.000000000000000000e+00 4.699999999999998579e+01 0.000000000000000000e+00 5.824999999999997158e+01 0.000000000000000000e+00 0.000000000000000000e+00
0.000000000000000000e+00 0.000000000000000000e+00 0.000000000000000000e+00 0.000000000000000000e+00 5.987499999999997868e+01 6.491304347826083188e+01 0.000000000000000000e+00 6.199999999999995737e+01 5.279999999999999716e+01 5.234905660377356895e+01 3.947727272727271952e+01 1.592533518261673109e+01 8.909650655021833288e+00 1.113780418788907589e+01 2.221428571428571175e+01 4.857471264367814001e+01 3.666379310344826337e+01 1.034236453201970285e+01 2.173275862068965480e+01 0.000000000000000000e+00 0.000000000000000000e+00 0.000000000000000000e+00 0.000000000000000000e+00 5.249999999999997868e+01 5.499999999999999289e+01 5.699999999999998579e+01 0.000000000000000000e+00 0.000000000000000000e+00 1.066488895382817148e+01 3.314130434782608603e+01 7.125000000000001421e+01 1.509302325581395010e+01 1.589124668435013277e+01 0.000000000000000000e+00 0.000000000000000000e+00 0.000000000000000000e+00 0.000000000000000000e+00 3.339583333333332149e+01 4.152551020408162685e+01 3.946428571428571530e+01 0.000000000000000000e+00 3.850000000000000000e+01 3.775000000000001421e+01 3.262499999999999289e+01 8.899999999999998579e+01 4.120833333333332860e+01 0.000000000000000000e+00 0.000000000000000000e+00 0.000000000000000000e+00 0.000000000000000000e+00 0.000000000000000000e+00 0.000000000000000000e+00 0.000000000000000000e+00 0.000000000000000000e+00 1.700000000000000000e+01 0.000000000000000000e+00 0.000000000000000000e+00 0.000000000000000000e+00 0.000000000000000000e+00 5.949999999999995026e+01 3.864285714285713169e+01 0.000000000000000000e+00 0.000000000000000000e+00 0.000000000000000000e+00 0.000000000000000000e+00 0.000000000000000000e+00 0.000000000000000000e+00 0.000000000000000000e+00 7.199999999999997158e+01 0.000000000000000000e+00 0.000000000000000000e+00 0.000000000000000000e+00 0.000000000000000000e+00 0.000000000000000000e+00 3.949999999999995026e+01 0.000000000000000000e+00 0.000000000000000000e+00 0.000000000000000000e+00 0.000000000000000000e+00 0.000000000000000000e+00 0.000000000000000000e+00 0.000000000000000000e+00 0.000000000000000000e+00 0.000000000000000000e+00 0.000000000000000000e+00 0.000000000000000000e+00 0.000000000000000000e+00 0.000000000000000000e+00 0.000000000000000000e+00
0.000000000000000000e+00 0.000000000000000000e+00 0.000000000000000000e+00 3.149999999999991829e+01 2.930833333333331936e+01 2.136917098445594831e+01 3.679999999999999005e+01 3.769448010269574212e+01 2.162064343163537927e+01 2.834398625429551188e+01 2.734270101483216209e+01 4.063016528925618331e+01 2.402084574151280449e+01 2.221428571428571175e+01 1.195524262265673876e+01 4.385833333333331296e+01 3.987499999999998579e+01 1.925866666666666660e+01 2.539268867924527484e+01 1.650000000000000000e+01 3.048409090909090580e+01 3.239743589743589780e+01 2.342826086956521792e+01 1.802528089887639595e+01 2.056717289719626152e+01 1.987464845319404816e+01 1.770265379975874254e+01 2.649700598802394680e+01 2.209306476287608234e+01 2.662641866330390528e+01 4.337792207792205801e+01 2.977710215427380191e+01 3.231969026548672019e+01 4.634444444444443434e+01 4.909771986970682889e+01 5.026562499999998579e+01 3.929357798165137439e+01 2.673437499999999289e+01 8.696614063124247451e+00 1.676838235294117752e+01 0.000000000000000000e+00 2.513527397260273233e+01 1.471428571428571352e+01 1.210443864229765509e+01 2.442857142857141994e+01 2.291249999999999432e+01 0.000000000000000000e+00 0.000000000000000000e+00 7.949999999999995737e+01 0.000000000000000000e+00 7.799999999999995737e+01 0.000000000000000000e+00 0.000000000000000000e+00 0.000000000000000000e+00 8.049999999999997158e+01 0.000000000000000000e+00 0.000000000000000000e+00 0.000000000000000000e+00 0.000000000000000000e+00 4.599999999999995737e+01 4.300000000000000000e+01 2.966666666666665719e+01 0.000000000000000000e+00 0.000000000000000000e+00 0.000000000000000000e+00 0.000000000000000000e+00 0.000000000000000000e+00 0.000000000000000000e+00 0.000000000000000000e+00 0.000000000000000000e+00 0.000000000000000000e+00 0.000000000000000000e+00 0.000000000000000000e+00 5.524999999999994316e+01 5.383333333333330728e+01 4.899999999999996447e+01 0.000000000000000000e+00 0.000000000000000000e+00 0.000000000000000000e+00 0.000000000000000000e+00 0.000000000000000000e+00 0.000000000000000000e+00 0.000000000000000000e+00 0.000000000000000000e+00 4.369999999999999574e+01 3.949999999999995026e+01 0.000000000000000000e+00 0.000000000000000000e+00 0.000000000000000000e+00
0.000000000000000000e+00 0.000000000000000000e+00 0.000000000000000000e+00 3.137499999999999289e+01 1.434401972872995934e+01 2.047465753424656398e+01 2.822222222222221433e+01 2.095098039215686114e+01 3.010526315789472918e+01 2.408116591928249761e+01 3.774909747292417705e+01 2.687473778843270722e+01 4.986515151515149569e+01 4.857471264367814001e+01 4.385833333333331296e+01 6.740958196336304553e+00 1.080342323651451686e+01 3.770355788859722423e+01 5.220970500213763188e+01 0.000000000000000000e+00 0.000000000000000000e+00 7.939999999999996305e+01 0.000000000000000000e+00 0.000000000000000000e+00 0.000000000000000000e+00 7.911764705882350768e+01 6.574999999999997158e+01 7.995454545454543904e+01 6.142617449664427198e+01 6.832971014492750328e+01 7.971874999999997158e+01 6.811715481171545150e+01 5.495159728944816635e+01 7.449999999999992895e+01 8.951785714285711038e+01 8.712499999999994316e+01 8.206249999999997158e+01 1.271059782608694633e+01 2.375317693059626478e+01 4.409836065573767172e+01 0.000000000000000000e+00 5.897499999999996589e+01 7.207692307692303757e+01 5.903846153846150457e+01 9.085746102449881789e+00 5.930555555555552871e+01 3.449999999999997868e+01 2.974999999999997868e+01 3.282352941176468164e+01 3.666666666666665719e+01 2.608333333333328241e+01 3.399999999999998579e+01 3.715624999999996447e+01 4.724999999999996447e+01 3.680434782608693922e+01 5.777777777777770041e+01 4.049999999999997158e+01 7.124999999999997158e+01 1.464285714285713347e+01 2.313513513513511910e+01 3.685074626865669245e+01 5.026923076923073808e+01 0.000000000000000000e+00 0.000000000000000000e+00 7.699999999999998579e+01 0.000000000000000000e+00 0.000000000000000000e+00 0.000000000000000000e+00 0.000000000000000000e+00 0.000000000000000000e+00 0.000000000000000000e+00 6.200000000000000000e+01 6.599999999999992895e+01 7.299999999999995737e+01 7.541666666666664298e+01 5.499999999999999289e+01 0.000000000000000000e+00 0.000000000000000000e+00 0.000000000000000000e+00 0.000000000000000000e+00 2.396874999999999289e+01 3.556756756756754356e+01 5.619999999999996732e+01 0.000000000000000000e+00 0.000000000000000000e+00 4.399999999999997868e+01 7.199999999999995737e+01 2.230000000000000782e+01 0.000000000000000000e+00
0.000000000000000000e+00 0.000000000000000000e+00 0.000000000000000000e+00 0.000000000000000000e+00 2.909722222222221433e+01 3.565789473684209554e+01 0.000000000000000000e+00 2.741666666666665364e+01 2.439572192513368165e+01 2.439720194647200202e+01 2.410344827586205696e+01 1.784838812639641148e+01 3.623163841807908625e+01 3.666379310344826337e+01 3.987499999999998579e+01 1.080342323651451686e+01 8.683592110784717377e+00 1.974685666387257399e+01 4.047321428571427049e+01 0.000000000000000000e+00 0.000000000000000000e+00 0.000000000000000000e+00 0.000000000000000000e+00 4.899999999999999289e+01 0.000000000000000000e+00 8.499999999999997158e+01 0.000000000000000000e+00 1.004999999999999716e+02 4.976041666666665009e+01 4.844871794871793469e+01 6.183333333333329307e+01 5.473170731707315184e+01 4.176119402985072071e+01 7.050000000000002842e+01 7.599999999999998579e+01 0.000000000000000000e+00 6.649999999999998579e+01 1.746368038740919104e+01 2.443901593901592051e+01 3.217213114754096637e+01 0.000000000000000000e+00 3.340624999999998579e+01 0.000000000000000000e+00 4.067499999999999005e+01 3.475000000000001421e+01 3.814705882352940591e+01 3.050000000000001776e+01 2.650000000000000355e+01 3.399999999999999289e+01 0.000000000000000000e+00 3.599999999999995026e+01 2.469565217391300749e+01 3.179012345679008433e+01 3.445833333333329307e+01 2.751639344262293463e+01 4.555555555555550740e+01 5.849999999999994316e+01 0.000000000000000000e+00 1.570909090909091077e+01 1.167741935483870108e+01 2.004347826086955564e+01 4.310526315789473273e+01 0.000000000000000000e+00 0.000000000000000000e+00 0.000000000000000000e+00 0.000000000000000000e+00 6.899999999999992895e+01 0.000000000000000000e+00 0.000000000000000000e+00 0.000000000000000000e+00 0.000000000000000000e+00 5.474999999999995737e+01 0.000000000000000000e+00 6.149999999999994316e+01 5.249999999999999289e+01 4.403333333333331012e+01 0.000000000000000000e+00 0.000000000000000000e+00 0.000000000000000000e+00 0.000000000000000000e+00 2.491666666666665009e+01 3.064393939393937316e+01 3.949999999999993605e+01 0.000000000000000000e+00 4.399999999999998579e+01 0.000000000000000000e+00 0.000000000000000000e+00 2.969999999999999929e+01 0.000000000000000000e+00
