0.000000000000000000e+00 0.000000000000000000e+00 0.000000000000000000e+00 0.000000000000000000e+00 0.000000000000000000e+00 0.000000000000000000e+00 0.000000000000000000e+00 0.000000000000000000e+00 0.000000000000000000e+00 0.000000000000000000e+00 0.000000000000000000e+00 0.000000000000000000e+00 0.000000000000000000e+00 0.000000000000000000e+00 0.000000000000000000e+00 0.000000000000000000e+00 0.000000000000000000e+00 0.000000000000000000e+00 0.000000000000000000e+00 0.000000000000000000e+00 0.000000000000000000e+00 0.000000000000000000e+00 0.000000000000000000e+00 0.000000000000000000e+00 0.000000000000000000e+00 0.000000000000000000e+00 0.000000000000000000e+00 0.000000000000000000e+00 0.000000000000000000e+00 0.000000000000000000e+00 0.000000000000000000e+00 0.000000000000000000e+00 0.000000000000000000e+00 0.000000000000000000e+00 0.000000000000000000e+00 0.000000000000000000e+00 0.000000000000000000e+00 0.000000000000000000e+00 0.000000000000000000e+00 0.000000000000000000e+00 0.000000000000000000e+00 0.000000000000000000e+00 0.000000000000000000e+00 0.000000000000000000e+00 0.000000000000000000e+00 0.000000000000000000e+00 0.000000000000000000e+00 0.000000000000000000e+00 0.000000000000000000e+00 0.000000000000000000e+00 0.000000000000000000e+00 0.000000000000000000e+00 0.000000000000000000e+00 0.000000000000000000e+00 0.000000000000000000e+00 0.000000000000000000e+00 0.000000000000000000e+00 0.000000000000000000e+00 0.000000000000000000e+00 0.000000000000000000e+00 0.000000000000000000e+00 0.000000000000000000e+00 0.000000000000000000e+00 0.000000000000000000e+00 0.000000000000000000e+00 0.000000000000000000e+00 0.000000000000000000e+00 0.000000000000000000e+00 0.000000000000000000e+00 0.000000000000000000e+00 0.000000000000000000e+00 0.000000000000000000e+00 0.000000000000000000e+00 0.000000000000000000e+00 0.000000000000000000e+00 0.000000000000000000e+00 0.000000000000000000e+00 0.000000000000000000e+00 0.000000000000000000e+00 0.000000000000000000e+00 0.000000000000000000e+00 0.000000000000000000e+00 0.000000000000000000e+00 0.000000000000000000e+00 0.000000000000000000e+00 0.000000000000000000e+00 0.000000000000000000e+00 0.000000000000000000e+00 0.000000000000000000e+00
0.000000000000000000e+00 0.000000000000000000e+00 0.000000000000000000e+00 0.000000000000000000e+00 0.000000000000000000e+00 0.000000000000000000e+00 0.000000000000000000e+00 0.000000000000000000e+00 0.000000000000000000e+00 0.000000000000000000e+00 0.000000000000000000e+00 0.000000000000000000e+00 0.000000000000000000e+00 0.000000000000000000e+00 0.000000000000000000e+00 0.000000000000000000e+00 0.000000000000000000e+00 0.000000000000000000e+00 0.000000000000000000e+00 0.000000000000000000e+00 0.000000000000000000e+00 0.000000000000000000e+00 0.000000000000000000e+00 0.000000000000000000e+00 0.000000000000000000e+00 0.000000000000000000e+00 0.000000000000000000e+00 0.000000000000000000e+00 0.000000000000000000e+00 0.000000000000000000e+00 0.000000000000000000e+00 0.000000000000000000e+00 0.000000000000000000e+00 0.000000000000000000e+00 0.000000000000000000e+00 0.000000000000000000e+00 0.000000000000000000e+00 0.000000000000000000e+00 0.000000000000000000e+00 0.000000000000000000e+00 0.000000000000000000e+00 0.000000000000000000e+00 0.000000000000000000e+00 0.000000000000000000e+00 0.000000000000000000e+00 0.000000000000000000e+00 0.000000000000000000e+00 0.000000000000000000e+00 0.000000000000000000e+00 0.000000000000000000e+00 0.000000000000000000e+00 0.000000000000000000e+00 0.000000000000000000e+00 0.000000000000000000e+00 0.000000000000000000e+00 0.000000000000000000e+00 0.000000000000000000e+00 0.000000000000000000e+00 0.000000000000000000e+00 0.000000000000000000e+00 0.000000000000000000e+00 0.000000000000000000e+00 0.000000000000000000e+00 0.000000000000000000e+00 0.000000000000000000e+00 0.000000000000000000e+00 0.000000000000000000e+00 0.000000000000000000e+00 0.000000000000000000e+00 0.000000000000000000e+00 0.000000000000000000e+00 0.000000000000000000e+00 0.000000000000000000e+00 0.000000000000000000e+00 0.000000000000000000e+00 0.000000000000000000e+00 0.000000000000000000e+00 0.000000000000000000e+00 0.000000000000000000e+00 0.000000000000000000e+00 0.000000000000000000e+00 0.000000000000000000e+00 0.000000000000000000e+00 0.000000000000000000e+00 0.000000000000000000e+00 0.000000000000000000e+00 0.000000000000000000e+00 0.000000000000000000e+00 0.000000000000000000e+00
0.000000000000000000e+00 0.000000000000000000e+00 0.000000000000000000e+00 0.000000000000000000e+00 0.000000000000000000e+00 0.000000000000000000e+00 0.000000000000000000e+00 0.000000000000000000e+00 0.000000000000000000e+00 0.000000000000000000e+00 0.000000000000000000e+00 0.000000000000000000e+00 0.000000000000000000e+00 0.000000000000000000e+00 0.000000000000000000e+00 0.000000000000000000e+00 0.000000000000000000e+00 0.000000000000000000e+00 0.000000000000000000e+00 0.000000000000000000e+00 0.000000000000000000e+00 0.000000000000000000e+00 0.000000000000000000e+00 0.000000000000000000e+00 0.000000000000000000e+00 0.000000000000000000e+00 0.000000000000000000e+00 0.000000000000000000e+00 0.000000000000000000e+00 0.000000000000000000e+00 0.000000000000000000e+00 0.000000000000000000e+00 0.000000000000000000e+00 0.000000000000000000e+00 0.000000000000000000e+00 0.000000000000000000e+00 0.000000000000000000e+00 0.000000000000000000e+00 0.000000000000000000e+00 0.000000000000000000e+00 0.000000000000000000e+00 0.000000000000000000e+00 0.000000000000000000e+00 0.000000000000000000e+00 0.000000000000000000e+00 0.000000000000000000e+00 0.000000000000000000e+00 0.000000000000000000e+00 0.000000000000000000e+00 0.000000000000000000e+00 0.000000000000000000e+00 0.000000000000000000e+00 0.000000000000000000e+00 0.000000000000000000e+00 0.000000000000000000e+00 0.000000000000000000e+00 0.000000000000000000e+00 0.000000000000000000e+00 0.000000000000000000e+00 0.000000000000000000e+00 0.000000000000000000e+00 0.000000000000000000e+00 0.000000000000000000e+00 0.000000000000000000e+00 0.000000000000000000e+00 0.000000000000000000e+00 0.000000000000000000e+00 0.000000000000000000e+00 0.000000000000000000e+00 0.000000000000000000e+00 0.000000000000000000e+00 0.000000000000000000e+00 0.000000000000000000e+00 0.000000000000000000e+00 0.000000000000000000e+00 0.000000000000000000e+00 0.000000000000000000e+00 0.000000000000000000e+00 0.000000000000000000e+00 0.000000000000000000e+00 0.000000000000000000e+00 0.000000000000000000e+00 0.000000000000000000e+00 0.000000000000000000e+00 0.000000000000000000e+00 0.000000000000000000e+00 0.000000000000000000e+00 0.000000000000000000e+00 0.000000000000000000e+00
0.000000000000000000e+00 0.000000000000000000e+00 0.000000000000000000e+00 5.178571428571422608e+00 6.525842696629209350e+00 1.054228243021345790e+01 2.325000000000000711e+01 2.980769230769229594e+01 3.549999999999995026e+01 8.828089887640441447e+00 3.800000000000002132e+01 6.836270871985154152e+00 5.599999999999994316e+01 0.000000000000000000e+00 3.883333333333330728e+01 3.091666666666663232e+01 3.250000000000002132e+01 0.000000000000000000e+00 0.000000000000000000e+00 0.000000000000000000e+00 0.000000000000000000e+00 0.000000000000000000e+00 0.000000000000000000e+00 0.000000000000000000e+00 0.000000000000000000e+00 0.000000000000000000e+00 0.000000000000000000e+00 0.000000000000000000e+00 0.000000000000000000e+00 0.000000000000000000e+00 0.000000000000000000e+00 0.000000000000000000e+00 0.000000000000000000e+00 0.000000000000000000e+00 0.000000000000000000e+00 0.000000000000000000e+00 0.000000000000000000e+00 2.840449438202245247e+01 3.266860465116276657e+01 4.399999999999998579e+01 0.000000000000000000e+00 0.000000000000000000e+00 0.000000000000000000e+00 0.000000000000000000e+00 3.105555555555553582e+01 0.000000000000000000e+00 0.000000000000000000e+00 0.000000000000000000e+00 0.000000000000000000e+00 0.000000000000000000e+00 0.000000000000000000e+00 0.000000000000000000e+00 0.000000000000000000e+00 0.000000000000000000e+00 0.000000000000000000e+00 0.000000000000000000e+00 0.000000000000000000e+00 0.000000000000000000e+00 0.000000000000000000e+00 0.000000000000000000e+00 0.000000000000000000e+00 0.000000000000000000e+00 0.000000000000000000e+00 0.000000000000000000e+00 0.000000000000000000e+00 0.000000000000000000e+00 0.000000000000000000e+00 0.000000000000000000e+00 0.000000000000000000e+00 0.000000000000000000e+00 0.000000000000000000e+00 0.000000000000000000e+00 0.000000000000000000e+00 0.000000000000000000e+00 0.000000000000000000e+00 0.000000000000000000e+00 0.000000000000000000e+00 0.000000000000000000e+00 0.000000000000000000e+00 0.000000000000000000e+00 0.000000000000000000e+00 0.000000000000000000e+00 0.000000000000000000e+00 0.000000000000000000e+00 0.000000000000000000e+00 0.000000000000000000e+00 0.000000000000000000e+00 0.000000000000000000e+00 0.000000000000000000e+00
0.000000000000000000e+00 0.000000000000000000e+00 0.000000000000000000e+00 6.525842696629209350e+00 9.744560274260118504e+00 8.779066802651700030e+00 1.944642857142855519e+01 2.653623188405796540e+01 3.521428571428570109e+01 1.530971223021582261e+01 4.215789473684209554e+01 1.422946973251993974e+01 5.820000000000000284e+01 5.749999999999999289e+01 2.824999999999998579e+01 1.253218210361066909e+01 2.821052631578947256e+01 5.316666666666663588e+01 6.188888888888885020e+01 0.000000000000000000e+00 0.000000000000000000e+00 0.000000000000000000e+00 0.000000000000000000e+00 0.000000000000000000e+00 6.249999999999999289e+01 4.349999999999996447e+01 0.000000000000000000e+00 0.000000000000000000e+00 6.749999999999997158e+01 7.499999999999995737e+01 0.000000000000000000e+00 8.241666666666665719e+01 7.049999999999995737e+01 0.000000000000000000e+00 0.000000000000000000e+00 0.000000000000000000e+00 0.000000000000000000e+00 1.468291347207009068e+01 1.799575994781472943e+01 2.025000000000000355e+01 0.000000000000000000e+00 0.000000000000000000e+00 4.499999999999998579e+01 1.849999999999996803e+01 7.336134453781509634e+00 7.437499999999998224e+00 0.000000000000000000e+00 3.450000000000000000e+01 4.149999999999991473e+01 0.000000000000000000e+00 0.000000000000000000e+00 0.000000000000000000e+00 4.159999999999995168e+01 5.649999999999995026e+01 4.033333333333329307e+01 0.000000000000000000e+00 0.000000000000000000e+00 0.000000000000000000e+00 2.269999999999998508e+01 4.674999999999996447e+01 0.000000000000000000e+00 0.000000000000000000e+00 0.000000000000000000e+00 0.000000000000000000e+00 0.000000000000000000e+00 0.000000000000000000e+00 0.000000000000000000e+00 0.000000000000000000e+00 0.000000000000000000e+00 0.000000000000000000e+00 0.000000000000000000e+00 0.000000000000000000e+00 0.000000000000000000e+00 9.199999999999998579e+01 0.000000000000000000e+00 0.000000000000000000e+00 0.000000000000000000e+00 0.000000000000000000e+00 0.000000000000000000e+00 0.000000000000000000e+00 1.746153846153844924e+01 4.533333333333330728e+01 0.000000000000000000e+00 0.000000000000000000e+00 0.000000000000000000e+00 0.000000000000000000e+00 0.000000000000000000e+00 1.693749999999999289e+01 9.666666666666653640e+00
0.000000000000000000e+00 0.000000000000000000e+00 0.000000000000000000e+00 1.054228243021345790e+01 8.779066802651700030e+00 1.365685279187816548e+01 8.800434201736804241e+00 1.127868608799048111e+01 2.897107438016528036e+01 1.735637761532643708e+01 4.041803278688521317e+01 2.209049255441007631e+01 4.842105263157893802e+01 7.129999999999995453e+01 2.220992366412212249e+01 2.118508997429304941e+01 3.356140350877191736e+01 5.614285714285711748e+01 7.274999999999994316e+01 4.199999999999999289e+01 4.249999999999998579e+01 0.000000000000000000e+00 3.712499999999998579e+01 0.000000000000000000e+00 4.983333333333331439e+01 3.483333333333331439e+01 4.700000000000000000e+01 4.999999999999998579e+01 7.016666666666664298e+01 5.283333333333331439e+01 0.000000000000000000e+00 8.574999999999995737e+01 7.399999999999997158e+01 0.000000000000000000e+00 8.849999999999994316e+01 0.000000000000000000e+00 0.000000000000000000e+00 1.700869702719796805e+01 1.932116837560710820e+01 2.422131147540981999e+01 0.000000000000000000e+00 7.999999999999992895e+01 5.199999999999997158e+01 2.607142857142856585e+01 1.972155688622753544e+01 5.124999999999997158e+01 0.000000000000000000e+00 0.000000000000000000e+00 6.649999999999998579e+01 0.000000000000000000e+00 4.999999999999997868e+01 4.649999999999994316e+01 5.749999999999997158e+01 6.099999999999992184e+01 4.709999999999996589e+01 8.899999999999997158e+01 0.000000000000000000e+00 0.000000000000000000e+00 3.754347826086955564e+01 4.283333333333331439e+01 0.000000000000000000e+00 1.069999999999999432e+02 0.000000000000000000e+00 0.000000000000000000e+00 0.000000000000000000e+00 0.000000000000000000e+00 0.000000000000000000e+00 0.000000000000000000e+00 0.000000000000000000e+00 0.000000000000000000e+00 0.000000000000000000e+00 0.000000000000000000e+00 0.000000000000000000e+00 0.000000000000000000e+00 0.000000000000000000e+00 0.000000000000000000e+00 0.000000000000000000e+00 0.000000000000000000e+00 0.000000000000000000e+00 0.000000000000000000e+00 3.663157894736838927e+01 5.162499999999994316e+01 5.549999999999994316e+01 0.000000000000000000e+00 0.000000000000000000e+00 0.000000000000000000e+00 0.000000000000000000e+00 1.699999999999997868e+01 0.000000000000000000e+00
0.000000000000000000e+00 0.000000000000000000e+00 0.000000000000000000e+00 2.325000000000000711e+01 1.944642857142855519e+01 8.800434201736804241e+00 7.421414141414138577e+00 7.159658744667881436e+00 1.792441860465115866e+01 1.257424381301557759e+01 4.666666666666663588e+01 3.024999999999999645e+01 3.025000000000000711e+01 0.000000000000000000e+00 3.615909090909089940e+01 3.149999999999999645e+01 0.000000000000000000e+00 5.750000000000000711e+01 0.000000000000000000e+00 0.000000000000000000e+00 0.000000000000000000e+00 0.000000000000000000e+00 0.000000000000000000e+00 0.000000000000000000e+00 0.000000000000000000e+00 0.000000000000000000e+00 0.000000000000000000e+00 0.000000000000000000e+00 5.749999999999997868e+01 0.000000000000000000e+00 0.000000000000000000e+00 6.249999999999999289e+01 0.000000000000000000e+00 0.000000000000000000e+00 0.000000000000000000e+00 0.000000000000000000e+00 0.000000000000000000e+00 3.000000000000000000e+01 2.624038461538459899e+01 3.199999999999997513e+01 0.000000000000000000e+00 0.000000000000000000e+00 0.000000000000000000e+00 0.000000000000000000e+00 0.000000000000000000e+00 0.000000000000000000e+00 0.000000000000000000e+00 0.000000000000000000e+00 0.000000000000000000e+00 0.000000000000000000e+00 0.000000000000000000e+00 0.000000000000000000e+00 0.000000000000000000e+00 0.000000000000000000e+00 0.000000000000000000e+00 0.000000000000000000e+00 0.000000000000000000e+00 0.000000000000000000e+00 0.000000000000000000e+00 0.000000000000000000e+00 0.000000000000000000e+00 0.000000000000000000e+00 0.000000000000000000e+00 0.000000000000000000e+00 0.000000000000000000e+00 0.000000000000000000e+00 0.000000000000000000e+00 0.000000000000000000e+00 0.000000000000000000e+00 0.000000000000000000e+00 0.000000000000000000e+00 0.000000000000000000e+00 0.000000000000000000e+00 0.000000000000000000e+00 0.000000000000000000e+00 0.000000000000000000e+00 0.000000000000000000e+00 0.000000000000000000e+00 0.000000000000000000e+00 0.000000000000000000e+00 0.000000000000000000e+00 0.000000000000000000e+00 0.000000000000000000e+00 0.000000000000000000e+00 0.000000000000000000e+00 0.000000000000000000e+00 0.000000000000000000e+00 0.000000000000000000e+00 0.000000000000000000e+00
0.000000000000000000e+00 0.000000000000000000e+00 0.000000000000000000e+00 2.980769230769229594e+01 2.653623188405796540e+01 1.127868608799048111e+01 7.159658744667881436e+00 8.452844744455155990e+00 9.189264705882351336e+00 1.887466843501325897e+01 3.872972972972972627e+01 2.518036912751676581e+01 3.239712918660286789e+01 7.299999999999995737e+01 3.343085880640465035e+01 2.160224438902742605e+01 2.149090909090908141e+01 4.605555555555552871e+01 6.437499999999997158e+01 0.000000000000000000e+00 3.450000000000000711e+01 0.000000000000000000e+00 0.000000000000000000e+00 0.000000000000000000e+00 0.000000000000000000e+00 5.400000000000000000e+01 3.974999999999998579e+01 0.000000000000000000e+00 4.298076923076921929e+01 3.649999999999999289e+01 6.166666666666666430e+01 7.214999999999997726e+01 6.111538461538461320e+01 0.000000000000000000e+00 0.000000000000000000e+00 7.650000000000001421e+01 0.000000000000000000e+00 2.153571428571428115e+01 2.445321637426899386e+01 3.209999999999998010e+01 0.000000000000000000e+00 4.299999999999996447e+01 0.000000000000000000e+00 3.199999999999993960e+01 2.966666666666667140e+01 4.608333333333334281e+01 0.000000000000000000e+00 0.000000000000000000e+00 4.749999999999993605e+01 0.000000000000000000e+00 4.600000000000001421e+01 4.637499999999997158e+01 4.981818181818178459e+01 4.699999999999992184e+01 4.878571428571425628e+01 7.850000000000002842e+01 0.000000000000000000e+00 4.349999999999993605e+01 2.903846153846152234e+01 3.262499999999998579e+01 0.000000000000000000e+00 0.000000000000000000e+00 0.000000000000000000e+00 0.000000000000000000e+00 0.000000000000000000e+00 0.000000000000000000e+00 0.000000000000000000e+00 0.000000000000000000e+00 0.000000000000000000e+00 0.000000000000000000e+00 0.000000000000000000e+00 0.000000000000000000e+00 0.000000000000000000e+00 0.000000000000000000e+00 0.000000000000000000e+00 0.000000000000000000e+00 0.000000000000000000e+00 0.000000000000000000e+00 0.000000000000000000e+00 0.000000000000000000e+00 3.592857142857139507e+01 4.724999999999997868e+01 0.000000000000000000e+00 0.000000000000000000e+00 0.000000000000000000e+00 0.000000000000000000e+00 0.000000000000000000e+00 3.899999999999997158e+01 0.000000000000000000e+00
0.000000000000000000e+00 0.000000000000000000e+00 0.000000000000000000e+00 3.549999999999995026e+01 3.521428571428570109e+01 2.897107438016528036e+01 1.792441860465115866e+01 9.189264705882351336e+00 1.236761395610579584e+01 1.880154241645243829e+01 2.383231083844580667e+01 3.103776683087027166e+01 1.081395649922320068e+01 5.620000000000000284e+01 2.488253275109169493e+01 3.194915254237288238e+01 2.740993788819875121e+01 4.473437499999999289e+01 5.950000000000000000e+01 0.000000000000000000e+00 7.087499999999998579e+01 6.600000000000001421e+01 0.000000000000000000e+00 0.000000000000000000e+00 5.475000000000000000e+01 4.839285714285713169e+01 3.509090909090908639e+01 5.221428571428570820e+01 2.204416666666666202e+01 2.895912806539508821e+01 5.349999999999999289e+01 6.033435582822085763e+01 5.509401709401709724e+01 6.237499999999998579e+01 6.346835443037974755e+01 6.678571428571429180e+01 6.142307692307691980e+01 2.293813953488371737e+01 1.616873522458628898e+01 2.754117647058823692e+01 0.000000000000000000e+00 3.324999999999999289e+01 5.549999999999997868e+01 4.571428571428571530e+01 3.599999999999999289e+01 3.405517241379310178e+01 0.000000000000000000e+00 0.000000000000000000e+00 0.000000000000000000e+00 0.000000000000000000e+00 6.149999999999995737e+01 5.478571428571422786e+01 5.144999999999997442e+01 6.366666666666662877e+01 4.924999999999997868e+01 4.699999999999998579e+01 0.000000000000000000e+00 7.600000000000004263e+01 5.089999999999998437e+01 3.420588235294115975e+01 0.000000000000000000e+00 7.050000000000005684e+01 0.000000000000000000e+00 0.000000000000000000e+00 0.000000000000000000e+00 0.000000000000000000e+00 0.000000000000000000e+00 0.000000000000000000e+00 0.000000000000000000e+00 0.000000000000000000e+00 0.000000000000000000e+00 0.000000000000000000e+00 0.000000000000000000e+00 0.000000000000000000e+00 9.174999999999998579e+01 0.000000000000000000e+00 0.000000000000000000e+00 0.000000000000000000e+00 0.000000000000000000e+00 0.000000000000000000e+00 5.099999999999998579e+01 4.859999999999996589e+01 0.000000000000000000e+00 0.000000000000000000e+00 0.000000000000000000e+00 0.000000000000000000e+00 0.000000000000000000e+00 0.000000000000000000e+00 0.000000000000000000e+00
0.000000000000000000e+00 0.000000000000000000e+00 0.000000000000000000e+00 8.828089887640441447e+00 1.530971223021582261e+01 1.735637761532643708e+01 1.257424381301557759e+01 1.887466843501325897e+01 1.880154241645243829e+01 1.218346022578104559e+01 1.704116723744291662e+01 1.708572863545046516e+01 3.785776805251639843e+01 4.955882352941176805e+01 2.897020648967550827e+01 2.294467353951889166e+01 2.390751730959444998e+01 4.434899328859059153e+01 6.132142857142855519e+01 4.799999999999998579e+01 7.391666666666665719e+01 6.733333333333332860e+01 0.000000000000000000e+00 0.000000000000000000e+00 7.662500000000000000e+01 6.610714285714284699e+01 4.161111111111110006e+01 6.279591836734692123e+01 4.636073059360728621e+01 3.763339382940107924e+01 6.288505747126434642e+01 6.660294117647057988e+01 6.099144634525661246e+01 7.171052631578947967e+01 7.226760563380281610e+01 7.246551724137931672e+01 6.920588235294115975e+01 2.313168187744458137e+01 2.585550872968089919e+01 3.786868686868685074e+01 0.000000000000000000e+00 3.993749999999997158e+01 6.087499999999996447e+01 4.302777777777776436e+01 3.083152173913041594e+01 4.389999999999998437e+01 0.000000000000000000e+00 0.000000000000000000e+00 4.799999999999994316e+01 0.000000000000000000e+00 4.749999999999996447e+01 5.316666666666662877e+01 4.891025641025637327e+01 5.649999999999997868e+01 4.777118644067793696e+01 6.233333333333325754e+01 0.000000000000000000e+00 0.000000000000000000e+00 3.242499999999997584e+01 3.387499999999997158e+01 5.399999999999995737e+01 9.800000000000007105e+01 0.000000000000000000e+00 0.000000000000000000e+00 0.000000000000000000e+00 0.000000000000000000e+00 0.000000000000000000e+00 0.000000000000000000e+00 0.000000000000000000e+00 0.000000000000000000e+00 0.000000000000000000e+00 0.000000000000000000e+00 0.000000000000000000e+00 0.000000000000000000e+00 0.000000000000000000e+00 0.000000000000000000e+00 0.000000000000000000e+00 0.000000000000000000e+00 0.000000000000000000e+00 0.000000000000000000e+00 4.453333333333328881e+01 4.608536585365850868e+01 0.000000000000000000e+00 0.000000000000000000e+00 5.149999999999993605e+01 0.000000000000000000e+00 0.000000000000000000e+00 3.972727272727271952e+01 0.000000000000000000e+00
0.000000000000000000e+00 0.000000000000000000e+00 0.000000000000000000e+00 3.800000000000002132e+01 4.215789473684209554e+01 4.041803278688521317e+01 4.666666666666663588e+01 3.872972972972972627e+01 2.383231083844580667e+01 1.704116723744291662e+01 1.377336622602867244e+01 2.489571963616907269e+01 1.578531323877068537e+01 4.454255319148936110e+01 2.182274652147610539e+01 4.136861313868611489e+01 2.714783653846152944e+01 2.928281622911693560e+01 4.960663507109004655e+01 8.166666666666662877e+01 6.266176470588234082e+01 5.924999999999999289e+01 7.299999999999998579e+01 7.624999999999997158e+01 5.839473684210526017e+01 5.099009900990098743e+01 5.400000000000000000e+01 4.165277777777777857e+01 3.059751037344398483e+01 3.320698689956331862e+01 4.312170706006322263e+01 4.924492753623188435e+01 4.466358839050131735e+01 5.222185430463577660e+01 5.370007396449704373e+01 5.297029702970296938e+01 5.283482142857143060e+01 2.029675153643546182e+01 2.328956893715037779e+01 2.789076923076923009e+01 0.000000000000000000e+00 3.044059405940594232e+01 6.326923076923076650e+01 3.490816326530612201e+01 4.778571428571427759e+01 3.454154191616766667e+01 0.000000000000000000e+00 0.000000000000000000e+00 8.200000000000001421e+01 0.000000000000000000e+00 0.000000000000000000e+00 5.399999999999995026e+01 5.655172413793100361e+01 5.144594594594590831e+01 5.100925925925923110e+01 5.735714285714281857e+01 0.000000000000000000e+00 0.000000000000000000e+00 5.378571428571424207e+01 3.695348837209300541e+01 3.345588235294115975e+01 8.849999999999998579e+01 0.000000000000000000e+00 0.000000000000000000e+00 0.000000000000000000e+00 0.000000000000000000e+00 0.000000000000000000e+00 0.000000000000000000e+00 0.000000000000000000e+00 0.000000000000000000e+00 0.000000000000000000e+00 0.000000000000000000e+00 0.000000000000000000e+00 8.449999999999988631e+01 9.199999999999992895e+01 9.499999999999992895e+01 0.000000000000000000e+00 0.000000000000000000e+00 0.000000000000000000e+00 0.000000000000000000e+00 4.274999999999995737e+01 4.923437499999997158e+01 5.312499999999997158e+01 0.000000000000000000e+00 5.049999999999996447e+01 0.000000000000000000e+00 0.000000000000000000e+00 0.000000000000000000e+00 0.000000000000000000e+00
0.000000000000000000e+00 0.000000000000000000e+00 0.000000000000000000e+00 6.836270871985154152e+00 1.422946973251993974e+01 2.209049255441007631e+01 3.024999999999999645e+01 2.518036912751676581e+01 3.103776683087027166e+01 1.708572863545046516e+01 2.489571963616907269e+01 1.497102699219045974e+01 2.127857935627081076e+01 1.569560410976719744e+01 3.216824794433901502e+01 1.971409823772027536e+01 1.804597890573499441e+01 2.585778145695364216e+01 3.748209099709583825e+01 7.124999999999997158e+01 7.124999999999998579e+01 7.116666666666664298e+01 7.733333333333332860e+01 6.699999999999997158e+01 6.324999999999999289e+01 5.806521739130435122e+01 5.037500000000000000e+01 6.002777777777777857e+01 3.386819787985865560e+01 4.471145374449339016e+01 5.254166666666666430e+01 4.719554924242424221e+01 4.142197076850542459e+01 5.608333333333334281e+01 7.343243243243243512e+01 7.700000000000000000e+01 7.066666666666667140e+01 2.548979591836733505e+01 3.005108710150725670e+01 3.457530120481927582e+01 0.000000000000000000e+00 3.466528925619834922e+01 5.691666666666665009e+01 4.292553191489361808e+01 3.246330275229356488e+01 4.143822393822393479e+01 0.000000000000000000e+00 2.549999999999997868e+01 5.316666666666663588e+01 0.000000000000000000e+00 4.529999999999992610e+01 5.104166666666660745e+01 4.668749999999995737e+01 5.009999999999996589e+01 1.740697674418603569e+01 5.999999999999994316e+01 1.194444444444445708e+01 4.399999999999997158e+01 2.913131313131311373e+01 2.576415094339620993e+01 2.521999999999999176e+01 5.674999999999997868e+01 0.000000000000000000e+00 0.000000000000000000e+00 0.000000000000000000e+00 0.000000000000000000e+00 0.000000000000000000e+00 0.000000000000000000e+00 0.000000000000000000e+00 0.000000000000000000e+00 0.000000000000000000e+00 8.000000000000000000e+01 8.349999999999998579e+01 0.000000000000000000e+00 0.000000000000000000e+00 0.000000000000000000e+00 0.000000000000000000e+00 0.000000000000000000e+00 0.000000000000000000e+00 0.000000000000000000e+00 3.977777777777775015e+01 4.705555555555552871e+01 0.000000000000000000e+00 0.000000000000000000e+00 4.849999999999993605e+01 7.499999999999998579e+01 5.699999999999997158e+01 3.983333333333329307e+01 6.299999999999998579e+01
0.000000000000000000e+00 0.000000000000000000e+00 0.000000000000000000e+00 5.599999999999994316e+01 5.820000000000000284e+01 4.842105263157893802e+01 3.025000000000000711e+01 3.239712918660286789e+01 1.081395649922320068e+01 3.785776805251639843e+01 1.578531323877068537e+01 2.127857935627081076e+01 1.481179663554900472e+01 8.618522759805326672e+00 2.489768483943242217e+01 5.430357142857140929e+01 4.298039215686272740e+01 2.252818035426730958e+01 3.836122448979591582e+01 6.199999999999997158e+01 5.880769230769230660e+01 6.275000000000000000e+01 6.412499999999998579e+01 5.062499999999999289e+01 5.005000000000000426e+01 1.930845771144278444e+01 4.214516129032258362e+01 4.240517241379310320e+01 1.942776168804303083e+01 2.858207405698465919e+01 4.081818181818182012e+01 3.463316433045034159e+01 3.806623754152825256e+01 4.692537313432836044e+01 5.340614886731391664e+01 5.104545454545455385e+01 5.049999999999999289e+01 2.529066478076379099e+01 2.499485381182257981e+01 2.932464000000000937e+01 0.000000000000000000e+00 2.899714285714286532e+01 4.858928571428571530e+01 3.683911671924290232e+01 0.000000000000000000e+00 3.542733812949640537e+01 0.000000000000000000e+00 0.000000000000000000e+00 0.000000000000000000e+00 0.000000000000000000e+00 0.000000000000000000e+00 0.000000000000000000e+00 6.300000000000001421e+01 5.474999999999997868e+01 5.149999999999998579e+01 5.931249999999998579e+01 0.000000000000000000e+00 0.000000000000000000e+00 0.000000000000000000e+00 5.137499999999997868e+01 3.417647058823528283e+01 3.399999999999997868e+01 0.000000000000000000e+00 0.000000000000000000e+00 0.000000000000000000e+00 0.000000000000000000e+00 0.000000000000000000e+00 0.000000000000000000e+00 0.000000000000000000e+00 6.200000000000001421e+01 0.000000000000000000e+00 6.600000000000002842e+01 0.000000000000000000e+00 0.000000000000000000e+00 0.000000000000000000e+00 4.549999999999997158e+01 0.000000000000000000e+00 0.000000000000000000e+00 0.000000000000000000e+00 0.000000000000000000e+00 3.983333333333330728e+01 5.916666666666663588e+01 5.199999999999997868e+01 0.000000000000000000e+00 4.100000000000000000e+01 6.274999999999995737e+01 5.749999999999997868e+01 0.000000000000000000e+00 0.000000000000000000e+00
0.000000000000000000e+00 0.000000000000000000e+00 0.000000000000000000e+00 0.000000000000000000e+00 5.749999999999999289e+01 7.129999999999995453e+01 0.000000000000000000e+00 7.299999999999995737e+01 5.620000000000000284e+01 4.955882352941176805e+01 4.454255319148936110e+01 1.569560410976719744e+01 8.618522759805326672e+00 1.150897780291248473e+01 3.628048780487804947e+01 5.471428571428570109e+01 4.035999999999998522e+01 8.752808988764044784e+00 2.480357142857143771e+01 0.000000000000000000e+00 0.000000000000000000e+00 0.000000000000000000e+00 0.000000000000000000e+00 0.000000000000000000e+00 0.000000000000000000e+00 5.450000000000000711e+01 5.049999999999998579e+01 5.849999999999999289e+01 1.159420777908738920e+01 3.587037037037037379e+01 6.700000000000000000e+01 1.377824858757062110e+01 1.719026548672566435e+01 0.000000000000000000e+00 0.000000000000000000e+00 0.000000000000000000e+00 0.000000000000000000e+00 3.473809523809524080e+01 3.835227272727272663e+01 3.317857142857143771e+01 0.000000000000000000e+00 3.033333333333333215e+01 3.716666666666667140e+01 4.875000000000000000e+01 6.750000000000004263e+01 4.091666666666667851e+01 0.000000000000000000e+00 0.000000000000000000e+00 0.000000000000000000e+00 0.000000000000000000e+00 0.000000000000000000e+00 0.000000000000000000e+00 0.000000000000000000e+00 0.000000000000000000e+00 0.000000000000000000e+00 0.000000000000000000e+00 0.000000000000000000e+00 0.000000000000000000e+00 0.000000000000000000e+00 4.874999999999997868e+01 0.000000000000000000e+00 0.000000000000000000e+00 0.000000000000000000e+00 0.000000000000000000e+00 0.000000000000000000e+00 0.000000000000000000e+00 0.000000000000000000e+00 0.000000000000000000e+00 0.000000000000000000e+00 0.000000000000000000e+00 0.000000000000000000e+00 0.000000000000000000e+00 0.000000000000000000e+00 0.000000000000000000e+00 0.000000000000000000e+00 0.000000000000000000e+00 0.000000000000000000e+00 0.000000000000000000e+00 0.000000000000000000e+00 0.000000000000000000e+00 0.000000000000000000e+00 0.000000000000000000e+00 0.000000000000000000e+00 0.000000000000000000e+00 0.000000000000000000e+00 0.000000000000000000e+00 0.000000000000000000e+00 0.000000000000000000e+00 0.000000000000000000e+00
0.000000000000000000e+00 0.000000000000000000e+00 0.000000000000000000e+00 3.883333333333330728e+01 2.824999999999998579e+01 2.220992366412212249e+01 3.615909090909089940e+01 3.343085880640465035e+01 2.488253275109169493e+01 2.897020648967550827e+01 2.182274652147610539e+01 3.216824794433901502e+01 2.489768483943242217e+01 3.628048780487804947e+01 1.088589015151514872e+01 3.322445255474450931e+01 2.674999999999999289e+01 2.416459627329192372e+01 2.594656488549617279e+01 1.822692307692307168e+01 1.914478764478763750e+01 3.674444444444442581e+01 2.302678571428570464e+01 1.744852941176469940e+01 2.335617103984450083e+01 2.223008179339593227e+01 2.248015122873345106e+01 2.806636155606406646e+01 2.051360245721807729e+01 2.407076923076922270e+01 4.390259230164962645e+01 3.540149476831090425e+01 3.424183976261127071e+01 5.196721311475408100e+01 4.853861003861002388e+01 4.992592592592591672e+01 3.896907216494844306e+01 2.099692307692307836e+01 8.177713823185536413e+00 1.685779816513761631e+01 0.000000000000000000e+00 2.097727272727271952e+01 1.571884346959122247e+01 1.210472972972972983e+01 2.399999999999998224e+01 2.140743073047858047e+01 0.000000000000000000e+00 0.000000000000000000e+00 0.000000000000000000e+00 0.000000000000000000e+00 6.049999999999994316e+01 3.899999999999995026e+01 6.071874999999995737e+01 4.830952380952378178e+01 4.979687499999997158e+01 6.046153846153842437e+01 4.599999999999998579e+01 5.599999999999997868e+01 4.299999999999997158e+01 4.102702702702700321e+01 3.179999999999999005e+01 3.513513513513512265e+01 5.449999999999998579e+01 0.000000000000000000e+00 4.799999999999997158e+01 0.000000000000000000e+00 0.000000000000000000e+00 0.000000000000000000e+00 4.919999999999998863e+01 4.287499999999998579e+01 7.150000000000000000e+01 5.787499999999994316e+01 4.713999999999999346e+01 5.974999999999998579e+01 6.879999999999998295e+01 4.621428571428570109e+01 0.000000000000000000e+00 0.000000000000000000e+00 0.000000000000000000e+00 0.000000000000000000e+00 4.308333333333329307e+01 4.651851851851849062e+01 5.006249999999997158e+01 0.000000000000000000e+00 3.551315789473682116e+01 4.668749999999998579e+01 0.000000000000000000e+00 0.000000000000000000e+00 4.899999999999998579e+01
0.000000000000000000e+00 0.000000000000000000e+00 0.000000000000000000e+00 3.091666666666663232e+01 1.253218210361066909e+01 2.118508997429304941e+01 3.149999999999999645e+01 2.160224438902742605e+01 3.194915254237288238e+01 2.294467353951889166e+01 4.136861313868611489e+01 1.971409823772027536e+01 5.430357142857140929e+01 5.471428571428570109e+01 3.322445255474450931e+01 7.198093659345210504e+00 1.029646017699114502e+01 3.824233716475093559e+01 5.080011792452826569e+01 1.164999999999999574e+02 0.000000000000000000e+00 6.999999999999998579e+01 0.000000000000000000e+00 4.249999999999998579e+01 5.799999999999996447e+01 8.737500000000000000e+01 0.000000000000000000e+00 8.574999999999997158e+01 5.909090909090907218e+01 6.164285714285711038e+01 7.549999999999994316e+01 7.073660714285711038e+01 5.758593749999997158e+01 0.000000000000000000e+00 9.300000000000002842e+01 0.000000000000000000e+00 7.249999999999992895e+01 1.457000795544947636e+01 2.352386603375525809e+01 3.775999999999998380e+01 0.000000000000000000e+00 6.574999999999997158e+01 7.208333333333332860e+01 4.839999999999998437e+01 1.023694029850745579e+01 4.256249999999997868e+01 0.000000000000000000e+00 2.424999999999999289e+01 3.470000000000000284e+01 0.000000000000000000e+00 3.470833333333327886e+01 4.015384615384610356e+01 3.624390243902436026e+01 5.230769230769227107e+01 4.103409090909087809e+01 6.374999999999998579e+01 0.000000000000000000e+00 5.099999999999997868e+01 1.561111111111109828e+01 2.211842105263157165e+01 3.861111111111107164e+01 5.649999999999997158e+01 0.000000000000000000e+00 0.000000000000000000e+00 0.000000000000000000e+00 0.000000000000000000e+00 0.000000000000000000e+00 0.000000000000000000e+00 0.000000000000000000e+00 0.000000000000000000e+00 0.000000000000000000e+00 0.000000000000000000e+00 6.500000000000002842e+01 7.450000000000001421e+01 8.033333333333330017e+01 0.000000000000000000e+00 0.000000000000000000e+00 0.000000000000000000e+00 0.000000000000000000e+00 0.000000000000000000e+00 2.514634146341461118e+01 3.661842105263155389e+01 4.299999999999996447e+01 0.000000000000000000e+00 0.000000000000000000e+00 0.000000000000000000e+00 0.000000000000000000e+00 2.081249999999999645e+01 0.000000000000000000e+00
0.000000000000000000e+00 0.000000000000000000e+00 0.000000000000000000e+00 3.250000000000002132e+01 2.821052631578947256e+01 3.356140350877191736e+01 0.000000000000000000e+00 2.149090909090908141e+01 2.740993788819875121e+01 2.390751730959444998e+01 2.714783653846152944e+01 1.804597890573499441e+01 4.298039215686272740e+01 4.035999999999998522e+01 2.674999999999999289e+01 1.029646017699114502e+01 9.283614353653259599e+00 1.957516129032257268e+01 3.613791554357590741e+01 0.000000000000000000e+00 1.029999999999999574e+02 7.850000000000000000e+01 0.000000000000000000e+00 0.000000000000000000e+00 0.000000000000000000e+00 6.550000000000000000e+01 6.225000000000001421e+01 8.250000000000000000e+01 4.635714285714284699e+01 5.272222222222222143e+01 5.399999999999997158e+01 5.589506172839504217e+01 4.394072164948453718e+01 7.050000000000002842e+01 7.849999999999998579e+01 0.000000000000000000e+00 0.000000000000000000e+00 1.747281323877067649e+01 2.381445448227935202e+01 3.345833333333332860e+01 0.000000000000000000e+00 3.999999999999999289e+01 6.085714285714283989e+01 4.570000000000000284e+01 3.124999999999997158e+01 4.425925925925925952e+01 0.000000000000000000e+00 1.625000000000000355e+01 3.449999999999992895e+01 0.000000000000000000e+00 3.174999999999995737e+01 2.972413793103444135e+01 3.052112676056335516e+01 3.296428571428569398e+01 2.933823529411763431e+01 5.009999999999998010e+01 0.000000000000000000e+00 0.000000000000000000e+00 1.929268292682925079e+01 1.377333333333332810e+01 1.397777777777777253e+01 3.572222222222220722e+01 0.000000000000000000e+00 0.000000000000000000e+00 0.000000000000000000e+00 0.000000000000000000e+00 0.000000000000000000e+00 0.000000000000000000e+00 0.000000000000000000e+00 0.000000000000000000e+00 0.000000000000000000e+00 5.474999999999995026e+01 4.849999999999999289e+01 6.049999999999995737e+01 6.099999999999994316e+01 5.924999999999997158e+01 0.000000000000000000e+00 0.000000000000000000e+00 0.000000000000000000e+00 0.000000000000000000e+00 2.712903225806449115e+01 3.240425531914891621e+01 3.250000000000000000e+01 0.000000000000000000e+00 0.000000000000000000e+00 0.000000000000000000e+00 0.000000000000000000e+00 2.935714285714285054e+01 3.799999999999996447e+01
