0.000000000000000000e+00 0.000000000000000000e+00 0.000000000000000000e+00 0.000000000000000000e+00 0.000000000000000000e+00 0.000000000000000000e+00 0.000000000000000000e+00 0.000000000000000000e+00 0.000000000000000000e+00 0.000000000000000000e+00 0.000000000000000000e+00 0.000000000000000000e+00 0.000000000000000000e+00 0.000000000000000000e+00 0.000000000000000000e+00 0.000000000000000000e+00 0.000000000000000000e+00 0.000000000000000000e+00 0.000000000000000000e+00 0.000000000000000000e+00 0.000000000000000000e+00 0.000000000000000000e+00 0.000000000000000000e+00 0.000000000000000000e+00 0.000000000000000000e+00 0.000000000000000000e+00 0.000000000000000000e+00 0.000000000000000000e+00 0.000000000000000000e+00 0.000000000000000000e+00 0.000000000000000000e+00 0.000000000000000000e+00 0.000000000000000000e+00 0.000000000000000000e+00 0.000000000000000000e+00 0.000000000000000000e+00 0.000000000000000000e+00 0.000000000000000000e+00 0.000000000000000000e+00 0.000000000000000000e+00 0.000000000000000000e+00 0.000000000000000000e+00 0.000000000000000000e+00 0.000000000000000000e+00 0.000000000000000000e+00 0.000000000000000000e+00 0.000000000000000000e+00 0.000000000000000000e+00 0.000000000000000000e+00 0.000000000000000000e+00 0.000000000000000000e+00 0.000000000000000000e+00 0.000000000000000000e+00 0.000000000000000000e+00 0.000000000000000000e+00 0.000000000000000000e+00 0.000000000000000000e+00 0.000000000000000000e+00 0.000000000000000000e+00 0.000000000000000000e+00 0.000000000000000000e+00 0.000000000000000000e+00 0.000000000000000000e+00 0.000000000000000000e+00 0.000000000000000000e+00 0.000000000000000000e+00 0.000000000000000000e+00 0.000000000000000000e+00 0.000000000000000000e+00 0.000000000000000000e+00 0.000000000000000000e+00 0.000000000000000000e+00 0.000000000000000000e+00 0.000000000000000000e+00 0.000000000000000000e+00 0.000000000000000000e+00 0.000000000000000000e+00 0.000000000000000000e+00 0.000000000000000000e+00 0.000000000000000000e+00 0.000000000000000000e+00 0.000000000000000000e+00 0.000000000000000000e+00 0.000000000000000000e+00 0.000000000000000000e+00 0.000000000000000000e+00 0.000000000000000000e+00 0.000000000000000000e+00 0.000000000000000000e+00
0.000000000000000000e+00 0.000000000000000000e+00 0.000000000000000000e+00 0.000000000000000000e+00 0.000000000000000000e+00 0.000000000000000000e+00 0.000000000000000000e+00 0.000000000000000000e+00 0.000000000000000000e+00 0.000000000000000000e+00 0.000000000000000000e+00 0.000000000000000000e+00 0.000000000000000000e+00 0.000000000000000000e+00 0.000000000000000000e+00 0.000000000000000000e+00 0.000000000000000000e+00 0.000000000000000000e+00 0.000000000000000000e+00 0.000000000000000000e+00 0.000000000000000000e+00 0.000000000000000000e+00 0.000000000000000000e+00 0.000000000000000000e+00 0.000000000000000000e+00 0.000000000000000000e+00 0.000000000000000000e+00 0.000000000000000000e+00 0.000000000000000000e+00 0.000000000000000000e+00 0.000000000000000000e+00 0.000000000000000000e+00 0.000000000000000000e+00 0.000000000000000000e+00 0.000000000000000000e+00 0.000000000000000000e+00 0.000000000000000000e+00 0.000000000000000000e+00 0.000000000000000000e+00 0.000000000000000000e+00 0.000000000000000000e+00 0.000000000000000000e+00 0.000000000000000000e+00 0.000000000000000000e+00 0.000000000000000000e+00 0.000000000000000000e+00 0.000000000000000000e+00 0.000000000000000000e+00 0.000000000000000000e+00 0.000000000000000000e+00 0.000000000000000000e+00 0.000000000000000000e+00 0.000000000000000000e+00 0.000000000000000000e+00 0.000000000000000000e+00 0.000000000000000000e+00 0.000000000000000000e+00 0.000000000000000000e+00 0.000000000000000000e+00 0.000000000000000000e+00 0.000000000000000000e+00 0.000000000000000000e+00 0.000000000000000000e+00 0.000000000000000000e+00 0.000000000000000000e+00 0.000000000000000000e+00 0.000000000000000000e+00 0.000000000000000000e+00 0.000000000000000000e+00 0.000000000000000000e+00 0.000000000000000000e+00 0.000000000000000000e+00 0.000000000000000000e+00 0.000000000000000000e+00 0.000000000000000000e+00 0.000000000000000000e+00 0.000000000000000000e+00 0.000000000000000000e+00 0.000000000000000000e+00 0.000000000000000000e+00 0.000000000000000000e+00 0.000000000000000000e+00 0.000000000000000000e+00 0.000000000000000000e+00 0.000000000000000000e+00 0.000000000000000000e+00 0.000000000000000000e+00 0.000000000000000000e+00 0.000000000000000000e+00
0.000000000000000000e+00 0.000000000000000000e+00 0.000000000000000000e+00 0.000000000000000000e+00 0.000000000000000000e+00 0.000000000000000000e+00 0.000000000000000000e+00 0.000000000000000000e+00 0.000000000000000000e+00 0.000000000000000000e+00 0.000000000000000000e+00 0.000000000000000000e+00 0.000000000000000000e+00 0.000000000000000000e+00 0.000000000000000000e+00 0.000000000000000000e+00 0.000000000000000000e+00 0.000000000000000000e+00 0.000000000000000000e+00 0.000000000000000000e+00 0.000000000000000000e+00 0.000000000000000000e+00 0.000000000000000000e+00 0.000000000000000000e+00 0.000000000000000000e+00 0.000000000000000000e+00 0.000000000000000000e+00 0.000000000000000000e+00 0.000000000000000000e+00 0.000000000000000000e+00 0.000000000000000000e+00 0.000000000000000000e+00 0.000000000000000000e+00 0.000000000000000000e+00 0.000000000000000000e+00 0.000000000000000000e+00 0.000000000000000000e+00 0.000000000000000000e+00 0.000000000000000000e+00 0.000000000000000000e+00 0.000000000000000000e+00 0.000000000000000000e+00 0.000000000000000000e+00 0.000000000000000000e+00 0.000000000000000000e+00 0.000000000000000000e+00 0.000000000000000000e+00 0.000000000000000000e+00 0.000000000000000000e+00 0.000000000000000000e+00 0.000000000000000000e+00 0.000000000000000000e+00 0.000000000000000000e+00 0.000000000000000000e+00 0.000000000000000000e+00 0.000000000000000000e+00 0.000000000000000000e+00 0.000000000000000000e+00 0.000000000000000000e+00 0.000000000000000000e+00 0.000000000000000000e+00 0.000000000000000000e+00 0.000000000000000000e+00 0.000000000000000000e+00 0.000000000000000000e+00 0.000000000000000000e+00 0.000000000000000000e+00 0.000000000000000000e+00 0.000000000000000000e+00 0.000000000000000000e+00 0.000000000000000000e+00 0.000000000000000000e+00 0.000000000000000000e+00 0.000000000000000000e+00 0.000000000000000000e+00 0.000000000000000000e+00 0.000000000000000000e+00 0.000000000000000000e+00 0.000000000000000000e+00 0.000000000000000000e+00 0.000000000000000000e+00 0.000000000000000000e+00 0.000000000000000000e+00 0.000000000000000000e+00 0.000000000000000000e+00 0.000000000000000000e+00 0.000000000000000000e+00 0.000000000000000000e+00 0.000000000000000000e+00
0.000000000000000000e+00 0.000000000000000000e+00 0.000000000000000000e+00 3.874092009685227378e+00 7.133401920438952715e+00 1.159488448844883735e+01 2.762499999999995737e+01 3.109999999999998366e+01 0.000000000000000000e+00 1.122330097087377965e+01 0.000000000000000000e+00 5.506661115736886103e+00 0.000000000000000000e+00 0.000000000000000000e+00 4.249999999999997868e+01 3.640909090909089940e+01 4.599999999999996447e+01 0.000000000000000000e+00 7.199999999999995737e+01 0.000000000000000000e+00 0.000000000000000000e+00 0.000000000000000000e+00 0.000000000000000000e+00 0.000000000000000000e+00 0.000000000000000000e+00 0.000000000000000000e+00 0.000000000000000000e+00 0.000000000000000000e+00 0.000000000000000000e+00 0.000000000000000000e+00 0.000000000000000000e+00 0.000000000000000000e+00 0.000000000000000000e+00 0.000000000000000000e+00 0.000000000000000000e+00 0.000000000000000000e+00 0.000000000000000000e+00 2.957831325301203051e+01 3.407608695652172059e+01 0.000000000000000000e+00 0.000000000000000000e+00 0.000000000000000000e+00 0.000000000000000000e+00 0.000000000000000000e+00 3.600000000000003553e+01 0.000000000000000000e+00 0.000000000000000000e+00 0.000000000000000000e+00 0.000000000000000000e+00 0.000000000000000000e+00 0.000000000000000000e+00 0.000000000000000000e+00 0.000000000000000000e+00 0.000000000000000000e+00 0.000000000000000000e+00 0.000000000000000000e+00 0.000000000000000000e+00 0.000000000000000000e+00 5.699999999999995026e+01 0.000000000000000000e+00 0.000000000000000000e+00 0.000000000000000000e+00 0.000000000000000000e+00 0.000000000000000000e+00 0.000000000000000000e+00 0.000000000000000000e+00 0.000000000000000000e+00 0.000000000000000000e+00 0.000000000000000000e+00 0.000000000000000000e+00 0.000000000000000000e+00 0.000000000000000000e+00 0.000000000000000000e+00 0.000000000000000000e+00 0.000000000000000000e+00 0.000000000000000000e+00 0.000000000000000000e+00 0.000000000000000000e+00 0.000000000000000000e+00 0.000000000000000000e+00 4.049999999999993605e+01 5.449999999999990052e+01 0.000000000000000000e+00 0.000000000000000000e+00 0.000000000000000000e+00 0.000000000000000000e+00 0.000000000000000000e+00 0.000000000000000000e+00 0.000000000000000000e+00
0.000000000000000000e+00 0.000000000000000000e+00 0.000000000000000000e+00 7.133401920438952715e+00 9.617945945945939101e+00 8.610932872655473247e+00 2.878571428571427759e+01 2.680681818181816567e+01 3.843749999999999289e+01 1.579246064623031742e+01 4.119999999999998863e+01 1.442847938144329589e+01 0.000000000000000000e+00 6.799999999999998579e+01 2.889999999999998437e+01 1.316762177650429066e+01 2.993478260869564167e+01 4.561111111111107874e+01 5.718181818181817988e+01 0.000000000000000000e+00 0.000000000000000000e+00 0.000000000000000000e+00 0.000000000000000000e+00 0.000000000000000000e+00 0.000000000000000000e+00 0.000000000000000000e+00 0.000000000000000000e+00 0.000000000000000000e+00 4.899999999999994316e+01 6.849999999999997158e+01 0.000000000000000000e+00 8.049999999999997158e+01 6.149999999999999289e+01 0.000000000000000000e+00 0.000000000000000000e+00 0.000000000000000000e+00 0.000000000000000000e+00 1.278879492600422019e+01 1.861750245821041005e+01 2.737499999999997868e+01 0.000000000000000000e+00 9.799999999999994316e+01 2.949999999999996803e+01 3.900000000000002842e+01 5.309151785714282035e+00 1.014705882352940769e+01 0.000000000000000000e+00 0.000000000000000000e+00 4.300000000000000000e+01 0.000000000000000000e+00 0.000000000000000000e+00 0.000000000000000000e+00 4.499999999999994316e+01 5.599999999999993605e+01 3.799999999999992895e+01 0.000000000000000000e+00 0.000000000000000000e+00 0.000000000000000000e+00 2.877272727272725561e+01 0.000000000000000000e+00 0.000000000000000000e+00 0.000000000000000000e+00 0.000000000000000000e+00 0.000000000000000000e+00 0.000000000000000000e+00 0.000000000000000000e+00 0.000000000000000000e+00 0.000000000000000000e+00 0.000000000000000000e+00 0.000000000000000000e+00 0.000000000000000000e+00 0.000000000000000000e+00 6.949999999999998579e+01 0.000000000000000000e+00 0.000000000000000000e+00 0.000000000000000000e+00 0.000000000000000000e+00 0.000000000000000000e+00 0.000000000000000000e+00 0.000000000000000000e+00 2.153703703703702033e+01 2.983333333333332149e+01 0.000000000000000000e+00 0.000000000000000000e+00 0.000000000000000000e+00 0.000000000000000000e+00 0.000000000000000000e+00 2.033333333333332504e+01 6.749999999999991118e+00
0.000000000000000000e+00 0.000000000000000000e+00 0.000000000000000000e+00 1.159488448844883735e+01 8.610932872655473247e+00 1.413459849741436969e+01 9.215826368293337012e+00 1.316142362036789493e+01 2.688586956521737292e+01 1.812798445308161277e+01 4.556632653061222982e+01 2.417212460063896984e+01 4.933333333333330728e+01 6.500000000000001421e+01 2.161056105610560252e+01 2.200182038834950404e+01 3.264583333333331439e+01 5.336363636363635266e+01 6.667499999999998295e+01 0.000000000000000000e+00 0.000000000000000000e+00 0.000000000000000000e+00 0.000000000000000000e+00 0.000000000000000000e+00 0.000000000000000000e+00 5.149999999999999289e+01 4.499999999999996447e+01 7.049999999999994316e+01 6.764285714285711038e+01 5.513043478260868824e+01 8.649999999999994316e+01 8.473529411764702957e+01 6.874999999999997158e+01 9.100000000000004263e+01 0.000000000000000000e+00 0.000000000000000000e+00 0.000000000000000000e+00 1.857845675815638486e+01 1.880737288135592067e+01 2.592857142857141994e+01 0.000000000000000000e+00 0.000000000000000000e+00 3.899999999999997158e+01 2.149999999999998224e+01 1.574744897959182666e+01 4.113636363636361892e+01 0.000000000000000000e+00 0.000000000000000000e+00 0.000000000000000000e+00 0.000000000000000000e+00 0.000000000000000000e+00 0.000000000000000000e+00 6.399999999999995026e+01 0.000000000000000000e+00 5.749999999999995737e+01 0.000000000000000000e+00 0.000000000000000000e+00 0.000000000000000000e+00 3.099999999999998224e+01 3.049999999999995737e+01 4.400000000000000000e+01 0.000000000000000000e+00 0.000000000000000000e+00 0.000000000000000000e+00 0.000000000000000000e+00 0.000000000000000000e+00 0.000000000000000000e+00 0.000000000000000000e+00 0.000000000000000000e+00 0.000000000000000000e+00 0.000000000000000000e+00 0.000000000000000000e+00 0.000000000000000000e+00 0.000000000000000000e+00 0.000000000000000000e+00 0.000000000000000000e+00 0.000000000000000000e+00 0.000000000000000000e+00 0.000000000000000000e+00 0.000000000000000000e+00 3.431249999999997868e+01 4.906666666666663446e+01 1.799999999999997158e+01 0.000000000000000000e+00 0.000000000000000000e+00 0.000000000000000000e+00 0.000000000000000000e+00 2.649999999999998579e+01 0.000000000000000000e+00
0.000000000000000000e+00 0.000000000000000000e+00 0.000000000000000000e+00 2.762499999999995737e+01 2.878571428571427759e+01 9.215826368293337012e+00 6.955242436800659789e+00 7.153604676336866142e+00 1.851376146788989985e+01 1.280986605684416446e+01 4.449999999999996447e+01 3.137499999999998579e+01 0.000000000000000000e+00 0.000000000000000000e+00 3.362499999999999289e+01 3.799999999999997868e+01 0.000000000000000000e+00 0.000000000000000000e+00 0.000000000000000000e+00 0.000000000000000000e+00 0.000000000000000000e+00 0.000000000000000000e+00 0.000000000000000000e+00 0.000000000000000000e+00 0.000000000000000000e+00 0.000000000000000000e+00 0.000000000000000000e+00 0.000000000000000000e+00 0.000000000000000000e+00 4.474999999999998579e+01 0.000000000000000000e+00 0.000000000000000000e+00 7.449999999999994316e+01 0.000000000000000000e+00 0.000000000000000000e+00 0.000000000000000000e+00 0.000000000000000000e+00 3.349999999999997158e+01 2.864754098360653600e+01 2.550000000000001066e+01 0.000000000000000000e+00 0.000000000000000000e+00 0.000000000000000000e+00 0.000000000000000000e+00 3.349999999999994316e+01 0.000000000000000000e+00 0.000000000000000000e+00 0.000000000000000000e+00 0.000000000000000000e+00 0.000000000000000000e+00 0.000000000000000000e+00 0.000000000000000000e+00 0.000000000000000000e+00 0.000000000000000000e+00 0.000000000000000000e+00 0.000000000000000000e+00 0.000000000000000000e+00 0.000000000000000000e+00 0.000000000000000000e+00 0.000000000000000000e+00 0.000000000000000000e+00 0.000000000000000000e+00 0.000000000000000000e+00 0.000000000000000000e+00 0.000000000000000000e+00 0.000000000000000000e+00 0.000000000000000000e+00 0.000000000000000000e+00 0.000000000000000000e+00 0.000000000000000000e+00 0.000000000000000000e+00 0.000000000000000000e+00 0.000000000000000000e+00 0.000000000000000000e+00 0.000000000000000000e+00 0.000000000000000000e+00 0.000000000000000000e+00 0.000000000000000000e+00 0.000000000000000000e+00 0.000000000000000000e+00 0.000000000000000000e+00 0.000000000000000000e+00 0.000000000000000000e+00 0.000000000000000000e+00 0.000000000000000000e+00 0.000000000000000000e+00 0.000000000000000000e+00 0.000000000000000000e+00 0.000000000000000000e+00
0.000000000000000000e+00 0.000000000000000000e+00 0.000000000000000000e+00 3.109999999999998366e+01 2.680681818181816567e+01 1.316142362036789493e+01 7.153604676336866142e+00 8.313756878439216180e+00 8.733439321674611122e+00 1.721648368640791205e+01 3.336249999999998295e+01 2.341317733990146266e+01 3.324999999999998579e+01 5.649999999999997868e+01 3.458520900321542513e+01 2.029838709677418507e+01 2.067857142857142350e+01 4.969999999999995310e+01 5.739999999999999858e+01 0.000000000000000000e+00 6.999999999999995737e+01 0.000000000000000000e+00 9.599999999999995737e+01 0.000000000000000000e+00 0.000000000000000000e+00 4.600000000000000000e+01 4.649999999999998579e+01 5.799999999999999289e+01 4.154838709677417796e+01 3.637832699619770693e+01 5.718750000000000000e+01 5.771428571428571530e+01 6.099999999999998579e+01 0.000000000000000000e+00 7.350000000000000000e+01 0.000000000000000000e+00 6.650000000000000000e+01 2.711818181818180662e+01 2.653940886699505697e+01 2.762499999999998579e+01 0.000000000000000000e+00 6.525000000000000000e+01 0.000000000000000000e+00 5.249999999999998579e+01 2.866666666666664653e+01 4.739999999999999858e+01 0.000000000000000000e+00 0.000000000000000000e+00 0.000000000000000000e+00 0.000000000000000000e+00 0.000000000000000000e+00 0.000000000000000000e+00 3.649999999999991473e+01 0.000000000000000000e+00 0.000000000000000000e+00 0.000000000000000000e+00 0.000000000000000000e+00 0.000000000000000000e+00 0.000000000000000000e+00 2.049999999999999289e+01 7.299999999999992895e+01 0.000000000000000000e+00 0.000000000000000000e+00 0.000000000000000000e+00 0.000000000000000000e+00 0.000000000000000000e+00 0.000000000000000000e+00 0.000000000000000000e+00 0.000000000000000000e+00 0.000000000000000000e+00 0.000000000000000000e+00 0.000000000000000000e+00 0.000000000000000000e+00 0.000000000000000000e+00 0.000000000000000000e+00 0.000000000000000000e+00 0.000000000000000000e+00 0.000000000000000000e+00 0.000000000000000000e+00 0.000000000000000000e+00 2.849999999999995381e+01 3.949999999999995026e+01 0.000000000000000000e+00 0.000000000000000000e+00 0.000000000000000000e+00 0.000000000000000000e+00 0.000000000000000000e+00 0.000000000000000000e+00 0.000000000000000000e+00
0.000000000000000000e+00 0.000000000000000000e+00 0.000000000000000000e+00 0.000000000000000000e+00 3.843749999999999289e+01 2.688586956521737292e+01 1.851376146788989985e+01 8.733439321674611122e+00 1.164462457337883627e+01 1.798559921894068125e+01 2.415517241379309610e+01 3.189745972738536750e+01 9.520079654829073590e+00 5.875000000000000711e+01 2.257477168949770885e+01 3.361187214611871354e+01 2.725555555555554577e+01 4.270000000000000284e+01 6.512499999999997158e+01 0.000000000000000000e+00 6.837500000000000000e+01 6.299999999999997158e+01 0.000000000000000000e+00 0.000000000000000000e+00 4.987500000000000000e+01 3.687499999999998579e+01 3.749999999999997868e+01 4.572222222222221433e+01 2.332442748091602880e+01 2.686640557006090901e+01 5.607407407407406907e+01 5.600793650793649192e+01 5.992857142857143060e+01 6.049999999999995026e+01 6.724999999999997158e+01 5.174999999999999289e+01 5.533333333333332149e+01 2.329471544715446285e+01 1.729901589704769194e+01 2.564388489208632649e+01 0.000000000000000000e+00 3.679999999999998295e+01 0.000000000000000000e+00 3.574999999999999289e+01 2.799999999999998934e+01 3.094985673352435640e+01 0.000000000000000000e+00 0.000000000000000000e+00 0.000000000000000000e+00 0.000000000000000000e+00 0.000000000000000000e+00 0.000000000000000000e+00 5.099999999999993605e+01 5.257142857142853387e+01 4.912499999999995737e+01 0.000000000000000000e+00 0.000000000000000000e+00 5.949999999999993605e+01 4.350000000000001421e+01 3.165789473684208843e+01 3.299999999999998579e+01 6.050000000000002842e+01 0.000000000000000000e+00 0.000000000000000000e+00 0.000000000000000000e+00 0.000000000000000000e+00 0.000000000000000000e+00 0.000000000000000000e+00 0.000000000000000000e+00 0.000000000000000000e+00 0.000000000000000000e+00 0.000000000000000000e+00 0.000000000000000000e+00 0.000000000000000000e+00 0.000000000000000000e+00 0.000000000000000000e+00 0.000000000000000000e+00 0.000000000000000000e+00 0.000000000000000000e+00 0.000000000000000000e+00 4.783333333333329307e+01 5.242857142857140218e+01 6.349999999999995737e+01 0.000000000000000000e+00 0.000000000000000000e+00 0.000000000000000000e+00 0.000000000000000000e+00 5.574999999999998579e+01 0.000000000000000000e+00
0.000000000000000000e+00 0.000000000000000000e+00 0.000000000000000000e+00 1.122330097087377965e+01 1.579246064623031742e+01 1.812798445308161277e+01 1.280986605684416446e+01 1.721648368640791205e+01 1.798559921894068125e+01 1.199415527128363301e+01 1.514106928313976219e+01 1.597343433638203614e+01 3.747348484848483707e+01 4.828048780487804237e+01 3.133360566448800100e+01 2.732053941908712602e+01 2.681475409836064472e+01 4.211290322580644130e+01 6.006060606060603391e+01 0.000000000000000000e+00 0.000000000000000000e+00 0.000000000000000000e+00 0.000000000000000000e+00 1.214999999999999574e+02 6.587500000000000000e+01 6.666666666666664298e+01 4.483333333333332149e+01 6.533333333333332860e+01 4.577906976744185386e+01 4.069701646090533131e+01 5.769999999999998153e+01 5.592487046632123082e+01 6.037438423645318153e+01 6.134615384615383959e+01 7.270000000000000284e+01 6.216666666666666430e+01 6.787499999999997158e+01 2.468524681087075479e+01 2.636815175340070638e+01 3.704347826086954854e+01 0.000000000000000000e+00 4.046969696969695462e+01 5.816666666666665719e+01 4.443749999999998579e+01 3.121511627906975761e+01 4.504166666666665719e+01 0.000000000000000000e+00 5.100000000000000711e+01 0.000000000000000000e+00 0.000000000000000000e+00 4.299999999999993605e+01 0.000000000000000000e+00 4.812499999999994316e+01 6.155555555555550740e+01 5.833333333333329307e+01 0.000000000000000000e+00 0.000000000000000000e+00 0.000000000000000000e+00 4.274999999999997868e+01 3.645454545454541773e+01 4.716666666666665719e+01 0.000000000000000000e+00 0.000000000000000000e+00 0.000000000000000000e+00 0.000000000000000000e+00 0.000000000000000000e+00 0.000000000000000000e+00 0.000000000000000000e+00 0.000000000000000000e+00 0.000000000000000000e+00 0.000000000000000000e+00 0.000000000000000000e+00 0.000000000000000000e+00 1.059999999999999574e+02 0.000000000000000000e+00 0.000000000000000000e+00 0.000000000000000000e+00 0.000000000000000000e+00 0.000000000000000000e+00 0.000000000000000000e+00 4.029999999999995453e+01 4.996153846153844569e+01 6.499999999999994316e+01 0.000000000000000000e+00 0.000000000000000000e+00 0.000000000000000000e+00 0.000000000000000000e+00 0.000000000000000000e+00 0.000000000000000000e+00
0.000000000000000000e+00 0.000000000000000000e+00 0.000000000000000000e+00 0.000000000000000000e+00 4.119999999999998863e+01 4.556632653061222982e+01 4.449999999999996447e+01 3.336249999999998295e+01 2.415517241379309610e+01 1.514106928313976219e+01 1.308904835291851221e+01 2.154064690689951433e+01 1.528768411156377383e+01 4.313953488372092693e+01 2.319714285714285751e+01 3.944059405940592455e+01 2.672747747747746772e+01 2.938461538461537614e+01 4.742982456140349967e+01 0.000000000000000000e+00 6.861999999999999034e+01 4.950000000000000000e+01 7.683333333333331439e+01 8.866666666666662877e+01 5.499999999999999289e+01 6.222222222222221433e+01 4.699999999999999289e+01 4.433749999999999858e+01 2.948811096433289336e+01 3.002660753880266142e+01 4.516358325219084691e+01 4.328221010901883403e+01 4.573684210526315752e+01 4.916071428571429180e+01 6.113489736070381042e+01 5.298529411764705799e+01 5.413855421686746894e+01 2.165009746588692963e+01 2.238497837200156937e+01 2.807990867579908212e+01 0.000000000000000000e+00 2.780750000000000099e+01 5.423076923076921929e+01 3.734558823529410887e+01 3.133333333333332149e+01 3.437218649517684810e+01 0.000000000000000000e+00 0.000000000000000000e+00 0.000000000000000000e+00 0.000000000000000000e+00 0.000000000000000000e+00 0.000000000000000000e+00 6.259999999999998010e+01 5.229999999999997584e+01 5.687499999999996447e+01 5.624999999999995737e+01 0.000000000000000000e+00 0.000000000000000000e+00 4.249999999999998579e+01 4.029166666666662167e+01 3.408333333333331439e+01 3.599999999999993605e+01 0.000000000000000000e+00 0.000000000000000000e+00 0.000000000000000000e+00 0.000000000000000000e+00 0.000000000000000000e+00 0.000000000000000000e+00 0.000000000000000000e+00 0.000000000000000000e+00 0.000000000000000000e+00 0.000000000000000000e+00 0.000000000000000000e+00 0.000000000000000000e+00 0.000000000000000000e+00 6.649999999999994316e+01 0.000000000000000000e+00 0.000000000000000000e+00 0.000000000000000000e+00 0.000000000000000000e+00 4.061111111111110006e+01 5.487499999999999289e+01 4.899999999999998579e+01 0.000000000000000000e+00 0.000000000000000000e+00 7.549999999999998579e+01 5.499999999999997158e+01 0.000000000000000000e+00 0.000000000000000000e+00
0.000000000000000000e+00 0.000000000000000000e+00 0.000000000000000000e+00 5.506661115736886103e+00 1.442847938144329589e+01 2.417212460063896984e+01 3.137499999999998579e+01 2.341317733990146266e+01 3.189745972738536750e+01 1.597343433638203614e+01 2.154064690689951433e+01 1.580460766150719820e+01 2.017699430199430211e+01 1.476971357850070277e+01 3.170747217806040652e+01 1.927642796248933621e+01 1.810732848232847303e+01 2.567267197005147139e+01 4.243311688311686680e+01 0.000000000000000000e+00 6.816666666666667140e+01 0.000000000000000000e+00 7.374999999999998579e+01 1.309999999999999716e+02 5.410000000000002274e+01 6.022500000000000142e+01 5.018750000000000000e+01 5.847058823529411598e+01 3.719055118110236435e+01 4.700092250922508441e+01 6.231677018633540399e+01 5.103056234718826545e+01 4.321883289124667016e+01 6.666666666666667140e+01 8.363636363636364024e+01 5.949999999999996447e+01 5.566666666666665719e+01 2.855121073298428414e+01 2.908337803663114585e+01 3.535135135135135442e+01 0.000000000000000000e+00 3.439249999999999829e+01 6.054999999999999716e+01 4.375396825396825307e+01 3.900943396226413284e+01 4.167262723521320567e+01 0.000000000000000000e+00 0.000000000000000000e+00 4.912499999999992895e+01 0.000000000000000000e+00 0.000000000000000000e+00 0.000000000000000000e+00 4.824999999999996447e+01 4.907142857142854098e+01 9.223926380368089539e+00 3.183333333333331439e+01 2.455555555555555003e+01 0.000000000000000000e+00 3.136111111111110361e+01 3.427777777777775725e+01 2.749999999999998224e+01 4.489999999999996305e+01 0.000000000000000000e+00 0.000000000000000000e+00 0.000000000000000000e+00 0.000000000000000000e+00 0.000000000000000000e+00 0.000000000000000000e+00 0.000000000000000000e+00 0.000000000000000000e+00 0.000000000000000000e+00 6.849999999999994316e+01 5.775000000000000000e+01 0.000000000000000000e+00 6.800000000000000000e+01 4.766666666666666430e+01 0.000000000000000000e+00 0.000000000000000000e+00 0.000000000000000000e+00 0.000000000000000000e+00 3.773809523809521949e+01 4.696874999999997158e+01 3.949999999999999289e+01 0.000000000000000000e+00 5.500000000000000000e+01 0.000000000000000000e+00 9.200000000000002842e+01 4.350000000000000711e+01 5.649999999999999289e+01
0.000000000000000000e+00 0.000000000000000000e+00 0.000000000000000000e+00 0.000000000000000000e+00 0.000000000000000000e+00 4.933333333333330728e+01 0.000000000000000000e+00 3.324999999999998579e+01 9.520079654829073590e+00 3.747348484848483707e+01 1.528768411156377383e+01 2.017699430199430211e+01 1.330487804878048763e+01 8.257271609995903816e+00 2.288056779246207384e+01 5.489583333333332149e+01 3.769696969696968125e+01 2.062998266897747257e+01 3.912536023054754963e+01 5.899999999999998579e+01 6.510416666666667140e+01 0.000000000000000000e+00 6.175000000000000000e+01 6.399999999999998579e+01 4.546774193548387899e+01 2.018251928020565700e+01 3.615322580645162276e+01 4.877192982456140413e+01 1.823837502098371743e+01 2.764248169701520652e+01 4.535871964679911628e+01 3.664544989775050965e+01 4.047182468694096968e+01 4.820000000000000284e+01 6.459493670886075734e+01 5.413888888888889284e+01 5.592647058823529704e+01 2.558266398929049501e+01 2.431457691899353080e+01 2.939647786768206927e+01 0.000000000000000000e+00 2.799150141643059442e+01 4.043000000000000682e+01 3.774449877750612359e+01 3.760000000000000853e+01 3.559800469483568719e+01 0.000000000000000000e+00 0.000000000000000000e+00 7.899999999999997158e+01 0.000000000000000000e+00 0.000000000000000000e+00 0.000000000000000000e+00 0.000000000000000000e+00 0.000000000000000000e+00 0.000000000000000000e+00 5.499999999999998579e+01 4.100000000000000000e+01 0.000000000000000000e+00 0.000000000000000000e+00 4.850000000000000000e+01 3.762500000000000000e+01 3.149999999999997513e+01 0.000000000000000000e+00 0.000000000000000000e+00 0.000000000000000000e+00 0.000000000000000000e+00 0.000000000000000000e+00 0.000000000000000000e+00 0.000000000000000000e+00 0.000000000000000000e+00 0.000000000000000000e+00 6.149999999999996447e+01 0.000000000000000000e+00 0.000000000000000000e+00 0.000000000000000000e+00 0.000000000000000000e+00 0.000000000000000000e+00 0.000000000000000000e+00 0.000000000000000000e+00 0.000000000000000000e+00 3.499999999999996447e+01 7.350000000000000000e+01 5.674999999999998579e+01 0.000000000000000000e+00 4.900000000000000000e+01 0.000000000000000000e+00 0.000000000000000000e+00 0.000000000000000000e+00 0.000000000000000000e+00
0.000000000000000000e+00 0.000000000000000000e+00 0.000000000000000000e+00 0.000000000000000000e+00 6.799999999999998579e+01 6.500000000000001421e+01 0.000000000000000000e+00 5.649999999999997868e+01 5.875000000000000711e+01 4.828048780487804237e+01 4.313953488372092693e+01 1.476971357850070277e+01 8.257271609995903816e+00 1.061656946313743077e+01 3.013829787234042712e+01 5.121428571428570109e+01 3.403225806451611390e+01 9.833333333333333925e+00 1.745238095238095610e+01 0.000000000000000000e+00 6.149999999999999289e+01 0.000000000000000000e+00 0.000000000000000000e+00 0.000000000000000000e+00 0.000000000000000000e+00 3.199999999999999645e+01 2.425000000000000355e+01 5.400000000000000000e+01 1.117158671586715890e+01 3.131739130434782581e+01 6.316666666666665719e+01 1.742376681614349820e+01 1.502121212121212146e+01 4.850000000000000711e+01 6.550000000000004263e+01 0.000000000000000000e+00 5.300000000000001421e+01 3.503571428571427759e+01 3.783749999999999858e+01 3.047058823529411598e+01 0.000000000000000000e+00 2.781249999999998934e+01 3.899999999999999289e+01 3.634999999999999432e+01 0.000000000000000000e+00 3.791250000000000142e+01 0.000000000000000000e+00 0.000000000000000000e+00 0.000000000000000000e+00 0.000000000000000000e+00 0.000000000000000000e+00 0.000000000000000000e+00 0.000000000000000000e+00 0.000000000000000000e+00 2.509999999999998366e+01 0.000000000000000000e+00 0.000000000000000000e+00 0.000000000000000000e+00 0.000000000000000000e+00 0.000000000000000000e+00 0.000000000000000000e+00 0.000000000000000000e+00 0.000000000000000000e+00 0.000000000000000000e+00 0.000000000000000000e+00 0.000000000000000000e+00 0.000000000000000000e+00 0.000000000000000000e+00 0.000000000000000000e+00 0.000000000000000000e+00 0.000000000000000000e+00 0.000000000000000000e+00 0.000000000000000000e+00 0.000000000000000000e+00 0.000000000000000000e+00 0.000000000000000000e+00 0.000000000000000000e+00 0.000000000000000000e+00 0.000000000000000000e+00 0.000000000000000000e+00 0.000000000000000000e+00 0.000000000000000000e+00 0.000000000000000000e+00 0.000000000000000000e+00 0.000000000000000000e+00 0.000000000000000000e+00 0.000000000000000000e+00 0.000000000000000000e+00 0.000000000000000000e+00
0.000000000000000000e+00 0.000000000000000000e+00 0.000000000000000000e+00 4.249999999999997868e+01 2.889999999999998437e+01 2.161056105610560252e+01 3.362499999999999289e+01 3.458520900321542513e+01 2.257477168949770885e+01 3.133360566448800100e+01 2.319714285714285751e+01 3.170747217806040652e+01 2.288056779246207384e+01 3.013829787234042712e+01 1.080513757523645424e+01 3.631212121212119825e+01 3.035317460317459748e+01 2.317535545023696741e+01 2.973668639053254026e+01 1.324285714285714199e+01 2.208760683760683108e+01 2.352777777777777146e+01 2.239969135802468969e+01 2.236774193548386336e+01 2.091911764705881893e+01 2.212541199736321218e+01 2.444905660377357748e+01 2.980848329048842160e+01 2.200048169556840350e+01 2.898735832606799789e+01 4.690877192982454602e+01 3.431850961538461320e+01 4.251419558359620510e+01 5.495833333333332149e+01 5.609907834101380786e+01 5.458823529411763076e+01 4.967647058823527573e+01 2.445546558704452877e+01 7.977043158861338412e+00 1.790972222222222143e+01 0.000000000000000000e+00 2.325696594427244079e+01 1.281123481781376583e+01 1.207805255023184010e+01 4.416666666666665719e+01 2.360835509138380672e+01 0.000000000000000000e+00 0.000000000000000000e+00 0.000000000000000000e+00 0.000000000000000000e+00 0.000000000000000000e+00 0.000000000000000000e+00 4.874999999999997868e+01 5.974999999999994316e+01 4.649999999999988631e+01 0.000000000000000000e+00 0.000000000000000000e+00 4.300000000000001421e+01 4.050000000000001421e+01 3.199999999999995381e+01 3.537499999999997158e+01 4.033333333333332149e+01 0.000000000000000000e+00 0.000000000000000000e+00 0.000000000000000000e+00 0.000000000000000000e+00 0.000000000000000000e+00 0.000000000000000000e+00 0.000000000000000000e+00 0.000000000000000000e+00 0.000000000000000000e+00 0.000000000000000000e+00 6.199999999999995737e+01 0.000000000000000000e+00 6.516666666666664298e+01 4.106250000000000000e+01 0.000000000000000000e+00 0.000000000000000000e+00 0.000000000000000000e+00 0.000000000000000000e+00 2.849999999999999289e+01 4.199999999999997868e+01 0.000000000000000000e+00 0.000000000000000000e+00 3.568181818181817277e+01 3.499999999999999289e+01 0.000000000000000000e+00 0.000000000000000000e+00 5.149999999999997158e+01
0.000000000000000000e+00 0.000000000000000000e+00 0.000000000000000000e+00 3.640909090909089940e+01 1.316762177650429066e+01 2.200182038834950404e+01 3.799999999999997868e+01 2.029838709677418507e+01 3.361187214611871354e+01 2.732053941908712602e+01 3.944059405940592455e+01 1.927642796248933621e+01 5.489583333333332149e+01 5.121428571428570109e+01 3.631212121212119825e+01 7.149663137632336074e+00 9.647820593809219858e+00 3.877660753880262945e+01 4.897002141327619995e+01 0.000000000000000000e+00 0.000000000000000000e+00 0.000000000000000000e+00 0.000000000000000000e+00 0.000000000000000000e+00 0.000000000000000000e+00 7.225000000000000000e+01 0.000000000000000000e+00 0.000000000000000000e+00 6.125438596491224530e+01 6.184545454545451548e+01 7.316666666666664298e+01 6.757741935483866769e+01 5.185714285714281857e+01 0.000000000000000000e+00 1.000000000000000000e+02 0.000000000000000000e+00 0.000000000000000000e+00 1.408504566210044828e+01 2.373300970873784976e+01 3.932432432432430858e+01 0.000000000000000000e+00 5.009999999999998010e+01 0.000000000000000000e+00 5.074999999999993605e+01 8.402356902356892476e+00 4.818518518518515492e+01 0.000000000000000000e+00 2.900000000000001421e+01 4.199999999999997158e+01 0.000000000000000000e+00 0.000000000000000000e+00 2.949999999999993250e+01 3.860714285714282568e+01 5.099999999999995737e+01 3.188461538461537614e+01 8.299999999999995737e+01 4.249999999999992895e+01 0.000000000000000000e+00 1.983333333333332149e+01 1.983928571428570464e+01 3.674999999999997158e+01 4.633333333333330728e+01 0.000000000000000000e+00 0.000000000000000000e+00 0.000000000000000000e+00 0.000000000000000000e+00 0.000000000000000000e+00 0.000000000000000000e+00 0.000000000000000000e+00 0.000000000000000000e+00 0.000000000000000000e+00 0.000000000000000000e+00 0.000000000000000000e+00 0.000000000000000000e+00 7.449999999999995737e+01 0.000000000000000000e+00 0.000000000000000000e+00 0.000000000000000000e+00 0.000000000000000000e+00 0.000000000000000000e+00 2.047368421052630083e+01 3.203124999999997158e+01 2.799999999999997868e+01 0.000000000000000000e+00 0.000000000000000000e+00 0.000000000000000000e+00 8.399999999999995737e+01 1.650000000000001421e+01 3.400000000000000000e+01
0.000000000000000000e+00 0.000000000000000000e+00 0.000000000000000000e+00 4.599999999999996447e+01 2.993478260869564167e+01 3.264583333333331439e+01 0.000000000000000000e+00 2.067857142857142350e+01 2.725555555555554577e+01 2.681475409836064472e+01 2.672747747747746772e+01 1.810732848232847303e+01 3.769696969696968125e+01 3.403225806451611390e+01 3.035317460317459748e+01 9.647820593809219858e+00 6.899022801302926666e+00 2.220839240147432392e+01 3.608350202429148368e+01 0.000000000000000000e+00 0.000000000000000000e+00 0.000000000000000000e+00 1.104999999999999432e+02 0.000000000000000000e+00 0.000000000000000000e+00 4.566666666666666430e+01 4.649999999999998579e+01 7.050000000000000000e+01 4.631686046511626387e+01 5.094339622641507503e+01 6.275925925925924531e+01 5.273835125448026417e+01 3.675678733031671896e+01 0.000000000000000000e+00 7.950000000000000000e+01 0.000000000000000000e+00 0.000000000000000000e+00 1.842857142857141639e+01 2.390718562874249997e+01 3.435714285714283989e+01 0.000000000000000000e+00 3.642307692307690559e+01 0.000000000000000000e+00 4.139999999999999858e+01 4.750000000000000000e+01 4.411111111111110006e+01 0.000000000000000000e+00 2.424999999999999645e+01 3.460000000000000853e+01 0.000000000000000000e+00 0.000000000000000000e+00 2.489285714285711038e+01 3.057462686567160759e+01 3.580769230769227107e+01 2.345569620253162668e+01 4.931249999999996447e+01 0.000000000000000000e+00 5.774999999999998579e+01 2.155263157894735215e+01 1.074166666666665648e+01 2.074324324324323143e+01 3.643999999999998352e+01 0.000000000000000000e+00 0.000000000000000000e+00 0.000000000000000000e+00 0.000000000000000000e+00 0.000000000000000000e+00 0.000000000000000000e+00 0.000000000000000000e+00 0.000000000000000000e+00 0.000000000000000000e+00 6.566666666666664298e+01 0.000000000000000000e+00 5.850000000000001421e+01 6.989999999999997726e+01 4.883333333333330728e+01 0.000000000000000000e+00 0.000000000000000000e+00 0.000000000000000000e+00 0.000000000000000000e+00 1.694565217391302880e+01 2.807377049180326267e+01 3.916666666666662877e+01 0.000000000000000000e+00 0.000000000000000000e+00 0.000000000000000000e+00 5.762499999999996447e+01 0.000000000000000000e+00 5.249999999999992184e+01
