0.000000000000000000e+00 0.000000000000000000e+00 0.000000000000000000e+00 0.000000000000000000e+00 0.000000000000000000e+00 0.000000000000000000e+00 0.000000000000000000e+00 0.000000000000000000e+00 0.000000000000000000e+00 0.000000000000000000e+00 0.000000000000000000e+00 0.000000000000000000e+00 0.000000000000000000e+00 0.000000000000000000e+00 0.000000000000000000e+00 0.000000000000000000e+00 0.000000000000000000e+00 0.000000000000000000e+00 0.000000000000000000e+00 0.000000000000000000e+00 0.000000000000000000e+00 0.000000000000000000e+00 0.000000000000000000e+00 0.000000000000000000e+00 0.000000000000000000e+00 0.000000000000000000e+00 0.000000000000000000e+00 0.000000000000000000e+00 0.000000000000000000e+00 0.000000000000000000e+00 0.000000000000000000e+00 0.000000000000000000e+00 0.000000000000000000e+00 0.000000000000000000e+00 0.000000000000000000e+00 0.000000000000000000e+00 0.000000000000000000e+00 0.000000000000000000e+00 0.000000000000000000e+00 0.000000000000000000e+00 0.000000000000000000e+00 0.000000000000000000e+00 0.000000000000000000e+00 0.000000000000000000e+00 0.000000000000000000e+00 0.000000000000000000e+00 0.000000000000000000e+00 0.000000000000000000e+00 0.000000000000000000e+00 0.000000000000000000e+00 0.000000000000000000e+00 0.000000000000000000e+00 0.000000000000000000e+00 0.000000000000000000e+00 0.000000000000000000e+00 0.000000000000000000e+00 0.000000000000000000e+00 0.000000000000000000e+00 0.000000000000000000e+00 0.000000000000000000e+00 0.000000000000000000e+00 0.000000000000000000e+00 0.000000000000000000e+00 0.000000000000000000e+00 0.000000000000000000e+00 0.000000000000000000e+00 0.000000000000000000e+00 0.000000000000000000e+00 0.000000000000000000e+00 0.000000000000000000e+00 0.000000000000000000e+00 0.000000000000000000e+00 0.000000000000000000e+00 0.000000000000000000e+00 0.000000000000000000e+00 0.000000000000000000e+00 0.000000000000000000e+00 0.000000000000000000e+00 0.000000000000000000e+00 0.000000000000000000e+00 0.000000000000000000e+00 0.000000000000000000e+00 0.000000000000000000e+00 0.000000000000000000e+00 0.000000000000000000e+00 0.000000000000000000e+00 0.000000000000000000e+00 0.000000000000000000e+00 0.000000000000000000e+00
0.000000000000000000e+00 0.000000000000000000e+00 0.000000000000000000e+00 0.000000000000000000e+00 0.000000000000000000e+00 0.000000000000000000e+00 0.000000000000000000e+00 0.000000000000000000e+00 0.000000000000000000e+00 0.000000000000000000e+00 0.000000000000000000e+00 0.000000000000000000e+00 0.000000000000000000e+00 0.000000000000000000e+00 0.000000000000000000e+00 0.000000000000000000e+00 0.000000000000000000e+00 0.000000000000000000e+00 0.000000000000000000e+00 0.000000000000000000e+00 0.000000000000000000e+00 0.000000000000000000e+00 0.000000000000000000e+00 0.000000000000000000e+00 0.000000000000000000e+00 0.000000000000000000e+00 0.000000000000000000e+00 0.000000000000000000e+00 0.000000000000000000e+00 0.000000000000000000e+00 0.000000000000000000e+00 0.000000000000000000e+00 0.000000000000000000e+00 0.000000000000000000e+00 0.000000000000000000e+00 0.000000000000000000e+00 0.000000000000000000e+00 0.000000000000000000e+00 0.000000000000000000e+00 0.000000000000000000e+00 0.000000000000000000e+00 0.000000000000000000e+00 0.000000000000000000e+00 0.000000000000000000e+00 0.000000000000000000e+00 0.000000000000000000e+00 0.000000000000000000e+00 0.000000000000000000e+00 0.000000000000000000e+00 0.000000000000000000e+00 0.000000000000000000e+00 0.000000000000000000e+00 0.000000000000000000e+00 0.000000000000000000e+00 0.000000000000000000e+00 0.000000000000000000e+00 0.000000000000000000e+00 0.000000000000000000e+00 0.000000000000000000e+00 0.000000000000000000e+00 0.000000000000000000e+00 0.000000000000000000e+00 0.000000000000000000e+00 0.000000000000000000e+00 0.000000000000000000e+00 0.000000000000000000e+00 0.000000000000000000e+00 0.000000000000000000e+00 0.000000000000000000e+00 0.000000000000000000e+00 0.000000000000000000e+00 0.000000000000000000e+00 0.000000000000000000e+00 0.000000000000000000e+00 0.000000000000000000e+00 0.000000000000000000e+00 0.000000000000000000e+00 0.000000000000000000e+00 0.000000000000000000e+00 0.000000000000000000e+00 0.000000000000000000e+00 0.000000000000000000e+00 0.000000000000000000e+00 0.000000000000000000e+00 0.000000000000000000e+00 0.000000000000000000e+00 0.000000000000000000e+00 0.000000000000000000e+00 0.000000000000000000e+00
0.000000000000000000e+00 0.000000000000000000e+00 0.000000000000000000e+00 0.000000000000000000e+00 0.000000000000000000e+00 0.000000000000000000e+00 0.000000000000000000e+00 0.000000000000000000e+00 0.000000000000000000e+00 0.000000000000000000e+00 0.000000000000000000e+00 0.000000000000000000e+00 0.000000000000000000e+00 0.000000000000000000e+00 0.000000000000000000e+00 0.000000000000000000e+00 0.000000000000000000e+00 0.000000000000000000e+00 0.000000000000000000e+00 0.000000000000000000e+00 0.000000000000000000e+00 0.000000000000000000e+00 0.000000000000000000e+00 0.000000000000000000e+00 0.000000000000000000e+00 0.000000000000000000e+00 0.000000000000000000e+00 0.000000000000000000e+00 0.000000000000000000e+00 0.000000000000000000e+00 0.000000000000000000e+00 0.000000000000000000e+00 0.000000000000000000e+00 0.000000000000000000e+00 0.000000000000000000e+00 0.000000000000000000e+00 0.000000000000000000e+00 0.000000000000000000e+00 0.000000000000000000e+00 0.000000000000000000e+00 0.000000000000000000e+00 0.000000000000000000e+00 0.000000000000000000e+00 0.000000000000000000e+00 0.000000000000000000e+00 0.000000000000000000e+00 0.000000000000000000e+00 0.000000000000000000e+00 0.000000000000000000e+00 0.000000000000000000e+00 0.000000000000000000e+00 0.000000000000000000e+00 0.000000000000000000e+00 0.000000000000000000e+00 0.000000000000000000e+00 0.000000000000000000e+00 0.000000000000000000e+00 0.000000000000000000e+00 0.000000000000000000e+00 0.000000000000000000e+00 0.000000000000000000e+00 0.000000000000000000e+00 0.000000000000000000e+00 0.000000000000000000e+00 0.000000000000000000e+00 0.000000000000000000e+00 0.000000000000000000e+00 0.000000000000000000e+00 0.000000000000000000e+00 0.000000000000000000e+00 0.000000000000000000e+00 0.000000000000000000e+00 0.000000000000000000e+00 0.000000000000000000e+00 0.000000000000000000e+00 0.000000000000000000e+00 0.000000000000000000e+00 0.000000000000000000e+00 0.000000000000000000e+00 0.000000000000000000e+00 0.000000000000000000e+00 0.000000000000000000e+00 0.000000000000000000e+00 0.000000000000000000e+00 0.000000000000000000e+00 0.000000000000000000e+00 0.000000000000000000e+00 0.000000000000000000e+00 0.000000000000000000e+00
0.000000000000000000e+00 0.000000000000000000e+00 0.000000000000000000e+00 4.967297762478482426e+00 7.775073746312679113e+00 1.213610586011341397e+01 3.750000000000000000e+01 3.049999999999998224e+01 0.000000000000000000e+00 9.600182149362471051e+00 5.600000000000004263e+01 6.452020202020199768e+00 0.000000000000000000e+00 0.000000000000000000e+00 5.024999999999994316e+01 3.374999999999995737e+01 0.000000000000000000e+00 6.350000000000002132e+01 0.000000000000000000e+00 0.000000000000000000e+00 0.000000000000000000e+00 0.000000000000000000e+00 0.000000000000000000e+00 0.000000000000000000e+00 0.000000000000000000e+00 0.000000000000000000e+00 0.000000000000000000e+00 0.000000000000000000e+00 0.000000000000000000e+00 0.000000000000000000e+00 0.000000000000000000e+00 0.000000000000000000e+00 8.699999999999992895e+01 0.000000000000000000e+00 0.000000000000000000e+00 0.000000000000000000e+00 0.000000000000000000e+00 2.859523809523807358e+01 3.262878787878785403e+01 0.000000000000000000e+00 0.000000000000000000e+00 0.000000000000000000e+00 0.000000000000000000e+00 0.000000000000000000e+00 3.299999999999995737e+01 4.149999999999995026e+01 0.000000000000000000e+00 0.000000000000000000e+00 0.000000000000000000e+00 0.000000000000000000e+00 0.000000000000000000e+00 0.000000000000000000e+00 0.000000000000000000e+00 0.000000000000000000e+00 0.000000000000000000e+00 0.000000000000000000e+00 0.000000000000000000e+00 0.000000000000000000e+00 0.000000000000000000e+00 0.000000000000000000e+00 0.000000000000000000e+00 0.000000000000000000e+00 0.000000000000000000e+00 0.000000000000000000e+00 0.000000000000000000e+00 0.000000000000000000e+00 0.000000000000000000e+00 0.000000000000000000e+00 0.000000000000000000e+00 0.000000000000000000e+00 0.000000000000000000e+00 0.000000000000000000e+00 0.000000000000000000e+00 0.000000000000000000e+00 0.000000000000000000e+00 0.000000000000000000e+00 0.000000000000000000e+00 0.000000000000000000e+00 0.000000000000000000e+00 0.000000000000000000e+00 0.000000000000000000e+00 0.000000000000000000e+00 0.000000000000000000e+00 0.000000000000000000e+00 0.000000000000000000e+00 0.000000000000000000e+00 0.000000000000000000e+00 0.000000000000000000e+00 0.000000000000000000e+00
0.000000000000000000e+00 0.000000000000000000e+00 0.000000000000000000e+00 7.775073746312679113e+00 1.050878144707397333e+01 1.004754440961336748e+01 2.726229508196719920e+01 2.387541528239201583e+01 3.998913043478259510e+01 1.670834914611004507e+01 4.231707317073168895e+01 1.687082957619476176e+01 5.437499999999996447e+01 5.649999999999993605e+01 3.015243902439023316e+01 1.218411764705881417e+01 2.882222222222221220e+01 4.937671232876709126e+01 6.352688172043006887e+01 0.000000000000000000e+00 0.000000000000000000e+00 0.000000000000000000e+00 0.000000000000000000e+00 0.000000000000000000e+00 0.000000000000000000e+00 0.000000000000000000e+00 0.000000000000000000e+00 0.000000000000000000e+00 6.940000000000000568e+01 5.893750000000000000e+01 8.699999999999995737e+01 8.254761904761902258e+01 6.724999999999997158e+01 0.000000000000000000e+00 0.000000000000000000e+00 0.000000000000000000e+00 0.000000000000000000e+00 1.193905279503105099e+01 2.089358245328999786e+01 3.720689655172412813e+01 0.000000000000000000e+00 4.425000000000001421e+01 0.000000000000000000e+00 6.083333333333330728e+01 5.971322357939455650e+00 2.043999999999999417e+01 0.000000000000000000e+00 3.824999999999994316e+01 0.000000000000000000e+00 0.000000000000000000e+00 5.499999999999997158e+01 0.000000000000000000e+00 5.366666666666657193e+01 5.749999999999995737e+01 0.000000000000000000e+00 0.000000000000000000e+00 0.000000000000000000e+00 0.000000000000000000e+00 2.749999999999999645e+01 3.366666666666663588e+01 7.049999999999992895e+01 5.599999999999996447e+01 0.000000000000000000e+00 0.000000000000000000e+00 0.000000000000000000e+00 0.000000000000000000e+00 0.000000000000000000e+00 0.000000000000000000e+00 0.000000000000000000e+00 0.000000000000000000e+00 0.000000000000000000e+00 0.000000000000000000e+00 0.000000000000000000e+00 0.000000000000000000e+00 0.000000000000000000e+00 0.000000000000000000e+00 0.000000000000000000e+00 0.000000000000000000e+00 0.000000000000000000e+00 0.000000000000000000e+00 2.470833333333331794e+01 4.414285714285708906e+01 4.525000000000000711e+01 0.000000000000000000e+00 2.100000000000000355e+01 0.000000000000000000e+00 0.000000000000000000e+00 1.349999999999998401e+01 8.999999999999994671e+00
0.000000000000000000e+00 0.000000000000000000e+00 0.000000000000000000e+00 1.213610586011341397e+01 1.004754440961336748e+01 1.377933030177758766e+01 1.021445528884198950e+01 1.388696315674732240e+01 2.908613445378150431e+01 1.673053892215568084e+01 4.147058823529410176e+01 2.520027063599457762e+01 6.183783783783781018e+01 6.199999999999995737e+01 2.660932203389829098e+01 2.478044280442803426e+01 3.456666666666664867e+01 5.667647058823528283e+01 7.265151515151511319e+01 0.000000000000000000e+00 2.574999999999996447e+01 0.000000000000000000e+00 2.849999999999998579e+01 3.150000000000000711e+01 6.049999999999995026e+01 4.378571428571424207e+01 5.549999999999992895e+01 0.000000000000000000e+00 6.984374999999997158e+01 5.485135135135133311e+01 6.212499999999998579e+01 8.299999999999997158e+01 7.629411764705879762e+01 0.000000000000000000e+00 6.235714285714284699e+01 0.000000000000000000e+00 7.200000000000000000e+01 1.814693495554514868e+01 2.027263644311226187e+01 2.716145833333331794e+01 0.000000000000000000e+00 4.706249999999997868e+01 3.267857142857142350e+01 1.865789473684209554e+01 1.831304347826086243e+01 4.056818181818182012e+01 0.000000000000000000e+00 0.000000000000000000e+00 0.000000000000000000e+00 0.000000000000000000e+00 5.100000000000000000e+01 0.000000000000000000e+00 5.616666666666662167e+01 0.000000000000000000e+00 6.359999999999996589e+01 0.000000000000000000e+00 0.000000000000000000e+00 0.000000000000000000e+00 3.666666666666663588e+01 3.350000000000004263e+01 6.149999999999997158e+01 0.000000000000000000e+00 0.000000000000000000e+00 0.000000000000000000e+00 0.000000000000000000e+00 0.000000000000000000e+00 0.000000000000000000e+00 0.000000000000000000e+00 0.000000000000000000e+00 0.000000000000000000e+00 0.000000000000000000e+00 0.000000000000000000e+00 0.000000000000000000e+00 0.000000000000000000e+00 0.000000000000000000e+00 6.999999999999998579e+01 0.000000000000000000e+00 0.000000000000000000e+00 0.000000000000000000e+00 0.000000000000000000e+00 3.949999999999997158e+01 5.566666666666660745e+01 0.000000000000000000e+00 0.000000000000000000e+00 0.000000000000000000e+00 0.000000000000000000e+00 0.000000000000000000e+00 2.858333333333328952e+01 0.000000000000000000e+00
0.000000000000000000e+00 0.000000000000000000e+00 0.000000000000000000e+00 3.750000000000000000e+01 2.726229508196719920e+01 1.021445528884198950e+01 7.499569892473115118e+00 7.918593448940265844e+00 2.435984848484847376e+01 1.264332944379618340e+01 4.388235294117644969e+01 3.676851851851850483e+01 5.062499999999997158e+01 5.949999999999997868e+01 4.221115537848604049e+01 3.210000000000000142e+01 4.774999999999997158e+01 0.000000000000000000e+00 6.674999999999998579e+01 0.000000000000000000e+00 0.000000000000000000e+00 0.000000000000000000e+00 0.000000000000000000e+00 0.000000000000000000e+00 0.000000000000000000e+00 0.000000000000000000e+00 0.000000000000000000e+00 0.000000000000000000e+00 5.999999999999999289e+01 4.586458333333330728e+01 8.100000000000000000e+01 7.619999999999998863e+01 7.899999999999992895e+01 0.000000000000000000e+00 7.150000000000000000e+01 0.000000000000000000e+00 0.000000000000000000e+00 3.131944444444443931e+01 3.270555555555554150e+01 4.708333333333332149e+01 0.000000000000000000e+00 0.000000000000000000e+00 6.649999999999997158e+01 0.000000000000000000e+00 3.349999999999998579e+01 4.875000000000000000e+01 0.000000000000000000e+00 0.000000000000000000e+00 0.000000000000000000e+00 0.000000000000000000e+00 0.000000000000000000e+00 0.000000000000000000e+00 0.000000000000000000e+00 0.000000000000000000e+00 0.000000000000000000e+00 0.000000000000000000e+00 0.000000000000000000e+00 0.000000000000000000e+00 0.000000000000000000e+00 0.000000000000000000e+00 0.000000000000000000e+00 0.000000000000000000e+00 0.000000000000000000e+00 0.000000000000000000e+00 0.000000000000000000e+00 0.000000000000000000e+00 0.000000000000000000e+00 0.000000000000000000e+00 0.000000000000000000e+00 0.000000000000000000e+00 0.000000000000000000e+00 0.000000000000000000e+00 0.000000000000000000e+00 0.000000000000000000e+00 0.000000000000000000e+00 0.000000000000000000e+00 0.000000000000000000e+00 0.000000000000000000e+00 0.000000000000000000e+00 0.000000000000000000e+00 0.000000000000000000e+00 0.000000000000000000e+00 0.000000000000000000e+00 0.000000000000000000e+00 0.000000000000000000e+00 0.000000000000000000e+00 0.000000000000000000e+00 0.000000000000000000e+00 0.000000000000000000e+00
0.000000000000000000e+00 0.000000000000000000e+00 0.000000000000000000e+00 3.049999999999998224e+01 2.387541528239201583e+01 1.388696315674732240e+01 7.918593448940265844e+00 8.943076923076921148e+00 1.087971014492753241e+01 1.936737729300941169e+01 2.839617486338796937e+01 2.542418300653593732e+01 3.520661157024792232e+01 0.000000000000000000e+00 3.596793760831887710e+01 2.120158102766798081e+01 2.524999999999998934e+01 5.482608695652172059e+01 6.697727272727270531e+01 0.000000000000000000e+00 0.000000000000000000e+00 0.000000000000000000e+00 0.000000000000000000e+00 0.000000000000000000e+00 0.000000000000000000e+00 6.699999999999997158e+01 5.937499999999997158e+01 0.000000000000000000e+00 5.082407407407405486e+01 3.756074766355138195e+01 6.541666666666664298e+01 6.865217391304345540e+01 6.663461538461535838e+01 0.000000000000000000e+00 7.724999999999995737e+01 0.000000000000000000e+00 0.000000000000000000e+00 2.693165467625898302e+01 2.744510739856800541e+01 3.301999999999998181e+01 0.000000000000000000e+00 4.592857142857140218e+01 4.699999999999997868e+01 3.399999999999997158e+01 2.908333333333333215e+01 5.154999999999999005e+01 0.000000000000000000e+00 0.000000000000000000e+00 4.259999999999996589e+01 0.000000000000000000e+00 0.000000000000000000e+00 0.000000000000000000e+00 4.029999999999996163e+01 0.000000000000000000e+00 4.712499999999997158e+01 0.000000000000000000e+00 0.000000000000000000e+00 0.000000000000000000e+00 2.207142857142858006e+01 2.399999999999998579e+01 0.000000000000000000e+00 0.000000000000000000e+00 0.000000000000000000e+00 0.000000000000000000e+00 0.000000000000000000e+00 0.000000000000000000e+00 0.000000000000000000e+00 0.000000000000000000e+00 0.000000000000000000e+00 0.000000000000000000e+00 0.000000000000000000e+00 0.000000000000000000e+00 0.000000000000000000e+00 0.000000000000000000e+00 0.000000000000000000e+00 0.000000000000000000e+00 0.000000000000000000e+00 0.000000000000000000e+00 0.000000000000000000e+00 0.000000000000000000e+00 2.799999999999999645e+01 4.285714285714283278e+01 0.000000000000000000e+00 0.000000000000000000e+00 4.899999999999995026e+01 0.000000000000000000e+00 0.000000000000000000e+00 3.850000000000003553e+01 0.000000000000000000e+00
0.000000000000000000e+00 0.000000000000000000e+00 0.000000000000000000e+00 0.000000000000000000e+00 3.998913043478259510e+01 2.908613445378150431e+01 2.435984848484847376e+01 1.087971014492753241e+01 1.306724712856613202e+01 2.098759818106655217e+01 2.324235807860262071e+01 3.272448165869218428e+01 9.151757812499997868e+00 4.466666666666667851e+01 2.104471228615862444e+01 3.156043956043955490e+01 2.630519480519479814e+01 4.543999999999998352e+01 5.562500000000000000e+01 0.000000000000000000e+00 5.900000000000002842e+01 0.000000000000000000e+00 4.799999999999997158e+01 0.000000000000000000e+00 3.259999999999999432e+01 4.665384615384615330e+01 2.996666666666666146e+01 3.333333333333333570e+01 2.293403298350823860e+01 2.416215585627624307e+01 5.554545454545453254e+01 5.062867647058822484e+01 5.654999999999999716e+01 0.000000000000000000e+00 6.531250000000000000e+01 0.000000000000000000e+00 0.000000000000000000e+00 2.084812880765882781e+01 1.661878347360367414e+01 2.668069306930692264e+01 0.000000000000000000e+00 3.065625000000000000e+01 4.599999999999997868e+01 3.907142857142855519e+01 3.048275862068965125e+01 3.241139240506328889e+01 0.000000000000000000e+00 6.549999999999995737e+01 0.000000000000000000e+00 5.249999999999994316e+01 0.000000000000000000e+00 5.199999999999998579e+01 5.109999999999994458e+01 5.049999999999997158e+01 4.780769230769226397e+01 0.000000000000000000e+00 7.649999999999995737e+01 0.000000000000000000e+00 4.149999999999997158e+01 2.974999999999999645e+01 0.000000000000000000e+00 0.000000000000000000e+00 0.000000000000000000e+00 0.000000000000000000e+00 0.000000000000000000e+00 0.000000000000000000e+00 0.000000000000000000e+00 0.000000000000000000e+00 0.000000000000000000e+00 0.000000000000000000e+00 0.000000000000000000e+00 0.000000000000000000e+00 0.000000000000000000e+00 0.000000000000000000e+00 9.149999999999994316e+01 0.000000000000000000e+00 0.000000000000000000e+00 0.000000000000000000e+00 0.000000000000000000e+00 0.000000000000000000e+00 3.787499999999997158e+01 5.099999999999995737e+01 0.000000000000000000e+00 0.000000000000000000e+00 5.350000000000001421e+01 0.000000000000000000e+00 0.000000000000000000e+00 5.649999999999998579e+01 0.000000000000000000e+00
0.000000000000000000e+00 0.000000000000000000e+00 0.000000000000000000e+00 9.600182149362471051e+00 1.670834914611004507e+01 1.673053892215568084e+01 1.264332944379618340e+01 1.936737729300941169e+01 2.098759818106655217e+01 1.320187692764427467e+01 1.385743639921721559e+01 1.579878468241228795e+01 4.546616541353381535e+01 4.841666666666662877e+01 2.873229847494551947e+01 2.246463858554341542e+01 2.213296041308088391e+01 4.700986842105260877e+01 6.114035087719295802e+01 1.054999999999999432e+02 7.237500000000000000e+01 6.449999999999997158e+01 8.999999999999998579e+01 5.249999999999991473e+01 6.775000000000000000e+01 8.083333333333331439e+01 4.916666666666667851e+01 6.737500000000000000e+01 5.484102564102562383e+01 4.950660066006599180e+01 6.417346938775507681e+01 6.726866197183096574e+01 6.298315363881399520e+01 8.224999999999995737e+01 7.479999999999999716e+01 7.499999999999997158e+01 8.160000000000002274e+01 2.063405336721726968e+01 2.688805856336737676e+01 3.841744548286602878e+01 0.000000000000000000e+00 4.518055555555554292e+01 6.366666666666665719e+01 5.512499999999998579e+01 3.051265822784807824e+01 4.754109589041094353e+01 6.299999999999992184e+01 4.349999999999995737e+01 4.961538461538457767e+01 0.000000000000000000e+00 6.650000000000001421e+01 5.687499999999990763e+01 5.167499999999995453e+01 5.812499999999995026e+01 4.635227272727268399e+01 0.000000000000000000e+00 8.399999999999997158e+01 6.850000000000000000e+01 3.191071428571427049e+01 3.048275862068963704e+01 4.587499999999997868e+01 6.983333333333332860e+01 0.000000000000000000e+00 0.000000000000000000e+00 0.000000000000000000e+00 0.000000000000000000e+00 0.000000000000000000e+00 0.000000000000000000e+00 0.000000000000000000e+00 0.000000000000000000e+00 0.000000000000000000e+00 0.000000000000000000e+00 0.000000000000000000e+00 0.000000000000000000e+00 0.000000000000000000e+00 0.000000000000000000e+00 0.000000000000000000e+00 0.000000000000000000e+00 0.000000000000000000e+00 0.000000000000000000e+00 4.249999999999997158e+01 5.088571428571425770e+01 5.900000000000000000e+01 0.000000000000000000e+00 0.000000000000000000e+00 0.000000000000000000e+00 0.000000000000000000e+00 5.862499999999995026e+01 0.000000000000000000e+00
0.000000000000000000e+00 0.000000000000000000e+00 0.000000000000000000e+00 5.600000000000004263e+01 4.231707317073168895e+01 4.147058823529410176e+01 4.388235294117644969e+01 2.839617486338796937e+01 2.324235807860262071e+01 1.385743639921721559e+01 1.252639960189101842e+01 2.231725543478260931e+01 1.797363552266419973e+01 3.896000000000000085e+01 2.119166666666666643e+01 4.104374999999998863e+01 2.485994397759102625e+01 2.680932203389830448e+01 4.650869565217391255e+01 9.074999999999997158e+01 6.565384615384616041e+01 5.050000000000000000e+01 7.628124999999997158e+01 8.416666666666664298e+01 6.753571428571429180e+01 5.654216867469879304e+01 6.378571428571428470e+01 5.423437499999999289e+01 3.313102040816326621e+01 3.105534557235421289e+01 4.557062146892655363e+01 4.699123217208323666e+01 4.677450372208436846e+01 5.348113207547169878e+01 5.894050343249428181e+01 5.673529411764705799e+01 5.929761904761905100e+01 1.896839959225279415e+01 2.064408817635270665e+01 2.828472222222222143e+01 0.000000000000000000e+00 2.854746835443037867e+01 5.516666666666666430e+01 4.058552631578947256e+01 3.151960784313725483e+01 3.398470363288718943e+01 0.000000000000000000e+00 0.000000000000000000e+00 0.000000000000000000e+00 0.000000000000000000e+00 5.600000000000000000e+01 4.619999999999996732e+01 5.181578947368416976e+01 5.037499999999995737e+01 5.139999999999996305e+01 7.024999999999997158e+01 0.000000000000000000e+00 0.000000000000000000e+00 4.899999999999999289e+01 3.440476190476188378e+01 3.166666666666663943e+01 6.499999999999998579e+01 0.000000000000000000e+00 0.000000000000000000e+00 0.000000000000000000e+00 0.000000000000000000e+00 0.000000000000000000e+00 0.000000000000000000e+00 0.000000000000000000e+00 0.000000000000000000e+00 0.000000000000000000e+00 0.000000000000000000e+00 0.000000000000000000e+00 7.949999999999994316e+01 0.000000000000000000e+00 8.099999999999998579e+01 0.000000000000000000e+00 0.000000000000000000e+00 0.000000000000000000e+00 0.000000000000000000e+00 3.824999999999997158e+01 4.999999999999996447e+01 4.399999999999995737e+01 0.000000000000000000e+00 0.000000000000000000e+00 0.000000000000000000e+00 6.749999999999997158e+01 0.000000000000000000e+00 5.249999999999997158e+01
0.000000000000000000e+00 0.000000000000000000e+00 0.000000000000000000e+00 6.452020202020199768e+00 1.687082957619476176e+01 2.520027063599457762e+01 3.676851851851850483e+01 2.542418300653593732e+01 3.272448165869218428e+01 1.579878468241228795e+01 2.231725543478260931e+01 1.530842173089314251e+01 2.310004316857327922e+01 1.526880458871073110e+01 3.478354632587858930e+01 2.068921922756320342e+01 1.863233431827774922e+01 2.889260658391795999e+01 4.834329563812600128e+01 8.724999999999997158e+01 8.149999999999998579e+01 6.950000000000000000e+01 0.000000000000000000e+00 9.449999999999998579e+01 6.645000000000000284e+01 6.704166666666667140e+01 5.835714285714285410e+01 6.275000000000000000e+01 3.337505232314776293e+01 4.546767676767677102e+01 5.562337662337662181e+01 5.161941374339259880e+01 4.819125277983690836e+01 5.921875000000000000e+01 7.620833333333332860e+01 6.712499999999997158e+01 0.000000000000000000e+00 2.317189912506432492e+01 2.919969244288223820e+01 3.371728016359918456e+01 0.000000000000000000e+00 3.337500000000000000e+01 6.777777777777777146e+01 4.494318181818182012e+01 3.183957219251334791e+01 4.044425956738768946e+01 0.000000000000000000e+00 0.000000000000000000e+00 5.242857142857138086e+01 0.000000000000000000e+00 5.566666666666665719e+01 3.624999999999996447e+01 5.082653061224485924e+01 5.857692307692305889e+01 8.691935483870965484e+00 6.006249999999997158e+01 1.080000000000000426e+01 0.000000000000000000e+00 3.516071428571425628e+01 3.032203389830506879e+01 2.902272727272726272e+01 5.438888888888885020e+01 0.000000000000000000e+00 0.000000000000000000e+00 0.000000000000000000e+00 0.000000000000000000e+00 0.000000000000000000e+00 0.000000000000000000e+00 0.000000000000000000e+00 0.000000000000000000e+00 0.000000000000000000e+00 0.000000000000000000e+00 8.249999999999995737e+01 0.000000000000000000e+00 0.000000000000000000e+00 0.000000000000000000e+00 0.000000000000000000e+00 0.000000000000000000e+00 0.000000000000000000e+00 0.000000000000000000e+00 4.323076923076920508e+01 5.091666666666664298e+01 5.324999999999995737e+01 0.000000000000000000e+00 0.000000000000000000e+00 0.000000000000000000e+00 0.000000000000000000e+00 4.387499999999997868e+01 0.000000000000000000e+00
0.000000000000000000e+00 0.000000000000000000e+00 0.000000000000000000e+00 0.000000000000000000e+00 5.437499999999996447e+01 6.183783783783781018e+01 5.062499999999997158e+01 3.520661157024792232e+01 9.151757812499997868e+00 4.546616541353381535e+01 1.797363552266419973e+01 2.310004316857327922e+01 1.502351665039592099e+01 9.510512605823796761e+00 2.367783701447067912e+01 5.231325301204817180e+01 3.748130841121494683e+01 2.011309523809523725e+01 3.634463276836158485e+01 0.000000000000000000e+00 6.301666666666666572e+01 5.533333333333332860e+01 6.531818181818181301e+01 7.359999999999998010e+01 5.426041666666666430e+01 2.071191135734072120e+01 3.883333333333333570e+01 4.596000000000000085e+01 1.993813421729129942e+01 2.595166063794804501e+01 4.190434782608695485e+01 3.368583809336222146e+01 3.490522133938706162e+01 5.023913043478260931e+01 5.254956896551723844e+01 5.361111111111110716e+01 5.366666666666666430e+01 2.482113449222323709e+01 2.657297981735861114e+01 3.043248478140565183e+01 0.000000000000000000e+00 2.859441489361702438e+01 5.769999999999999574e+01 3.889848812095032571e+01 6.266666666666666430e+01 3.715815085158151021e+01 0.000000000000000000e+00 0.000000000000000000e+00 0.000000000000000000e+00 0.000000000000000000e+00 0.000000000000000000e+00 0.000000000000000000e+00 8.674999999999997158e+01 6.066666666666665009e+01 5.766666666666665719e+01 6.099999999999997158e+01 0.000000000000000000e+00 0.000000000000000000e+00 5.900000000000001421e+01 4.943749999999995737e+01 3.673076923076921929e+01 5.699999999999999289e+01 0.000000000000000000e+00 0.000000000000000000e+00 0.000000000000000000e+00 0.000000000000000000e+00 0.000000000000000000e+00 0.000000000000000000e+00 0.000000000000000000e+00 0.000000000000000000e+00 0.000000000000000000e+00 0.000000000000000000e+00 0.000000000000000000e+00 0.000000000000000000e+00 8.150000000000000000e+01 0.000000000000000000e+00 0.000000000000000000e+00 0.000000000000000000e+00 0.000000000000000000e+00 0.000000000000000000e+00 3.999999999999997868e+01 5.225000000000002842e+01 6.550000000000000000e+01 0.000000000000000000e+00 4.383333333333331439e+01 0.000000000000000000e+00 0.000000000000000000e+00 0.000000000000000000e+00 5.849999999999998579e+01
0.000000000000000000e+00 0.000000000000000000e+00 0.000000000000000000e+00 0.000000000000000000e+00 5.649999999999993605e+01 6.199999999999995737e+01 5.949999999999997868e+01 0.000000000000000000e+00 4.466666666666667851e+01 4.841666666666662877e+01 3.896000000000000085e+01 1.526880458871073110e+01 9.510512605823796761e+00 1.248836331614039530e+01 2.880555555555555713e+01 4.926923076923075229e+01 3.316666666666665009e+01 8.184931506849315141e+00 2.090909090909091361e+01 0.000000000000000000e+00 0.000000000000000000e+00 0.000000000000000000e+00 0.000000000000000000e+00 0.000000000000000000e+00 3.750000000000003553e+01 4.800000000000000000e+01 3.150000000000000000e+01 0.000000000000000000e+00 1.104058078927773678e+01 3.266666666666666430e+01 1.750000000000000355e+01 1.753333333333333499e+01 1.540764331210191074e+01 0.000000000000000000e+00 6.150000000000003553e+01 0.000000000000000000e+00 0.000000000000000000e+00 2.697499999999999432e+01 3.255208333333333570e+01 3.155303030303030454e+01 0.000000000000000000e+00 2.821428571428571885e+01 3.449999999999995737e+01 3.436666666666666714e+01 0.000000000000000000e+00 3.577272727272727337e+01 0.000000000000000000e+00 0.000000000000000000e+00 0.000000000000000000e+00 0.000000000000000000e+00 0.000000000000000000e+00 0.000000000000000000e+00 0.000000000000000000e+00 0.000000000000000000e+00 2.499999999999999645e+01 0.000000000000000000e+00 0.000000000000000000e+00 0.000000000000000000e+00 0.000000000000000000e+00 0.000000000000000000e+00 4.200000000000002132e+01 0.000000000000000000e+00 0.000000000000000000e+00 0.000000000000000000e+00 0.000000000000000000e+00 0.000000000000000000e+00 0.000000000000000000e+00 0.000000000000000000e+00 0.000000000000000000e+00 0.000000000000000000e+00 0.000000000000000000e+00 0.000000000000000000e+00 0.000000000000000000e+00 0.000000000000000000e+00 0.000000000000000000e+00 0.000000000000000000e+00 0.000000000000000000e+00 0.000000000000000000e+00 0.000000000000000000e+00 0.000000000000000000e+00 0.000000000000000000e+00 0.000000000000000000e+00 0.000000000000000000e+00 0.000000000000000000e+00 0.000000000000000000e+00 0.000000000000000000e+00 0.000000000000000000e+00 0.000000000000000000e+00 0.000000000000000000e+00
0.000000000000000000e+00 0.000000000000000000e+00 0.000000000000000000e+00 5.024999999999994316e+01 3.015243902439023316e+01 2.660932203389829098e+01 4.221115537848604049e+01 3.596793760831887710e+01 2.104471228615862444e+01 2.873229847494551947e+01 2.119166666666666643e+01 3.478354632587858930e+01 2.367783701447067912e+01 2.880555555555555713e+01 1.102727192750945306e+01 3.675233644859811477e+01 3.371153846153845279e+01 2.829017857142856229e+01 2.449568965517241281e+01 1.734821428571428115e+01 3.348842592592591672e+01 3.061111111111110361e+01 2.346492537313432791e+01 1.859142857142856187e+01 2.286882510013350611e+01 1.929164477141355860e+01 1.544270833333333037e+01 2.171166032953104619e+01 2.182013804303694826e+01 2.111534473820632485e+01 3.846704331450093406e+01 2.957841463414634120e+01 3.219794721407624394e+01 4.648648648648648418e+01 4.292871759890858385e+01 4.496739130434781373e+01 3.921352313167258785e+01 2.786410256410255570e+01 8.935240793201129961e+00 2.546875000000000000e+01 0.000000000000000000e+00 1.522660550458715178e+01 1.536342438374417085e+01 1.484210526315789558e+01 3.820000000000000284e+01 2.045248380129589805e+01 0.000000000000000000e+00 0.000000000000000000e+00 0.000000000000000000e+00 0.000000000000000000e+00 0.000000000000000000e+00 6.599999999999998579e+01 5.633333333333327886e+01 6.150000000000001421e+01 3.949999999999993605e+01 0.000000000000000000e+00 0.000000000000000000e+00 8.300000000000001421e+01 6.124999999999995737e+01 4.349999999999997868e+01 4.199999999999997158e+01 2.899999999999998579e+01 0.000000000000000000e+00 0.000000000000000000e+00 0.000000000000000000e+00 0.000000000000000000e+00 0.000000000000000000e+00 0.000000000000000000e+00 0.000000000000000000e+00 0.000000000000000000e+00 0.000000000000000000e+00 0.000000000000000000e+00 4.499999999999999289e+01 0.000000000000000000e+00 0.000000000000000000e+00 3.199999999999997158e+01 0.000000000000000000e+00 0.000000000000000000e+00 0.000000000000000000e+00 0.000000000000000000e+00 5.549999999999995737e+01 4.524999999999998579e+01 0.000000000000000000e+00 0.000000000000000000e+00 7.199999999999994316e+01 3.249999999999998579e+01 5.850000000000001421e+01 0.000000000000000000e+00 0.000000000000000000e+00
0.000000000000000000e+00 0.000000000000000000e+00 0.000000000000000000e+00 3.374999999999995737e+01 1.218411764705881417e+01 2.478044280442803426e+01 3.210000000000000142e+01 2.120158102766798081e+01 3.156043956043955490e+01 2.246463858554341542e+01 4.104374999999998863e+01 2.068921922756320342e+01 5.231325301204817180e+01 4.926923076923075229e+01 3.675233644859811477e+01 7.318236861225475565e+00 1.118465736810187572e+01 3.791169724770638538e+01 5.379903846153842295e+01 0.000000000000000000e+00 9.800000000000001421e+01 0.000000000000000000e+00 0.000000000000000000e+00 0.000000000000000000e+00 0.000000000000000000e+00 8.049999999999995737e+01 8.016666666666662877e+01 8.509999999999996589e+01 6.324561403508769075e+01 6.035714285714283278e+01 8.499999999999994316e+01 6.990999999999996817e+01 5.453712871287125097e+01 6.799999999999998579e+01 8.750000000000000000e+01 0.000000000000000000e+00 0.000000000000000000e+00 1.480882352941175562e+01 2.609392879847423430e+01 4.433333333333331439e+01 0.000000000000000000e+00 5.141666666666662877e+01 7.685714285714281857e+01 6.669999999999998863e+01 1.038061224489795187e+01 4.765789473684208133e+01 0.000000000000000000e+00 3.575000000000000000e+01 3.337499999999997158e+01 0.000000000000000000e+00 3.249999999999997158e+01 4.908333333333330728e+01 4.112499999999996447e+01 4.749999999999995737e+01 4.280555555555552161e+01 0.000000000000000000e+00 0.000000000000000000e+00 0.000000000000000000e+00 2.071428571428570109e+01 2.502542372881354638e+01 3.814705882352939170e+01 4.910526315789471141e+01 0.000000000000000000e+00 0.000000000000000000e+00 0.000000000000000000e+00 0.000000000000000000e+00 0.000000000000000000e+00 0.000000000000000000e+00 0.000000000000000000e+00 0.000000000000000000e+00 0.000000000000000000e+00 5.999999999999996447e+01 6.899999999999997158e+01 8.200000000000000000e+01 1.014999999999999716e+02 5.000000000000001421e+01 0.000000000000000000e+00 0.000000000000000000e+00 0.000000000000000000e+00 0.000000000000000000e+00 2.909999999999995524e+01 3.493181818181815146e+01 0.000000000000000000e+00 0.000000000000000000e+00 5.749999999999992184e+01 0.000000000000000000e+00 8.150000000000001421e+01 1.499999999999995737e+01 6.249999999999995737e+01
0.000000000000000000e+00 0.000000000000000000e+00 0.000000000000000000e+00 0.000000000000000000e+00 2.882222222222221220e+01 3.456666666666664867e+01 4.774999999999997158e+01 2.524999999999998934e+01 2.630519480519479814e+01 2.213296041308088391e+01 2.485994397759102625e+01 1.863233431827774922e+01 3.748130841121494683e+01 3.316666666666665009e+01 3.371153846153845279e+01 1.118465736810187572e+01 8.203641590800186734e+00 2.068421052631577339e+01 3.923110465116278078e+01 0.000000000000000000e+00 0.000000000000000000e+00 0.000000000000000000e+00 0.000000000000000000e+00 7.500000000000000000e+01 7.199999999999997158e+01 7.787500000000000000e+01 0.000000000000000000e+00 0.000000000000000000e+00 4.745555555555553440e+01 5.282142857142855519e+01 6.749999999999997158e+01 6.351630434782607892e+01 4.181609195402297274e+01 0.000000000000000000e+00 8.300000000000001421e+01 0.000000000000000000e+00 0.000000000000000000e+00 1.860166666666665591e+01 2.503605514316011593e+01 3.245138888888887863e+01 0.000000000000000000e+00 3.384615384615383249e+01 0.000000000000000000e+00 4.322222222222222143e+01 3.499999999999999289e+01 3.540384615384614619e+01 0.000000000000000000e+00 4.650000000000001421e+01 3.308333333333330728e+01 0.000000000000000000e+00 3.671428571428566556e+01 2.862499999999997158e+01 3.022988505747123256e+01 3.668749999999997158e+01 2.970129870129868266e+01 6.650000000000000000e+01 0.000000000000000000e+00 0.000000000000000000e+00 2.616666666666665364e+01 1.359374999999999467e+01 1.705555555555555358e+01 3.826470588235292780e+01 0.000000000000000000e+00 0.000000000000000000e+00 0.000000000000000000e+00 0.000000000000000000e+00 0.000000000000000000e+00 0.000000000000000000e+00 0.000000000000000000e+00 0.000000000000000000e+00 0.000000000000000000e+00 6.299999999999997158e+01 6.724999999999992895e+01 0.000000000000000000e+00 0.000000000000000000e+00 4.483333333333332149e+01 0.000000000000000000e+00 0.000000000000000000e+00 0.000000000000000000e+00 0.000000000000000000e+00 2.388461538461536193e+01 3.274999999999997868e+01 4.999999999999996447e+01 0.000000000000000000e+00 0.000000000000000000e+00 7.800000000000000000e+01 0.000000000000000000e+00 2.299999999999998934e+01 5.000000000000001421e+01
