0.000000000000000000e+00 0.000000000000000000e+00 0.000000000000000000e+00 0.000000000000000000e+00 0.000000000000000000e+00 0.000000000000000000e+00 0.000000000000000000e+00 0.000000000000000000e+00 0.000000000000000000e+00 0.000000000000000000e+00 0.000000000000000000e+00 0.000000000000000000e+00 0.000000000000000000e+00 0.000000000000000000e+00 0.000000000000000000e+00 0.000000000000000000e+00 0.000000000000000000e+00 0.000000000000000000e+00 0.000000000000000000e+00 0.000000000000000000e+00 0.000000000000000000e+00 0.000000000000000000e+00 0.000000000000000000e+00 0.000000000000000000e+00 0.000000000000000000e+00 0.000000000000000000e+00 0.000000000000000000e+00 0.000000000000000000e+00 0.000000000000000000e+00 0.000000000000000000e+00 0.000000000000000000e+00 0.000000000000000000e+00 0.000000000000000000e+00 0.000000000000000000e+00 0.000000000000000000e+00 0.000000000000000000e+00 0.000000000000000000e+00 0.000000000000000000e+00 0.000000000000000000e+00 0.000000000000000000e+00 0.000000000000000000e+00 0.000000000000000000e+00 0.000000000000000000e+00 0.000000000000000000e+00 0.000000000000000000e+00 0.000000000000000000e+00 0.000000000000000000e+00 0.000000000000000000e+00 0.000000000000000000e+00 0.000000000000000000e+00 0.000000000000000000e+00 0.000000000000000000e+00 0.000000000000000000e+00 0.000000000000000000e+00 0.000000000000000000e+00 0.000000000000000000e+00 0.000000000000000000e+00 0.000000000000000000e+00 0.000000000000000000e+00 0.000000000000000000e+00 0.000000000000000000e+00 0.000000000000000000e+00 0.000000000000000000e+00 0.000000000000000000e+00 0.000000000000000000e+00 0.000000000000000000e+00 0.000000000000000000e+00 0.000000000000000000e+00 0.000000000000000000e+00 0.000000000000000000e+00 0.000000000000000000e+00 0.000000000000000000e+00 0.000000000000000000e+00 0.000000000000000000e+00 0.000000000000000000e+00 0.000000000000000000e+00 0.000000000000000000e+00 0.000000000000000000e+00 0.000000000000000000e+00 0.000000000000000000e+00 0.000000000000000000e+00 0.000000000000000000e+00 0.000000000000000000e+00 0.000000000000000000e+00 0.000000000000000000e+00 0.000000000000000000e+00 0.000000000000000000e+00 0.000000000000000000e+00 0.000000000000000000e+00
0.000000000000000000e+00 0.000000000000000000e+00 0.000000000000000000e+00 0.000000000000000000e+00 0.000000000000000000e+00 0.000000000000000000e+00 0.000000000000000000e+00 0.000000000000000000e+00 0.000000000000000000e+00 0.000000000000000000e+00 0.000000000000000000e+00 0.000000000000000000e+00 0.000000000000000000e+00 0.000000000000000000e+00 0.000000000000000000e+00 0.000000000000000000e+00 0.000000000000000000e+00 0.000000000000000000e+00 0.000000000000000000e+00 0.000000000000000000e+00 0.000000000000000000e+00 0.000000000000000000e+00 0.000000000000000000e+00 0.000000000000000000e+00 0.000000000000000000e+00 0.000000000000000000e+00 0.000000000000000000e+00 0.000000000000000000e+00 0.000000000000000000e+00 0.000000000000000000e+00 0.000000000000000000e+00 0.000000000000000000e+00 0.000000000000000000e+00 0.000000000000000000e+00 0.000000000000000000e+00 0.000000000000000000e+00 0.000000000000000000e+00 0.000000000000000000e+00 0.000000000000000000e+00 0.000000000000000000e+00 0.000000000000000000e+00 0.000000000000000000e+00 0.000000000000000000e+00 0.000000000000000000e+00 0.000000000000000000e+00 0.000000000000000000e+00 0.000000000000000000e+00 0.000000000000000000e+00 0.000000000000000000e+00 0.000000000000000000e+00 0.000000000000000000e+00 0.000000000000000000e+00 0.000000000000000000e+00 0.000000000000000000e+00 0.000000000000000000e+00 0.000000000000000000e+00 0.000000000000000000e+00 0.000000000000000000e+00 0.000000000000000000e+00 0.000000000000000000e+00 0.000000000000000000e+00 0.000000000000000000e+00 0.000000000000000000e+00 0.000000000000000000e+00 0.000000000000000000e+00 0.000000000000000000e+00 0.000000000000000000e+00 0.000000000000000000e+00 0.000000000000000000e+00 0.000000000000000000e+00 0.000000000000000000e+00 0.000000000000000000e+00 0.000000000000000000e+00 0.000000000000000000e+00 0.000000000000000000e+00 0.000000000000000000e+00 0.000000000000000000e+00 0.000000000000000000e+00 0.000000000000000000e+00 0.000000000000000000e+00 0.000000000000000000e+00 0.000000000000000000e+00 0.000000000000000000e+00 0.000000000000000000e+00 0.000000000000000000e+00 0.000000000000000000e+00 0.000000000000000000e+00 0.000000000000000000e+00 0.000000000000000000e+00
0.000000000000000000e+00 0.000000000000000000e+00 0.000000000000000000e+00 0.000000000000000000e+00 0.000000000000000000e+00 0.000000000000000000e+00 0.000000000000000000e+00 0.000000000000000000e+00 0.000000000000000000e+00 0.000000000000000000e+00 0.000000000000000000e+00 0.000000000000000000e+00 0.000000000000000000e+00 0.000000000000000000e+00 0.000000000000000000e+00 0.000000000000000000e+00 0.000000000000000000e+00 0.000000000000000000e+00 0.000000000000000000e+00 0.000000000000000000e+00 0.000000000000000000e+00 0.000000000000000000e+00 0.000000000000000000e+00 0.000000000000000000e+00 0.000000000000000000e+00 0.000000000000000000e+00 0.000000000000000000e+00 0.000000000000000000e+00 0.000000000000000000e+00 0.000000000000000000e+00 0.000000000000000000e+00 0.000000000000000000e+00 0.000000000000000000e+00 0.000000000000000000e+00 0.000000000000000000e+00 0.000000000000000000e+00 0.000000000000000000e+00 0.000000000000000000e+00 0.000000000000000000e+00 0.000000000000000000e+00 0.000000000000000000e+00 0.000000000000000000e+00 0.000000000000000000e+00 0.000000000000000000e+00 0.000000000000000000e+00 0.000000000000000000e+00 0.000000000000000000e+00 0.000000000000000000e+00 0.000000000000000000e+00 0.000000000000000000e+00 0.000000000000000000e+00 0.000000000000000000e+00 0.000000000000000000e+00 0.000000000000000000e+00 0.000000000000000000e+00 0.000000000000000000e+00 0.000000000000000000e+00 0.000000000000000000e+00 0.000000000000000000e+00 0.000000000000000000e+00 0.000000000000000000e+00 0.000000000000000000e+00 0.000000000000000000e+00 0.000000000000000000e+00 0.000000000000000000e+00 0.000000000000000000e+00 0.000000000000000000e+00 0.000000000000000000e+00 0.000000000000000000e+00 0.000000000000000000e+00 0.000000000000000000e+00 0.000000000000000000e+00 0.000000000000000000e+00 0.000000000000000000e+00 0.000000000000000000e+00 0.000000000000000000e+00 0.000000000000000000e+00 0.000000000000000000e+00 0.000000000000000000e+00 0.000000000000000000e+00 0.000000000000000000e+00 0.000000000000000000e+00 0.000000000000000000e+00 0.000000000000000000e+00 0.000000000000000000e+00 0.000000000000000000e+00 0.000000000000000000e+00 0.000000000000000000e+00 0.000000000000000000e+00
0.000000000000000000e+00 0.000000000000000000e+00 0.000000000000000000e+00 4.043209876543206072e+00 6.053513071895421760e+00 1.180371352785145334e+01 3.400000000000001421e+01 3.244999999999998153e+01 4.727272727272725916e+01 9.754143646408831358e+00 4.174999999999997158e+01 7.331298200514135388e+00 6.412499999999994316e+01 6.159999999999996589e+01 4.566666666666665009e+01 2.872727272727271242e+01 3.324999999999998579e+01 5.599999999999997868e+01 0.000000000000000000e+00 0.000000000000000000e+00 0.000000000000000000e+00 0.000000000000000000e+00 0.000000000000000000e+00 0.000000000000000000e+00 0.000000000000000000e+00 0.000000000000000000e+00 0.000000000000000000e+00 0.000000000000000000e+00 7.699999999999991473e+01 6.249999999999995737e+01 0.000000000000000000e+00 8.000000000000000000e+01 6.949999999999994316e+01 0.000000000000000000e+00 0.000000000000000000e+00 0.000000000000000000e+00 0.000000000000000000e+00 2.781249999999997868e+01 3.398484848484845600e+01 5.700000000000000711e+01 0.000000000000000000e+00 0.000000000000000000e+00 0.000000000000000000e+00 0.000000000000000000e+00 3.412499999999998579e+01 0.000000000000000000e+00 0.000000000000000000e+00 0.000000000000000000e+00 0.000000000000000000e+00 0.000000000000000000e+00 0.000000000000000000e+00 0.000000000000000000e+00 0.000000000000000000e+00 0.000000000000000000e+00 0.000000000000000000e+00 0.000000000000000000e+00 0.000000000000000000e+00 0.000000000000000000e+00 0.000000000000000000e+00 0.000000000000000000e+00 0.000000000000000000e+00 0.000000000000000000e+00 0.000000000000000000e+00 0.000000000000000000e+00 0.000000000000000000e+00 0.000000000000000000e+00 0.000000000000000000e+00 0.000000000000000000e+00 0.000000000000000000e+00 0.000000000000000000e+00 0.000000000000000000e+00 0.000000000000000000e+00 0.000000000000000000e+00 0.000000000000000000e+00 0.000000000000000000e+00 0.000000000000000000e+00 0.000000000000000000e+00 0.000000000000000000e+00 0.000000000000000000e+00 0.000000000000000000e+00 0.000000000000000000e+00 0.000000000000000000e+00 0.000000000000000000e+00 0.000000000000000000e+00 0.000000000000000000e+00 0.000000000000000000e+00 0.000000000000000000e+00 0.000000000000000000e+00 0.000000000000000000e+00
0.000000000000000000e+00 0.000000000000000000e+00 0.000000000000000000e+00 6.053513071895421760e+00 9.103273709078630205e+00 8.998325495225872217e+00 2.495652173913042660e+01 2.264754098360655377e+01 3.842346938775509813e+01 1.323564789502459682e+01 4.020689655172412813e+01 1.320688052068804730e+01 5.721666666666663303e+01 6.249999999999995737e+01 3.247010869565216495e+01 1.207215836526180475e+01 2.797368421052630438e+01 4.856521739130430859e+01 6.268749999999997158e+01 0.000000000000000000e+00 0.000000000000000000e+00 0.000000000000000000e+00 0.000000000000000000e+00 0.000000000000000000e+00 0.000000000000000000e+00 0.000000000000000000e+00 0.000000000000000000e+00 0.000000000000000000e+00 6.057692307692305889e+01 6.576666666666665151e+01 7.766666666666664298e+01 7.472727272727270531e+01 7.231249999999997158e+01 8.299999999999995737e+01 9.125000000000000000e+01 0.000000000000000000e+00 0.000000000000000000e+00 1.218199737187910081e+01 1.892356271777002164e+01 3.811999999999999034e+01 0.000000000000000000e+00 3.749999999999997868e+01 0.000000000000000000e+00 2.999999999999998934e+01 6.122116968698514405e+00 2.808333333333332504e+01 0.000000000000000000e+00 0.000000000000000000e+00 0.000000000000000000e+00 0.000000000000000000e+00 0.000000000000000000e+00 0.000000000000000000e+00 5.916666666666666430e+01 6.149999999999995737e+01 5.224999999999995737e+01 0.000000000000000000e+00 0.000000000000000000e+00 0.000000000000000000e+00 3.037499999999998934e+01 3.399999999999996447e+01 0.000000000000000000e+00 0.000000000000000000e+00 0.000000000000000000e+00 0.000000000000000000e+00 0.000000000000000000e+00 0.000000000000000000e+00 0.000000000000000000e+00 0.000000000000000000e+00 0.000000000000000000e+00 0.000000000000000000e+00 0.000000000000000000e+00 0.000000000000000000e+00 0.000000000000000000e+00 0.000000000000000000e+00 0.000000000000000000e+00 0.000000000000000000e+00 0.000000000000000000e+00 0.000000000000000000e+00 0.000000000000000000e+00 0.000000000000000000e+00 2.168749999999997868e+01 5.124999999999994316e+01 0.000000000000000000e+00 0.000000000000000000e+00 0.000000000000000000e+00 0.000000000000000000e+00 0.000000000000000000e+00 1.944444444444443221e+01 8.444444444444441089e+00
0.000000000000000000e+00 0.000000000000000000e+00 0.000000000000000000e+00 1.180371352785145334e+01 8.998325495225872217e+00 1.309525230139787944e+01 8.632395732298736135e+00 1.421131639722863227e+01 3.593768115942028629e+01 1.705221351408599162e+01 4.335326086956520442e+01 2.295808871493802172e+01 5.447260273972600686e+01 6.321428571428567977e+01 2.697603121516164038e+01 1.947445561139027603e+01 2.995744680851061759e+01 5.392982456140347836e+01 6.886363636363631713e+01 0.000000000000000000e+00 3.499999999999995737e+01 0.000000000000000000e+00 4.633333333333334281e+01 0.000000000000000000e+00 4.200000000000001421e+01 4.095454545454543904e+01 5.099999999999994316e+01 0.000000000000000000e+00 6.702564102564100779e+01 5.875423728813557744e+01 7.968749999999997158e+01 7.668478260869562746e+01 7.683333333333331439e+01 8.275000000000000000e+01 9.219999999999996021e+01 8.500000000000000000e+01 9.312499999999997158e+01 1.672317686504609568e+01 1.789652594041181644e+01 2.619178082191779566e+01 0.000000000000000000e+00 5.150000000000000000e+01 3.275000000000001421e+01 2.304999999999999716e+01 1.585778443113771630e+01 3.511904761904760619e+01 0.000000000000000000e+00 5.149999999999994316e+01 0.000000000000000000e+00 0.000000000000000000e+00 5.449999999999998579e+01 5.099999999999993605e+01 5.633333333333331439e+01 0.000000000000000000e+00 5.214285714285711038e+01 6.749999999999998579e+01 0.000000000000000000e+00 5.349999999999999289e+01 3.574999999999996447e+01 3.133333333333330373e+01 5.850000000000000000e+01 0.000000000000000000e+00 0.000000000000000000e+00 0.000000000000000000e+00 0.000000000000000000e+00 0.000000000000000000e+00 0.000000000000000000e+00 0.000000000000000000e+00 0.000000000000000000e+00 0.000000000000000000e+00 0.000000000000000000e+00 0.000000000000000000e+00 0.000000000000000000e+00 0.000000000000000000e+00 0.000000000000000000e+00 0.000000000000000000e+00 0.000000000000000000e+00 0.000000000000000000e+00 0.000000000000000000e+00 0.000000000000000000e+00 2.727777777777775725e+01 5.388888888888882889e+01 0.000000000000000000e+00 0.000000000000000000e+00 0.000000000000000000e+00 0.000000000000000000e+00 0.000000000000000000e+00 2.774999999999996447e+01 0.000000000000000000e+00
0.000000000000000000e+00 0.000000000000000000e+00 0.000000000000000000e+00 3.400000000000001421e+01 2.495652173913042660e+01 8.632395732298736135e+00 7.259046778464250949e+00 7.384555684904925421e+00 1.991095890410958447e+01 1.314695047073270118e+01 0.000000000000000000e+00 3.164814814814813815e+01 4.199999999999997158e+01 0.000000000000000000e+00 4.223648648648647708e+01 2.450847457627118331e+01 6.149999999999996447e+01 0.000000000000000000e+00 0.000000000000000000e+00 0.000000000000000000e+00 0.000000000000000000e+00 0.000000000000000000e+00 0.000000000000000000e+00 0.000000000000000000e+00 0.000000000000000000e+00 5.599999999999996447e+01 0.000000000000000000e+00 0.000000000000000000e+00 4.989999999999996305e+01 4.652083333333331439e+01 0.000000000000000000e+00 7.824999999999997158e+01 7.999999999999998579e+01 0.000000000000000000e+00 1.050000000000000142e+02 0.000000000000000000e+00 0.000000000000000000e+00 2.425000000000000000e+01 2.414383561643834852e+01 2.800000000000000000e+01 0.000000000000000000e+00 0.000000000000000000e+00 0.000000000000000000e+00 0.000000000000000000e+00 3.449999999999997158e+01 0.000000000000000000e+00 0.000000000000000000e+00 0.000000000000000000e+00 0.000000000000000000e+00 0.000000000000000000e+00 0.000000000000000000e+00 0.000000000000000000e+00 0.000000000000000000e+00 0.000000000000000000e+00 0.000000000000000000e+00 0.000000000000000000e+00 0.000000000000000000e+00 0.000000000000000000e+00 0.000000000000000000e+00 0.000000000000000000e+00 0.000000000000000000e+00 0.000000000000000000e+00 0.000000000000000000e+00 0.000000000000000000e+00 0.000000000000000000e+00 0.000000000000000000e+00 0.000000000000000000e+00 0.000000000000000000e+00 0.000000000000000000e+00 0.000000000000000000e+00 0.000000000000000000e+00 0.000000000000000000e+00 0.000000000000000000e+00 0.000000000000000000e+00 0.000000000000000000e+00 0.000000000000000000e+00 0.000000000000000000e+00 0.000000000000000000e+00 0.000000000000000000e+00 0.000000000000000000e+00 0.000000000000000000e+00 0.000000000000000000e+00 0.000000000000000000e+00 0.000000000000000000e+00 0.000000000000000000e+00 0.000000000000000000e+00 0.000000000000000000e+00 0.000000000000000000e+00 0.000000000000000000e+00
0.000000000000000000e+00 0.000000000000000000e+00 0.000000000000000000e+00 3.244999999999998153e+01 2.264754098360655377e+01 1.421131639722863227e+01 7.384555684904925421e+00 8.381894000538068212e+00 8.294813466787987366e+00 1.909229345448426329e+01 2.707692307692307665e+01 2.657803065490012884e+01 3.651530612244896901e+01 0.000000000000000000e+00 3.655400372439477508e+01 2.063665803108807495e+01 2.006923076923076366e+01 5.231666666666664867e+01 6.057142857142854098e+01 0.000000000000000000e+00 0.000000000000000000e+00 6.499999999999995737e+01 0.000000000000000000e+00 0.000000000000000000e+00 0.000000000000000000e+00 4.562499999999996447e+01 3.800000000000002842e+01 0.000000000000000000e+00 4.843442622950818333e+01 3.872648083623692372e+01 6.520000000000000284e+01 6.008771929824559521e+01 6.730555555555552871e+01 8.949999999999992895e+01 7.791666666666664298e+01 6.149999999999998579e+01 6.737499999999995737e+01 2.106818181818181301e+01 2.580258899676374185e+01 3.571428571428568688e+01 0.000000000000000000e+00 5.574999999999995026e+01 5.549999999999993605e+01 2.525000000000001066e+01 3.010000000000000142e+01 4.024999999999997158e+01 0.000000000000000000e+00 3.600000000000000711e+01 0.000000000000000000e+00 0.000000000000000000e+00 0.000000000000000000e+00 0.000000000000000000e+00 3.849999999999995737e+01 0.000000000000000000e+00 3.478571428571425628e+01 0.000000000000000000e+00 0.000000000000000000e+00 0.000000000000000000e+00 2.308333333333334281e+01 2.849999999999997158e+01 4.649999999999995737e+01 8.499999999999994316e+01 0.000000000000000000e+00 0.000000000000000000e+00 0.000000000000000000e+00 0.000000000000000000e+00 0.000000000000000000e+00 0.000000000000000000e+00 0.000000000000000000e+00 0.000000000000000000e+00 0.000000000000000000e+00 0.000000000000000000e+00 0.000000000000000000e+00 0.000000000000000000e+00 9.099999999999991473e+01 5.949999999999995026e+01 0.000000000000000000e+00 0.000000000000000000e+00 0.000000000000000000e+00 0.000000000000000000e+00 3.624999999999995737e+01 4.649999999999996447e+01 0.000000000000000000e+00 0.000000000000000000e+00 0.000000000000000000e+00 0.000000000000000000e+00 0.000000000000000000e+00 0.000000000000000000e+00 0.000000000000000000e+00
0.000000000000000000e+00 0.000000000000000000e+00 0.000000000000000000e+00 4.727272727272725916e+01 3.842346938775509813e+01 3.593768115942028629e+01 1.991095890410958447e+01 8.294813466787987366e+00 9.850913878562577608e+00 2.121228290437329989e+01 2.800904977375564897e+01 3.285356477166821776e+01 1.012072045251562891e+01 5.813636363636361892e+01 2.314036643026003759e+01 3.029353233830845937e+01 2.721844362745098067e+01 4.726666666666664440e+01 6.287500000000000000e+01 0.000000000000000000e+00 6.149999999999998579e+01 6.900000000000000000e+01 0.000000000000000000e+00 0.000000000000000000e+00 0.000000000000000000e+00 4.195454545454545325e+01 2.940909090909090295e+01 0.000000000000000000e+00 2.687600644122382576e+01 2.648320895522386920e+01 6.503333333333331723e+01 5.827835051546390588e+01 6.585820895522388696e+01 7.034999999999996589e+01 7.549999999999998579e+01 0.000000000000000000e+00 6.428571428571426338e+01 2.091364605543710198e+01 1.955995558845299698e+01 2.861176470588235432e+01 0.000000000000000000e+00 4.092857142857142350e+01 4.349999999999997158e+01 4.162499999999999289e+01 3.279999999999998295e+01 3.090000000000000568e+01 0.000000000000000000e+00 4.350000000000000000e+01 5.549999999999997158e+01 0.000000000000000000e+00 0.000000000000000000e+00 4.828571428571426338e+01 5.185714285714281147e+01 6.100000000000001421e+01 4.322727272727271242e+01 0.000000000000000000e+00 0.000000000000000000e+00 5.649999999999995737e+01 4.183333333333332149e+01 3.157142857142856229e+01 5.471428571428570820e+01 5.687500000000000000e+01 0.000000000000000000e+00 0.000000000000000000e+00 0.000000000000000000e+00 0.000000000000000000e+00 0.000000000000000000e+00 0.000000000000000000e+00 0.000000000000000000e+00 0.000000000000000000e+00 0.000000000000000000e+00 0.000000000000000000e+00 0.000000000000000000e+00 8.249999999999995737e+01 9.475000000000000000e+01 0.000000000000000000e+00 0.000000000000000000e+00 0.000000000000000000e+00 0.000000000000000000e+00 0.000000000000000000e+00 4.624999999999997158e+01 4.983333333333330728e+01 6.499999999999995737e+01 0.000000000000000000e+00 0.000000000000000000e+00 0.000000000000000000e+00 0.000000000000000000e+00 0.000000000000000000e+00 0.000000000000000000e+00
0.000000000000000000e+00 0.000000000000000000e+00 0.000000000000000000e+00 9.754143646408831358e+00 1.323564789502459682e+01 1.705221351408599162e+01 1.314695047073270118e+01 1.909229345448426329e+01 2.121228290437329989e+01 1.239127449970823491e+01 1.165831617478837678e+01 1.562315782190548141e+01 4.078068965517239519e+01 4.990740740740739056e+01 3.823859489051093874e+01 2.146138613861384670e+01 2.571921641791043456e+01 4.862799999999997169e+01 6.215882352941174105e+01 0.000000000000000000e+00 8.583333333333332860e+01 8.249999999999997158e+01 0.000000000000000000e+00 9.449999999999998579e+01 0.000000000000000000e+00 6.649999999999998579e+01 5.783333333333331439e+01 6.792857142857140218e+01 5.317455242966750006e+01 4.850066050198148560e+01 6.114565826330530030e+01 5.854935194416748345e+01 6.103605313092977269e+01 6.411538461538459899e+01 7.413120567375887049e+01 6.968749999999997158e+01 7.149999999999997158e+01 2.415209302325580154e+01 2.696089536138077847e+01 4.156603773584903649e+01 0.000000000000000000e+00 4.788888888888885731e+01 5.250000000000001421e+01 5.466666666666663588e+01 3.171874999999997868e+01 4.155882352941175384e+01 0.000000000000000000e+00 4.449999999999999289e+01 6.399999999999995737e+01 0.000000000000000000e+00 4.749999999999995737e+01 4.762499999999995737e+01 5.179999999999997584e+01 0.000000000000000000e+00 4.794444444444440023e+01 0.000000000000000000e+00 0.000000000000000000e+00 0.000000000000000000e+00 2.819999999999998153e+01 3.621428571428569398e+01 3.909999999999998721e+01 0.000000000000000000e+00 0.000000000000000000e+00 0.000000000000000000e+00 0.000000000000000000e+00 0.000000000000000000e+00 0.000000000000000000e+00 0.000000000000000000e+00 0.000000000000000000e+00 0.000000000000000000e+00 0.000000000000000000e+00 7.524999999999997158e+01 0.000000000000000000e+00 8.199999999999994316e+01 9.449999999999995737e+01 6.250000000000001421e+01 0.000000000000000000e+00 0.000000000000000000e+00 0.000000000000000000e+00 0.000000000000000000e+00 4.592857142857138797e+01 4.862499999999998579e+01 0.000000000000000000e+00 0.000000000000000000e+00 0.000000000000000000e+00 0.000000000000000000e+00 0.000000000000000000e+00 4.166666666666665009e+01 9.699999999999998579e+01
0.000000000000000000e+00 0.000000000000000000e+00 0.000000000000000000e+00 4.174999999999997158e+01 4.020689655172412813e+01 4.335326086956520442e+01 0.000000000000000000e+00 2.707692307692307665e+01 2.800904977375564897e+01 1.165831617478837678e+01 1.377944271825198008e+01 2.272577229696063839e+01 1.525628473141042640e+01 3.480487804878048763e+01 2.643454545454545368e+01 3.643243243243242091e+01 2.481881533101044823e+01 2.835093167701863237e+01 4.713291139240506311e+01 8.199999999999998579e+01 6.156521739130435122e+01 5.652499999999999858e+01 6.816666666666664298e+01 8.175000000000000000e+01 6.611111111111110006e+01 4.707673267326732969e+01 5.512500000000000711e+01 4.310139860139859991e+01 3.415437788018433451e+01 3.251046755059316240e+01 4.850648228176318355e+01 4.544480257856567817e+01 4.662156536219816871e+01 5.009685863874346268e+01 6.054701986754967180e+01 5.529629629629629761e+01 5.355421686746988286e+01 2.172939068100357929e+01 2.470730027548209407e+01 3.377464788732394396e+01 0.000000000000000000e+00 2.891666666666666785e+01 5.648214285714285410e+01 5.005555555555555713e+01 2.962500000000000000e+01 3.570000000000000284e+01 0.000000000000000000e+00 0.000000000000000000e+00 0.000000000000000000e+00 0.000000000000000000e+00 0.000000000000000000e+00 0.000000000000000000e+00 4.799999999999994316e+01 5.349999999999997158e+01 4.799999999999998579e+01 0.000000000000000000e+00 0.000000000000000000e+00 0.000000000000000000e+00 0.000000000000000000e+00 3.219999999999998153e+01 2.949999999999998934e+01 0.000000000000000000e+00 0.000000000000000000e+00 0.000000000000000000e+00 0.000000000000000000e+00 0.000000000000000000e+00 0.000000000000000000e+00 0.000000000000000000e+00 0.000000000000000000e+00 0.000000000000000000e+00 0.000000000000000000e+00 0.000000000000000000e+00 0.000000000000000000e+00 0.000000000000000000e+00 6.800000000000000000e+01 0.000000000000000000e+00 0.000000000000000000e+00 0.000000000000000000e+00 0.000000000000000000e+00 0.000000000000000000e+00 0.000000000000000000e+00 5.162499999999997158e+01 4.499999999999998579e+01 0.000000000000000000e+00 0.000000000000000000e+00 0.000000000000000000e+00 0.000000000000000000e+00 0.000000000000000000e+00 0.000000000000000000e+00
0.000000000000000000e+00 0.000000000000000000e+00 0.000000000000000000e+00 7.331298200514135388e+00 1.320688052068804730e+01 2.295808871493802172e+01 3.164814814814813815e+01 2.657803065490012884e+01 3.285356477166821776e+01 1.562315782190548141e+01 2.272577229696063839e+01 1.687269197203400140e+01 2.712804793089033950e+01 1.921499334614815169e+01 4.233389830508472329e+01 2.016807367613199276e+01 1.918600141043722473e+01 3.016413043478259937e+01 4.725490196078430927e+01 0.000000000000000000e+00 8.037500000000000000e+01 0.000000000000000000e+00 0.000000000000000000e+00 0.000000000000000000e+00 6.950000000000001421e+01 5.748437499999999289e+01 6.349999999999997158e+01 5.975000000000000711e+01 3.886984732824427624e+01 4.729853273137697300e+01 5.951262626262626299e+01 4.963937093275487911e+01 4.966851851851851762e+01 5.748958333333333570e+01 7.391489361702127781e+01 6.085714285714285410e+01 7.372857142857142776e+01 2.902159244264505844e+01 3.007345931222334201e+01 3.931896551724136657e+01 0.000000000000000000e+00 3.392241379310344485e+01 3.800000000000000711e+01 5.138333333333333997e+01 3.617543859649120463e+01 4.278947368421052744e+01 0.000000000000000000e+00 3.499999999999995026e+01 4.824999999999992895e+01 0.000000000000000000e+00 0.000000000000000000e+00 5.316666666666662167e+01 4.742857142857139507e+01 5.883333333333327886e+01 7.600323624595463734e+00 1.499999999999997691e+01 0.000000000000000000e+00 0.000000000000000000e+00 3.499999999999995026e+01 3.310714285714284699e+01 3.599999999999998579e+01 4.885714285714284699e+01 0.000000000000000000e+00 0.000000000000000000e+00 0.000000000000000000e+00 0.000000000000000000e+00 1.014999999999999716e+02 0.000000000000000000e+00 0.000000000000000000e+00 0.000000000000000000e+00 0.000000000000000000e+00 0.000000000000000000e+00 0.000000000000000000e+00 0.000000000000000000e+00 7.837499999999998579e+01 0.000000000000000000e+00 0.000000000000000000e+00 0.000000000000000000e+00 0.000000000000000000e+00 0.000000000000000000e+00 5.699999999999997158e+01 5.354999999999997584e+01 4.099999999999994316e+01 0.000000000000000000e+00 0.000000000000000000e+00 0.000000000000000000e+00 0.000000000000000000e+00 5.849999999999994316e+01 0.000000000000000000e+00
0.000000000000000000e+00 0.000000000000000000e+00 0.000000000000000000e+00 6.412499999999994316e+01 5.721666666666663303e+01 5.447260273972600686e+01 4.199999999999997158e+01 3.651530612244896901e+01 1.012072045251562891e+01 4.078068965517239519e+01 1.525628473141042640e+01 2.712804793089033950e+01 1.427622243334478824e+01 8.418480248719824033e+00 2.322013170272813554e+01 5.078930817610060444e+01 3.833860759493669690e+01 2.421660305343511510e+01 3.973161764705882604e+01 0.000000000000000000e+00 6.318421052631578760e+01 5.499999999999999289e+01 4.999999999999999289e+01 5.058333333333332149e+01 4.830000000000000426e+01 2.336989795918367463e+01 3.966666666666667851e+01 4.258426966292135063e+01 1.973711205772407595e+01 2.876711011380028893e+01 4.420853080568720372e+01 3.117405437352245912e+01 3.560565476190476630e+01 4.418750000000000000e+01 5.840227272727272378e+01 4.800000000000002842e+01 5.428813559322033910e+01 2.554840989399293960e+01 2.482226620484908963e+01 2.995831638877593761e+01 0.000000000000000000e+00 2.809313725490196845e+01 4.366666666666666430e+01 3.739969604863222230e+01 4.350000000000000000e+01 3.675993883792048678e+01 0.000000000000000000e+00 0.000000000000000000e+00 0.000000000000000000e+00 0.000000000000000000e+00 0.000000000000000000e+00 0.000000000000000000e+00 6.699999999999994316e+01 6.349999999999997158e+01 4.470000000000000284e+01 5.749999999999997868e+01 0.000000000000000000e+00 0.000000000000000000e+00 0.000000000000000000e+00 4.137499999999997158e+01 4.053846153846154010e+01 3.899999999999999289e+01 0.000000000000000000e+00 0.000000000000000000e+00 0.000000000000000000e+00 0.000000000000000000e+00 0.000000000000000000e+00 0.000000000000000000e+00 0.000000000000000000e+00 0.000000000000000000e+00 0.000000000000000000e+00 5.649999999999992895e+01 5.949999999999998579e+01 0.000000000000000000e+00 0.000000000000000000e+00 6.224999999999998579e+01 0.000000000000000000e+00 0.000000000000000000e+00 0.000000000000000000e+00 0.000000000000000000e+00 5.133333333333331439e+01 5.483333333333330728e+01 5.474999999999998579e+01 0.000000000000000000e+00 0.000000000000000000e+00 0.000000000000000000e+00 0.000000000000000000e+00 0.000000000000000000e+00 0.000000000000000000e+00
0.000000000000000000e+00 0.000000000000000000e+00 0.000000000000000000e+00 6.159999999999996589e+01 6.249999999999995737e+01 6.321428571428567977e+01 0.000000000000000000e+00 0.000000000000000000e+00 5.813636363636361892e+01 4.990740740740739056e+01 3.480487804878048763e+01 1.921499334614815169e+01 8.418480248719824033e+00 9.117215156680215316e+00 3.330357142857143060e+01 4.311290322580642709e+01 3.475308641975306045e+01 1.061328124999999645e+01 2.308749999999999858e+01 0.000000000000000000e+00 7.749999999999998579e+01 0.000000000000000000e+00 0.000000000000000000e+00 0.000000000000000000e+00 0.000000000000000000e+00 5.570000000000002416e+01 2.350000000000000355e+01 6.200000000000000000e+01 1.071949112611905441e+01 3.428682170542635532e+01 4.358333333333333570e+01 1.478048780487804592e+01 1.593095238095238031e+01 2.949999999999995026e+01 8.450000000000001421e+01 0.000000000000000000e+00 8.500000000000001421e+01 3.419565217391303946e+01 3.339795918367347127e+01 3.019090909090909136e+01 0.000000000000000000e+00 2.508333333333333215e+01 3.249999999999998579e+01 3.576666666666667282e+01 0.000000000000000000e+00 4.035714285714284699e+01 0.000000000000000000e+00 0.000000000000000000e+00 0.000000000000000000e+00 0.000000000000000000e+00 0.000000000000000000e+00 0.000000000000000000e+00 0.000000000000000000e+00 0.000000000000000000e+00 3.212499999999997158e+01 0.000000000000000000e+00 0.000000000000000000e+00 0.000000000000000000e+00 0.000000000000000000e+00 0.000000000000000000e+00 0.000000000000000000e+00 0.000000000000000000e+00 0.000000000000000000e+00 0.000000000000000000e+00 0.000000000000000000e+00 0.000000000000000000e+00 0.000000000000000000e+00 0.000000000000000000e+00 0.000000000000000000e+00 0.000000000000000000e+00 0.000000000000000000e+00 0.000000000000000000e+00 0.000000000000000000e+00 0.000000000000000000e+00 3.899999999999993605e+01 5.549999999999998579e+01 0.000000000000000000e+00 0.000000000000000000e+00 0.000000000000000000e+00 0.000000000000000000e+00 0.000000000000000000e+00 0.000000000000000000e+00 0.000000000000000000e+00 0.000000000000000000e+00 0.000000000000000000e+00 0.000000000000000000e+00 0.000000000000000000e+00 0.000000000000000000e+00 0.000000000000000000e+00
0.000000000000000000e+00 0.000000000000000000e+00 0.000000000000000000e+00 4.566666666666665009e+01 3.247010869565216495e+01 2.697603121516164038e+01 4.223648648648647708e+01 3.655400372439477508e+01 2.314036643026003759e+01 3.823859489051093874e+01 2.643454545454545368e+01 4.233389830508472329e+01 2.322013170272813554e+01 3.330357142857143060e+01 1.274842637498709763e+01 4.018258426966290386e+01 3.458208955223879855e+01 2.650505050505049454e+01 2.562499999999999645e+01 1.397142857142857153e+01 4.223543123543123556e+01 3.351612903225804985e+01 2.411369509043927550e+01 1.764196242171189155e+01 2.418253079507277903e+01 2.477134646962232267e+01 2.246654611211572572e+01 3.269768934531449389e+01 2.183005977796754848e+01 2.348124602670057115e+01 4.429676071055379794e+01 3.026122004357298323e+01 3.321160130718953951e+01 4.874242424242422800e+01 5.016408934707902745e+01 5.287500000000000000e+01 4.899425287356320524e+01 1.996716417910447916e+01 8.591249376143734295e+00 1.803178484107579393e+01 0.000000000000000000e+00 2.203424657534246123e+01 1.416698841698841527e+01 1.272904191616766489e+01 1.678571428571428115e+01 2.172483221476509030e+01 0.000000000000000000e+00 6.599999999999998579e+01 5.849999999999998579e+01 0.000000000000000000e+00 0.000000000000000000e+00 4.649999999999998579e+01 4.457142857142854808e+01 0.000000000000000000e+00 5.935714285714283278e+01 5.459999999999998010e+01 4.800000000000000711e+01 0.000000000000000000e+00 3.266666666666665009e+01 3.168421052631577695e+01 2.550000000000000000e+01 2.949999999999998579e+01 0.000000000000000000e+00 0.000000000000000000e+00 0.000000000000000000e+00 0.000000000000000000e+00 0.000000000000000000e+00 0.000000000000000000e+00 0.000000000000000000e+00 0.000000000000000000e+00 0.000000000000000000e+00 4.324999999999995737e+01 7.049999999999997158e+01 5.949999999999997158e+01 5.133333333333331439e+01 4.107142857142855519e+01 0.000000000000000000e+00 0.000000000000000000e+00 0.000000000000000000e+00 0.000000000000000000e+00 3.819999999999996732e+01 4.419999999999997442e+01 4.975000000000000000e+01 0.000000000000000000e+00 3.218181818181817988e+01 0.000000000000000000e+00 0.000000000000000000e+00 0.000000000000000000e+00 0.000000000000000000e+00
0.000000000000000000e+00 0.000000000000000000e+00 0.000000000000000000e+00 2.872727272727271242e+01 1.207215836526180475e+01 1.947445561139027603e+01 2.450847457627118331e+01 2.063665803108807495e+01 3.029353233830845937e+01 2.146138613861384670e+01 3.643243243243242091e+01 2.016807367613199276e+01 5.078930817610060444e+01 4.311290322580642709e+01 4.018258426966290386e+01 6.890784982935150182e+00 1.030918953414166594e+01 3.779866575436192733e+01 4.795020746887963980e+01 0.000000000000000000e+00 0.000000000000000000e+00 0.000000000000000000e+00 1.015000000000000142e+02 0.000000000000000000e+00 0.000000000000000000e+00 7.074999999999997158e+01 6.149999999999992184e+01 0.000000000000000000e+00 6.047183098591546724e+01 5.669871794871792758e+01 7.549999999999997158e+01 6.760185185185181922e+01 4.875344827586203422e+01 0.000000000000000000e+00 8.912499999999998579e+01 0.000000000000000000e+00 0.000000000000000000e+00 1.414895104895103906e+01 2.404181184668987825e+01 3.884666666666665691e+01 0.000000000000000000e+00 4.218749999999999289e+01 0.000000000000000000e+00 5.366666666666660745e+01 1.026955307262569050e+01 4.453333333333331723e+01 0.000000000000000000e+00 2.899999999999996447e+01 4.099999999999992895e+01 0.000000000000000000e+00 0.000000000000000000e+00 4.999999999999994316e+01 4.199999999999995737e+01 6.399999999999992184e+01 4.933333333333332149e+01 5.899999999999999289e+01 0.000000000000000000e+00 0.000000000000000000e+00 1.414285714285712459e+01 2.020454545454544260e+01 3.771666666666663303e+01 4.614705882352939170e+01 0.000000000000000000e+00 0.000000000000000000e+00 0.000000000000000000e+00 0.000000000000000000e+00 0.000000000000000000e+00 0.000000000000000000e+00 0.000000000000000000e+00 0.000000000000000000e+00 0.000000000000000000e+00 0.000000000000000000e+00 0.000000000000000000e+00 8.300000000000000000e+01 7.499999999999997158e+01 5.516666666666665719e+01 0.000000000000000000e+00 0.000000000000000000e+00 0.000000000000000000e+00 0.000000000000000000e+00 1.863333333333330799e+01 3.926470588235291359e+01 6.074999999999997158e+01 0.000000000000000000e+00 0.000000000000000000e+00 0.000000000000000000e+00 0.000000000000000000e+00 2.999999999999998579e+01 6.649999999999998579e+01
0.000000000000000000e+00 0.000000000000000000e+00 0.000000000000000000e+00 3.324999999999998579e+01 2.797368421052630438e+01 2.995744680851061759e+01 6.149999999999996447e+01 2.006923076923076366e+01 2.721844362745098067e+01 2.571921641791043456e+01 2.481881533101044823e+01 1.918600141043722473e+01 3.833860759493669690e+01 3.475308641975306045e+01 3.458208955223879855e+01 1.030918953414166594e+01 9.420245398772999934e+00 2.506511627906974837e+01 3.941558441558439085e+01 0.000000000000000000e+00 0.000000000000000000e+00 0.000000000000000000e+00 0.000000000000000000e+00 0.000000000000000000e+00 0.000000000000000000e+00 7.866666666666664298e+01 5.949999999999998579e+01 0.000000000000000000e+00 4.945789473684208559e+01 5.114374999999997584e+01 7.195454545454543904e+01 6.028749999999998010e+01 3.880238095238092910e+01 7.599999999999997158e+01 7.699999999999997158e+01 0.000000000000000000e+00 0.000000000000000000e+00 1.903373493975902164e+01 2.354985618408435855e+01 3.204901960784312109e+01 0.000000000000000000e+00 3.462500000000000000e+01 4.949999999999998579e+01 4.237500000000000000e+01 3.153124999999998579e+01 3.689999999999999147e+01 0.000000000000000000e+00 2.825000000000000000e+01 3.699999999999995737e+01 0.000000000000000000e+00 2.799999999999999289e+01 2.847619047619044252e+01 2.810714285714282212e+01 3.349999999999997158e+01 3.293999999999996930e+01 4.499999999999995737e+01 3.916666666666665009e+01 5.366666666666665719e+01 1.815624999999999289e+01 9.043478260869560970e+00 2.497959183673467365e+01 4.147727272727269821e+01 0.000000000000000000e+00 0.000000000000000000e+00 0.000000000000000000e+00 0.000000000000000000e+00 0.000000000000000000e+00 0.000000000000000000e+00 0.000000000000000000e+00 0.000000000000000000e+00 0.000000000000000000e+00 6.499999999999998579e+01 5.399999999999995026e+01 0.000000000000000000e+00 5.124999999999999289e+01 4.074999999999999289e+01 0.000000000000000000e+00 0.000000000000000000e+00 0.000000000000000000e+00 0.000000000000000000e+00 1.874999999999998579e+01 2.965999999999998238e+01 3.349999999999998579e+01 0.000000000000000000e+00 4.249999999999995737e+01 0.000000000000000000e+00 5.099999999999996447e+01 2.449999999999998224e+01 0.000000000000000000e+00
