0.000000000000000000e+00 0.000000000000000000e+00 0.000000000000000000e+00 0.000000000000000000e+00 0.000000000000000000e+00 0.000000000000000000e+00 0.000000000000000000e+00 0.000000000000000000e+00 0.000000000000000000e+00 0.000000000000000000e+00 0.000000000000000000e+00 0.000000000000000000e+00 0.000000000000000000e+00 0.000000000000000000e+00 0.000000000000000000e+00 0.000000000000000000e+00 0.000000000000000000e+00 0.000000000000000000e+00 0.000000000000000000e+00 0.000000000000000000e+00 0.000000000000000000e+00 0.000000000000000000e+00 0.000000000000000000e+00 0.000000000000000000e+00 0.000000000000000000e+00 0.000000000000000000e+00 0.000000000000000000e+00 0.000000000000000000e+00 0.000000000000000000e+00 0.000000000000000000e+00 0.000000000000000000e+00 0.000000000000000000e+00 0.000000000000000000e+00 0.000000000000000000e+00 0.000000000000000000e+00 0.000000000000000000e+00 0.000000000000000000e+00 0.000000000000000000e+00 0.000000000000000000e+00 0.000000000000000000e+00 0.000000000000000000e+00 0.000000000000000000e+00 0.000000000000000000e+00 0.000000000000000000e+00 0.000000000000000000e+00 0.000000000000000000e+00 0.000000000000000000e+00 0.000000000000000000e+00 0.000000000000000000e+00 0.000000000000000000e+00 0.000000000000000000e+00 0.000000000000000000e+00 0.000000000000000000e+00 0.000000000000000000e+00 0.000000000000000000e+00 0.000000000000000000e+00 0.000000000000000000e+00 0.000000000000000000e+00 0.000000000000000000e+00 0.000000000000000000e+00 0.000000000000000000e+00 0.000000000000000000e+00 0.000000000000000000e+00 0.000000000000000000e+00 0.000000000000000000e+00 0.000000000000000000e+00 0.000000000000000000e+00 0.000000000000000000e+00 0.000000000000000000e+00 0.000000000000000000e+00 0.000000000000000000e+00 0.000000000000000000e+00 0.000000000000000000e+00 0.000000000000000000e+00 0.000000000000000000e+00 0.000000000000000000e+00 0.000000000000000000e+00 0.000000000000000000e+00 0.000000000000000000e+00 0.000000000000000000e+00 0.000000000000000000e+00 0.000000000000000000e+00 0.000000000000000000e+00 0.000000000000000000e+00 0.000000000000000000e+00 0.000000000000000000e+00 0.000000000000000000e+00 0.000000000000000000e+00 0.000000000000000000e+00
0.000000000000000000e+00 0.000000000000000000e+00 0.000000000000000000e+00 0.000000000000000000e+00 0.000000000000000000e+00 0.000000000000000000e+00 0.000000000000000000e+00 0.000000000000000000e+00 0.000000000000000000e+00 0.000000000000000000e+00 0.000000000000000000e+00 0.000000000000000000e+00 0.000000000000000000e+00 0.000000000000000000e+00 0.000000000000000000e+00 0.000000000000000000e+00 0.000000000000000000e+00 0.000000000000000000e+00 0.000000000000000000e+00 0.000000000000000000e+00 0.000000000000000000e+00 0.000000000000000000e+00 0.000000000000000000e+00 0.000000000000000000e+00 0.000000000000000000e+00 0.000000000000000000e+00 0.000000000000000000e+00 0.000000000000000000e+00 0.000000000000000000e+00 0.000000000000000000e+00 0.000000000000000000e+00 0.000000000000000000e+00 0.000000000000000000e+00 0.000000000000000000e+00 0.000000000000000000e+00 0.000000000000000000e+00 0.000000000000000000e+00 0.000000000000000000e+00 0.000000000000000000e+00 0.000000000000000000e+00 0.000000000000000000e+00 0.000000000000000000e+00 0.000000000000000000e+00 0.000000000000000000e+00 0.000000000000000000e+00 0.000000000000000000e+00 0.000000000000000000e+00 0.000000000000000000e+00 0.000000000000000000e+00 0.000000000000000000e+00 0.000000000000000000e+00 0.000000000000000000e+00 0.000000000000000000e+00 0.000000000000000000e+00 0.000000000000000000e+00 0.000000000000000000e+00 0.000000000000000000e+00 0.000000000000000000e+00 0.000000000000000000e+00 0.000000000000000000e+00 0.000000000000000000e+00 0.000000000000000000e+00 0.000000000000000000e+00 0.000000000000000000e+00 0.000000000000000000e+00 0.000000000000000000e+00 0.000000000000000000e+00 0.000000000000000000e+00 0.000000000000000000e+00 0.000000000000000000e+00 0.000000000000000000e+00 0.000000000000000000e+00 0.000000000000000000e+00 0.000000000000000000e+00 0.000000000000000000e+00 0.000000000000000000e+00 0.000000000000000000e+00 0.000000000000000000e+00 0.000000000000000000e+00 0.000000000000000000e+00 0.000000000000000000e+00 0.000000000000000000e+00 0.000000000000000000e+00 0.000000000000000000e+00 0.000000000000000000e+00 0.000000000000000000e+00 0.000000000000000000e+00 0.000000000000000000e+00 0.000000000000000000e+00
0.000000000000000000e+00 0.000000000000000000e+00 0.000000000000000000e+00 0.000000000000000000e+00 0.000000000000000000e+00 0.000000000000000000e+00 0.000000000000000000e+00 0.000000000000000000e+00 0.000000000000000000e+00 0.000000000000000000e+00 0.000000000000000000e+00 0.000000000000000000e+00 0.000000000000000000e+00 0.000000000000000000e+00 0.000000000000000000e+00 0.000000000000000000e+00 0.000000000000000000e+00 0.000000000000000000e+00 0.000000000000000000e+00 0.000000000000000000e+00 0.000000000000000000e+00 0.000000000000000000e+00 0.000000000000000000e+00 0.000000000000000000e+00 0.000000000000000000e+00 0.000000000000000000e+00 0.000000000000000000e+00 0.000000000000000000e+00 0.000000000000000000e+00 0.000000000000000000e+00 0.000000000000000000e+00 0.000000000000000000e+00 0.000000000000000000e+00 0.000000000000000000e+00 0.000000000000000000e+00 0.000000000000000000e+00 0.000000000000000000e+00 0.000000000000000000e+00 0.000000000000000000e+00 0.000000000000000000e+00 0.000000000000000000e+00 0.000000000000000000e+00 0.000000000000000000e+00 0.000000000000000000e+00 0.000000000000000000e+00 0.000000000000000000e+00 0.000000000000000000e+00 0.000000000000000000e+00 0.000000000000000000e+00 0.000000000000000000e+00 0.000000000000000000e+00 0.000000000000000000e+00 0.000000000000000000e+00 0.000000000000000000e+00 0.000000000000000000e+00 0.000000000000000000e+00 0.000000000000000000e+00 0.000000000000000000e+00 0.000000000000000000e+00 0.000000000000000000e+00 0.000000000000000000e+00 0.000000000000000000e+00 0.000000000000000000e+00 0.000000000000000000e+00 0.000000000000000000e+00 0.000000000000000000e+00 0.000000000000000000e+00 0.000000000000000000e+00 0.000000000000000000e+00 0.000000000000000000e+00 0.000000000000000000e+00 0.000000000000000000e+00 0.000000000000000000e+00 0.000000000000000000e+00 0.000000000000000000e+00 0.000000000000000000e+00 0.000000000000000000e+00 0.000000000000000000e+00 0.000000000000000000e+00 0.000000000000000000e+00 0.000000000000000000e+00 0.000000000000000000e+00 0.000000000000000000e+00 0.000000000000000000e+00 0.000000000000000000e+00 0.000000000000000000e+00 0.000000000000000000e+00 0.000000000000000000e+00 0.000000000000000000e+00
0.000000000000000000e+00 0.000000000000000000e+00 0.000000000000000000e+00 5.471428571428565313e+00 7.480088495575219376e+00 1.220955483170466316e+01 3.207142857142856940e+01 3.047499999999997655e+01 3.906249999999998579e+01 9.811383928571425272e+00 4.749999999999998579e+01 7.468341362697864305e+00 6.924999999999997158e+01 0.000000000000000000e+00 4.450000000000000711e+01 3.074074074074072982e+01 4.249999999999996447e+01 0.000000000000000000e+00 0.000000000000000000e+00 0.000000000000000000e+00 0.000000000000000000e+00 0.000000000000000000e+00 0.000000000000000000e+00 0.000000000000000000e+00 0.000000000000000000e+00 0.000000000000000000e+00 0.000000000000000000e+00 0.000000000000000000e+00 6.799999999999998579e+01 7.599999999999991473e+01 0.000000000000000000e+00 8.883333333333330017e+01 8.449999999999994316e+01 0.000000000000000000e+00 0.000000000000000000e+00 0.000000000000000000e+00 0.000000000000000000e+00 3.030357142857141284e+01 3.520297029702967961e+01 6.074999999999994316e+01 0.000000000000000000e+00 0.000000000000000000e+00 0.000000000000000000e+00 0.000000000000000000e+00 3.474999999999998579e+01 0.000000000000000000e+00 0.000000000000000000e+00 0.000000000000000000e+00 0.000000000000000000e+00 0.000000000000000000e+00 0.000000000000000000e+00 0.000000000000000000e+00 0.000000000000000000e+00 0.000000000000000000e+00 0.000000000000000000e+00 0.000000000000000000e+00 0.000000000000000000e+00 0.000000000000000000e+00 0.000000000000000000e+00 0.000000000000000000e+00 0.000000000000000000e+00 0.000000000000000000e+00 0.000000000000000000e+00 0.000000000000000000e+00 0.000000000000000000e+00 0.000000000000000000e+00 0.000000000000000000e+00 0.000000000000000000e+00 0.000000000000000000e+00 0.000000000000000000e+00 0.000000000000000000e+00 0.000000000000000000e+00 0.000000000000000000e+00 0.000000000000000000e+00 0.000000000000000000e+00 0.000000000000000000e+00 0.000000000000000000e+00 0.000000000000000000e+00 0.000000000000000000e+00 0.000000000000000000e+00 0.000000000000000000e+00 0.000000000000000000e+00 0.000000000000000000e+00 0.000000000000000000e+00 0.000000000000000000e+00 0.000000000000000000e+00 0.000000000000000000e+00 0.000000000000000000e+00 0.000000000000000000e+00
0.000000000000000000e+00 0.000000000000000000e+00 0.000000000000000000e+00 7.480088495575219376e+00 9.919144532597439223e+00 9.957252085264126862e+00 2.501388888888887863e+01 2.317948717948717174e+01 3.627343749999998579e+01 1.762183826148912758e+01 4.226339285714283278e+01 2.540879549393413228e+01 5.991954022988502260e+01 5.600781249999997158e+01 2.859836065573769304e+01 1.517987152034260490e+01 3.237804878048780211e+01 5.467083333333330586e+01 6.920984455958544856e+01 0.000000000000000000e+00 0.000000000000000000e+00 0.000000000000000000e+00 0.000000000000000000e+00 3.049999999999996092e+01 0.000000000000000000e+00 9.100000000000000000e+01 0.000000000000000000e+00 0.000000000000000000e+00 6.888541666666662877e+01 7.983333333333332860e+01 8.637499999999997158e+01 7.562650602409635781e+01 7.263492063492060424e+01 0.000000000000000000e+00 0.000000000000000000e+00 1.074999999999999716e+02 8.899999999999995737e+01 1.351584307808373708e+01 2.042622950819671246e+01 4.586666666666664582e+01 0.000000000000000000e+00 7.585714285714284699e+01 6.574999999999998579e+01 3.699999999999999289e+01 6.210806697108063545e+00 2.316071428571427759e+01 0.000000000000000000e+00 0.000000000000000000e+00 0.000000000000000000e+00 0.000000000000000000e+00 0.000000000000000000e+00 0.000000000000000000e+00 5.462499999999995737e+01 0.000000000000000000e+00 5.393749999999996447e+01 6.999999999999995737e+01 0.000000000000000000e+00 0.000000000000000000e+00 2.949999999999998579e+01 4.924999999999999289e+01 6.733333333333331439e+01 6.124999999999998579e+01 0.000000000000000000e+00 0.000000000000000000e+00 0.000000000000000000e+00 0.000000000000000000e+00 0.000000000000000000e+00 0.000000000000000000e+00 0.000000000000000000e+00 0.000000000000000000e+00 0.000000000000000000e+00 0.000000000000000000e+00 0.000000000000000000e+00 0.000000000000000000e+00 8.699999999999995737e+01 0.000000000000000000e+00 0.000000000000000000e+00 0.000000000000000000e+00 0.000000000000000000e+00 0.000000000000000000e+00 2.470833333333330373e+01 3.716666666666662167e+01 0.000000000000000000e+00 0.000000000000000000e+00 2.300000000000000355e+01 8.349999999999992895e+01 0.000000000000000000e+00 2.416666666666665364e+01 1.187499999999998579e+01
0.000000000000000000e+00 0.000000000000000000e+00 0.000000000000000000e+00 1.220955483170466316e+01 9.957252085264126862e+00 1.435286514433433069e+01 1.008568955568378200e+01 1.459620931190769966e+01 2.687687687687686733e+01 1.775620975160992643e+01 4.217514124293783340e+01 2.764883401920437933e+01 5.921999999999997044e+01 6.705555555555551450e+01 2.210148514851483981e+01 2.101208053691274102e+01 3.448113207547169168e+01 6.154545454545452543e+01 7.435245901639341071e+01 2.799999999999999289e+01 5.774999999999997158e+01 1.034999999999999289e+02 0.000000000000000000e+00 2.649999999999998579e+01 3.299999999999999289e+01 4.136666666666665293e+01 4.549999999999998579e+01 5.874999999999996447e+01 7.124999999999997158e+01 5.556249999999997868e+01 7.555263157894732728e+01 8.052912621359219258e+01 7.856249999999995737e+01 0.000000000000000000e+00 7.749999999999997158e+01 0.000000000000000000e+00 0.000000000000000000e+00 1.803825857519788300e+01 1.858104609010873887e+01 3.543154761904760619e+01 0.000000000000000000e+00 6.289999999999995595e+01 6.336956521739128334e+01 2.305681818181816922e+01 1.732663847780125721e+01 4.278947368421051323e+01 0.000000000000000000e+00 3.624999999999993605e+01 5.849999999999998579e+01 0.000000000000000000e+00 0.000000000000000000e+00 0.000000000000000000e+00 5.374999999999997868e+01 0.000000000000000000e+00 5.709999999999996589e+01 0.000000000000000000e+00 0.000000000000000000e+00 0.000000000000000000e+00 3.340909090909088519e+01 4.133333333333329307e+01 0.000000000000000000e+00 5.649999999999994316e+01 0.000000000000000000e+00 0.000000000000000000e+00 0.000000000000000000e+00 0.000000000000000000e+00 0.000000000000000000e+00 0.000000000000000000e+00 0.000000000000000000e+00 0.000000000000000000e+00 0.000000000000000000e+00 0.000000000000000000e+00 0.000000000000000000e+00 0.000000000000000000e+00 0.000000000000000000e+00 8.349999999999998579e+01 0.000000000000000000e+00 0.000000000000000000e+00 0.000000000000000000e+00 0.000000000000000000e+00 2.984999999999994813e+01 6.366666666666665009e+01 0.000000000000000000e+00 0.000000000000000000e+00 0.000000000000000000e+00 0.000000000000000000e+00 0.000000000000000000e+00 2.687499999999997868e+01 0.000000000000000000e+00
0.000000000000000000e+00 0.000000000000000000e+00 0.000000000000000000e+00 3.207142857142856940e+01 2.501388888888887863e+01 1.008568955568378200e+01 8.172407194795249907e+00 7.916398713826363398e+00 2.044857142857141952e+01 1.220542256961406657e+01 4.564999999999996305e+01 3.531034482758619220e+01 5.281666666666664867e+01 0.000000000000000000e+00 3.869999999999998153e+01 2.945833333333332504e+01 0.000000000000000000e+00 6.050000000000003553e+01 7.791666666666664298e+01 0.000000000000000000e+00 0.000000000000000000e+00 0.000000000000000000e+00 0.000000000000000000e+00 0.000000000000000000e+00 6.699999999999995737e+01 0.000000000000000000e+00 0.000000000000000000e+00 0.000000000000000000e+00 6.450000000000000000e+01 4.709615384615381117e+01 7.599999999999995737e+01 8.583333333333330017e+01 8.139999999999997726e+01 0.000000000000000000e+00 0.000000000000000000e+00 9.299999999999998579e+01 7.049999999999997158e+01 2.669999999999998153e+01 2.459736842105261800e+01 4.866666666666662877e+01 0.000000000000000000e+00 0.000000000000000000e+00 0.000000000000000000e+00 2.674999999999999289e+01 2.599999999999997513e+01 0.000000000000000000e+00 0.000000000000000000e+00 0.000000000000000000e+00 0.000000000000000000e+00 0.000000000000000000e+00 0.000000000000000000e+00 0.000000000000000000e+00 5.050000000000002842e+01 0.000000000000000000e+00 0.000000000000000000e+00 0.000000000000000000e+00 0.000000000000000000e+00 0.000000000000000000e+00 0.000000000000000000e+00 0.000000000000000000e+00 0.000000000000000000e+00 0.000000000000000000e+00 0.000000000000000000e+00 0.000000000000000000e+00 0.000000000000000000e+00 0.000000000000000000e+00 0.000000000000000000e+00 0.000000000000000000e+00 0.000000000000000000e+00 0.000000000000000000e+00 0.000000000000000000e+00 0.000000000000000000e+00 0.000000000000000000e+00 0.000000000000000000e+00 0.000000000000000000e+00 0.000000000000000000e+00 0.000000000000000000e+00 0.000000000000000000e+00 0.000000000000000000e+00 0.000000000000000000e+00 0.000000000000000000e+00 0.000000000000000000e+00 0.000000000000000000e+00 0.000000000000000000e+00 0.000000000000000000e+00 0.000000000000000000e+00 0.000000000000000000e+00 0.000000000000000000e+00 0.000000000000000000e+00
0.000000000000000000e+00 0.000000000000000000e+00 0.000000000000000000e+00 3.047499999999997655e+01 2.317948717948717174e+01 1.459620931190769966e+01 7.916398713826363398e+00 9.405184969414506213e+00 9.762849800114215881e+00 1.933842526143120111e+01 3.448507462686566072e+01 2.651481481481479818e+01 4.010888888888887038e+01 0.000000000000000000e+00 3.641666666666665009e+01 1.930420711974109338e+01 2.364583333333332504e+01 5.133333333333330017e+01 6.133333333333331439e+01 0.000000000000000000e+00 8.849999999999998579e+01 6.259999999999994458e+01 8.649999999999997158e+01 7.775000000000000000e+01 8.449999999999998579e+01 7.456249999999997158e+01 6.400000000000001421e+01 5.833333333333329307e+01 4.923076923076921929e+01 3.810927152317878353e+01 6.069444444444442865e+01 6.864545454545452685e+01 6.393636363636362319e+01 7.300000000000001421e+01 7.900000000000000000e+01 0.000000000000000000e+00 6.596874999999997158e+01 2.837234042553190605e+01 2.489182282793865397e+01 3.615789473684208843e+01 0.000000000000000000e+00 4.349999999999999289e+01 6.037499999999997868e+01 4.619999999999997442e+01 2.887499999999997868e+01 5.849999999999997868e+01 0.000000000000000000e+00 0.000000000000000000e+00 0.000000000000000000e+00 0.000000000000000000e+00 0.000000000000000000e+00 0.000000000000000000e+00 5.166666666666665009e+01 0.000000000000000000e+00 3.624999999999994316e+01 0.000000000000000000e+00 0.000000000000000000e+00 0.000000000000000000e+00 3.235714285714283989e+01 4.824999999999997158e+01 0.000000000000000000e+00 0.000000000000000000e+00 0.000000000000000000e+00 0.000000000000000000e+00 0.000000000000000000e+00 0.000000000000000000e+00 0.000000000000000000e+00 0.000000000000000000e+00 0.000000000000000000e+00 0.000000000000000000e+00 0.000000000000000000e+00 0.000000000000000000e+00 0.000000000000000000e+00 0.000000000000000000e+00 0.000000000000000000e+00 0.000000000000000000e+00 0.000000000000000000e+00 0.000000000000000000e+00 0.000000000000000000e+00 0.000000000000000000e+00 3.774999999999994316e+01 4.099999999999997158e+01 0.000000000000000000e+00 0.000000000000000000e+00 0.000000000000000000e+00 0.000000000000000000e+00 0.000000000000000000e+00 0.000000000000000000e+00 0.000000000000000000e+00
0.000000000000000000e+00 0.000000000000000000e+00 0.000000000000000000e+00 3.906249999999998579e+01 3.627343749999998579e+01 2.687687687687686733e+01 2.044857142857141952e+01 9.762849800114215881e+00 1.184918358986363529e+01 1.656509884117245690e+01 2.345703125000000000e+01 2.686235955056179847e+01 1.160436974789915787e+01 5.250000000000001421e+01 2.222341239479723285e+01 3.149999999999998934e+01 2.520945945945944899e+01 5.222727272727270531e+01 5.289024390243901053e+01 8.149999999999997158e+01 7.291666666666664298e+01 5.657142857142854808e+01 7.837499999999997158e+01 7.937499999999997158e+01 6.154999999999999005e+01 6.123148148148147385e+01 4.266666666666665719e+01 5.249999999999998579e+01 2.401851851851850839e+01 2.569874752801581153e+01 5.189436619718308918e+01 5.957865168539326106e+01 5.525806451612903203e+01 7.466666666666667140e+01 6.995999999999999375e+01 0.000000000000000000e+00 5.821126760563379321e+01 2.432352941176469940e+01 1.555281135049921026e+01 3.292307692307691980e+01 0.000000000000000000e+00 5.349999999999996447e+01 5.156250000000000000e+01 5.719230769230768630e+01 4.028571428571427759e+01 5.134999999999998721e+01 0.000000000000000000e+00 0.000000000000000000e+00 0.000000000000000000e+00 0.000000000000000000e+00 0.000000000000000000e+00 0.000000000000000000e+00 5.124999999999997868e+01 0.000000000000000000e+00 0.000000000000000000e+00 0.000000000000000000e+00 0.000000000000000000e+00 0.000000000000000000e+00 0.000000000000000000e+00 3.924999999999998579e+01 0.000000000000000000e+00 4.249999999999996447e+01 0.000000000000000000e+00 0.000000000000000000e+00 0.000000000000000000e+00 0.000000000000000000e+00 0.000000000000000000e+00 0.000000000000000000e+00 0.000000000000000000e+00 0.000000000000000000e+00 0.000000000000000000e+00 7.149999999999994316e+01 0.000000000000000000e+00 0.000000000000000000e+00 0.000000000000000000e+00 0.000000000000000000e+00 0.000000000000000000e+00 0.000000000000000000e+00 0.000000000000000000e+00 0.000000000000000000e+00 4.199999999999996447e+01 0.000000000000000000e+00 5.549999999999995737e+01 0.000000000000000000e+00 0.000000000000000000e+00 0.000000000000000000e+00 0.000000000000000000e+00 0.000000000000000000e+00 0.000000000000000000e+00
0.000000000000000000e+00 0.000000000000000000e+00 0.000000000000000000e+00 9.811383928571425272e+00 1.762183826148912758e+01 1.775620975160992643e+01 1.220542256961406657e+01 1.933842526143120111e+01 1.656509884117245690e+01 1.201128616629154777e+01 1.670864461045890437e+01 1.550546481267835830e+01 4.310634547591067900e+01 4.761553784860554828e+01 3.687583444592788595e+01 2.075731497418243521e+01 2.249225663716812562e+01 4.640363881401615487e+01 6.215867346938773608e+01 0.000000000000000000e+00 9.250000000000000000e+01 7.111111111111111427e+01 1.069999999999999858e+02 1.008333333333333002e+02 8.116666666666664298e+01 7.365277777777775725e+01 9.700000000000000000e+01 6.677272727272725206e+01 5.331334459459456809e+01 5.456880733944952055e+01 6.521082089552236027e+01 6.486777210884351064e+01 6.313188976377949757e+01 6.881249999999997158e+01 7.789062500000000000e+01 6.549999999999998579e+01 7.894285714285713595e+01 2.262238601302707153e+01 2.602110740231688268e+01 4.022041420118340938e+01 0.000000000000000000e+00 6.141935483870966550e+01 6.978431372549017908e+01 6.079166666666664298e+01 3.489044943820223210e+01 5.682380952380950845e+01 0.000000000000000000e+00 0.000000000000000000e+00 0.000000000000000000e+00 0.000000000000000000e+00 0.000000000000000000e+00 4.369999999999995310e+01 4.764062499999995737e+01 6.034999999999996589e+01 4.492682926829263579e+01 6.999999999999995737e+01 0.000000000000000000e+00 0.000000000000000000e+00 2.990909090909089585e+01 3.071249999999997726e+01 4.934999999999995879e+01 6.671428571428567977e+01 0.000000000000000000e+00 0.000000000000000000e+00 9.500000000000002842e+01 0.000000000000000000e+00 0.000000000000000000e+00 0.000000000000000000e+00 0.000000000000000000e+00 0.000000000000000000e+00 0.000000000000000000e+00 0.000000000000000000e+00 0.000000000000000000e+00 0.000000000000000000e+00 0.000000000000000000e+00 0.000000000000000000e+00 0.000000000000000000e+00 0.000000000000000000e+00 0.000000000000000000e+00 0.000000000000000000e+00 4.083333333333329307e+01 4.949999999999997158e+01 0.000000000000000000e+00 0.000000000000000000e+00 4.199999999999995737e+01 0.000000000000000000e+00 0.000000000000000000e+00 3.099999999999995026e+01 0.000000000000000000e+00
0.000000000000000000e+00 0.000000000000000000e+00 0.000000000000000000e+00 4.749999999999998579e+01 4.226339285714283278e+01 4.217514124293783340e+01 4.564999999999996305e+01 3.448507462686566072e+01 2.345703125000000000e+01 1.670864461045890437e+01 1.304095302315126936e+01 1.871264626462646063e+01 1.630605381165919354e+01 3.709210526315789735e+01 2.814884393063583801e+01 3.801183431952660641e+01 2.248976109215015740e+01 3.194285714285713595e+01 4.559625668449197633e+01 6.674999999999997158e+01 6.522499999999999432e+01 5.429347826086956275e+01 6.208333333333332149e+01 7.694444444444440023e+01 5.560869565217391397e+01 5.523255813953488058e+01 5.072727272727272663e+01 4.910493827160493652e+01 3.221398747390396267e+01 3.387150349650349312e+01 4.745161290322580783e+01 4.754012915129150940e+01 4.663418406805877936e+01 5.143119266055045813e+01 6.039906651108518076e+01 5.875000000000000000e+01 5.542878787878787961e+01 2.105311973018549310e+01 2.349222668004011183e+01 3.419105691056910246e+01 0.000000000000000000e+00 3.853846153846154010e+01 5.002631578947368496e+01 4.793333333333333002e+01 4.257777777777776151e+01 3.943229166666666430e+01 0.000000000000000000e+00 0.000000000000000000e+00 0.000000000000000000e+00 0.000000000000000000e+00 0.000000000000000000e+00 0.000000000000000000e+00 5.519999999999995310e+01 5.079999999999998295e+01 4.719999999999996732e+01 0.000000000000000000e+00 0.000000000000000000e+00 0.000000000000000000e+00 0.000000000000000000e+00 3.542307692307687716e+01 3.122222222222221433e+01 0.000000000000000000e+00 0.000000000000000000e+00 0.000000000000000000e+00 0.000000000000000000e+00 0.000000000000000000e+00 0.000000000000000000e+00 0.000000000000000000e+00 0.000000000000000000e+00 0.000000000000000000e+00 0.000000000000000000e+00 0.000000000000000000e+00 0.000000000000000000e+00 0.000000000000000000e+00 9.324999999999997158e+01 5.716666666666668561e+01 0.000000000000000000e+00 0.000000000000000000e+00 0.000000000000000000e+00 0.000000000000000000e+00 0.000000000000000000e+00 4.979999999999996874e+01 4.349999999999997868e+01 0.000000000000000000e+00 0.000000000000000000e+00 0.000000000000000000e+00 0.000000000000000000e+00 0.000000000000000000e+00 5.500000000000002132e+01
0.000000000000000000e+00 0.000000000000000000e+00 0.000000000000000000e+00 7.468341362697864305e+00 2.540879549393413228e+01 2.764883401920437933e+01 3.531034482758619220e+01 2.651481481481479818e+01 2.686235955056179847e+01 1.550546481267835830e+01 1.871264626462646063e+01 1.583050146641665279e+01 2.279742145820983978e+01 1.803824482321453004e+01 2.795719844357976314e+01 2.319840677122229522e+01 1.878682983682983121e+01 2.535981012658226774e+01 4.656006674082313879e+01 0.000000000000000000e+00 7.789999999999999147e+01 7.150000000000000000e+01 0.000000000000000000e+00 9.499999999999995737e+01 8.199999999999998579e+01 5.908333333333333570e+01 8.525000000000000000e+01 5.565625000000000000e+01 3.677176220806794049e+01 4.715109890109889790e+01 6.059589041095890138e+01 4.796357012750455340e+01 4.549311023622047401e+01 6.875000000000000000e+01 7.142647058823528994e+01 6.799999999999998579e+01 7.397222222222222854e+01 2.331296343646125635e+01 2.941635777598709467e+01 3.474238578680203204e+01 0.000000000000000000e+00 4.000000000000000000e+01 5.854838709677418507e+01 4.473571428571428754e+01 4.241769547325102252e+01 4.001714285714285779e+01 0.000000000000000000e+00 5.849999999999997158e+01 3.799999999999997158e+01 0.000000000000000000e+00 0.000000000000000000e+00 4.872727272727267689e+01 4.667460317460314911e+01 5.112857142857139792e+01 2.022845953002609676e+01 4.103571428571426338e+01 2.695833333333332860e+01 0.000000000000000000e+00 3.106363636363635194e+01 2.965957446808509701e+01 2.622352941176469443e+01 4.888888888888887863e+01 0.000000000000000000e+00 0.000000000000000000e+00 6.950000000000000000e+01 0.000000000000000000e+00 0.000000000000000000e+00 0.000000000000000000e+00 0.000000000000000000e+00 0.000000000000000000e+00 0.000000000000000000e+00 7.299999999999998579e+01 7.349999999999997158e+01 0.000000000000000000e+00 8.699999999999994316e+01 6.083333333333333570e+01 0.000000000000000000e+00 0.000000000000000000e+00 0.000000000000000000e+00 7.599999999999994316e+01 3.817391304347824388e+01 4.979729729729727694e+01 4.939999999999999147e+01 0.000000000000000000e+00 3.900000000000002132e+01 8.049999999999995737e+01 0.000000000000000000e+00 4.459999999999998721e+01 5.775000000000001421e+01
0.000000000000000000e+00 0.000000000000000000e+00 0.000000000000000000e+00 6.924999999999997158e+01 5.991954022988502260e+01 5.921999999999997044e+01 5.281666666666664867e+01 4.010888888888887038e+01 1.160436974789915787e+01 4.310634547591067900e+01 1.630605381165919354e+01 2.279742145820983978e+01 1.402184670570694180e+01 8.332422184992505976e+00 2.277666486193828277e+01 5.599099099099096577e+01 4.014220183486236948e+01 1.843710407239818849e+01 3.383333333333333570e+01 6.919999999999996021e+01 6.057692307692308020e+01 5.012500000000000000e+01 6.176666666666666572e+01 7.988461538461537259e+01 5.298648648648648418e+01 2.146240601503759393e+01 4.165151515151514872e+01 4.345789473684210691e+01 1.933200478278198631e+01 2.619709168583634451e+01 4.070015698587127417e+01 3.205960365853658800e+01 3.545767195767196256e+01 4.646808510638298628e+01 5.201666666666666572e+01 5.044230769230769340e+01 4.927830188679245538e+01 2.807407407407407263e+01 2.436858208241706336e+01 3.031430131004367468e+01 0.000000000000000000e+00 3.011165048543689338e+01 4.525257731958762975e+01 3.824681933842239090e+01 5.119999999999998153e+01 3.859829059829059617e+01 0.000000000000000000e+00 0.000000000000000000e+00 0.000000000000000000e+00 0.000000000000000000e+00 0.000000000000000000e+00 0.000000000000000000e+00 6.649999999999992895e+01 5.650000000000000000e+01 5.506249999999997158e+01 0.000000000000000000e+00 4.583333333333329307e+01 0.000000000000000000e+00 4.600000000000000000e+01 4.239999999999996305e+01 3.530769230769229239e+01 3.650000000000000000e+01 0.000000000000000000e+00 0.000000000000000000e+00 0.000000000000000000e+00 8.799999999999995737e+01 0.000000000000000000e+00 0.000000000000000000e+00 0.000000000000000000e+00 0.000000000000000000e+00 0.000000000000000000e+00 0.000000000000000000e+00 0.000000000000000000e+00 0.000000000000000000e+00 0.000000000000000000e+00 0.000000000000000000e+00 0.000000000000000000e+00 0.000000000000000000e+00 0.000000000000000000e+00 0.000000000000000000e+00 4.216666666666665719e+01 0.000000000000000000e+00 4.600000000000002132e+01 0.000000000000000000e+00 3.650000000000001421e+01 0.000000000000000000e+00 0.000000000000000000e+00 6.849999999999987210e+01 0.000000000000000000e+00
0.000000000000000000e+00 0.000000000000000000e+00 0.000000000000000000e+00 0.000000000000000000e+00 5.600781249999997158e+01 6.705555555555551450e+01 0.000000000000000000e+00 0.000000000000000000e+00 5.250000000000001421e+01 4.761553784860554828e+01 3.709210526315789735e+01 1.803824482321453004e+01 8.332422184992505976e+00 1.142564655172413879e+01 2.817999999999999972e+01 5.007731958762884972e+01 4.020512820512817598e+01 1.281970260223048186e+01 2.442647058823530060e+01 0.000000000000000000e+00 0.000000000000000000e+00 0.000000000000000000e+00 0.000000000000000000e+00 0.000000000000000000e+00 0.000000000000000000e+00 3.750000000000002132e+01 0.000000000000000000e+00 3.333333333333333570e+01 1.059338186631369894e+01 3.391772151898734222e+01 5.090000000000001279e+01 1.623969072164948102e+01 1.539999999999999680e+01 2.500000000000000000e+01 4.200000000000001421e+01 0.000000000000000000e+00 5.700000000000000711e+01 5.005999999999998096e+01 5.283823529411763076e+01 3.263235294117647811e+01 0.000000000000000000e+00 2.433333333333333215e+01 4.762500000000000000e+01 4.256666666666666998e+01 5.774999999999999289e+01 4.207500000000000284e+01 0.000000000000000000e+00 0.000000000000000000e+00 0.000000000000000000e+00 0.000000000000000000e+00 0.000000000000000000e+00 0.000000000000000000e+00 6.349999999999992895e+01 0.000000000000000000e+00 5.799999999999995026e+01 0.000000000000000000e+00 0.000000000000000000e+00 0.000000000000000000e+00 5.874999999999992895e+01 6.124999999999992895e+01 0.000000000000000000e+00 1.524999999999999645e+01 0.000000000000000000e+00 0.000000000000000000e+00 0.000000000000000000e+00 0.000000000000000000e+00 0.000000000000000000e+00 0.000000000000000000e+00 0.000000000000000000e+00 0.000000000000000000e+00 0.000000000000000000e+00 0.000000000000000000e+00 0.000000000000000000e+00 0.000000000000000000e+00 0.000000000000000000e+00 0.000000000000000000e+00 0.000000000000000000e+00 0.000000000000000000e+00 0.000000000000000000e+00 0.000000000000000000e+00 0.000000000000000000e+00 0.000000000000000000e+00 0.000000000000000000e+00 0.000000000000000000e+00 0.000000000000000000e+00 0.000000000000000000e+00 0.000000000000000000e+00 0.000000000000000000e+00 5.150000000000000711e+01
0.000000000000000000e+00 0.000000000000000000e+00 0.000000000000000000e+00 4.450000000000000711e+01 2.859836065573769304e+01 2.210148514851483981e+01 3.869999999999998153e+01 3.641666666666665009e+01 2.222341239479723285e+01 3.687583444592788595e+01 2.814884393063583801e+01 2.795719844357976314e+01 2.277666486193828277e+01 2.817999999999999972e+01 1.130648416249889898e+01 3.160256410256409154e+01 4.022222222222220722e+01 2.043984962406015171e+01 2.292469879518071707e+01 1.571387283236993682e+01 2.512037037037035958e+01 2.887499999999999645e+01 2.549572649572649397e+01 2.034057971014491528e+01 2.528619528619527657e+01 1.851717464925011569e+01 1.589919354838709076e+01 2.746004098360655021e+01 2.130693430656934240e+01 2.602206673842841411e+01 3.980301204819275540e+01 3.074853019775521190e+01 3.562244897959183731e+01 5.199999999999999289e+01 4.902987421383645739e+01 6.249999999999998579e+01 4.878358208955222608e+01 1.889473684210526017e+01 7.999219707947828439e+00 1.826329787234042712e+01 0.000000000000000000e+00 2.244362017804153453e+01 1.601394628099173190e+01 1.377544910179640780e+01 2.593749999999997868e+01 2.156181318681317549e+01 0.000000000000000000e+00 0.000000000000000000e+00 0.000000000000000000e+00 0.000000000000000000e+00 0.000000000000000000e+00 0.000000000000000000e+00 0.000000000000000000e+00 0.000000000000000000e+00 0.000000000000000000e+00 0.000000000000000000e+00 0.000000000000000000e+00 0.000000000000000000e+00 0.000000000000000000e+00 0.000000000000000000e+00 0.000000000000000000e+00 2.724999999999997868e+01 0.000000000000000000e+00 0.000000000000000000e+00 0.000000000000000000e+00 0.000000000000000000e+00 0.000000000000000000e+00 0.000000000000000000e+00 0.000000000000000000e+00 0.000000000000000000e+00 0.000000000000000000e+00 0.000000000000000000e+00 0.000000000000000000e+00 0.000000000000000000e+00 0.000000000000000000e+00 3.424999999999997158e+01 0.000000000000000000e+00 0.000000000000000000e+00 0.000000000000000000e+00 0.000000000000000000e+00 0.000000000000000000e+00 0.000000000000000000e+00 0.000000000000000000e+00 0.000000000000000000e+00 3.500000000000002842e+01 3.549999999999997158e+01 0.000000000000000000e+00 0.000000000000000000e+00 0.000000000000000000e+00
0.000000000000000000e+00 0.000000000000000000e+00 0.000000000000000000e+00 3.074074074074072982e+01 1.517987152034260490e+01 2.101208053691274102e+01 2.945833333333332504e+01 1.930420711974109338e+01 3.149999999999998934e+01 2.075731497418243521e+01 3.801183431952660641e+01 2.319840677122229522e+01 5.599099099099096577e+01 5.007731958762884972e+01 3.160256410256409154e+01 6.739940387481368589e+00 1.191426729694885722e+01 3.879287392325760919e+01 5.691633064516127405e+01 0.000000000000000000e+00 0.000000000000000000e+00 7.350000000000000000e+01 0.000000000000000000e+00 0.000000000000000000e+00 0.000000000000000000e+00 7.125000000000000000e+01 0.000000000000000000e+00 0.000000000000000000e+00 6.250909090909089372e+01 7.083333333333330017e+01 7.924999999999998579e+01 7.236170212765954091e+01 6.212886597938142330e+01 0.000000000000000000e+00 0.000000000000000000e+00 0.000000000000000000e+00 9.899999999999998579e+01 1.404435226547542115e+01 2.255965532479008928e+01 4.140909090909088519e+01 0.000000000000000000e+00 6.058928571428570109e+01 7.219444444444441444e+01 5.657142857142855519e+01 1.094214285714284962e+01 4.409999999999996589e+01 0.000000000000000000e+00 2.450000000000000000e+01 0.000000000000000000e+00 4.699999999999991473e+01 3.424999999999998579e+01 2.949999999999997158e+01 3.401162790697669891e+01 5.858333333333330728e+01 3.807407407407404776e+01 5.966666666666662877e+01 5.349999999999995026e+01 6.599999999999995737e+01 1.833823529411764142e+01 2.023529411764705088e+01 3.774074074074071916e+01 5.340624999999997868e+01 0.000000000000000000e+00 0.000000000000000000e+00 0.000000000000000000e+00 0.000000000000000000e+00 0.000000000000000000e+00 0.000000000000000000e+00 0.000000000000000000e+00 0.000000000000000000e+00 0.000000000000000000e+00 7.300000000000001421e+01 0.000000000000000000e+00 0.000000000000000000e+00 0.000000000000000000e+00 7.199999999999997158e+01 0.000000000000000000e+00 0.000000000000000000e+00 0.000000000000000000e+00 0.000000000000000000e+00 2.206818181818179880e+01 4.099999999999997158e+01 5.349999999999999289e+01 0.000000000000000000e+00 0.000000000000000000e+00 8.249999999999998579e+01 0.000000000000000000e+00 2.049999999999998224e+01 2.200000000000004974e+01
0.000000000000000000e+00 0.000000000000000000e+00 0.000000000000000000e+00 4.249999999999996447e+01 3.237804878048780211e+01 3.448113207547169168e+01 0.000000000000000000e+00 2.364583333333332504e+01 2.520945945945944899e+01 2.249225663716812562e+01 2.248976109215015740e+01 1.878682983682983121e+01 4.014220183486236948e+01 4.020512820512817598e+01 4.022222222222220722e+01 1.191426729694885722e+01 7.715667311411988472e+00 1.855854126679461658e+01 4.177824858757060866e+01 0.000000000000000000e+00 0.000000000000000000e+00 0.000000000000000000e+00 0.000000000000000000e+00 5.449999999999995737e+01 0.000000000000000000e+00 7.499999999999998579e+01 5.575000000000002842e+01 0.000000000000000000e+00 5.174285714285711890e+01 5.821428571428567977e+01 6.550000000000000000e+01 5.456185567010308546e+01 4.090196078431371518e+01 0.000000000000000000e+00 0.000000000000000000e+00 0.000000000000000000e+00 0.000000000000000000e+00 1.964199395770391732e+01 2.571560574948663813e+01 3.199999999999999289e+01 0.000000000000000000e+00 5.376470588235292780e+01 5.421428571428570820e+01 4.700000000000000000e+01 3.411445783132528931e+01 3.524999999999999289e+01 0.000000000000000000e+00 3.325000000000001421e+01 2.099999999999996803e+01 0.000000000000000000e+00 3.183333333333329662e+01 2.526190476190473433e+01 3.190140845070419928e+01 3.697916666666663588e+01 2.971691176470585916e+01 4.816666666666665719e+01 4.649999999999999289e+01 0.000000000000000000e+00 1.935820895522387275e+01 1.477647058823528958e+01 1.907627118644067110e+01 4.411363636363635266e+01 0.000000000000000000e+00 0.000000000000000000e+00 0.000000000000000000e+00 6.999999999999997158e+01 0.000000000000000000e+00 0.000000000000000000e+00 0.000000000000000000e+00 0.000000000000000000e+00 0.000000000000000000e+00 6.524999999999997158e+01 5.699999999999992184e+01 0.000000000000000000e+00 7.112499999999997158e+01 4.883333333333334281e+01 0.000000000000000000e+00 0.000000000000000000e+00 0.000000000000000000e+00 6.700000000000000000e+01 2.674999999999998224e+01 3.640909090909088519e+01 4.249999999999996447e+01 0.000000000000000000e+00 0.000000000000000000e+00 6.650000000000000000e+01 0.000000000000000000e+00 3.566666666666666430e+01 4.250000000000001421e+01
