0.000000000000000000e+00 0.000000000000000000e+00 0.000000000000000000e+00 0.000000000000000000e+00 0.000000000000000000e+00 0.000000000000000000e+00 0.000000000000000000e+00 0.000000000000000000e+00 0.000000000000000000e+00 0.000000000000000000e+00 0.000000000000000000e+00 0.000000000000000000e+00 0.000000000000000000e+00 0.000000000000000000e+00 0.000000000000000000e+00 0.000000000000000000e+00 0.000000000000000000e+00 0.000000000000000000e+00 0.000000000000000000e+00 0.000000000000000000e+00 0.000000000000000000e+00 0.000000000000000000e+00 0.000000000000000000e+00 0.000000000000000000e+00 0.000000000000000000e+00 0.000000000000000000e+00 0.000000000000000000e+00 0.000000000000000000e+00 0.000000000000000000e+00 0.000000000000000000e+00 0.000000000000000000e+00 0.000000000000000000e+00 0.000000000000000000e+00 0.000000000000000000e+00 0.000000000000000000e+00 0.000000000000000000e+00 0.000000000000000000e+00 0.000000000000000000e+00 0.000000000000000000e+00 0.000000000000000000e+00 0.000000000000000000e+00 0.000000000000000000e+00 0.000000000000000000e+00 0.000000000000000000e+00 0.000000000000000000e+00 0.000000000000000000e+00 0.000000000000000000e+00 0.000000000000000000e+00 0.000000000000000000e+00 0.000000000000000000e+00 0.000000000000000000e+00 0.000000000000000000e+00 0.000000000000000000e+00 0.000000000000000000e+00 0.000000000000000000e+00 0.000000000000000000e+00 0.000000000000000000e+00 0.000000000000000000e+00 0.000000000000000000e+00 0.000000000000000000e+00 0.000000000000000000e+00 0.000000000000000000e+00 0.000000000000000000e+00 0.000000000000000000e+00 0.000000000000000000e+00 0.000000000000000000e+00 0.000000000000000000e+00 0.000000000000000000e+00 0.000000000000000000e+00 0.000000000000000000e+00 0.000000000000000000e+00 0.000000000000000000e+00 0.000000000000000000e+00 0.000000000000000000e+00 0.000000000000000000e+00 0.000000000000000000e+00 0.000000000000000000e+00 0.000000000000000000e+00 0.000000000000000000e+00 0.000000000000000000e+00 0.000000000000000000e+00 0.000000000000000000e+00 0.000000000000000000e+00 0.000000000000000000e+00 0.000000000000000000e+00 0.000000000000000000e+00 0.000000000000000000e+00 0.000000000000000000e+00 0.000000000000000000e+00
0.000000000000000000e+00 0.000000000000000000e+00 0.000000000000000000e+00 0.000000000000000000e+00 0.000000000000000000e+00 0.000000000000000000e+00 0.000000000000000000e+00 0.000000000000000000e+00 0.000000000000000000e+00 0.000000000000000000e+00 0.000000000000000000e+00 0.000000000000000000e+00 0.000000000000000000e+00 0.000000000000000000e+00 0.000000000000000000e+00 0.000000000000000000e+00 0.000000000000000000e+00 0.000000000000000000e+00 0.000000000000000000e+00 0.000000000000000000e+00 0.000000000000000000e+00 0.000000000000000000e+00 0.000000000000000000e+00 0.000000000000000000e+00 0.000000000000000000e+00 0.000000000000000000e+00 0.000000000000000000e+00 0.000000000000000000e+00 0.000000000000000000e+00 0.000000000000000000e+00 0.000000000000000000e+00 0.000000000000000000e+00 0.000000000000000000e+00 0.000000000000000000e+00 0.000000000000000000e+00 0.000000000000000000e+00 0.000000000000000000e+00 0.000000000000000000e+00 0.000000000000000000e+00 0.000000000000000000e+00 0.000000000000000000e+00 0.000000000000000000e+00 0.000000000000000000e+00 0.000000000000000000e+00 0.000000000000000000e+00 0.000000000000000000e+00 0.000000000000000000e+00 0.000000000000000000e+00 0.000000000000000000e+00 0.000000000000000000e+00 0.000000000000000000e+00 0.000000000000000000e+00 0.000000000000000000e+00 0.000000000000000000e+00 0.000000000000000000e+00 0.000000000000000000e+00 0.000000000000000000e+00 0.000000000000000000e+00 0.000000000000000000e+00 0.000000000000000000e+00 0.000000000000000000e+00 0.000000000000000000e+00 0.000000000000000000e+00 0.000000000000000000e+00 0.000000000000000000e+00 0.000000000000000000e+00 0.000000000000000000e+00 0.000000000000000000e+00 0.000000000000000000e+00 0.000000000000000000e+00 0.000000000000000000e+00 0.000000000000000000e+00 0.000000000000000000e+00 0.000000000000000000e+00 0.000000000000000000e+00 0.000000000000000000e+00 0.000000000000000000e+00 0.000000000000000000e+00 0.000000000000000000e+00 0.000000000000000000e+00 0.000000000000000000e+00 0.000000000000000000e+00 0.000000000000000000e+00 0.000000000000000000e+00 0.000000000000000000e+00 0.000000000000000000e+00 0.000000000000000000e+00 0.000000000000000000e+00 0.000000000000000000e+00
0.000000000000000000e+00 0.000000000000000000e+00 0.000000000000000000e+00 0.000000000000000000e+00 0.000000000000000000e+00 0.000000000000000000e+00 0.000000000000000000e+00 0.000000000000000000e+00 0.000000000000000000e+00 0.000000000000000000e+00 0.000000000000000000e+00 0.000000000000000000e+00 0.000000000000000000e+00 0.000000000000000000e+00 0.000000000000000000e+00 0.000000000000000000e+00 0.000000000000000000e+00 0.000000000000000000e+00 0.000000000000000000e+00 0.000000000000000000e+00 0.000000000000000000e+00 0.000000000000000000e+00 0.000000000000000000e+00 0.000000000000000000e+00 0.000000000000000000e+00 0.000000000000000000e+00 0.000000000000000000e+00 0.000000000000000000e+00 0.000000000000000000e+00 0.000000000000000000e+00 0.000000000000000000e+00 0.000000000000000000e+00 0.000000000000000000e+00 0.000000000000000000e+00 0.000000000000000000e+00 0.000000000000000000e+00 0.000000000000000000e+00 0.000000000000000000e+00 0.000000000000000000e+00 0.000000000000000000e+00 0.000000000000000000e+00 0.000000000000000000e+00 0.000000000000000000e+00 0.000000000000000000e+00 0.000000000000000000e+00 0.000000000000000000e+00 0.000000000000000000e+00 0.000000000000000000e+00 0.000000000000000000e+00 0.000000000000000000e+00 0.000000000000000000e+00 0.000000000000000000e+00 0.000000000000000000e+00 0.000000000000000000e+00 0.000000000000000000e+00 0.000000000000000000e+00 0.000000000000000000e+00 0.000000000000000000e+00 0.000000000000000000e+00 0.000000000000000000e+00 0.000000000000000000e+00 0.000000000000000000e+00 0.000000000000000000e+00 0.000000000000000000e+00 0.000000000000000000e+00 0.000000000000000000e+00 0.000000000000000000e+00 0.000000000000000000e+00 0.000000000000000000e+00 0.000000000000000000e+00 0.000000000000000000e+00 0.000000000000000000e+00 0.000000000000000000e+00 0.000000000000000000e+00 0.000000000000000000e+00 0.000000000000000000e+00 0.000000000000000000e+00 0.000000000000000000e+00 0.000000000000000000e+00 0.000000000000000000e+00 0.000000000000000000e+00 0.000000000000000000e+00 0.000000000000000000e+00 0.000000000000000000e+00 0.000000000000000000e+00 0.000000000000000000e+00 0.000000000000000000e+00 0.000000000000000000e+00 0.000000000000000000e+00
0.000000000000000000e+00 0.000000000000000000e+00 0.000000000000000000e+00 4.698539176626822744e+00 6.259800153727899108e+00 1.081049562682215281e+01 3.575000000000000000e+01 3.421428571428568688e+01 3.849999999999999289e+01 9.251322751322748061e+00 0.000000000000000000e+00 5.894316163410300291e+00 0.000000000000000000e+00 0.000000000000000000e+00 4.999999999999994316e+01 3.449999999999995026e+01 2.449999999999999289e+01 0.000000000000000000e+00 0.000000000000000000e+00 0.000000000000000000e+00 0.000000000000000000e+00 0.000000000000000000e+00 0.000000000000000000e+00 0.000000000000000000e+00 0.000000000000000000e+00 0.000000000000000000e+00 0.000000000000000000e+00 0.000000000000000000e+00 0.000000000000000000e+00 0.000000000000000000e+00 0.000000000000000000e+00 0.000000000000000000e+00 0.000000000000000000e+00 0.000000000000000000e+00 0.000000000000000000e+00 0.000000000000000000e+00 0.000000000000000000e+00 2.848275862068964059e+01 3.461111111111109295e+01 0.000000000000000000e+00 0.000000000000000000e+00 0.000000000000000000e+00 0.000000000000000000e+00 0.000000000000000000e+00 3.225000000000000000e+01 0.000000000000000000e+00 0.000000000000000000e+00 0.000000000000000000e+00 0.000000000000000000e+00 0.000000000000000000e+00 0.000000000000000000e+00 0.000000000000000000e+00 0.000000000000000000e+00 0.000000000000000000e+00 0.000000000000000000e+00 0.000000000000000000e+00 0.000000000000000000e+00 0.000000000000000000e+00 0.000000000000000000e+00 0.000000000000000000e+00 0.000000000000000000e+00 0.000000000000000000e+00 0.000000000000000000e+00 0.000000000000000000e+00 0.000000000000000000e+00 0.000000000000000000e+00 0.000000000000000000e+00 0.000000000000000000e+00 0.000000000000000000e+00 0.000000000000000000e+00 0.000000000000000000e+00 0.000000000000000000e+00 0.000000000000000000e+00 0.000000000000000000e+00 0.000000000000000000e+00 0.000000000000000000e+00 0.000000000000000000e+00 0.000000000000000000e+00 0.000000000000000000e+00 0.000000000000000000e+00 0.000000000000000000e+00 0.000000000000000000e+00 0.000000000000000000e+00 0.000000000000000000e+00 0.000000000000000000e+00 0.000000000000000000e+00 0.000000000000000000e+00 0.000000000000000000e+00 0.000000000000000000e+00
0.000000000000000000e+00 0.000000000000000000e+00 0.000000000000000000e+00 6.259800153727899108e+00 9.920562365814800998e+00 1.042531679698031333e+01 2.523134328358208123e+01 2.457963709677417796e+01 3.796634615384614619e+01 1.368239202657806786e+01 4.058333333333332149e+01 1.667032003507233284e+01 5.449999999999999289e+01 6.199999999999998579e+01 3.586666666666665293e+01 1.297742663656883977e+01 2.623863636363635266e+01 4.840624999999997158e+01 6.437499999999997158e+01 0.000000000000000000e+00 0.000000000000000000e+00 0.000000000000000000e+00 0.000000000000000000e+00 0.000000000000000000e+00 0.000000000000000000e+00 0.000000000000000000e+00 0.000000000000000000e+00 0.000000000000000000e+00 0.000000000000000000e+00 6.150000000000000711e+01 0.000000000000000000e+00 8.077777777777775725e+01 7.719999999999997442e+01 0.000000000000000000e+00 0.000000000000000000e+00 0.000000000000000000e+00 0.000000000000000000e+00 1.336894522408329067e+01 2.118885741265343370e+01 3.731818181818180591e+01 0.000000000000000000e+00 0.000000000000000000e+00 0.000000000000000000e+00 0.000000000000000000e+00 6.328388598022102407e+00 2.307142857142856229e+01 0.000000000000000000e+00 0.000000000000000000e+00 5.049999999999997868e+01 0.000000000000000000e+00 0.000000000000000000e+00 0.000000000000000000e+00 6.207142857142853387e+01 5.899999999999995026e+01 0.000000000000000000e+00 0.000000000000000000e+00 0.000000000000000000e+00 9.300000000000001421e+01 3.133333333333331083e+01 3.739999999999997726e+01 5.199999999999997158e+01 0.000000000000000000e+00 0.000000000000000000e+00 0.000000000000000000e+00 0.000000000000000000e+00 0.000000000000000000e+00 0.000000000000000000e+00 0.000000000000000000e+00 0.000000000000000000e+00 0.000000000000000000e+00 0.000000000000000000e+00 0.000000000000000000e+00 0.000000000000000000e+00 0.000000000000000000e+00 7.899999999999995737e+01 0.000000000000000000e+00 0.000000000000000000e+00 0.000000000000000000e+00 0.000000000000000000e+00 0.000000000000000000e+00 2.199999999999997158e+01 4.008333333333330017e+01 0.000000000000000000e+00 0.000000000000000000e+00 0.000000000000000000e+00 0.000000000000000000e+00 0.000000000000000000e+00 9.166666666666658969e+00 1.108333333333332682e+01
0.000000000000000000e+00 0.000000000000000000e+00 0.000000000000000000e+00 1.081049562682215281e+01 1.042531679698031333e+01 1.456817981100414094e+01 1.034783837242158455e+01 1.493776550552250804e+01 2.962890624999998934e+01 1.547041822509349984e+01 4.170807453416146870e+01 2.405068728522335775e+01 5.483999999999996078e+01 7.200000000000000000e+01 3.244885177453026159e+01 2.230335968379444722e+01 3.503571428571427049e+01 5.040909090909089940e+01 6.033333333333327886e+01 0.000000000000000000e+00 0.000000000000000000e+00 0.000000000000000000e+00 3.450000000000001421e+01 2.449999999999996803e+01 4.499999999999998579e+01 3.962499999999998579e+01 4.643749999999997158e+01 0.000000000000000000e+00 6.242187499999998579e+01 5.255882352941173963e+01 6.058333333333331439e+01 7.554166666666664298e+01 7.446874999999997158e+01 7.550000000000000000e+01 6.662499999999998579e+01 0.000000000000000000e+00 0.000000000000000000e+00 1.849626865671640630e+01 2.055930930930929179e+01 2.882812499999998579e+01 0.000000000000000000e+00 4.374999999999997158e+01 2.969999999999998153e+01 2.427777777777776436e+01 1.994910714285713027e+01 4.729166666666665009e+01 0.000000000000000000e+00 3.550000000000002132e+01 1.469999999999999432e+02 0.000000000000000000e+00 6.574999999999994316e+01 5.399999999999989342e+01 6.949999999999992895e+01 0.000000000000000000e+00 5.149999999999994316e+01 0.000000000000000000e+00 0.000000000000000000e+00 0.000000000000000000e+00 3.274999999999996447e+01 4.324999999999995737e+01 0.000000000000000000e+00 0.000000000000000000e+00 0.000000000000000000e+00 0.000000000000000000e+00 0.000000000000000000e+00 0.000000000000000000e+00 0.000000000000000000e+00 0.000000000000000000e+00 0.000000000000000000e+00 0.000000000000000000e+00 0.000000000000000000e+00 9.299999999999998579e+01 0.000000000000000000e+00 0.000000000000000000e+00 0.000000000000000000e+00 7.500000000000000000e+01 0.000000000000000000e+00 0.000000000000000000e+00 0.000000000000000000e+00 0.000000000000000000e+00 3.766666666666663588e+01 6.959999999999999432e+01 0.000000000000000000e+00 0.000000000000000000e+00 8.100000000000000000e+01 0.000000000000000000e+00 0.000000000000000000e+00 1.749999999999998934e+01 2.300000000000001421e+01
0.000000000000000000e+00 0.000000000000000000e+00 0.000000000000000000e+00 3.575000000000000000e+01 2.523134328358208123e+01 1.034783837242158455e+01 8.459167950693368354e+00 7.473422399090388524e+00 2.096078431372548678e+01 1.063862249346119881e+01 4.162500000000000000e+01 3.029255319148935044e+01 4.775000000000000000e+01 0.000000000000000000e+00 4.043999999999999062e+01 2.633333333333332149e+01 4.049999999999998579e+01 0.000000000000000000e+00 6.899999999999992895e+01 0.000000000000000000e+00 0.000000000000000000e+00 0.000000000000000000e+00 0.000000000000000000e+00 0.000000000000000000e+00 0.000000000000000000e+00 0.000000000000000000e+00 5.100000000000001421e+01 0.000000000000000000e+00 5.666666666666666430e+01 4.899999999999997868e+01 0.000000000000000000e+00 5.999999999999997158e+01 0.000000000000000000e+00 0.000000000000000000e+00 0.000000000000000000e+00 0.000000000000000000e+00 0.000000000000000000e+00 2.967857142857142350e+01 2.269008264462808455e+01 0.000000000000000000e+00 0.000000000000000000e+00 0.000000000000000000e+00 0.000000000000000000e+00 0.000000000000000000e+00 3.599999999999997158e+01 0.000000000000000000e+00 0.000000000000000000e+00 0.000000000000000000e+00 0.000000000000000000e+00 0.000000000000000000e+00 0.000000000000000000e+00 0.000000000000000000e+00 0.000000000000000000e+00 7.949999999999994316e+01 5.699999999999996447e+01 0.000000000000000000e+00 0.000000000000000000e+00 0.000000000000000000e+00 4.400000000000001421e+01 0.000000000000000000e+00 0.000000000000000000e+00 0.000000000000000000e+00 0.000000000000000000e+00 0.000000000000000000e+00 0.000000000000000000e+00 0.000000000000000000e+00 0.000000000000000000e+00 0.000000000000000000e+00 0.000000000000000000e+00 0.000000000000000000e+00 0.000000000000000000e+00 0.000000000000000000e+00 0.000000000000000000e+00 0.000000000000000000e+00 0.000000000000000000e+00 0.000000000000000000e+00 0.000000000000000000e+00 0.000000000000000000e+00 0.000000000000000000e+00 0.000000000000000000e+00 0.000000000000000000e+00 0.000000000000000000e+00 0.000000000000000000e+00 0.000000000000000000e+00 0.000000000000000000e+00 0.000000000000000000e+00 0.000000000000000000e+00 0.000000000000000000e+00 0.000000000000000000e+00
0.000000000000000000e+00 0.000000000000000000e+00 0.000000000000000000e+00 3.421428571428568688e+01 2.457963709677417796e+01 1.493776550552250804e+01 7.473422399090388524e+00 8.096738732136314454e+00 8.187349189934504778e+00 2.064684267827979625e+01 3.575287356321837962e+01 2.544283565250092849e+01 3.417647058823529704e+01 6.674999999999998579e+01 3.488452380952379883e+01 2.161065573770491710e+01 2.823170731707315895e+01 0.000000000000000000e+00 7.099999999999994316e+01 0.000000000000000000e+00 0.000000000000000000e+00 0.000000000000000000e+00 0.000000000000000000e+00 0.000000000000000000e+00 0.000000000000000000e+00 3.774999999999995737e+01 4.418749999999998579e+01 0.000000000000000000e+00 4.861274509803920552e+01 4.057142857142855519e+01 5.850000000000001421e+01 6.273913043478260931e+01 6.700000000000001421e+01 0.000000000000000000e+00 8.774999999999998579e+01 0.000000000000000000e+00 0.000000000000000000e+00 2.386690647482013716e+01 2.494675925925924176e+01 3.783333333333331439e+01 0.000000000000000000e+00 4.500000000000002842e+01 5.799999999999994316e+01 3.699999999999995026e+01 3.139473684210524596e+01 5.483333333333327886e+01 0.000000000000000000e+00 0.000000000000000000e+00 4.149999999999993605e+01 0.000000000000000000e+00 3.912499999999995026e+01 4.549999999999997158e+01 4.485714285714282568e+01 0.000000000000000000e+00 4.435714285714283278e+01 0.000000000000000000e+00 0.000000000000000000e+00 0.000000000000000000e+00 2.444444444444443576e+01 2.778571428571428470e+01 0.000000000000000000e+00 0.000000000000000000e+00 0.000000000000000000e+00 0.000000000000000000e+00 0.000000000000000000e+00 0.000000000000000000e+00 0.000000000000000000e+00 0.000000000000000000e+00 0.000000000000000000e+00 0.000000000000000000e+00 0.000000000000000000e+00 0.000000000000000000e+00 0.000000000000000000e+00 0.000000000000000000e+00 0.000000000000000000e+00 0.000000000000000000e+00 0.000000000000000000e+00 0.000000000000000000e+00 0.000000000000000000e+00 0.000000000000000000e+00 3.649999999999996447e+01 4.604999999999996163e+01 6.299999999999992895e+01 0.000000000000000000e+00 0.000000000000000000e+00 0.000000000000000000e+00 5.649999999999997868e+01 5.349999999999997158e+01 0.000000000000000000e+00
0.000000000000000000e+00 0.000000000000000000e+00 0.000000000000000000e+00 3.849999999999999289e+01 3.796634615384614619e+01 2.962890624999998934e+01 2.096078431372548678e+01 8.187349189934504778e+00 1.156002638522427439e+01 2.039421720733427534e+01 2.116202531645569707e+01 3.189565064889512414e+01 9.186333534015652447e+00 5.683333333333332149e+01 2.048079999999999501e+01 3.127901234567901412e+01 2.606564245810055880e+01 4.738235294117647101e+01 5.028571428571428470e+01 0.000000000000000000e+00 0.000000000000000000e+00 0.000000000000000000e+00 0.000000000000000000e+00 0.000000000000000000e+00 3.700000000000002132e+01 3.483333333333334281e+01 2.704999999999999361e+01 6.800000000000000000e+01 2.072741194486983218e+01 2.320640394088669112e+01 5.199999999999999289e+01 5.794117647058822484e+01 6.210000000000000142e+01 0.000000000000000000e+00 7.250000000000000000e+01 0.000000000000000000e+00 0.000000000000000000e+00 2.242896935933147518e+01 1.598258620689655096e+01 2.491406250000000000e+01 0.000000000000000000e+00 3.391666666666667140e+01 0.000000000000000000e+00 3.433333333333332149e+01 3.953333333333332433e+01 3.197656250000000000e+01 0.000000000000000000e+00 5.049999999999995026e+01 6.725000000000000000e+01 0.000000000000000000e+00 4.499999999999996447e+01 4.249999999999994316e+01 5.162837837837834343e+01 5.637499999999997158e+01 5.321428571428567977e+01 0.000000000000000000e+00 0.000000000000000000e+00 6.300000000000000000e+01 3.486842105263157521e+01 2.980263157894735571e+01 4.939999999999999147e+01 0.000000000000000000e+00 0.000000000000000000e+00 0.000000000000000000e+00 0.000000000000000000e+00 0.000000000000000000e+00 0.000000000000000000e+00 0.000000000000000000e+00 0.000000000000000000e+00 0.000000000000000000e+00 0.000000000000000000e+00 9.850000000000000000e+01 0.000000000000000000e+00 0.000000000000000000e+00 8.999999999999997158e+01 9.049999999999997158e+01 0.000000000000000000e+00 0.000000000000000000e+00 0.000000000000000000e+00 0.000000000000000000e+00 4.081249999999997158e+01 5.405882352941173252e+01 6.474999999999997158e+01 0.000000000000000000e+00 0.000000000000000000e+00 0.000000000000000000e+00 0.000000000000000000e+00 4.925000000000001421e+01 0.000000000000000000e+00
0.000000000000000000e+00 0.000000000000000000e+00 0.000000000000000000e+00 9.251322751322748061e+00 1.368239202657806786e+01 1.547041822509349984e+01 1.063862249346119881e+01 2.064684267827979625e+01 2.039421720733427534e+01 1.209052953865423419e+01 1.590139442231075151e+01 1.685629353831370736e+01 3.996852300242129274e+01 5.171428571428569398e+01 3.476271503365742888e+01 2.546724890829693422e+01 2.321025641025640240e+01 4.450537634408600951e+01 5.855952380952381020e+01 0.000000000000000000e+00 0.000000000000000000e+00 0.000000000000000000e+00 0.000000000000000000e+00 0.000000000000000000e+00 7.850000000000000000e+01 6.374999999999997868e+01 4.061764705882351478e+01 0.000000000000000000e+00 5.142016806722687505e+01 4.057709251101319836e+01 6.522222222222221433e+01 6.313246753246751553e+01 6.016666666666666430e+01 6.799999999999994316e+01 7.242857142857141639e+01 0.000000000000000000e+00 0.000000000000000000e+00 2.386312849162009897e+01 2.761120159247192873e+01 3.941999999999998039e+01 0.000000000000000000e+00 4.504651162790695196e+01 5.929999999999997584e+01 4.866666666666662877e+01 3.250581395348834945e+01 4.782122905027930670e+01 0.000000000000000000e+00 4.824999999999999289e+01 5.824999999999994316e+01 0.000000000000000000e+00 0.000000000000000000e+00 4.537499999999995026e+01 5.074137931034479720e+01 5.499999999999995026e+01 5.441935483870965129e+01 6.787499999999997158e+01 0.000000000000000000e+00 0.000000000000000000e+00 3.709374999999997868e+01 3.601111111111109153e+01 4.791176470588231950e+01 6.074999999999997158e+01 0.000000000000000000e+00 0.000000000000000000e+00 0.000000000000000000e+00 0.000000000000000000e+00 0.000000000000000000e+00 0.000000000000000000e+00 0.000000000000000000e+00 0.000000000000000000e+00 0.000000000000000000e+00 7.099999999999995737e+01 0.000000000000000000e+00 0.000000000000000000e+00 0.000000000000000000e+00 8.599999999999995737e+01 0.000000000000000000e+00 0.000000000000000000e+00 0.000000000000000000e+00 0.000000000000000000e+00 4.026086956521736226e+01 5.288636363636359761e+01 5.399999999999992895e+01 0.000000000000000000e+00 7.699999999999998579e+01 0.000000000000000000e+00 0.000000000000000000e+00 0.000000000000000000e+00 0.000000000000000000e+00
0.000000000000000000e+00 0.000000000000000000e+00 0.000000000000000000e+00 0.000000000000000000e+00 4.058333333333332149e+01 4.170807453416146870e+01 4.162500000000000000e+01 3.575287356321837962e+01 2.116202531645569707e+01 1.590139442231075151e+01 1.329337163057887672e+01 2.444806138933764217e+01 1.743291170634920562e+01 3.699593495934959009e+01 2.260466034755134146e+01 3.950359712230214626e+01 2.434382284382283856e+01 2.785860655737704761e+01 4.638106796116505137e+01 7.349999999999997158e+01 6.619811320754716633e+01 5.400000000000000000e+01 6.931250000000000000e+01 9.783333333333331439e+01 6.675000000000000000e+01 5.538034188034188077e+01 6.525000000000000000e+01 5.104444444444444429e+01 2.729964850615114358e+01 3.238299737072743056e+01 4.675766174801361785e+01 4.562164865946378711e+01 4.229723742507167117e+01 4.841632653061224545e+01 5.602658045977011625e+01 5.561486486486486314e+01 5.155706521739130466e+01 2.019122933141624188e+01 2.194630423138725206e+01 2.780242424242424093e+01 0.000000000000000000e+00 3.122670807453416231e+01 5.342792792792792511e+01 4.259259259259258101e+01 3.031818181818181301e+01 3.381942633637548568e+01 0.000000000000000000e+00 4.650000000000000711e+01 0.000000000000000000e+00 0.000000000000000000e+00 0.000000000000000000e+00 4.739999999999994884e+01 5.363636363636360471e+01 5.511363636363633134e+01 5.304545454545450411e+01 0.000000000000000000e+00 0.000000000000000000e+00 0.000000000000000000e+00 4.838888888888884310e+01 3.458823529411762365e+01 3.679999999999998295e+01 2.999999999999997868e+01 0.000000000000000000e+00 0.000000000000000000e+00 0.000000000000000000e+00 0.000000000000000000e+00 0.000000000000000000e+00 0.000000000000000000e+00 0.000000000000000000e+00 0.000000000000000000e+00 0.000000000000000000e+00 7.499999999999998579e+01 0.000000000000000000e+00 7.900000000000001421e+01 8.933333333333332860e+01 0.000000000000000000e+00 0.000000000000000000e+00 0.000000000000000000e+00 0.000000000000000000e+00 0.000000000000000000e+00 3.968749999999997158e+01 4.902941176470586271e+01 5.100000000000000711e+01 0.000000000000000000e+00 0.000000000000000000e+00 0.000000000000000000e+00 0.000000000000000000e+00 6.299999999999998579e+01 0.000000000000000000e+00
0.000000000000000000e+00 0.000000000000000000e+00 0.000000000000000000e+00 5.894316163410300291e+00 1.667032003507233284e+01 2.405068728522335775e+01 3.029255319148935044e+01 2.544283565250092849e+01 3.189565064889512414e+01 1.685629353831370736e+01 2.444806138933764217e+01 1.619560907250739490e+01 2.233581373019683269e+01 1.651746691289627833e+01 3.723168654173764480e+01 2.282132132132131375e+01 1.833724269985638244e+01 2.746011904761904887e+01 3.986343012704174527e+01 0.000000000000000000e+00 0.000000000000000000e+00 6.433333333333331439e+01 0.000000000000000000e+00 8.799999999999994316e+01 6.829999999999999716e+01 6.103571428571428470e+01 5.633333333333332149e+01 6.314999999999999147e+01 3.320367324561404132e+01 4.259135285913528435e+01 5.222972972972972627e+01 4.101628664495113696e+01 4.176410256410256494e+01 5.085714285714285410e+01 7.256521739130434412e+01 6.474999999999998579e+01 7.128571428571429180e+01 2.428062277246294443e+01 2.927558941920642965e+01 3.278693877551020108e+01 0.000000000000000000e+00 3.410937500000000711e+01 5.049999999999999289e+01 4.052564102564102910e+01 3.663124999999998721e+01 3.935589318600369069e+01 0.000000000000000000e+00 6.100000000000000711e+01 6.524999999999998579e+01 0.000000000000000000e+00 5.124999999999993605e+01 5.090909090909084966e+01 5.244186046511623545e+01 6.042045454545451122e+01 1.496949152542372197e+01 5.854999999999997584e+01 1.425000000000000888e+01 0.000000000000000000e+00 3.586249999999998295e+01 3.423076923076921219e+01 2.860135135135134377e+01 4.388235294117647101e+01 0.000000000000000000e+00 0.000000000000000000e+00 0.000000000000000000e+00 0.000000000000000000e+00 0.000000000000000000e+00 0.000000000000000000e+00 0.000000000000000000e+00 0.000000000000000000e+00 0.000000000000000000e+00 7.100000000000000000e+01 5.624999999999999289e+01 0.000000000000000000e+00 7.290000000000000568e+01 5.654999999999996874e+01 0.000000000000000000e+00 0.000000000000000000e+00 0.000000000000000000e+00 0.000000000000000000e+00 3.817307692307689848e+01 5.012499999999996447e+01 4.933333333333332149e+01 0.000000000000000000e+00 4.200000000000000000e+01 0.000000000000000000e+00 0.000000000000000000e+00 3.350000000000002842e+01 5.466666666666666430e+01
0.000000000000000000e+00 0.000000000000000000e+00 0.000000000000000000e+00 0.000000000000000000e+00 5.449999999999999289e+01 5.483999999999996078e+01 4.775000000000000000e+01 3.417647058823529704e+01 9.186333534015652447e+00 3.996852300242129274e+01 1.743291170634920562e+01 2.233581373019683269e+01 1.335648792558714959e+01 8.508348184973268502e+00 2.353868756121449479e+01 5.024999999999997868e+01 4.586666666666666003e+01 2.047445652173913189e+01 3.868750000000000711e+01 8.099999999999995737e+01 6.698000000000000398e+01 5.192857142857143060e+01 6.149999999999999289e+01 8.199999999999998579e+01 5.535714285714285410e+01 1.500576923076923030e+01 2.920370370370369884e+01 4.672580645161290391e+01 1.839348237034601752e+01 2.649288592294132627e+01 3.930952380952381020e+01 3.221516483516483476e+01 3.745779220779220964e+01 4.372077922077922096e+01 5.382934131736526950e+01 5.223684210526315752e+01 5.042968750000000000e+01 2.443266666666666609e+01 2.514638407778791063e+01 2.923736321000521698e+01 0.000000000000000000e+00 2.820303030303031022e+01 5.241935483870967971e+01 3.778873239436619969e+01 0.000000000000000000e+00 3.629460966542750811e+01 0.000000000000000000e+00 0.000000000000000000e+00 0.000000000000000000e+00 0.000000000000000000e+00 0.000000000000000000e+00 0.000000000000000000e+00 6.939999999999997726e+01 7.449999999999994316e+01 5.437499999999997868e+01 1.259999999999999574e+02 3.999999999999998579e+01 0.000000000000000000e+00 5.924999999999988631e+01 5.524999999999996447e+01 4.378571428571427759e+01 0.000000000000000000e+00 0.000000000000000000e+00 0.000000000000000000e+00 0.000000000000000000e+00 0.000000000000000000e+00 0.000000000000000000e+00 0.000000000000000000e+00 0.000000000000000000e+00 0.000000000000000000e+00 0.000000000000000000e+00 0.000000000000000000e+00 0.000000000000000000e+00 0.000000000000000000e+00 0.000000000000000000e+00 4.799999999999998579e+01 0.000000000000000000e+00 0.000000000000000000e+00 0.000000000000000000e+00 0.000000000000000000e+00 4.312499999999999289e+01 6.250000000000000000e+01 0.000000000000000000e+00 0.000000000000000000e+00 0.000000000000000000e+00 0.000000000000000000e+00 0.000000000000000000e+00 0.000000000000000000e+00 0.000000000000000000e+00
0.000000000000000000e+00 0.000000000000000000e+00 0.000000000000000000e+00 0.000000000000000000e+00 6.199999999999998579e+01 7.200000000000000000e+01 0.000000000000000000e+00 6.674999999999998579e+01 5.683333333333332149e+01 5.171428571428569398e+01 3.699593495934959009e+01 1.651746691289627833e+01 8.508348184973268502e+00 1.006733524355300879e+01 4.053125000000000711e+01 5.309374999999999289e+01 3.649999999999999289e+01 7.606557377049179891e+00 2.817647058823529704e+01 0.000000000000000000e+00 0.000000000000000000e+00 0.000000000000000000e+00 0.000000000000000000e+00 0.000000000000000000e+00 0.000000000000000000e+00 6.750000000000000000e+01 0.000000000000000000e+00 0.000000000000000000e+00 1.064073795180722826e+01 3.890000000000000568e+01 0.000000000000000000e+00 1.236269430051813245e+01 1.256989247311827995e+01 0.000000000000000000e+00 0.000000000000000000e+00 0.000000000000000000e+00 0.000000000000000000e+00 3.412500000000000711e+01 3.497368421052631504e+01 3.383653846153846700e+01 0.000000000000000000e+00 3.483333333333333570e+01 0.000000000000000000e+00 4.908333333333333570e+01 0.000000000000000000e+00 4.306666666666665577e+01 0.000000000000000000e+00 0.000000000000000000e+00 0.000000000000000000e+00 0.000000000000000000e+00 0.000000000000000000e+00 0.000000000000000000e+00 7.150000000000000000e+01 0.000000000000000000e+00 0.000000000000000000e+00 0.000000000000000000e+00 0.000000000000000000e+00 0.000000000000000000e+00 0.000000000000000000e+00 6.149999999999997868e+01 0.000000000000000000e+00 0.000000000000000000e+00 0.000000000000000000e+00 0.000000000000000000e+00 0.000000000000000000e+00 0.000000000000000000e+00 0.000000000000000000e+00 0.000000000000000000e+00 0.000000000000000000e+00 0.000000000000000000e+00 0.000000000000000000e+00 0.000000000000000000e+00 0.000000000000000000e+00 0.000000000000000000e+00 0.000000000000000000e+00 0.000000000000000000e+00 0.000000000000000000e+00 0.000000000000000000e+00 0.000000000000000000e+00 0.000000000000000000e+00 0.000000000000000000e+00 0.000000000000000000e+00 0.000000000000000000e+00 0.000000000000000000e+00 0.000000000000000000e+00 0.000000000000000000e+00 0.000000000000000000e+00 0.000000000000000000e+00 0.000000000000000000e+00
0.000000000000000000e+00 0.000000000000000000e+00 0.000000000000000000e+00 4.999999999999994316e+01 3.586666666666665293e+01 3.244885177453026159e+01 4.043999999999999062e+01 3.488452380952379883e+01 2.048079999999999501e+01 3.476271503365742888e+01 2.260466034755134146e+01 3.723168654173764480e+01 2.353868756121449479e+01 4.053125000000000711e+01 1.074111615985086665e+01 4.345731707317071368e+01 3.484536082474225793e+01 2.473228346456692606e+01 2.502671755725189939e+01 1.499999999999999289e+01 3.728911564625850161e+01 2.935185185185184409e+01 2.364999999999999858e+01 1.579687499999999289e+01 2.245919421487602818e+01 2.110891279293123191e+01 1.935120350109408349e+01 2.963926940639268892e+01 2.097270531400966220e+01 2.435849056603773732e+01 3.700827526132403023e+01 3.172012890431333076e+01 3.709178743961351898e+01 5.271739130434782794e+01 4.884329199549041789e+01 5.427272727272725916e+01 4.005405405405404196e+01 2.223151125401928851e+01 8.858104581985175585e+00 1.809529702970296938e+01 0.000000000000000000e+00 1.932223701731024690e+01 1.422915500839395619e+01 1.140854572713643300e+01 3.039999999999998792e+01 2.193632075471698073e+01 0.000000000000000000e+00 0.000000000000000000e+00 7.999999999999997158e+01 0.000000000000000000e+00 0.000000000000000000e+00 5.524999999999997158e+01 5.324999999999997868e+01 7.224999999999995737e+01 5.937499999999999289e+01 4.924999999999995737e+01 0.000000000000000000e+00 0.000000000000000000e+00 3.999999999999997868e+01 3.857692307692305889e+01 3.174999999999998934e+01 3.224999999999998579e+01 0.000000000000000000e+00 0.000000000000000000e+00 0.000000000000000000e+00 0.000000000000000000e+00 0.000000000000000000e+00 0.000000000000000000e+00 0.000000000000000000e+00 0.000000000000000000e+00 0.000000000000000000e+00 0.000000000000000000e+00 4.549999999999997158e+01 0.000000000000000000e+00 0.000000000000000000e+00 3.899999999999998579e+01 0.000000000000000000e+00 0.000000000000000000e+00 0.000000000000000000e+00 0.000000000000000000e+00 4.899999999999997158e+01 5.116666666666662167e+01 0.000000000000000000e+00 0.000000000000000000e+00 4.424999999999997158e+01 3.349999999999997158e+01 0.000000000000000000e+00 0.000000000000000000e+00 0.000000000000000000e+00
0.000000000000000000e+00 0.000000000000000000e+00 0.000000000000000000e+00 3.449999999999995026e+01 1.297742663656883977e+01 2.230335968379444722e+01 2.633333333333332149e+01 2.161065573770491710e+01 3.127901234567901412e+01 2.546724890829693422e+01 3.950359712230214626e+01 2.282132132132131375e+01 5.024999999999997868e+01 5.309374999999999289e+01 4.345731707317071368e+01 7.315847294699256764e+00 1.103025641025640624e+01 3.715897435897433354e+01 5.042458100558656753e+01 0.000000000000000000e+00 0.000000000000000000e+00 0.000000000000000000e+00 0.000000000000000000e+00 0.000000000000000000e+00 0.000000000000000000e+00 2.699999999999998934e+01 7.974999999999997158e+01 0.000000000000000000e+00 6.326923076923075229e+01 6.373684210526313620e+01 7.418749999999998579e+01 6.764705882352937749e+01 5.586752136752133424e+01 0.000000000000000000e+00 7.775000000000000000e+01 0.000000000000000000e+00 0.000000000000000000e+00 1.550966022651564735e+01 2.333128437398898924e+01 4.355932203389829027e+01 0.000000000000000000e+00 4.804999999999997584e+01 8.800000000000001421e+01 5.450000000000000000e+01 1.050110987791341977e+01 4.890909090909088519e+01 0.000000000000000000e+00 3.499999999999999289e+01 5.999999999999999289e+01 0.000000000000000000e+00 3.299999999999995737e+01 4.109999999999993747e+01 3.641666666666663588e+01 5.573529411764702957e+01 3.785135135135132600e+01 6.757142857142858361e+01 5.425000000000001421e+01 0.000000000000000000e+00 2.073529411764704378e+01 2.428030303030302406e+01 3.927586206896550181e+01 5.072222222222220012e+01 0.000000000000000000e+00 0.000000000000000000e+00 0.000000000000000000e+00 0.000000000000000000e+00 0.000000000000000000e+00 0.000000000000000000e+00 0.000000000000000000e+00 0.000000000000000000e+00 0.000000000000000000e+00 7.699999999999995737e+01 6.849999999999998579e+01 1.119999999999999147e+02 7.689999999999997726e+01 5.489285714285711038e+01 0.000000000000000000e+00 0.000000000000000000e+00 0.000000000000000000e+00 0.000000000000000000e+00 3.068518518518515847e+01 4.118055555555552871e+01 5.249999999999998579e+01 0.000000000000000000e+00 3.499999999999999289e+01 6.183333333333330728e+01 0.000000000000000000e+00 1.949999999999998934e+01 5.399999999999999289e+01
0.000000000000000000e+00 0.000000000000000000e+00 0.000000000000000000e+00 2.449999999999999289e+01 2.623863636363635266e+01 3.503571428571427049e+01 4.049999999999998579e+01 2.823170731707315895e+01 2.606564245810055880e+01 2.321025641025640240e+01 2.434382284382283856e+01 1.833724269985638244e+01 4.586666666666666003e+01 3.649999999999999289e+01 3.484536082474225793e+01 1.103025641025640624e+01 7.885995085995079812e+00 2.072599663110611345e+01 3.658819018404906132e+01 0.000000000000000000e+00 0.000000000000000000e+00 0.000000000000000000e+00 0.000000000000000000e+00 0.000000000000000000e+00 7.549999999999997158e+01 6.949999999999997158e+01 4.800000000000000000e+01 0.000000000000000000e+00 5.162500000000000000e+01 5.133333333333332860e+01 6.249999999999997158e+01 5.478030303030300985e+01 4.172222222222220722e+01 7.799999999999994316e+01 8.350000000000001421e+01 0.000000000000000000e+00 0.000000000000000000e+00 1.896296296296295836e+01 2.448501577287065345e+01 3.212096774193547333e+01 0.000000000000000000e+00 4.453571428571427049e+01 5.099999999999998579e+01 5.466666666666665009e+01 3.258333333333331439e+01 3.714406779661016600e+01 0.000000000000000000e+00 3.899999999999996447e+01 3.649999999999999289e+01 0.000000000000000000e+00 3.699999999999995026e+01 2.576470588235289938e+01 3.108928571428568333e+01 3.459459459459456809e+01 3.159999999999998366e+01 4.549999999999997158e+01 2.799999999999997513e+01 5.449999999999997158e+01 2.257894736842104066e+01 1.791249999999999432e+01 1.822540983606556608e+01 3.889999999999999147e+01 0.000000000000000000e+00 0.000000000000000000e+00 0.000000000000000000e+00 0.000000000000000000e+00 0.000000000000000000e+00 0.000000000000000000e+00 0.000000000000000000e+00 0.000000000000000000e+00 0.000000000000000000e+00 5.000000000000000711e+01 0.000000000000000000e+00 6.349999999999997868e+01 6.279166666666665009e+01 4.379729729729728405e+01 0.000000000000000000e+00 0.000000000000000000e+00 0.000000000000000000e+00 0.000000000000000000e+00 2.380434782608693567e+01 3.374999999999999289e+01 3.487499999999998579e+01 0.000000000000000000e+00 4.116666666666665009e+01 4.674999999999998579e+01 5.299999999999997868e+01 0.000000000000000000e+00 5.175000000000002842e+01
