0.000000000000000000e+00 0.000000000000000000e+00 0.000000000000000000e+00 0.000000000000000000e+00 0.000000000000000000e+00 0.000000000000000000e+00 0.000000000000000000e+00 0.000000000000000000e+00 0.000000000000000000e+00 0.000000000000000000e+00 0.000000000000000000e+00 0.000000000000000000e+00 0.000000000000000000e+00 0.000000000000000000e+00 0.000000000000000000e+00 0.000000000000000000e+00 0.000000000000000000e+00 0.000000000000000000e+00 0.000000000000000000e+00 0.000000000000000000e+00 0.000000000000000000e+00 0.000000000000000000e+00 0.000000000000000000e+00 0.000000000000000000e+00 0.000000000000000000e+00 0.000000000000000000e+00 0.000000000000000000e+00 0.000000000000000000e+00 0.000000000000000000e+00 0.000000000000000000e+00 0.000000000000000000e+00 0.000000000000000000e+00 0.000000000000000000e+00 0.000000000000000000e+00 0.000000000000000000e+00 0.000000000000000000e+00 0.000000000000000000e+00 0.000000000000000000e+00 0.000000000000000000e+00 0.000000000000000000e+00 0.000000000000000000e+00 0.000000000000000000e+00 0.000000000000000000e+00 0.000000000000000000e+00 0.000000000000000000e+00 0.000000000000000000e+00 0.000000000000000000e+00 0.000000000000000000e+00 0.000000000000000000e+00 0.000000000000000000e+00 0.000000000000000000e+00 0.000000000000000000e+00 0.000000000000000000e+00 0.000000000000000000e+00 0.000000000000000000e+00 0.000000000000000000e+00 0.000000000000000000e+00 0.000000000000000000e+00 0.000000000000000000e+00 0.000000000000000000e+00 0.000000000000000000e+00 0.000000000000000000e+00 0.000000000000000000e+00 0.000000000000000000e+00 0.000000000000000000e+00 0.000000000000000000e+00 0.000000000000000000e+00 0.000000000000000000e+00 0.000000000000000000e+00 0.000000000000000000e+00 0.000000000000000000e+00 0.000000000000000000e+00 0.000000000000000000e+00 0.000000000000000000e+00 0.000000000000000000e+00 0.000000000000000000e+00 0.000000000000000000e+00 0.000000000000000000e+00 0.000000000000000000e+00 0.000000000000000000e+00 0.000000000000000000e+00 0.000000000000000000e+00 0.000000000000000000e+00 0.000000000000000000e+00 0.000000000000000000e+00 0.000000000000000000e+00 0.000000000000000000e+00 0.000000000000000000e+00 0.000000000000000000e+00
0.000000000000000000e+00 0.000000000000000000e+00 0.000000000000000000e+00 0.000000000000000000e+00 0.000000000000000000e+00 0.000000000000000000e+00 0.000000000000000000e+00 0.000000000000000000e+00 0.000000000000000000e+00 0.000000000000000000e+00 0.000000000000000000e+00 0.000000000000000000e+00 0.000000000000000000e+00 0.000000000000000000e+00 0.000000000000000000e+00 0.000000000000000000e+00 0.000000000000000000e+00 0.000000000000000000e+00 0.000000000000000000e+00 0.000000000000000000e+00 0.000000000000000000e+00 0.000000000000000000e+00 0.000000000000000000e+00 0.000000000000000000e+00 0.000000000000000000e+00 0.000000000000000000e+00 0.000000000000000000e+00 0.000000000000000000e+00 0.000000000000000000e+00 0.000000000000000000e+00 0.000000000000000000e+00 0.000000000000000000e+00 0.000000000000000000e+00 0.000000000000000000e+00 0.000000000000000000e+00 0.000000000000000000e+00 0.000000000000000000e+00 0.000000000000000000e+00 0.000000000000000000e+00 0.000000000000000000e+00 0.000000000000000000e+00 0.000000000000000000e+00 0.000000000000000000e+00 0.000000000000000000e+00 0.000000000000000000e+00 0.000000000000000000e+00 0.000000000000000000e+00 0.000000000000000000e+00 0.000000000000000000e+00 0.000000000000000000e+00 0.000000000000000000e+00 0.000000000000000000e+00 0.000000000000000000e+00 0.000000000000000000e+00 0.000000000000000000e+00 0.000000000000000000e+00 0.000000000000000000e+00 0.000000000000000000e+00 0.000000000000000000e+00 0.000000000000000000e+00 0.000000000000000000e+00 0.000000000000000000e+00 0.000000000000000000e+00 0.000000000000000000e+00 0.000000000000000000e+00 0.000000000000000000e+00 0.000000000000000000e+00 0.000000000000000000e+00 0.000000000000000000e+00 0.000000000000000000e+00 0.000000000000000000e+00 0.000000000000000000e+00 0.000000000000000000e+00 0.000000000000000000e+00 0.000000000000000000e+00 0.000000000000000000e+00 0.000000000000000000e+00 0.000000000000000000e+00 0.000000000000000000e+00 0.000000000000000000e+00 0.000000000000000000e+00 0.000000000000000000e+00 0.000000000000000000e+00 0.000000000000000000e+00 0.000000000000000000e+00 0.000000000000000000e+00 0.000000000000000000e+00 0.000000000000000000e+00 0.000000000000000000e+00
0.000000000000000000e+00 0.000000000000000000e+00 0.000000000000000000e+00 0.000000000000000000e+00 0.000000000000000000e+00 0.000000000000000000e+00 0.000000000000000000e+00 0.000000000000000000e+00 0.000000000000000000e+00 0.000000000000000000e+00 0.000000000000000000e+00 0.000000000000000000e+00 0.000000000000000000e+00 0.000000000000000000e+00 0.000000000000000000e+00 0.000000000000000000e+00 0.000000000000000000e+00 0.000000000000000000e+00 0.000000000000000000e+00 0.000000000000000000e+00 0.000000000000000000e+00 0.000000000000000000e+00 0.000000000000000000e+00 0.000000000000000000e+00 0.000000000000000000e+00 0.000000000000000000e+00 0.000000000000000000e+00 0.000000000000000000e+00 0.000000000000000000e+00 0.000000000000000000e+00 0.000000000000000000e+00 0.000000000000000000e+00 0.000000000000000000e+00 0.000000000000000000e+00 0.000000000000000000e+00 0.000000000000000000e+00 0.000000000000000000e+00 0.000000000000000000e+00 0.000000000000000000e+00 0.000000000000000000e+00 0.000000000000000000e+00 0.000000000000000000e+00 0.000000000000000000e+00 0.000000000000000000e+00 0.000000000000000000e+00 0.000000000000000000e+00 0.000000000000000000e+00 0.000000000000000000e+00 0.000000000000000000e+00 0.000000000000000000e+00 0.000000000000000000e+00 0.000000000000000000e+00 0.000000000000000000e+00 0.000000000000000000e+00 0.000000000000000000e+00 0.000000000000000000e+00 0.000000000000000000e+00 0.000000000000000000e+00 0.000000000000000000e+00 0.000000000000000000e+00 0.000000000000000000e+00 0.000000000000000000e+00 0.000000000000000000e+00 0.000000000000000000e+00 0.000000000000000000e+00 0.000000000000000000e+00 0.000000000000000000e+00 0.000000000000000000e+00 0.000000000000000000e+00 0.000000000000000000e+00 0.000000000000000000e+00 0.000000000000000000e+00 0.000000000000000000e+00 0.000000000000000000e+00 0.000000000000000000e+00 0.000000000000000000e+00 0.000000000000000000e+00 0.000000000000000000e+00 0.000000000000000000e+00 0.000000000000000000e+00 0.000000000000000000e+00 0.000000000000000000e+00 0.000000000000000000e+00 0.000000000000000000e+00 0.000000000000000000e+00 0.000000000000000000e+00 0.000000000000000000e+00 0.000000000000000000e+00 0.000000000000000000e+00
0.000000000000000000e+00 0.000000000000000000e+00 0.000000000000000000e+00 5.074626865671636899e+00 7.495817245817243624e+00 1.004226190476190084e+01 3.250000000000002842e+01 3.146666666666665080e+01 5.549999999999994316e+01 1.144010416666665897e+01 5.116666666666665009e+01 5.823757763975152102e+00 6.049999999999995737e+01 0.000000000000000000e+00 5.659999999999996589e+01 2.233333333333332149e+01 3.499999999999996447e+01 5.725000000000001421e+01 0.000000000000000000e+00 0.000000000000000000e+00 0.000000000000000000e+00 0.000000000000000000e+00 0.000000000000000000e+00 0.000000000000000000e+00 0.000000000000000000e+00 0.000000000000000000e+00 0.000000000000000000e+00 0.000000000000000000e+00 0.000000000000000000e+00 0.000000000000000000e+00 0.000000000000000000e+00 8.283333333333330017e+01 7.149999999999994316e+01 0.000000000000000000e+00 0.000000000000000000e+00 0.000000000000000000e+00 0.000000000000000000e+00 2.983999999999998209e+01 3.277011494252871415e+01 5.549999999999997158e+01 0.000000000000000000e+00 0.000000000000000000e+00 0.000000000000000000e+00 0.000000000000000000e+00 3.274999999999997868e+01 0.000000000000000000e+00 0.000000000000000000e+00 0.000000000000000000e+00 0.000000000000000000e+00 0.000000000000000000e+00 0.000000000000000000e+00 0.000000000000000000e+00 0.000000000000000000e+00 0.000000000000000000e+00 0.000000000000000000e+00 0.000000000000000000e+00 0.000000000000000000e+00 0.000000000000000000e+00 0.000000000000000000e+00 0.000000000000000000e+00 0.000000000000000000e+00 0.000000000000000000e+00 0.000000000000000000e+00 0.000000000000000000e+00 0.000000000000000000e+00 0.000000000000000000e+00 0.000000000000000000e+00 0.000000000000000000e+00 0.000000000000000000e+00 0.000000000000000000e+00 0.000000000000000000e+00 0.000000000000000000e+00 0.000000000000000000e+00 0.000000000000000000e+00 0.000000000000000000e+00 0.000000000000000000e+00 0.000000000000000000e+00 0.000000000000000000e+00 0.000000000000000000e+00 0.000000000000000000e+00 0.000000000000000000e+00 0.000000000000000000e+00 0.000000000000000000e+00 0.000000000000000000e+00 0.000000000000000000e+00 0.000000000000000000e+00 0.000000000000000000e+00 0.000000000000000000e+00 4.249999999999992895e+01
0.000000000000000000e+00 0.000000000000000000e+00 0.000000000000000000e+00 7.495817245817243624e+00 1.052724994779702961e+01 9.913848552772629219e+00 2.398749999999999005e+01 2.279727272727271981e+01 3.745909090909090366e+01 1.637505312367190058e+01 4.200917431192658569e+01 1.545112936344968979e+01 5.397826086956519731e+01 6.924999999999994316e+01 3.934433962264149187e+01 1.302083333333332860e+01 2.663541666666666075e+01 5.160526315789472562e+01 6.628205128205125618e+01 0.000000000000000000e+00 0.000000000000000000e+00 0.000000000000000000e+00 0.000000000000000000e+00 0.000000000000000000e+00 0.000000000000000000e+00 0.000000000000000000e+00 0.000000000000000000e+00 9.000000000000002842e+01 7.539999999999997726e+01 5.873076923076921219e+01 7.249999999999998579e+01 7.897368421052628662e+01 7.136666666666663161e+01 0.000000000000000000e+00 0.000000000000000000e+00 0.000000000000000000e+00 0.000000000000000000e+00 1.372655048692977253e+01 1.911879856545127154e+01 4.616666666666663588e+01 0.000000000000000000e+00 5.037500000000000000e+01 4.433333333333334281e+01 2.225000000000000000e+01 7.530428055698808798e+00 1.129999999999999005e+01 0.000000000000000000e+00 0.000000000000000000e+00 4.799999999999999289e+01 0.000000000000000000e+00 0.000000000000000000e+00 5.599999999999992895e+01 5.435714285714281147e+01 6.049999999999996447e+01 5.624999999999995026e+01 0.000000000000000000e+00 0.000000000000000000e+00 4.450000000000000711e+01 0.000000000000000000e+00 0.000000000000000000e+00 0.000000000000000000e+00 0.000000000000000000e+00 0.000000000000000000e+00 0.000000000000000000e+00 0.000000000000000000e+00 0.000000000000000000e+00 0.000000000000000000e+00 0.000000000000000000e+00 0.000000000000000000e+00 0.000000000000000000e+00 0.000000000000000000e+00 0.000000000000000000e+00 0.000000000000000000e+00 0.000000000000000000e+00 0.000000000000000000e+00 0.000000000000000000e+00 0.000000000000000000e+00 0.000000000000000000e+00 0.000000000000000000e+00 0.000000000000000000e+00 2.439999999999995950e+01 3.049999999999995026e+01 1.449999999999998934e+01 0.000000000000000000e+00 7.649999999999998579e+01 0.000000000000000000e+00 0.000000000000000000e+00 2.199999999999995737e+01 1.050000000000000711e+01
0.000000000000000000e+00 0.000000000000000000e+00 0.000000000000000000e+00 1.004226190476190084e+01 9.913848552772629219e+00 1.269435048907577546e+01 9.030263912794028514e+00 1.358224865350089061e+01 3.032954545454544260e+01 1.681390423572742776e+01 3.823859649122805848e+01 2.142617605961806149e+01 4.701666666666665151e+01 6.591666666666667140e+01 2.892700729927005909e+01 1.878426395939085225e+01 3.272058823529410887e+01 5.818181818181815856e+01 7.399999999999998579e+01 0.000000000000000000e+00 0.000000000000000000e+00 7.750000000000000000e+01 0.000000000000000000e+00 0.000000000000000000e+00 3.533333333333330728e+01 3.429166666666666430e+01 4.824999999999997158e+01 0.000000000000000000e+00 6.356521739130433701e+01 5.621212121212119683e+01 7.399999999999995737e+01 7.886666666666664582e+01 7.646874999999997158e+01 7.700000000000000000e+01 1.039999999999999858e+02 0.000000000000000000e+00 0.000000000000000000e+00 1.756101426307447610e+01 1.836689163854516593e+01 2.649999999999998934e+01 0.000000000000000000e+00 3.349999999999998579e+01 4.416666666666665009e+01 1.982051282051281760e+01 1.941417165668661937e+01 3.582142857142856940e+01 0.000000000000000000e+00 0.000000000000000000e+00 3.499999999999997868e+01 0.000000000000000000e+00 4.249999999999993605e+01 0.000000000000000000e+00 4.649999999999994316e+01 7.999999999999997158e+01 6.316666666666662167e+01 0.000000000000000000e+00 0.000000000000000000e+00 0.000000000000000000e+00 3.799999999999995026e+01 0.000000000000000000e+00 0.000000000000000000e+00 7.250000000000004263e+01 0.000000000000000000e+00 0.000000000000000000e+00 0.000000000000000000e+00 0.000000000000000000e+00 0.000000000000000000e+00 0.000000000000000000e+00 0.000000000000000000e+00 0.000000000000000000e+00 0.000000000000000000e+00 0.000000000000000000e+00 0.000000000000000000e+00 0.000000000000000000e+00 0.000000000000000000e+00 8.849999999999995737e+01 0.000000000000000000e+00 0.000000000000000000e+00 0.000000000000000000e+00 0.000000000000000000e+00 2.906249999999996447e+01 5.294444444444441444e+01 3.099999999999995381e+01 0.000000000000000000e+00 0.000000000000000000e+00 0.000000000000000000e+00 0.000000000000000000e+00 5.049999999999998579e+01 0.000000000000000000e+00
0.000000000000000000e+00 0.000000000000000000e+00 0.000000000000000000e+00 3.250000000000002842e+01 2.398749999999999005e+01 9.030263912794028514e+00 7.865351131746947111e+00 7.482886904761901548e+00 2.296666666666665790e+01 1.086363636363635976e+01 4.477142857142855092e+01 2.942929292929292018e+01 3.949999999999999289e+01 0.000000000000000000e+00 4.225999999999998380e+01 2.531578947368420529e+01 0.000000000000000000e+00 0.000000000000000000e+00 0.000000000000000000e+00 0.000000000000000000e+00 0.000000000000000000e+00 0.000000000000000000e+00 0.000000000000000000e+00 0.000000000000000000e+00 0.000000000000000000e+00 0.000000000000000000e+00 0.000000000000000000e+00 0.000000000000000000e+00 7.249999999999997158e+01 4.299999999999995026e+01 0.000000000000000000e+00 8.383333333333332860e+01 8.474999999999997158e+01 0.000000000000000000e+00 0.000000000000000000e+00 0.000000000000000000e+00 0.000000000000000000e+00 3.216666666666665719e+01 2.387999999999998124e+01 2.637499999999997158e+01 0.000000000000000000e+00 0.000000000000000000e+00 0.000000000000000000e+00 2.700000000000001421e+01 3.199999999999998224e+01 0.000000000000000000e+00 0.000000000000000000e+00 0.000000000000000000e+00 0.000000000000000000e+00 0.000000000000000000e+00 0.000000000000000000e+00 0.000000000000000000e+00 0.000000000000000000e+00 0.000000000000000000e+00 0.000000000000000000e+00 0.000000000000000000e+00 0.000000000000000000e+00 0.000000000000000000e+00 0.000000000000000000e+00 0.000000000000000000e+00 0.000000000000000000e+00 0.000000000000000000e+00 0.000000000000000000e+00 0.000000000000000000e+00 0.000000000000000000e+00 0.000000000000000000e+00 0.000000000000000000e+00 0.000000000000000000e+00 0.000000000000000000e+00 0.000000000000000000e+00 0.000000000000000000e+00 0.000000000000000000e+00 0.000000000000000000e+00 0.000000000000000000e+00 0.000000000000000000e+00 0.000000000000000000e+00 0.000000000000000000e+00 0.000000000000000000e+00 0.000000000000000000e+00 0.000000000000000000e+00 0.000000000000000000e+00 0.000000000000000000e+00 0.000000000000000000e+00 0.000000000000000000e+00 0.000000000000000000e+00 0.000000000000000000e+00 0.000000000000000000e+00 0.000000000000000000e+00 0.000000000000000000e+00
0.000000000000000000e+00 0.000000000000000000e+00 0.000000000000000000e+00 3.146666666666665080e+01 2.279727272727271981e+01 1.358224865350089061e+01 7.482886904761901548e+00 7.757963096587980445e+00 8.266475340136050676e+00 2.046691782434659146e+01 3.348790322580643419e+01 2.545961401000713664e+01 3.044578313253011004e+01 0.000000000000000000e+00 3.713822284908319915e+01 2.178960817717205600e+01 2.966666666666665364e+01 4.600000000000003553e+01 6.350000000000000000e+01 0.000000000000000000e+00 0.000000000000000000e+00 6.199999999999998579e+01 0.000000000000000000e+00 0.000000000000000000e+00 0.000000000000000000e+00 5.450000000000000000e+01 3.849999999999996447e+01 0.000000000000000000e+00 4.705357142857140929e+01 3.827999999999997982e+01 6.575000000000000000e+01 6.692499999999998295e+01 6.593749999999997158e+01 6.300000000000000000e+01 7.649999999999995737e+01 6.850000000000000000e+01 6.574999999999998579e+01 2.707843137254900157e+01 2.484708249496980415e+01 3.169999999999999929e+01 0.000000000000000000e+00 5.099999999999997158e+01 0.000000000000000000e+00 2.424999999999999645e+01 3.181645569620252090e+01 5.149999999999998579e+01 0.000000000000000000e+00 3.774999999999999289e+01 4.399999999999997868e+01 0.000000000000000000e+00 6.249999999999995737e+01 0.000000000000000000e+00 4.194999999999995310e+01 0.000000000000000000e+00 3.789999999999996305e+01 6.749999999999991473e+01 0.000000000000000000e+00 0.000000000000000000e+00 2.359999999999998366e+01 2.125000000000000711e+01 0.000000000000000000e+00 7.349999999999991473e+01 0.000000000000000000e+00 0.000000000000000000e+00 0.000000000000000000e+00 0.000000000000000000e+00 0.000000000000000000e+00 0.000000000000000000e+00 0.000000000000000000e+00 0.000000000000000000e+00 0.000000000000000000e+00 0.000000000000000000e+00 0.000000000000000000e+00 0.000000000000000000e+00 8.300000000000000000e+01 0.000000000000000000e+00 0.000000000000000000e+00 0.000000000000000000e+00 0.000000000000000000e+00 0.000000000000000000e+00 2.749999999999994316e+01 4.224999999999998579e+01 0.000000000000000000e+00 0.000000000000000000e+00 0.000000000000000000e+00 0.000000000000000000e+00 0.000000000000000000e+00 4.749999999999999289e+01 0.000000000000000000e+00
0.000000000000000000e+00 0.000000000000000000e+00 0.000000000000000000e+00 5.549999999999994316e+01 3.745909090909090366e+01 3.032954545454544260e+01 2.296666666666665790e+01 8.266475340136050676e+00 1.226250377073906428e+01 1.924036762106750942e+01 2.287288135593220062e+01 3.126865671641790101e+01 9.263069139966273013e+00 0.000000000000000000e+00 2.117422680412370184e+01 3.405875299760191410e+01 3.063636363636362958e+01 6.374999999999998579e+01 6.560000000000000853e+01 0.000000000000000000e+00 0.000000000000000000e+00 0.000000000000000000e+00 0.000000000000000000e+00 0.000000000000000000e+00 8.599999999999998579e+01 2.983333333333332504e+01 2.640909090909089940e+01 0.000000000000000000e+00 1.969143576826196096e+01 2.369554606467357161e+01 4.983333333333331439e+01 5.257575757575757791e+01 5.364285714285714590e+01 6.024999999999999289e+01 6.019999999999997442e+01 0.000000000000000000e+00 6.399999999999999289e+01 2.318798449612402379e+01 1.722709753928253207e+01 3.764999999999999858e+01 0.000000000000000000e+00 3.525000000000000711e+01 4.899999999999998579e+01 4.000000000000000000e+01 4.242187499999998579e+01 3.699999999999998579e+01 0.000000000000000000e+00 0.000000000000000000e+00 6.450000000000000000e+01 0.000000000000000000e+00 0.000000000000000000e+00 4.899999999999998579e+01 5.284615384615381828e+01 5.599999999999995737e+01 4.843749999999997158e+01 0.000000000000000000e+00 0.000000000000000000e+00 0.000000000000000000e+00 5.899999999999997158e+01 3.020833333333332504e+01 0.000000000000000000e+00 7.749999999999995737e+01 0.000000000000000000e+00 0.000000000000000000e+00 0.000000000000000000e+00 0.000000000000000000e+00 0.000000000000000000e+00 0.000000000000000000e+00 0.000000000000000000e+00 0.000000000000000000e+00 0.000000000000000000e+00 0.000000000000000000e+00 0.000000000000000000e+00 0.000000000000000000e+00 0.000000000000000000e+00 0.000000000000000000e+00 0.000000000000000000e+00 0.000000000000000000e+00 0.000000000000000000e+00 0.000000000000000000e+00 0.000000000000000000e+00 5.799999999999999289e+01 0.000000000000000000e+00 0.000000000000000000e+00 0.000000000000000000e+00 0.000000000000000000e+00 0.000000000000000000e+00 6.549999999999997158e+01 0.000000000000000000e+00
0.000000000000000000e+00 0.000000000000000000e+00 0.000000000000000000e+00 1.144010416666665897e+01 1.637505312367190058e+01 1.681390423572742776e+01 1.086363636363635976e+01 2.046691782434659146e+01 1.924036762106750942e+01 1.316212883829341607e+01 1.923151969981237386e+01 1.547891787310694056e+01 4.332700892857140929e+01 5.140909090909088519e+01 4.142667436489605848e+01 2.442883973288813948e+01 2.361403508771929083e+01 4.774218749999997868e+01 6.436805555555552871e+01 0.000000000000000000e+00 0.000000000000000000e+00 7.099999999999994316e+01 0.000000000000000000e+00 1.029999999999999858e+02 0.000000000000000000e+00 6.585714285714281857e+01 4.550000000000000000e+01 0.000000000000000000e+00 5.572807017543857455e+01 4.258419243986251956e+01 7.095238095238094900e+01 6.740740740740737635e+01 6.478846153846150457e+01 6.621666666666665435e+01 7.522916666666665719e+01 7.087499999999998579e+01 7.404166666666665719e+01 2.257713440405746752e+01 2.756964231585327241e+01 4.217479674796746281e+01 0.000000000000000000e+00 4.708333333333332149e+01 6.945000000000000284e+01 4.346666666666665435e+01 3.337037037037035248e+01 5.036842105263155389e+01 0.000000000000000000e+00 7.149999999999995737e+01 0.000000000000000000e+00 0.000000000000000000e+00 0.000000000000000000e+00 4.424999999999993605e+01 4.623749999999996874e+01 5.457142857142853387e+01 4.734285714285710611e+01 6.899999999999997158e+01 7.449999999999995737e+01 0.000000000000000000e+00 3.206818181818179170e+01 3.087931034482756232e+01 6.079999999999995453e+01 6.649999999999994316e+01 0.000000000000000000e+00 0.000000000000000000e+00 0.000000000000000000e+00 0.000000000000000000e+00 0.000000000000000000e+00 0.000000000000000000e+00 0.000000000000000000e+00 0.000000000000000000e+00 0.000000000000000000e+00 0.000000000000000000e+00 0.000000000000000000e+00 0.000000000000000000e+00 0.000000000000000000e+00 6.649999999999994316e+01 0.000000000000000000e+00 0.000000000000000000e+00 0.000000000000000000e+00 0.000000000000000000e+00 4.642857142857138086e+01 5.168749999999994316e+01 7.150000000000000000e+01 0.000000000000000000e+00 0.000000000000000000e+00 0.000000000000000000e+00 0.000000000000000000e+00 5.033333333333326465e+01 0.000000000000000000e+00
0.000000000000000000e+00 0.000000000000000000e+00 0.000000000000000000e+00 5.116666666666665009e+01 4.200917431192658569e+01 3.823859649122805848e+01 4.477142857142855092e+01 3.348790322580643419e+01 2.287288135593220062e+01 1.923151969981237386e+01 1.480698250032567564e+01 2.008836789900810871e+01 1.368580137160274290e+01 3.707142857142856940e+01 2.460493119266055118e+01 3.751749271137025232e+01 2.572629969418959206e+01 3.007142857142855519e+01 4.764583333333333570e+01 0.000000000000000000e+00 6.434999999999999432e+01 5.775000000000000000e+01 0.000000000000000000e+00 9.149999999999997158e+01 6.389999999999999147e+01 6.332608695652172770e+01 6.699999999999997158e+01 4.478571428571429891e+01 3.162897196261682353e+01 3.267581699346405344e+01 4.946651785714285410e+01 4.685430247718383612e+01 4.290303244005642824e+01 4.660493827160495073e+01 5.691762013729977099e+01 5.010000000000000853e+01 5.637378640776699257e+01 2.016899892357372792e+01 1.976287988422576092e+01 2.656716417910447703e+01 0.000000000000000000e+00 2.869354838709677225e+01 5.257142857142856940e+01 3.063924050632911289e+01 4.622499999999998721e+01 3.240808823529411598e+01 0.000000000000000000e+00 0.000000000000000000e+00 0.000000000000000000e+00 0.000000000000000000e+00 6.799999999999990052e+01 5.199999999999995737e+01 5.449999999999995737e+01 4.866666666666663588e+01 5.167499999999997584e+01 6.187499999999995737e+01 9.949999999999998579e+01 0.000000000000000000e+00 5.029999999999999716e+01 3.243333333333330870e+01 2.649999999999998934e+01 7.049999999999994316e+01 0.000000000000000000e+00 0.000000000000000000e+00 0.000000000000000000e+00 0.000000000000000000e+00 0.000000000000000000e+00 0.000000000000000000e+00 0.000000000000000000e+00 0.000000000000000000e+00 0.000000000000000000e+00 0.000000000000000000e+00 0.000000000000000000e+00 0.000000000000000000e+00 8.499999999999997158e+01 6.200000000000000000e+01 0.000000000000000000e+00 0.000000000000000000e+00 0.000000000000000000e+00 0.000000000000000000e+00 3.785714285714281857e+01 5.721428571428565846e+01 6.074999999999999289e+01 0.000000000000000000e+00 0.000000000000000000e+00 0.000000000000000000e+00 0.000000000000000000e+00 0.000000000000000000e+00 0.000000000000000000e+00
0.000000000000000000e+00 0.000000000000000000e+00 0.000000000000000000e+00 5.823757763975152102e+00 1.545112936344968979e+01 2.142617605961806149e+01 2.942929292929292018e+01 2.545961401000713664e+01 3.126865671641790101e+01 1.547891787310694056e+01 2.008836789900810871e+01 1.557114086553493415e+01 2.302200704225352013e+01 1.697561230898052997e+01 4.808248914616495995e+01 2.164204719583204906e+01 1.722248560785640592e+01 2.335554699537749457e+01 4.143114241001565290e+01 0.000000000000000000e+00 6.699999999999997158e+01 6.183333333333332149e+01 0.000000000000000000e+00 0.000000000000000000e+00 6.850000000000000000e+01 4.900000000000000000e+01 4.399999999999998579e+01 5.400000000000001421e+01 3.704201680672268537e+01 4.355350553505534350e+01 5.942857142857143060e+01 5.022114908370479469e+01 4.489484978540772886e+01 5.841111111111111143e+01 7.425000000000000000e+01 6.740000000000000568e+01 6.854166666666667140e+01 2.266566533155317487e+01 2.839327804452203097e+01 3.168548387096774022e+01 0.000000000000000000e+00 3.589252336448598157e+01 6.031034482758619220e+01 4.078761061946902089e+01 3.315408805031445638e+01 3.802952755905511850e+01 5.450000000000000711e+01 5.566666666666662877e+01 4.799999999999997158e+01 4.999999999999994316e+01 3.866666666666662877e+01 4.391666666666662167e+01 4.617156862745094514e+01 4.174999999999998579e+01 1.763607594936707557e+01 5.600000000000000711e+01 1.992500000000000071e+01 4.049999999999998579e+01 3.208333333333331439e+01 2.912727272727271099e+01 2.332178217821781274e+01 5.034999999999999432e+01 0.000000000000000000e+00 0.000000000000000000e+00 0.000000000000000000e+00 0.000000000000000000e+00 0.000000000000000000e+00 0.000000000000000000e+00 0.000000000000000000e+00 0.000000000000000000e+00 0.000000000000000000e+00 6.299999999999995737e+01 0.000000000000000000e+00 0.000000000000000000e+00 0.000000000000000000e+00 5.599999999999998579e+01 0.000000000000000000e+00 0.000000000000000000e+00 0.000000000000000000e+00 0.000000000000000000e+00 4.162499999999996447e+01 4.638888888888885731e+01 5.033333333333333570e+01 0.000000000000000000e+00 4.333333333333329307e+01 0.000000000000000000e+00 0.000000000000000000e+00 5.399999999999992184e+01 0.000000000000000000e+00
0.000000000000000000e+00 0.000000000000000000e+00 0.000000000000000000e+00 6.049999999999995737e+01 5.397826086956519731e+01 4.701666666666665151e+01 3.949999999999999289e+01 3.044578313253011004e+01 9.263069139966273013e+00 4.332700892857140929e+01 1.368580137160274290e+01 2.302200704225352013e+01 1.330353686807460889e+01 8.007049734427813092e+00 2.260090609555189189e+01 5.451562499999997868e+01 3.859740259740258495e+01 1.902058823529411669e+01 3.038668555240794333e+01 0.000000000000000000e+00 5.987878787878787534e+01 5.750000000000000711e+01 7.000000000000001421e+01 8.824999999999998579e+01 5.909090909090909349e+01 2.074812030075187863e+01 3.345833333333333570e+01 4.193137254901960631e+01 1.695127610208816549e+01 2.762478293227486859e+01 4.349299474605955140e+01 3.248407714734245388e+01 3.585361414456579610e+01 4.265065502183406210e+01 5.318881118881119363e+01 4.593103448275861922e+01 5.407200000000000273e+01 2.234285714285714164e+01 2.358831504991988837e+01 2.814972602739726781e+01 0.000000000000000000e+00 2.601023017902814161e+01 5.520000000000000284e+01 3.634047619047618838e+01 3.674999999999999289e+01 3.506097560975610605e+01 0.000000000000000000e+00 0.000000000000000000e+00 0.000000000000000000e+00 0.000000000000000000e+00 0.000000000000000000e+00 0.000000000000000000e+00 7.412499999999997158e+01 5.487500000000000000e+01 4.100000000000000000e+01 6.024999999999997158e+01 5.699999999999997158e+01 0.000000000000000000e+00 7.599999999999997158e+01 4.449999999999994316e+01 3.541666666666666430e+01 3.124999999999998579e+01 0.000000000000000000e+00 0.000000000000000000e+00 0.000000000000000000e+00 0.000000000000000000e+00 0.000000000000000000e+00 0.000000000000000000e+00 0.000000000000000000e+00 0.000000000000000000e+00 0.000000000000000000e+00 7.449999999999998579e+01 0.000000000000000000e+00 0.000000000000000000e+00 0.000000000000000000e+00 4.100000000000000711e+01 6.000000000000002132e+01 0.000000000000000000e+00 0.000000000000000000e+00 0.000000000000000000e+00 3.949999999999998579e+01 4.675000000000000000e+01 5.149999999999997158e+01 0.000000000000000000e+00 3.966666666666666430e+01 0.000000000000000000e+00 0.000000000000000000e+00 0.000000000000000000e+00 0.000000000000000000e+00
0.000000000000000000e+00 0.000000000000000000e+00 0.000000000000000000e+00 0.000000000000000000e+00 6.924999999999994316e+01 6.591666666666667140e+01 0.000000000000000000e+00 0.000000000000000000e+00 0.000000000000000000e+00 5.140909090909088519e+01 3.707142857142856940e+01 1.697561230898052997e+01 8.007049734427813092e+00 8.968215994531783863e+00 3.775000000000000711e+01 5.349999999999997868e+01 3.731034482758619930e+01 9.931677018633539689e+00 2.400000000000000711e+01 0.000000000000000000e+00 0.000000000000000000e+00 0.000000000000000000e+00 0.000000000000000000e+00 0.000000000000000000e+00 0.000000000000000000e+00 5.149999999999998579e+01 0.000000000000000000e+00 6.500000000000000000e+01 1.021430698228375711e+01 3.529999999999999716e+01 0.000000000000000000e+00 1.487213114754098342e+01 1.280788177339901779e+01 0.000000000000000000e+00 0.000000000000000000e+00 0.000000000000000000e+00 0.000000000000000000e+00 2.704545454545454675e+01 3.266666666666666430e+01 3.090384615384615330e+01 0.000000000000000000e+00 2.371428571428571175e+01 0.000000000000000000e+00 3.399999999999999289e+01 0.000000000000000000e+00 3.341666666666666430e+01 0.000000000000000000e+00 0.000000000000000000e+00 0.000000000000000000e+00 0.000000000000000000e+00 0.000000000000000000e+00 0.000000000000000000e+00 7.299999999999995737e+01 0.000000000000000000e+00 2.722727272727271242e+01 0.000000000000000000e+00 0.000000000000000000e+00 0.000000000000000000e+00 0.000000000000000000e+00 0.000000000000000000e+00 2.849999999999998579e+01 0.000000000000000000e+00 0.000000000000000000e+00 0.000000000000000000e+00 0.000000000000000000e+00 0.000000000000000000e+00 0.000000000000000000e+00 0.000000000000000000e+00 0.000000000000000000e+00 0.000000000000000000e+00 0.000000000000000000e+00 0.000000000000000000e+00 0.000000000000000000e+00 0.000000000000000000e+00 0.000000000000000000e+00 0.000000000000000000e+00 0.000000000000000000e+00 0.000000000000000000e+00 0.000000000000000000e+00 0.000000000000000000e+00 0.000000000000000000e+00 0.000000000000000000e+00 0.000000000000000000e+00 0.000000000000000000e+00 0.000000000000000000e+00 0.000000000000000000e+00 0.000000000000000000e+00 0.000000000000000000e+00 0.000000000000000000e+00
0.000000000000000000e+00 0.000000000000000000e+00 0.000000000000000000e+00 5.659999999999996589e+01 3.934433962264149187e+01 2.892700729927005909e+01 4.225999999999998380e+01 3.713822284908319915e+01 2.117422680412370184e+01 4.142667436489605848e+01 2.460493119266055118e+01 4.808248914616495995e+01 2.260090609555189189e+01 3.775000000000000711e+01 1.175526215078453518e+01 4.666768292682925079e+01 5.698913043478258800e+01 2.089830508474575765e+01 2.558547008547007806e+01 1.191566265060240859e+01 3.046296296296295480e+01 2.494117647058823550e+01 2.343726235741444697e+01 2.029757785467127462e+01 2.268153846153845521e+01 2.149796672828095723e+01 2.073315363881401296e+01 2.552026049204051716e+01 2.228242542153047978e+01 2.419815668202764769e+01 4.269656786271449533e+01 3.512207357859531243e+01 3.135543130990415506e+01 4.187222222222221291e+01 4.618249258160237503e+01 3.910000000000000142e+01 3.133794466403162104e+01 2.551562499999998934e+01 9.753916774772973142e+00 1.633653846153845990e+01 0.000000000000000000e+00 2.169949494949494451e+01 1.404760479041916099e+01 1.079853479853480103e+01 3.022222222222221077e+01 2.034357541899440491e+01 0.000000000000000000e+00 6.699999999999992895e+01 8.999999999999995737e+01 0.000000000000000000e+00 8.100000000000001421e+01 0.000000000000000000e+00 6.512499999999997158e+01 4.199999999999994316e+01 6.016666666666663588e+01 0.000000000000000000e+00 0.000000000000000000e+00 0.000000000000000000e+00 0.000000000000000000e+00 7.024999999999997158e+01 4.174999999999999289e+01 3.133333333333332860e+01 0.000000000000000000e+00 0.000000000000000000e+00 0.000000000000000000e+00 0.000000000000000000e+00 0.000000000000000000e+00 0.000000000000000000e+00 0.000000000000000000e+00 0.000000000000000000e+00 0.000000000000000000e+00 0.000000000000000000e+00 0.000000000000000000e+00 0.000000000000000000e+00 7.349999999999997158e+01 3.549999999999998579e+01 0.000000000000000000e+00 0.000000000000000000e+00 0.000000000000000000e+00 0.000000000000000000e+00 0.000000000000000000e+00 6.583333333333330017e+01 4.949999999999995026e+01 0.000000000000000000e+00 3.314999999999998437e+01 0.000000000000000000e+00 0.000000000000000000e+00 7.549999999999994316e+01 0.000000000000000000e+00
0.000000000000000000e+00 0.000000000000000000e+00 0.000000000000000000e+00 2.233333333333332149e+01 1.302083333333332860e+01 1.878426395939085225e+01 2.531578947368420529e+01 2.178960817717205600e+01 3.405875299760191410e+01 2.442883973288813948e+01 3.751749271137025232e+01 2.164204719583204906e+01 5.451562499999997868e+01 5.349999999999997868e+01 4.666768292682925079e+01 7.537436394475403922e+00 1.154375896700143045e+01 3.886830357142854098e+01 5.520145044319095007e+01 0.000000000000000000e+00 0.000000000000000000e+00 7.199999999999995737e+01 0.000000000000000000e+00 0.000000000000000000e+00 0.000000000000000000e+00 0.000000000000000000e+00 7.700000000000000000e+01 0.000000000000000000e+00 6.915714285714282994e+01 6.531818181818178459e+01 7.183333333333332860e+01 7.269306930693068125e+01 6.072727272727269821e+01 0.000000000000000000e+00 9.675000000000000000e+01 0.000000000000000000e+00 7.400000000000000000e+01 1.461547256097559888e+01 2.481200631911530508e+01 4.206818181818179880e+01 0.000000000000000000e+00 5.981578947368418397e+01 6.847560975609752631e+01 4.814285714285712459e+01 1.059302325581394477e+01 5.438888888888888573e+01 0.000000000000000000e+00 4.549999999999994316e+01 3.737499999999995026e+01 0.000000000000000000e+00 3.562499999999992895e+01 3.274999999999994316e+01 3.648591549295770875e+01 5.020833333333330728e+01 3.949999999999997158e+01 5.474999999999994316e+01 0.000000000000000000e+00 4.399999999999994316e+01 2.183333333333332149e+01 1.991346153846153300e+01 3.932142857142855519e+01 5.574999999999997868e+01 0.000000000000000000e+00 0.000000000000000000e+00 0.000000000000000000e+00 0.000000000000000000e+00 0.000000000000000000e+00 0.000000000000000000e+00 0.000000000000000000e+00 0.000000000000000000e+00 0.000000000000000000e+00 0.000000000000000000e+00 8.599999999999992895e+01 0.000000000000000000e+00 6.550000000000000000e+01 6.600000000000000000e+01 0.000000000000000000e+00 0.000000000000000000e+00 0.000000000000000000e+00 0.000000000000000000e+00 2.893333333333331581e+01 3.661538461538457767e+01 4.899999999999997158e+01 0.000000000000000000e+00 7.150000000000000000e+01 0.000000000000000000e+00 0.000000000000000000e+00 3.349999999999996447e+01 0.000000000000000000e+00
0.000000000000000000e+00 0.000000000000000000e+00 0.000000000000000000e+00 3.499999999999996447e+01 2.663541666666666075e+01 3.272058823529410887e+01 0.000000000000000000e+00 2.966666666666665364e+01 3.063636363636362958e+01 2.361403508771929083e+01 2.572629969418959206e+01 1.722248560785640592e+01 3.859740259740258495e+01 3.731034482758619930e+01 5.698913043478258800e+01 1.154375896700143045e+01 8.095712429623208806e+00 2.111570048309177494e+01 4.110387731481479534e+01 0.000000000000000000e+00 8.262499999999998579e+01 5.862500000000000000e+01 0.000000000000000000e+00 0.000000000000000000e+00 0.000000000000000000e+00 8.749999999999995737e+01 0.000000000000000000e+00 0.000000000000000000e+00 5.206896551724136657e+01 5.907142857142855519e+01 5.783333333333329307e+01 5.507322175732215896e+01 4.526577669902911083e+01 7.149999999999994316e+01 6.324999999999998579e+01 0.000000000000000000e+00 5.942857142857140929e+01 1.762793733681461816e+01 2.576273148148147385e+01 3.040277777777777146e+01 0.000000000000000000e+00 5.056060606060604812e+01 5.595744680851061759e+01 7.274999999999997158e+01 3.329166666666663588e+01 3.797058823529411598e+01 0.000000000000000000e+00 4.572222222222220722e+01 5.316666666666662877e+01 3.550000000000000711e+01 3.099999999999995381e+01 3.191666666666664653e+01 3.270247933884294156e+01 3.362820512820510288e+01 2.795454545454543904e+01 3.999999999999997868e+01 2.999999999999999645e+01 5.224999999999999289e+01 2.180434782608694988e+01 1.344495412844035798e+01 1.540277777777777146e+01 3.448148148148146674e+01 0.000000000000000000e+00 0.000000000000000000e+00 0.000000000000000000e+00 0.000000000000000000e+00 0.000000000000000000e+00 0.000000000000000000e+00 0.000000000000000000e+00 0.000000000000000000e+00 0.000000000000000000e+00 0.000000000000000000e+00 5.624999999999995737e+01 6.749999999999998579e+01 5.100000000000000000e+01 4.137500000000000711e+01 0.000000000000000000e+00 0.000000000000000000e+00 0.000000000000000000e+00 0.000000000000000000e+00 2.275862068965515661e+01 3.477272727272725916e+01 3.899999999999999289e+01 0.000000000000000000e+00 4.074999999999998579e+01 0.000000000000000000e+00 0.000000000000000000e+00 3.199999999999998579e+01 5.350000000000000000e+01
