0.000000000000000000e+00 0.000000000000000000e+00 0.000000000000000000e+00 0.000000000000000000e+00 0.000000000000000000e+00 0.000000000000000000e+00 0.000000000000000000e+00 0.000000000000000000e+00 0.000000000000000000e+00 0.000000000000000000e+00 0.000000000000000000e+00 0.000000000000000000e+00 0.000000000000000000e+00 0.000000000000000000e+00 0.000000000000000000e+00 0.000000000000000000e+00 0.000000000000000000e+00 0.000000000000000000e+00 0.000000000000000000e+00 0.000000000000000000e+00 0.000000000000000000e+00 0.000000000000000000e+00 0.000000000000000000e+00 0.000000000000000000e+00 0.000000000000000000e+00 0.000000000000000000e+00 0.000000000000000000e+00 0.000000000000000000e+00 0.000000000000000000e+00 0.000000000000000000e+00 0.000000000000000000e+00 0.000000000000000000e+00 0.000000000000000000e+00 0.000000000000000000e+00 0.000000000000000000e+00 0.000000000000000000e+00 0.000000000000000000e+00 0.000000000000000000e+00 0.000000000000000000e+00 0.000000000000000000e+00 0.000000000000000000e+00 0.000000000000000000e+00 0.000000000000000000e+00 0.000000000000000000e+00 0.000000000000000000e+00 0.000000000000000000e+00 0.000000000000000000e+00 0.000000000000000000e+00 0.000000000000000000e+00 0.000000000000000000e+00 0.000000000000000000e+00 0.000000000000000000e+00 0.000000000000000000e+00 0.000000000000000000e+00 0.000000000000000000e+00 0.000000000000000000e+00 0.000000000000000000e+00 0.000000000000000000e+00 0.000000000000000000e+00 0.000000000000000000e+00 0.000000000000000000e+00 0.000000000000000000e+00 0.000000000000000000e+00 0.000000000000000000e+00 0.000000000000000000e+00 0.000000000000000000e+00 0.000000000000000000e+00 0.000000000000000000e+00 0.000000000000000000e+00 0.000000000000000000e+00 0.000000000000000000e+00 0.000000000000000000e+00 0.000000000000000000e+00 0.000000000000000000e+00 0.000000000000000000e+00 0.000000000000000000e+00 0.000000000000000000e+00 0.000000000000000000e+00 0.000000000000000000e+00 0.000000000000000000e+00 0.000000000000000000e+00 0.000000000000000000e+00 0.000000000000000000e+00 0.000000000000000000e+00 0.000000000000000000e+00 0.000000000000000000e+00 0.000000000000000000e+00 0.000000000000000000e+00 0.000000000000000000e+00
0.000000000000000000e+00 0.000000000000000000e+00 0.000000000000000000e+00 0.000000000000000000e+00 0.000000000000000000e+00 0.000000000000000000e+00 0.000000000000000000e+00 0.000000000000000000e+00 0.000000000000000000e+00 0.000000000000000000e+00 0.000000000000000000e+00 0.000000000000000000e+00 0.000000000000000000e+00 0.000000000000000000e+00 0.000000000000000000e+00 0.000000000000000000e+00 0.000000000000000000e+00 0.000000000000000000e+00 0.000000000000000000e+00 0.000000000000000000e+00 0.000000000000000000e+00 0.000000000000000000e+00 0.000000000000000000e+00 0.000000000000000000e+00 0.000000000000000000e+00 0.000000000000000000e+00 0.000000000000000000e+00 0.000000000000000000e+00 0.000000000000000000e+00 0.000000000000000000e+00 0.000000000000000000e+00 0.000000000000000000e+00 0.000000000000000000e+00 0.000000000000000000e+00 0.000000000000000000e+00 0.000000000000000000e+00 0.000000000000000000e+00 0.000000000000000000e+00 0.000000000000000000e+00 0.000000000000000000e+00 0.000000000000000000e+00 0.000000000000000000e+00 0.000000000000000000e+00 0.000000000000000000e+00 0.000000000000000000e+00 0.000000000000000000e+00 0.000000000000000000e+00 0.000000000000000000e+00 0.000000000000000000e+00 0.000000000000000000e+00 0.000000000000000000e+00 0.000000000000000000e+00 0.000000000000000000e+00 0.000000000000000000e+00 0.000000000000000000e+00 0.000000000000000000e+00 0.000000000000000000e+00 0.000000000000000000e+00 0.000000000000000000e+00 0.000000000000000000e+00 0.000000000000000000e+00 0.000000000000000000e+00 0.000000000000000000e+00 0.000000000000000000e+00 0.000000000000000000e+00 0.000000000000000000e+00 0.000000000000000000e+00 0.000000000000000000e+00 0.000000000000000000e+00 0.000000000000000000e+00 0.000000000000000000e+00 0.000000000000000000e+00 0.000000000000000000e+00 0.000000000000000000e+00 0.000000000000000000e+00 0.000000000000000000e+00 0.000000000000000000e+00 0.000000000000000000e+00 0.000000000000000000e+00 0.000000000000000000e+00 0.000000000000000000e+00 0.000000000000000000e+00 0.000000000000000000e+00 0.000000000000000000e+00 0.000000000000000000e+00 0.000000000000000000e+00 0.000000000000000000e+00 0.000000000000000000e+00 0.000000000000000000e+00
0.000000000000000000e+00 0.000000000000000000e+00 0.000000000000000000e+00 0.000000000000000000e+00 0.000000000000000000e+00 0.000000000000000000e+00 0.000000000000000000e+00 0.000000000000000000e+00 0.000000000000000000e+00 0.000000000000000000e+00 0.000000000000000000e+00 0.000000000000000000e+00 0.000000000000000000e+00 0.000000000000000000e+00 0.000000000000000000e+00 0.000000000000000000e+00 0.000000000000000000e+00 0.000000000000000000e+00 0.000000000000000000e+00 0.000000000000000000e+00 0.000000000000000000e+00 0.000000000000000000e+00 0.000000000000000000e+00 0.000000000000000000e+00 0.000000000000000000e+00 0.000000000000000000e+00 0.000000000000000000e+00 0.000000000000000000e+00 0.000000000000000000e+00 0.000000000000000000e+00 0.000000000000000000e+00 0.000000000000000000e+00 0.000000000000000000e+00 0.000000000000000000e+00 0.000000000000000000e+00 0.000000000000000000e+00 0.000000000000000000e+00 0.000000000000000000e+00 0.000000000000000000e+00 0.000000000000000000e+00 0.000000000000000000e+00 0.000000000000000000e+00 0.000000000000000000e+00 0.000000000000000000e+00 0.000000000000000000e+00 0.000000000000000000e+00 0.000000000000000000e+00 0.000000000000000000e+00 0.000000000000000000e+00 0.000000000000000000e+00 0.000000000000000000e+00 0.000000000000000000e+00 0.000000000000000000e+00 0.000000000000000000e+00 0.000000000000000000e+00 0.000000000000000000e+00 0.000000000000000000e+00 0.000000000000000000e+00 0.000000000000000000e+00 0.000000000000000000e+00 0.000000000000000000e+00 0.000000000000000000e+00 0.000000000000000000e+00 0.000000000000000000e+00 0.000000000000000000e+00 0.000000000000000000e+00 0.000000000000000000e+00 0.000000000000000000e+00 0.000000000000000000e+00 0.000000000000000000e+00 0.000000000000000000e+00 0.000000000000000000e+00 0.000000000000000000e+00 0.000000000000000000e+00 0.000000000000000000e+00 0.000000000000000000e+00 0.000000000000000000e+00 0.000000000000000000e+00 0.000000000000000000e+00 0.000000000000000000e+00 0.000000000000000000e+00 0.000000000000000000e+00 0.000000000000000000e+00 0.000000000000000000e+00 0.000000000000000000e+00 0.000000000000000000e+00 0.000000000000000000e+00 0.000000000000000000e+00 0.000000000000000000e+00
0.000000000000000000e+00 0.000000000000000000e+00 0.000000000000000000e+00 4.756508422664620817e+00 7.370255133789666679e+00 1.322909252669038338e+01 0.000000000000000000e+00 2.919999999999999574e+01 0.000000000000000000e+00 8.844594594594587633e+00 4.749999999999992184e+01 6.920514511873349761e+00 0.000000000000000000e+00 0.000000000000000000e+00 3.799999999999997158e+01 2.883333333333332860e+01 0.000000000000000000e+00 0.000000000000000000e+00 7.249999999999994316e+01 0.000000000000000000e+00 0.000000000000000000e+00 0.000000000000000000e+00 0.000000000000000000e+00 0.000000000000000000e+00 0.000000000000000000e+00 0.000000000000000000e+00 0.000000000000000000e+00 0.000000000000000000e+00 0.000000000000000000e+00 0.000000000000000000e+00 0.000000000000000000e+00 0.000000000000000000e+00 0.000000000000000000e+00 0.000000000000000000e+00 0.000000000000000000e+00 0.000000000000000000e+00 0.000000000000000000e+00 2.937634408602148639e+01 3.386428571428567835e+01 5.249999999999996447e+01 0.000000000000000000e+00 0.000000000000000000e+00 0.000000000000000000e+00 0.000000000000000000e+00 3.462499999999998579e+01 0.000000000000000000e+00 0.000000000000000000e+00 0.000000000000000000e+00 0.000000000000000000e+00 0.000000000000000000e+00 0.000000000000000000e+00 0.000000000000000000e+00 0.000000000000000000e+00 0.000000000000000000e+00 0.000000000000000000e+00 0.000000000000000000e+00 0.000000000000000000e+00 0.000000000000000000e+00 0.000000000000000000e+00 0.000000000000000000e+00 0.000000000000000000e+00 0.000000000000000000e+00 0.000000000000000000e+00 0.000000000000000000e+00 0.000000000000000000e+00 0.000000000000000000e+00 0.000000000000000000e+00 0.000000000000000000e+00 0.000000000000000000e+00 0.000000000000000000e+00 0.000000000000000000e+00 0.000000000000000000e+00 0.000000000000000000e+00 0.000000000000000000e+00 0.000000000000000000e+00 0.000000000000000000e+00 0.000000000000000000e+00 0.000000000000000000e+00 0.000000000000000000e+00 0.000000000000000000e+00 0.000000000000000000e+00 0.000000000000000000e+00 0.000000000000000000e+00 0.000000000000000000e+00 0.000000000000000000e+00 0.000000000000000000e+00 0.000000000000000000e+00 0.000000000000000000e+00 0.000000000000000000e+00
0.000000000000000000e+00 0.000000000000000000e+00 0.000000000000000000e+00 7.370255133789666679e+00 9.681993953455666713e+00 9.533050778384540180e+00 2.539999999999999858e+01 2.579687499999999289e+01 3.924324324324322788e+01 1.252815177478579756e+01 5.242307692307689848e+01 1.496688382193267763e+01 6.824999999999998579e+01 6.716666666666664298e+01 2.949056603773583518e+01 1.280830830830830003e+01 2.990909090909090651e+01 5.106410256410254078e+01 6.356521739130431570e+01 0.000000000000000000e+00 0.000000000000000000e+00 0.000000000000000000e+00 0.000000000000000000e+00 3.899999999999995737e+01 0.000000000000000000e+00 0.000000000000000000e+00 0.000000000000000000e+00 0.000000000000000000e+00 0.000000000000000000e+00 7.574999999999997158e+01 0.000000000000000000e+00 8.237500000000000000e+01 7.339999999999997726e+01 0.000000000000000000e+00 0.000000000000000000e+00 0.000000000000000000e+00 0.000000000000000000e+00 1.344500228206297621e+01 2.222303060712492240e+01 4.897058823529410887e+01 0.000000000000000000e+00 0.000000000000000000e+00 0.000000000000000000e+00 3.516666666666663588e+01 6.096491228070171964e+00 1.272857142857142598e+01 0.000000000000000000e+00 0.000000000000000000e+00 0.000000000000000000e+00 0.000000000000000000e+00 0.000000000000000000e+00 0.000000000000000000e+00 0.000000000000000000e+00 5.799999999999988631e+01 7.624999999999994316e+01 0.000000000000000000e+00 0.000000000000000000e+00 0.000000000000000000e+00 2.319999999999998508e+01 3.199999999999997158e+01 0.000000000000000000e+00 6.699999999999998579e+01 0.000000000000000000e+00 0.000000000000000000e+00 0.000000000000000000e+00 0.000000000000000000e+00 0.000000000000000000e+00 0.000000000000000000e+00 0.000000000000000000e+00 0.000000000000000000e+00 0.000000000000000000e+00 0.000000000000000000e+00 0.000000000000000000e+00 0.000000000000000000e+00 0.000000000000000000e+00 0.000000000000000000e+00 0.000000000000000000e+00 0.000000000000000000e+00 0.000000000000000000e+00 0.000000000000000000e+00 1.687499999999998224e+01 1.500000000000000000e+01 1.349999999999998757e+01 0.000000000000000000e+00 0.000000000000000000e+00 0.000000000000000000e+00 0.000000000000000000e+00 1.199999999999999467e+01 1.249999999999999112e+01
0.000000000000000000e+00 0.000000000000000000e+00 0.000000000000000000e+00 1.322909252669038338e+01 9.533050778384540180e+00 1.367080832708176175e+01 8.277087033747777767e+00 1.204000664010623645e+01 2.825555555555554577e+01 1.653929765886287129e+01 3.799999999999998579e+01 2.450436681222706525e+01 5.343023255813953654e+01 6.624999999999997158e+01 2.216116352201256845e+01 2.077024793388428492e+01 3.567999999999998550e+01 5.783333333333330728e+01 6.816666666666664298e+01 4.549999999999997158e+01 0.000000000000000000e+00 0.000000000000000000e+00 0.000000000000000000e+00 3.739999999999997726e+01 0.000000000000000000e+00 4.069999999999997442e+01 5.374999999999992895e+01 0.000000000000000000e+00 5.361764705882351478e+01 5.480769230769230660e+01 7.500000000000000000e+01 8.174999999999998579e+01 7.800000000000000000e+01 0.000000000000000000e+00 1.059999999999999858e+02 0.000000000000000000e+00 0.000000000000000000e+00 1.639398672393595291e+01 1.867089936986823062e+01 3.601785714285712459e+01 0.000000000000000000e+00 3.761111111111109295e+01 3.799999999999997868e+01 2.288888888888888218e+01 1.607092198581559472e+01 3.224999999999998579e+01 0.000000000000000000e+00 4.699999999999992895e+01 0.000000000000000000e+00 0.000000000000000000e+00 0.000000000000000000e+00 0.000000000000000000e+00 5.474999999999995737e+01 6.249999999999990763e+01 6.799999999999994316e+01 0.000000000000000000e+00 0.000000000000000000e+00 0.000000000000000000e+00 4.524999999999998579e+01 4.849999999999995026e+01 0.000000000000000000e+00 0.000000000000000000e+00 0.000000000000000000e+00 0.000000000000000000e+00 0.000000000000000000e+00 0.000000000000000000e+00 0.000000000000000000e+00 0.000000000000000000e+00 0.000000000000000000e+00 0.000000000000000000e+00 0.000000000000000000e+00 0.000000000000000000e+00 0.000000000000000000e+00 0.000000000000000000e+00 0.000000000000000000e+00 0.000000000000000000e+00 0.000000000000000000e+00 0.000000000000000000e+00 0.000000000000000000e+00 0.000000000000000000e+00 3.824999999999998579e+01 0.000000000000000000e+00 0.000000000000000000e+00 0.000000000000000000e+00 0.000000000000000000e+00 0.000000000000000000e+00 0.000000000000000000e+00 0.000000000000000000e+00 0.000000000000000000e+00
0.000000000000000000e+00 0.000000000000000000e+00 0.000000000000000000e+00 0.000000000000000000e+00 2.539999999999999858e+01 8.277087033747777767e+00 7.397397397397394769e+00 7.762106377348501063e+00 2.412878787878786824e+01 1.267877857386556961e+01 3.721428571428569398e+01 3.272727272727271952e+01 5.383333333333332149e+01 0.000000000000000000e+00 4.233216783216781209e+01 3.849999999999999289e+01 0.000000000000000000e+00 0.000000000000000000e+00 7.316666666666664298e+01 0.000000000000000000e+00 0.000000000000000000e+00 0.000000000000000000e+00 0.000000000000000000e+00 0.000000000000000000e+00 0.000000000000000000e+00 0.000000000000000000e+00 0.000000000000000000e+00 7.899999999999997158e+01 5.112500000000000000e+01 4.649999999999997158e+01 7.025000000000000000e+01 7.921428571428569398e+01 7.449999999999998579e+01 0.000000000000000000e+00 0.000000000000000000e+00 0.000000000000000000e+00 0.000000000000000000e+00 3.024999999999998579e+01 2.801442307692305889e+01 4.724999999999999289e+01 0.000000000000000000e+00 0.000000000000000000e+00 0.000000000000000000e+00 0.000000000000000000e+00 0.000000000000000000e+00 0.000000000000000000e+00 0.000000000000000000e+00 0.000000000000000000e+00 0.000000000000000000e+00 0.000000000000000000e+00 0.000000000000000000e+00 0.000000000000000000e+00 0.000000000000000000e+00 0.000000000000000000e+00 0.000000000000000000e+00 0.000000000000000000e+00 0.000000000000000000e+00 0.000000000000000000e+00 0.000000000000000000e+00 0.000000000000000000e+00 0.000000000000000000e+00 0.000000000000000000e+00 0.000000000000000000e+00 0.000000000000000000e+00 0.000000000000000000e+00 0.000000000000000000e+00 0.000000000000000000e+00 0.000000000000000000e+00 0.000000000000000000e+00 0.000000000000000000e+00 0.000000000000000000e+00 0.000000000000000000e+00 0.000000000000000000e+00 0.000000000000000000e+00 0.000000000000000000e+00 0.000000000000000000e+00 0.000000000000000000e+00 0.000000000000000000e+00 0.000000000000000000e+00 0.000000000000000000e+00 0.000000000000000000e+00 0.000000000000000000e+00 0.000000000000000000e+00 0.000000000000000000e+00 0.000000000000000000e+00 0.000000000000000000e+00 0.000000000000000000e+00 0.000000000000000000e+00 0.000000000000000000e+00
0.000000000000000000e+00 0.000000000000000000e+00 0.000000000000000000e+00 2.919999999999999574e+01 2.579687499999999289e+01 1.204000664010623645e+01 7.762106377348501063e+00 8.166581108829568336e+00 8.612867236891037948e+00 1.659243287225385899e+01 3.181249999999998579e+01 2.167433628318582706e+01 3.317610062893080425e+01 6.074999999999998579e+01 3.437184115523464811e+01 1.884347826086955635e+01 2.528571428571428115e+01 4.616666666666665009e+01 6.593333333333332291e+01 0.000000000000000000e+00 0.000000000000000000e+00 0.000000000000000000e+00 0.000000000000000000e+00 0.000000000000000000e+00 4.899999999999999289e+01 0.000000000000000000e+00 3.914285714285713169e+01 0.000000000000000000e+00 3.819047619047618269e+01 3.627536231884056406e+01 7.549999999999997158e+01 6.879999999999998295e+01 6.415384615384613198e+01 6.750000000000002842e+01 7.939999999999999147e+01 7.849999999999998579e+01 6.475000000000000000e+01 2.907499999999999574e+01 2.460879629629627985e+01 3.769999999999997442e+01 0.000000000000000000e+00 4.599999999999999289e+01 5.499999999999997868e+01 2.474999999999998224e+01 3.919999999999998863e+01 0.000000000000000000e+00 0.000000000000000000e+00 0.000000000000000000e+00 0.000000000000000000e+00 0.000000000000000000e+00 0.000000000000000000e+00 0.000000000000000000e+00 0.000000000000000000e+00 0.000000000000000000e+00 0.000000000000000000e+00 0.000000000000000000e+00 0.000000000000000000e+00 0.000000000000000000e+00 0.000000000000000000e+00 0.000000000000000000e+00 5.099999999999997158e+01 0.000000000000000000e+00 0.000000000000000000e+00 0.000000000000000000e+00 0.000000000000000000e+00 0.000000000000000000e+00 0.000000000000000000e+00 0.000000000000000000e+00 0.000000000000000000e+00 0.000000000000000000e+00 0.000000000000000000e+00 0.000000000000000000e+00 0.000000000000000000e+00 0.000000000000000000e+00 0.000000000000000000e+00 7.200000000000000000e+01 0.000000000000000000e+00 0.000000000000000000e+00 0.000000000000000000e+00 0.000000000000000000e+00 4.549999999999995737e+01 3.824999999999995737e+01 0.000000000000000000e+00 0.000000000000000000e+00 0.000000000000000000e+00 0.000000000000000000e+00 0.000000000000000000e+00 0.000000000000000000e+00 0.000000000000000000e+00
0.000000000000000000e+00 0.000000000000000000e+00 0.000000000000000000e+00 0.000000000000000000e+00 3.924324324324322788e+01 2.825555555555554577e+01 2.412878787878786824e+01 8.612867236891037948e+00 1.259215849595430470e+01 1.981304450200140721e+01 2.605696202531645511e+01 3.137904066736182784e+01 1.033412629757785517e+01 5.377272727272725916e+01 2.185310374149658941e+01 3.118592057761732761e+01 2.443055555555555358e+01 4.649999999999999289e+01 5.477499999999997726e+01 0.000000000000000000e+00 6.666666666666668561e+01 0.000000000000000000e+00 0.000000000000000000e+00 0.000000000000000000e+00 3.049999999999998934e+01 3.860000000000000142e+01 2.825000000000000000e+01 4.899999999999997868e+01 1.971129441624365342e+01 2.407187922487605647e+01 5.280769230769230660e+01 5.255744680851064032e+01 4.911578947368420955e+01 5.294117647058822484e+01 5.934782608695652328e+01 6.649999999999997158e+01 6.800000000000001421e+01 1.990160642570280558e+01 1.402059176329467860e+01 3.139999999999999147e+01 0.000000000000000000e+00 3.087500000000000355e+01 4.312500000000000000e+01 5.199999999999997868e+01 4.235135135135134732e+01 3.749999999999999289e+01 0.000000000000000000e+00 0.000000000000000000e+00 0.000000000000000000e+00 0.000000000000000000e+00 0.000000000000000000e+00 0.000000000000000000e+00 0.000000000000000000e+00 5.199999999999997868e+01 4.749999999999996447e+01 0.000000000000000000e+00 0.000000000000000000e+00 0.000000000000000000e+00 4.499999999999998579e+01 2.925000000000000000e+01 2.550000000000000355e+01 0.000000000000000000e+00 0.000000000000000000e+00 0.000000000000000000e+00 0.000000000000000000e+00 0.000000000000000000e+00 0.000000000000000000e+00 0.000000000000000000e+00 0.000000000000000000e+00 0.000000000000000000e+00 0.000000000000000000e+00 0.000000000000000000e+00 0.000000000000000000e+00 0.000000000000000000e+00 0.000000000000000000e+00 0.000000000000000000e+00 0.000000000000000000e+00 0.000000000000000000e+00 0.000000000000000000e+00 0.000000000000000000e+00 0.000000000000000000e+00 0.000000000000000000e+00 0.000000000000000000e+00 0.000000000000000000e+00 0.000000000000000000e+00 0.000000000000000000e+00 0.000000000000000000e+00 0.000000000000000000e+00 0.000000000000000000e+00
0.000000000000000000e+00 0.000000000000000000e+00 0.000000000000000000e+00 8.844594594594587633e+00 1.252815177478579756e+01 1.653929765886287129e+01 1.267877857386556961e+01 1.659243287225385899e+01 1.981304450200140721e+01 1.385479852506394316e+01 1.786053431248416601e+01 1.566834542508980377e+01 4.205708848715507742e+01 4.976315789473682116e+01 3.000123937677052766e+01 2.623501303214595382e+01 2.471808510638296497e+01 4.730630630630628986e+01 6.172702702702700606e+01 0.000000000000000000e+00 8.427777777777777146e+01 0.000000000000000000e+00 5.299999999999999289e+01 3.900000000000000000e+01 7.959999999999998010e+01 6.197500000000000142e+01 4.250000000000000000e+01 6.816981132075470384e+01 5.504419889502760554e+01 4.722352941176468732e+01 5.910655737704917101e+01 6.410701330108825857e+01 6.157668329177055710e+01 6.352564102564102910e+01 6.970000000000000284e+01 0.000000000000000000e+00 7.100000000000000000e+01 2.337690179806361002e+01 2.656869163377296772e+01 4.035440613026818824e+01 0.000000000000000000e+00 4.814999999999999147e+01 6.149999999999997868e+01 5.524999999999997868e+01 4.039719626168222533e+01 4.974999999999997868e+01 0.000000000000000000e+00 0.000000000000000000e+00 6.199999999999995026e+01 0.000000000000000000e+00 0.000000000000000000e+00 6.099999999999996447e+01 6.433333333333330017e+01 6.433333333333330017e+01 5.039999999999996305e+01 6.249999999999992895e+01 0.000000000000000000e+00 0.000000000000000000e+00 3.306249999999999289e+01 2.949999999999999289e+01 4.879999999999997584e+01 7.409999999999998010e+01 0.000000000000000000e+00 0.000000000000000000e+00 0.000000000000000000e+00 0.000000000000000000e+00 0.000000000000000000e+00 0.000000000000000000e+00 0.000000000000000000e+00 0.000000000000000000e+00 0.000000000000000000e+00 0.000000000000000000e+00 8.249999999999997158e+01 0.000000000000000000e+00 1.119999999999999716e+02 5.999999999999996447e+01 0.000000000000000000e+00 0.000000000000000000e+00 0.000000000000000000e+00 0.000000000000000000e+00 5.016666666666660745e+01 5.137499999999997158e+01 5.874999999999995737e+01 0.000000000000000000e+00 4.499999999999991473e+01 0.000000000000000000e+00 0.000000000000000000e+00 0.000000000000000000e+00 0.000000000000000000e+00
0.000000000000000000e+00 0.000000000000000000e+00 0.000000000000000000e+00 4.749999999999992184e+01 5.242307692307689848e+01 3.799999999999998579e+01 3.721428571428569398e+01 3.181249999999998579e+01 2.605696202531645511e+01 1.786053431248416601e+01 1.444778465936160039e+01 2.058879682997118010e+01 1.709443061605476188e+01 4.109756097560975263e+01 2.487328094302554149e+01 3.814423076923075939e+01 2.463349514563106624e+01 2.933070866141731514e+01 4.878313253012048278e+01 0.000000000000000000e+00 6.335795454545454675e+01 6.175000000000000000e+01 6.224999999999998579e+01 9.874999999999997158e+01 6.172727272727272663e+01 5.290776699029126462e+01 4.325000000000001421e+01 4.566292134831461169e+01 3.471107784431137588e+01 3.612199170124481640e+01 4.741860465116278789e+01 4.699680796731358612e+01 4.571324786324786515e+01 4.907964601769911184e+01 5.725744047619047450e+01 6.564285714285713880e+01 6.542857142857143060e+01 1.964002205071664164e+01 2.049878011588899085e+01 2.739136125654450282e+01 0.000000000000000000e+00 2.965833333333332789e+01 6.535714285714287541e+01 3.725757575757575779e+01 5.235416666666665009e+01 3.477739726027395761e+01 0.000000000000000000e+00 5.899999999999996447e+01 0.000000000000000000e+00 0.000000000000000000e+00 0.000000000000000000e+00 7.699999999999997158e+01 4.899999999999999289e+01 4.624999999999997158e+01 4.841666666666660745e+01 5.199999999999996447e+01 5.850000000000000711e+01 0.000000000000000000e+00 0.000000000000000000e+00 3.774999999999997158e+01 3.637499999999997158e+01 6.066666666666662877e+01 0.000000000000000000e+00 0.000000000000000000e+00 0.000000000000000000e+00 0.000000000000000000e+00 0.000000000000000000e+00 0.000000000000000000e+00 0.000000000000000000e+00 0.000000000000000000e+00 0.000000000000000000e+00 0.000000000000000000e+00 0.000000000000000000e+00 0.000000000000000000e+00 0.000000000000000000e+00 5.919999999999998863e+01 0.000000000000000000e+00 0.000000000000000000e+00 0.000000000000000000e+00 0.000000000000000000e+00 0.000000000000000000e+00 4.500000000000001421e+01 5.100000000000000000e+01 0.000000000000000000e+00 0.000000000000000000e+00 0.000000000000000000e+00 5.499999999999998579e+01 0.000000000000000000e+00 0.000000000000000000e+00
0.000000000000000000e+00 0.000000000000000000e+00 0.000000000000000000e+00 6.920514511873349761e+00 1.496688382193267763e+01 2.450436681222706525e+01 3.272727272727271952e+01 2.167433628318582706e+01 3.137904066736182784e+01 1.566834542508980377e+01 2.058879682997118010e+01 1.555630235241009096e+01 2.375334995325646759e+01 1.623754716981132162e+01 3.161607142857141994e+01 2.215937257939580718e+01 1.750498007968126757e+01 2.775061124694375891e+01 4.122261844116148666e+01 0.000000000000000000e+00 6.970000000000001705e+01 0.000000000000000000e+00 8.499999999999995737e+01 5.449999999999997158e+01 6.339999999999999858e+01 5.503703703703703809e+01 4.450000000000000711e+01 5.997619047619047450e+01 3.269889647924330234e+01 4.090705679862306710e+01 5.769090909090908781e+01 4.996029874213836308e+01 4.568144044321329744e+01 6.346666666666666856e+01 7.450000000000000000e+01 0.000000000000000000e+00 7.066666666666669983e+01 2.233356047700169356e+01 2.996189878307899335e+01 3.380703703703703411e+01 0.000000000000000000e+00 3.180829015544041383e+01 5.533333333333333570e+01 4.177184466019417641e+01 3.543333333333330870e+01 3.798465473145780180e+01 4.549999999999998579e+01 3.549999999999999289e+01 4.862499999999996447e+01 0.000000000000000000e+00 0.000000000000000000e+00 4.099999999999997158e+01 4.826666666666662309e+01 5.714285714285711038e+01 1.126339285714284877e+01 7.216666666666667140e+01 1.900000000000000000e+01 4.999999999999998579e+01 2.688461538461537614e+01 3.089062499999998224e+01 2.968749999999999289e+01 5.618181818181815856e+01 0.000000000000000000e+00 0.000000000000000000e+00 0.000000000000000000e+00 0.000000000000000000e+00 0.000000000000000000e+00 0.000000000000000000e+00 0.000000000000000000e+00 0.000000000000000000e+00 0.000000000000000000e+00 6.649999999999998579e+01 0.000000000000000000e+00 0.000000000000000000e+00 1.027499999999999716e+02 6.164285714285714590e+01 0.000000000000000000e+00 0.000000000000000000e+00 0.000000000000000000e+00 0.000000000000000000e+00 3.637499999999997158e+01 4.511363636363634555e+01 4.924999999999997158e+01 0.000000000000000000e+00 4.133333333333332149e+01 0.000000000000000000e+00 0.000000000000000000e+00 4.299999999999995737e+01 6.566666666666664298e+01
0.000000000000000000e+00 0.000000000000000000e+00 0.000000000000000000e+00 0.000000000000000000e+00 6.824999999999998579e+01 5.343023255813953654e+01 5.383333333333332149e+01 3.317610062893080425e+01 1.033412629757785517e+01 4.205708848715507742e+01 1.709443061605476188e+01 2.375334995325646759e+01 1.332166338325698440e+01 8.341525777499478878e+00 2.357735849056604138e+01 5.542307692307690559e+01 4.092452830188677382e+01 2.119483240223463838e+01 3.407288629737610108e+01 5.249999999999996447e+01 5.870183486238531856e+01 4.900000000000000000e+01 6.480000000000001137e+01 5.570312499999998579e+01 5.150000000000000000e+01 2.898397435897435770e+01 3.650000000000000711e+01 4.146142433234422242e+01 1.784385980718983689e+01 2.719713127866055302e+01 4.463636363636364024e+01 3.335944564576371363e+01 3.603423475258918529e+01 4.444715447154472798e+01 5.389380530973451044e+01 0.000000000000000000e+00 5.626923076923078071e+01 2.232484243697479798e+01 2.469313117189548734e+01 3.006321839080460734e+01 0.000000000000000000e+00 2.724264705882352899e+01 4.454629629629629761e+01 3.794432989690721314e+01 6.783333333333332860e+01 3.626666666666667282e+01 0.000000000000000000e+00 0.000000000000000000e+00 0.000000000000000000e+00 0.000000000000000000e+00 0.000000000000000000e+00 0.000000000000000000e+00 0.000000000000000000e+00 6.133333333333329307e+01 7.750000000000002842e+01 5.341666666666666430e+01 0.000000000000000000e+00 0.000000000000000000e+00 0.000000000000000000e+00 4.787499999999997158e+01 3.883333333333332860e+01 4.569230769230768630e+01 0.000000000000000000e+00 0.000000000000000000e+00 0.000000000000000000e+00 0.000000000000000000e+00 0.000000000000000000e+00 0.000000000000000000e+00 6.549999999999998579e+01 0.000000000000000000e+00 0.000000000000000000e+00 6.649999999999994316e+01 0.000000000000000000e+00 0.000000000000000000e+00 8.816666666666662877e+01 5.799999999999999289e+01 0.000000000000000000e+00 0.000000000000000000e+00 0.000000000000000000e+00 0.000000000000000000e+00 4.249999999999999289e+01 5.670000000000000995e+01 0.000000000000000000e+00 0.000000000000000000e+00 4.171428571428570820e+01 0.000000000000000000e+00 0.000000000000000000e+00 8.500000000000001421e+01 4.950000000000000000e+01
0.000000000000000000e+00 0.000000000000000000e+00 0.000000000000000000e+00 0.000000000000000000e+00 6.716666666666664298e+01 6.624999999999997158e+01 0.000000000000000000e+00 6.074999999999998579e+01 5.377272727272725916e+01 4.976315789473682116e+01 4.109756097560975263e+01 1.623754716981132162e+01 8.341525777499478878e+00 1.042226297968397297e+01 3.857499999999999574e+01 5.242187499999998579e+01 4.308974358974357699e+01 1.092011834319526464e+01 2.900625000000000142e+01 0.000000000000000000e+00 0.000000000000000000e+00 0.000000000000000000e+00 0.000000000000000000e+00 5.749999999999997868e+01 0.000000000000000000e+00 3.699999999999997158e+01 0.000000000000000000e+00 4.790000000000001279e+01 1.114842122134957592e+01 3.616025641025640880e+01 4.716666666666666430e+01 1.699379432624113306e+01 1.471808510638298273e+01 3.449999999999996447e+01 9.599999999999995737e+01 0.000000000000000000e+00 4.200000000000001421e+01 2.876724137931034520e+01 4.078947368421052744e+01 3.697727272727272663e+01 0.000000000000000000e+00 2.993750000000001421e+01 0.000000000000000000e+00 3.762500000000000000e+01 6.799999999999995737e+01 5.408333333333334991e+01 0.000000000000000000e+00 0.000000000000000000e+00 0.000000000000000000e+00 0.000000000000000000e+00 0.000000000000000000e+00 0.000000000000000000e+00 0.000000000000000000e+00 0.000000000000000000e+00 4.774999999999999289e+01 0.000000000000000000e+00 0.000000000000000000e+00 0.000000000000000000e+00 0.000000000000000000e+00 0.000000000000000000e+00 0.000000000000000000e+00 3.549999999999995737e+01 0.000000000000000000e+00 0.000000000000000000e+00 0.000000000000000000e+00 0.000000000000000000e+00 0.000000000000000000e+00 0.000000000000000000e+00 0.000000000000000000e+00 0.000000000000000000e+00 0.000000000000000000e+00 0.000000000000000000e+00 0.000000000000000000e+00 0.000000000000000000e+00 0.000000000000000000e+00 0.000000000000000000e+00 0.000000000000000000e+00 0.000000000000000000e+00 0.000000000000000000e+00 0.000000000000000000e+00 0.000000000000000000e+00 0.000000000000000000e+00 0.000000000000000000e+00 0.000000000000000000e+00 0.000000000000000000e+00 0.000000000000000000e+00 0.000000000000000000e+00 0.000000000000000000e+00 0.000000000000000000e+00
0.000000000000000000e+00 0.000000000000000000e+00 0.000000000000000000e+00 3.799999999999997158e+01 2.949056603773583518e+01 2.216116352201256845e+01 4.233216783216781209e+01 3.437184115523464811e+01 2.185310374149658941e+01 3.000123937677052766e+01 2.487328094302554149e+01 3.161607142857141994e+01 2.357735849056604138e+01 3.857499999999999574e+01 1.204311349335818804e+01 3.052517985611509488e+01 2.758695652173912194e+01 2.750000000000000000e+01 2.989705882352940236e+01 1.900781250000000000e+01 4.304385964912280116e+01 3.496610169491524545e+01 2.405855855855855907e+01 1.716947723440134155e+01 2.330308219178082041e+01 2.480096067247071900e+01 2.472269417475727238e+01 3.611466165413532536e+01 2.001516002245929116e+01 2.214896755162241604e+01 4.479987531172068316e+01 3.546561135371177897e+01 3.654514672686229204e+01 4.513934426229506869e+01 4.810204081632651452e+01 5.604545454545454675e+01 4.387974683544302934e+01 2.942669584245075853e+01 8.483734833831544364e+00 1.697908745247148232e+01 0.000000000000000000e+00 2.273447636700647934e+01 1.406021251475796952e+01 1.127282377919320666e+01 3.597826086956520442e+01 2.165957446808509701e+01 0.000000000000000000e+00 0.000000000000000000e+00 0.000000000000000000e+00 0.000000000000000000e+00 0.000000000000000000e+00 0.000000000000000000e+00 4.974999999999997868e+01 5.283333333333330728e+01 5.809999999999998721e+01 5.062499999999997868e+01 0.000000000000000000e+00 4.800000000000000000e+01 0.000000000000000000e+00 4.629999999999999005e+01 3.699999999999996447e+01 4.188888888888887863e+01 0.000000000000000000e+00 6.649999999999998579e+01 6.100000000000000000e+01 0.000000000000000000e+00 0.000000000000000000e+00 0.000000000000000000e+00 0.000000000000000000e+00 0.000000000000000000e+00 0.000000000000000000e+00 6.949999999999995737e+01 4.649999999999997158e+01 0.000000000000000000e+00 8.100000000000000000e+01 5.109999999999998010e+01 0.000000000000000000e+00 0.000000000000000000e+00 0.000000000000000000e+00 0.000000000000000000e+00 3.425000000000000000e+01 0.000000000000000000e+00 4.499999999999997158e+01 0.000000000000000000e+00 3.953999999999998494e+01 4.999999999999999289e+01 0.000000000000000000e+00 0.000000000000000000e+00 5.799999999999998579e+01
0.000000000000000000e+00 0.000000000000000000e+00 0.000000000000000000e+00 2.883333333333332860e+01 1.280830830830830003e+01 2.077024793388428492e+01 3.849999999999999289e+01 1.884347826086955635e+01 3.118592057761732761e+01 2.623501303214595382e+01 3.814423076923075939e+01 2.215937257939580718e+01 5.542307692307690559e+01 5.242187499999998579e+01 3.052517985611509488e+01 6.571459838038955503e+00 1.109601139601139685e+01 3.932921665490470531e+01 5.240482154038819829e+01 0.000000000000000000e+00 0.000000000000000000e+00 7.300000000000001421e+01 7.099999999999995737e+01 0.000000000000000000e+00 9.649999999999998579e+01 0.000000000000000000e+00 0.000000000000000000e+00 9.149999999999998579e+01 6.339130434782607892e+01 6.454166666666665719e+01 7.416666666666661456e+01 7.359589041095887296e+01 5.948076923076920508e+01 0.000000000000000000e+00 9.733333333333331439e+01 0.000000000000000000e+00 1.060000000000000142e+02 1.419376181474479459e+01 2.541927627000693946e+01 4.362903225806449825e+01 0.000000000000000000e+00 5.668749999999998579e+01 6.933333333333331439e+01 4.949999999999997868e+01 1.085655737704917101e+01 4.633333333333334281e+01 0.000000000000000000e+00 0.000000000000000000e+00 3.100000000000000355e+01 0.000000000000000000e+00 2.549999999999997868e+01 6.350000000000004263e+01 3.726923076923074518e+01 5.837499999999996447e+01 4.178571428571426338e+01 6.600000000000000000e+01 0.000000000000000000e+00 0.000000000000000000e+00 1.222916666666666252e+01 1.670370370370369884e+01 3.738235294117645680e+01 5.102884615384613909e+01 0.000000000000000000e+00 0.000000000000000000e+00 0.000000000000000000e+00 0.000000000000000000e+00 0.000000000000000000e+00 0.000000000000000000e+00 6.300000000000001421e+01 0.000000000000000000e+00 0.000000000000000000e+00 0.000000000000000000e+00 0.000000000000000000e+00 0.000000000000000000e+00 0.000000000000000000e+00 5.449999999999998579e+01 0.000000000000000000e+00 0.000000000000000000e+00 0.000000000000000000e+00 0.000000000000000000e+00 1.410937499999997691e+01 4.149999999999997868e+01 5.799999999999995737e+01 0.000000000000000000e+00 0.000000000000000000e+00 7.499999999999995737e+01 0.000000000000000000e+00 1.949999999999997158e+01 6.849999999999997158e+01
0.000000000000000000e+00 0.000000000000000000e+00 0.000000000000000000e+00 0.000000000000000000e+00 2.990909090909090651e+01 3.567999999999998550e+01 0.000000000000000000e+00 2.528571428571428115e+01 2.443055555555555358e+01 2.471808510638296497e+01 2.463349514563106624e+01 1.750498007968126757e+01 4.092452830188677382e+01 4.308974358974357699e+01 2.758695652173912194e+01 1.109601139601139685e+01 9.463403476669711267e+00 2.255560183256974938e+01 3.967027863777088470e+01 0.000000000000000000e+00 0.000000000000000000e+00 0.000000000000000000e+00 0.000000000000000000e+00 0.000000000000000000e+00 7.999999999999997158e+01 5.349999999999998579e+01 0.000000000000000000e+00 6.975000000000000000e+01 5.317499999999999716e+01 6.489999999999999147e+01 6.675000000000000000e+01 6.005405405405405617e+01 4.599074074074072627e+01 0.000000000000000000e+00 7.475000000000000000e+01 0.000000000000000000e+00 0.000000000000000000e+00 1.711422413793102493e+01 2.548275862068964415e+01 2.999999999999999289e+01 0.000000000000000000e+00 3.449999999999998579e+01 5.000000000000002132e+01 4.227777777777777857e+01 3.088888888888888928e+01 3.520833333333332149e+01 0.000000000000000000e+00 0.000000000000000000e+00 4.550000000000000000e+01 0.000000000000000000e+00 0.000000000000000000e+00 2.818181818181814435e+01 3.411363636363633134e+01 4.836363636363633134e+01 3.617391304347823677e+01 4.629999999999996874e+01 0.000000000000000000e+00 0.000000000000000000e+00 1.844444444444443931e+01 1.442592592592591672e+01 2.318627450980391203e+01 4.199999999999997868e+01 0.000000000000000000e+00 0.000000000000000000e+00 0.000000000000000000e+00 0.000000000000000000e+00 0.000000000000000000e+00 0.000000000000000000e+00 0.000000000000000000e+00 0.000000000000000000e+00 0.000000000000000000e+00 5.674999999999997158e+01 0.000000000000000000e+00 0.000000000000000000e+00 7.124999999999997158e+01 4.192499999999999005e+01 0.000000000000000000e+00 0.000000000000000000e+00 5.300000000000001421e+01 0.000000000000000000e+00 2.631249999999997868e+01 3.372222222222220012e+01 3.499999999999998579e+01 0.000000000000000000e+00 4.450000000000001421e+01 0.000000000000000000e+00 0.000000000000000000e+00 0.000000000000000000e+00 6.149999999999995026e+01
