0.000000000000000000e+00 0.000000000000000000e+00 0.000000000000000000e+00 0.000000000000000000e+00 0.000000000000000000e+00 0.000000000000000000e+00 0.000000000000000000e+00 0.000000000000000000e+00 0.000000000000000000e+00 0.000000000000000000e+00 0.000000000000000000e+00 0.000000000000000000e+00 0.000000000000000000e+00 0.000000000000000000e+00 0.000000000000000000e+00 0.000000000000000000e+00 0.000000000000000000e+00 0.000000000000000000e+00 0.000000000000000000e+00 0.000000000000000000e+00 0.000000000000000000e+00 0.000000000000000000e+00 0.000000000000000000e+00 0.000000000000000000e+00 0.000000000000000000e+00 0.000000000000000000e+00 0.000000000000000000e+00 0.000000000000000000e+00 0.000000000000000000e+00 0.000000000000000000e+00 0.000000000000000000e+00 0.000000000000000000e+00 0.000000000000000000e+00 0.000000000000000000e+00 0.000000000000000000e+00 0.000000000000000000e+00 0.000000000000000000e+00 0.000000000000000000e+00 0.000000000000000000e+00 0.000000000000000000e+00 0.000000000000000000e+00 0.000000000000000000e+00 0.000000000000000000e+00 0.000000000000000000e+00 0.000000000000000000e+00 0.000000000000000000e+00 0.000000000000000000e+00 0.000000000000000000e+00 0.000000000000000000e+00 0.000000000000000000e+00 0.000000000000000000e+00 0.000000000000000000e+00 0.000000000000000000e+00 0.000000000000000000e+00 0.000000000000000000e+00 0.000000000000000000e+00 0.000000000000000000e+00 0.000000000000000000e+00 0.000000000000000000e+00 0.000000000000000000e+00 0.000000000000000000e+00 0.000000000000000000e+00 0.000000000000000000e+00 0.000000000000000000e+00 0.000000000000000000e+00 0.000000000000000000e+00 0.000000000000000000e+00 0.000000000000000000e+00 0.000000000000000000e+00 0.000000000000000000e+00 0.000000000000000000e+00 0.000000000000000000e+00 0.000000000000000000e+00 0.000000000000000000e+00 0.000000000000000000e+00 0.000000000000000000e+00 0.000000000000000000e+00 0.000000000000000000e+00 0.000000000000000000e+00 0.000000000000000000e+00 0.000000000000000000e+00 0.000000000000000000e+00 0.000000000000000000e+00 0.000000000000000000e+00 0.000000000000000000e+00 0.000000000000000000e+00 0.000000000000000000e+00 0.000000000000000000e+00 0.000000000000000000e+00
0.000000000000000000e+00 0.000000000000000000e+00 0.000000000000000000e+00 0.000000000000000000e+00 0.000000000000000000e+00 0.000000000000000000e+00 0.000000000000000000e+00 0.000000000000000000e+00 0.000000000000000000e+00 0.000000000000000000e+00 0.000000000000000000e+00 0.000000000000000000e+00 0.000000000000000000e+00 0.000000000000000000e+00 0.000000000000000000e+00 0.000000000000000000e+00 0.000000000000000000e+00 0.000000000000000000e+00 0.000000000000000000e+00 0.000000000000000000e+00 0.000000000000000000e+00 0.000000000000000000e+00 0.000000000000000000e+00 0.000000000000000000e+00 0.000000000000000000e+00 0.000000000000000000e+00 0.000000000000000000e+00 0.000000000000000000e+00 0.000000000000000000e+00 0.000000000000000000e+00 0.000000000000000000e+00 0.000000000000000000e+00 0.000000000000000000e+00 0.000000000000000000e+00 0.000000000000000000e+00 0.000000000000000000e+00 0.000000000000000000e+00 0.000000000000000000e+00 0.000000000000000000e+00 0.000000000000000000e+00 0.000000000000000000e+00 0.000000000000000000e+00 0.000000000000000000e+00 0.000000000000000000e+00 0.000000000000000000e+00 0.000000000000000000e+00 0.000000000000000000e+00 0.000000000000000000e+00 0.000000000000000000e+00 0.000000000000000000e+00 0.000000000000000000e+00 0.000000000000000000e+00 0.000000000000000000e+00 0.000000000000000000e+00 0.000000000000000000e+00 0.000000000000000000e+00 0.000000000000000000e+00 0.000000000000000000e+00 0.000000000000000000e+00 0.000000000000000000e+00 0.000000000000000000e+00 0.000000000000000000e+00 0.000000000000000000e+00 0.000000000000000000e+00 0.000000000000000000e+00 0.000000000000000000e+00 0.000000000000000000e+00 0.000000000000000000e+00 0.000000000000000000e+00 0.000000000000000000e+00 0.000000000000000000e+00 0.000000000000000000e+00 0.000000000000000000e+00 0.000000000000000000e+00 0.000000000000000000e+00 0.000000000000000000e+00 0.000000000000000000e+00 0.000000000000000000e+00 0.000000000000000000e+00 0.000000000000000000e+00 0.000000000000000000e+00 0.000000000000000000e+00 0.000000000000000000e+00 0.000000000000000000e+00 0.000000000000000000e+00 0.000000000000000000e+00 0.000000000000000000e+00 0.000000000000000000e+00 0.000000000000000000e+00
0.000000000000000000e+00 0.000000000000000000e+00 0.000000000000000000e+00 0.000000000000000000e+00 0.000000000000000000e+00 0.000000000000000000e+00 0.000000000000000000e+00 0.000000000000000000e+00 0.000000000000000000e+00 0.000000000000000000e+00 0.000000000000000000e+00 0.000000000000000000e+00 0.000000000000000000e+00 0.000000000000000000e+00 0.000000000000000000e+00 0.000000000000000000e+00 0.000000000000000000e+00 0.000000000000000000e+00 0.000000000000000000e+00 0.000000000000000000e+00 0.000000000000000000e+00 0.000000000000000000e+00 0.000000000000000000e+00 0.000000000000000000e+00 0.000000000000000000e+00 0.000000000000000000e+00 0.000000000000000000e+00 0.000000000000000000e+00 0.000000000000000000e+00 0.000000000000000000e+00 0.000000000000000000e+00 0.000000000000000000e+00 0.000000000000000000e+00 0.000000000000000000e+00 0.000000000000000000e+00 0.000000000000000000e+00 0.000000000000000000e+00 0.000000000000000000e+00 0.000000000000000000e+00 0.000000000000000000e+00 0.000000000000000000e+00 0.000000000000000000e+00 0.000000000000000000e+00 0.000000000000000000e+00 0.000000000000000000e+00 0.000000000000000000e+00 0.000000000000000000e+00 0.000000000000000000e+00 0.000000000000000000e+00 0.000000000000000000e+00 0.000000000000000000e+00 0.000000000000000000e+00 0.000000000000000000e+00 0.000000000000000000e+00 0.000000000000000000e+00 0.000000000000000000e+00 0.000000000000000000e+00 0.000000000000000000e+00 0.000000000000000000e+00 0.000000000000000000e+00 0.000000000000000000e+00 0.000000000000000000e+00 0.000000000000000000e+00 0.000000000000000000e+00 0.000000000000000000e+00 0.000000000000000000e+00 0.000000000000000000e+00 0.000000000000000000e+00 0.000000000000000000e+00 0.000000000000000000e+00 0.000000000000000000e+00 0.000000000000000000e+00 0.000000000000000000e+00 0.000000000000000000e+00 0.000000000000000000e+00 0.000000000000000000e+00 0.000000000000000000e+00 0.000000000000000000e+00 0.000000000000000000e+00 0.000000000000000000e+00 0.000000000000000000e+00 0.000000000000000000e+00 0.000000000000000000e+00 0.000000000000000000e+00 0.000000000000000000e+00 0.000000000000000000e+00 0.000000000000000000e+00 0.000000000000000000e+00 0.000000000000000000e+00
0.000000000000000000e+00 0.000000000000000000e+00 0.000000000000000000e+00 4.496062992125981594e+00 7.283018867924524464e+00 1.208680892337535617e+01 2.911111111111111782e+01 3.064999999999998792e+01 4.435714285714286831e+01 9.788915094339614598e+00 4.924999999999997868e+01 7.221276595744678062e+00 5.924999999999996447e+01 0.000000000000000000e+00 4.874999999999997158e+01 2.894999999999998153e+01 3.909999999999997300e+01 6.250000000000000000e+01 0.000000000000000000e+00 0.000000000000000000e+00 0.000000000000000000e+00 0.000000000000000000e+00 0.000000000000000000e+00 0.000000000000000000e+00 0.000000000000000000e+00 0.000000000000000000e+00 0.000000000000000000e+00 0.000000000000000000e+00 7.700000000000001421e+01 0.000000000000000000e+00 0.000000000000000000e+00 0.000000000000000000e+00 9.274999999999997158e+01 9.499999999999995737e+01 0.000000000000000000e+00 0.000000000000000000e+00 8.199999999999995737e+01 2.992241379310342708e+01 3.323546511627905176e+01 7.716666666666665719e+01 0.000000000000000000e+00 0.000000000000000000e+00 0.000000000000000000e+00 0.000000000000000000e+00 3.166666666666665719e+01 0.000000000000000000e+00 0.000000000000000000e+00 0.000000000000000000e+00 0.000000000000000000e+00 0.000000000000000000e+00 0.000000000000000000e+00 0.000000000000000000e+00 0.000000000000000000e+00 0.000000000000000000e+00 0.000000000000000000e+00 0.000000000000000000e+00 0.000000000000000000e+00 0.000000000000000000e+00 0.000000000000000000e+00 3.800000000000000000e+01 0.000000000000000000e+00 0.000000000000000000e+00 0.000000000000000000e+00 0.000000000000000000e+00 0.000000000000000000e+00 0.000000000000000000e+00 0.000000000000000000e+00 0.000000000000000000e+00 0.000000000000000000e+00 0.000000000000000000e+00 0.000000000000000000e+00 0.000000000000000000e+00 0.000000000000000000e+00 0.000000000000000000e+00 0.000000000000000000e+00 0.000000000000000000e+00 0.000000000000000000e+00 0.000000000000000000e+00 0.000000000000000000e+00 0.000000000000000000e+00 0.000000000000000000e+00 0.000000000000000000e+00 0.000000000000000000e+00 0.000000000000000000e+00 0.000000000000000000e+00 0.000000000000000000e+00 0.000000000000000000e+00 0.000000000000000000e+00 0.000000000000000000e+00
0.000000000000000000e+00 0.000000000000000000e+00 0.000000000000000000e+00 7.283018867924524464e+00 9.535113960113955400e+00 9.558743517810077250e+00 2.160869565217390686e+01 2.304713114754098413e+01 3.916423357664232441e+01 1.439519650655021188e+01 4.073636363636362034e+01 1.515860215053763049e+01 5.318421052631576629e+01 5.662499999999996447e+01 3.625257731958760843e+01 1.445072463768115156e+01 2.978676470588234082e+01 4.896363636363634697e+01 6.631914893617019402e+01 0.000000000000000000e+00 0.000000000000000000e+00 0.000000000000000000e+00 0.000000000000000000e+00 3.649999999999996447e+01 0.000000000000000000e+00 1.012499999999999858e+02 0.000000000000000000e+00 9.299999999999995737e+01 6.999999999999997158e+01 6.667499999999998295e+01 8.899999999999997158e+01 7.984999999999998010e+01 7.311904761904759198e+01 8.499999999999998579e+01 0.000000000000000000e+00 0.000000000000000000e+00 0.000000000000000000e+00 1.288456435205660533e+01 2.062949640287768460e+01 4.259782608695650197e+01 0.000000000000000000e+00 4.666666666666665009e+01 0.000000000000000000e+00 3.928571428571425628e+01 6.163817663817662051e+00 1.732692307692306954e+01 0.000000000000000000e+00 4.349999999999995026e+01 3.742857142857140218e+01 0.000000000000000000e+00 4.349999999999995737e+01 0.000000000000000000e+00 4.606249999999995737e+01 0.000000000000000000e+00 3.987499999999997158e+01 7.049999999999995737e+01 0.000000000000000000e+00 0.000000000000000000e+00 3.013636363636362603e+01 3.177777777777775370e+01 5.187499999999996447e+01 0.000000000000000000e+00 0.000000000000000000e+00 0.000000000000000000e+00 0.000000000000000000e+00 0.000000000000000000e+00 0.000000000000000000e+00 0.000000000000000000e+00 0.000000000000000000e+00 0.000000000000000000e+00 0.000000000000000000e+00 0.000000000000000000e+00 0.000000000000000000e+00 0.000000000000000000e+00 0.000000000000000000e+00 0.000000000000000000e+00 0.000000000000000000e+00 0.000000000000000000e+00 0.000000000000000000e+00 0.000000000000000000e+00 1.899999999999999289e+01 4.424999999999997158e+01 5.399999999999994316e+01 0.000000000000000000e+00 2.499999999999997158e+01 8.500000000000000000e+01 0.000000000000000000e+00 1.816666666666665364e+01 8.062499999999992895e+00
0.000000000000000000e+00 0.000000000000000000e+00 0.000000000000000000e+00 1.208680892337535617e+01 9.558743517810077250e+00 1.459699955217195821e+01 9.433775731310937829e+00 1.482007536110529067e+01 3.689058524173027109e+01 1.787689926842993060e+01 3.894510385756675674e+01 2.572463768115940752e+01 5.722321428571427049e+01 6.010344827586203564e+01 2.708689839572191715e+01 2.129746835443036801e+01 3.387666666666665805e+01 5.612499999999997868e+01 7.274999999999997158e+01 0.000000000000000000e+00 0.000000000000000000e+00 5.999999999999997158e+01 6.187499999999997158e+01 3.599999999999995737e+01 5.383333333333330728e+01 6.724999999999998579e+01 7.333333333333332860e+01 8.333333333333335702e+01 7.362999999999996703e+01 6.967999999999997840e+01 9.200000000000000000e+01 8.086315789473682969e+01 7.613636363636361182e+01 8.166666666666665719e+01 1.127500000000000000e+02 0.000000000000000000e+00 1.017499999999999716e+02 1.881837016574585064e+01 1.967264282860566027e+01 3.138636363636362603e+01 0.000000000000000000e+00 3.808333333333331439e+01 5.624999999999997868e+01 2.641509433962263387e+01 1.917735849056602859e+01 4.317391304347824388e+01 0.000000000000000000e+00 0.000000000000000000e+00 4.574999999999997158e+01 0.000000000000000000e+00 5.034999999999995168e+01 5.724999999999992895e+01 5.184374999999996447e+01 7.400000000000001421e+01 4.792857142857136665e+01 0.000000000000000000e+00 0.000000000000000000e+00 7.399999999999998579e+01 3.128378378378376468e+01 3.936363636363634555e+01 5.522222222222219301e+01 6.962499999999995737e+01 0.000000000000000000e+00 0.000000000000000000e+00 0.000000000000000000e+00 0.000000000000000000e+00 0.000000000000000000e+00 0.000000000000000000e+00 0.000000000000000000e+00 0.000000000000000000e+00 0.000000000000000000e+00 7.999999999999994316e+01 0.000000000000000000e+00 0.000000000000000000e+00 9.950000000000001421e+01 0.000000000000000000e+00 0.000000000000000000e+00 0.000000000000000000e+00 0.000000000000000000e+00 0.000000000000000000e+00 4.103846153846150457e+01 4.751388888888886441e+01 0.000000000000000000e+00 0.000000000000000000e+00 0.000000000000000000e+00 0.000000000000000000e+00 7.500000000000000000e+01 3.577777777777774304e+01 5.249999999999992184e+01
0.000000000000000000e+00 0.000000000000000000e+00 0.000000000000000000e+00 2.911111111111111782e+01 2.160869565217390686e+01 9.433775731310937829e+00 7.443583631307109094e+00 7.049082313681864775e+00 2.514583333333332504e+01 1.199388824214202209e+01 4.297222222222220012e+01 3.185156249999998579e+01 3.899999999999997868e+01 0.000000000000000000e+00 3.702409638554214411e+01 2.517708333333332504e+01 4.483333333333331439e+01 0.000000000000000000e+00 8.649999999999998579e+01 0.000000000000000000e+00 0.000000000000000000e+00 0.000000000000000000e+00 0.000000000000000000e+00 0.000000000000000000e+00 0.000000000000000000e+00 0.000000000000000000e+00 0.000000000000000000e+00 9.849999999999995737e+01 6.112500000000000000e+01 6.899999999999998579e+01 8.924999999999997158e+01 8.462500000000000000e+01 7.824999999999994316e+01 0.000000000000000000e+00 8.899999999999995737e+01 0.000000000000000000e+00 0.000000000000000000e+00 3.587499999999997868e+01 2.573611111111110361e+01 3.069999999999998153e+01 0.000000000000000000e+00 0.000000000000000000e+00 0.000000000000000000e+00 0.000000000000000000e+00 3.649999999999997868e+01 0.000000000000000000e+00 0.000000000000000000e+00 0.000000000000000000e+00 0.000000000000000000e+00 0.000000000000000000e+00 0.000000000000000000e+00 0.000000000000000000e+00 0.000000000000000000e+00 0.000000000000000000e+00 0.000000000000000000e+00 0.000000000000000000e+00 0.000000000000000000e+00 0.000000000000000000e+00 0.000000000000000000e+00 0.000000000000000000e+00 0.000000000000000000e+00 0.000000000000000000e+00 0.000000000000000000e+00 0.000000000000000000e+00 0.000000000000000000e+00 0.000000000000000000e+00 0.000000000000000000e+00 0.000000000000000000e+00 0.000000000000000000e+00 0.000000000000000000e+00 0.000000000000000000e+00 0.000000000000000000e+00 0.000000000000000000e+00 0.000000000000000000e+00 0.000000000000000000e+00 0.000000000000000000e+00 0.000000000000000000e+00 0.000000000000000000e+00 0.000000000000000000e+00 0.000000000000000000e+00 0.000000000000000000e+00 0.000000000000000000e+00 0.000000000000000000e+00 0.000000000000000000e+00 0.000000000000000000e+00 0.000000000000000000e+00 0.000000000000000000e+00 0.000000000000000000e+00 0.000000000000000000e+00
0.000000000000000000e+00 0.000000000000000000e+00 0.000000000000000000e+00 3.064999999999998792e+01 2.304713114754098413e+01 1.482007536110529067e+01 7.049082313681864775e+00 8.436153605994377358e+00 9.864248231804696232e+00 2.015702898550723887e+01 3.238202247191010485e+01 2.479349155860042586e+01 3.215999999999999659e+01 5.812499999999995737e+01 3.339903329752952743e+01 2.015436507936507482e+01 2.744718309859154459e+01 5.023913043478260221e+01 6.825510204081631116e+01 0.000000000000000000e+00 9.275000000000000000e+01 0.000000000000000000e+00 0.000000000000000000e+00 0.000000000000000000e+00 1.255000000000000142e+02 6.599999999999998579e+01 4.471428571428570820e+01 5.500000000000000000e+01 4.937068965517239860e+01 4.510526315789471852e+01 7.387500000000000000e+01 7.083673469387754551e+01 6.549166666666664582e+01 8.833333333333332860e+01 8.489999999999996305e+01 6.899999999999998579e+01 7.387499999999998579e+01 2.440510948905108535e+01 2.884247648902819705e+01 4.333333333333332149e+01 0.000000000000000000e+00 4.487499999999999289e+01 6.549999999999997158e+01 5.075000000000000000e+01 3.133870967741934876e+01 5.279999999999997584e+01 0.000000000000000000e+00 5.649999999999993605e+01 3.921999999999998465e+01 0.000000000000000000e+00 4.683333333333327886e+01 4.500000000000000711e+01 4.426315789473682116e+01 5.887499999999995026e+01 4.236363636363632423e+01 8.399999999999991473e+01 0.000000000000000000e+00 0.000000000000000000e+00 2.337301587301586636e+01 2.627272727272725561e+01 4.199999999999996447e+01 6.033333333333329307e+01 0.000000000000000000e+00 0.000000000000000000e+00 0.000000000000000000e+00 0.000000000000000000e+00 0.000000000000000000e+00 0.000000000000000000e+00 0.000000000000000000e+00 0.000000000000000000e+00 0.000000000000000000e+00 0.000000000000000000e+00 0.000000000000000000e+00 0.000000000000000000e+00 0.000000000000000000e+00 0.000000000000000000e+00 0.000000000000000000e+00 0.000000000000000000e+00 0.000000000000000000e+00 0.000000000000000000e+00 3.364285714285711038e+01 4.457692307692305178e+01 5.500000000000000000e+01 0.000000000000000000e+00 0.000000000000000000e+00 8.250000000000000000e+01 7.799999999999998579e+01 3.799999999999997158e+01 6.149999999999996447e+01
0.000000000000000000e+00 0.000000000000000000e+00 0.000000000000000000e+00 4.435714285714286831e+01 3.916423357664232441e+01 3.689058524173027109e+01 2.514583333333332504e+01 9.864248231804696232e+00 1.118716648000526703e+01 2.316159075458871186e+01 2.626049618320610080e+01 3.147826771653542366e+01 9.810474308300394242e+00 5.824999999999999289e+01 2.083949945593035480e+01 3.138401486988847466e+01 2.636672710788758067e+01 4.813157894736840348e+01 6.360958904109588019e+01 0.000000000000000000e+00 1.144999999999999858e+02 0.000000000000000000e+00 0.000000000000000000e+00 0.000000000000000000e+00 0.000000000000000000e+00 8.571428571428567977e+01 3.200000000000000711e+01 7.749999999999994316e+01 2.243018480492812827e+01 2.424999999999999289e+01 8.465384615384616041e+01 7.141089108910888683e+01 6.644642857142855519e+01 0.000000000000000000e+00 8.100000000000000000e+01 0.000000000000000000e+00 7.366666666666667140e+01 1.970899470899470884e+01 1.970419847328243890e+01 3.039000000000000057e+01 0.000000000000000000e+00 3.557692307692307310e+01 9.374999999999997158e+01 4.007142857142859071e+01 4.110714285714285410e+01 3.074074074074074048e+01 0.000000000000000000e+00 5.849999999999998579e+01 5.871428571428567977e+01 0.000000000000000000e+00 5.685714285714281857e+01 4.918181818181815146e+01 4.888888888888885731e+01 5.409999999999996589e+01 4.615384615384613198e+01 6.266666666666662877e+01 5.149999999999997158e+01 4.650000000000000711e+01 3.794736842105262298e+01 3.395890410958902805e+01 4.609999999999998010e+01 7.292857142857140218e+01 0.000000000000000000e+00 0.000000000000000000e+00 0.000000000000000000e+00 0.000000000000000000e+00 0.000000000000000000e+00 0.000000000000000000e+00 0.000000000000000000e+00 0.000000000000000000e+00 0.000000000000000000e+00 0.000000000000000000e+00 7.724999999999998579e+01 0.000000000000000000e+00 8.987499999999998579e+01 7.799999999999994316e+01 0.000000000000000000e+00 0.000000000000000000e+00 0.000000000000000000e+00 0.000000000000000000e+00 5.478571428571425628e+01 5.162499999999997158e+01 6.050000000000002132e+01 0.000000000000000000e+00 0.000000000000000000e+00 0.000000000000000000e+00 0.000000000000000000e+00 4.900000000000002842e+01 0.000000000000000000e+00
0.000000000000000000e+00 0.000000000000000000e+00 0.000000000000000000e+00 9.788915094339614598e+00 1.439519650655021188e+01 1.787689926842993060e+01 1.199388824214202209e+01 2.015702898550723887e+01 2.316159075458871186e+01 1.251194429384656637e+01 1.572170855580152882e+01 1.357762756214565769e+01 4.442150537634407215e+01 5.059523809523807358e+01 3.080228845130386972e+01 2.223898635477581820e+01 2.193593130779391487e+01 4.651525423728811148e+01 6.120576131687241173e+01 1.249999999999999716e+02 9.117857142857141639e+01 7.499999999999998579e+01 1.059999999999999574e+02 1.087499999999999716e+02 5.399999999999999289e+01 8.042307692307690559e+01 5.704999999999999716e+01 7.676923076923074518e+01 5.817613636363634555e+01 5.353579952267301678e+01 7.093461538461536975e+01 7.051063829787231896e+01 6.289635036496348164e+01 7.290697674418603924e+01 7.871666666666666856e+01 6.700000000000000000e+01 8.178888888888886299e+01 2.295699541284402301e+01 2.569716322590225488e+01 3.810033444816052395e+01 0.000000000000000000e+00 4.042156862745095935e+01 7.014705882352939170e+01 4.705769230769229239e+01 3.051351351351348740e+01 4.243999999999998352e+01 0.000000000000000000e+00 3.999999999999998579e+01 4.623611111111107164e+01 0.000000000000000000e+00 5.049999999999995026e+01 5.002777777777774304e+01 5.002173913043475295e+01 5.761111111111110006e+01 4.203061224489790959e+01 7.929999999999994031e+01 0.000000000000000000e+00 0.000000000000000000e+00 2.834343434343432122e+01 2.739230769230767137e+01 4.768749999999997158e+01 6.214999999999997726e+01 0.000000000000000000e+00 0.000000000000000000e+00 0.000000000000000000e+00 0.000000000000000000e+00 0.000000000000000000e+00 0.000000000000000000e+00 0.000000000000000000e+00 0.000000000000000000e+00 0.000000000000000000e+00 8.724999999999991473e+01 0.000000000000000000e+00 0.000000000000000000e+00 8.249999999999992895e+01 7.274999999999994316e+01 0.000000000000000000e+00 0.000000000000000000e+00 0.000000000000000000e+00 0.000000000000000000e+00 4.002380952380948997e+01 5.353773584905656691e+01 6.059999999999994458e+01 0.000000000000000000e+00 0.000000000000000000e+00 0.000000000000000000e+00 6.299999999999999289e+01 3.968749999999998579e+01 7.049999999999994316e+01
0.000000000000000000e+00 0.000000000000000000e+00 0.000000000000000000e+00 4.924999999999997868e+01 4.073636363636362034e+01 3.894510385756675674e+01 4.297222222222220012e+01 3.238202247191010485e+01 2.626049618320610080e+01 1.572170855580152882e+01 1.212624180934263407e+01 2.096354733405875592e+01 1.250293470286133513e+01 3.866666666666666430e+01 2.212539086929330878e+01 3.956954225352110655e+01 2.419156883671290714e+01 2.428453453453452227e+01 4.782458563535911367e+01 0.000000000000000000e+00 7.922727272727273373e+01 6.074999999999999289e+01 7.249999999999997158e+01 1.089999999999999574e+02 8.116666666666665719e+01 6.302127659574468055e+01 4.450000000000000000e+01 5.087962962962962621e+01 3.394634146341463321e+01 2.988458225667528012e+01 5.534561403508772059e+01 5.488689547581903128e+01 4.820238095238094900e+01 5.789436619718309629e+01 6.404658385093168249e+01 5.566949152542373014e+01 6.388181818181818272e+01 1.927532467532466853e+01 2.147295178361427048e+01 2.964897959183673493e+01 0.000000000000000000e+00 3.158474576271185796e+01 6.227083333333333570e+01 3.791463414634145579e+01 4.260526315789473983e+01 3.457042253521126440e+01 0.000000000000000000e+00 5.450000000000001421e+01 6.324999999999996447e+01 0.000000000000000000e+00 5.383333333333327886e+01 4.774999999999994316e+01 5.071428571428567977e+01 4.867391304347824388e+01 4.952631578947367075e+01 5.308333333333331439e+01 3.399999999999999289e+01 1.019999999999999574e+02 4.464999999999998437e+01 3.242647058823528283e+01 3.324999999999998579e+01 6.312499999999999289e+01 0.000000000000000000e+00 0.000000000000000000e+00 0.000000000000000000e+00 0.000000000000000000e+00 0.000000000000000000e+00 0.000000000000000000e+00 0.000000000000000000e+00 0.000000000000000000e+00 0.000000000000000000e+00 7.024999999999997158e+01 7.549999999999991473e+01 8.099999999999997158e+01 0.000000000000000000e+00 7.524999999999998579e+01 0.000000000000000000e+00 0.000000000000000000e+00 0.000000000000000000e+00 0.000000000000000000e+00 3.883333333333331439e+01 5.056249999999998579e+01 6.250000000000000000e+01 0.000000000000000000e+00 4.325000000000000000e+01 0.000000000000000000e+00 0.000000000000000000e+00 5.949999999999999289e+01 0.000000000000000000e+00
0.000000000000000000e+00 0.000000000000000000e+00 0.000000000000000000e+00 7.221276595744678062e+00 1.515860215053763049e+01 2.572463768115940752e+01 3.185156249999998579e+01 2.479349155860042586e+01 3.147826771653542366e+01 1.357762756214565769e+01 2.096354733405875592e+01 1.489547594594319513e+01 2.417322834645669261e+01 1.230767960363336044e+01 4.321871820956254595e+01 2.425052687038986932e+01 2.005486184909669944e+01 2.271778447626223851e+01 4.470054282267792445e+01 6.499999999999997158e+01 8.949999999999997158e+01 6.685714285714286120e+01 8.675000000000000000e+01 0.000000000000000000e+00 8.836363636363635976e+01 7.023636363636363455e+01 6.154166666666666430e+01 6.848148148148146674e+01 3.826384022424667108e+01 4.711916342412451542e+01 6.540270270270269748e+01 5.399410724808485895e+01 4.948709964412811502e+01 6.197297297297297547e+01 7.822807017543860297e+01 7.377777777777777146e+01 7.331081081081080697e+01 2.600027027027026350e+01 2.986574434918159326e+01 3.742677345537757105e+01 0.000000000000000000e+00 3.804615384615383533e+01 6.296774193548386478e+01 4.361290322580644840e+01 4.298437499999998579e+01 4.128494623655913642e+01 0.000000000000000000e+00 4.433333333333332149e+01 4.681081081081077855e+01 5.799999999999997158e+01 5.431818181818178459e+01 4.816279069767436738e+01 4.604374999999995310e+01 4.928571428571426338e+01 1.608466453674120089e+01 5.287499999999995737e+01 2.960000000000000497e+01 6.550000000000000000e+01 2.903020134228186677e+01 2.894966442953018415e+01 3.498437499999998579e+01 5.370370370370368818e+01 0.000000000000000000e+00 0.000000000000000000e+00 8.199999999999998579e+01 0.000000000000000000e+00 0.000000000000000000e+00 0.000000000000000000e+00 0.000000000000000000e+00 0.000000000000000000e+00 0.000000000000000000e+00 4.699999999999996447e+01 7.449999999999990052e+01 7.249999999999998579e+01 7.971428571428567977e+01 7.487499999999994316e+01 0.000000000000000000e+00 0.000000000000000000e+00 0.000000000000000000e+00 0.000000000000000000e+00 4.216216216216212587e+01 5.061864406779658054e+01 5.399999999999997868e+01 0.000000000000000000e+00 4.949999999999998579e+01 0.000000000000000000e+00 0.000000000000000000e+00 4.423076923076919797e+01 4.999999999999999289e+01
0.000000000000000000e+00 0.000000000000000000e+00 0.000000000000000000e+00 5.924999999999996447e+01 5.318421052631576629e+01 5.722321428571427049e+01 3.899999999999997868e+01 3.215999999999999659e+01 9.810474308300394242e+00 4.442150537634407215e+01 1.250293470286133513e+01 2.417322834645669261e+01 1.431538692608082819e+01 8.115901343493082010e+00 2.242180896027050352e+01 5.093153526970952072e+01 3.805294117647057561e+01 2.351027190332326455e+01 4.076482617586911772e+01 1.090000000000000000e+02 6.692857142857141639e+01 5.175000000000000000e+01 7.337499999999998579e+01 2.499999999999999645e+01 5.281034482758620641e+01 1.790584415584415723e+01 4.181250000000001421e+01 4.934659090909090651e+01 1.821858202038925256e+01 2.891492726122707069e+01 5.020497630331753669e+01 4.120888973674170330e+01 3.881981566820277152e+01 5.090410958904109862e+01 6.077894736842105061e+01 5.401492537313433218e+01 6.105833333333333002e+01 2.438401559454191059e+01 2.346004192872118210e+01 2.919974992185058582e+01 0.000000000000000000e+00 2.846373056994819706e+01 5.931250000000000000e+01 3.678366762177650173e+01 4.783333333333329307e+01 3.702262443438914374e+01 0.000000000000000000e+00 0.000000000000000000e+00 6.549999999999995737e+01 0.000000000000000000e+00 6.849999999999992895e+01 7.599999999999994316e+01 5.949999999999994316e+01 5.049999999999999289e+01 4.927499999999999147e+01 5.549999999999997868e+01 4.274999999999997158e+01 7.799999999999997158e+01 5.859999999999998721e+01 5.354545454545451122e+01 3.270454545454544615e+01 3.261111111111111427e+01 0.000000000000000000e+00 0.000000000000000000e+00 0.000000000000000000e+00 0.000000000000000000e+00 0.000000000000000000e+00 0.000000000000000000e+00 0.000000000000000000e+00 0.000000000000000000e+00 0.000000000000000000e+00 5.574999999999995737e+01 5.800000000000000000e+01 9.150000000000000000e+01 8.299999999999997158e+01 5.489999999999999858e+01 0.000000000000000000e+00 0.000000000000000000e+00 0.000000000000000000e+00 0.000000000000000000e+00 5.018181818181815146e+01 5.521428571428568688e+01 4.716666666666665719e+01 0.000000000000000000e+00 4.087500000000000000e+01 0.000000000000000000e+00 5.199999999999997158e+01 6.599999999999994316e+01 0.000000000000000000e+00
0.000000000000000000e+00 0.000000000000000000e+00 0.000000000000000000e+00 0.000000000000000000e+00 5.662499999999996447e+01 6.010344827586203564e+01 0.000000000000000000e+00 5.812499999999995737e+01 5.824999999999999289e+01 5.059523809523807358e+01 3.866666666666666430e+01 1.230767960363336044e+01 8.115901343493082010e+00 9.846651512502186065e+00 2.968571428571428683e+01 5.415789473684209554e+01 4.849999999999997868e+01 1.090566037735848859e+01 2.577118644067796538e+01 0.000000000000000000e+00 0.000000000000000000e+00 0.000000000000000000e+00 7.449999999999998579e+01 0.000000000000000000e+00 4.750000000000000000e+01 4.700000000000002132e+01 2.049999999999997868e+01 4.216666666666667851e+01 1.013854653633659098e+01 3.147096774193548541e+01 3.364285714285713880e+01 1.655204460966542612e+01 1.471509433962263991e+01 0.000000000000000000e+00 8.700000000000000000e+01 0.000000000000000000e+00 5.450000000000001421e+01 3.632352941176469585e+01 3.704891304347825809e+01 3.523728813559321793e+01 0.000000000000000000e+00 2.283333333333332860e+01 0.000000000000000000e+00 4.013636363636363313e+01 0.000000000000000000e+00 2.999999999999997868e+01 0.000000000000000000e+00 0.000000000000000000e+00 0.000000000000000000e+00 0.000000000000000000e+00 0.000000000000000000e+00 6.499999999999990052e+01 0.000000000000000000e+00 0.000000000000000000e+00 2.297368421052630794e+01 0.000000000000000000e+00 0.000000000000000000e+00 0.000000000000000000e+00 0.000000000000000000e+00 4.350000000000000000e+01 0.000000000000000000e+00 0.000000000000000000e+00 0.000000000000000000e+00 0.000000000000000000e+00 0.000000000000000000e+00 0.000000000000000000e+00 0.000000000000000000e+00 0.000000000000000000e+00 0.000000000000000000e+00 0.000000000000000000e+00 0.000000000000000000e+00 0.000000000000000000e+00 0.000000000000000000e+00 0.000000000000000000e+00 0.000000000000000000e+00 0.000000000000000000e+00 0.000000000000000000e+00 0.000000000000000000e+00 0.000000000000000000e+00 0.000000000000000000e+00 3.799999999999996447e+01 0.000000000000000000e+00 0.000000000000000000e+00 0.000000000000000000e+00 6.100000000000002842e+01 0.000000000000000000e+00 0.000000000000000000e+00 0.000000000000000000e+00 0.000000000000000000e+00
0.000000000000000000e+00 0.000000000000000000e+00 0.000000000000000000e+00 4.874999999999997158e+01 3.625257731958760843e+01 2.708689839572191715e+01 3.702409638554214411e+01 3.339903329752952743e+01 2.083949945593035480e+01 3.080228845130386972e+01 2.212539086929330878e+01 4.321871820956254595e+01 2.242180896027050352e+01 2.968571428571428683e+01 1.099137760158572519e+01 4.498214285714283989e+01 3.944299287410924393e+01 2.790763052208834694e+01 2.189716684155298410e+01 1.365079365079364671e+01 2.313333333333332931e+01 2.990277777777776436e+01 2.323391812865497030e+01 1.545627062706269506e+01 2.073582230623818390e+01 1.853733264675592096e+01 1.730475086906141158e+01 2.080197368421052673e+01 2.061854022376132178e+01 2.552251552795031131e+01 4.090183615819208285e+01 2.880052681992337327e+01 2.765861513687600493e+01 4.392857142857142350e+01 5.049386503067484711e+01 4.661904761904760619e+01 3.293115942028985188e+01 3.110731907894735571e+01 8.961856617647056211e+00 1.822922636103151817e+01 0.000000000000000000e+00 1.905514365152918899e+01 1.316227064220183429e+01 1.089710144927536284e+01 2.465999999999999659e+01 1.832320441988949966e+01 0.000000000000000000e+00 0.000000000000000000e+00 6.699999999999997158e+01 0.000000000000000000e+00 6.933333333333330017e+01 6.554166666666662877e+01 6.541666666666661456e+01 7.649999999999997158e+01 6.156818181818178459e+01 7.824999999999997158e+01 0.000000000000000000e+00 0.000000000000000000e+00 3.692857142857140218e+01 4.564814814814813104e+01 5.899999999999997868e+01 3.507777777777776862e+01 0.000000000000000000e+00 0.000000000000000000e+00 0.000000000000000000e+00 0.000000000000000000e+00 0.000000000000000000e+00 0.000000000000000000e+00 4.599999999999998579e+01 0.000000000000000000e+00 0.000000000000000000e+00 0.000000000000000000e+00 6.916666666666665719e+01 4.049999999999993605e+01 5.599999999999997158e+01 4.346428571428568688e+01 0.000000000000000000e+00 0.000000000000000000e+00 0.000000000000000000e+00 0.000000000000000000e+00 4.883333333333329307e+01 5.633333333333331439e+01 5.200000000000000000e+01 0.000000000000000000e+00 3.378571428571427049e+01 4.087499999999998579e+01 0.000000000000000000e+00 0.000000000000000000e+00 0.000000000000000000e+00
0.000000000000000000e+00 0.000000000000000000e+00 0.000000000000000000e+00 2.894999999999998153e+01 1.445072463768115156e+01 2.129746835443036801e+01 2.517708333333332504e+01 2.015436507936507482e+01 3.138401486988847466e+01 2.223898635477581820e+01 3.956954225352110655e+01 2.425052687038986932e+01 5.093153526970952072e+01 5.415789473684209554e+01 4.498214285714283989e+01 7.221084953940630768e+00 1.443012999071494384e+01 3.562842304060432497e+01 5.710898725687454203e+01 0.000000000000000000e+00 0.000000000000000000e+00 8.585714285714281857e+01 0.000000000000000000e+00 0.000000000000000000e+00 1.090000000000000000e+02 7.754347826086954854e+01 6.785714285714284699e+01 8.715384615384613198e+01 6.573376623376620387e+01 6.538043478260867403e+01 8.352380952380950419e+01 7.326339285714284699e+01 6.204593639575968922e+01 9.362500000000000000e+01 9.449999999999998579e+01 8.849999999999995737e+01 8.608333333333332860e+01 1.886507936507935668e+01 2.546937229437227757e+01 4.200678733031672607e+01 0.000000000000000000e+00 4.897222222222220722e+01 7.303749999999995168e+01 5.024999999999997868e+01 9.588926174496636534e+00 5.033333333333332860e+01 0.000000000000000000e+00 2.616666666666663943e+01 3.845999999999997954e+01 3.149999999999998579e+01 4.346153846153841727e+01 3.881249999999996447e+01 3.827777777777774304e+01 5.674999999999999289e+01 4.208108108108105938e+01 6.218749999999997868e+01 3.924999999999997868e+01 2.899999999999997513e+01 1.530468749999999289e+01 1.953370786516853386e+01 3.539189189189188056e+01 5.403124999999997868e+01 0.000000000000000000e+00 0.000000000000000000e+00 0.000000000000000000e+00 0.000000000000000000e+00 0.000000000000000000e+00 0.000000000000000000e+00 0.000000000000000000e+00 0.000000000000000000e+00 0.000000000000000000e+00 7.349999999999994316e+01 6.824999999999997158e+01 0.000000000000000000e+00 6.883333333333330017e+01 5.749999999999997868e+01 0.000000000000000000e+00 0.000000000000000000e+00 0.000000000000000000e+00 0.000000000000000000e+00 2.832499999999998153e+01 4.027499999999997016e+01 4.491666666666663588e+01 0.000000000000000000e+00 5.849999999999998579e+01 0.000000000000000000e+00 0.000000000000000000e+00 2.283333333333332860e+01 5.699999999999995737e+01
0.000000000000000000e+00 0.000000000000000000e+00 0.000000000000000000e+00 3.909999999999997300e+01 2.978676470588234082e+01 3.387666666666665805e+01 4.483333333333331439e+01 2.744718309859154459e+01 2.636672710788758067e+01 2.193593130779391487e+01 2.419156883671290714e+01 2.005486184909669944e+01 3.805294117647057561e+01 4.849999999999997868e+01 3.944299287410924393e+01 1.443012999071494384e+01 9.512690355329944225e+00 1.525028441410693070e+01 4.338963531669864437e+01 0.000000000000000000e+00 9.137499999999998579e+01 6.374999999999999289e+01 0.000000000000000000e+00 0.000000000000000000e+00 8.578571428571429180e+01 6.849999999999998579e+01 6.891666666666664298e+01 6.661111111111111427e+01 5.226712328767121818e+01 5.200785340314135397e+01 7.057894736842104066e+01 6.632283464566928899e+01 5.313761467889908374e+01 6.941666666666664298e+01 8.016666666666667140e+01 6.691666666666667140e+01 8.068750000000000000e+01 1.931249999999999289e+01 2.488241525423728007e+01 3.337113402061854828e+01 0.000000000000000000e+00 3.642424242424240788e+01 6.378571428571428470e+01 5.144999999999998863e+01 3.550000000000000000e+01 3.754687499999999289e+01 0.000000000000000000e+00 3.670000000000000995e+01 4.084374999999997868e+01 4.499999999999992895e+01 3.411538461538458478e+01 3.073387096774190042e+01 2.977884615384612843e+01 3.169444444444443221e+01 2.792924528301885090e+01 4.122727272727268399e+01 3.474999999999997158e+01 6.400000000000001421e+01 1.944999999999998863e+01 1.186842105263157165e+01 2.150943396226414350e+01 4.549999999999998579e+01 0.000000000000000000e+00 0.000000000000000000e+00 0.000000000000000000e+00 0.000000000000000000e+00 0.000000000000000000e+00 0.000000000000000000e+00 0.000000000000000000e+00 0.000000000000000000e+00 0.000000000000000000e+00 6.000000000000001421e+01 5.699999999999994316e+01 6.879999999999996874e+01 7.308333333333330017e+01 6.024999999999995026e+01 0.000000000000000000e+00 0.000000000000000000e+00 0.000000000000000000e+00 0.000000000000000000e+00 2.804545454545452898e+01 3.603260869565215074e+01 3.641666666666666430e+01 0.000000000000000000e+00 4.309999999999997300e+01 5.099999999999998579e+01 5.100000000000004263e+01 4.099999999999998579e+01 4.249999999999997158e+01
