0.000000000000000000e+00 0.000000000000000000e+00 0.000000000000000000e+00 0.000000000000000000e+00 0.000000000000000000e+00 0.000000000000000000e+00 0.000000000000000000e+00 0.000000000000000000e+00 0.000000000000000000e+00 0.000000000000000000e+00 0.000000000000000000e+00 0.000000000000000000e+00 0.000000000000000000e+00 0.000000000000000000e+00 0.000000000000000000e+00 0.000000000000000000e+00 0.000000000000000000e+00 0.000000000000000000e+00 0.000000000000000000e+00 0.000000000000000000e+00 0.000000000000000000e+00 0.000000000000000000e+00 0.000000000000000000e+00 0.000000000000000000e+00 0.000000000000000000e+00 0.000000000000000000e+00 0.000000000000000000e+00 0.000000000000000000e+00 0.000000000000000000e+00 0.000000000000000000e+00 0.000000000000000000e+00 0.000000000000000000e+00 0.000000000000000000e+00 0.000000000000000000e+00 0.000000000000000000e+00 0.000000000000000000e+00 0.000000000000000000e+00 0.000000000000000000e+00 0.000000000000000000e+00 0.000000000000000000e+00 0.000000000000000000e+00 0.000000000000000000e+00 0.000000000000000000e+00 0.000000000000000000e+00 0.000000000000000000e+00 0.000000000000000000e+00 0.000000000000000000e+00 0.000000000000000000e+00 0.000000000000000000e+00 0.000000000000000000e+00 0.000000000000000000e+00 0.000000000000000000e+00 0.000000000000000000e+00 0.000000000000000000e+00 0.000000000000000000e+00 0.000000000000000000e+00 0.000000000000000000e+00 0.000000000000000000e+00 0.000000000000000000e+00 0.000000000000000000e+00 0.000000000000000000e+00 0.000000000000000000e+00 0.000000000000000000e+00 0.000000000000000000e+00 0.000000000000000000e+00 0.000000000000000000e+00 0.000000000000000000e+00 0.000000000000000000e+00 0.000000000000000000e+00 0.000000000000000000e+00 0.000000000000000000e+00 0.000000000000000000e+00 0.000000000000000000e+00 0.000000000000000000e+00 0.000000000000000000e+00 0.000000000000000000e+00 0.000000000000000000e+00 0.000000000000000000e+00 0.000000000000000000e+00 0.000000000000000000e+00 0.000000000000000000e+00 0.000000000000000000e+00 0.000000000000000000e+00 0.000000000000000000e+00 0.000000000000000000e+00 0.000000000000000000e+00 0.000000000000000000e+00 0.000000000000000000e+00 0.000000000000000000e+00
0.000000000000000000e+00 0.000000000000000000e+00 0.000000000000000000e+00 0.000000000000000000e+00 0.000000000000000000e+00 0.000000000000000000e+00 0.000000000000000000e+00 0.000000000000000000e+00 0.000000000000000000e+00 0.000000000000000000e+00 0.000000000000000000e+00 0.000000000000000000e+00 0.000000000000000000e+00 0.000000000000000000e+00 0.000000000000000000e+00 0.000000000000000000e+00 0.000000000000000000e+00 0.000000000000000000e+00 0.000000000000000000e+00 0.000000000000000000e+00 0.000000000000000000e+00 0.000000000000000000e+00 0.000000000000000000e+00 0.000000000000000000e+00 0.000000000000000000e+00 0.000000000000000000e+00 0.000000000000000000e+00 0.000000000000000000e+00 0.000000000000000000e+00 0.000000000000000000e+00 0.000000000000000000e+00 0.000000000000000000e+00 0.000000000000000000e+00 0.000000000000000000e+00 0.000000000000000000e+00 0.000000000000000000e+00 0.000000000000000000e+00 0.000000000000000000e+00 0.000000000000000000e+00 0.000000000000000000e+00 0.000000000000000000e+00 0.000000000000000000e+00 0.000000000000000000e+00 0.000000000000000000e+00 0.000000000000000000e+00 0.000000000000000000e+00 0.000000000000000000e+00 0.000000000000000000e+00 0.000000000000000000e+00 0.000000000000000000e+00 0.000000000000000000e+00 0.000000000000000000e+00 0.000000000000000000e+00 0.000000000000000000e+00 0.000000000000000000e+00 0.000000000000000000e+00 0.000000000000000000e+00 0.000000000000000000e+00 0.000000000000000000e+00 0.000000000000000000e+00 0.000000000000000000e+00 0.000000000000000000e+00 0.000000000000000000e+00 0.000000000000000000e+00 0.000000000000000000e+00 0.000000000000000000e+00 0.000000000000000000e+00 0.000000000000000000e+00 0.000000000000000000e+00 0.000000000000000000e+00 0.000000000000000000e+00 0.000000000000000000e+00 0.000000000000000000e+00 0.000000000000000000e+00 0.000000000000000000e+00 0.000000000000000000e+00 0.000000000000000000e+00 0.000000000000000000e+00 0.000000000000000000e+00 0.000000000000000000e+00 0.000000000000000000e+00 0.000000000000000000e+00 0.000000000000000000e+00 0.000000000000000000e+00 0.000000000000000000e+00 0.000000000000000000e+00 0.000000000000000000e+00 0.000000000000000000e+00 0.000000000000000000e+00
0.000000000000000000e+00 0.000000000000000000e+00 0.000000000000000000e+00 0.000000000000000000e+00 0.000000000000000000e+00 0.000000000000000000e+00 0.000000000000000000e+00 0.000000000000000000e+00 0.000000000000000000e+00 0.000000000000000000e+00 0.000000000000000000e+00 0.000000000000000000e+00 0.000000000000000000e+00 0.000000000000000000e+00 0.000000000000000000e+00 0.000000000000000000e+00 0.000000000000000000e+00 0.000000000000000000e+00 0.000000000000000000e+00 0.000000000000000000e+00 0.000000000000000000e+00 0.000000000000000000e+00 0.000000000000000000e+00 0.000000000000000000e+00 0.000000000000000000e+00 0.000000000000000000e+00 0.000000000000000000e+00 0.000000000000000000e+00 0.000000000000000000e+00 0.000000000000000000e+00 0.000000000000000000e+00 0.000000000000000000e+00 0.000000000000000000e+00 0.000000000000000000e+00 0.000000000000000000e+00 0.000000000000000000e+00 0.000000000000000000e+00 0.000000000000000000e+00 0.000000000000000000e+00 0.000000000000000000e+00 0.000000000000000000e+00 0.000000000000000000e+00 0.000000000000000000e+00 0.000000000000000000e+00 0.000000000000000000e+00 0.000000000000000000e+00 0.000000000000000000e+00 0.000000000000000000e+00 0.000000000000000000e+00 0.000000000000000000e+00 0.000000000000000000e+00 0.000000000000000000e+00 0.000000000000000000e+00 0.000000000000000000e+00 0.000000000000000000e+00 0.000000000000000000e+00 0.000000000000000000e+00 0.000000000000000000e+00 0.000000000000000000e+00 0.000000000000000000e+00 0.000000000000000000e+00 0.000000000000000000e+00 0.000000000000000000e+00 0.000000000000000000e+00 0.000000000000000000e+00 0.000000000000000000e+00 0.000000000000000000e+00 0.000000000000000000e+00 0.000000000000000000e+00 0.000000000000000000e+00 0.000000000000000000e+00 0.000000000000000000e+00 0.000000000000000000e+00 0.000000000000000000e+00 0.000000000000000000e+00 0.000000000000000000e+00 0.000000000000000000e+00 0.000000000000000000e+00 0.000000000000000000e+00 0.000000000000000000e+00 0.000000000000000000e+00 0.000000000000000000e+00 0.000000000000000000e+00 0.000000000000000000e+00 0.000000000000000000e+00 0.000000000000000000e+00 0.000000000000000000e+00 0.000000000000000000e+00 0.000000000000000000e+00
0.000000000000000000e+00 0.000000000000000000e+00 0.000000000000000000e+00 6.350000000000000000e+02 2.014000000000000000e+03 1.031000000000000000e+03 9.000000000000000000e+00 8.000000000000000000e+01 7.000000000000000000e+00 4.240000000000000000e+02 6.000000000000000000e+00 1.175000000000000000e+03 2.000000000000000000e+00 0.000000000000000000e+00 8.000000000000000000e+00 2.000000000000000000e+01 5.000000000000000000e+00 2.000000000000000000e+00 0.000000000000000000e+00 0.000000000000000000e+00 0.000000000000000000e+00 0.000000000000000000e+00 0.000000000000000000e+00 0.000000000000000000e+00 0.000000000000000000e+00 0.000000000000000000e+00 0.000000000000000000e+00 0.000000000000000000e+00 1.000000000000000000e+00 0.000000000000000000e+00 0.000000000000000000e+00 0.000000000000000000e+00 2.000000000000000000e+00 1.000000000000000000e+00 0.000000000000000000e+00 0.000000000000000000e+00 1.000000000000000000e+00 5.800000000000000000e+01 1.720000000000000000e+02 3.000000000000000000e+00 0.000000000000000000e+00 0.000000000000000000e+00 0.000000000000000000e+00 0.000000000000000000e+00 6.000000000000000000e+00 0.000000000000000000e+00 0.000000000000000000e+00 0.000000000000000000e+00 0.000000000000000000e+00 0.000000000000000000e+00 0.000000000000000000e+00 0.000000000000000000e+00 0.000000000000000000e+00 0.000000000000000000e+00 0.000000000000000000e+00 0.000000000000000000e+00 0.000000000000000000e+00 0.000000000000000000e+00 0.000000000000000000e+00 1.000000000000000000e+00 0.000000000000000000e+00 0.000000000000000000e+00 0.000000000000000000e+00 0.000000000000000000e+00 0.000000000000000000e+00 0.000000000000000000e+00 0.000000000000000000e+00 0.000000000000000000e+00 0.000000000000000000e+00 0.000000000000000000e+00 0.000000000000000000e+00 0.000000000000000000e+00 0.000000000000000000e+00 0.000000000000000000e+00 0.000000000000000000e+00 0.000000000000000000e+00 0.000000000000000000e+00 0.000000000000000000e+00 0.000000000000000000e+00 0.000000000000000000e+00 0.000000000000000000e+00 0.000000000000000000e+00 0.000000000000000000e+00 0.000000000000000000e+00 0.000000000000000000e+00 0.000000000000000000e+00 0.000000000000000000e+00 0.000000000000000000e+00 0.000000000000000000e+00
0.000000000000000000e+00 0.000000000000000000e+00 0.000000000000000000e+00 2.014000000000000000e+03 1.404000000000000000e+04 1.176300000000000000e+04 1.150000000000000000e+02 7.320000000000000000e+02 1.370000000000000000e+02 2.519000000000000000e+03 1.100000000000000000e+02 1.860000000000000000e+03 5.700000000000000000e+01 1.200000000000000000e+01 9.700000000000000000e+01 6.900000000000000000e+02 6.800000000000000000e+01 5.500000000000000000e+01 4.700000000000000000e+01 0.000000000000000000e+00 0.000000000000000000e+00 0.000000000000000000e+00 0.000000000000000000e+00 1.000000000000000000e+00 0.000000000000000000e+00 2.000000000000000000e+00 0.000000000000000000e+00 1.000000000000000000e+00 2.600000000000000000e+01 2.000000000000000000e+01 5.000000000000000000e+00 3.000000000000000000e+01 2.100000000000000000e+01 1.000000000000000000e+00 0.000000000000000000e+00 0.000000000000000000e+00 0.000000000000000000e+00 2.261000000000000000e+03 2.919000000000000000e+03 4.600000000000000000e+01 0.000000000000000000e+00 1.200000000000000000e+01 0.000000000000000000e+00 1.400000000000000000e+01 2.106000000000000000e+03 2.600000000000000000e+01 0.000000000000000000e+00 3.000000000000000000e+00 7.000000000000000000e+00 0.000000000000000000e+00 2.000000000000000000e+00 0.000000000000000000e+00 8.000000000000000000e+00 0.000000000000000000e+00 4.000000000000000000e+00 1.000000000000000000e+00 0.000000000000000000e+00 0.000000000000000000e+00 2.200000000000000000e+01 9.000000000000000000e+00 4.000000000000000000e+00 0.000000000000000000e+00 0.000000000000000000e+00 0.000000000000000000e+00 0.000000000000000000e+00 0.000000000000000000e+00 0.000000000000000000e+00 0.000000000000000000e+00 0.000000000000000000e+00 0.000000000000000000e+00 0.000000000000000000e+00 0.000000000000000000e+00 0.000000000000000000e+00 0.000000000000000000e+00 0.000000000000000000e+00 0.000000000000000000e+00 0.000000000000000000e+00 0.000000000000000000e+00 0.000000000000000000e+00 0.000000000000000000e+00 6.000000000000000000e+00 1.800000000000000000e+01 1.000000000000000000e+00 0.000000000000000000e+00 1.000000000000000000e+00 1.000000000000000000e+00 0.000000000000000000e+00 9.000000000000000000e+00 8.000000000000000000e+00
0.000000000000000000e+00 0.000000000000000000e+00 0.000000000000000000e+00 1.031000000000000000e+03 1.176300000000000000e+04 2.233000000000000000e+04 3.692000000000000000e+03 4.777000000000000000e+03 3.930000000000000000e+02 7.108000000000000000e+03 3.370000000000000000e+02 2.277000000000000000e+03 1.120000000000000000e+02 2.900000000000000000e+01 7.480000000000000000e+02 1.185000000000000000e+03 1.500000000000000000e+02 8.400000000000000000e+01 8.000000000000000000e+01 0.000000000000000000e+00 0.000000000000000000e+00 1.000000000000000000e+00 4.000000000000000000e+00 1.000000000000000000e+00 6.000000000000000000e+00 6.000000000000000000e+00 3.000000000000000000e+00 3.000000000000000000e+00 5.000000000000000000e+01 5.000000000000000000e+01 8.000000000000000000e+00 9.500000000000000000e+01 6.600000000000000000e+01 3.000000000000000000e+00 2.000000000000000000e+00 0.000000000000000000e+00 4.000000000000000000e+00 2.172000000000000000e+03 1.001200000000000000e+04 1.540000000000000000e+02 0.000000000000000000e+00 2.400000000000000000e+01 1.000000000000000000e+01 5.300000000000000000e+01 2.650000000000000000e+02 2.300000000000000000e+01 0.000000000000000000e+00 0.000000000000000000e+00 1.600000000000000000e+01 0.000000000000000000e+00 1.000000000000000000e+01 4.000000000000000000e+00 1.600000000000000000e+01 1.000000000000000000e+00 7.000000000000000000e+00 0.000000000000000000e+00 0.000000000000000000e+00 1.000000000000000000e+00 3.700000000000000000e+01 1.100000000000000000e+01 9.000000000000000000e+00 4.000000000000000000e+00 0.000000000000000000e+00 0.000000000000000000e+00 0.000000000000000000e+00 0.000000000000000000e+00 0.000000000000000000e+00 0.000000000000000000e+00 0.000000000000000000e+00 0.000000000000000000e+00 0.000000000000000000e+00 1.000000000000000000e+00 0.000000000000000000e+00 0.000000000000000000e+00 1.000000000000000000e+00 0.000000000000000000e+00 0.000000000000000000e+00 0.000000000000000000e+00 0.000000000000000000e+00 0.000000000000000000e+00 1.300000000000000000e+01 3.600000000000000000e+01 0.000000000000000000e+00 0.000000000000000000e+00 0.000000000000000000e+00 0.000000000000000000e+00 1.000000000000000000e+00 9.000000000000000000e+00 1.000000000000000000e+00
0.000000000000000000e+00 0.000000000000000000e+00 0.000000000000000000e+00 9.000000000000000000e+00 1.150000000000000000e+02 3.692000000000000000e+03 5.034000000000000000e+03 3.596000000000000000e+03 7.200000000000000000e+01 1.718000000000000000e+03 1.800000000000000000e+01 6.400000000000000000e+01 4.000000000000000000e+00 0.000000000000000000e+00 8.300000000000000000e+01 4.800000000000000000e+01 3.000000000000000000e+00 0.000000000000000000e+00 1.000000000000000000e+00 0.000000000000000000e+00 0.000000000000000000e+00 0.000000000000000000e+00 0.000000000000000000e+00 0.000000000000000000e+00 0.000000000000000000e+00 0.000000000000000000e+00 0.000000000000000000e+00 1.000000000000000000e+00 4.000000000000000000e+00 3.000000000000000000e+00 2.000000000000000000e+00 4.000000000000000000e+00 2.000000000000000000e+00 0.000000000000000000e+00 1.000000000000000000e+00 0.000000000000000000e+00 0.000000000000000000e+00 8.000000000000000000e+00 1.080000000000000000e+02 5.000000000000000000e+00 0.000000000000000000e+00 0.000000000000000000e+00 0.000000000000000000e+00 0.000000000000000000e+00 1.000000000000000000e+00 0.000000000000000000e+00 0.000000000000000000e+00 0.000000000000000000e+00 0.000000000000000000e+00 0.000000000000000000e+00 0.000000000000000000e+00 0.000000000000000000e+00 0.000000000000000000e+00 0.000000000000000000e+00 0.000000000000000000e+00 0.000000000000000000e+00 0.000000000000000000e+00 0.000000000000000000e+00 0.000000000000000000e+00 0.000000000000000000e+00 0.000000000000000000e+00 0.000000000000000000e+00 0.000000000000000000e+00 0.000000000000000000e+00 0.000000000000000000e+00 0.000000000000000000e+00 0.000000000000000000e+00 0.000000000000000000e+00 0.000000000000000000e+00 0.000000000000000000e+00 0.000000000000000000e+00 0.000000000000000000e+00 0.000000000000000000e+00 0.000000000000000000e+00 0.000000000000000000e+00 0.000000000000000000e+00 0.000000000000000000e+00 0.000000000000000000e+00 0.000000000000000000e+00 0.000000000000000000e+00 0.000000000000000000e+00 0.000000000000000000e+00 0.000000000000000000e+00 0.000000000000000000e+00 0.000000000000000000e+00 0.000000000000000000e+00 0.000000000000000000e+00 0.000000000000000000e+00 0.000000000000000000e+00
0.000000000000000000e+00 0.000000000000000000e+00 0.000000000000000000e+00 8.000000000000000000e+01 7.320000000000000000e+02 4.777000000000000000e+03 3.596000000000000000e+03 9.609000000000000000e+03 4.383000000000000000e+03 6.900000000000000000e+03 1.780000000000000000e+02 4.087000000000000000e+03 1.000000000000000000e+02 4.000000000000000000e+00 9.310000000000000000e+02 1.260000000000000000e+03 1.420000000000000000e+02 2.300000000000000000e+01 4.900000000000000000e+01 0.000000000000000000e+00 2.000000000000000000e+00 0.000000000000000000e+00 0.000000000000000000e+00 0.000000000000000000e+00 1.000000000000000000e+00 4.000000000000000000e+00 7.000000000000000000e+00 2.000000000000000000e+00 5.800000000000000000e+01 5.700000000000000000e+01 8.000000000000000000e+00 4.900000000000000000e+01 6.000000000000000000e+01 3.000000000000000000e+00 5.000000000000000000e+00 3.000000000000000000e+00 4.000000000000000000e+00 1.370000000000000000e+02 6.380000000000000000e+02 2.100000000000000000e+01 0.000000000000000000e+00 4.000000000000000000e+00 1.000000000000000000e+00 4.000000000000000000e+00 3.100000000000000000e+01 5.000000000000000000e+00 0.000000000000000000e+00 1.000000000000000000e+00 2.500000000000000000e+01 0.000000000000000000e+00 6.000000000000000000e+00 1.000000000000000000e+00 1.900000000000000000e+01 4.000000000000000000e+00 1.100000000000000000e+01 1.000000000000000000e+00 0.000000000000000000e+00 0.000000000000000000e+00 6.300000000000000000e+01 1.100000000000000000e+01 1.000000000000000000e+00 3.000000000000000000e+00 0.000000000000000000e+00 0.000000000000000000e+00 0.000000000000000000e+00 0.000000000000000000e+00 0.000000000000000000e+00 0.000000000000000000e+00 0.000000000000000000e+00 0.000000000000000000e+00 0.000000000000000000e+00 0.000000000000000000e+00 0.000000000000000000e+00 0.000000000000000000e+00 0.000000000000000000e+00 0.000000000000000000e+00 0.000000000000000000e+00 0.000000000000000000e+00 0.000000000000000000e+00 0.000000000000000000e+00 7.000000000000000000e+00 5.200000000000000000e+01 1.000000000000000000e+00 0.000000000000000000e+00 0.000000000000000000e+00 1.000000000000000000e+00 1.000000000000000000e+00 2.000000000000000000e+00 1.000000000000000000e+00
0.000000000000000000e+00 0.000000000000000000e+00 0.000000000000000000e+00 7.000000000000000000e+00 1.370000000000000000e+02 3.930000000000000000e+02 7.200000000000000000e+01 4.383000000000000000e+03 1.517900000000000000e+04 7.355000000000000000e+03 5.240000000000000000e+02 3.175000000000000000e+03 2.530000000000000000e+03 1.200000000000000000e+01 1.838000000000000000e+03 1.345000000000000000e+03 1.103000000000000000e+03 5.700000000000000000e+01 7.300000000000000000e+01 0.000000000000000000e+00 1.000000000000000000e+00 0.000000000000000000e+00 0.000000000000000000e+00 0.000000000000000000e+00 0.000000000000000000e+00 7.000000000000000000e+00 1.000000000000000000e+01 3.000000000000000000e+00 4.870000000000000000e+02 5.220000000000000000e+02 1.300000000000000000e+01 1.010000000000000000e+02 5.600000000000000000e+01 0.000000000000000000e+00 7.000000000000000000e+00 0.000000000000000000e+00 3.000000000000000000e+00 9.450000000000000000e+02 1.572000000000000000e+03 1.000000000000000000e+02 0.000000000000000000e+00 1.300000000000000000e+01 2.000000000000000000e+00 7.000000000000000000e+00 1.400000000000000000e+01 5.400000000000000000e+01 0.000000000000000000e+00 1.000000000000000000e+00 7.000000000000000000e+00 0.000000000000000000e+00 7.000000000000000000e+00 2.200000000000000000e+01 4.500000000000000000e+01 1.000000000000000000e+01 3.900000000000000000e+01 3.000000000000000000e+00 1.000000000000000000e+00 1.000000000000000000e+00 1.900000000000000000e+01 7.300000000000000000e+01 5.000000000000000000e+00 7.000000000000000000e+00 0.000000000000000000e+00 0.000000000000000000e+00 0.000000000000000000e+00 0.000000000000000000e+00 0.000000000000000000e+00 0.000000000000000000e+00 0.000000000000000000e+00 0.000000000000000000e+00 0.000000000000000000e+00 0.000000000000000000e+00 2.000000000000000000e+00 0.000000000000000000e+00 4.000000000000000000e+00 2.000000000000000000e+00 0.000000000000000000e+00 0.000000000000000000e+00 0.000000000000000000e+00 0.000000000000000000e+00 7.000000000000000000e+00 8.000000000000000000e+00 1.000000000000000000e+00 0.000000000000000000e+00 0.000000000000000000e+00 0.000000000000000000e+00 0.000000000000000000e+00 2.000000000000000000e+00 0.000000000000000000e+00
0.000000000000000000e+00 0.000000000000000000e+00 0.000000000000000000e+00 4.240000000000000000e+02 2.519000000000000000e+03 7.108000000000000000e+03 1.718000000000000000e+03 6.900000000000000000e+03 7.355000000000000000e+03 5.902400000000000000e+04 7.679000000000000000e+03 1.605100000000000000e+04 4.650000000000000000e+02 4.200000000000000000e+01 1.879000000000000000e+03 2.565000000000000000e+03 1.514000000000000000e+03 2.950000000000000000e+02 4.860000000000000000e+02 1.000000000000000000e+00 1.400000000000000000e+01 3.000000000000000000e+00 1.000000000000000000e+00 2.000000000000000000e+00 1.000000000000000000e+00 2.600000000000000000e+01 1.000000000000000000e+01 2.600000000000000000e+01 1.760000000000000000e+02 4.190000000000000000e+02 1.300000000000000000e+02 9.870000000000000000e+02 6.850000000000000000e+02 4.300000000000000000e+01 9.000000000000000000e+01 1.800000000000000000e+01 4.500000000000000000e+01 1.744000000000000000e+03 6.733000000000000000e+03 2.990000000000000000e+02 0.000000000000000000e+00 5.100000000000000000e+01 1.700000000000000000e+01 2.600000000000000000e+01 7.400000000000000000e+01 5.000000000000000000e+01 0.000000000000000000e+00 5.000000000000000000e+00 3.600000000000000000e+01 0.000000000000000000e+00 1.800000000000000000e+01 1.800000000000000000e+01 4.600000000000000000e+01 9.000000000000000000e+00 4.900000000000000000e+01 5.000000000000000000e+00 0.000000000000000000e+00 0.000000000000000000e+00 9.900000000000000000e+01 6.500000000000000000e+01 1.600000000000000000e+01 1.000000000000000000e+01 0.000000000000000000e+00 0.000000000000000000e+00 0.000000000000000000e+00 0.000000000000000000e+00 0.000000000000000000e+00 0.000000000000000000e+00 0.000000000000000000e+00 0.000000000000000000e+00 0.000000000000000000e+00 2.000000000000000000e+00 0.000000000000000000e+00 0.000000000000000000e+00 1.000000000000000000e+00 2.000000000000000000e+00 0.000000000000000000e+00 0.000000000000000000e+00 0.000000000000000000e+00 0.000000000000000000e+00 2.100000000000000000e+01 5.300000000000000000e+01 5.000000000000000000e+00 0.000000000000000000e+00 0.000000000000000000e+00 0.000000000000000000e+00 1.000000000000000000e+00 8.000000000000000000e+00 1.000000000000000000e+00
0.000000000000000000e+00 0.000000000000000000e+00 0.000000000000000000e+00 6.000000000000000000e+00 1.100000000000000000e+02 3.370000000000000000e+02 1.800000000000000000e+01 1.780000000000000000e+02 5.240000000000000000e+02 7.679000000000000000e+03 1.892400000000000000e+04 6.433000000000000000e+03 2.726000000000000000e+03 6.000000000000000000e+00 1.599000000000000000e+03 5.680000000000000000e+02 1.874000000000000000e+03 6.660000000000000000e+02 3.620000000000000000e+02 0.000000000000000000e+00 1.100000000000000000e+01 4.000000000000000000e+00 5.000000000000000000e+00 1.000000000000000000e+00 1.200000000000000000e+01 4.700000000000000000e+01 1.000000000000000000e+00 5.400000000000000000e+01 2.050000000000000000e+02 1.161000000000000000e+03 2.850000000000000000e+02 1.282000000000000000e+03 7.140000000000000000e+02 7.100000000000000000e+01 1.610000000000000000e+02 5.900000000000000000e+01 5.500000000000000000e+01 2.310000000000000000e+03 5.102000000000000000e+03 2.450000000000000000e+02 0.000000000000000000e+00 5.900000000000000000e+01 2.400000000000000000e+01 4.100000000000000000e+01 1.900000000000000000e+01 2.130000000000000000e+02 0.000000000000000000e+00 1.000000000000000000e+00 8.000000000000000000e+00 0.000000000000000000e+00 3.000000000000000000e+00 6.000000000000000000e+00 2.800000000000000000e+01 2.300000000000000000e+01 3.800000000000000000e+01 6.000000000000000000e+00 1.000000000000000000e+00 1.000000000000000000e+00 1.000000000000000000e+01 3.400000000000000000e+01 3.200000000000000000e+01 4.000000000000000000e+00 0.000000000000000000e+00 0.000000000000000000e+00 0.000000000000000000e+00 0.000000000000000000e+00 0.000000000000000000e+00 0.000000000000000000e+00 0.000000000000000000e+00 0.000000000000000000e+00 0.000000000000000000e+00 2.000000000000000000e+00 1.000000000000000000e+00 2.000000000000000000e+00 0.000000000000000000e+00 2.000000000000000000e+00 0.000000000000000000e+00 0.000000000000000000e+00 0.000000000000000000e+00 0.000000000000000000e+00 6.000000000000000000e+00 1.600000000000000000e+01 2.000000000000000000e+00 0.000000000000000000e+00 2.000000000000000000e+00 0.000000000000000000e+00 0.000000000000000000e+00 1.000000000000000000e+00 0.000000000000000000e+00
0.000000000000000000e+00 0.000000000000000000e+00 0.000000000000000000e+00 1.175000000000000000e+03 1.860000000000000000e+03 2.277000000000000000e+03 6.400000000000000000e+01 4.087000000000000000e+03 3.175000000000000000e+03 1.605100000000000000e+04 6.433000000000000000e+03 9.834100000000000000e+04 5.461000000000000000e+03 6.055000000000000000e+03 9.830000000000000000e+02 3.796000000000000000e+03 3.764000000000000000e+03 2.654000000000000000e+03 1.658000000000000000e+03 1.000000000000000000e+00 5.000000000000000000e+00 7.000000000000000000e+00 2.000000000000000000e+00 0.000000000000000000e+00 1.100000000000000000e+01 5.500000000000000000e+01 1.200000000000000000e+01 5.400000000000000000e+01 1.427000000000000000e+03 1.028000000000000000e+03 1.850000000000000000e+02 1.697000000000000000e+03 1.124000000000000000e+03 3.700000000000000000e+01 5.700000000000000000e+01 1.800000000000000000e+01 3.700000000000000000e+01 1.850000000000000000e+03 5.132000000000000000e+03 4.370000000000000000e+02 0.000000000000000000e+00 6.500000000000000000e+01 3.100000000000000000e+01 3.100000000000000000e+01 3.200000000000000000e+01 9.300000000000000000e+01 0.000000000000000000e+00 9.000000000000000000e+00 3.700000000000000000e+01 2.000000000000000000e+00 1.100000000000000000e+01 4.300000000000000000e+01 8.000000000000000000e+01 2.100000000000000000e+01 3.130000000000000000e+02 1.600000000000000000e+01 5.000000000000000000e+00 1.000000000000000000e+00 1.490000000000000000e+02 1.490000000000000000e+02 6.400000000000000000e+01 2.700000000000000000e+01 0.000000000000000000e+00 0.000000000000000000e+00 1.000000000000000000e+00 0.000000000000000000e+00 0.000000000000000000e+00 0.000000000000000000e+00 0.000000000000000000e+00 0.000000000000000000e+00 0.000000000000000000e+00 1.000000000000000000e+00 1.000000000000000000e+00 1.000000000000000000e+00 7.000000000000000000e+00 8.000000000000000000e+00 0.000000000000000000e+00 0.000000000000000000e+00 0.000000000000000000e+00 0.000000000000000000e+00 3.700000000000000000e+01 5.900000000000000000e+01 1.000000000000000000e+01 0.000000000000000000e+00 4.000000000000000000e+00 0.000000000000000000e+00 0.000000000000000000e+00 1.300000000000000000e+01 1.000000000000000000e+00
0.000000000000000000e+00 0.000000000000000000e+00 0.000000000000000000e+00 2.000000000000000000e+00 5.700000000000000000e+01 1.120000000000000000e+02 4.000000000000000000e+00 1.000000000000000000e+02 2.530000000000000000e+03 4.650000000000000000e+02 2.726000000000000000e+03 5.461000000000000000e+03 4.327700000000000000e+04 9.974000000000000000e+03 2.366000000000000000e+03 2.410000000000000000e+02 2.550000000000000000e+02 1.655000000000000000e+03 4.890000000000000000e+02 1.000000000000000000e+00 1.400000000000000000e+01 2.000000000000000000e+00 4.000000000000000000e+00 1.000000000000000000e+00 2.900000000000000000e+01 3.080000000000000000e+02 4.000000000000000000e+01 8.800000000000000000e+01 1.079000000000000000e+04 6.324000000000000000e+03 4.220000000000000000e+02 2.621000000000000000e+03 1.085000000000000000e+03 7.300000000000000000e+01 1.900000000000000000e+02 6.700000000000000000e+01 6.000000000000000000e+01 1.539000000000000000e+03 1.192500000000000000e+04 3.199000000000000000e+03 0.000000000000000000e+00 3.860000000000000000e+02 2.400000000000000000e+01 3.490000000000000000e+02 6.000000000000000000e+00 2.210000000000000000e+02 0.000000000000000000e+00 0.000000000000000000e+00 3.000000000000000000e+00 0.000000000000000000e+00 1.000000000000000000e+00 1.000000000000000000e+00 2.000000000000000000e+00 1.300000000000000000e+01 2.000000000000000000e+01 9.000000000000000000e+00 2.000000000000000000e+00 1.000000000000000000e+00 5.000000000000000000e+00 1.100000000000000000e+01 4.400000000000000000e+01 9.000000000000000000e+00 0.000000000000000000e+00 0.000000000000000000e+00 0.000000000000000000e+00 0.000000000000000000e+00 0.000000000000000000e+00 0.000000000000000000e+00 0.000000000000000000e+00 0.000000000000000000e+00 0.000000000000000000e+00 2.000000000000000000e+00 1.000000000000000000e+00 1.000000000000000000e+00 1.000000000000000000e+00 5.000000000000000000e+00 0.000000000000000000e+00 0.000000000000000000e+00 0.000000000000000000e+00 0.000000000000000000e+00 1.100000000000000000e+01 1.400000000000000000e+01 3.000000000000000000e+00 0.000000000000000000e+00 4.000000000000000000e+00 0.000000000000000000e+00 1.000000000000000000e+00 1.000000000000000000e+00 0.000000000000000000e+00
0.000000000000000000e+00 0.000000000000000000e+00 0.000000000000000000e+00 0.000000000000000000e+00 1.200000000000000000e+01 2.900000000000000000e+01 0.000000000000000000e+00 4.000000000000000000e+00 1.200000000000000000e+01 4.200000000000000000e+01 6.000000000000000000e+00 6.055000000000000000e+03 9.974000000000000000e+03 5.719000000000000000e+03 3.500000000000000000e+01 1.900000000000000000e+01 2.400000000000000000e+01 1.590000000000000000e+02 5.900000000000000000e+01 0.000000000000000000e+00 0.000000000000000000e+00 0.000000000000000000e+00 1.000000000000000000e+00 0.000000000000000000e+00 1.000000000000000000e+00 3.000000000000000000e+00 1.000000000000000000e+00 3.000000000000000000e+00 7.059000000000000000e+03 1.550000000000000000e+02 7.000000000000000000e+00 2.690000000000000000e+02 2.650000000000000000e+02 0.000000000000000000e+00 1.000000000000000000e+00 0.000000000000000000e+00 2.000000000000000000e+00 1.700000000000000000e+01 9.200000000000000000e+01 5.900000000000000000e+01 0.000000000000000000e+00 3.000000000000000000e+00 0.000000000000000000e+00 1.100000000000000000e+01 0.000000000000000000e+00 1.000000000000000000e+00 0.000000000000000000e+00 0.000000000000000000e+00 0.000000000000000000e+00 0.000000000000000000e+00 0.000000000000000000e+00 1.000000000000000000e+00 0.000000000000000000e+00 0.000000000000000000e+00 1.900000000000000000e+01 0.000000000000000000e+00 0.000000000000000000e+00 0.000000000000000000e+00 0.000000000000000000e+00 1.000000000000000000e+00 0.000000000000000000e+00 0.000000000000000000e+00 0.000000000000000000e+00 0.000000000000000000e+00 0.000000000000000000e+00 0.000000000000000000e+00 0.000000000000000000e+00 0.000000000000000000e+00 0.000000000000000000e+00 0.000000000000000000e+00 0.000000000000000000e+00 0.000000000000000000e+00 0.000000000000000000e+00 0.000000000000000000e+00 0.000000000000000000e+00 0.000000000000000000e+00 0.000000000000000000e+00 0.000000000000000000e+00 0.000000000000000000e+00 0.000000000000000000e+00 1.000000000000000000e+00 0.000000000000000000e+00 0.000000000000000000e+00 0.000000000000000000e+00 1.000000000000000000e+00 0.000000000000000000e+00 0.000000000000000000e+00 0.000000000000000000e+00 0.000000000000000000e+00
0.000000000000000000e+00 0.000000000000000000e+00 0.000000000000000000e+00 8.000000000000000000e+00 9.700000000000000000e+01 7.480000000000000000e+02 8.300000000000000000e+01 9.310000000000000000e+02 1.838000000000000000e+03 1.879000000000000000e+03 1.599000000000000000e+03 9.830000000000000000e+02 2.366000000000000000e+03 3.500000000000000000e+01 1.009000000000000000e+04 4.200000000000000000e+02 4.210000000000000000e+02 2.490000000000000000e+02 9.530000000000000000e+02 1.260000000000000000e+02 1.800000000000000000e+02 3.600000000000000000e+01 3.420000000000000000e+02 6.060000000000000000e+02 1.058000000000000000e+03 1.942000000000000000e+03 8.630000000000000000e+02 7.600000000000000000e+02 1.877000000000000000e+03 6.440000000000000000e+02 7.080000000000000000e+02 2.088000000000000000e+03 6.210000000000000000e+02 2.100000000000000000e+01 1.630000000000000000e+02 2.100000000000000000e+01 1.380000000000000000e+02 1.216000000000000000e+03 9.792000000000000000e+03 3.490000000000000000e+02 0.000000000000000000e+00 1.079000000000000000e+03 1.744000000000000000e+03 6.900000000000000000e+02 2.500000000000000000e+01 1.086000000000000000e+03 0.000000000000000000e+00 0.000000000000000000e+00 2.000000000000000000e+00 0.000000000000000000e+00 3.000000000000000000e+00 1.200000000000000000e+01 1.200000000000000000e+01 4.000000000000000000e+00 2.200000000000000000e+01 2.000000000000000000e+00 0.000000000000000000e+00 0.000000000000000000e+00 7.000000000000000000e+00 2.700000000000000000e+01 1.100000000000000000e+01 4.500000000000000000e+01 0.000000000000000000e+00 0.000000000000000000e+00 0.000000000000000000e+00 0.000000000000000000e+00 0.000000000000000000e+00 0.000000000000000000e+00 2.000000000000000000e+00 0.000000000000000000e+00 0.000000000000000000e+00 0.000000000000000000e+00 3.000000000000000000e+00 1.000000000000000000e+00 8.000000000000000000e+00 1.400000000000000000e+01 0.000000000000000000e+00 0.000000000000000000e+00 0.000000000000000000e+00 0.000000000000000000e+00 3.000000000000000000e+00 3.000000000000000000e+00 1.000000000000000000e+00 0.000000000000000000e+00 7.000000000000000000e+00 4.000000000000000000e+00 0.000000000000000000e+00 0.000000000000000000e+00 0.000000000000000000e+00
0.000000000000000000e+00 0.000000000000000000e+00 0.000000000000000000e+00 2.000000000000000000e+01 6.900000000000000000e+02 1.185000000000000000e+03 4.800000000000000000e+01 1.260000000000000000e+03 1.345000000000000000e+03 2.565000000000000000e+03 5.680000000000000000e+02 3.796000000000000000e+03 2.410000000000000000e+02 1.900000000000000000e+01 4.200000000000000000e+02 3.908000000000000000e+03 2.154000000000000000e+03 1.059000000000000000e+03 1.491000000000000000e+03 0.000000000000000000e+00 0.000000000000000000e+00 7.000000000000000000e+00 0.000000000000000000e+00 0.000000000000000000e+00 1.000000000000000000e+00 2.300000000000000000e+01 7.000000000000000000e+00 1.300000000000000000e+01 7.700000000000000000e+01 1.380000000000000000e+02 4.200000000000000000e+01 2.240000000000000000e+02 2.830000000000000000e+02 4.000000000000000000e+00 1.000000000000000000e+01 3.000000000000000000e+00 1.200000000000000000e+01 1.323000000000000000e+03 4.620000000000000000e+03 2.210000000000000000e+02 0.000000000000000000e+00 5.400000000000000000e+01 4.000000000000000000e+01 1.200000000000000000e+01 5.960000000000000000e+02 1.800000000000000000e+01 0.000000000000000000e+00 3.000000000000000000e+00 2.500000000000000000e+01 1.000000000000000000e+00 1.300000000000000000e+01 2.400000000000000000e+01 3.600000000000000000e+01 4.000000000000000000e+00 3.700000000000000000e+01 8.000000000000000000e+00 2.000000000000000000e+00 2.000000000000000000e+00 6.400000000000000000e+01 8.900000000000000000e+01 3.700000000000000000e+01 1.600000000000000000e+01 0.000000000000000000e+00 0.000000000000000000e+00 0.000000000000000000e+00 0.000000000000000000e+00 0.000000000000000000e+00 0.000000000000000000e+00 0.000000000000000000e+00 0.000000000000000000e+00 0.000000000000000000e+00 2.000000000000000000e+00 2.000000000000000000e+00 0.000000000000000000e+00 3.000000000000000000e+00 6.000000000000000000e+00 0.000000000000000000e+00 0.000000000000000000e+00 0.000000000000000000e+00 0.000000000000000000e+00 2.000000000000000000e+01 4.000000000000000000e+01 6.000000000000000000e+00 0.000000000000000000e+00 4.000000000000000000e+00 0.000000000000000000e+00 0.000000000000000000e+00 1.200000000000000000e+01 1.000000000000000000e+00
0.000000000000000000e+00 0.000000000000000000e+00 0.000000000000000000e+00 5.000000000000000000e+00 6.800000000000000000e+01 1.500000000000000000e+02 3.000000000000000000e+00 1.420000000000000000e+02 1.103000000000000000e+03 1.514000000000000000e+03 1.874000000000000000e+03 3.764000000000000000e+03 2.550000000000000000e+02 2.400000000000000000e+01 4.210000000000000000e+02 2.154000000000000000e+03 2.364000000000000000e+03 8.790000000000000000e+02 5.210000000000000000e+02 0.000000000000000000e+00 4.000000000000000000e+00 4.000000000000000000e+00 0.000000000000000000e+00 0.000000000000000000e+00 7.000000000000000000e+00 1.200000000000000000e+01 6.000000000000000000e+00 9.000000000000000000e+00 7.300000000000000000e+01 1.910000000000000000e+02 5.700000000000000000e+01 2.540000000000000000e+02 2.180000000000000000e+02 6.000000000000000000e+00 2.400000000000000000e+01 6.000000000000000000e+00 8.000000000000000000e+00 4.960000000000000000e+02 9.440000000000000000e+02 9.700000000000000000e+01 0.000000000000000000e+00 3.300000000000000000e+01 1.400000000000000000e+01 1.000000000000000000e+01 1.700000000000000000e+01 3.200000000000000000e+01 0.000000000000000000e+00 5.000000000000000000e+00 1.600000000000000000e+01 1.000000000000000000e+00 1.300000000000000000e+01 6.200000000000000000e+01 1.040000000000000000e+02 3.600000000000000000e+01 1.060000000000000000e+02 1.100000000000000000e+01 4.000000000000000000e+00 1.000000000000000000e+00 4.000000000000000000e+01 1.140000000000000000e+02 5.300000000000000000e+01 1.800000000000000000e+01 0.000000000000000000e+00 0.000000000000000000e+00 0.000000000000000000e+00 0.000000000000000000e+00 0.000000000000000000e+00 0.000000000000000000e+00 0.000000000000000000e+00 0.000000000000000000e+00 0.000000000000000000e+00 2.000000000000000000e+00 4.000000000000000000e+00 5.000000000000000000e+00 6.000000000000000000e+00 2.000000000000000000e+00 0.000000000000000000e+00 0.000000000000000000e+00 0.000000000000000000e+00 0.000000000000000000e+00 2.200000000000000000e+01 4.600000000000000000e+01 6.000000000000000000e+00 0.000000000000000000e+00 5.000000000000000000e+00 1.000000000000000000e+00 1.000000000000000000e+00 1.000000000000000000e+00 2.000000000000000000e+00
