0.000000000000000000e+00 0.000000000000000000e+00 0.000000000000000000e+00 0.000000000000000000e+00 0.000000000000000000e+00 0.000000000000000000e+00 0.000000000000000000e+00 0.000000000000000000e+00 0.000000000000000000e+00 0.000000000000000000e+00 0.000000000000000000e+00 0.000000000000000000e+00 0.000000000000000000e+00 0.000000000000000000e+00 0.000000000000000000e+00 0.000000000000000000e+00 0.000000000000000000e+00 0.000000000000000000e+00 0.000000000000000000e+00 0.000000000000000000e+00 0.000000000000000000e+00 0.000000000000000000e+00 0.000000000000000000e+00 0.000000000000000000e+00 0.000000000000000000e+00 0.000000000000000000e+00 0.000000000000000000e+00 0.000000000000000000e+00 0.000000000000000000e+00 0.000000000000000000e+00 0.000000000000000000e+00 0.000000000000000000e+00 0.000000000000000000e+00 0.000000000000000000e+00 0.000000000000000000e+00 0.000000000000000000e+00 0.000000000000000000e+00 0.000000000000000000e+00 0.000000000000000000e+00 0.000000000000000000e+00 0.000000000000000000e+00 0.000000000000000000e+00 0.000000000000000000e+00 0.000000000000000000e+00 0.000000000000000000e+00 0.000000000000000000e+00 0.000000000000000000e+00 0.000000000000000000e+00 0.000000000000000000e+00 0.000000000000000000e+00 0.000000000000000000e+00 0.000000000000000000e+00 0.000000000000000000e+00 0.000000000000000000e+00 0.000000000000000000e+00 0.000000000000000000e+00 0.000000000000000000e+00 0.000000000000000000e+00 0.000000000000000000e+00 0.000000000000000000e+00 0.000000000000000000e+00 0.000000000000000000e+00 0.000000000000000000e+00 0.000000000000000000e+00 0.000000000000000000e+00 0.000000000000000000e+00 0.000000000000000000e+00 0.000000000000000000e+00 0.000000000000000000e+00 0.000000000000000000e+00 0.000000000000000000e+00 0.000000000000000000e+00 0.000000000000000000e+00 0.000000000000000000e+00 0.000000000000000000e+00 0.000000000000000000e+00 0.000000000000000000e+00 0.000000000000000000e+00 0.000000000000000000e+00 0.000000000000000000e+00 0.000000000000000000e+00 0.000000000000000000e+00 0.000000000000000000e+00 0.000000000000000000e+00 0.000000000000000000e+00 0.000000000000000000e+00 0.000000000000000000e+00 0.000000000000000000e+00 0.000000000000000000e+00
0.000000000000000000e+00 0.000000000000000000e+00 0.000000000000000000e+00 0.000000000000000000e+00 0.000000000000000000e+00 0.000000000000000000e+00 0.000000000000000000e+00 0.000000000000000000e+00 0.000000000000000000e+00 0.000000000000000000e+00 0.000000000000000000e+00 0.000000000000000000e+00 0.000000000000000000e+00 0.000000000000000000e+00 0.000000000000000000e+00 0.000000000000000000e+00 0.000000000000000000e+00 0.000000000000000000e+00 0.000000000000000000e+00 0.000000000000000000e+00 0.000000000000000000e+00 0.000000000000000000e+00 0.000000000000000000e+00 0.000000000000000000e+00 0.000000000000000000e+00 0.000000000000000000e+00 0.000000000000000000e+00 0.000000000000000000e+00 0.000000000000000000e+00 0.000000000000000000e+00 0.000000000000000000e+00 0.000000000000000000e+00 0.000000000000000000e+00 0.000000000000000000e+00 0.000000000000000000e+00 0.000000000000000000e+00 0.000000000000000000e+00 0.000000000000000000e+00 0.000000000000000000e+00 0.000000000000000000e+00 0.000000000000000000e+00 0.000000000000000000e+00 0.000000000000000000e+00 0.000000000000000000e+00 0.000000000000000000e+00 0.000000000000000000e+00 0.000000000000000000e+00 0.000000000000000000e+00 0.000000000000000000e+00 0.000000000000000000e+00 0.000000000000000000e+00 0.000000000000000000e+00 0.000000000000000000e+00 0.000000000000000000e+00 0.000000000000000000e+00 0.000000000000000000e+00 0.000000000000000000e+00 0.000000000000000000e+00 0.000000000000000000e+00 0.000000000000000000e+00 0.000000000000000000e+00 0.000000000000000000e+00 0.000000000000000000e+00 0.000000000000000000e+00 0.000000000000000000e+00 0.000000000000000000e+00 0.000000000000000000e+00 0.000000000000000000e+00 0.000000000000000000e+00 0.000000000000000000e+00 0.000000000000000000e+00 0.000000000000000000e+00 0.000000000000000000e+00 0.000000000000000000e+00 0.000000000000000000e+00 0.000000000000000000e+00 0.000000000000000000e+00 0.000000000000000000e+00 0.000000000000000000e+00 0.000000000000000000e+00 0.000000000000000000e+00 0.000000000000000000e+00 0.000000000000000000e+00 0.000000000000000000e+00 0.000000000000000000e+00 0.000000000000000000e+00 0.000000000000000000e+00 0.000000000000000000e+00 0.000000000000000000e+00
0.000000000000000000e+00 0.000000000000000000e+00 0.000000000000000000e+00 0.000000000000000000e+00 0.000000000000000000e+00 0.000000000000000000e+00 0.000000000000000000e+00 0.000000000000000000e+00 0.000000000000000000e+00 0.000000000000000000e+00 0.000000000000000000e+00 0.000000000000000000e+00 0.000000000000000000e+00 0.000000000000000000e+00 0.000000000000000000e+00 0.000000000000000000e+00 0.000000000000000000e+00 0.000000000000000000e+00 0.000000000000000000e+00 0.000000000000000000e+00 0.000000000000000000e+00 0.000000000000000000e+00 0.000000000000000000e+00 0.000000000000000000e+00 0.000000000000000000e+00 0.000000000000000000e+00 0.000000000000000000e+00 0.000000000000000000e+00 0.000000000000000000e+00 0.000000000000000000e+00 0.000000000000000000e+00 0.000000000000000000e+00 0.000000000000000000e+00 0.000000000000000000e+00 0.000000000000000000e+00 0.000000000000000000e+00 0.000000000000000000e+00 0.000000000000000000e+00 0.000000000000000000e+00 0.000000000000000000e+00 0.000000000000000000e+00 0.000000000000000000e+00 0.000000000000000000e+00 0.000000000000000000e+00 0.000000000000000000e+00 0.000000000000000000e+00 0.000000000000000000e+00 0.000000000000000000e+00 0.000000000000000000e+00 0.000000000000000000e+00 0.000000000000000000e+00 0.000000000000000000e+00 0.000000000000000000e+00 0.000000000000000000e+00 0.000000000000000000e+00 0.000000000000000000e+00 0.000000000000000000e+00 0.000000000000000000e+00 0.000000000000000000e+00 0.000000000000000000e+00 0.000000000000000000e+00 0.000000000000000000e+00 0.000000000000000000e+00 0.000000000000000000e+00 0.000000000000000000e+00 0.000000000000000000e+00 0.000000000000000000e+00 0.000000000000000000e+00 0.000000000000000000e+00 0.000000000000000000e+00 0.000000000000000000e+00 0.000000000000000000e+00 0.000000000000000000e+00 0.000000000000000000e+00 0.000000000000000000e+00 0.000000000000000000e+00 0.000000000000000000e+00 0.000000000000000000e+00 0.000000000000000000e+00 0.000000000000000000e+00 0.000000000000000000e+00 0.000000000000000000e+00 0.000000000000000000e+00 0.000000000000000000e+00 0.000000000000000000e+00 0.000000000000000000e+00 0.000000000000000000e+00 0.000000000000000000e+00 0.000000000000000000e+00
0.000000000000000000e+00 0.000000000000000000e+00 0.000000000000000000e+00 5.770465489566610984e+00 6.855290819901892263e+00 1.106647940074905812e+01 2.839999999999997016e+01 2.859999999999998366e+01 4.374999999999998579e+01 1.368846153846153157e+01 5.018749999999997868e+01 6.000000000000000000e+00 0.000000000000000000e+00 0.000000000000000000e+00 3.700000000000000711e+01 2.100000000000000711e+01 0.000000000000000000e+00 0.000000000000000000e+00 0.000000000000000000e+00 0.000000000000000000e+00 0.000000000000000000e+00 0.000000000000000000e+00 0.000000000000000000e+00 0.000000000000000000e+00 0.000000000000000000e+00 0.000000000000000000e+00 0.000000000000000000e+00 0.000000000000000000e+00 7.099999999999997158e+01 0.000000000000000000e+00 0.000000000000000000e+00 7.599999999999991473e+01 0.000000000000000000e+00 0.000000000000000000e+00 0.000000000000000000e+00 0.000000000000000000e+00 0.000000000000000000e+00 3.096428571428569043e+01 3.533552631578945125e+01 5.374999999999996447e+01 0.000000000000000000e+00 0.000000000000000000e+00 0.000000000000000000e+00 0.000000000000000000e+00 3.249999999999997158e+01 0.000000000000000000e+00 0.000000000000000000e+00 0.000000000000000000e+00 0.000000000000000000e+00 0.000000000000000000e+00 0.000000000000000000e+00 0.000000000000000000e+00 0.000000000000000000e+00 0.000000000000000000e+00 0.000000000000000000e+00 0.000000000000000000e+00 0.000000000000000000e+00 0.000000000000000000e+00 0.000000000000000000e+00 0.000000000000000000e+00 0.000000000000000000e+00 0.000000000000000000e+00 0.000000000000000000e+00 0.000000000000000000e+00 0.000000000000000000e+00 0.000000000000000000e+00 0.000000000000000000e+00 0.000000000000000000e+00 0.000000000000000000e+00 0.000000000000000000e+00 0.000000000000000000e+00 0.000000000000000000e+00 0.000000000000000000e+00 0.000000000000000000e+00 0.000000000000000000e+00 0.000000000000000000e+00 0.000000000000000000e+00 0.000000000000000000e+00 0.000000000000000000e+00 0.000000000000000000e+00 0.000000000000000000e+00 0.000000000000000000e+00 0.000000000000000000e+00 0.000000000000000000e+00 0.000000000000000000e+00 0.000000000000000000e+00 0.000000000000000000e+00 0.000000000000000000e+00 0.000000000000000000e+00
0.000000000000000000e+00 0.000000000000000000e+00 0.000000000000000000e+00 6.855290819901892263e+00 8.643037587078001849e+00 8.742514970059875878e+00 2.204615384615383888e+01 2.408745247148287660e+01 3.785185185185184054e+01 1.563749999999999574e+01 3.918965517241377938e+01 1.486087645195353701e+01 6.586363636363635976e+01 5.889999999999997726e+01 3.229896907216493673e+01 1.203676470588234615e+01 2.941071428571427759e+01 5.295454545454541062e+01 9.999999999999997158e+01 0.000000000000000000e+00 0.000000000000000000e+00 0.000000000000000000e+00 0.000000000000000000e+00 0.000000000000000000e+00 0.000000000000000000e+00 2.499999999999998224e+01 0.000000000000000000e+00 0.000000000000000000e+00 6.778571428571424917e+01 7.306249999999997158e+01 9.174999999999997158e+01 8.046153846153843858e+01 7.279999999999995453e+01 8.150000000000002842e+01 0.000000000000000000e+00 0.000000000000000000e+00 0.000000000000000000e+00 1.147951471758153552e+01 1.868657749077490138e+01 4.240229885057470227e+01 0.000000000000000000e+00 4.700000000000000000e+01 0.000000000000000000e+00 5.549999999999999289e+01 4.944966442953018237e+00 2.929710144927535609e+01 0.000000000000000000e+00 0.000000000000000000e+00 0.000000000000000000e+00 0.000000000000000000e+00 0.000000000000000000e+00 0.000000000000000000e+00 5.299999999999997158e+01 0.000000000000000000e+00 0.000000000000000000e+00 0.000000000000000000e+00 0.000000000000000000e+00 0.000000000000000000e+00 3.275000000000000000e+01 0.000000000000000000e+00 5.900000000000000711e+01 0.000000000000000000e+00 0.000000000000000000e+00 0.000000000000000000e+00 0.000000000000000000e+00 0.000000000000000000e+00 0.000000000000000000e+00 0.000000000000000000e+00 0.000000000000000000e+00 0.000000000000000000e+00 0.000000000000000000e+00 0.000000000000000000e+00 0.000000000000000000e+00 0.000000000000000000e+00 0.000000000000000000e+00 0.000000000000000000e+00 0.000000000000000000e+00 0.000000000000000000e+00 0.000000000000000000e+00 0.000000000000000000e+00 3.262499999999997158e+01 0.000000000000000000e+00 1.599999999999997513e+01 0.000000000000000000e+00 0.000000000000000000e+00 0.000000000000000000e+00 0.000000000000000000e+00 1.300000000000000000e+01 1.025000000000000000e+01
0.000000000000000000e+00 0.000000000000000000e+00 0.000000000000000000e+00 1.106647940074905812e+01 8.742514970059875878e+00 1.379240083507306203e+01 1.058029857498303272e+01 1.452663359930989273e+01 3.237748344370859854e+01 1.592261816013120246e+01 4.214545454545452685e+01 2.313784629133153814e+01 5.617567567567564879e+01 7.083333333333327175e+01 2.431758530183726208e+01 2.239235127478752574e+01 3.493749999999998579e+01 5.343749999999995737e+01 7.137499999999998579e+01 0.000000000000000000e+00 9.350000000000000000e+01 4.050000000000001421e+01 3.854999999999999716e+01 0.000000000000000000e+00 3.495454545454544615e+01 3.914285714285713169e+01 4.485714285714283989e+01 6.149999999999996447e+01 6.449999999999998579e+01 6.953773584905658822e+01 7.474999999999995737e+01 7.673232323232321050e+01 8.210714285714281857e+01 8.150000000000008527e+01 9.125000000000000000e+01 0.000000000000000000e+00 0.000000000000000000e+00 1.652195340501791065e+01 1.796109533468558439e+01 2.718445121951218368e+01 0.000000000000000000e+00 5.105882352941175384e+01 3.335714285714283989e+01 2.548295454545453609e+01 1.680213903743314319e+01 4.506097560975607763e+01 0.000000000000000000e+00 0.000000000000000000e+00 0.000000000000000000e+00 0.000000000000000000e+00 0.000000000000000000e+00 0.000000000000000000e+00 0.000000000000000000e+00 7.599999999999994316e+01 5.949999999999995737e+01 0.000000000000000000e+00 0.000000000000000000e+00 0.000000000000000000e+00 3.000000000000000355e+01 3.649999999999997158e+01 0.000000000000000000e+00 0.000000000000000000e+00 0.000000000000000000e+00 0.000000000000000000e+00 0.000000000000000000e+00 0.000000000000000000e+00 0.000000000000000000e+00 0.000000000000000000e+00 0.000000000000000000e+00 0.000000000000000000e+00 0.000000000000000000e+00 0.000000000000000000e+00 0.000000000000000000e+00 0.000000000000000000e+00 0.000000000000000000e+00 0.000000000000000000e+00 0.000000000000000000e+00 0.000000000000000000e+00 0.000000000000000000e+00 0.000000000000000000e+00 2.829999999999996518e+01 0.000000000000000000e+00 0.000000000000000000e+00 0.000000000000000000e+00 0.000000000000000000e+00 0.000000000000000000e+00 0.000000000000000000e+00 0.000000000000000000e+00 0.000000000000000000e+00
0.000000000000000000e+00 0.000000000000000000e+00 0.000000000000000000e+00 2.839999999999997016e+01 2.204615384615383888e+01 1.058029857498303272e+01 8.953467359385586022e+00 7.063859069639412347e+00 2.365999999999998948e+01 1.163424226533822292e+01 4.220588235294115975e+01 3.702499999999998437e+01 6.874999999999997158e+01 0.000000000000000000e+00 3.774999999999998579e+01 4.579999999999999716e+01 4.299999999999995026e+01 0.000000000000000000e+00 0.000000000000000000e+00 0.000000000000000000e+00 0.000000000000000000e+00 0.000000000000000000e+00 0.000000000000000000e+00 0.000000000000000000e+00 0.000000000000000000e+00 0.000000000000000000e+00 0.000000000000000000e+00 0.000000000000000000e+00 0.000000000000000000e+00 5.583333333333329307e+01 0.000000000000000000e+00 7.349999999999995737e+01 6.899999999999995737e+01 0.000000000000000000e+00 0.000000000000000000e+00 0.000000000000000000e+00 7.499999999999992895e+01 3.447368421052629373e+01 2.589322916666665719e+01 3.738888888888888573e+01 0.000000000000000000e+00 0.000000000000000000e+00 0.000000000000000000e+00 2.583333333333332504e+01 2.916666666666663943e+01 5.100000000000002132e+01 0.000000000000000000e+00 0.000000000000000000e+00 0.000000000000000000e+00 0.000000000000000000e+00 0.000000000000000000e+00 0.000000000000000000e+00 0.000000000000000000e+00 0.000000000000000000e+00 0.000000000000000000e+00 0.000000000000000000e+00 0.000000000000000000e+00 0.000000000000000000e+00 0.000000000000000000e+00 0.000000000000000000e+00 0.000000000000000000e+00 0.000000000000000000e+00 0.000000000000000000e+00 0.000000000000000000e+00 0.000000000000000000e+00 0.000000000000000000e+00 0.000000000000000000e+00 0.000000000000000000e+00 0.000000000000000000e+00 0.000000000000000000e+00 0.000000000000000000e+00 0.000000000000000000e+00 0.000000000000000000e+00 0.000000000000000000e+00 0.000000000000000000e+00 0.000000000000000000e+00 0.000000000000000000e+00 0.000000000000000000e+00 0.000000000000000000e+00 0.000000000000000000e+00 3.149999999999997868e+01 0.000000000000000000e+00 0.000000000000000000e+00 0.000000000000000000e+00 0.000000000000000000e+00 0.000000000000000000e+00 0.000000000000000000e+00 0.000000000000000000e+00 0.000000000000000000e+00
0.000000000000000000e+00 0.000000000000000000e+00 0.000000000000000000e+00 2.859999999999998366e+01 2.408745247148287660e+01 1.452663359930989273e+01 7.063859069639412347e+00 8.043630834015672804e+00 9.940451316339320442e+00 1.678238255033556570e+01 2.624015748031493800e+01 2.872573839662446460e+01 2.933888888888886726e+01 6.099999999999996447e+01 3.420569620253161958e+01 2.241422594142258617e+01 3.537499999999997868e+01 3.383333333333331439e+01 6.471153846153843858e+01 0.000000000000000000e+00 7.440909090909089230e+01 8.399999999999998579e+01 8.049999999999997158e+01 9.750000000000000000e+01 7.442857142857141639e+01 6.402499999999996305e+01 8.649999999999998579e+01 6.326315789473682827e+01 4.100347222222220012e+01 4.222785349233387819e+01 5.646543778801841995e+01 5.809140767824494844e+01 6.096190476190474783e+01 6.369999999999995310e+01 7.122222222222220012e+01 7.134999999999998010e+01 7.507142857142855519e+01 2.408201058201057165e+01 2.437596899224804758e+01 3.906818181818180591e+01 0.000000000000000000e+00 5.072222222222220722e+01 7.699999999999998579e+01 4.084999999999998010e+01 2.933333333333330728e+01 4.676086956521738358e+01 0.000000000000000000e+00 0.000000000000000000e+00 0.000000000000000000e+00 0.000000000000000000e+00 0.000000000000000000e+00 0.000000000000000000e+00 0.000000000000000000e+00 0.000000000000000000e+00 0.000000000000000000e+00 0.000000000000000000e+00 0.000000000000000000e+00 0.000000000000000000e+00 0.000000000000000000e+00 0.000000000000000000e+00 0.000000000000000000e+00 0.000000000000000000e+00 0.000000000000000000e+00 0.000000000000000000e+00 0.000000000000000000e+00 0.000000000000000000e+00 0.000000000000000000e+00 0.000000000000000000e+00 0.000000000000000000e+00 0.000000000000000000e+00 0.000000000000000000e+00 0.000000000000000000e+00 0.000000000000000000e+00 0.000000000000000000e+00 0.000000000000000000e+00 0.000000000000000000e+00 0.000000000000000000e+00 0.000000000000000000e+00 0.000000000000000000e+00 0.000000000000000000e+00 0.000000000000000000e+00 0.000000000000000000e+00 0.000000000000000000e+00 0.000000000000000000e+00 0.000000000000000000e+00 0.000000000000000000e+00 0.000000000000000000e+00 0.000000000000000000e+00 0.000000000000000000e+00
0.000000000000000000e+00 0.000000000000000000e+00 0.000000000000000000e+00 4.374999999999998579e+01 3.785185185185184054e+01 3.237748344370859854e+01 2.365999999999998948e+01 9.940451316339320442e+00 1.110089850249583954e+01 1.695803357314148130e+01 2.302957746478872281e+01 3.161324786324785663e+01 1.136860795454545325e+01 6.025000000000000000e+01 2.121327014218008600e+01 3.459941520467836540e+01 3.109999999999999076e+01 4.899999999999997868e+01 5.288571428571427191e+01 0.000000000000000000e+00 7.393749999999998579e+01 0.000000000000000000e+00 0.000000000000000000e+00 8.599999999999994316e+01 6.149999999999995026e+01 5.016666666666663588e+01 2.362499999999998934e+01 5.337999999999998124e+01 2.714975369458127474e+01 2.861228945726761452e+01 4.839010989010986918e+01 5.115299334811528098e+01 5.166355140186914952e+01 5.949999999999999289e+01 6.270370370370370239e+01 5.599999999999997868e+01 6.293749999999998579e+01 2.373872264403750876e+01 1.486974299065420624e+01 2.645588235294117752e+01 0.000000000000000000e+00 3.546153846153846700e+01 1.004999999999999858e+02 4.463888888888888573e+01 3.244444444444442865e+01 3.337275985663082167e+01 0.000000000000000000e+00 0.000000000000000000e+00 0.000000000000000000e+00 0.000000000000000000e+00 0.000000000000000000e+00 0.000000000000000000e+00 4.699999999999997158e+01 0.000000000000000000e+00 5.249999999999995737e+01 0.000000000000000000e+00 0.000000000000000000e+00 0.000000000000000000e+00 0.000000000000000000e+00 3.550000000000002132e+01 0.000000000000000000e+00 0.000000000000000000e+00 0.000000000000000000e+00 0.000000000000000000e+00 0.000000000000000000e+00 0.000000000000000000e+00 0.000000000000000000e+00 0.000000000000000000e+00 0.000000000000000000e+00 0.000000000000000000e+00 0.000000000000000000e+00 0.000000000000000000e+00 0.000000000000000000e+00 0.000000000000000000e+00 0.000000000000000000e+00 0.000000000000000000e+00 0.000000000000000000e+00 0.000000000000000000e+00 0.000000000000000000e+00 0.000000000000000000e+00 0.000000000000000000e+00 8.650000000000000000e+01 0.000000000000000000e+00 0.000000000000000000e+00 5.950000000000000711e+01 0.000000000000000000e+00 0.000000000000000000e+00 4.949999999999997158e+01 0.000000000000000000e+00
0.000000000000000000e+00 0.000000000000000000e+00 0.000000000000000000e+00 1.368846153846153157e+01 1.563749999999999574e+01 1.592261816013120246e+01 1.163424226533822292e+01 1.678238255033556570e+01 1.695803357314148130e+01 1.334653119043038849e+01 1.673155216284986579e+01 1.662526733883286667e+01 4.165978260869563599e+01 5.590243902439021895e+01 2.108909415971393742e+01 2.317171239356668977e+01 2.063569078947367075e+01 4.510144927536229176e+01 6.747058823529408755e+01 0.000000000000000000e+00 8.024999999999998579e+01 0.000000000000000000e+00 0.000000000000000000e+00 0.000000000000000000e+00 0.000000000000000000e+00 7.137499999999998579e+01 0.000000000000000000e+00 7.699999999999998579e+01 5.255510204081630121e+01 5.572591943957966265e+01 6.094329896907214561e+01 6.183889602053913137e+01 6.519886363636361182e+01 7.612499999999998579e+01 7.745999999999997954e+01 0.000000000000000000e+00 7.833333333333332860e+01 2.344803001876171322e+01 2.680256327060348553e+01 4.234374999999997868e+01 0.000000000000000000e+00 4.102272727272725916e+01 7.275000000000001421e+01 5.121794871794870119e+01 3.535294117647055856e+01 4.473875432525949236e+01 0.000000000000000000e+00 4.674999999999997158e+01 0.000000000000000000e+00 0.000000000000000000e+00 4.649999999999993605e+01 0.000000000000000000e+00 4.887499999999997158e+01 5.600000000000002842e+01 4.511111111111108585e+01 0.000000000000000000e+00 0.000000000000000000e+00 0.000000000000000000e+00 3.017499999999998295e+01 3.564285714285711748e+01 4.825000000000000000e+01 5.875000000000000000e+01 0.000000000000000000e+00 0.000000000000000000e+00 0.000000000000000000e+00 0.000000000000000000e+00 0.000000000000000000e+00 0.000000000000000000e+00 0.000000000000000000e+00 0.000000000000000000e+00 0.000000000000000000e+00 0.000000000000000000e+00 0.000000000000000000e+00 0.000000000000000000e+00 8.124999999999995737e+01 5.699999999999995026e+01 0.000000000000000000e+00 0.000000000000000000e+00 0.000000000000000000e+00 0.000000000000000000e+00 4.199999999999995026e+01 5.412499999999995737e+01 6.349999999999995737e+01 0.000000000000000000e+00 0.000000000000000000e+00 0.000000000000000000e+00 0.000000000000000000e+00 5.599999999999994316e+01 0.000000000000000000e+00
0.000000000000000000e+00 0.000000000000000000e+00 0.000000000000000000e+00 5.018749999999997868e+01 3.918965517241377938e+01 4.214545454545452685e+01 4.220588235294115975e+01 2.624015748031493800e+01 2.302957746478872281e+01 1.673155216284986579e+01 1.269711003250656844e+01 2.121657654297967355e+01 1.578605072463768089e+01 4.099999999999999289e+01 2.562664041994750619e+01 3.699647887323942541e+01 2.821428571428570464e+01 2.533333333333332860e+01 4.953153153153152033e+01 0.000000000000000000e+00 6.188888888888887863e+01 6.200000000000000000e+01 7.425000000000001421e+01 0.000000000000000000e+00 5.034999999999999432e+01 4.996551724137930961e+01 6.210000000000000853e+01 4.532666666666666799e+01 3.024377224199288250e+01 3.475083822296731029e+01 3.898654708520179213e+01 4.229507008216529584e+01 4.696536796536796743e+01 5.436363636363636687e+01 5.567032967032967150e+01 5.241666666666665719e+01 5.471621621621621046e+01 2.391570751523357075e+01 2.310359231411862524e+01 2.955586592178770999e+01 0.000000000000000000e+00 2.854947916666666785e+01 5.911111111111108585e+01 3.806578947368419819e+01 3.690000000000000568e+01 3.612154696132596854e+01 0.000000000000000000e+00 0.000000000000000000e+00 0.000000000000000000e+00 0.000000000000000000e+00 0.000000000000000000e+00 0.000000000000000000e+00 5.966666666666665719e+01 5.924999999999997158e+01 5.316666666666662877e+01 0.000000000000000000e+00 0.000000000000000000e+00 0.000000000000000000e+00 3.450000000000000000e+01 2.849999999999998579e+01 3.862499999999997868e+01 8.000000000000001421e+01 0.000000000000000000e+00 0.000000000000000000e+00 0.000000000000000000e+00 0.000000000000000000e+00 0.000000000000000000e+00 0.000000000000000000e+00 0.000000000000000000e+00 0.000000000000000000e+00 0.000000000000000000e+00 0.000000000000000000e+00 0.000000000000000000e+00 7.449999999999998579e+01 0.000000000000000000e+00 3.600000000000002132e+01 0.000000000000000000e+00 0.000000000000000000e+00 0.000000000000000000e+00 0.000000000000000000e+00 3.800000000000001421e+01 3.983333333333330017e+01 0.000000000000000000e+00 0.000000000000000000e+00 0.000000000000000000e+00 0.000000000000000000e+00 0.000000000000000000e+00 0.000000000000000000e+00 0.000000000000000000e+00
0.000000000000000000e+00 0.000000000000000000e+00 0.000000000000000000e+00 6.000000000000000000e+00 1.486087645195353701e+01 2.313784629133153814e+01 3.702499999999998437e+01 2.872573839662446460e+01 3.161324786324785663e+01 1.662526733883286667e+01 2.121657654297967355e+01 1.532060245848949975e+01 2.469395065003979894e+01 1.956252742430890024e+01 2.988892326732672444e+01 2.229356405585912881e+01 1.811723672367235949e+01 2.180985915492956906e+01 3.986363636363635976e+01 0.000000000000000000e+00 0.000000000000000000e+00 0.000000000000000000e+00 0.000000000000000000e+00 0.000000000000000000e+00 4.000000000000003553e+01 5.634782608695650907e+01 5.092857142857143771e+01 5.900000000000000000e+01 3.409330855018586703e+01 4.010720973782771637e+01 5.906410256410255499e+01 4.371123147092360028e+01 3.661621621621620193e+01 7.550000000000000000e+01 6.866666666666667140e+01 0.000000000000000000e+00 8.220000000000000284e+01 2.573064567940891934e+01 3.015517241379309965e+01 3.573763250883392573e+01 0.000000000000000000e+00 3.113655913978494638e+01 6.137499999999998579e+01 4.407394366197183189e+01 4.024999999999998579e+01 4.117328170377540886e+01 0.000000000000000000e+00 0.000000000000000000e+00 5.574999999999997158e+01 0.000000000000000000e+00 0.000000000000000000e+00 0.000000000000000000e+00 5.143749999999998579e+01 5.733333333333328596e+01 8.119047619047613296e+00 2.949999999999998224e+01 2.000000000000000711e+01 6.899999999999994316e+01 2.751851851851850839e+01 2.582692307692306244e+01 2.646825396825396126e+01 5.769999999999997442e+01 0.000000000000000000e+00 0.000000000000000000e+00 0.000000000000000000e+00 0.000000000000000000e+00 0.000000000000000000e+00 0.000000000000000000e+00 0.000000000000000000e+00 0.000000000000000000e+00 0.000000000000000000e+00 2.950000000000002842e+01 0.000000000000000000e+00 0.000000000000000000e+00 0.000000000000000000e+00 5.575000000000001421e+01 0.000000000000000000e+00 0.000000000000000000e+00 0.000000000000000000e+00 0.000000000000000000e+00 4.299999999999996447e+01 4.799999999999996447e+01 0.000000000000000000e+00 0.000000000000000000e+00 0.000000000000000000e+00 0.000000000000000000e+00 7.149999999999997158e+01 5.033333333333334991e+01 8.649999999999997158e+01
0.000000000000000000e+00 0.000000000000000000e+00 0.000000000000000000e+00 0.000000000000000000e+00 6.586363636363635976e+01 5.617567567567564879e+01 6.874999999999997158e+01 2.933888888888886726e+01 1.136860795454545325e+01 4.165978260869563599e+01 1.578605072463768089e+01 2.469395065003979894e+01 1.465278095151044369e+01 8.085925196850391572e+00 2.583672819859961933e+01 5.421904761904760051e+01 4.209999999999998721e+01 1.989510489510489322e+01 3.963175675675674370e+01 2.750000000000000711e+01 4.800000000000000000e+01 6.949999999999998579e+01 2.599999999999999289e+01 4.599999999999997158e+01 5.010000000000000142e+01 1.961209964412811502e+01 4.188709677419355160e+01 4.583333333333333570e+01 1.979988367931281346e+01 2.747558081438920397e+01 4.260294117647058698e+01 3.254978540772532369e+01 3.038352941176470523e+01 5.199999999999998579e+01 5.175000000000000000e+01 0.000000000000000000e+00 5.841666666666666430e+01 2.371629669734705104e+01 2.375591045064170714e+01 2.887306767433871357e+01 0.000000000000000000e+00 2.569127516778523557e+01 3.962500000000000000e+01 3.713352272727272663e+01 4.104545454545452543e+01 3.475957120980091730e+01 0.000000000000000000e+00 0.000000000000000000e+00 8.099999999999997158e+01 0.000000000000000000e+00 0.000000000000000000e+00 7.849999999999994316e+01 0.000000000000000000e+00 6.059999999999998721e+01 6.299999999999998579e+01 6.774999999999997158e+01 0.000000000000000000e+00 5.300000000000000000e+01 5.849999999999997868e+01 5.450000000000002132e+01 3.988235294117646390e+01 2.600000000000000355e+01 0.000000000000000000e+00 0.000000000000000000e+00 0.000000000000000000e+00 0.000000000000000000e+00 0.000000000000000000e+00 0.000000000000000000e+00 0.000000000000000000e+00 0.000000000000000000e+00 0.000000000000000000e+00 0.000000000000000000e+00 0.000000000000000000e+00 0.000000000000000000e+00 0.000000000000000000e+00 0.000000000000000000e+00 0.000000000000000000e+00 0.000000000000000000e+00 0.000000000000000000e+00 0.000000000000000000e+00 8.799999999999990052e+01 5.199999999999997868e+01 0.000000000000000000e+00 0.000000000000000000e+00 0.000000000000000000e+00 0.000000000000000000e+00 0.000000000000000000e+00 8.350000000000002842e+01 0.000000000000000000e+00
0.000000000000000000e+00 0.000000000000000000e+00 0.000000000000000000e+00 0.000000000000000000e+00 5.889999999999997726e+01 7.083333333333327175e+01 0.000000000000000000e+00 6.099999999999996447e+01 6.025000000000000000e+01 5.590243902439021895e+01 4.099999999999999289e+01 1.956252742430890024e+01 8.085925196850391572e+00 9.005575598556902150e+00 3.929166666666666430e+01 5.023931623931622426e+01 4.353030303030300985e+01 7.965217391304346251e+00 2.604999999999999361e+01 0.000000000000000000e+00 0.000000000000000000e+00 0.000000000000000000e+00 0.000000000000000000e+00 0.000000000000000000e+00 0.000000000000000000e+00 5.050000000000000711e+01 0.000000000000000000e+00 0.000000000000000000e+00 1.085069018404908014e+01 3.507608695652174191e+01 6.900000000000000000e+01 1.521164021164020852e+01 1.057432432432432456e+01 0.000000000000000000e+00 0.000000000000000000e+00 0.000000000000000000e+00 0.000000000000000000e+00 4.504838709677417796e+01 4.097272727272726200e+01 4.421428571428572241e+01 0.000000000000000000e+00 3.000000000000000000e+01 0.000000000000000000e+00 4.850000000000004974e+01 7.799999999999990052e+01 3.905882352941176805e+01 0.000000000000000000e+00 0.000000000000000000e+00 0.000000000000000000e+00 0.000000000000000000e+00 0.000000000000000000e+00 0.000000000000000000e+00 0.000000000000000000e+00 0.000000000000000000e+00 0.000000000000000000e+00 0.000000000000000000e+00 0.000000000000000000e+00 0.000000000000000000e+00 6.800000000000000000e+01 0.000000000000000000e+00 0.000000000000000000e+00 1.174999999999999645e+01 0.000000000000000000e+00 0.000000000000000000e+00 0.000000000000000000e+00 0.000000000000000000e+00 0.000000000000000000e+00 0.000000000000000000e+00 0.000000000000000000e+00 0.000000000000000000e+00 0.000000000000000000e+00 0.000000000000000000e+00 0.000000000000000000e+00 0.000000000000000000e+00 0.000000000000000000e+00 0.000000000000000000e+00 0.000000000000000000e+00 0.000000000000000000e+00 0.000000000000000000e+00 0.000000000000000000e+00 0.000000000000000000e+00 6.250000000000000000e+01 0.000000000000000000e+00 0.000000000000000000e+00 0.000000000000000000e+00 0.000000000000000000e+00 0.000000000000000000e+00 0.000000000000000000e+00 0.000000000000000000e+00
0.000000000000000000e+00 0.000000000000000000e+00 0.000000000000000000e+00 3.700000000000000711e+01 3.229896907216493673e+01 2.431758530183726208e+01 3.774999999999998579e+01 3.420569620253161958e+01 2.121327014218008600e+01 2.108909415971393742e+01 2.562664041994750619e+01 2.988892326732672444e+01 2.583672819859961933e+01 3.929166666666666430e+01 1.255116988809765566e+01 3.190273556231002061e+01 2.555867346938774531e+01 2.366806722689075571e+01 2.510823754789271334e+01 1.205847953216374258e+01 2.302787456445992831e+01 3.352857142857141781e+01 2.416282420749278970e+01 1.813815789473683537e+01 2.299493487698986982e+01 2.441641421096116460e+01 2.364676113360322773e+01 3.371021611001963691e+01 2.313368246968026298e+01 3.782447429906540748e+01 4.469150731158603662e+01 3.573033924441017462e+01 3.115094339622640618e+01 4.742857142857142350e+01 4.643633540372670154e+01 5.378571428571427759e+01 5.039673913043476006e+01 2.072431506849315141e+01 8.466571564431761843e+00 1.667067307692307310e+01 0.000000000000000000e+00 2.180545876887340029e+01 1.346814218645204875e+01 1.245615866388308923e+01 1.854999999999998295e+01 2.203222918531781360e+01 0.000000000000000000e+00 3.550000000000000000e+01 0.000000000000000000e+00 0.000000000000000000e+00 0.000000000000000000e+00 3.849999999999992895e+01 7.049999999999997158e+01 5.316666666666662167e+01 5.019999999999996732e+01 5.599999999999994316e+01 0.000000000000000000e+00 4.149999999999999289e+01 0.000000000000000000e+00 2.891666666666665719e+01 3.719999999999998153e+01 4.333333333333333570e+01 0.000000000000000000e+00 0.000000000000000000e+00 6.249999999999998579e+01 0.000000000000000000e+00 0.000000000000000000e+00 0.000000000000000000e+00 0.000000000000000000e+00 6.749999999999998579e+01 0.000000000000000000e+00 0.000000000000000000e+00 7.299999999999995737e+01 0.000000000000000000e+00 0.000000000000000000e+00 0.000000000000000000e+00 0.000000000000000000e+00 0.000000000000000000e+00 0.000000000000000000e+00 0.000000000000000000e+00 3.299999999999995737e+01 4.849999999999996447e+01 0.000000000000000000e+00 0.000000000000000000e+00 0.000000000000000000e+00 3.299999999999997868e+01 0.000000000000000000e+00 0.000000000000000000e+00 0.000000000000000000e+00
0.000000000000000000e+00 0.000000000000000000e+00 0.000000000000000000e+00 2.100000000000000711e+01 1.203676470588234615e+01 2.239235127478752574e+01 4.579999999999999716e+01 2.241422594142258617e+01 3.459941520467836540e+01 2.317171239356668977e+01 3.699647887323942541e+01 2.229356405585912881e+01 5.421904761904760051e+01 5.023931623931622426e+01 3.190273556231002061e+01 7.423023578363381780e+00 1.077129888268156144e+01 3.873939929328619058e+01 4.790204678362570689e+01 0.000000000000000000e+00 0.000000000000000000e+00 0.000000000000000000e+00 0.000000000000000000e+00 0.000000000000000000e+00 0.000000000000000000e+00 6.449999999999998579e+01 0.000000000000000000e+00 9.049999999999998579e+01 6.265243902439021895e+01 6.577906976744183964e+01 7.239999999999996305e+01 6.936165048543686851e+01 5.014804964539003862e+01 0.000000000000000000e+00 1.060000000000000142e+02 0.000000000000000000e+00 0.000000000000000000e+00 1.628361027190331711e+01 2.887563551036369702e+01 4.190070093457944012e+01 0.000000000000000000e+00 4.229220779220778326e+01 0.000000000000000000e+00 5.135714285714284699e+01 8.448863636363629581e+00 4.900290697674418539e+01 0.000000000000000000e+00 3.350000000000000711e+01 2.699999999999996447e+01 0.000000000000000000e+00 0.000000000000000000e+00 3.549999999999997868e+01 3.527272727272724495e+01 6.499999999999995737e+01 4.295454545454543194e+01 6.999999999999991473e+01 0.000000000000000000e+00 0.000000000000000000e+00 1.239999999999999680e+01 1.835714285714283278e+01 4.512499999999997868e+01 4.542857142857142350e+01 0.000000000000000000e+00 0.000000000000000000e+00 0.000000000000000000e+00 0.000000000000000000e+00 0.000000000000000000e+00 0.000000000000000000e+00 0.000000000000000000e+00 0.000000000000000000e+00 0.000000000000000000e+00 0.000000000000000000e+00 0.000000000000000000e+00 0.000000000000000000e+00 6.549999999999998579e+01 5.325000000000001421e+01 0.000000000000000000e+00 0.000000000000000000e+00 0.000000000000000000e+00 0.000000000000000000e+00 2.949999999999996447e+01 3.750000000000000000e+01 0.000000000000000000e+00 0.000000000000000000e+00 0.000000000000000000e+00 0.000000000000000000e+00 0.000000000000000000e+00 2.816666666666664653e+01 0.000000000000000000e+00
0.000000000000000000e+00 0.000000000000000000e+00 0.000000000000000000e+00 0.000000000000000000e+00 2.941071428571427759e+01 3.493749999999998579e+01 4.299999999999995026e+01 3.537499999999997868e+01 3.109999999999999076e+01 2.063569078947367075e+01 2.821428571428570464e+01 1.811723672367235949e+01 4.209999999999998721e+01 4.353030303030300985e+01 2.555867346938774531e+01 1.077129888268156144e+01 9.184758529020818685e+00 2.474921052631576757e+01 3.866438356164382384e+01 0.000000000000000000e+00 0.000000000000000000e+00 0.000000000000000000e+00 0.000000000000000000e+00 0.000000000000000000e+00 5.474999999999995737e+01 0.000000000000000000e+00 0.000000000000000000e+00 6.349999999999999289e+01 4.923076923076921219e+01 5.353846153846151168e+01 6.150000000000002842e+01 5.673893805309732841e+01 3.972389558232930540e+01 0.000000000000000000e+00 0.000000000000000000e+00 0.000000000000000000e+00 0.000000000000000000e+00 1.910439560439559870e+01 2.827016129032257297e+01 3.296405228758170125e+01 0.000000000000000000e+00 3.146249999999998792e+01 0.000000000000000000e+00 4.227272727272725916e+01 3.100000000000000000e+01 4.136619718309858484e+01 0.000000000000000000e+00 3.824999999999998579e+01 2.699999999999996447e+01 0.000000000000000000e+00 0.000000000000000000e+00 2.689999999999994174e+01 3.066071428571424917e+01 3.787499999999996447e+01 2.415131578947366719e+01 4.599999999999999289e+01 0.000000000000000000e+00 7.249999999999997158e+01 1.742553191489361808e+01 1.046999999999999176e+01 1.877272727272726272e+01 3.762499999999997868e+01 0.000000000000000000e+00 0.000000000000000000e+00 0.000000000000000000e+00 0.000000000000000000e+00 0.000000000000000000e+00 0.000000000000000000e+00 0.000000000000000000e+00 0.000000000000000000e+00 0.000000000000000000e+00 0.000000000000000000e+00 0.000000000000000000e+00 8.650000000000000000e+01 4.600000000000001421e+01 3.844444444444442865e+01 0.000000000000000000e+00 0.000000000000000000e+00 0.000000000000000000e+00 0.000000000000000000e+00 2.474999999999998579e+01 3.850000000000000000e+01 0.000000000000000000e+00 0.000000000000000000e+00 3.349999999999997868e+01 0.000000000000000000e+00 5.599999999999997868e+01 2.824999999999998579e+01 6.349999999999989342e+01
