0.000000000000000000e+00 0.000000000000000000e+00 0.000000000000000000e+00 0.000000000000000000e+00 0.000000000000000000e+00 0.000000000000000000e+00 0.000000000000000000e+00 0.000000000000000000e+00 0.000000000000000000e+00 0.000000000000000000e+00 0.000000000000000000e+00 0.000000000000000000e+00 0.000000000000000000e+00 0.000000000000000000e+00 0.000000000000000000e+00 0.000000000000000000e+00 0.000000000000000000e+00 0.000000000000000000e+00 0.000000000000000000e+00 0.000000000000000000e+00 0.000000000000000000e+00 0.000000000000000000e+00 0.000000000000000000e+00 0.000000000000000000e+00 0.000000000000000000e+00 0.000000000000000000e+00 0.000000000000000000e+00 0.000000000000000000e+00 0.000000000000000000e+00 0.000000000000000000e+00 0.000000000000000000e+00 0.000000000000000000e+00 0.000000000000000000e+00 0.000000000000000000e+00 0.000000000000000000e+00 0.000000000000000000e+00 0.000000000000000000e+00 0.000000000000000000e+00 0.000000000000000000e+00 0.000000000000000000e+00 0.000000000000000000e+00 0.000000000000000000e+00 0.000000000000000000e+00 0.000000000000000000e+00 0.000000000000000000e+00 0.000000000000000000e+00 0.000000000000000000e+00 0.000000000000000000e+00 0.000000000000000000e+00 0.000000000000000000e+00 0.000000000000000000e+00 0.000000000000000000e+00 0.000000000000000000e+00 0.000000000000000000e+00 0.000000000000000000e+00 0.000000000000000000e+00 0.000000000000000000e+00 0.000000000000000000e+00 0.000000000000000000e+00 0.000000000000000000e+00 0.000000000000000000e+00 0.000000000000000000e+00 0.000000000000000000e+00 0.000000000000000000e+00 0.000000000000000000e+00 0.000000000000000000e+00 0.000000000000000000e+00 0.000000000000000000e+00 0.000000000000000000e+00 0.000000000000000000e+00 0.000000000000000000e+00 0.000000000000000000e+00 0.000000000000000000e+00 0.000000000000000000e+00 0.000000000000000000e+00 0.000000000000000000e+00 0.000000000000000000e+00 0.000000000000000000e+00 0.000000000000000000e+00 0.000000000000000000e+00 0.000000000000000000e+00 0.000000000000000000e+00 0.000000000000000000e+00 0.000000000000000000e+00 0.000000000000000000e+00 0.000000000000000000e+00 0.000000000000000000e+00 0.000000000000000000e+00 0.000000000000000000e+00
0.000000000000000000e+00 0.000000000000000000e+00 0.000000000000000000e+00 0.000000000000000000e+00 0.000000000000000000e+00 0.000000000000000000e+00 0.000000000000000000e+00 0.000000000000000000e+00 0.000000000000000000e+00 0.000000000000000000e+00 0.000000000000000000e+00 0.000000000000000000e+00 0.000000000000000000e+00 0.000000000000000000e+00 0.000000000000000000e+00 0.000000000000000000e+00 0.000000000000000000e+00 0.000000000000000000e+00 0.000000000000000000e+00 0.000000000000000000e+00 0.000000000000000000e+00 0.000000000000000000e+00 0.000000000000000000e+00 0.000000000000000000e+00 0.000000000000000000e+00 0.000000000000000000e+00 0.000000000000000000e+00 0.000000000000000000e+00 0.000000000000000000e+00 0.000000000000000000e+00 0.000000000000000000e+00 0.000000000000000000e+00 0.000000000000000000e+00 0.000000000000000000e+00 0.000000000000000000e+00 0.000000000000000000e+00 0.000000000000000000e+00 0.000000000000000000e+00 0.000000000000000000e+00 0.000000000000000000e+00 0.000000000000000000e+00 0.000000000000000000e+00 0.000000000000000000e+00 0.000000000000000000e+00 0.000000000000000000e+00 0.000000000000000000e+00 0.000000000000000000e+00 0.000000000000000000e+00 0.000000000000000000e+00 0.000000000000000000e+00 0.000000000000000000e+00 0.000000000000000000e+00 0.000000000000000000e+00 0.000000000000000000e+00 0.000000000000000000e+00 0.000000000000000000e+00 0.000000000000000000e+00 0.000000000000000000e+00 0.000000000000000000e+00 0.000000000000000000e+00 0.000000000000000000e+00 0.000000000000000000e+00 0.000000000000000000e+00 0.000000000000000000e+00 0.000000000000000000e+00 0.000000000000000000e+00 0.000000000000000000e+00 0.000000000000000000e+00 0.000000000000000000e+00 0.000000000000000000e+00 0.000000000000000000e+00 0.000000000000000000e+00 0.000000000000000000e+00 0.000000000000000000e+00 0.000000000000000000e+00 0.000000000000000000e+00 0.000000000000000000e+00 0.000000000000000000e+00 0.000000000000000000e+00 0.000000000000000000e+00 0.000000000000000000e+00 0.000000000000000000e+00 0.000000000000000000e+00 0.000000000000000000e+00 0.000000000000000000e+00 0.000000000000000000e+00 0.000000000000000000e+00 0.000000000000000000e+00 0.000000000000000000e+00
0.000000000000000000e+00 0.000000000000000000e+00 0.000000000000000000e+00 0.000000000000000000e+00 0.000000000000000000e+00 0.000000000000000000e+00 0.000000000000000000e+00 0.000000000000000000e+00 0.000000000000000000e+00 0.000000000000000000e+00 0.000000000000000000e+00 0.000000000000000000e+00 0.000000000000000000e+00 0.000000000000000000e+00 0.000000000000000000e+00 0.000000000000000000e+00 0.000000000000000000e+00 0.000000000000000000e+00 0.000000000000000000e+00 0.000000000000000000e+00 0.000000000000000000e+00 0.000000000000000000e+00 0.000000000000000000e+00 0.000000000000000000e+00 0.000000000000000000e+00 0.000000000000000000e+00 0.000000000000000000e+00 0.000000000000000000e+00 0.000000000000000000e+00 0.000000000000000000e+00 0.000000000000000000e+00 0.000000000000000000e+00 0.000000000000000000e+00 0.000000000000000000e+00 0.000000000000000000e+00 0.000000000000000000e+00 0.000000000000000000e+00 0.000000000000000000e+00 0.000000000000000000e+00 0.000000000000000000e+00 0.000000000000000000e+00 0.000000000000000000e+00 0.000000000000000000e+00 0.000000000000000000e+00 0.000000000000000000e+00 0.000000000000000000e+00 0.000000000000000000e+00 0.000000000000000000e+00 0.000000000000000000e+00 0.000000000000000000e+00 0.000000000000000000e+00 0.000000000000000000e+00 0.000000000000000000e+00 0.000000000000000000e+00 0.000000000000000000e+00 0.000000000000000000e+00 0.000000000000000000e+00 0.000000000000000000e+00 0.000000000000000000e+00 0.000000000000000000e+00 0.000000000000000000e+00 0.000000000000000000e+00 0.000000000000000000e+00 0.000000000000000000e+00 0.000000000000000000e+00 0.000000000000000000e+00 0.000000000000000000e+00 0.000000000000000000e+00 0.000000000000000000e+00 0.000000000000000000e+00 0.000000000000000000e+00 0.000000000000000000e+00 0.000000000000000000e+00 0.000000000000000000e+00 0.000000000000000000e+00 0.000000000000000000e+00 0.000000000000000000e+00 0.000000000000000000e+00 0.000000000000000000e+00 0.000000000000000000e+00 0.000000000000000000e+00 0.000000000000000000e+00 0.000000000000000000e+00 0.000000000000000000e+00 0.000000000000000000e+00 0.000000000000000000e+00 0.000000000000000000e+00 0.000000000000000000e+00 0.000000000000000000e+00
0.000000000000000000e+00 0.000000000000000000e+00 0.000000000000000000e+00 3.824593128390595176e+00 6.723828124999997158e+00 1.017448275862068918e+01 3.249999999999998579e+01 3.264705882352938460e+01 5.016666666666665009e+01 8.935135135135130469e+00 4.966666666666662167e+01 7.081812255541066747e+00 5.749999999999997868e+01 0.000000000000000000e+00 6.149999999999996447e+01 2.362499999999998579e+01 0.000000000000000000e+00 6.299999999999995026e+01 0.000000000000000000e+00 0.000000000000000000e+00 0.000000000000000000e+00 0.000000000000000000e+00 0.000000000000000000e+00 0.000000000000000000e+00 0.000000000000000000e+00 0.000000000000000000e+00 0.000000000000000000e+00 0.000000000000000000e+00 0.000000000000000000e+00 0.000000000000000000e+00 0.000000000000000000e+00 0.000000000000000000e+00 0.000000000000000000e+00 0.000000000000000000e+00 0.000000000000000000e+00 0.000000000000000000e+00 0.000000000000000000e+00 3.154545454545452898e+01 3.437499999999998579e+01 5.300000000000000711e+01 0.000000000000000000e+00 0.000000000000000000e+00 0.000000000000000000e+00 0.000000000000000000e+00 0.000000000000000000e+00 0.000000000000000000e+00 0.000000000000000000e+00 0.000000000000000000e+00 0.000000000000000000e+00 0.000000000000000000e+00 0.000000000000000000e+00 0.000000000000000000e+00 0.000000000000000000e+00 0.000000000000000000e+00 0.000000000000000000e+00 0.000000000000000000e+00 0.000000000000000000e+00 0.000000000000000000e+00 0.000000000000000000e+00 0.000000000000000000e+00 0.000000000000000000e+00 0.000000000000000000e+00 0.000000000000000000e+00 0.000000000000000000e+00 0.000000000000000000e+00 0.000000000000000000e+00 0.000000000000000000e+00 0.000000000000000000e+00 0.000000000000000000e+00 0.000000000000000000e+00 0.000000000000000000e+00 0.000000000000000000e+00 0.000000000000000000e+00 0.000000000000000000e+00 0.000000000000000000e+00 0.000000000000000000e+00 0.000000000000000000e+00 0.000000000000000000e+00 0.000000000000000000e+00 0.000000000000000000e+00 0.000000000000000000e+00 0.000000000000000000e+00 0.000000000000000000e+00 0.000000000000000000e+00 0.000000000000000000e+00 0.000000000000000000e+00 0.000000000000000000e+00 0.000000000000000000e+00 0.000000000000000000e+00
0.000000000000000000e+00 0.000000000000000000e+00 0.000000000000000000e+00 6.723828124999997158e+00 9.726271963869869808e+00 1.050544069640913669e+01 2.585652173913042517e+01 2.378058103975534010e+01 4.187142857142857366e+01 1.847409657818995043e+01 4.101602564102562809e+01 1.847412050141527828e+01 5.857142857142855519e+01 5.562499999999996447e+01 2.594298245614034215e+01 1.269999999999999574e+01 3.057692307692306599e+01 4.777272727272724495e+01 6.621428571428569398e+01 0.000000000000000000e+00 0.000000000000000000e+00 0.000000000000000000e+00 0.000000000000000000e+00 0.000000000000000000e+00 6.049999999999997868e+01 2.850000000000001776e+01 0.000000000000000000e+00 8.899999999999998579e+01 6.866666666666667140e+01 7.949999999999995737e+01 0.000000000000000000e+00 8.039473684210524596e+01 6.831818181818178459e+01 0.000000000000000000e+00 0.000000000000000000e+00 0.000000000000000000e+00 0.000000000000000000e+00 1.289788293897882276e+01 1.882205882352939952e+01 3.675806451612902492e+01 0.000000000000000000e+00 5.299999999999994316e+01 3.466666666666666430e+01 7.283333333333327175e+01 5.647435897435896024e+00 2.579411764705881538e+01 0.000000000000000000e+00 4.399999999999999289e+01 5.762499999999998579e+01 0.000000000000000000e+00 4.124999999999995737e+01 5.899999999999998579e+01 4.918181818181813014e+01 0.000000000000000000e+00 4.849999999999995737e+01 0.000000000000000000e+00 0.000000000000000000e+00 6.299999999999993605e+01 3.069999999999998863e+01 3.124999999999997868e+01 5.049999999999997158e+01 7.850000000000000000e+01 0.000000000000000000e+00 0.000000000000000000e+00 0.000000000000000000e+00 0.000000000000000000e+00 0.000000000000000000e+00 0.000000000000000000e+00 0.000000000000000000e+00 0.000000000000000000e+00 0.000000000000000000e+00 8.950000000000002842e+01 0.000000000000000000e+00 0.000000000000000000e+00 0.000000000000000000e+00 0.000000000000000000e+00 0.000000000000000000e+00 0.000000000000000000e+00 0.000000000000000000e+00 0.000000000000000000e+00 2.630769230769228884e+01 4.753571428571426338e+01 5.250000000000000711e+01 0.000000000000000000e+00 0.000000000000000000e+00 0.000000000000000000e+00 0.000000000000000000e+00 2.049999999999998579e+01 2.049999999999999289e+01
0.000000000000000000e+00 0.000000000000000000e+00 0.000000000000000000e+00 1.017448275862068918e+01 1.050544069640913669e+01 1.368443772933303926e+01 1.027569698676428800e+01 1.378880821231847165e+01 3.678014184397162012e+01 1.757667752442996090e+01 4.377700348432053090e+01 2.481314647981313115e+01 5.539583333333329307e+01 6.107142857142853387e+01 2.176388888888887863e+01 2.264312267657991740e+01 3.779629629629628340e+01 5.565789473684208133e+01 7.672222222222220012e+01 0.000000000000000000e+00 5.450000000000002132e+01 0.000000000000000000e+00 4.349999999999997868e+01 0.000000000000000000e+00 4.359999999999998010e+01 4.102777777777776436e+01 4.049999999999998579e+01 4.549999999999999289e+01 7.066666666666665719e+01 5.384374999999997158e+01 5.599999999999996447e+01 7.907142857142854098e+01 7.588888888888885731e+01 0.000000000000000000e+00 6.499999999999998579e+01 0.000000000000000000e+00 4.249999999999997158e+01 1.808789514263684950e+01 1.771071887034658587e+01 2.735955056179774303e+01 0.000000000000000000e+00 3.712499999999997868e+01 3.470000000000000284e+01 2.637499999999999289e+01 1.837330754352029771e+01 3.713333333333332575e+01 0.000000000000000000e+00 3.749999999999997868e+01 5.178571428571426338e+01 0.000000000000000000e+00 5.216666666666662167e+01 4.999999999999997158e+01 5.391666666666660745e+01 5.816666666666662167e+01 6.271428571428568688e+01 6.149999999999997868e+01 0.000000000000000000e+00 5.700000000000000711e+01 3.689999999999996305e+01 3.769999999999999574e+01 0.000000000000000000e+00 0.000000000000000000e+00 0.000000000000000000e+00 0.000000000000000000e+00 0.000000000000000000e+00 0.000000000000000000e+00 0.000000000000000000e+00 0.000000000000000000e+00 0.000000000000000000e+00 0.000000000000000000e+00 0.000000000000000000e+00 0.000000000000000000e+00 1.285000000000000000e+02 0.000000000000000000e+00 0.000000000000000000e+00 0.000000000000000000e+00 0.000000000000000000e+00 0.000000000000000000e+00 0.000000000000000000e+00 0.000000000000000000e+00 3.295454545454542483e+01 4.959090909090907218e+01 7.200000000000001421e+01 0.000000000000000000e+00 0.000000000000000000e+00 0.000000000000000000e+00 0.000000000000000000e+00 5.624999999999992895e+01 0.000000000000000000e+00
0.000000000000000000e+00 0.000000000000000000e+00 0.000000000000000000e+00 3.249999999999998579e+01 2.585652173913042517e+01 1.027569698676428800e+01 7.799857040743384928e+00 7.306229327453140243e+00 2.400000000000000000e+01 1.280021231422504790e+01 4.689999999999998437e+01 3.224100719424458816e+01 3.974999999999996447e+01 0.000000000000000000e+00 2.814285714285712103e+01 2.687499999999998934e+01 3.300000000000000711e+01 0.000000000000000000e+00 0.000000000000000000e+00 0.000000000000000000e+00 0.000000000000000000e+00 0.000000000000000000e+00 0.000000000000000000e+00 0.000000000000000000e+00 0.000000000000000000e+00 6.949999999999991473e+01 0.000000000000000000e+00 0.000000000000000000e+00 0.000000000000000000e+00 5.219999999999997442e+01 0.000000000000000000e+00 0.000000000000000000e+00 0.000000000000000000e+00 0.000000000000000000e+00 0.000000000000000000e+00 0.000000000000000000e+00 0.000000000000000000e+00 2.837179487179485449e+01 2.556868131868131044e+01 4.066666666666664298e+01 0.000000000000000000e+00 4.549999999999999289e+01 3.899999999999998579e+01 2.899999999999997513e+01 2.631249999999996447e+01 3.399999999999997158e+01 0.000000000000000000e+00 0.000000000000000000e+00 0.000000000000000000e+00 0.000000000000000000e+00 0.000000000000000000e+00 5.299999999999999289e+01 0.000000000000000000e+00 0.000000000000000000e+00 0.000000000000000000e+00 0.000000000000000000e+00 0.000000000000000000e+00 0.000000000000000000e+00 4.050000000000004974e+01 0.000000000000000000e+00 0.000000000000000000e+00 0.000000000000000000e+00 0.000000000000000000e+00 0.000000000000000000e+00 0.000000000000000000e+00 0.000000000000000000e+00 0.000000000000000000e+00 0.000000000000000000e+00 0.000000000000000000e+00 0.000000000000000000e+00 0.000000000000000000e+00 0.000000000000000000e+00 0.000000000000000000e+00 0.000000000000000000e+00 0.000000000000000000e+00 9.000000000000002842e+01 0.000000000000000000e+00 0.000000000000000000e+00 0.000000000000000000e+00 0.000000000000000000e+00 0.000000000000000000e+00 0.000000000000000000e+00 0.000000000000000000e+00 0.000000000000000000e+00 0.000000000000000000e+00 0.000000000000000000e+00 0.000000000000000000e+00 0.000000000000000000e+00 0.000000000000000000e+00
0.000000000000000000e+00 0.000000000000000000e+00 0.000000000000000000e+00 3.264705882352938460e+01 2.378058103975534010e+01 1.378880821231847165e+01 7.306229327453140243e+00 8.786306811543404649e+00 9.319565730469667741e+00 2.034172043010752162e+01 3.233905013192611477e+01 2.823973994311254287e+01 3.003316326530611491e+01 5.624999999999995737e+01 3.524273412271257655e+01 2.286099137931034520e+01 2.764999999999998437e+01 4.966666666666662877e+01 7.141666666666664298e+01 0.000000000000000000e+00 0.000000000000000000e+00 0.000000000000000000e+00 0.000000000000000000e+00 0.000000000000000000e+00 3.849999999999998579e+01 5.792857142857140218e+01 4.146153846153845279e+01 0.000000000000000000e+00 3.806410256410255499e+01 3.488562091503266771e+01 6.299999999999995737e+01 7.403333333333331723e+01 6.441666666666662877e+01 0.000000000000000000e+00 0.000000000000000000e+00 0.000000000000000000e+00 0.000000000000000000e+00 2.445217391304346677e+01 2.383471933471932047e+01 3.942857142857140218e+01 0.000000000000000000e+00 3.750000000000000000e+01 0.000000000000000000e+00 5.759999999999998010e+01 2.764285714285712814e+01 4.233333333333332149e+01 0.000000000000000000e+00 4.124999999999997158e+01 3.733333333333328596e+01 0.000000000000000000e+00 4.029999999999994742e+01 4.900000000000000711e+01 4.161111111111107874e+01 0.000000000000000000e+00 3.714285714285711748e+01 0.000000000000000000e+00 0.000000000000000000e+00 3.749999999999997158e+01 2.905555555555552871e+01 1.799999999999998934e+01 0.000000000000000000e+00 0.000000000000000000e+00 0.000000000000000000e+00 0.000000000000000000e+00 0.000000000000000000e+00 0.000000000000000000e+00 0.000000000000000000e+00 0.000000000000000000e+00 0.000000000000000000e+00 0.000000000000000000e+00 0.000000000000000000e+00 0.000000000000000000e+00 0.000000000000000000e+00 0.000000000000000000e+00 0.000000000000000000e+00 0.000000000000000000e+00 0.000000000000000000e+00 0.000000000000000000e+00 0.000000000000000000e+00 0.000000000000000000e+00 4.035714285714283278e+01 4.456249999999996447e+01 4.399999999999992895e+01 0.000000000000000000e+00 0.000000000000000000e+00 0.000000000000000000e+00 0.000000000000000000e+00 0.000000000000000000e+00 0.000000000000000000e+00
0.000000000000000000e+00 0.000000000000000000e+00 0.000000000000000000e+00 5.016666666666665009e+01 4.187142857142857366e+01 3.678014184397162012e+01 2.400000000000000000e+01 9.319565730469667741e+00 1.167508309895167251e+01 2.060065954773869379e+01 2.367021276595744794e+01 3.204826332794830535e+01 1.027863472267804390e+01 5.756250000000000711e+01 2.004500292226767044e+01 3.466131386861314212e+01 2.717937219730941578e+01 4.745454545454545325e+01 7.250000000000000000e+01 0.000000000000000000e+00 0.000000000000000000e+00 0.000000000000000000e+00 0.000000000000000000e+00 0.000000000000000000e+00 0.000000000000000000e+00 4.537500000000000000e+01 2.763999999999998991e+01 4.049999999999997868e+01 2.282565011820330625e+01 2.421548913043477569e+01 4.949999999999999289e+01 6.528571428571427759e+01 7.033333333333331439e+01 0.000000000000000000e+00 1.164999999999999858e+02 0.000000000000000000e+00 0.000000000000000000e+00 2.311726384364820319e+01 1.729479418886198516e+01 2.433863080684596625e+01 0.000000000000000000e+00 3.530000000000001137e+01 0.000000000000000000e+00 4.249999999999999289e+01 3.111956521739130466e+01 3.298196721311475699e+01 0.000000000000000000e+00 0.000000000000000000e+00 0.000000000000000000e+00 0.000000000000000000e+00 5.519999999999997442e+01 4.474999999999998579e+01 5.453846153846151878e+01 5.599999999999998579e+01 4.324999999999995737e+01 0.000000000000000000e+00 0.000000000000000000e+00 6.933333333333330017e+01 4.412500000000000000e+01 3.466666666666665009e+01 0.000000000000000000e+00 0.000000000000000000e+00 0.000000000000000000e+00 0.000000000000000000e+00 0.000000000000000000e+00 0.000000000000000000e+00 0.000000000000000000e+00 0.000000000000000000e+00 0.000000000000000000e+00 0.000000000000000000e+00 0.000000000000000000e+00 0.000000000000000000e+00 9.250000000000004263e+01 0.000000000000000000e+00 0.000000000000000000e+00 0.000000000000000000e+00 0.000000000000000000e+00 0.000000000000000000e+00 0.000000000000000000e+00 0.000000000000000000e+00 3.824999999999997158e+01 5.124999999999996447e+01 0.000000000000000000e+00 0.000000000000000000e+00 0.000000000000000000e+00 0.000000000000000000e+00 0.000000000000000000e+00 4.849999999999991473e+01 0.000000000000000000e+00
0.000000000000000000e+00 0.000000000000000000e+00 0.000000000000000000e+00 8.935135135135130469e+00 1.847409657818995043e+01 1.757667752442996090e+01 1.280021231422504790e+01 2.034172043010752162e+01 2.060065954773869379e+01 1.382466817365095935e+01 1.767970733164102626e+01 1.697543495898313637e+01 4.407004830917872340e+01 5.486666666666665293e+01 2.506671070013209146e+01 2.532262323943660931e+01 2.344943820224717967e+01 4.688392857142855519e+01 6.832075471698109936e+01 0.000000000000000000e+00 0.000000000000000000e+00 0.000000000000000000e+00 0.000000000000000000e+00 0.000000000000000000e+00 5.683333333333329307e+01 6.458333333333330017e+01 6.549999999999997158e+01 7.699999999999997158e+01 5.469318181818179880e+01 4.171478873239435359e+01 6.339999999999999858e+01 6.970224719101121025e+01 6.576785714285712459e+01 0.000000000000000000e+00 0.000000000000000000e+00 0.000000000000000000e+00 0.000000000000000000e+00 2.495460992907799991e+01 2.817725940951090990e+01 3.862925170068025693e+01 0.000000000000000000e+00 5.034615384615383959e+01 8.699999999999992895e+01 3.962499999999997868e+01 3.080184331797232389e+01 4.234313725490194003e+01 0.000000000000000000e+00 4.537499999999998579e+01 4.323076923076919797e+01 0.000000000000000000e+00 4.552631578947362812e+01 6.016666666666657193e+01 5.034374999999995737e+01 6.307142857142851256e+01 4.899999999999995737e+01 0.000000000000000000e+00 0.000000000000000000e+00 6.733333333333330017e+01 3.113114754098358361e+01 3.101785714285712103e+01 4.991666666666665719e+01 7.099999999999992895e+01 0.000000000000000000e+00 0.000000000000000000e+00 0.000000000000000000e+00 0.000000000000000000e+00 0.000000000000000000e+00 0.000000000000000000e+00 0.000000000000000000e+00 0.000000000000000000e+00 0.000000000000000000e+00 0.000000000000000000e+00 9.499999999999998579e+01 0.000000000000000000e+00 0.000000000000000000e+00 0.000000000000000000e+00 0.000000000000000000e+00 0.000000000000000000e+00 0.000000000000000000e+00 0.000000000000000000e+00 4.235714285714281147e+01 4.752083333333329307e+01 0.000000000000000000e+00 0.000000000000000000e+00 0.000000000000000000e+00 0.000000000000000000e+00 0.000000000000000000e+00 0.000000000000000000e+00 9.199999999999994316e+01
0.000000000000000000e+00 0.000000000000000000e+00 0.000000000000000000e+00 4.966666666666662167e+01 4.101602564102562809e+01 4.377700348432053090e+01 4.689999999999998437e+01 3.233905013192611477e+01 2.367021276595744794e+01 1.767970733164102626e+01 1.361848761295343557e+01 2.344577777777777428e+01 1.494127388535031820e+01 4.570454545454544615e+01 1.990953307392996052e+01 3.978209459459457520e+01 2.231791044776118937e+01 2.984033613445377497e+01 5.114754098360656087e+01 0.000000000000000000e+00 6.327777777777776436e+01 0.000000000000000000e+00 6.012500000000000000e+01 0.000000000000000000e+00 5.294736842105263008e+01 4.969277108433735179e+01 5.400000000000000711e+01 4.520382165605095537e+01 3.073955431754874823e+01 2.995573183213920032e+01 4.612157534246575352e+01 4.721006389776357537e+01 4.870334928229664939e+01 5.200000000000000000e+01 6.346000000000000085e+01 5.725000000000000000e+01 5.942857142857143060e+01 2.231660692951014724e+01 2.221000820344544380e+01 2.633652007648183613e+01 0.000000000000000000e+00 2.856578947368420884e+01 6.769999999999998863e+01 3.279464285714284699e+01 4.321428571428566556e+01 3.440405616224649066e+01 0.000000000000000000e+00 6.083333333333328596e+01 0.000000000000000000e+00 0.000000000000000000e+00 8.624999999999991473e+01 0.000000000000000000e+00 4.858333333333328596e+01 5.137499999999998579e+01 6.069999999999995310e+01 4.449999999999995737e+01 0.000000000000000000e+00 5.300000000000000000e+01 5.524999999999992895e+01 3.283333333333332149e+01 3.040909090909088164e+01 4.399999999999997158e+01 0.000000000000000000e+00 0.000000000000000000e+00 0.000000000000000000e+00 0.000000000000000000e+00 0.000000000000000000e+00 0.000000000000000000e+00 0.000000000000000000e+00 0.000000000000000000e+00 0.000000000000000000e+00 5.699999999999995737e+01 7.033333333333330017e+01 0.000000000000000000e+00 0.000000000000000000e+00 0.000000000000000000e+00 0.000000000000000000e+00 0.000000000000000000e+00 0.000000000000000000e+00 0.000000000000000000e+00 3.762499999999995737e+01 5.063888888888885020e+01 6.549999999999998579e+01 0.000000000000000000e+00 4.899999999999999289e+01 0.000000000000000000e+00 0.000000000000000000e+00 0.000000000000000000e+00 7.149999999999997158e+01
0.000000000000000000e+00 0.000000000000000000e+00 0.000000000000000000e+00 7.081812255541066747e+00 1.847412050141527828e+01 2.481314647981313115e+01 3.224100719424458816e+01 2.823973994311254287e+01 3.204826332794830535e+01 1.697543495898313637e+01 2.344577777777777428e+01 1.552249359711962917e+01 2.295374220374220542e+01 1.177684486211677672e+01 2.852014652014651830e+01 2.344802259887004681e+01 1.766067726330338061e+01 2.208807947019867512e+01 3.916547277936963667e+01 0.000000000000000000e+00 7.025000000000000000e+01 6.050000000000000711e+01 0.000000000000000000e+00 6.700000000000001421e+01 6.515000000000001990e+01 5.641025641025640880e+01 5.989999999999997726e+01 5.967999999999999972e+01 3.301056910569105440e+01 4.210855263157894512e+01 5.571000000000000085e+01 4.470196850393701027e+01 4.171187363834422968e+01 5.675000000000000000e+01 7.012500000000000000e+01 6.633333333333332860e+01 6.750000000000000000e+01 2.792092457420923779e+01 3.001085692128731353e+01 3.286348501664816979e+01 0.000000000000000000e+00 3.560689655172414092e+01 6.392857142857140929e+01 4.113207547169812273e+01 3.873529411764702957e+01 4.306620553359683612e+01 0.000000000000000000e+00 4.272727272727269821e+01 4.585294117647055856e+01 0.000000000000000000e+00 4.752631578947362812e+01 6.087499999999995026e+01 5.148076923076918376e+01 5.218749999999998579e+01 9.880841121495320678e+00 4.857142857142855519e+01 1.250000000000000888e+01 5.877272727272725206e+01 3.180092592592590961e+01 3.086206896551722423e+01 2.171590909090907928e+01 4.064999999999999858e+01 0.000000000000000000e+00 0.000000000000000000e+00 0.000000000000000000e+00 0.000000000000000000e+00 0.000000000000000000e+00 0.000000000000000000e+00 0.000000000000000000e+00 0.000000000000000000e+00 0.000000000000000000e+00 0.000000000000000000e+00 7.174999999999997158e+01 0.000000000000000000e+00 0.000000000000000000e+00 6.849999999999998579e+01 0.000000000000000000e+00 0.000000000000000000e+00 0.000000000000000000e+00 0.000000000000000000e+00 4.324999999999997868e+01 5.078350515463913695e+01 5.249999999999999289e+01 0.000000000000000000e+00 5.999999999999999289e+01 5.750000000000000711e+01 0.000000000000000000e+00 3.921428571428568688e+01 4.299999999999990052e+01
0.000000000000000000e+00 0.000000000000000000e+00 0.000000000000000000e+00 5.749999999999997868e+01 5.857142857142855519e+01 5.539583333333329307e+01 3.974999999999996447e+01 3.003316326530611491e+01 1.027863472267804390e+01 4.407004830917872340e+01 1.494127388535031820e+01 2.295374220374220542e+01 1.365997375601424757e+01 8.620963608405944001e+00 2.143233237350884579e+01 5.817105263157893802e+01 3.978571428571427759e+01 2.049243697478991422e+01 3.289846743295019138e+01 6.024999999999998579e+01 6.713636363636362603e+01 7.100000000000000000e+01 5.700000000000000711e+01 4.549999999999998579e+01 5.016129032258064768e+01 2.629519774011299305e+01 3.929729729729729826e+01 4.522110552763819413e+01 1.795009060111872756e+01 2.670788556491431720e+01 4.244526627218935033e+01 3.129504998780785030e+01 3.488973647711511461e+01 4.880000000000001137e+01 6.014285714285713169e+01 5.416666666666666430e+01 5.284375000000000711e+01 2.447612279704377514e+01 2.428992659053833947e+01 2.884638069705094665e+01 0.000000000000000000e+00 2.840851063829787293e+01 5.520000000000000995e+01 3.676512455516014199e+01 5.099999999999999289e+01 3.623975720789074018e+01 0.000000000000000000e+00 0.000000000000000000e+00 0.000000000000000000e+00 0.000000000000000000e+00 0.000000000000000000e+00 0.000000000000000000e+00 7.133333333333327175e+01 5.249999999999996447e+01 6.975000000000000000e+01 5.874999999999997158e+01 0.000000000000000000e+00 0.000000000000000000e+00 0.000000000000000000e+00 5.199999999999997158e+01 4.331249999999997868e+01 0.000000000000000000e+00 0.000000000000000000e+00 0.000000000000000000e+00 0.000000000000000000e+00 0.000000000000000000e+00 0.000000000000000000e+00 0.000000000000000000e+00 0.000000000000000000e+00 0.000000000000000000e+00 0.000000000000000000e+00 0.000000000000000000e+00 0.000000000000000000e+00 0.000000000000000000e+00 0.000000000000000000e+00 0.000000000000000000e+00 0.000000000000000000e+00 0.000000000000000000e+00 0.000000000000000000e+00 0.000000000000000000e+00 4.349999999999995026e+01 0.000000000000000000e+00 4.100000000000000000e+01 0.000000000000000000e+00 0.000000000000000000e+00 0.000000000000000000e+00 6.099999999999996447e+01 0.000000000000000000e+00 0.000000000000000000e+00
0.000000000000000000e+00 0.000000000000000000e+00 0.000000000000000000e+00 0.000000000000000000e+00 5.562499999999996447e+01 6.107142857142853387e+01 0.000000000000000000e+00 5.624999999999995737e+01 5.756250000000000711e+01 5.486666666666665293e+01 4.570454545454544615e+01 1.177684486211677672e+01 8.620963608405944001e+00 8.526146081592598236e+00 3.123999999999999488e+01 5.010526315789472562e+01 3.719230769230767919e+01 7.305882352941175384e+00 2.212500000000001066e+01 0.000000000000000000e+00 0.000000000000000000e+00 0.000000000000000000e+00 0.000000000000000000e+00 0.000000000000000000e+00 0.000000000000000000e+00 5.025000000000000711e+01 0.000000000000000000e+00 4.275000000000000000e+01 9.756635273972602107e+00 2.998913043478261287e+01 2.487499999999999289e+01 1.486158192090395502e+01 1.470930232558139572e+01 0.000000000000000000e+00 0.000000000000000000e+00 0.000000000000000000e+00 0.000000000000000000e+00 2.664285714285713524e+01 3.179741379310344840e+01 2.847101449275362484e+01 0.000000000000000000e+00 2.338888888888888573e+01 0.000000000000000000e+00 3.685714285714286831e+01 0.000000000000000000e+00 3.900000000000000000e+01 0.000000000000000000e+00 0.000000000000000000e+00 0.000000000000000000e+00 0.000000000000000000e+00 0.000000000000000000e+00 0.000000000000000000e+00 0.000000000000000000e+00 0.000000000000000000e+00 2.499999999999999289e+01 0.000000000000000000e+00 0.000000000000000000e+00 0.000000000000000000e+00 0.000000000000000000e+00 0.000000000000000000e+00 0.000000000000000000e+00 0.000000000000000000e+00 0.000000000000000000e+00 0.000000000000000000e+00 0.000000000000000000e+00 0.000000000000000000e+00 0.000000000000000000e+00 0.000000000000000000e+00 0.000000000000000000e+00 0.000000000000000000e+00 0.000000000000000000e+00 0.000000000000000000e+00 0.000000000000000000e+00 0.000000000000000000e+00 0.000000000000000000e+00 0.000000000000000000e+00 0.000000000000000000e+00 0.000000000000000000e+00 0.000000000000000000e+00 0.000000000000000000e+00 0.000000000000000000e+00 0.000000000000000000e+00 0.000000000000000000e+00 0.000000000000000000e+00 0.000000000000000000e+00 0.000000000000000000e+00 0.000000000000000000e+00 0.000000000000000000e+00 0.000000000000000000e+00
0.000000000000000000e+00 0.000000000000000000e+00 0.000000000000000000e+00 6.149999999999996447e+01 2.594298245614034215e+01 2.176388888888887863e+01 2.814285714285712103e+01 3.524273412271257655e+01 2.004500292226767044e+01 2.506671070013209146e+01 1.990953307392996052e+01 2.852014652014651830e+01 2.143233237350884579e+01 3.123999999999999488e+01 1.027954472928411533e+01 3.390476190476189089e+01 2.506603773584904715e+01 2.373228346456692961e+01 2.301477272727271739e+01 1.550980392156862386e+01 3.932335329341317021e+01 2.172727272727272307e+01 2.241271820448877961e+01 1.772619047619046739e+01 2.297505091649693654e+01 1.991516606642656839e+01 1.583858267716534840e+01 2.551971830985915446e+01 2.120246913580247039e+01 1.849000666222518419e+01 3.741635338345863460e+01 2.801112412177985789e+01 2.851680672268907557e+01 4.484375000000000000e+01 4.464346895074945820e+01 4.791379310344827047e+01 4.379999999999998295e+01 2.085917721518987022e+01 8.332991302648292020e+00 1.996478873239436780e+01 0.000000000000000000e+00 1.601957831325301029e+01 1.290671031096562693e+01 1.340748440748440728e+01 2.187999999999999190e+01 2.091194486983154022e+01 0.000000000000000000e+00 0.000000000000000000e+00 9.450000000000000000e+01 0.000000000000000000e+00 5.199999999999997158e+01 3.549999999999996447e+01 6.299999999999993605e+01 5.475000000000000000e+01 6.825000000000000000e+01 5.449999999999991473e+01 0.000000000000000000e+00 0.000000000000000000e+00 4.612499999999998579e+01 3.662499999999997158e+01 3.499999999999997158e+01 3.103703703703702388e+01 0.000000000000000000e+00 0.000000000000000000e+00 0.000000000000000000e+00 0.000000000000000000e+00 0.000000000000000000e+00 0.000000000000000000e+00 0.000000000000000000e+00 0.000000000000000000e+00 5.800000000000000711e+01 0.000000000000000000e+00 5.287499999999998579e+01 5.299999999999998579e+01 5.464285714285712459e+01 3.536538461538460609e+01 0.000000000000000000e+00 0.000000000000000000e+00 5.650000000000001421e+01 0.000000000000000000e+00 3.199999999999996447e+01 4.437499999999996447e+01 0.000000000000000000e+00 0.000000000000000000e+00 3.666666666666665009e+01 3.249999999999995737e+01 0.000000000000000000e+00 9.749999999999994316e+01 0.000000000000000000e+00
0.000000000000000000e+00 0.000000000000000000e+00 0.000000000000000000e+00 2.362499999999998579e+01 1.269999999999999574e+01 2.264312267657991740e+01 2.687499999999998934e+01 2.286099137931034520e+01 3.466131386861314212e+01 2.532262323943660931e+01 3.978209459459457520e+01 2.344802259887004681e+01 5.817105263157893802e+01 5.010526315789472562e+01 3.390476190476189089e+01 6.576824434600138325e+00 1.340148486579097309e+01 3.639011516314777595e+01 5.535154826958103058e+01 0.000000000000000000e+00 0.000000000000000000e+00 0.000000000000000000e+00 0.000000000000000000e+00 0.000000000000000000e+00 0.000000000000000000e+00 8.242857142857140218e+01 8.200000000000001421e+01 8.039999999999997726e+01 6.438235294117644969e+01 7.264634146341461474e+01 7.486666666666663161e+01 7.136697247706420910e+01 6.125495049504947076e+01 0.000000000000000000e+00 0.000000000000000000e+00 0.000000000000000000e+00 9.649999999999997158e+01 1.606677524429966297e+01 2.598297638660075393e+01 3.979365079365077662e+01 0.000000000000000000e+00 5.857142857142856229e+01 6.981249999999997158e+01 7.419999999999996021e+01 9.327788649706450386e+00 4.718181818181817277e+01 0.000000000000000000e+00 2.800000000000000711e+01 3.728571428571425628e+01 0.000000000000000000e+00 3.649999999999995737e+01 3.899999999999996447e+01 4.692592592592589540e+01 4.949999999999994316e+01 4.333333333333330017e+01 5.949999999999994316e+01 0.000000000000000000e+00 6.199999999999996447e+01 1.631578947368420529e+01 2.383333333333333215e+01 3.786170212765956222e+01 4.942982456140349257e+01 0.000000000000000000e+00 0.000000000000000000e+00 0.000000000000000000e+00 0.000000000000000000e+00 0.000000000000000000e+00 0.000000000000000000e+00 0.000000000000000000e+00 0.000000000000000000e+00 0.000000000000000000e+00 7.250000000000001421e+01 6.499999999999997158e+01 0.000000000000000000e+00 7.124999999999994316e+01 5.945833333333331439e+01 0.000000000000000000e+00 0.000000000000000000e+00 8.200000000000000000e+01 0.000000000000000000e+00 1.757142857142855163e+01 4.195161290322579362e+01 5.349999999999996447e+01 0.000000000000000000e+00 4.974999999999997158e+01 6.599999999999997158e+01 5.074999999999995737e+01 2.091666666666663588e+01 0.000000000000000000e+00
0.000000000000000000e+00 0.000000000000000000e+00 0.000000000000000000e+00 0.000000000000000000e+00 3.057692307692306599e+01 3.779629629629628340e+01 3.300000000000000711e+01 2.764999999999998437e+01 2.717937219730941578e+01 2.344943820224717967e+01 2.231791044776118937e+01 1.766067726330338061e+01 3.978571428571427759e+01 3.719230769230767919e+01 2.506603773584904715e+01 1.340148486579097309e+01 6.906938325991185401e+00 1.455254604550379049e+01 3.442813141683777900e+01 0.000000000000000000e+00 0.000000000000000000e+00 0.000000000000000000e+00 0.000000000000000000e+00 0.000000000000000000e+00 0.000000000000000000e+00 7.224999999999998579e+01 0.000000000000000000e+00 5.625000000000000711e+01 5.261538461538459188e+01 6.033333333333331439e+01 6.233333333333331439e+01 5.148058252427184556e+01 4.197826086956521863e+01 5.499999999999997158e+01 0.000000000000000000e+00 7.250000000000001421e+01 0.000000000000000000e+00 2.175568181818180946e+01 2.424296675191814998e+01 3.632692307692308020e+01 0.000000000000000000e+00 5.050000000000000000e+01 4.925000000000000000e+01 5.633333333333333570e+01 2.716666666666666785e+01 4.030555555555552871e+01 0.000000000000000000e+00 2.824999999999999289e+01 3.745454545454542483e+01 4.649999999999997158e+01 3.389999999999996305e+01 2.822499999999997655e+01 2.966399999999996240e+01 3.693939393939391636e+01 3.355555555555553582e+01 5.133333333333329307e+01 0.000000000000000000e+00 3.274999999999999289e+01 1.792424242424241854e+01 1.199999999999999289e+01 1.233802816901408050e+01 3.264705882352940591e+01 0.000000000000000000e+00 0.000000000000000000e+00 0.000000000000000000e+00 0.000000000000000000e+00 0.000000000000000000e+00 0.000000000000000000e+00 0.000000000000000000e+00 0.000000000000000000e+00 0.000000000000000000e+00 3.949999999999999289e+01 5.069999999999998863e+01 6.250000000000003553e+01 0.000000000000000000e+00 4.574999999999998579e+01 0.000000000000000000e+00 0.000000000000000000e+00 0.000000000000000000e+00 0.000000000000000000e+00 2.193999999999997641e+01 2.966233766233764513e+01 3.766666666666663588e+01 0.000000000000000000e+00 3.000000000000001066e+01 6.900000000000001421e+01 0.000000000000000000e+00 3.287500000000001421e+01 4.500000000000004263e+01
