0.000000000000000000e+00 0.000000000000000000e+00 0.000000000000000000e+00 0.000000000000000000e+00 0.000000000000000000e+00 0.000000000000000000e+00 0.000000000000000000e+00 0.000000000000000000e+00 0.000000000000000000e+00 0.000000000000000000e+00 0.000000000000000000e+00 0.000000000000000000e+00 0.000000000000000000e+00 0.000000000000000000e+00 0.000000000000000000e+00 0.000000000000000000e+00 0.000000000000000000e+00 0.000000000000000000e+00 0.000000000000000000e+00 0.000000000000000000e+00 0.000000000000000000e+00 0.000000000000000000e+00 0.000000000000000000e+00 0.000000000000000000e+00 0.000000000000000000e+00 0.000000000000000000e+00 0.000000000000000000e+00 0.000000000000000000e+00 0.000000000000000000e+00 0.000000000000000000e+00 0.000000000000000000e+00 0.000000000000000000e+00 0.000000000000000000e+00 0.000000000000000000e+00 0.000000000000000000e+00 0.000000000000000000e+00 0.000000000000000000e+00 0.000000000000000000e+00 0.000000000000000000e+00 0.000000000000000000e+00 0.000000000000000000e+00 0.000000000000000000e+00 0.000000000000000000e+00 0.000000000000000000e+00 0.000000000000000000e+00 0.000000000000000000e+00 0.000000000000000000e+00 0.000000000000000000e+00 0.000000000000000000e+00 0.000000000000000000e+00 0.000000000000000000e+00 0.000000000000000000e+00 0.000000000000000000e+00 0.000000000000000000e+00 0.000000000000000000e+00 0.000000000000000000e+00 0.000000000000000000e+00 0.000000000000000000e+00 0.000000000000000000e+00 0.000000000000000000e+00 0.000000000000000000e+00 0.000000000000000000e+00 0.000000000000000000e+00 0.000000000000000000e+00 0.000000000000000000e+00 0.000000000000000000e+00 0.000000000000000000e+00 0.000000000000000000e+00 0.000000000000000000e+00 0.000000000000000000e+00 0.000000000000000000e+00 0.000000000000000000e+00 0.000000000000000000e+00 0.000000000000000000e+00 0.000000000000000000e+00 0.000000000000000000e+00 0.000000000000000000e+00 0.000000000000000000e+00 0.000000000000000000e+00 0.000000000000000000e+00 0.000000000000000000e+00 0.000000000000000000e+00 0.000000000000000000e+00 0.000000000000000000e+00 0.000000000000000000e+00 0.000000000000000000e+00 0.000000000000000000e+00 0.000000000000000000e+00 0.000000000000000000e+00
0.000000000000000000e+00 0.000000000000000000e+00 0.000000000000000000e+00 0.000000000000000000e+00 0.000000000000000000e+00 0.000000000000000000e+00 0.000000000000000000e+00 0.000000000000000000e+00 0.000000000000000000e+00 0.000000000000000000e+00 0.000000000000000000e+00 0.000000000000000000e+00 0.000000000000000000e+00 0.000000000000000000e+00 0.000000000000000000e+00 0.000000000000000000e+00 0.000000000000000000e+00 0.000000000000000000e+00 0.000000000000000000e+00 0.000000000000000000e+00 0.000000000000000000e+00 0.000000000000000000e+00 0.000000000000000000e+00 0.000000000000000000e+00 0.000000000000000000e+00 0.000000000000000000e+00 0.000000000000000000e+00 0.000000000000000000e+00 0.000000000000000000e+00 0.000000000000000000e+00 0.000000000000000000e+00 0.000000000000000000e+00 0.000000000000000000e+00 0.000000000000000000e+00 0.000000000000000000e+00 0.000000000000000000e+00 0.000000000000000000e+00 0.000000000000000000e+00 0.000000000000000000e+00 0.000000000000000000e+00 0.000000000000000000e+00 0.000000000000000000e+00 0.000000000000000000e+00 0.000000000000000000e+00 0.000000000000000000e+00 0.000000000000000000e+00 0.000000000000000000e+00 0.000000000000000000e+00 0.000000000000000000e+00 0.000000000000000000e+00 0.000000000000000000e+00 0.000000000000000000e+00 0.000000000000000000e+00 0.000000000000000000e+00 0.000000000000000000e+00 0.000000000000000000e+00 0.000000000000000000e+00 0.000000000000000000e+00 0.000000000000000000e+00 0.000000000000000000e+00 0.000000000000000000e+00 0.000000000000000000e+00 0.000000000000000000e+00 0.000000000000000000e+00 0.000000000000000000e+00 0.000000000000000000e+00 0.000000000000000000e+00 0.000000000000000000e+00 0.000000000000000000e+00 0.000000000000000000e+00 0.000000000000000000e+00 0.000000000000000000e+00 0.000000000000000000e+00 0.000000000000000000e+00 0.000000000000000000e+00 0.000000000000000000e+00 0.000000000000000000e+00 0.000000000000000000e+00 0.000000000000000000e+00 0.000000000000000000e+00 0.000000000000000000e+00 0.000000000000000000e+00 0.000000000000000000e+00 0.000000000000000000e+00 0.000000000000000000e+00 0.000000000000000000e+00 0.000000000000000000e+00 0.000000000000000000e+00 0.000000000000000000e+00
0.000000000000000000e+00 0.000000000000000000e+00 0.000000000000000000e+00 0.000000000000000000e+00 0.000000000000000000e+00 0.000000000000000000e+00 0.000000000000000000e+00 0.000000000000000000e+00 0.000000000000000000e+00 0.000000000000000000e+00 0.000000000000000000e+00 0.000000000000000000e+00 0.000000000000000000e+00 0.000000000000000000e+00 0.000000000000000000e+00 0.000000000000000000e+00 0.000000000000000000e+00 0.000000000000000000e+00 0.000000000000000000e+00 0.000000000000000000e+00 0.000000000000000000e+00 0.000000000000000000e+00 0.000000000000000000e+00 0.000000000000000000e+00 0.000000000000000000e+00 0.000000000000000000e+00 0.000000000000000000e+00 0.000000000000000000e+00 0.000000000000000000e+00 0.000000000000000000e+00 0.000000000000000000e+00 0.000000000000000000e+00 0.000000000000000000e+00 0.000000000000000000e+00 0.000000000000000000e+00 0.000000000000000000e+00 0.000000000000000000e+00 0.000000000000000000e+00 0.000000000000000000e+00 0.000000000000000000e+00 0.000000000000000000e+00 0.000000000000000000e+00 0.000000000000000000e+00 0.000000000000000000e+00 0.000000000000000000e+00 0.000000000000000000e+00 0.000000000000000000e+00 0.000000000000000000e+00 0.000000000000000000e+00 0.000000000000000000e+00 0.000000000000000000e+00 0.000000000000000000e+00 0.000000000000000000e+00 0.000000000000000000e+00 0.000000000000000000e+00 0.000000000000000000e+00 0.000000000000000000e+00 0.000000000000000000e+00 0.000000000000000000e+00 0.000000000000000000e+00 0.000000000000000000e+00 0.000000000000000000e+00 0.000000000000000000e+00 0.000000000000000000e+00 0.000000000000000000e+00 0.000000000000000000e+00 0.000000000000000000e+00 0.000000000000000000e+00 0.000000000000000000e+00 0.000000000000000000e+00 0.000000000000000000e+00 0.000000000000000000e+00 0.000000000000000000e+00 0.000000000000000000e+00 0.000000000000000000e+00 0.000000000000000000e+00 0.000000000000000000e+00 0.000000000000000000e+00 0.000000000000000000e+00 0.000000000000000000e+00 0.000000000000000000e+00 0.000000000000000000e+00 0.000000000000000000e+00 0.000000000000000000e+00 0.000000000000000000e+00 0.000000000000000000e+00 0.000000000000000000e+00 0.000000000000000000e+00 0.000000000000000000e+00
0.000000000000000000e+00 0.000000000000000000e+00 0.000000000000000000e+00 5.890000000000000000e+02 1.426000000000000000e+03 1.022000000000000000e+03 2.000000000000000000e+00 1.100000000000000000e+01 3.000000000000000000e+00 3.480000000000000000e+02 1.000000000000000000e+00 1.324000000000000000e+03 0.000000000000000000e+00 0.000000000000000000e+00 1.000000000000000000e+00 7.000000000000000000e+00 0.000000000000000000e+00 0.000000000000000000e+00 0.000000000000000000e+00 0.000000000000000000e+00 0.000000000000000000e+00 0.000000000000000000e+00 0.000000000000000000e+00 0.000000000000000000e+00 0.000000000000000000e+00 0.000000000000000000e+00 0.000000000000000000e+00 0.000000000000000000e+00 0.000000000000000000e+00 0.000000000000000000e+00 0.000000000000000000e+00 1.000000000000000000e+00 0.000000000000000000e+00 0.000000000000000000e+00 0.000000000000000000e+00 0.000000000000000000e+00 0.000000000000000000e+00 2.200000000000000000e+01 3.900000000000000000e+01 0.000000000000000000e+00 0.000000000000000000e+00 0.000000000000000000e+00 0.000000000000000000e+00 0.000000000000000000e+00 1.000000000000000000e+00 0.000000000000000000e+00 0.000000000000000000e+00 0.000000000000000000e+00 0.000000000000000000e+00 0.000000000000000000e+00 0.000000000000000000e+00 0.000000000000000000e+00 0.000000000000000000e+00 0.000000000000000000e+00 0.000000000000000000e+00 0.000000000000000000e+00 0.000000000000000000e+00 0.000000000000000000e+00 0.000000000000000000e+00 0.000000000000000000e+00 0.000000000000000000e+00 0.000000000000000000e+00 0.000000000000000000e+00 0.000000000000000000e+00 0.000000000000000000e+00 0.000000000000000000e+00 0.000000000000000000e+00 0.000000000000000000e+00 0.000000000000000000e+00 0.000000000000000000e+00 0.000000000000000000e+00 0.000000000000000000e+00 0.000000000000000000e+00 0.000000000000000000e+00 0.000000000000000000e+00 0.000000000000000000e+00 0.000000000000000000e+00 0.000000000000000000e+00 0.000000000000000000e+00 0.000000000000000000e+00 0.000000000000000000e+00 0.000000000000000000e+00 0.000000000000000000e+00 0.000000000000000000e+00 0.000000000000000000e+00 0.000000000000000000e+00 0.000000000000000000e+00 0.000000000000000000e+00 0.000000000000000000e+00
0.000000000000000000e+00 0.000000000000000000e+00 0.000000000000000000e+00 1.426000000000000000e+03 1.450200000000000000e+04 1.294600000000000000e+04 2.800000000000000000e+01 1.920000000000000000e+02 5.000000000000000000e+01 1.932000000000000000e+03 4.900000000000000000e+01 2.002000000000000000e+03 1.300000000000000000e+01 2.000000000000000000e+00 7.000000000000000000e+01 9.310000000000000000e+02 1.020000000000000000e+02 1.310000000000000000e+02 1.270000000000000000e+02 0.000000000000000000e+00 1.000000000000000000e+00 1.000000000000000000e+00 0.000000000000000000e+00 0.000000000000000000e+00 0.000000000000000000e+00 1.000000000000000000e+00 3.000000000000000000e+00 0.000000000000000000e+00 3.000000000000000000e+00 1.700000000000000000e+01 1.000000000000000000e+00 2.000000000000000000e+01 3.000000000000000000e+01 0.000000000000000000e+00 0.000000000000000000e+00 0.000000000000000000e+00 0.000000000000000000e+00 2.608000000000000000e+03 1.691000000000000000e+03 2.700000000000000000e+01 0.000000000000000000e+00 1.000000000000000000e+00 2.000000000000000000e+00 8.000000000000000000e+00 1.805000000000000000e+03 3.000000000000000000e+01 0.000000000000000000e+00 0.000000000000000000e+00 1.000000000000000000e+00 0.000000000000000000e+00 1.000000000000000000e+00 0.000000000000000000e+00 8.000000000000000000e+00 1.000000000000000000e+00 1.000000000000000000e+00 2.000000000000000000e+00 0.000000000000000000e+00 0.000000000000000000e+00 8.000000000000000000e+00 2.000000000000000000e+00 2.000000000000000000e+00 2.000000000000000000e+00 0.000000000000000000e+00 0.000000000000000000e+00 0.000000000000000000e+00 0.000000000000000000e+00 0.000000000000000000e+00 0.000000000000000000e+00 0.000000000000000000e+00 0.000000000000000000e+00 0.000000000000000000e+00 1.000000000000000000e+00 1.000000000000000000e+00 0.000000000000000000e+00 0.000000000000000000e+00 1.000000000000000000e+00 0.000000000000000000e+00 0.000000000000000000e+00 0.000000000000000000e+00 0.000000000000000000e+00 1.100000000000000000e+01 5.000000000000000000e+00 0.000000000000000000e+00 0.000000000000000000e+00 0.000000000000000000e+00 0.000000000000000000e+00 1.000000000000000000e+00 4.000000000000000000e+00 1.000000000000000000e+00
0.000000000000000000e+00 0.000000000000000000e+00 0.000000000000000000e+00 1.022000000000000000e+03 1.294600000000000000e+04 2.334200000000000000e+04 3.314000000000000000e+03 4.329000000000000000e+03 2.550000000000000000e+02 7.607000000000000000e+03 1.200000000000000000e+02 2.126000000000000000e+03 2.800000000000000000e+01 1.000000000000000000e+00 4.590000000000000000e+02 7.030000000000000000e+02 1.120000000000000000e+02 4.500000000000000000e+01 4.000000000000000000e+01 0.000000000000000000e+00 4.000000000000000000e+00 0.000000000000000000e+00 7.000000000000000000e+00 3.000000000000000000e+00 8.000000000000000000e+00 1.100000000000000000e+01 5.000000000000000000e+00 4.000000000000000000e+00 7.000000000000000000e+00 1.300000000000000000e+01 3.000000000000000000e+00 1.400000000000000000e+01 6.000000000000000000e+00 0.000000000000000000e+00 0.000000000000000000e+00 0.000000000000000000e+00 0.000000000000000000e+00 2.650000000000000000e+03 6.777000000000000000e+03 5.200000000000000000e+01 0.000000000000000000e+00 6.000000000000000000e+00 4.000000000000000000e+00 3.600000000000000000e+01 2.520000000000000000e+02 2.000000000000000000e+01 0.000000000000000000e+00 4.000000000000000000e+00 5.000000000000000000e+00 0.000000000000000000e+00 2.000000000000000000e+00 1.000000000000000000e+00 1.800000000000000000e+01 3.000000000000000000e+00 1.600000000000000000e+01 1.000000000000000000e+00 0.000000000000000000e+00 1.000000000000000000e+00 3.000000000000000000e+01 9.000000000000000000e+00 2.000000000000000000e+00 3.000000000000000000e+00 0.000000000000000000e+00 0.000000000000000000e+00 0.000000000000000000e+00 0.000000000000000000e+00 0.000000000000000000e+00 0.000000000000000000e+00 0.000000000000000000e+00 0.000000000000000000e+00 0.000000000000000000e+00 0.000000000000000000e+00 0.000000000000000000e+00 1.000000000000000000e+00 0.000000000000000000e+00 1.000000000000000000e+00 0.000000000000000000e+00 0.000000000000000000e+00 0.000000000000000000e+00 0.000000000000000000e+00 1.600000000000000000e+01 1.100000000000000000e+01 1.000000000000000000e+00 0.000000000000000000e+00 1.000000000000000000e+00 0.000000000000000000e+00 0.000000000000000000e+00 7.000000000000000000e+00 0.000000000000000000e+00
0.000000000000000000e+00 0.000000000000000000e+00 0.000000000000000000e+00 2.000000000000000000e+00 2.800000000000000000e+01 3.314000000000000000e+03 6.156000000000000000e+03 4.620000000000000000e+03 5.300000000000000000e+01 2.280000000000000000e+03 8.000000000000000000e+00 8.300000000000000000e+01 1.000000000000000000e+00 0.000000000000000000e+00 1.200000000000000000e+01 8.000000000000000000e+00 2.000000000000000000e+00 1.000000000000000000e+00 0.000000000000000000e+00 0.000000000000000000e+00 0.000000000000000000e+00 0.000000000000000000e+00 0.000000000000000000e+00 0.000000000000000000e+00 0.000000000000000000e+00 0.000000000000000000e+00 0.000000000000000000e+00 0.000000000000000000e+00 0.000000000000000000e+00 0.000000000000000000e+00 0.000000000000000000e+00 1.000000000000000000e+00 0.000000000000000000e+00 0.000000000000000000e+00 0.000000000000000000e+00 0.000000000000000000e+00 0.000000000000000000e+00 1.900000000000000000e+01 1.220000000000000000e+02 3.000000000000000000e+00 0.000000000000000000e+00 1.000000000000000000e+00 0.000000000000000000e+00 0.000000000000000000e+00 1.000000000000000000e+00 1.000000000000000000e+00 0.000000000000000000e+00 0.000000000000000000e+00 0.000000000000000000e+00 0.000000000000000000e+00 0.000000000000000000e+00 0.000000000000000000e+00 0.000000000000000000e+00 0.000000000000000000e+00 0.000000000000000000e+00 0.000000000000000000e+00 0.000000000000000000e+00 0.000000000000000000e+00 1.000000000000000000e+00 0.000000000000000000e+00 0.000000000000000000e+00 0.000000000000000000e+00 0.000000000000000000e+00 0.000000000000000000e+00 0.000000000000000000e+00 0.000000000000000000e+00 0.000000000000000000e+00 0.000000000000000000e+00 0.000000000000000000e+00 0.000000000000000000e+00 0.000000000000000000e+00 0.000000000000000000e+00 0.000000000000000000e+00 0.000000000000000000e+00 0.000000000000000000e+00 0.000000000000000000e+00 0.000000000000000000e+00 0.000000000000000000e+00 0.000000000000000000e+00 0.000000000000000000e+00 0.000000000000000000e+00 0.000000000000000000e+00 0.000000000000000000e+00 0.000000000000000000e+00 0.000000000000000000e+00 0.000000000000000000e+00 0.000000000000000000e+00 0.000000000000000000e+00 0.000000000000000000e+00
0.000000000000000000e+00 0.000000000000000000e+00 0.000000000000000000e+00 1.100000000000000000e+01 1.920000000000000000e+02 4.329000000000000000e+03 4.620000000000000000e+03 1.032200000000000000e+04 4.175000000000000000e+03 5.531000000000000000e+03 4.100000000000000000e+01 8.890000000000000000e+02 6.300000000000000000e+01 0.000000000000000000e+00 3.900000000000000000e+02 2.680000000000000000e+02 5.900000000000000000e+01 1.600000000000000000e+01 1.500000000000000000e+01 0.000000000000000000e+00 0.000000000000000000e+00 0.000000000000000000e+00 1.000000000000000000e+00 1.000000000000000000e+00 3.000000000000000000e+00 4.000000000000000000e+00 1.000000000000000000e+00 1.000000000000000000e+00 4.400000000000000000e+01 2.500000000000000000e+01 3.000000000000000000e+00 7.000000000000000000e+00 1.000000000000000000e+00 0.000000000000000000e+00 1.000000000000000000e+00 0.000000000000000000e+00 0.000000000000000000e+00 1.480000000000000000e+02 6.790000000000000000e+02 2.300000000000000000e+01 0.000000000000000000e+00 4.000000000000000000e+00 1.000000000000000000e+00 3.000000000000000000e+00 1.400000000000000000e+01 1.300000000000000000e+01 0.000000000000000000e+00 0.000000000000000000e+00 2.000000000000000000e+00 0.000000000000000000e+00 2.000000000000000000e+00 1.000000000000000000e+00 1.300000000000000000e+01 0.000000000000000000e+00 6.000000000000000000e+00 0.000000000000000000e+00 0.000000000000000000e+00 0.000000000000000000e+00 7.000000000000000000e+00 1.000000000000000000e+00 0.000000000000000000e+00 1.000000000000000000e+00 0.000000000000000000e+00 0.000000000000000000e+00 0.000000000000000000e+00 0.000000000000000000e+00 0.000000000000000000e+00 0.000000000000000000e+00 0.000000000000000000e+00 0.000000000000000000e+00 0.000000000000000000e+00 0.000000000000000000e+00 0.000000000000000000e+00 0.000000000000000000e+00 0.000000000000000000e+00 0.000000000000000000e+00 0.000000000000000000e+00 0.000000000000000000e+00 0.000000000000000000e+00 0.000000000000000000e+00 8.000000000000000000e+00 6.000000000000000000e+00 0.000000000000000000e+00 0.000000000000000000e+00 0.000000000000000000e+00 0.000000000000000000e+00 0.000000000000000000e+00 1.000000000000000000e+00 0.000000000000000000e+00
0.000000000000000000e+00 0.000000000000000000e+00 0.000000000000000000e+00 3.000000000000000000e+00 5.000000000000000000e+01 2.550000000000000000e+02 5.300000000000000000e+01 4.175000000000000000e+03 1.722800000000000000e+04 2.986000000000000000e+03 3.670000000000000000e+02 7.840000000000000000e+02 2.623000000000000000e+03 3.000000000000000000e+00 1.156000000000000000e+03 2.750000000000000000e+02 2.150000000000000000e+02 9.000000000000000000e+00 9.000000000000000000e+00 0.000000000000000000e+00 1.000000000000000000e+00 1.000000000000000000e+00 0.000000000000000000e+00 0.000000000000000000e+00 0.000000000000000000e+00 1.000000000000000000e+00 4.000000000000000000e+00 5.000000000000000000e+00 2.380000000000000000e+02 7.030000000000000000e+02 3.000000000000000000e+00 2.300000000000000000e+01 1.300000000000000000e+01 1.000000000000000000e+00 3.000000000000000000e+00 2.000000000000000000e+00 5.000000000000000000e+00 1.543000000000000000e+03 2.707000000000000000e+03 6.800000000000000000e+01 0.000000000000000000e+00 7.000000000000000000e+00 1.000000000000000000e+00 4.000000000000000000e+00 1.000000000000000000e+01 5.000000000000000000e+01 0.000000000000000000e+00 3.000000000000000000e+00 6.000000000000000000e+00 0.000000000000000000e+00 1.000000000000000000e+00 2.000000000000000000e+00 1.900000000000000000e+01 4.000000000000000000e+00 1.300000000000000000e+01 2.000000000000000000e+00 0.000000000000000000e+00 0.000000000000000000e+00 4.000000000000000000e+00 8.000000000000000000e+00 1.000000000000000000e+00 1.000000000000000000e+00 0.000000000000000000e+00 0.000000000000000000e+00 0.000000000000000000e+00 0.000000000000000000e+00 0.000000000000000000e+00 0.000000000000000000e+00 0.000000000000000000e+00 0.000000000000000000e+00 0.000000000000000000e+00 0.000000000000000000e+00 0.000000000000000000e+00 0.000000000000000000e+00 0.000000000000000000e+00 1.000000000000000000e+00 0.000000000000000000e+00 0.000000000000000000e+00 0.000000000000000000e+00 0.000000000000000000e+00 1.200000000000000000e+01 1.800000000000000000e+01 0.000000000000000000e+00 0.000000000000000000e+00 0.000000000000000000e+00 0.000000000000000000e+00 0.000000000000000000e+00 1.000000000000000000e+00 0.000000000000000000e+00
0.000000000000000000e+00 0.000000000000000000e+00 0.000000000000000000e+00 3.480000000000000000e+02 1.932000000000000000e+03 7.607000000000000000e+03 2.280000000000000000e+03 5.531000000000000000e+03 2.986000000000000000e+03 6.071100000000000000e+04 5.326000000000000000e+03 1.862200000000000000e+04 3.670000000000000000e+02 4.200000000000000000e+01 1.747000000000000000e+03 1.591000000000000000e+03 1.022000000000000000e+03 1.410000000000000000e+02 9.600000000000000000e+01 0.000000000000000000e+00 2.000000000000000000e+00 1.000000000000000000e+00 2.000000000000000000e+00 0.000000000000000000e+00 2.000000000000000000e+00 1.000000000000000000e+01 6.000000000000000000e+00 6.000000000000000000e+00 1.270000000000000000e+02 1.260000000000000000e+02 1.000000000000000000e+01 2.490000000000000000e+02 5.400000000000000000e+01 0.000000000000000000e+00 3.000000000000000000e+00 0.000000000000000000e+00 4.000000000000000000e+00 3.434000000000000000e+03 9.684000000000000000e+03 3.450000000000000000e+02 0.000000000000000000e+00 5.100000000000000000e+01 4.000000000000000000e+00 3.100000000000000000e+01 9.800000000000000000e+01 1.500000000000000000e+02 0.000000000000000000e+00 3.000000000000000000e+00 9.000000000000000000e+00 2.000000000000000000e+00 8.000000000000000000e+00 9.000000000000000000e+00 5.400000000000000000e+01 1.000000000000000000e+01 4.100000000000000000e+01 2.000000000000000000e+00 0.000000000000000000e+00 1.000000000000000000e+00 2.600000000000000000e+01 3.000000000000000000e+01 7.000000000000000000e+00 8.000000000000000000e+00 0.000000000000000000e+00 0.000000000000000000e+00 0.000000000000000000e+00 0.000000000000000000e+00 0.000000000000000000e+00 0.000000000000000000e+00 0.000000000000000000e+00 0.000000000000000000e+00 0.000000000000000000e+00 0.000000000000000000e+00 0.000000000000000000e+00 1.000000000000000000e+00 1.000000000000000000e+00 1.000000000000000000e+00 0.000000000000000000e+00 0.000000000000000000e+00 0.000000000000000000e+00 0.000000000000000000e+00 2.700000000000000000e+01 2.500000000000000000e+01 1.000000000000000000e+00 0.000000000000000000e+00 3.000000000000000000e+00 2.000000000000000000e+00 0.000000000000000000e+00 4.000000000000000000e+00 1.000000000000000000e+00
0.000000000000000000e+00 0.000000000000000000e+00 0.000000000000000000e+00 1.000000000000000000e+00 4.900000000000000000e+01 1.200000000000000000e+02 8.000000000000000000e+00 4.100000000000000000e+01 3.670000000000000000e+02 5.326000000000000000e+03 2.426800000000000000e+04 5.520000000000000000e+03 3.175000000000000000e+03 4.600000000000000000e+01 7.380000000000000000e+02 2.140000000000000000e+02 4.190000000000000000e+02 2.230000000000000000e+02 1.600000000000000000e+02 0.000000000000000000e+00 7.700000000000000000e+01 1.600000000000000000e+01 8.000000000000000000e+00 7.000000000000000000e+00 2.200000000000000000e+01 6.600000000000000000e+01 7.000000000000000000e+00 4.600000000000000000e+01 4.020000000000000000e+02 1.164000000000000000e+03 5.270000000000000000e+02 3.219000000000000000e+03 1.378000000000000000e+03 2.580000000000000000e+02 4.010000000000000000e+02 9.100000000000000000e+01 2.120000000000000000e+02 1.399000000000000000e+03 2.738000000000000000e+03 3.860000000000000000e+02 0.000000000000000000e+00 6.400000000000000000e+01 6.200000000000000000e+01 4.700000000000000000e+01 7.000000000000000000e+00 3.010000000000000000e+02 0.000000000000000000e+00 1.000000000000000000e+00 2.000000000000000000e+00 1.000000000000000000e+00 1.000000000000000000e+00 5.000000000000000000e+00 2.700000000000000000e+01 2.600000000000000000e+01 2.200000000000000000e+01 1.800000000000000000e+01 1.000000000000000000e+00 0.000000000000000000e+00 5.000000000000000000e+00 3.100000000000000000e+01 1.500000000000000000e+01 6.000000000000000000e+00 0.000000000000000000e+00 0.000000000000000000e+00 0.000000000000000000e+00 0.000000000000000000e+00 0.000000000000000000e+00 0.000000000000000000e+00 0.000000000000000000e+00 0.000000000000000000e+00 0.000000000000000000e+00 1.000000000000000000e+00 0.000000000000000000e+00 0.000000000000000000e+00 2.000000000000000000e+00 0.000000000000000000e+00 0.000000000000000000e+00 0.000000000000000000e+00 0.000000000000000000e+00 0.000000000000000000e+00 1.900000000000000000e+01 1.700000000000000000e+01 2.000000000000000000e+00 0.000000000000000000e+00 2.000000000000000000e+00 0.000000000000000000e+00 0.000000000000000000e+00 0.000000000000000000e+00 1.000000000000000000e+00
0.000000000000000000e+00 0.000000000000000000e+00 0.000000000000000000e+00 1.324000000000000000e+03 2.002000000000000000e+03 2.126000000000000000e+03 8.300000000000000000e+01 8.890000000000000000e+02 7.840000000000000000e+02 1.862200000000000000e+04 5.520000000000000000e+03 1.071740000000000000e+05 4.737000000000000000e+03 5.168000000000000000e+03 5.230000000000000000e+02 2.838000000000000000e+03 2.786000000000000000e+03 2.008000000000000000e+03 6.980000000000000000e+02 2.000000000000000000e+00 5.000000000000000000e+00 3.000000000000000000e+00 2.000000000000000000e+00 3.000000000000000000e+00 6.000000000000000000e+00 3.000000000000000000e+01 3.000000000000000000e+00 2.000000000000000000e+01 1.573000000000000000e+03 7.470000000000000000e+02 9.600000000000000000e+01 1.922000000000000000e+03 7.620000000000000000e+02 9.000000000000000000e+00 3.200000000000000000e+01 9.000000000000000000e+00 4.000000000000000000e+01 2.669000000000000000e+03 4.863000000000000000e+03 7.700000000000000000e+02 0.000000000000000000e+00 2.490000000000000000e+02 2.200000000000000000e+01 1.160000000000000000e+02 6.100000000000000000e+01 5.790000000000000000e+02 0.000000000000000000e+00 5.000000000000000000e+00 1.100000000000000000e+01 4.000000000000000000e+00 5.000000000000000000e+00 1.200000000000000000e+01 8.400000000000000000e+01 5.700000000000000000e+01 2.180000000000000000e+02 1.800000000000000000e+01 1.500000000000000000e+01 5.000000000000000000e+00 3.700000000000000000e+01 5.000000000000000000e+01 1.020000000000000000e+02 1.600000000000000000e+01 0.000000000000000000e+00 0.000000000000000000e+00 0.000000000000000000e+00 0.000000000000000000e+00 0.000000000000000000e+00 0.000000000000000000e+00 0.000000000000000000e+00 0.000000000000000000e+00 0.000000000000000000e+00 1.000000000000000000e+00 1.000000000000000000e+00 0.000000000000000000e+00 4.000000000000000000e+00 2.000000000000000000e+00 0.000000000000000000e+00 0.000000000000000000e+00 1.000000000000000000e+00 0.000000000000000000e+00 3.300000000000000000e+01 6.200000000000000000e+01 2.000000000000000000e+00 0.000000000000000000e+00 4.000000000000000000e+00 0.000000000000000000e+00 1.000000000000000000e+00 2.000000000000000000e+00 1.000000000000000000e+00
0.000000000000000000e+00 0.000000000000000000e+00 0.000000000000000000e+00 0.000000000000000000e+00 1.300000000000000000e+01 2.800000000000000000e+01 1.000000000000000000e+00 6.300000000000000000e+01 2.623000000000000000e+03 3.670000000000000000e+02 3.175000000000000000e+03 4.737000000000000000e+03 4.667600000000000000e+04 9.848000000000000000e+03 2.345000000000000000e+03 1.170000000000000000e+02 1.170000000000000000e+02 1.112000000000000000e+03 3.890000000000000000e+02 2.000000000000000000e+00 6.600000000000000000e+01 6.000000000000000000e+00 1.600000000000000000e+01 1.000000000000000000e+01 3.600000000000000000e+01 4.640000000000000000e+02 3.600000000000000000e+01 1.200000000000000000e+02 1.082800000000000000e+04 6.490000000000000000e+03 5.140000000000000000e+02 3.734000000000000000e+03 9.060000000000000000e+02 1.080000000000000000e+02 2.640000000000000000e+02 8.200000000000000000e+01 2.100000000000000000e+02 1.723000000000000000e+03 8.924000000000000000e+03 1.532000000000000000e+03 0.000000000000000000e+00 6.340000000000000000e+02 9.800000000000000000e+01 3.260000000000000000e+02 4.000000000000000000e+00 5.710000000000000000e+02 0.000000000000000000e+00 1.000000000000000000e+00 0.000000000000000000e+00 0.000000000000000000e+00 0.000000000000000000e+00 0.000000000000000000e+00 1.000000000000000000e+01 1.700000000000000000e+01 1.600000000000000000e+01 2.700000000000000000e+01 0.000000000000000000e+00 1.000000000000000000e+00 0.000000000000000000e+00 6.000000000000000000e+00 2.200000000000000000e+01 0.000000000000000000e+00 0.000000000000000000e+00 0.000000000000000000e+00 0.000000000000000000e+00 0.000000000000000000e+00 0.000000000000000000e+00 0.000000000000000000e+00 0.000000000000000000e+00 0.000000000000000000e+00 0.000000000000000000e+00 1.000000000000000000e+00 0.000000000000000000e+00 0.000000000000000000e+00 0.000000000000000000e+00 1.000000000000000000e+00 0.000000000000000000e+00 0.000000000000000000e+00 0.000000000000000000e+00 0.000000000000000000e+00 8.000000000000000000e+00 9.000000000000000000e+00 1.000000000000000000e+00 0.000000000000000000e+00 3.000000000000000000e+00 0.000000000000000000e+00 2.000000000000000000e+00 0.000000000000000000e+00 0.000000000000000000e+00
0.000000000000000000e+00 0.000000000000000000e+00 0.000000000000000000e+00 0.000000000000000000e+00 2.000000000000000000e+00 1.000000000000000000e+00 0.000000000000000000e+00 0.000000000000000000e+00 3.000000000000000000e+00 4.200000000000000000e+01 4.600000000000000000e+01 5.168000000000000000e+03 9.848000000000000000e+03 7.235000000000000000e+03 1.300000000000000000e+01 1.100000000000000000e+01 1.900000000000000000e+01 2.010000000000000000e+02 5.000000000000000000e+01 0.000000000000000000e+00 1.000000000000000000e+00 0.000000000000000000e+00 0.000000000000000000e+00 0.000000000000000000e+00 0.000000000000000000e+00 3.000000000000000000e+00 1.000000000000000000e+00 0.000000000000000000e+00 6.422000000000000000e+03 1.800000000000000000e+02 5.000000000000000000e+00 3.220000000000000000e+02 1.860000000000000000e+02 2.000000000000000000e+00 0.000000000000000000e+00 0.000000000000000000e+00 0.000000000000000000e+00 3.300000000000000000e+01 5.100000000000000000e+01 1.100000000000000000e+01 0.000000000000000000e+00 1.200000000000000000e+01 6.000000000000000000e+00 4.000000000000000000e+00 0.000000000000000000e+00 1.200000000000000000e+01 0.000000000000000000e+00 0.000000000000000000e+00 0.000000000000000000e+00 0.000000000000000000e+00 0.000000000000000000e+00 0.000000000000000000e+00 0.000000000000000000e+00 0.000000000000000000e+00 0.000000000000000000e+00 0.000000000000000000e+00 0.000000000000000000e+00 0.000000000000000000e+00 0.000000000000000000e+00 0.000000000000000000e+00 2.000000000000000000e+00 3.000000000000000000e+00 0.000000000000000000e+00 0.000000000000000000e+00 0.000000000000000000e+00 0.000000000000000000e+00 0.000000000000000000e+00 0.000000000000000000e+00 0.000000000000000000e+00 0.000000000000000000e+00 0.000000000000000000e+00 0.000000000000000000e+00 0.000000000000000000e+00 0.000000000000000000e+00 0.000000000000000000e+00 0.000000000000000000e+00 0.000000000000000000e+00 0.000000000000000000e+00 0.000000000000000000e+00 0.000000000000000000e+00 0.000000000000000000e+00 0.000000000000000000e+00 0.000000000000000000e+00 0.000000000000000000e+00 0.000000000000000000e+00 0.000000000000000000e+00 0.000000000000000000e+00 0.000000000000000000e+00 0.000000000000000000e+00
0.000000000000000000e+00 0.000000000000000000e+00 0.000000000000000000e+00 1.000000000000000000e+00 7.000000000000000000e+01 4.590000000000000000e+02 1.200000000000000000e+01 3.900000000000000000e+02 1.156000000000000000e+03 1.747000000000000000e+03 7.380000000000000000e+02 5.230000000000000000e+02 2.345000000000000000e+03 1.300000000000000000e+01 9.775000000000000000e+03 1.480000000000000000e+02 1.080000000000000000e+02 1.680000000000000000e+02 4.310000000000000000e+02 6.400000000000000000e+01 4.860000000000000000e+02 1.900000000000000000e+01 5.370000000000000000e+02 5.220000000000000000e+02 1.145000000000000000e+03 2.866000000000000000e+03 1.330000000000000000e+03 5.790000000000000000e+02 1.620000000000000000e+03 1.162000000000000000e+03 7.070000000000000000e+02 2.017000000000000000e+03 3.610000000000000000e+02 5.200000000000000000e+01 3.690000000000000000e+02 2.700000000000000000e+01 1.230000000000000000e+02 3.910000000000000000e+02 1.045900000000000000e+04 2.310000000000000000e+02 0.000000000000000000e+00 1.264000000000000000e+03 1.245000000000000000e+03 9.840000000000000000e+02 1.500000000000000000e+01 7.390000000000000000e+02 0.000000000000000000e+00 0.000000000000000000e+00 3.000000000000000000e+00 1.000000000000000000e+00 0.000000000000000000e+00 1.000000000000000000e+00 1.500000000000000000e+01 3.200000000000000000e+01 2.200000000000000000e+01 2.200000000000000000e+01 0.000000000000000000e+00 1.000000000000000000e+00 5.000000000000000000e+00 7.000000000000000000e+00 6.000000000000000000e+00 2.300000000000000000e+01 0.000000000000000000e+00 0.000000000000000000e+00 0.000000000000000000e+00 0.000000000000000000e+00 0.000000000000000000e+00 0.000000000000000000e+00 0.000000000000000000e+00 0.000000000000000000e+00 0.000000000000000000e+00 0.000000000000000000e+00 4.000000000000000000e+00 1.000000000000000000e+00 5.000000000000000000e+00 5.000000000000000000e+00 0.000000000000000000e+00 0.000000000000000000e+00 0.000000000000000000e+00 1.000000000000000000e+00 7.000000000000000000e+00 2.300000000000000000e+01 3.000000000000000000e+00 0.000000000000000000e+00 2.400000000000000000e+01 2.000000000000000000e+00 0.000000000000000000e+00 1.000000000000000000e+00 0.000000000000000000e+00
0.000000000000000000e+00 0.000000000000000000e+00 0.000000000000000000e+00 7.000000000000000000e+00 9.310000000000000000e+02 7.030000000000000000e+02 8.000000000000000000e+00 2.680000000000000000e+02 2.750000000000000000e+02 1.591000000000000000e+03 2.140000000000000000e+02 2.838000000000000000e+03 1.170000000000000000e+02 1.100000000000000000e+01 1.480000000000000000e+02 4.733000000000000000e+03 2.676000000000000000e+03 2.681000000000000000e+03 1.958000000000000000e+03 0.000000000000000000e+00 0.000000000000000000e+00 2.000000000000000000e+00 3.000000000000000000e+00 0.000000000000000000e+00 4.000000000000000000e+00 1.700000000000000000e+01 0.000000000000000000e+00 9.000000000000000000e+00 4.600000000000000000e+01 2.030000000000000000e+02 1.600000000000000000e+01 4.290000000000000000e+02 5.260000000000000000e+02 1.000000000000000000e+00 5.000000000000000000e+00 2.000000000000000000e+00 7.000000000000000000e+00 1.235000000000000000e+03 2.412000000000000000e+03 6.200000000000000000e+01 0.000000000000000000e+00 2.100000000000000000e+01 2.500000000000000000e+01 1.200000000000000000e+01 5.530000000000000000e+02 4.800000000000000000e+01 0.000000000000000000e+00 9.000000000000000000e+00 2.700000000000000000e+01 1.000000000000000000e+00 5.000000000000000000e+00 3.000000000000000000e+00 7.400000000000000000e+01 2.000000000000000000e+01 4.400000000000000000e+01 9.000000000000000000e+00 2.000000000000000000e+00 2.000000000000000000e+00 6.000000000000000000e+01 3.900000000000000000e+01 5.800000000000000000e+01 3.000000000000000000e+01 0.000000000000000000e+00 0.000000000000000000e+00 0.000000000000000000e+00 0.000000000000000000e+00 0.000000000000000000e+00 0.000000000000000000e+00 0.000000000000000000e+00 0.000000000000000000e+00 0.000000000000000000e+00 4.000000000000000000e+00 1.000000000000000000e+00 0.000000000000000000e+00 1.000000000000000000e+00 4.000000000000000000e+00 0.000000000000000000e+00 0.000000000000000000e+00 0.000000000000000000e+00 0.000000000000000000e+00 3.300000000000000000e+01 3.800000000000000000e+01 3.000000000000000000e+00 0.000000000000000000e+00 0.000000000000000000e+00 0.000000000000000000e+00 1.000000000000000000e+00 5.000000000000000000e+00 0.000000000000000000e+00
0.000000000000000000e+00 0.000000000000000000e+00 0.000000000000000000e+00 0.000000000000000000e+00 1.020000000000000000e+02 1.120000000000000000e+02 2.000000000000000000e+00 5.900000000000000000e+01 2.150000000000000000e+02 1.022000000000000000e+03 4.190000000000000000e+02 2.786000000000000000e+03 1.170000000000000000e+02 1.900000000000000000e+01 1.080000000000000000e+02 2.676000000000000000e+03 2.525000000000000000e+03 7.790000000000000000e+02 2.050000000000000000e+02 0.000000000000000000e+00 0.000000000000000000e+00 0.000000000000000000e+00 0.000000000000000000e+00 0.000000000000000000e+00 0.000000000000000000e+00 5.000000000000000000e+00 0.000000000000000000e+00 1.000000000000000000e+00 1.900000000000000000e+01 2.700000000000000000e+01 2.000000000000000000e+00 1.280000000000000000e+02 1.100000000000000000e+02 0.000000000000000000e+00 0.000000000000000000e+00 0.000000000000000000e+00 1.000000000000000000e+00 3.930000000000000000e+02 9.600000000000000000e+02 1.680000000000000000e+02 0.000000000000000000e+00 3.100000000000000000e+01 8.000000000000000000e+00 2.000000000000000000e+01 6.500000000000000000e+01 7.400000000000000000e+01 1.000000000000000000e+00 2.200000000000000000e+01 1.400000000000000000e+01 4.000000000000000000e+00 4.000000000000000000e+00 2.700000000000000000e+01 1.630000000000000000e+02 3.100000000000000000e+01 7.200000000000000000e+01 5.000000000000000000e+00 3.000000000000000000e+00 5.000000000000000000e+00 6.700000000000000000e+01 7.900000000000000000e+01 5.100000000000000000e+01 1.200000000000000000e+01 0.000000000000000000e+00 0.000000000000000000e+00 0.000000000000000000e+00 0.000000000000000000e+00 0.000000000000000000e+00 0.000000000000000000e+00 0.000000000000000000e+00 0.000000000000000000e+00 0.000000000000000000e+00 0.000000000000000000e+00 1.000000000000000000e+00 3.000000000000000000e+00 4.000000000000000000e+00 0.000000000000000000e+00 0.000000000000000000e+00 0.000000000000000000e+00 0.000000000000000000e+00 0.000000000000000000e+00 5.800000000000000000e+01 6.200000000000000000e+01 2.000000000000000000e+00 0.000000000000000000e+00 3.000000000000000000e+00 0.000000000000000000e+00 1.000000000000000000e+00 6.000000000000000000e+00 0.000000000000000000e+00
