0.000000000000000000e+00 0.000000000000000000e+00 0.000000000000000000e+00 0.000000000000000000e+00 0.000000000000000000e+00 0.000000000000000000e+00 0.000000000000000000e+00 0.000000000000000000e+00 0.000000000000000000e+00 0.000000000000000000e+00 0.000000000000000000e+00 0.000000000000000000e+00 0.000000000000000000e+00 0.000000000000000000e+00 0.000000000000000000e+00 0.000000000000000000e+00 0.000000000000000000e+00 0.000000000000000000e+00 0.000000000000000000e+00 0.000000000000000000e+00 0.000000000000000000e+00 0.000000000000000000e+00 0.000000000000000000e+00 0.000000000000000000e+00 0.000000000000000000e+00 0.000000000000000000e+00 0.000000000000000000e+00 0.000000000000000000e+00 0.000000000000000000e+00 0.000000000000000000e+00 0.000000000000000000e+00 0.000000000000000000e+00 0.000000000000000000e+00 0.000000000000000000e+00 0.000000000000000000e+00 0.000000000000000000e+00 0.000000000000000000e+00 0.000000000000000000e+00 0.000000000000000000e+00 0.000000000000000000e+00 0.000000000000000000e+00 0.000000000000000000e+00 0.000000000000000000e+00 0.000000000000000000e+00 0.000000000000000000e+00 0.000000000000000000e+00 0.000000000000000000e+00 0.000000000000000000e+00 0.000000000000000000e+00 0.000000000000000000e+00 0.000000000000000000e+00 0.000000000000000000e+00 0.000000000000000000e+00 0.000000000000000000e+00 0.000000000000000000e+00 0.000000000000000000e+00 0.000000000000000000e+00 0.000000000000000000e+00 0.000000000000000000e+00 0.000000000000000000e+00 0.000000000000000000e+00 0.000000000000000000e+00 0.000000000000000000e+00 0.000000000000000000e+00 0.000000000000000000e+00 0.000000000000000000e+00 0.000000000000000000e+00 0.000000000000000000e+00 0.000000000000000000e+00 0.000000000000000000e+00 0.000000000000000000e+00 0.000000000000000000e+00 0.000000000000000000e+00 0.000000000000000000e+00 0.000000000000000000e+00 0.000000000000000000e+00 0.000000000000000000e+00 0.000000000000000000e+00 0.000000000000000000e+00 0.000000000000000000e+00 0.000000000000000000e+00 0.000000000000000000e+00 0.000000000000000000e+00 0.000000000000000000e+00 0.000000000000000000e+00 0.000000000000000000e+00 0.000000000000000000e+00 0.000000000000000000e+00 0.000000000000000000e+00
0.000000000000000000e+00 0.000000000000000000e+00 0.000000000000000000e+00 0.000000000000000000e+00 0.000000000000000000e+00 0.000000000000000000e+00 0.000000000000000000e+00 0.000000000000000000e+00 0.000000000000000000e+00 0.000000000000000000e+00 0.000000000000000000e+00 0.000000000000000000e+00 0.000000000000000000e+00 0.000000000000000000e+00 0.000000000000000000e+00 0.000000000000000000e+00 0.000000000000000000e+00 0.000000000000000000e+00 0.000000000000000000e+00 0.000000000000000000e+00 0.000000000000000000e+00 0.000000000000000000e+00 0.000000000000000000e+00 0.000000000000000000e+00 0.000000000000000000e+00 0.000000000000000000e+00 0.000000000000000000e+00 0.000000000000000000e+00 0.000000000000000000e+00 0.000000000000000000e+00 0.000000000000000000e+00 0.000000000000000000e+00 0.000000000000000000e+00 0.000000000000000000e+00 0.000000000000000000e+00 0.000000000000000000e+00 0.000000000000000000e+00 0.000000000000000000e+00 0.000000000000000000e+00 0.000000000000000000e+00 0.000000000000000000e+00 0.000000000000000000e+00 0.000000000000000000e+00 0.000000000000000000e+00 0.000000000000000000e+00 0.000000000000000000e+00 0.000000000000000000e+00 0.000000000000000000e+00 0.000000000000000000e+00 0.000000000000000000e+00 0.000000000000000000e+00 0.000000000000000000e+00 0.000000000000000000e+00 0.000000000000000000e+00 0.000000000000000000e+00 0.000000000000000000e+00 0.000000000000000000e+00 0.000000000000000000e+00 0.000000000000000000e+00 0.000000000000000000e+00 0.000000000000000000e+00 0.000000000000000000e+00 0.000000000000000000e+00 0.000000000000000000e+00 0.000000000000000000e+00 0.000000000000000000e+00 0.000000000000000000e+00 0.000000000000000000e+00 0.000000000000000000e+00 0.000000000000000000e+00 0.000000000000000000e+00 0.000000000000000000e+00 0.000000000000000000e+00 0.000000000000000000e+00 0.000000000000000000e+00 0.000000000000000000e+00 0.000000000000000000e+00 0.000000000000000000e+00 0.000000000000000000e+00 0.000000000000000000e+00 0.000000000000000000e+00 0.000000000000000000e+00 0.000000000000000000e+00 0.000000000000000000e+00 0.000000000000000000e+00 0.000000000000000000e+00 0.000000000000000000e+00 0.000000000000000000e+00 0.000000000000000000e+00
0.000000000000000000e+00 0.000000000000000000e+00 0.000000000000000000e+00 0.000000000000000000e+00 0.000000000000000000e+00 0.000000000000000000e+00 0.000000000000000000e+00 0.000000000000000000e+00 0.000000000000000000e+00 0.000000000000000000e+00 0.000000000000000000e+00 0.000000000000000000e+00 0.000000000000000000e+00 0.000000000000000000e+00 0.000000000000000000e+00 0.000000000000000000e+00 0.000000000000000000e+00 0.000000000000000000e+00 0.000000000000000000e+00 0.000000000000000000e+00 0.000000000000000000e+00 0.000000000000000000e+00 0.000000000000000000e+00 0.000000000000000000e+00 0.000000000000000000e+00 0.000000000000000000e+00 0.000000000000000000e+00 0.000000000000000000e+00 0.000000000000000000e+00 0.000000000000000000e+00 0.000000000000000000e+00 0.000000000000000000e+00 0.000000000000000000e+00 0.000000000000000000e+00 0.000000000000000000e+00 0.000000000000000000e+00 0.000000000000000000e+00 0.000000000000000000e+00 0.000000000000000000e+00 0.000000000000000000e+00 0.000000000000000000e+00 0.000000000000000000e+00 0.000000000000000000e+00 0.000000000000000000e+00 0.000000000000000000e+00 0.000000000000000000e+00 0.000000000000000000e+00 0.000000000000000000e+00 0.000000000000000000e+00 0.000000000000000000e+00 0.000000000000000000e+00 0.000000000000000000e+00 0.000000000000000000e+00 0.000000000000000000e+00 0.000000000000000000e+00 0.000000000000000000e+00 0.000000000000000000e+00 0.000000000000000000e+00 0.000000000000000000e+00 0.000000000000000000e+00 0.000000000000000000e+00 0.000000000000000000e+00 0.000000000000000000e+00 0.000000000000000000e+00 0.000000000000000000e+00 0.000000000000000000e+00 0.000000000000000000e+00 0.000000000000000000e+00 0.000000000000000000e+00 0.000000000000000000e+00 0.000000000000000000e+00 0.000000000000000000e+00 0.000000000000000000e+00 0.000000000000000000e+00 0.000000000000000000e+00 0.000000000000000000e+00 0.000000000000000000e+00 0.000000000000000000e+00 0.000000000000000000e+00 0.000000000000000000e+00 0.000000000000000000e+00 0.000000000000000000e+00 0.000000000000000000e+00 0.000000000000000000e+00 0.000000000000000000e+00 0.000000000000000000e+00 0.000000000000000000e+00 0.000000000000000000e+00 0.000000000000000000e+00
0.000000000000000000e+00 0.000000000000000000e+00 0.000000000000000000e+00 4.139219015280132474e+00 6.556100981767178482e+00 1.000097847358120973e+01 2.524999999999997868e+01 3.059090909090908639e+01 4.483333333333332149e+01 8.749999999999994671e+00 4.499999999999997158e+01 6.435800604229604538e+00 0.000000000000000000e+00 0.000000000000000000e+00 4.249999999999997868e+01 2.507142857142855163e+01 0.000000000000000000e+00 0.000000000000000000e+00 0.000000000000000000e+00 0.000000000000000000e+00 0.000000000000000000e+00 0.000000000000000000e+00 0.000000000000000000e+00 0.000000000000000000e+00 0.000000000000000000e+00 0.000000000000000000e+00 0.000000000000000000e+00 0.000000000000000000e+00 0.000000000000000000e+00 0.000000000000000000e+00 0.000000000000000000e+00 8.699999999999997158e+01 0.000000000000000000e+00 0.000000000000000000e+00 0.000000000000000000e+00 0.000000000000000000e+00 0.000000000000000000e+00 3.056818181818180236e+01 3.365384615384613909e+01 0.000000000000000000e+00 0.000000000000000000e+00 0.000000000000000000e+00 0.000000000000000000e+00 0.000000000000000000e+00 3.550000000000003553e+01 0.000000000000000000e+00 0.000000000000000000e+00 0.000000000000000000e+00 0.000000000000000000e+00 0.000000000000000000e+00 0.000000000000000000e+00 0.000000000000000000e+00 0.000000000000000000e+00 0.000000000000000000e+00 0.000000000000000000e+00 0.000000000000000000e+00 0.000000000000000000e+00 0.000000000000000000e+00 0.000000000000000000e+00 0.000000000000000000e+00 0.000000000000000000e+00 0.000000000000000000e+00 0.000000000000000000e+00 0.000000000000000000e+00 0.000000000000000000e+00 0.000000000000000000e+00 0.000000000000000000e+00 0.000000000000000000e+00 0.000000000000000000e+00 0.000000000000000000e+00 0.000000000000000000e+00 0.000000000000000000e+00 0.000000000000000000e+00 0.000000000000000000e+00 0.000000000000000000e+00 0.000000000000000000e+00 0.000000000000000000e+00 0.000000000000000000e+00 0.000000000000000000e+00 0.000000000000000000e+00 0.000000000000000000e+00 0.000000000000000000e+00 0.000000000000000000e+00 0.000000000000000000e+00 0.000000000000000000e+00 0.000000000000000000e+00 0.000000000000000000e+00 0.000000000000000000e+00 0.000000000000000000e+00
0.000000000000000000e+00 0.000000000000000000e+00 0.000000000000000000e+00 6.556100981767178482e+00 9.635498551923868504e+00 9.399080797157418843e+00 2.583928571428571175e+01 2.446874999999998934e+01 3.922999999999998977e+01 1.723395445134574899e+01 4.460204081632651452e+01 1.627797202797202303e+01 6.580769230769229239e+01 5.975000000000000000e+01 2.986428571428569967e+01 1.367830290010740413e+01 3.185784313725489270e+01 4.960305343511447518e+01 6.731889763779524571e+01 0.000000000000000000e+00 6.550000000000000000e+01 8.749999999999997158e+01 0.000000000000000000e+00 0.000000000000000000e+00 0.000000000000000000e+00 8.449999999999994316e+01 6.416666666666661456e+01 0.000000000000000000e+00 7.683333333333330017e+01 8.011764705882352189e+01 9.450000000000001421e+01 7.752499999999996305e+01 6.973333333333330586e+01 0.000000000000000000e+00 0.000000000000000000e+00 0.000000000000000000e+00 0.000000000000000000e+00 1.155425613496932158e+01 1.938320520402128011e+01 4.081481481481480955e+01 0.000000000000000000e+00 4.799999999999993605e+01 8.524999999999998579e+01 3.931249999999998579e+01 5.620221606648197366e+00 1.459999999999999076e+01 0.000000000000000000e+00 0.000000000000000000e+00 6.999999999999997158e+01 0.000000000000000000e+00 4.849999999999996447e+01 0.000000000000000000e+00 5.637499999999995737e+01 7.250000000000002842e+01 4.249999999999990052e+01 6.699999999999994316e+01 0.000000000000000000e+00 0.000000000000000000e+00 3.424999999999998579e+01 3.574999999999998579e+01 5.974999999999991473e+01 6.424999999999995737e+01 0.000000000000000000e+00 0.000000000000000000e+00 0.000000000000000000e+00 0.000000000000000000e+00 0.000000000000000000e+00 0.000000000000000000e+00 0.000000000000000000e+00 0.000000000000000000e+00 0.000000000000000000e+00 6.600000000000001421e+01 7.599999999999998579e+01 0.000000000000000000e+00 0.000000000000000000e+00 6.599999999999998579e+01 0.000000000000000000e+00 0.000000000000000000e+00 0.000000000000000000e+00 0.000000000000000000e+00 2.313636363636361182e+01 5.409999999999998721e+01 0.000000000000000000e+00 0.000000000000000000e+00 0.000000000000000000e+00 0.000000000000000000e+00 7.299999999999995737e+01 1.262499999999999112e+01 1.100000000000000355e+01
0.000000000000000000e+00 0.000000000000000000e+00 0.000000000000000000e+00 1.000097847358120973e+01 9.399080797157418843e+00 1.432507925627623280e+01 9.435274592637293622e+00 1.363421113421112985e+01 3.263137254901959494e+01 1.752346522939397033e+01 4.421666666666665435e+01 2.454586077140168143e+01 5.719642857142856229e+01 7.699999999999991473e+01 2.483115468409584992e+01 2.255689900426741445e+01 3.519196428571427049e+01 5.266666666666663588e+01 7.174999999999995737e+01 0.000000000000000000e+00 4.149999999999997868e+01 0.000000000000000000e+00 4.221428571428570109e+01 4.266666666666665009e+01 5.262499999999997158e+01 4.381818181818178459e+01 6.089999999999996305e+01 5.712499999999995737e+01 5.964285714285711038e+01 7.803846153846151878e+01 6.249999999999997158e+01 7.842857142857140218e+01 7.474999999999995737e+01 0.000000000000000000e+00 0.000000000000000000e+00 0.000000000000000000e+00 0.000000000000000000e+00 1.673132075471697178e+01 1.990932566032165951e+01 3.524038461538460609e+01 0.000000000000000000e+00 5.033333333333329307e+01 5.587499999999997158e+01 3.013888888888887507e+01 1.637103174603173983e+01 4.864999999999999147e+01 0.000000000000000000e+00 3.699999999999998579e+01 4.869999999999997442e+01 0.000000000000000000e+00 5.950000000000000711e+01 5.249999999999994316e+01 5.508333333333330728e+01 8.033333333333325754e+01 5.084374999999996447e+01 6.699999999999995737e+01 0.000000000000000000e+00 6.499999999999992895e+01 3.336666666666666003e+01 3.466666666666665719e+01 6.399999999999992895e+01 8.466666666666664298e+01 0.000000000000000000e+00 0.000000000000000000e+00 0.000000000000000000e+00 0.000000000000000000e+00 0.000000000000000000e+00 0.000000000000000000e+00 0.000000000000000000e+00 0.000000000000000000e+00 0.000000000000000000e+00 0.000000000000000000e+00 0.000000000000000000e+00 1.069999999999999005e+02 0.000000000000000000e+00 8.699999999999994316e+01 0.000000000000000000e+00 0.000000000000000000e+00 0.000000000000000000e+00 0.000000000000000000e+00 3.259374999999997158e+01 5.781818181818178459e+01 7.250000000000001421e+01 0.000000000000000000e+00 4.449999999999999289e+01 0.000000000000000000e+00 0.000000000000000000e+00 3.592857142857141639e+01 0.000000000000000000e+00
0.000000000000000000e+00 0.000000000000000000e+00 0.000000000000000000e+00 2.524999999999997868e+01 2.583928571428571175e+01 9.435274592637293622e+00 8.632391163092915320e+00 7.475865800865797439e+00 2.303773584905659533e+01 1.103092105263157485e+01 4.450000000000000000e+01 3.224096385542167553e+01 6.500000000000001421e+01 0.000000000000000000e+00 3.033333333333331439e+01 3.474999999999997158e+01 4.874999999999994316e+01 4.700000000000000000e+01 0.000000000000000000e+00 0.000000000000000000e+00 0.000000000000000000e+00 0.000000000000000000e+00 0.000000000000000000e+00 0.000000000000000000e+00 0.000000000000000000e+00 0.000000000000000000e+00 0.000000000000000000e+00 0.000000000000000000e+00 0.000000000000000000e+00 0.000000000000000000e+00 0.000000000000000000e+00 7.849999999999997158e+01 0.000000000000000000e+00 0.000000000000000000e+00 0.000000000000000000e+00 0.000000000000000000e+00 0.000000000000000000e+00 3.197368421052629728e+01 2.931557377049178115e+01 4.749999999999997158e+01 0.000000000000000000e+00 4.500000000000000711e+01 0.000000000000000000e+00 0.000000000000000000e+00 2.750000000000000000e+01 4.650000000000001421e+01 0.000000000000000000e+00 0.000000000000000000e+00 0.000000000000000000e+00 0.000000000000000000e+00 0.000000000000000000e+00 0.000000000000000000e+00 0.000000000000000000e+00 0.000000000000000000e+00 0.000000000000000000e+00 0.000000000000000000e+00 0.000000000000000000e+00 0.000000000000000000e+00 8.599999999999995737e+01 0.000000000000000000e+00 0.000000000000000000e+00 0.000000000000000000e+00 0.000000000000000000e+00 0.000000000000000000e+00 0.000000000000000000e+00 0.000000000000000000e+00 0.000000000000000000e+00 0.000000000000000000e+00 0.000000000000000000e+00 0.000000000000000000e+00 0.000000000000000000e+00 0.000000000000000000e+00 0.000000000000000000e+00 0.000000000000000000e+00 0.000000000000000000e+00 0.000000000000000000e+00 0.000000000000000000e+00 0.000000000000000000e+00 0.000000000000000000e+00 0.000000000000000000e+00 0.000000000000000000e+00 0.000000000000000000e+00 0.000000000000000000e+00 0.000000000000000000e+00 0.000000000000000000e+00 0.000000000000000000e+00 0.000000000000000000e+00 0.000000000000000000e+00 0.000000000000000000e+00
0.000000000000000000e+00 0.000000000000000000e+00 0.000000000000000000e+00 3.059090909090908639e+01 2.446874999999998934e+01 1.363421113421112985e+01 7.475865800865797439e+00 8.959891493896531500e+00 8.908982035928142196e+00 1.739007412764418348e+01 3.926829268292682684e+01 2.644881889763778204e+01 3.687301587301587347e+01 0.000000000000000000e+00 3.263333333333332575e+01 2.339738805970148405e+01 2.872881355932202752e+01 4.953124999999997158e+01 6.899999999999994316e+01 0.000000000000000000e+00 0.000000000000000000e+00 0.000000000000000000e+00 4.249999999999998579e+01 4.499999999999996447e+01 7.566666666666664298e+01 5.024999999999997868e+01 4.299999999999998579e+01 4.449999999999993605e+01 3.869318181818182012e+01 4.387999999999998124e+01 6.966666666666668561e+01 6.578571428571426338e+01 7.649999999999997158e+01 0.000000000000000000e+00 7.950000000000000000e+01 0.000000000000000000e+00 0.000000000000000000e+00 2.297635135135134377e+01 2.544845360824741221e+01 3.430434782608695343e+01 0.000000000000000000e+00 4.824999999999998579e+01 5.450000000000001421e+01 2.849999999999998934e+01 2.849999999999998224e+01 4.665384615384613909e+01 0.000000000000000000e+00 0.000000000000000000e+00 4.174999999999997158e+01 0.000000000000000000e+00 4.174999999999995737e+01 4.549999999999997158e+01 4.196153846153841016e+01 0.000000000000000000e+00 4.533333333333329307e+01 0.000000000000000000e+00 0.000000000000000000e+00 0.000000000000000000e+00 2.792857142857141994e+01 1.699999999999999289e+01 0.000000000000000000e+00 8.049999999999998579e+01 0.000000000000000000e+00 0.000000000000000000e+00 0.000000000000000000e+00 0.000000000000000000e+00 0.000000000000000000e+00 0.000000000000000000e+00 0.000000000000000000e+00 0.000000000000000000e+00 0.000000000000000000e+00 0.000000000000000000e+00 0.000000000000000000e+00 0.000000000000000000e+00 0.000000000000000000e+00 0.000000000000000000e+00 0.000000000000000000e+00 0.000000000000000000e+00 0.000000000000000000e+00 0.000000000000000000e+00 3.624999999999997158e+01 5.233333333333331439e+01 0.000000000000000000e+00 0.000000000000000000e+00 0.000000000000000000e+00 0.000000000000000000e+00 0.000000000000000000e+00 5.099999999999998579e+01 0.000000000000000000e+00
0.000000000000000000e+00 0.000000000000000000e+00 0.000000000000000000e+00 4.483333333333332149e+01 3.922999999999998977e+01 3.263137254901959494e+01 2.303773584905659533e+01 8.908982035928142196e+00 1.154904806129556505e+01 1.958975217682517567e+01 2.359945504087193413e+01 3.299298469387753840e+01 9.116850934044983035e+00 6.833333333333337123e+01 2.199178200692040974e+01 3.293272727272726996e+01 3.009302325581395010e+01 5.366666666666664298e+01 6.088888888888886441e+01 0.000000000000000000e+00 7.150000000000000000e+01 5.099999999999995026e+01 0.000000000000000000e+00 0.000000000000000000e+00 0.000000000000000000e+00 5.049999999999997868e+01 2.574999999999998224e+01 4.769999999999998153e+01 2.060294117647058698e+01 2.345305832147936442e+01 4.166666666666665009e+01 6.134782608695652328e+01 4.700000000000000000e+01 5.200000000000000711e+01 5.900000000000000000e+01 5.375000000000000000e+01 4.920000000000000284e+01 2.364841218405703316e+01 1.626413003324713813e+01 2.904411764705881538e+01 0.000000000000000000e+00 3.421428571428570820e+01 5.649999999999998579e+01 4.525000000000000000e+01 3.124999999999998224e+01 3.434000000000000341e+01 0.000000000000000000e+00 6.299999999999996447e+01 6.183333333333331439e+01 0.000000000000000000e+00 6.249999999999992895e+01 5.324999999999997158e+01 5.897368421052627951e+01 7.137499999999997158e+01 5.196153846153843858e+01 6.049999999999995737e+01 0.000000000000000000e+00 0.000000000000000000e+00 3.987500000000001421e+01 3.999999999999998579e+01 5.899999999999998579e+01 7.399999999999995737e+01 0.000000000000000000e+00 0.000000000000000000e+00 0.000000000000000000e+00 0.000000000000000000e+00 0.000000000000000000e+00 0.000000000000000000e+00 0.000000000000000000e+00 0.000000000000000000e+00 0.000000000000000000e+00 0.000000000000000000e+00 0.000000000000000000e+00 0.000000000000000000e+00 0.000000000000000000e+00 8.049999999999997158e+01 0.000000000000000000e+00 0.000000000000000000e+00 0.000000000000000000e+00 0.000000000000000000e+00 4.391666666666665009e+01 5.066666666666663588e+01 0.000000000000000000e+00 0.000000000000000000e+00 0.000000000000000000e+00 0.000000000000000000e+00 0.000000000000000000e+00 5.850000000000003553e+01 0.000000000000000000e+00
0.000000000000000000e+00 0.000000000000000000e+00 0.000000000000000000e+00 8.749999999999994671e+00 1.723395445134574899e+01 1.752346522939397033e+01 1.103092105263157485e+01 1.739007412764418348e+01 1.958975217682517567e+01 1.215838974815107498e+01 1.330125797972211465e+01 1.525072494898506470e+01 3.985694822888282118e+01 4.801190476190475920e+01 3.053062392673153269e+01 2.216656191074794791e+01 2.391731898238746012e+01 4.260992907801416152e+01 6.411979166666664298e+01 0.000000000000000000e+00 8.124999999999998579e+01 8.400000000000001421e+01 6.049999999999994316e+01 0.000000000000000000e+00 5.524999999999996447e+01 5.049999999999998579e+01 5.449999999999997868e+01 7.041666666666667140e+01 4.442913385826770423e+01 4.615476190476190510e+01 7.164999999999997726e+01 6.149196787148592591e+01 6.485185185185183343e+01 0.000000000000000000e+00 7.300000000000000000e+01 0.000000000000000000e+00 7.437500000000000000e+01 2.193025626092020275e+01 2.637752994630316650e+01 3.725942028985506482e+01 0.000000000000000000e+00 3.924509803921566942e+01 5.475000000000001421e+01 4.867741935483869753e+01 3.018877551020406358e+01 4.308999999999999631e+01 0.000000000000000000e+00 5.033333333333331439e+01 5.499999999999997158e+01 5.574999999999989342e+01 5.587499999999991473e+01 4.905555555555551450e+01 5.384259259259255259e+01 6.784999999999998010e+01 5.267073170731703868e+01 6.849999999999997158e+01 0.000000000000000000e+00 6.649999999999997158e+01 3.746153846153844569e+01 3.569999999999997442e+01 5.042857142857138797e+01 7.112499999999997158e+01 0.000000000000000000e+00 0.000000000000000000e+00 0.000000000000000000e+00 0.000000000000000000e+00 0.000000000000000000e+00 0.000000000000000000e+00 0.000000000000000000e+00 0.000000000000000000e+00 0.000000000000000000e+00 0.000000000000000000e+00 0.000000000000000000e+00 9.099999999999994316e+01 8.350000000000001421e+01 6.849999999999997158e+01 0.000000000000000000e+00 0.000000000000000000e+00 0.000000000000000000e+00 0.000000000000000000e+00 4.162962962962959779e+01 5.479999999999995453e+01 5.649999999999999289e+01 0.000000000000000000e+00 5.583333333333331439e+01 8.425000000000000000e+01 0.000000000000000000e+00 3.637499999999995737e+01 6.900000000000000000e+01
0.000000000000000000e+00 0.000000000000000000e+00 0.000000000000000000e+00 4.499999999999997158e+01 4.460204081632651452e+01 4.421666666666665435e+01 4.450000000000000000e+01 3.926829268292682684e+01 2.359945504087193413e+01 1.330125797972211465e+01 1.234827756716663849e+01 2.342101449275362413e+01 1.454740157480314977e+01 3.842391304347827230e+01 2.518902439024390105e+01 4.275233644859811477e+01 2.654057279236275946e+01 2.764798206278026882e+01 5.129999999999999716e+01 0.000000000000000000e+00 8.039610389610389518e+01 7.050000000000000000e+01 8.575000000000000000e+01 1.045714285714285552e+02 8.336363636363635976e+01 7.454545454545454675e+01 5.685714285714285410e+01 5.771739130434782794e+01 2.967537313432835688e+01 3.691494845360824684e+01 5.513377609108159305e+01 4.946458527493010138e+01 4.824310595065311702e+01 5.171124031007752109e+01 6.151620947630922842e+01 5.607142857142856940e+01 6.381367924528301927e+01 2.134310221586846623e+01 2.242129291453615636e+01 2.966839378238341851e+01 0.000000000000000000e+00 2.901562500000000000e+01 7.014516129032257652e+01 4.456382978723403454e+01 3.949999999999999289e+01 3.483554817275747695e+01 0.000000000000000000e+00 5.800000000000002842e+01 6.499999999999994316e+01 5.049999999999997158e+01 5.399999999999990052e+01 4.369999999999996732e+01 5.662962962962959779e+01 5.338461538461535127e+01 5.940909090909088519e+01 5.216666666666662877e+01 5.399999999999999289e+01 0.000000000000000000e+00 5.399999999999995737e+01 3.656451612903224913e+01 3.713333333333331865e+01 8.299999999999997158e+01 0.000000000000000000e+00 0.000000000000000000e+00 0.000000000000000000e+00 0.000000000000000000e+00 0.000000000000000000e+00 0.000000000000000000e+00 0.000000000000000000e+00 0.000000000000000000e+00 0.000000000000000000e+00 8.949999999999991473e+01 0.000000000000000000e+00 0.000000000000000000e+00 9.399999999999997158e+01 0.000000000000000000e+00 0.000000000000000000e+00 0.000000000000000000e+00 0.000000000000000000e+00 0.000000000000000000e+00 4.344736842105260166e+01 5.144117647058821063e+01 4.774999999999995737e+01 0.000000000000000000e+00 4.224999999999999289e+01 0.000000000000000000e+00 0.000000000000000000e+00 0.000000000000000000e+00 5.099999999999995737e+01
0.000000000000000000e+00 0.000000000000000000e+00 0.000000000000000000e+00 6.435800604229604538e+00 1.627797202797202303e+01 2.454586077140168143e+01 3.224096385542167553e+01 2.644881889763778204e+01 3.299298469387753840e+01 1.525072494898506470e+01 2.342101449275362413e+01 1.488500009330621054e+01 2.014629512349588225e+01 1.533997678018575783e+01 3.553824091778201222e+01 2.223520084566595045e+01 1.878176597272073778e+01 2.216309760956174912e+01 4.423137535816618993e+01 7.774999999999997158e+01 7.640000000000000568e+01 7.183333333333332860e+01 5.800000000000002132e+01 7.699999999999995737e+01 6.658333333333332860e+01 6.446666666666666856e+01 5.600000000000002132e+01 6.007500000000000284e+01 3.374698029243484143e+01 4.186746987951806886e+01 5.819791666666666430e+01 4.169068678459937871e+01 3.929986876640420235e+01 6.972222222222222854e+01 7.320312500000000000e+01 6.755555555555555713e+01 6.978749999999999432e+01 2.534282502810039972e+01 3.101675920213858717e+01 3.523961038961039094e+01 0.000000000000000000e+00 3.191365461847390250e+01 6.556818181818181301e+01 4.294396551724138078e+01 3.726229508196719564e+01 3.974525043177892769e+01 0.000000000000000000e+00 3.219999999999999574e+01 5.190909090909087098e+01 6.162499999999995026e+01 5.079999999999995453e+01 4.258333333333328596e+01 5.265476190476186247e+01 4.971929824561402000e+01 1.829816513761467078e+01 4.930555555555553582e+01 1.463333333333333641e+01 5.559999999999998010e+01 3.006756756756755422e+01 3.106999999999998252e+01 2.456372549019607021e+01 5.459374999999997158e+01 0.000000000000000000e+00 0.000000000000000000e+00 0.000000000000000000e+00 0.000000000000000000e+00 0.000000000000000000e+00 0.000000000000000000e+00 0.000000000000000000e+00 0.000000000000000000e+00 0.000000000000000000e+00 6.099999999999995737e+01 9.099999999999998579e+01 0.000000000000000000e+00 6.337499999999999289e+01 4.299999999999999289e+01 0.000000000000000000e+00 0.000000000000000000e+00 1.089999999999999432e+02 0.000000000000000000e+00 4.166666666666664298e+01 4.810483870967740216e+01 4.299999999999998579e+01 0.000000000000000000e+00 4.749999999999998579e+01 0.000000000000000000e+00 8.300000000000002842e+01 4.724999999999998579e+01 4.900000000000004263e+01
0.000000000000000000e+00 0.000000000000000000e+00 0.000000000000000000e+00 0.000000000000000000e+00 6.580769230769229239e+01 5.719642857142856229e+01 6.500000000000001421e+01 3.687301587301587347e+01 9.116850934044983035e+00 3.985694822888282118e+01 1.454740157480314977e+01 2.014629512349588225e+01 1.275207815579741144e+01 7.757514216084486769e+00 2.183113006396589029e+01 5.105555555555554292e+01 3.326495726495726046e+01 2.138624100719424348e+01 3.584575835475579453e+01 1.009999999999999858e+02 6.969696969696970257e+01 5.908333333333332149e+01 7.581250000000000000e+01 7.894999999999997442e+01 5.608333333333334281e+01 1.850215517241379359e+01 4.347222222222223564e+01 4.597500000000000142e+01 1.837356852604359148e+01 2.770446841294299034e+01 4.690758754863813351e+01 3.414153722549544767e+01 3.860761589403973204e+01 4.632407407407407618e+01 5.807575757575757791e+01 5.221341463414633921e+01 5.725238095238095326e+01 2.447533372025537446e+01 2.362320708202600272e+01 3.033681462140993190e+01 0.000000000000000000e+00 2.823817034700315531e+01 5.097959183673469141e+01 3.885889570552146921e+01 6.149999999999995737e+01 3.747197898423817719e+01 0.000000000000000000e+00 9.400000000000001421e+01 0.000000000000000000e+00 0.000000000000000000e+00 0.000000000000000000e+00 0.000000000000000000e+00 6.794999999999997442e+01 5.591176470588232661e+01 5.918750000000000000e+01 5.561111111111108585e+01 0.000000000000000000e+00 5.599999999999997158e+01 0.000000000000000000e+00 5.324999999999994316e+01 3.629545454545453964e+01 0.000000000000000000e+00 0.000000000000000000e+00 0.000000000000000000e+00 0.000000000000000000e+00 0.000000000000000000e+00 0.000000000000000000e+00 0.000000000000000000e+00 0.000000000000000000e+00 0.000000000000000000e+00 0.000000000000000000e+00 6.499999999999994316e+01 0.000000000000000000e+00 0.000000000000000000e+00 0.000000000000000000e+00 4.199999999999996447e+01 0.000000000000000000e+00 0.000000000000000000e+00 0.000000000000000000e+00 0.000000000000000000e+00 5.018749999999997868e+01 5.083333333333329307e+01 5.499999999999999289e+01 0.000000000000000000e+00 4.333333333333331439e+01 0.000000000000000000e+00 5.974999999999996447e+01 0.000000000000000000e+00 0.000000000000000000e+00
0.000000000000000000e+00 0.000000000000000000e+00 0.000000000000000000e+00 0.000000000000000000e+00 5.975000000000000000e+01 7.699999999999991473e+01 0.000000000000000000e+00 0.000000000000000000e+00 6.833333333333337123e+01 4.801190476190475920e+01 3.842391304347827230e+01 1.533997678018575783e+01 7.757514216084486769e+00 1.046012439530062110e+01 2.903846153846153300e+01 5.449999999999997868e+01 3.881578947368421240e+01 1.004726368159204064e+01 1.775000000000000000e+01 0.000000000000000000e+00 5.749999999999998579e+01 0.000000000000000000e+00 0.000000000000000000e+00 0.000000000000000000e+00 0.000000000000000000e+00 4.250000000000000000e+01 4.449999999999998579e+01 0.000000000000000000e+00 1.160417315478044209e+01 2.852777777777777857e+01 6.840000000000001990e+01 1.767546583850931796e+01 1.438978494623655990e+01 7.275000000000002842e+01 0.000000000000000000e+00 0.000000000000000000e+00 0.000000000000000000e+00 2.857575757575757436e+01 4.188235294117647811e+01 4.177272727272728048e+01 0.000000000000000000e+00 2.754166666666666075e+01 3.875000000000000711e+01 3.450000000000000000e+01 0.000000000000000000e+00 4.179166666666667851e+01 0.000000000000000000e+00 0.000000000000000000e+00 0.000000000000000000e+00 0.000000000000000000e+00 0.000000000000000000e+00 0.000000000000000000e+00 0.000000000000000000e+00 0.000000000000000000e+00 0.000000000000000000e+00 0.000000000000000000e+00 0.000000000000000000e+00 0.000000000000000000e+00 0.000000000000000000e+00 0.000000000000000000e+00 2.874999999999999289e+01 2.050000000000000000e+01 0.000000000000000000e+00 0.000000000000000000e+00 0.000000000000000000e+00 0.000000000000000000e+00 0.000000000000000000e+00 0.000000000000000000e+00 0.000000000000000000e+00 0.000000000000000000e+00 0.000000000000000000e+00 0.000000000000000000e+00 0.000000000000000000e+00 0.000000000000000000e+00 0.000000000000000000e+00 0.000000000000000000e+00 0.000000000000000000e+00 0.000000000000000000e+00 0.000000000000000000e+00 0.000000000000000000e+00 0.000000000000000000e+00 0.000000000000000000e+00 0.000000000000000000e+00 0.000000000000000000e+00 0.000000000000000000e+00 0.000000000000000000e+00 0.000000000000000000e+00 0.000000000000000000e+00 0.000000000000000000e+00
0.000000000000000000e+00 0.000000000000000000e+00 0.000000000000000000e+00 4.249999999999997868e+01 2.986428571428569967e+01 2.483115468409584992e+01 3.033333333333331439e+01 3.263333333333332575e+01 2.199178200692040974e+01 3.053062392673153269e+01 2.518902439024390105e+01 3.553824091778201222e+01 2.183113006396589029e+01 2.903846153846153300e+01 1.127345268542199186e+01 4.576351351351349450e+01 3.158333333333332149e+01 2.815178571428570820e+01 2.831090487238978781e+01 1.616406249999999289e+01 2.395679012345678771e+01 4.447368421052630794e+01 2.412569832402234482e+01 1.842624521072796284e+01 2.108296943231440679e+01 2.406908583391486545e+01 2.332706766917292285e+01 3.120379965457684435e+01 1.826820987654321016e+01 2.532444061962133475e+01 4.676025459688823815e+01 4.087183936539414475e+01 4.309695290858724803e+01 5.249999999999999289e+01 5.322493224932249234e+01 5.229629629629627630e+01 5.603658536585366079e+01 2.516112531969309529e+01 8.761927526532172550e+00 1.771428571428571530e+01 0.000000000000000000e+00 2.246083860759492978e+01 1.405180722891566347e+01 1.218851626016260425e+01 2.943333333333332646e+01 2.129566982408660181e+01 0.000000000000000000e+00 0.000000000000000000e+00 6.583333333333332860e+01 6.349999999999992895e+01 0.000000000000000000e+00 9.050000000000000000e+01 5.349999999999995737e+01 4.920312499999997158e+01 5.284090909090907218e+01 5.056818181818177749e+01 0.000000000000000000e+00 4.849999999999999289e+01 4.649999999999998579e+01 5.357142857142851966e+01 3.458333333333332149e+01 3.558695652173911839e+01 0.000000000000000000e+00 0.000000000000000000e+00 0.000000000000000000e+00 0.000000000000000000e+00 0.000000000000000000e+00 0.000000000000000000e+00 0.000000000000000000e+00 0.000000000000000000e+00 0.000000000000000000e+00 0.000000000000000000e+00 4.512499999999998579e+01 7.699999999999998579e+01 5.260000000000000142e+01 4.649999999999999289e+01 0.000000000000000000e+00 0.000000000000000000e+00 0.000000000000000000e+00 3.900000000000000711e+01 3.842857142857142350e+01 5.486956521739129755e+01 4.566666666666665009e+01 0.000000000000000000e+00 3.631249999999999289e+01 5.650000000000000711e+01 0.000000000000000000e+00 7.399999999999994316e+01 0.000000000000000000e+00
0.000000000000000000e+00 0.000000000000000000e+00 0.000000000000000000e+00 2.507142857142855163e+01 1.367830290010740413e+01 2.255689900426741445e+01 3.474999999999997158e+01 2.339738805970148405e+01 3.293272727272726996e+01 2.216656191074794791e+01 4.275233644859811477e+01 2.223520084566595045e+01 5.105555555555554292e+01 5.449999999999997868e+01 4.576351351351349450e+01 6.923727023029787375e+00 1.288826606875933756e+01 3.662905632226778607e+01 5.700383043922366966e+01 0.000000000000000000e+00 0.000000000000000000e+00 7.574999999999997158e+01 9.816666666666667140e+01 0.000000000000000000e+00 8.174999999999998579e+01 8.067647058823526152e+01 0.000000000000000000e+00 8.366666666666664298e+01 6.469565217391301815e+01 6.963793103448271893e+01 8.349999999999997158e+01 7.016550116550112648e+01 5.991349809885927868e+01 6.799999999999992895e+01 9.419999999999996021e+01 8.374999999999998579e+01 9.428571428571426338e+01 1.469109311740889723e+01 2.433893034825869606e+01 4.363709677419353028e+01 0.000000000000000000e+00 5.392857142857139507e+01 7.321999999999997044e+01 7.345833333333330017e+01 1.060578661844483683e+01 5.193749999999999289e+01 0.000000000000000000e+00 2.072222222222222499e+01 3.492592592592590961e+01 4.599999999999997158e+01 3.849999999999992895e+01 3.433333333333328596e+01 3.612837837837835053e+01 5.759999999999996589e+01 3.792045454545451122e+01 5.794444444444437892e+01 3.799999999999997158e+01 3.024999999999996447e+01 1.418333333333332469e+01 2.075641025641024839e+01 3.742241379310343063e+01 5.438333333333330444e+01 0.000000000000000000e+00 0.000000000000000000e+00 0.000000000000000000e+00 0.000000000000000000e+00 0.000000000000000000e+00 0.000000000000000000e+00 0.000000000000000000e+00 0.000000000000000000e+00 0.000000000000000000e+00 6.849999999999998579e+01 7.049999999999997158e+01 0.000000000000000000e+00 6.899999999999995737e+01 6.087499999999998579e+01 0.000000000000000000e+00 0.000000000000000000e+00 0.000000000000000000e+00 0.000000000000000000e+00 2.771212121212119328e+01 3.836842105263155389e+01 5.683333333333329307e+01 0.000000000000000000e+00 0.000000000000000000e+00 0.000000000000000000e+00 6.249999999999997868e+01 2.210000000000000142e+01 0.000000000000000000e+00
0.000000000000000000e+00 0.000000000000000000e+00 0.000000000000000000e+00 0.000000000000000000e+00 3.185784313725489270e+01 3.519196428571427049e+01 4.874999999999994316e+01 2.872881355932202752e+01 3.009302325581395010e+01 2.391731898238746012e+01 2.654057279236275946e+01 1.878176597272073778e+01 3.326495726495726046e+01 3.881578947368421240e+01 3.158333333333332149e+01 1.288826606875933756e+01 8.582970297029698159e+00 1.352374839537868390e+01 3.970243902439024453e+01 0.000000000000000000e+00 0.000000000000000000e+00 0.000000000000000000e+00 0.000000000000000000e+00 0.000000000000000000e+00 0.000000000000000000e+00 7.020000000000000284e+01 0.000000000000000000e+00 5.550000000000000000e+01 4.997368421052630083e+01 5.022222222222222143e+01 6.950000000000002842e+01 5.148046874999998579e+01 3.903181818181817420e+01 0.000000000000000000e+00 0.000000000000000000e+00 0.000000000000000000e+00 4.950000000000000711e+01 2.084223918575062839e+01 2.597343749999998863e+01 2.976488095238094544e+01 0.000000000000000000e+00 3.053225806451613167e+01 5.174999999999999289e+01 4.297499999999998721e+01 3.144615384615383391e+01 3.662162162162161394e+01 4.550000000000001421e+01 2.768181818181818343e+01 3.367857142857140929e+01 4.687499999999995737e+01 3.399999999999995026e+01 2.696296296296291928e+01 3.237116564417174658e+01 3.659677419354837014e+01 3.337499999999997158e+01 5.609999999999996589e+01 3.483333333333332860e+01 4.889999999999997726e+01 1.858955223880596819e+01 1.228481012658227378e+01 1.927450980392156410e+01 3.754166666666667140e+01 0.000000000000000000e+00 0.000000000000000000e+00 0.000000000000000000e+00 0.000000000000000000e+00 0.000000000000000000e+00 0.000000000000000000e+00 0.000000000000000000e+00 0.000000000000000000e+00 0.000000000000000000e+00 0.000000000000000000e+00 5.350000000000002132e+01 6.633333333333330017e+01 6.674999999999997158e+01 0.000000000000000000e+00 0.000000000000000000e+00 0.000000000000000000e+00 0.000000000000000000e+00 0.000000000000000000e+00 2.114655172413791107e+01 3.266935483870966550e+01 5.424999999999995737e+01 0.000000000000000000e+00 3.433333333333330728e+01 0.000000000000000000e+00 6.499999999999992895e+01 3.349999999999996447e+01 0.000000000000000000e+00
