0.000000000000000000e+00 0.000000000000000000e+00 0.000000000000000000e+00 0.000000000000000000e+00 0.000000000000000000e+00 0.000000000000000000e+00 0.000000000000000000e+00 0.000000000000000000e+00 0.000000000000000000e+00 0.000000000000000000e+00 0.000000000000000000e+00 0.000000000000000000e+00 0.000000000000000000e+00 0.000000000000000000e+00 0.000000000000000000e+00 0.000000000000000000e+00 0.000000000000000000e+00 0.000000000000000000e+00 0.000000000000000000e+00 0.000000000000000000e+00 0.000000000000000000e+00 0.000000000000000000e+00 0.000000000000000000e+00 0.000000000000000000e+00 0.000000000000000000e+00 0.000000000000000000e+00 0.000000000000000000e+00 0.000000000000000000e+00 0.000000000000000000e+00 0.000000000000000000e+00 0.000000000000000000e+00 0.000000000000000000e+00 0.000000000000000000e+00 0.000000000000000000e+00 0.000000000000000000e+00 0.000000000000000000e+00 0.000000000000000000e+00 0.000000000000000000e+00 0.000000000000000000e+00 0.000000000000000000e+00 0.000000000000000000e+00 0.000000000000000000e+00 0.000000000000000000e+00 0.000000000000000000e+00 0.000000000000000000e+00 0.000000000000000000e+00 0.000000000000000000e+00 0.000000000000000000e+00 0.000000000000000000e+00 0.000000000000000000e+00 0.000000000000000000e+00 0.000000000000000000e+00 0.000000000000000000e+00 0.000000000000000000e+00 0.000000000000000000e+00 0.000000000000000000e+00 0.000000000000000000e+00 0.000000000000000000e+00 0.000000000000000000e+00 0.000000000000000000e+00 0.000000000000000000e+00 0.000000000000000000e+00 0.000000000000000000e+00 0.000000000000000000e+00 0.000000000000000000e+00 0.000000000000000000e+00 0.000000000000000000e+00 0.000000000000000000e+00 0.000000000000000000e+00 0.000000000000000000e+00 0.000000000000000000e+00 0.000000000000000000e+00 0.000000000000000000e+00 0.000000000000000000e+00 0.000000000000000000e+00 0.000000000000000000e+00 0.000000000000000000e+00 0.000000000000000000e+00 0.000000000000000000e+00 0.000000000000000000e+00 0.000000000000000000e+00 0.000000000000000000e+00 0.000000000000000000e+00 0.000000000000000000e+00 0.000000000000000000e+00 0.000000000000000000e+00 0.000000000000000000e+00 0.000000000000000000e+00 0.000000000000000000e+00
0.000000000000000000e+00 0.000000000000000000e+00 0.000000000000000000e+00 0.000000000000000000e+00 0.000000000000000000e+00 0.000000000000000000e+00 0.000000000000000000e+00 0.000000000000000000e+00 0.000000000000000000e+00 0.000000000000000000e+00 0.000000000000000000e+00 0.000000000000000000e+00 0.000000000000000000e+00 0.000000000000000000e+00 0.000000000000000000e+00 0.000000000000000000e+00 0.000000000000000000e+00 0.000000000000000000e+00 0.000000000000000000e+00 0.000000000000000000e+00 0.000000000000000000e+00 0.000000000000000000e+00 0.000000000000000000e+00 0.000000000000000000e+00 0.000000000000000000e+00 0.000000000000000000e+00 0.000000000000000000e+00 0.000000000000000000e+00 0.000000000000000000e+00 0.000000000000000000e+00 0.000000000000000000e+00 0.000000000000000000e+00 0.000000000000000000e+00 0.000000000000000000e+00 0.000000000000000000e+00 0.000000000000000000e+00 0.000000000000000000e+00 0.000000000000000000e+00 0.000000000000000000e+00 0.000000000000000000e+00 0.000000000000000000e+00 0.000000000000000000e+00 0.000000000000000000e+00 0.000000000000000000e+00 0.000000000000000000e+00 0.000000000000000000e+00 0.000000000000000000e+00 0.000000000000000000e+00 0.000000000000000000e+00 0.000000000000000000e+00 0.000000000000000000e+00 0.000000000000000000e+00 0.000000000000000000e+00 0.000000000000000000e+00 0.000000000000000000e+00 0.000000000000000000e+00 0.000000000000000000e+00 0.000000000000000000e+00 0.000000000000000000e+00 0.000000000000000000e+00 0.000000000000000000e+00 0.000000000000000000e+00 0.000000000000000000e+00 0.000000000000000000e+00 0.000000000000000000e+00 0.000000000000000000e+00 0.000000000000000000e+00 0.000000000000000000e+00 0.000000000000000000e+00 0.000000000000000000e+00 0.000000000000000000e+00 0.000000000000000000e+00 0.000000000000000000e+00 0.000000000000000000e+00 0.000000000000000000e+00 0.000000000000000000e+00 0.000000000000000000e+00 0.000000000000000000e+00 0.000000000000000000e+00 0.000000000000000000e+00 0.000000000000000000e+00 0.000000000000000000e+00 0.000000000000000000e+00 0.000000000000000000e+00 0.000000000000000000e+00 0.000000000000000000e+00 0.000000000000000000e+00 0.000000000000000000e+00 0.000000000000000000e+00
0.000000000000000000e+00 0.000000000000000000e+00 0.000000000000000000e+00 0.000000000000000000e+00 0.000000000000000000e+00 0.000000000000000000e+00 0.000000000000000000e+00 0.000000000000000000e+00 0.000000000000000000e+00 0.000000000000000000e+00 0.000000000000000000e+00 0.000000000000000000e+00 0.000000000000000000e+00 0.000000000000000000e+00 0.000000000000000000e+00 0.000000000000000000e+00 0.000000000000000000e+00 0.000000000000000000e+00 0.000000000000000000e+00 0.000000000000000000e+00 0.000000000000000000e+00 0.000000000000000000e+00 0.000000000000000000e+00 0.000000000000000000e+00 0.000000000000000000e+00 0.000000000000000000e+00 0.000000000000000000e+00 0.000000000000000000e+00 0.000000000000000000e+00 0.000000000000000000e+00 0.000000000000000000e+00 0.000000000000000000e+00 0.000000000000000000e+00 0.000000000000000000e+00 0.000000000000000000e+00 0.000000000000000000e+00 0.000000000000000000e+00 0.000000000000000000e+00 0.000000000000000000e+00 0.000000000000000000e+00 0.000000000000000000e+00 0.000000000000000000e+00 0.000000000000000000e+00 0.000000000000000000e+00 0.000000000000000000e+00 0.000000000000000000e+00 0.000000000000000000e+00 0.000000000000000000e+00 0.000000000000000000e+00 0.000000000000000000e+00 0.000000000000000000e+00 0.000000000000000000e+00 0.000000000000000000e+00 0.000000000000000000e+00 0.000000000000000000e+00 0.000000000000000000e+00 0.000000000000000000e+00 0.000000000000000000e+00 0.000000000000000000e+00 0.000000000000000000e+00 0.000000000000000000e+00 0.000000000000000000e+00 0.000000000000000000e+00 0.000000000000000000e+00 0.000000000000000000e+00 0.000000000000000000e+00 0.000000000000000000e+00 0.000000000000000000e+00 0.000000000000000000e+00 0.000000000000000000e+00 0.000000000000000000e+00 0.000000000000000000e+00 0.000000000000000000e+00 0.000000000000000000e+00 0.000000000000000000e+00 0.000000000000000000e+00 0.000000000000000000e+00 0.000000000000000000e+00 0.000000000000000000e+00 0.000000000000000000e+00 0.000000000000000000e+00 0.000000000000000000e+00 0.000000000000000000e+00 0.000000000000000000e+00 0.000000000000000000e+00 0.000000000000000000e+00 0.000000000000000000e+00 0.000000000000000000e+00 0.000000000000000000e+00
0.000000000000000000e+00 0.000000000000000000e+00 0.000000000000000000e+00 5.003389830508470304e+00 6.532976092333055540e+00 1.021153846153845812e+01 2.424999999999999645e+01 3.350000000000001421e+01 4.583333333333331439e+01 9.202325581395344400e+00 3.649999999999997158e+01 6.472468916518648641e+00 0.000000000000000000e+00 6.149999999999997158e+01 3.949999999999996447e+01 2.814285714285714235e+01 4.312500000000001421e+01 4.999999999999996447e+01 7.200000000000001421e+01 0.000000000000000000e+00 0.000000000000000000e+00 0.000000000000000000e+00 0.000000000000000000e+00 0.000000000000000000e+00 0.000000000000000000e+00 0.000000000000000000e+00 0.000000000000000000e+00 0.000000000000000000e+00 0.000000000000000000e+00 0.000000000000000000e+00 0.000000000000000000e+00 8.949999999999995737e+01 0.000000000000000000e+00 0.000000000000000000e+00 0.000000000000000000e+00 0.000000000000000000e+00 0.000000000000000000e+00 3.103124999999998934e+01 3.653846153846151878e+01 0.000000000000000000e+00 0.000000000000000000e+00 0.000000000000000000e+00 0.000000000000000000e+00 0.000000000000000000e+00 3.849999999999998579e+01 0.000000000000000000e+00 0.000000000000000000e+00 0.000000000000000000e+00 0.000000000000000000e+00 0.000000000000000000e+00 0.000000000000000000e+00 0.000000000000000000e+00 0.000000000000000000e+00 0.000000000000000000e+00 0.000000000000000000e+00 0.000000000000000000e+00 0.000000000000000000e+00 0.000000000000000000e+00 3.449999999999996447e+01 0.000000000000000000e+00 0.000000000000000000e+00 0.000000000000000000e+00 0.000000000000000000e+00 0.000000000000000000e+00 0.000000000000000000e+00 0.000000000000000000e+00 0.000000000000000000e+00 0.000000000000000000e+00 0.000000000000000000e+00 0.000000000000000000e+00 0.000000000000000000e+00 0.000000000000000000e+00 0.000000000000000000e+00 0.000000000000000000e+00 0.000000000000000000e+00 0.000000000000000000e+00 0.000000000000000000e+00 0.000000000000000000e+00 0.000000000000000000e+00 0.000000000000000000e+00 0.000000000000000000e+00 0.000000000000000000e+00 0.000000000000000000e+00 0.000000000000000000e+00 0.000000000000000000e+00 0.000000000000000000e+00 0.000000000000000000e+00 0.000000000000000000e+00 0.000000000000000000e+00
0.000000000000000000e+00 0.000000000000000000e+00 0.000000000000000000e+00 6.532976092333055540e+00 9.447896213183724967e+00 9.039504350528273946e+00 2.626190476190475209e+01 2.502222222222221149e+01 4.693333333333330870e+01 1.311036036036035135e+01 4.241999999999998039e+01 1.256716886377902931e+01 5.183333333333331439e+01 5.449999999999996447e+01 2.535897435897435415e+01 1.073693379790940128e+01 2.455813953488371482e+01 4.149999999999996447e+01 6.314705882352937039e+01 0.000000000000000000e+00 0.000000000000000000e+00 0.000000000000000000e+00 0.000000000000000000e+00 0.000000000000000000e+00 0.000000000000000000e+00 3.950000000000002842e+01 0.000000000000000000e+00 0.000000000000000000e+00 6.599999999999998579e+01 0.000000000000000000e+00 0.000000000000000000e+00 7.987499999999997158e+01 6.325000000000000000e+01 0.000000000000000000e+00 0.000000000000000000e+00 0.000000000000000000e+00 0.000000000000000000e+00 1.176318383440117721e+01 1.792900856793144371e+01 3.972093023255813193e+01 0.000000000000000000e+00 3.724999999999997158e+01 0.000000000000000000e+00 0.000000000000000000e+00 5.853082641014427878e+00 1.493749999999998934e+01 0.000000000000000000e+00 5.724999999999991473e+01 3.449999999999995737e+01 0.000000000000000000e+00 5.499999999999991473e+01 5.199999999999991473e+01 4.674999999999995737e+01 6.599999999999997158e+01 4.805555555555552871e+01 6.899999999999994316e+01 0.000000000000000000e+00 5.399999999999990763e+01 2.655555555555552161e+01 4.449999999999997868e+01 5.249999999999997868e+01 0.000000000000000000e+00 0.000000000000000000e+00 0.000000000000000000e+00 0.000000000000000000e+00 0.000000000000000000e+00 0.000000000000000000e+00 0.000000000000000000e+00 0.000000000000000000e+00 0.000000000000000000e+00 0.000000000000000000e+00 8.299999999999995737e+01 0.000000000000000000e+00 0.000000000000000000e+00 0.000000000000000000e+00 0.000000000000000000e+00 0.000000000000000000e+00 0.000000000000000000e+00 0.000000000000000000e+00 0.000000000000000000e+00 1.838235294117645324e+01 5.049999999999995737e+01 6.199999999999993605e+01 0.000000000000000000e+00 2.774999999999998934e+01 0.000000000000000000e+00 0.000000000000000000e+00 1.883333333333331794e+01 9.333333333333323267e+00
0.000000000000000000e+00 0.000000000000000000e+00 0.000000000000000000e+00 1.021153846153845812e+01 9.039504350528273946e+00 1.346404026715709357e+01 9.606733852496560644e+00 1.276587488240827106e+01 3.059810126582277334e+01 1.661751588052438677e+01 4.192434210526313620e+01 2.441964711492607165e+01 5.746296296296294770e+01 5.649999999999996447e+01 2.385367892976587356e+01 2.012600321027286299e+01 3.180927835051544861e+01 5.234545454545452969e+01 6.897297297297293994e+01 0.000000000000000000e+00 6.199999999999998579e+01 0.000000000000000000e+00 3.783333333333334991e+01 2.699999999999999289e+01 3.499999999999999289e+01 4.562499999999998579e+01 3.799999999999997868e+01 0.000000000000000000e+00 6.699999999999997158e+01 5.618181818181815146e+01 7.883333333333331439e+01 7.942647058823526152e+01 7.616666666666662877e+01 0.000000000000000000e+00 7.699999999999994316e+01 0.000000000000000000e+00 0.000000000000000000e+00 1.644530022005658054e+01 1.946049945971903838e+01 3.321138211382112360e+01 0.000000000000000000e+00 4.283333333333332149e+01 3.864285714285712459e+01 3.363636363636362603e+01 1.817655786350147906e+01 4.668181818181815856e+01 0.000000000000000000e+00 4.149999999999996447e+01 5.333333333333327886e+01 0.000000000000000000e+00 4.724999999999996447e+01 6.774999999999997158e+01 5.149999999999996447e+01 0.000000000000000000e+00 5.124999999999996447e+01 7.149999999999994316e+01 0.000000000000000000e+00 0.000000000000000000e+00 3.312962962962961200e+01 4.864285714285711748e+01 0.000000000000000000e+00 6.749999999999997158e+01 0.000000000000000000e+00 0.000000000000000000e+00 0.000000000000000000e+00 0.000000000000000000e+00 0.000000000000000000e+00 0.000000000000000000e+00 0.000000000000000000e+00 0.000000000000000000e+00 0.000000000000000000e+00 0.000000000000000000e+00 0.000000000000000000e+00 0.000000000000000000e+00 0.000000000000000000e+00 0.000000000000000000e+00 0.000000000000000000e+00 0.000000000000000000e+00 0.000000000000000000e+00 0.000000000000000000e+00 3.614999999999996305e+01 5.419999999999995310e+01 0.000000000000000000e+00 0.000000000000000000e+00 4.599999999999996447e+01 0.000000000000000000e+00 0.000000000000000000e+00 4.499999999999997868e+01 0.000000000000000000e+00
0.000000000000000000e+00 0.000000000000000000e+00 0.000000000000000000e+00 2.424999999999999645e+01 2.626190476190475209e+01 9.606733852496560644e+00 9.358848974985889413e+00 7.532049657968073575e+00 1.854999999999999716e+01 1.184092694422623282e+01 4.410526315789472562e+01 4.289843749999997158e+01 0.000000000000000000e+00 0.000000000000000000e+00 4.117999999999997840e+01 2.672222222222220367e+01 4.924999999999997158e+01 6.749999999999997158e+01 7.199999999999997158e+01 0.000000000000000000e+00 0.000000000000000000e+00 0.000000000000000000e+00 0.000000000000000000e+00 0.000000000000000000e+00 0.000000000000000000e+00 0.000000000000000000e+00 0.000000000000000000e+00 0.000000000000000000e+00 6.512499999999997158e+01 5.024999999999998579e+01 0.000000000000000000e+00 7.716666666666667140e+01 8.574999999999997158e+01 0.000000000000000000e+00 0.000000000000000000e+00 0.000000000000000000e+00 0.000000000000000000e+00 3.602083333333332149e+01 2.836619718309857774e+01 3.872222222222220012e+01 0.000000000000000000e+00 0.000000000000000000e+00 0.000000000000000000e+00 2.599999999999996092e+01 3.299999999999998579e+01 0.000000000000000000e+00 0.000000000000000000e+00 5.849999999999992184e+01 0.000000000000000000e+00 0.000000000000000000e+00 0.000000000000000000e+00 0.000000000000000000e+00 0.000000000000000000e+00 0.000000000000000000e+00 0.000000000000000000e+00 0.000000000000000000e+00 0.000000000000000000e+00 0.000000000000000000e+00 0.000000000000000000e+00 0.000000000000000000e+00 0.000000000000000000e+00 0.000000000000000000e+00 0.000000000000000000e+00 0.000000000000000000e+00 0.000000000000000000e+00 0.000000000000000000e+00 0.000000000000000000e+00 0.000000000000000000e+00 0.000000000000000000e+00 0.000000000000000000e+00 0.000000000000000000e+00 0.000000000000000000e+00 0.000000000000000000e+00 0.000000000000000000e+00 0.000000000000000000e+00 0.000000000000000000e+00 0.000000000000000000e+00 0.000000000000000000e+00 0.000000000000000000e+00 0.000000000000000000e+00 0.000000000000000000e+00 0.000000000000000000e+00 0.000000000000000000e+00 0.000000000000000000e+00 0.000000000000000000e+00 0.000000000000000000e+00 0.000000000000000000e+00 0.000000000000000000e+00 0.000000000000000000e+00
0.000000000000000000e+00 0.000000000000000000e+00 0.000000000000000000e+00 3.350000000000001421e+01 2.502222222222221149e+01 1.276587488240827106e+01 7.532049657968073575e+00 8.266310679611649448e+00 9.307477937761261089e+00 1.796241597066611817e+01 2.969708029197078147e+01 2.733592880978864059e+01 3.850268817204299410e+01 0.000000000000000000e+00 3.634587458745872368e+01 1.975185185185184622e+01 2.443749999999999289e+01 5.295454545454543194e+01 6.155555555555553582e+01 0.000000000000000000e+00 8.499999999999998579e+01 0.000000000000000000e+00 0.000000000000000000e+00 0.000000000000000000e+00 6.700000000000001421e+01 5.558333333333329307e+01 4.749999999999998579e+01 6.299999999999998579e+01 5.026041666666665009e+01 3.587967914438500827e+01 0.000000000000000000e+00 6.849999999999998579e+01 6.459999999999996589e+01 0.000000000000000000e+00 7.799999999999998579e+01 0.000000000000000000e+00 7.183333333333331439e+01 2.848514851485146693e+01 2.678571428571427404e+01 4.446666666666665435e+01 0.000000000000000000e+00 4.850000000000004263e+01 5.183333333333332149e+01 0.000000000000000000e+00 2.774999999999997868e+01 5.869999999999996732e+01 0.000000000000000000e+00 4.549999999999994316e+01 3.874999999999998579e+01 0.000000000000000000e+00 4.783333333333329307e+01 0.000000000000000000e+00 4.062162162162159973e+01 0.000000000000000000e+00 3.640909090909087098e+01 8.000000000000002842e+01 0.000000000000000000e+00 5.700000000000000000e+01 2.471621621621621046e+01 2.099999999999998579e+01 3.449999999999999289e+01 0.000000000000000000e+00 0.000000000000000000e+00 0.000000000000000000e+00 0.000000000000000000e+00 0.000000000000000000e+00 0.000000000000000000e+00 0.000000000000000000e+00 0.000000000000000000e+00 0.000000000000000000e+00 0.000000000000000000e+00 0.000000000000000000e+00 0.000000000000000000e+00 0.000000000000000000e+00 0.000000000000000000e+00 7.399999999999995737e+01 0.000000000000000000e+00 0.000000000000000000e+00 0.000000000000000000e+00 0.000000000000000000e+00 3.656249999999997868e+01 4.504999999999996874e+01 5.199999999999997158e+01 0.000000000000000000e+00 0.000000000000000000e+00 0.000000000000000000e+00 0.000000000000000000e+00 3.599999999999998579e+01 0.000000000000000000e+00
0.000000000000000000e+00 0.000000000000000000e+00 0.000000000000000000e+00 4.583333333333331439e+01 4.693333333333330870e+01 3.059810126582277334e+01 1.854999999999999716e+01 9.307477937761261089e+00 1.113821944117464824e+01 1.906480848153213969e+01 2.246486486486486456e+01 3.100472533963378652e+01 1.131959219858156018e+01 4.830000000000001137e+01 2.205195563339170306e+01 3.279673590504450686e+01 2.804245283018867951e+01 4.659459459459458230e+01 5.382352941176470296e+01 0.000000000000000000e+00 5.074999999999996447e+01 0.000000000000000000e+00 0.000000000000000000e+00 0.000000000000000000e+00 3.299999999999999289e+01 3.950000000000000000e+01 2.822727272727270531e+01 5.316666666666666430e+01 2.373640856672157895e+01 2.329254658385092114e+01 4.693749999999999289e+01 5.815999999999998238e+01 6.187499999999999289e+01 0.000000000000000000e+00 6.309999999999998721e+01 0.000000000000000000e+00 5.522222222222221433e+01 2.094885945548196915e+01 1.722065532973869750e+01 2.475925925925925952e+01 0.000000000000000000e+00 3.050000000000001421e+01 5.333333333333334281e+01 4.637499999999998579e+01 3.479999999999998295e+01 3.051666666666667282e+01 0.000000000000000000e+00 0.000000000000000000e+00 6.149999999999997868e+01 0.000000000000000000e+00 0.000000000000000000e+00 5.579999999999999005e+01 5.336666666666662451e+01 5.529999999999996874e+01 5.151282051282048968e+01 0.000000000000000000e+00 0.000000000000000000e+00 0.000000000000000000e+00 4.272222222222220012e+01 3.429999999999997584e+01 0.000000000000000000e+00 0.000000000000000000e+00 0.000000000000000000e+00 0.000000000000000000e+00 0.000000000000000000e+00 0.000000000000000000e+00 0.000000000000000000e+00 0.000000000000000000e+00 0.000000000000000000e+00 0.000000000000000000e+00 0.000000000000000000e+00 0.000000000000000000e+00 0.000000000000000000e+00 0.000000000000000000e+00 0.000000000000000000e+00 1.019999999999999716e+02 0.000000000000000000e+00 0.000000000000000000e+00 0.000000000000000000e+00 0.000000000000000000e+00 4.215384615384613909e+01 5.209999999999998010e+01 0.000000000000000000e+00 0.000000000000000000e+00 0.000000000000000000e+00 0.000000000000000000e+00 0.000000000000000000e+00 0.000000000000000000e+00 0.000000000000000000e+00
0.000000000000000000e+00 0.000000000000000000e+00 0.000000000000000000e+00 9.202325581395344400e+00 1.311036036036035135e+01 1.661751588052438677e+01 1.184092694422623282e+01 1.796241597066611817e+01 1.906480848153213969e+01 1.257146350210282648e+01 1.524649859943977148e+01 1.728614133362059135e+01 4.580405405405403485e+01 4.883333333333332149e+01 3.548860021208906090e+01 2.360012247397427032e+01 2.384956183057447987e+01 4.899425287356319814e+01 6.143359374999997868e+01 0.000000000000000000e+00 0.000000000000000000e+00 6.599999999999997158e+01 0.000000000000000000e+00 0.000000000000000000e+00 5.749999999999999289e+01 7.207142857142855519e+01 4.349999999999997868e+01 0.000000000000000000e+00 5.945738636363634555e+01 5.568493150684929560e+01 6.919999999999997442e+01 6.920360360360358243e+01 6.386831275720162893e+01 8.049999999999997158e+01 7.649999999999997158e+01 0.000000000000000000e+00 6.159999999999998010e+01 2.390131324835842364e+01 2.783274733860726968e+01 4.369288389513107518e+01 0.000000000000000000e+00 4.641666666666665719e+01 5.249999999999996447e+01 5.468518518518516203e+01 3.114432989690718756e+01 4.780281690140843409e+01 0.000000000000000000e+00 4.274999999999996447e+01 5.549999999999997868e+01 0.000000000000000000e+00 5.099999999999996447e+01 4.519999999999996732e+01 5.027083333333328596e+01 5.416666666666662167e+01 4.517808219178078843e+01 6.550000000000000000e+01 0.000000000000000000e+00 6.899999999999998579e+01 3.384615384615382538e+01 3.237499999999997158e+01 4.933333333333327886e+01 6.059999999999994458e+01 0.000000000000000000e+00 0.000000000000000000e+00 0.000000000000000000e+00 0.000000000000000000e+00 0.000000000000000000e+00 0.000000000000000000e+00 0.000000000000000000e+00 0.000000000000000000e+00 0.000000000000000000e+00 8.400000000000001421e+01 0.000000000000000000e+00 0.000000000000000000e+00 1.040000000000000142e+02 0.000000000000000000e+00 0.000000000000000000e+00 0.000000000000000000e+00 0.000000000000000000e+00 0.000000000000000000e+00 3.874999999999997158e+01 5.283333333333329307e+01 6.249999999999992184e+01 0.000000000000000000e+00 7.299999999999998579e+01 0.000000000000000000e+00 0.000000000000000000e+00 0.000000000000000000e+00 0.000000000000000000e+00
0.000000000000000000e+00 0.000000000000000000e+00 0.000000000000000000e+00 3.649999999999997158e+01 4.241999999999998039e+01 4.192434210526313620e+01 4.410526315789472562e+01 2.969708029197078147e+01 2.246486486486486456e+01 1.524649859943977148e+01 1.391189699995873319e+01 2.214563318777292622e+01 1.507302007500551433e+01 3.577272727272727337e+01 2.229316678912564242e+01 3.952307692307690701e+01 2.673970037453182869e+01 2.759510869565216851e+01 4.414245810055865604e+01 8.049999999999995737e+01 6.972222222222222854e+01 5.874999999999999289e+01 6.899999999999998579e+01 8.699999999999998579e+01 7.309999999999999432e+01 6.088888888888888573e+01 6.970000000000000284e+01 5.222222222222222143e+01 3.682118055555555713e+01 2.727925117004680189e+01 5.212313432835821914e+01 5.180766731643924317e+01 4.679666666666666686e+01 4.984210526315791157e+01 6.284513274336283217e+01 5.000000000000000000e+01 5.281355932203389614e+01 2.037876254180601521e+01 2.013924418604651123e+01 3.013571428571428612e+01 0.000000000000000000e+00 3.102777777777777857e+01 4.735526315789473983e+01 3.912244897959183021e+01 2.499999999999998224e+01 3.250000000000000000e+01 0.000000000000000000e+00 5.999999999999997158e+01 0.000000000000000000e+00 0.000000000000000000e+00 0.000000000000000000e+00 4.199999999999994316e+01 5.281818181818177749e+01 5.087499999999995026e+01 5.122222222222217169e+01 8.149999999999998579e+01 4.549999999999995026e+01 4.850000000000000711e+01 4.683333333333331439e+01 2.994444444444441444e+01 3.537499999999997158e+01 5.199999999999995026e+01 0.000000000000000000e+00 0.000000000000000000e+00 0.000000000000000000e+00 0.000000000000000000e+00 0.000000000000000000e+00 0.000000000000000000e+00 0.000000000000000000e+00 0.000000000000000000e+00 0.000000000000000000e+00 0.000000000000000000e+00 0.000000000000000000e+00 0.000000000000000000e+00 8.199999999999997158e+01 5.675000000000000711e+01 0.000000000000000000e+00 0.000000000000000000e+00 0.000000000000000000e+00 0.000000000000000000e+00 4.672222222222219301e+01 4.722222222222220722e+01 5.999999999999997158e+01 0.000000000000000000e+00 6.099999999999998579e+01 7.000000000000001421e+01 0.000000000000000000e+00 0.000000000000000000e+00 0.000000000000000000e+00
0.000000000000000000e+00 0.000000000000000000e+00 0.000000000000000000e+00 6.472468916518648641e+00 1.256716886377902931e+01 2.441964711492607165e+01 4.289843749999997158e+01 2.733592880978864059e+01 3.100472533963378652e+01 1.728614133362059135e+01 2.214563318777292622e+01 1.602181681941322111e+01 2.183557312252964522e+01 1.574805091487669095e+01 2.964705882352939881e+01 2.234794711203895901e+01 1.884066343645172736e+01 2.721074582924434893e+01 4.337561174551386500e+01 0.000000000000000000e+00 8.080000000000001137e+01 6.024999999999999289e+01 0.000000000000000000e+00 0.000000000000000000e+00 6.099999999999999289e+01 5.783333333333334281e+01 0.000000000000000000e+00 6.024999999999999289e+01 3.154355300859598898e+01 4.115222482435596874e+01 5.720338983050847759e+01 4.568219005663939924e+01 4.373949579831932510e+01 5.519999999999998863e+01 7.182894736842105488e+01 0.000000000000000000e+00 6.290740740740740478e+01 2.553063418129701745e+01 2.887201469687690292e+01 3.458451369216241744e+01 0.000000000000000000e+00 3.442605633802816811e+01 6.966666666666662877e+01 4.333505154639175316e+01 3.616666666666664298e+01 3.880440414507772573e+01 0.000000000000000000e+00 4.962499999999995026e+01 5.768181818181815146e+01 0.000000000000000000e+00 5.542857142857138086e+01 4.816666666666662877e+01 5.061764705882347926e+01 6.321428571428567977e+01 1.756249999999998934e+01 4.329999999999997584e+01 1.116666666666667496e+01 6.149999999999996447e+01 2.989732142857140929e+01 3.091803278688522738e+01 3.007894736842103356e+01 4.943333333333331581e+01 0.000000000000000000e+00 0.000000000000000000e+00 0.000000000000000000e+00 0.000000000000000000e+00 0.000000000000000000e+00 0.000000000000000000e+00 0.000000000000000000e+00 0.000000000000000000e+00 0.000000000000000000e+00 7.349999999999995737e+01 9.299999999999992895e+01 0.000000000000000000e+00 7.474999999999998579e+01 7.600000000000000000e+01 0.000000000000000000e+00 0.000000000000000000e+00 0.000000000000000000e+00 0.000000000000000000e+00 3.970967741935481143e+01 5.120270270270266622e+01 5.449999999999995737e+01 0.000000000000000000e+00 4.590000000000001279e+01 6.850000000000005684e+01 0.000000000000000000e+00 4.799999999999994316e+01 6.699999999999997158e+01
0.000000000000000000e+00 0.000000000000000000e+00 0.000000000000000000e+00 0.000000000000000000e+00 5.183333333333331439e+01 5.746296296296294770e+01 0.000000000000000000e+00 3.850268817204299410e+01 1.131959219858156018e+01 4.580405405405403485e+01 1.507302007500551433e+01 2.183557312252964522e+01 1.409422077922077854e+01 8.892583385125336193e+00 2.373200836820083737e+01 5.357954545454544615e+01 3.641666666666666430e+01 2.182952182952183051e+01 4.009217877094972238e+01 6.974999999999998579e+01 6.227083333333333570e+01 5.609999999999999432e+01 6.750000000000000000e+01 6.066666666666665009e+01 5.859523809523809490e+01 1.917274939172749271e+01 3.546969696969696884e+01 4.525190839694656830e+01 1.845184565096069562e+01 2.535735963581183583e+01 4.593507362784470871e+01 3.750302514653053976e+01 4.026641357748996342e+01 4.604166666666667140e+01 5.646938775510204067e+01 5.449999999999999289e+01 5.306743421052631504e+01 2.425500000000000611e+01 2.467275584364565688e+01 3.024307100950840876e+01 0.000000000000000000e+00 2.934112149532710134e+01 5.375000000000000000e+01 3.820986093552465235e+01 3.800000000000000000e+01 3.654535147392289929e+01 0.000000000000000000e+00 0.000000000000000000e+00 0.000000000000000000e+00 0.000000000000000000e+00 0.000000000000000000e+00 0.000000000000000000e+00 8.583333333333332860e+01 6.199999999999998579e+01 5.274999999999995737e+01 5.524999999999997158e+01 4.499999999999997158e+01 0.000000000000000000e+00 6.199999999999990763e+01 5.433333333333330728e+01 3.506249999999998579e+01 5.825000000000001421e+01 0.000000000000000000e+00 0.000000000000000000e+00 0.000000000000000000e+00 0.000000000000000000e+00 0.000000000000000000e+00 0.000000000000000000e+00 0.000000000000000000e+00 0.000000000000000000e+00 0.000000000000000000e+00 0.000000000000000000e+00 0.000000000000000000e+00 0.000000000000000000e+00 0.000000000000000000e+00 5.033333333333333570e+01 0.000000000000000000e+00 0.000000000000000000e+00 0.000000000000000000e+00 0.000000000000000000e+00 4.424999999999998579e+01 5.999999999999996447e+01 0.000000000000000000e+00 0.000000000000000000e+00 4.100000000000000000e+01 5.400000000000000000e+01 0.000000000000000000e+00 0.000000000000000000e+00 5.049999999999997158e+01
0.000000000000000000e+00 0.000000000000000000e+00 0.000000000000000000e+00 6.149999999999997158e+01 5.449999999999996447e+01 5.649999999999996447e+01 0.000000000000000000e+00 0.000000000000000000e+00 4.830000000000001137e+01 4.883333333333332149e+01 3.577272727272727337e+01 1.574805091487669095e+01 8.892583385125336193e+00 9.390847156398104190e+00 4.318181818181817277e+01 4.857142857142854098e+01 3.911111111111111427e+01 9.433593749999996447e+00 2.000000000000000355e+01 0.000000000000000000e+00 0.000000000000000000e+00 0.000000000000000000e+00 0.000000000000000000e+00 0.000000000000000000e+00 6.449999999999994316e+01 3.450000000000002842e+01 6.650000000000001421e+01 0.000000000000000000e+00 1.096941529235382262e+01 3.732222222222222285e+01 5.200000000000000000e+01 1.786029411764705799e+01 1.317229729729729648e+01 0.000000000000000000e+00 7.650000000000001421e+01 9.149999999999998579e+01 0.000000000000000000e+00 2.527027027027026307e+01 3.831531531531531698e+01 3.724390243902438868e+01 0.000000000000000000e+00 2.716666666666667140e+01 0.000000000000000000e+00 3.747435897435897090e+01 0.000000000000000000e+00 4.217499999999999716e+01 0.000000000000000000e+00 0.000000000000000000e+00 0.000000000000000000e+00 0.000000000000000000e+00 0.000000000000000000e+00 0.000000000000000000e+00 0.000000000000000000e+00 6.999999999999998579e+01 3.128571428571427049e+01 0.000000000000000000e+00 0.000000000000000000e+00 0.000000000000000000e+00 0.000000000000000000e+00 0.000000000000000000e+00 0.000000000000000000e+00 0.000000000000000000e+00 0.000000000000000000e+00 0.000000000000000000e+00 0.000000000000000000e+00 0.000000000000000000e+00 0.000000000000000000e+00 0.000000000000000000e+00 0.000000000000000000e+00 0.000000000000000000e+00 0.000000000000000000e+00 0.000000000000000000e+00 0.000000000000000000e+00 0.000000000000000000e+00 0.000000000000000000e+00 0.000000000000000000e+00 0.000000000000000000e+00 0.000000000000000000e+00 0.000000000000000000e+00 0.000000000000000000e+00 0.000000000000000000e+00 5.799999999999999289e+01 0.000000000000000000e+00 0.000000000000000000e+00 0.000000000000000000e+00 0.000000000000000000e+00 0.000000000000000000e+00 0.000000000000000000e+00 0.000000000000000000e+00
0.000000000000000000e+00 0.000000000000000000e+00 0.000000000000000000e+00 3.949999999999996447e+01 2.535897435897435415e+01 2.385367892976587356e+01 4.117999999999997840e+01 3.634587458745872368e+01 2.205195563339170306e+01 3.548860021208906090e+01 2.229316678912564242e+01 2.964705882352939881e+01 2.373200836820083737e+01 4.318181818181817277e+01 1.005336631913765366e+01 3.782236842105262298e+01 3.477966101694913448e+01 2.905555555555555713e+01 2.629336734693876920e+01 1.166666666666666963e+01 2.772756410256409509e+01 3.253124999999999289e+01 2.436842105263157876e+01 1.746900489396410094e+01 2.328903345724906870e+01 1.867929806714140284e+01 1.717602040816326081e+01 2.714622641509433265e+01 2.109944089456869065e+01 2.288102725366876200e+01 3.940416666666664725e+01 3.329428571428570649e+01 3.544890510948903994e+01 4.959090909090907928e+01 4.802456140350876268e+01 5.357142857142855519e+01 3.753529411764706225e+01 2.484472049689441064e+01 8.441956631366613450e+00 1.971087533156498850e+01 0.000000000000000000e+00 2.103851540616245686e+01 1.433184764991896287e+01 1.337060041407867494e+01 1.906249999999998579e+01 2.258146067415729519e+01 0.000000000000000000e+00 0.000000000000000000e+00 0.000000000000000000e+00 0.000000000000000000e+00 6.099999999999995737e+01 0.000000000000000000e+00 5.349999999999998579e+01 6.249999999999996447e+01 0.000000000000000000e+00 0.000000000000000000e+00 0.000000000000000000e+00 0.000000000000000000e+00 4.849999999999990763e+01 5.062499999999995737e+01 0.000000000000000000e+00 3.869230769230768630e+01 0.000000000000000000e+00 0.000000000000000000e+00 0.000000000000000000e+00 0.000000000000000000e+00 0.000000000000000000e+00 0.000000000000000000e+00 0.000000000000000000e+00 0.000000000000000000e+00 0.000000000000000000e+00 0.000000000000000000e+00 4.349999999999997158e+01 0.000000000000000000e+00 0.000000000000000000e+00 3.419999999999998153e+01 0.000000000000000000e+00 0.000000000000000000e+00 0.000000000000000000e+00 0.000000000000000000e+00 4.799999999999992895e+01 5.483333333333333570e+01 0.000000000000000000e+00 0.000000000000000000e+00 3.357142857142856940e+01 4.466666666666666430e+01 0.000000000000000000e+00 0.000000000000000000e+00 0.000000000000000000e+00
0.000000000000000000e+00 0.000000000000000000e+00 0.000000000000000000e+00 2.814285714285714235e+01 1.073693379790940128e+01 2.012600321027286299e+01 2.672222222222220367e+01 1.975185185185184622e+01 3.279673590504450686e+01 2.360012247397427032e+01 3.952307692307690701e+01 2.234794711203895901e+01 5.357954545454544615e+01 4.857142857142854098e+01 3.782236842105262298e+01 6.603915969814397435e+00 1.025846795205836059e+01 3.601461854728183454e+01 5.227539062499997868e+01 0.000000000000000000e+00 0.000000000000000000e+00 0.000000000000000000e+00 0.000000000000000000e+00 0.000000000000000000e+00 0.000000000000000000e+00 0.000000000000000000e+00 0.000000000000000000e+00 0.000000000000000000e+00 6.260869565217389265e+01 6.653846153846150457e+01 6.650000000000000000e+01 6.869780219780216157e+01 5.713448275862066339e+01 0.000000000000000000e+00 8.350000000000004263e+01 0.000000000000000000e+00 0.000000000000000000e+00 1.428862478777588230e+01 2.519821428571426836e+01 4.378571428571427759e+01 0.000000000000000000e+00 5.803124999999997868e+01 6.512499999999992895e+01 6.631818181818179880e+01 9.244498777506105824e+00 5.144736842105262298e+01 0.000000000000000000e+00 3.179999999999997229e+01 3.091666666666663943e+01 0.000000000000000000e+00 3.324999999999997158e+01 4.239999999999996305e+01 3.912999999999996703e+01 4.899999999999997158e+01 3.241379310344824916e+01 6.275000000000000000e+01 0.000000000000000000e+00 4.199999999999999289e+01 1.769512195121950171e+01 1.588461538461537792e+01 3.330434782608693922e+01 4.721999999999998465e+01 0.000000000000000000e+00 0.000000000000000000e+00 0.000000000000000000e+00 0.000000000000000000e+00 0.000000000000000000e+00 0.000000000000000000e+00 0.000000000000000000e+00 0.000000000000000000e+00 0.000000000000000000e+00 7.699999999999997158e+01 0.000000000000000000e+00 8.449999999999994316e+01 0.000000000000000000e+00 5.783333333333330728e+01 0.000000000000000000e+00 0.000000000000000000e+00 0.000000000000000000e+00 0.000000000000000000e+00 3.105555555555551095e+01 3.631111111111108158e+01 5.169999999999997442e+01 0.000000000000000000e+00 6.100000000000000711e+01 0.000000000000000000e+00 0.000000000000000000e+00 2.689999999999994884e+01 0.000000000000000000e+00
0.000000000000000000e+00 0.000000000000000000e+00 0.000000000000000000e+00 4.312500000000001421e+01 2.455813953488371482e+01 3.180927835051544861e+01 4.924999999999997158e+01 2.443749999999999289e+01 2.804245283018867951e+01 2.384956183057447987e+01 2.673970037453182869e+01 1.884066343645172736e+01 3.641666666666666430e+01 3.911111111111111427e+01 3.477966101694913448e+01 1.025846795205836059e+01 8.015957446808505082e+00 2.268699439950216146e+01 4.236686390532543101e+01 0.000000000000000000e+00 0.000000000000000000e+00 0.000000000000000000e+00 0.000000000000000000e+00 0.000000000000000000e+00 0.000000000000000000e+00 8.300000000000001421e+01 0.000000000000000000e+00 0.000000000000000000e+00 5.172727272727270531e+01 5.187499999999997868e+01 0.000000000000000000e+00 5.923684210526314331e+01 4.552027027027025241e+01 0.000000000000000000e+00 9.700000000000001421e+01 0.000000000000000000e+00 0.000000000000000000e+00 1.899342105263156810e+01 2.433842592592591103e+01 3.098101265822784711e+01 0.000000000000000000e+00 2.883333333333332504e+01 0.000000000000000000e+00 3.941666666666665719e+01 3.219999999999996732e+01 4.010344827586206407e+01 0.000000000000000000e+00 0.000000000000000000e+00 4.299999999999999289e+01 4.100000000000000000e+01 0.000000000000000000e+00 2.471428571428567622e+01 3.448611111111109295e+01 4.377272727272723785e+01 2.540441176470586981e+01 8.350000000000001421e+01 4.799999999999997158e+01 0.000000000000000000e+00 2.412000000000000099e+01 1.362499999999999467e+01 1.680882352941175739e+01 4.009999999999998721e+01 0.000000000000000000e+00 0.000000000000000000e+00 0.000000000000000000e+00 0.000000000000000000e+00 0.000000000000000000e+00 0.000000000000000000e+00 0.000000000000000000e+00 0.000000000000000000e+00 0.000000000000000000e+00 0.000000000000000000e+00 0.000000000000000000e+00 0.000000000000000000e+00 7.449999999999994316e+01 4.949999999999995737e+01 0.000000000000000000e+00 0.000000000000000000e+00 0.000000000000000000e+00 0.000000000000000000e+00 1.836111111111108585e+01 3.723999999999998067e+01 3.287499999999998579e+01 0.000000000000000000e+00 0.000000000000000000e+00 0.000000000000000000e+00 0.000000000000000000e+00 3.349999999999997868e+01 0.000000000000000000e+00
