0.000000000000000000e+00 0.000000000000000000e+00 0.000000000000000000e+00 0.000000000000000000e+00 0.000000000000000000e+00 0.000000000000000000e+00 0.000000000000000000e+00 0.000000000000000000e+00 0.000000000000000000e+00 0.000000000000000000e+00 0.000000000000000000e+00 0.000000000000000000e+00 0.000000000000000000e+00 0.000000000000000000e+00 0.000000000000000000e+00 0.000000000000000000e+00 0.000000000000000000e+00 0.000000000000000000e+00 0.000000000000000000e+00 0.000000000000000000e+00 0.000000000000000000e+00 0.000000000000000000e+00 0.000000000000000000e+00 0.000000000000000000e+00 0.000000000000000000e+00 0.000000000000000000e+00 0.000000000000000000e+00 0.000000000000000000e+00 0.000000000000000000e+00 0.000000000000000000e+00 0.000000000000000000e+00 0.000000000000000000e+00 0.000000000000000000e+00 0.000000000000000000e+00 0.000000000000000000e+00 0.000000000000000000e+00 0.000000000000000000e+00 0.000000000000000000e+00 0.000000000000000000e+00 0.000000000000000000e+00 0.000000000000000000e+00 0.000000000000000000e+00 0.000000000000000000e+00 0.000000000000000000e+00 0.000000000000000000e+00 0.000000000000000000e+00 0.000000000000000000e+00 0.000000000000000000e+00 0.000000000000000000e+00 0.000000000000000000e+00 0.000000000000000000e+00 0.000000000000000000e+00 0.000000000000000000e+00 0.000000000000000000e+00 0.000000000000000000e+00 0.000000000000000000e+00 0.000000000000000000e+00 0.000000000000000000e+00 0.000000000000000000e+00 0.000000000000000000e+00 0.000000000000000000e+00 0.000000000000000000e+00 0.000000000000000000e+00 0.000000000000000000e+00 0.000000000000000000e+00 0.000000000000000000e+00 0.000000000000000000e+00 0.000000000000000000e+00 0.000000000000000000e+00 0.000000000000000000e+00 0.000000000000000000e+00 0.000000000000000000e+00 0.000000000000000000e+00 0.000000000000000000e+00 0.000000000000000000e+00 0.000000000000000000e+00 0.000000000000000000e+00 0.000000000000000000e+00 0.000000000000000000e+00 0.000000000000000000e+00 0.000000000000000000e+00 0.000000000000000000e+00 0.000000000000000000e+00 0.000000000000000000e+00 0.000000000000000000e+00 0.000000000000000000e+00 0.000000000000000000e+00 0.000000000000000000e+00 0.000000000000000000e+00
0.000000000000000000e+00 0.000000000000000000e+00 0.000000000000000000e+00 0.000000000000000000e+00 0.000000000000000000e+00 0.000000000000000000e+00 0.000000000000000000e+00 0.000000000000000000e+00 0.000000000000000000e+00 0.000000000000000000e+00 0.000000000000000000e+00 0.000000000000000000e+00 0.000000000000000000e+00 0.000000000000000000e+00 0.000000000000000000e+00 0.000000000000000000e+00 0.000000000000000000e+00 0.000000000000000000e+00 0.000000000000000000e+00 0.000000000000000000e+00 0.000000000000000000e+00 0.000000000000000000e+00 0.000000000000000000e+00 0.000000000000000000e+00 0.000000000000000000e+00 0.000000000000000000e+00 0.000000000000000000e+00 0.000000000000000000e+00 0.000000000000000000e+00 0.000000000000000000e+00 0.000000000000000000e+00 0.000000000000000000e+00 0.000000000000000000e+00 0.000000000000000000e+00 0.000000000000000000e+00 0.000000000000000000e+00 0.000000000000000000e+00 0.000000000000000000e+00 0.000000000000000000e+00 0.000000000000000000e+00 0.000000000000000000e+00 0.000000000000000000e+00 0.000000000000000000e+00 0.000000000000000000e+00 0.000000000000000000e+00 0.000000000000000000e+00 0.000000000000000000e+00 0.000000000000000000e+00 0.000000000000000000e+00 0.000000000000000000e+00 0.000000000000000000e+00 0.000000000000000000e+00 0.000000000000000000e+00 0.000000000000000000e+00 0.000000000000000000e+00 0.000000000000000000e+00 0.000000000000000000e+00 0.000000000000000000e+00 0.000000000000000000e+00 0.000000000000000000e+00 0.000000000000000000e+00 0.000000000000000000e+00 0.000000000000000000e+00 0.000000000000000000e+00 0.000000000000000000e+00 0.000000000000000000e+00 0.000000000000000000e+00 0.000000000000000000e+00 0.000000000000000000e+00 0.000000000000000000e+00 0.000000000000000000e+00 0.000000000000000000e+00 0.000000000000000000e+00 0.000000000000000000e+00 0.000000000000000000e+00 0.000000000000000000e+00 0.000000000000000000e+00 0.000000000000000000e+00 0.000000000000000000e+00 0.000000000000000000e+00 0.000000000000000000e+00 0.000000000000000000e+00 0.000000000000000000e+00 0.000000000000000000e+00 0.000000000000000000e+00 0.000000000000000000e+00 0.000000000000000000e+00 0.000000000000000000e+00 0.000000000000000000e+00
0.000000000000000000e+00 0.000000000000000000e+00 0.000000000000000000e+00 0.000000000000000000e+00 0.000000000000000000e+00 0.000000000000000000e+00 0.000000000000000000e+00 0.000000000000000000e+00 0.000000000000000000e+00 0.000000000000000000e+00 0.000000000000000000e+00 0.000000000000000000e+00 0.000000000000000000e+00 0.000000000000000000e+00 0.000000000000000000e+00 0.000000000000000000e+00 0.000000000000000000e+00 0.000000000000000000e+00 0.000000000000000000e+00 0.000000000000000000e+00 0.000000000000000000e+00 0.000000000000000000e+00 0.000000000000000000e+00 0.000000000000000000e+00 0.000000000000000000e+00 0.000000000000000000e+00 0.000000000000000000e+00 0.000000000000000000e+00 0.000000000000000000e+00 0.000000000000000000e+00 0.000000000000000000e+00 0.000000000000000000e+00 0.000000000000000000e+00 0.000000000000000000e+00 0.000000000000000000e+00 0.000000000000000000e+00 0.000000000000000000e+00 0.000000000000000000e+00 0.000000000000000000e+00 0.000000000000000000e+00 0.000000000000000000e+00 0.000000000000000000e+00 0.000000000000000000e+00 0.000000000000000000e+00 0.000000000000000000e+00 0.000000000000000000e+00 0.000000000000000000e+00 0.000000000000000000e+00 0.000000000000000000e+00 0.000000000000000000e+00 0.000000000000000000e+00 0.000000000000000000e+00 0.000000000000000000e+00 0.000000000000000000e+00 0.000000000000000000e+00 0.000000000000000000e+00 0.000000000000000000e+00 0.000000000000000000e+00 0.000000000000000000e+00 0.000000000000000000e+00 0.000000000000000000e+00 0.000000000000000000e+00 0.000000000000000000e+00 0.000000000000000000e+00 0.000000000000000000e+00 0.000000000000000000e+00 0.000000000000000000e+00 0.000000000000000000e+00 0.000000000000000000e+00 0.000000000000000000e+00 0.000000000000000000e+00 0.000000000000000000e+00 0.000000000000000000e+00 0.000000000000000000e+00 0.000000000000000000e+00 0.000000000000000000e+00 0.000000000000000000e+00 0.000000000000000000e+00 0.000000000000000000e+00 0.000000000000000000e+00 0.000000000000000000e+00 0.000000000000000000e+00 0.000000000000000000e+00 0.000000000000000000e+00 0.000000000000000000e+00 0.000000000000000000e+00 0.000000000000000000e+00 0.000000000000000000e+00 0.000000000000000000e+00
0.000000000000000000e+00 0.000000000000000000e+00 0.000000000000000000e+00 4.736477115117886605e+00 8.707785642062685127e+00 1.179535558780841420e+01 3.208333333333331439e+01 3.108823529411763076e+01 4.293333333333331581e+01 1.175163398692809835e+01 4.063636363636362603e+01 6.545836837678719711e+00 6.174999999999992895e+01 5.849999999999998579e+01 4.505555555555552871e+01 2.999999999999998579e+01 3.375000000000000000e+01 4.799999999999997868e+01 0.000000000000000000e+00 0.000000000000000000e+00 0.000000000000000000e+00 0.000000000000000000e+00 0.000000000000000000e+00 0.000000000000000000e+00 0.000000000000000000e+00 0.000000000000000000e+00 0.000000000000000000e+00 0.000000000000000000e+00 0.000000000000000000e+00 0.000000000000000000e+00 0.000000000000000000e+00 0.000000000000000000e+00 0.000000000000000000e+00 0.000000000000000000e+00 0.000000000000000000e+00 0.000000000000000000e+00 0.000000000000000000e+00 3.031081081081079986e+01 3.307647058823526720e+01 0.000000000000000000e+00 0.000000000000000000e+00 0.000000000000000000e+00 0.000000000000000000e+00 0.000000000000000000e+00 3.309999999999995879e+01 0.000000000000000000e+00 0.000000000000000000e+00 0.000000000000000000e+00 0.000000000000000000e+00 0.000000000000000000e+00 0.000000000000000000e+00 0.000000000000000000e+00 0.000000000000000000e+00 0.000000000000000000e+00 0.000000000000000000e+00 0.000000000000000000e+00 0.000000000000000000e+00 0.000000000000000000e+00 0.000000000000000000e+00 0.000000000000000000e+00 0.000000000000000000e+00 0.000000000000000000e+00 0.000000000000000000e+00 0.000000000000000000e+00 0.000000000000000000e+00 0.000000000000000000e+00 0.000000000000000000e+00 0.000000000000000000e+00 0.000000000000000000e+00 0.000000000000000000e+00 0.000000000000000000e+00 0.000000000000000000e+00 0.000000000000000000e+00 0.000000000000000000e+00 0.000000000000000000e+00 0.000000000000000000e+00 0.000000000000000000e+00 0.000000000000000000e+00 0.000000000000000000e+00 0.000000000000000000e+00 0.000000000000000000e+00 0.000000000000000000e+00 0.000000000000000000e+00 0.000000000000000000e+00 0.000000000000000000e+00 0.000000000000000000e+00 0.000000000000000000e+00 0.000000000000000000e+00 0.000000000000000000e+00
0.000000000000000000e+00 0.000000000000000000e+00 0.000000000000000000e+00 8.707785642062685127e+00 9.734855136084277660e+00 9.355163593733344385e+00 3.044999999999998153e+01 2.605314009661834973e+01 3.686249999999998295e+01 1.491510318949342739e+01 4.220588235294116686e+01 1.580057070386810025e+01 5.821875000000000000e+01 5.999999999999996447e+01 3.131111111111109579e+01 1.372061191626408494e+01 2.262499999999999645e+01 4.364999999999996305e+01 6.689130434782605050e+01 0.000000000000000000e+00 4.199999999999998579e+01 0.000000000000000000e+00 0.000000000000000000e+00 0.000000000000000000e+00 0.000000000000000000e+00 3.499999999999995737e+01 0.000000000000000000e+00 6.349999999999997868e+01 6.109999999999998721e+01 7.899999999999998579e+01 9.749999999999997158e+01 7.769999999999998863e+01 6.850000000000002842e+01 0.000000000000000000e+00 0.000000000000000000e+00 0.000000000000000000e+00 0.000000000000000000e+00 1.256768707482992120e+01 1.932053175775478948e+01 4.346666666666664725e+01 0.000000000000000000e+00 5.237499999999999289e+01 3.649999999999997868e+01 5.187499999999997158e+01 5.510238907849825729e+00 1.017999999999999616e+01 0.000000000000000000e+00 3.550000000000000711e+01 3.775000000000001421e+01 0.000000000000000000e+00 0.000000000000000000e+00 0.000000000000000000e+00 4.700000000000000711e+01 0.000000000000000000e+00 0.000000000000000000e+00 0.000000000000000000e+00 0.000000000000000000e+00 0.000000000000000000e+00 2.872222222222221433e+01 3.449999999999996447e+01 0.000000000000000000e+00 0.000000000000000000e+00 0.000000000000000000e+00 0.000000000000000000e+00 0.000000000000000000e+00 0.000000000000000000e+00 0.000000000000000000e+00 0.000000000000000000e+00 0.000000000000000000e+00 0.000000000000000000e+00 0.000000000000000000e+00 0.000000000000000000e+00 0.000000000000000000e+00 0.000000000000000000e+00 0.000000000000000000e+00 0.000000000000000000e+00 0.000000000000000000e+00 0.000000000000000000e+00 0.000000000000000000e+00 0.000000000000000000e+00 1.805681818181817277e+01 1.933333333333330728e+01 0.000000000000000000e+00 0.000000000000000000e+00 0.000000000000000000e+00 0.000000000000000000e+00 0.000000000000000000e+00 1.174999999999999112e+01 1.049999999999999645e+01
0.000000000000000000e+00 0.000000000000000000e+00 0.000000000000000000e+00 1.179535558780841420e+01 9.355163593733344385e+00 1.431242255977237576e+01 9.494237588652479687e+00 1.502207016191209910e+01 3.185127737226276068e+01 1.769824131789847854e+01 4.314620938628157631e+01 2.633916623777662380e+01 5.467647058823527573e+01 6.400000000000000000e+01 2.698329853862212246e+01 2.273637602179835682e+01 3.092777777777776649e+01 6.499999999999992895e+01 7.288636363636361182e+01 0.000000000000000000e+00 0.000000000000000000e+00 0.000000000000000000e+00 2.949999999999999289e+01 3.249999999999997158e+01 0.000000000000000000e+00 4.074999999999996447e+01 4.099999999999999289e+01 5.199999999999996447e+01 6.587499999999997158e+01 6.828571428571429180e+01 6.669999999999997442e+01 6.799999999999998579e+01 7.035714285714283278e+01 0.000000000000000000e+00 0.000000000000000000e+00 0.000000000000000000e+00 7.650000000000001421e+01 1.746790697674417814e+01 2.114128256513025050e+01 3.228676470588234082e+01 0.000000000000000000e+00 5.064285714285710327e+01 4.356249999999998579e+01 3.567499999999996874e+01 1.558479532163742221e+01 3.806666666666664867e+01 0.000000000000000000e+00 2.699999999999997868e+01 5.449999999999996447e+01 0.000000000000000000e+00 5.449999999999998579e+01 0.000000000000000000e+00 0.000000000000000000e+00 0.000000000000000000e+00 0.000000000000000000e+00 0.000000000000000000e+00 0.000000000000000000e+00 5.099999999999999289e+01 4.083333333333333570e+01 3.600000000000000000e+01 0.000000000000000000e+00 7.199999999999994316e+01 0.000000000000000000e+00 0.000000000000000000e+00 0.000000000000000000e+00 0.000000000000000000e+00 0.000000000000000000e+00 0.000000000000000000e+00 0.000000000000000000e+00 0.000000000000000000e+00 0.000000000000000000e+00 0.000000000000000000e+00 0.000000000000000000e+00 0.000000000000000000e+00 0.000000000000000000e+00 0.000000000000000000e+00 0.000000000000000000e+00 0.000000000000000000e+00 0.000000000000000000e+00 0.000000000000000000e+00 2.762499999999997158e+01 4.316666666666665009e+01 0.000000000000000000e+00 0.000000000000000000e+00 0.000000000000000000e+00 0.000000000000000000e+00 0.000000000000000000e+00 0.000000000000000000e+00 0.000000000000000000e+00
0.000000000000000000e+00 0.000000000000000000e+00 0.000000000000000000e+00 3.208333333333331439e+01 3.044999999999998153e+01 9.494237588652479687e+00 7.275767112509829104e+00 7.375648949320145142e+00 2.150423728813558455e+01 1.267041646720918813e+01 4.485714285714284699e+01 3.427941176470586981e+01 3.649999999999996447e+01 0.000000000000000000e+00 3.231818181818182012e+01 2.775000000000001421e+01 0.000000000000000000e+00 0.000000000000000000e+00 0.000000000000000000e+00 0.000000000000000000e+00 0.000000000000000000e+00 0.000000000000000000e+00 0.000000000000000000e+00 0.000000000000000000e+00 0.000000000000000000e+00 0.000000000000000000e+00 0.000000000000000000e+00 0.000000000000000000e+00 0.000000000000000000e+00 6.299999999999995737e+01 0.000000000000000000e+00 0.000000000000000000e+00 0.000000000000000000e+00 0.000000000000000000e+00 0.000000000000000000e+00 0.000000000000000000e+00 0.000000000000000000e+00 4.812500000000000000e+01 2.695238095238093123e+01 2.775000000000002842e+01 0.000000000000000000e+00 0.000000000000000000e+00 0.000000000000000000e+00 0.000000000000000000e+00 3.399999999999992895e+01 0.000000000000000000e+00 0.000000000000000000e+00 0.000000000000000000e+00 0.000000000000000000e+00 0.000000000000000000e+00 0.000000000000000000e+00 0.000000000000000000e+00 0.000000000000000000e+00 0.000000000000000000e+00 0.000000000000000000e+00 0.000000000000000000e+00 0.000000000000000000e+00 0.000000000000000000e+00 0.000000000000000000e+00 0.000000000000000000e+00 0.000000000000000000e+00 0.000000000000000000e+00 0.000000000000000000e+00 0.000000000000000000e+00 0.000000000000000000e+00 0.000000000000000000e+00 0.000000000000000000e+00 0.000000000000000000e+00 0.000000000000000000e+00 0.000000000000000000e+00 0.000000000000000000e+00 0.000000000000000000e+00 0.000000000000000000e+00 0.000000000000000000e+00 0.000000000000000000e+00 0.000000000000000000e+00 0.000000000000000000e+00 0.000000000000000000e+00 0.000000000000000000e+00 0.000000000000000000e+00 0.000000000000000000e+00 0.000000000000000000e+00 0.000000000000000000e+00 0.000000000000000000e+00 0.000000000000000000e+00 0.000000000000000000e+00 0.000000000000000000e+00 0.000000000000000000e+00 0.000000000000000000e+00
0.000000000000000000e+00 0.000000000000000000e+00 0.000000000000000000e+00 3.108823529411763076e+01 2.605314009661834973e+01 1.502207016191209910e+01 7.375648949320145142e+00 8.756248102802793198e+00 8.610171879402646056e+00 1.879140340800305253e+01 3.455445544554454074e+01 2.421809369951533597e+01 3.788636363636362603e+01 0.000000000000000000e+00 3.388957055214722658e+01 2.162601626016259360e+01 2.856666666666665222e+01 5.409999999999995168e+01 6.587499999999995737e+01 0.000000000000000000e+00 0.000000000000000000e+00 0.000000000000000000e+00 0.000000000000000000e+00 0.000000000000000000e+00 0.000000000000000000e+00 0.000000000000000000e+00 3.500000000000002132e+01 0.000000000000000000e+00 4.453030303030301695e+01 3.814062499999999289e+01 0.000000000000000000e+00 5.311111111111107874e+01 7.274999999999997158e+01 0.000000000000000000e+00 0.000000000000000000e+00 0.000000000000000000e+00 5.449999999999997868e+01 2.343421052631578050e+01 2.657344632768360526e+01 2.799999999999997868e+01 0.000000000000000000e+00 6.550000000000000000e+01 0.000000000000000000e+00 0.000000000000000000e+00 2.716666666666664653e+01 7.450000000000002842e+01 0.000000000000000000e+00 0.000000000000000000e+00 0.000000000000000000e+00 0.000000000000000000e+00 0.000000000000000000e+00 0.000000000000000000e+00 0.000000000000000000e+00 0.000000000000000000e+00 0.000000000000000000e+00 0.000000000000000000e+00 0.000000000000000000e+00 0.000000000000000000e+00 0.000000000000000000e+00 0.000000000000000000e+00 0.000000000000000000e+00 0.000000000000000000e+00 0.000000000000000000e+00 0.000000000000000000e+00 0.000000000000000000e+00 0.000000000000000000e+00 0.000000000000000000e+00 0.000000000000000000e+00 0.000000000000000000e+00 0.000000000000000000e+00 0.000000000000000000e+00 0.000000000000000000e+00 0.000000000000000000e+00 0.000000000000000000e+00 0.000000000000000000e+00 0.000000000000000000e+00 0.000000000000000000e+00 0.000000000000000000e+00 0.000000000000000000e+00 0.000000000000000000e+00 4.749999999999994316e+01 0.000000000000000000e+00 0.000000000000000000e+00 0.000000000000000000e+00 0.000000000000000000e+00 0.000000000000000000e+00 0.000000000000000000e+00 0.000000000000000000e+00 0.000000000000000000e+00
0.000000000000000000e+00 0.000000000000000000e+00 0.000000000000000000e+00 4.293333333333331581e+01 3.686249999999998295e+01 3.185127737226276068e+01 2.150423728813558455e+01 8.610171879402646056e+00 1.211888570746838489e+01 2.182724645296899268e+01 2.621222410865874508e+01 3.104826512455516152e+01 1.037548005908419491e+01 5.819999999999997442e+01 2.210063335679098628e+01 3.310050251256281229e+01 2.679617834394904463e+01 4.681250000000000000e+01 6.017857142857143771e+01 0.000000000000000000e+00 5.887500000000000000e+01 5.349999999999997158e+01 0.000000000000000000e+00 3.700000000000001421e+01 5.050000000000002132e+01 6.437499999999998579e+01 2.874999999999998579e+01 0.000000000000000000e+00 2.412073863636363669e+01 2.448615384615384016e+01 5.574999999999995737e+01 5.142553191489360387e+01 6.276666666666666572e+01 0.000000000000000000e+00 5.900000000000000711e+01 0.000000000000000000e+00 4.983333333333331439e+01 2.259484777517564424e+01 1.522459999999999702e+01 2.755555555555555713e+01 0.000000000000000000e+00 3.300000000000001421e+01 4.424999999999998579e+01 2.700000000000000711e+01 2.746153846153845635e+01 3.316071428571428470e+01 0.000000000000000000e+00 0.000000000000000000e+00 0.000000000000000000e+00 0.000000000000000000e+00 0.000000000000000000e+00 0.000000000000000000e+00 0.000000000000000000e+00 5.099999999999991473e+01 0.000000000000000000e+00 0.000000000000000000e+00 0.000000000000000000e+00 0.000000000000000000e+00 3.150000000000000000e+01 3.299999999999998579e+01 5.200000000000000000e+01 0.000000000000000000e+00 0.000000000000000000e+00 0.000000000000000000e+00 0.000000000000000000e+00 0.000000000000000000e+00 0.000000000000000000e+00 0.000000000000000000e+00 0.000000000000000000e+00 0.000000000000000000e+00 0.000000000000000000e+00 0.000000000000000000e+00 0.000000000000000000e+00 0.000000000000000000e+00 0.000000000000000000e+00 0.000000000000000000e+00 0.000000000000000000e+00 0.000000000000000000e+00 0.000000000000000000e+00 0.000000000000000000e+00 4.050000000000000000e+01 5.157142857142855519e+01 5.899999999999997158e+01 0.000000000000000000e+00 0.000000000000000000e+00 0.000000000000000000e+00 0.000000000000000000e+00 0.000000000000000000e+00 0.000000000000000000e+00
0.000000000000000000e+00 0.000000000000000000e+00 0.000000000000000000e+00 1.175163398692809835e+01 1.491510318949342739e+01 1.769824131789847854e+01 1.267041646720918813e+01 1.879140340800305253e+01 2.182724645296899268e+01 1.255425273289562860e+01 1.619516893894486742e+01 1.394119822485206761e+01 4.340634005763687497e+01 5.249999999999999289e+01 3.425992366412211254e+01 2.443023255813952588e+01 2.319661016949151389e+01 4.972222222222220722e+01 6.549999999999998579e+01 0.000000000000000000e+00 0.000000000000000000e+00 0.000000000000000000e+00 6.299999999999994316e+01 0.000000000000000000e+00 6.699999999999997158e+01 5.249999999999999289e+01 4.366666666666663588e+01 6.800000000000000000e+01 5.053409090909088519e+01 4.924999999999997868e+01 6.725000000000000000e+01 6.110416666666665009e+01 6.191176470588235503e+01 0.000000000000000000e+00 0.000000000000000000e+00 0.000000000000000000e+00 6.283333333333331439e+01 2.314401622718051144e+01 2.674575151057399580e+01 3.800781249999997158e+01 0.000000000000000000e+00 5.087500000000000000e+01 4.633333333333329307e+01 5.312499999999997158e+01 3.098181818181815572e+01 4.394736842105262298e+01 0.000000000000000000e+00 0.000000000000000000e+00 0.000000000000000000e+00 0.000000000000000000e+00 0.000000000000000000e+00 0.000000000000000000e+00 4.499999999999997158e+01 0.000000000000000000e+00 6.649999999999998579e+01 0.000000000000000000e+00 0.000000000000000000e+00 0.000000000000000000e+00 4.616666666666666430e+01 3.112499999999996803e+01 5.849999999999997868e+01 0.000000000000000000e+00 0.000000000000000000e+00 0.000000000000000000e+00 0.000000000000000000e+00 0.000000000000000000e+00 0.000000000000000000e+00 0.000000000000000000e+00 0.000000000000000000e+00 0.000000000000000000e+00 0.000000000000000000e+00 0.000000000000000000e+00 0.000000000000000000e+00 0.000000000000000000e+00 0.000000000000000000e+00 0.000000000000000000e+00 0.000000000000000000e+00 0.000000000000000000e+00 0.000000000000000000e+00 0.000000000000000000e+00 4.337499999999996447e+01 5.199999999999999289e+01 0.000000000000000000e+00 0.000000000000000000e+00 0.000000000000000000e+00 0.000000000000000000e+00 0.000000000000000000e+00 0.000000000000000000e+00 0.000000000000000000e+00
0.000000000000000000e+00 0.000000000000000000e+00 0.000000000000000000e+00 4.063636363636362603e+01 4.220588235294116686e+01 4.314620938628157631e+01 4.485714285714284699e+01 3.455445544554454074e+01 2.621222410865874508e+01 1.619516893894486742e+01 1.285582711833947300e+01 2.371331621423330560e+01 1.598270348837209376e+01 4.672499999999998721e+01 2.156799674267100997e+01 3.886328124999998579e+01 2.514064697609000376e+01 2.973566878980891559e+01 4.561585365853658658e+01 0.000000000000000000e+00 7.075000000000001421e+01 5.839999999999999858e+01 0.000000000000000000e+00 1.075000000000000142e+02 0.000000000000000000e+00 5.681250000000001421e+01 0.000000000000000000e+00 5.112499999999998579e+01 3.353249999999999886e+01 2.936182336182336172e+01 5.507999999999999829e+01 4.998676748582231255e+01 4.456603773584906492e+01 6.005555555555557135e+01 6.512500000000000000e+01 0.000000000000000000e+00 4.533333333333333570e+01 1.916848523748394939e+01 2.077264975484971288e+01 2.690102389078498391e+01 0.000000000000000000e+00 2.694318181818181657e+01 4.924999999999999289e+01 3.551960784313725839e+01 3.483333333333334281e+01 3.346115537848605470e+01 0.000000000000000000e+00 6.950000000000001421e+01 5.450000000000000000e+01 0.000000000000000000e+00 0.000000000000000000e+00 4.899999999999995026e+01 5.674999999999997158e+01 5.616666666666663588e+01 5.462499999999997158e+01 0.000000000000000000e+00 0.000000000000000000e+00 5.550000000000000000e+01 4.262499999999998579e+01 3.218888888888887578e+01 3.062499999999997513e+01 5.349999999999997158e+01 0.000000000000000000e+00 0.000000000000000000e+00 0.000000000000000000e+00 0.000000000000000000e+00 0.000000000000000000e+00 0.000000000000000000e+00 0.000000000000000000e+00 0.000000000000000000e+00 0.000000000000000000e+00 0.000000000000000000e+00 6.499999999999995737e+01 0.000000000000000000e+00 0.000000000000000000e+00 0.000000000000000000e+00 0.000000000000000000e+00 0.000000000000000000e+00 0.000000000000000000e+00 0.000000000000000000e+00 3.933333333333332149e+01 4.768421052631576629e+01 0.000000000000000000e+00 0.000000000000000000e+00 0.000000000000000000e+00 0.000000000000000000e+00 0.000000000000000000e+00 0.000000000000000000e+00 5.500000000000000000e+01
0.000000000000000000e+00 0.000000000000000000e+00 0.000000000000000000e+00 6.545836837678719711e+00 1.580057070386810025e+01 2.633916623777662380e+01 3.427941176470586981e+01 2.421809369951533597e+01 3.104826512455516152e+01 1.394119822485206761e+01 2.371331621423330560e+01 1.490151105793353459e+01 2.340903929139223294e+01 1.312575732765678893e+01 3.540044642857141355e+01 2.260113154172558936e+01 1.799619952494061081e+01 2.113790931989924360e+01 3.723389694041868836e+01 0.000000000000000000e+00 7.271428571428570820e+01 6.649999999999998579e+01 7.824999999999997158e+01 1.002500000000000000e+02 6.650000000000000000e+01 5.977083333333334281e+01 6.580000000000001137e+01 5.811904761904762040e+01 3.481658536585366193e+01 4.314723926380368368e+01 5.184210526315789735e+01 4.402860169491525255e+01 3.948947368421053028e+01 5.158823529411765918e+01 7.022093023255814614e+01 6.049999999999997868e+01 6.486842105263157521e+01 2.433975181857080727e+01 2.938431908548706417e+01 3.266023738872403470e+01 0.000000000000000000e+00 3.254213483146067176e+01 6.338888888888887863e+01 3.902272727272727337e+01 3.522727272727269821e+01 3.897872340425531945e+01 0.000000000000000000e+00 6.849999999999998579e+01 3.599999999999997868e+01 0.000000000000000000e+00 0.000000000000000000e+00 6.050000000000000000e+01 6.549999999999994316e+01 0.000000000000000000e+00 5.476027397260270213e+00 0.000000000000000000e+00 1.237500000000000888e+01 0.000000000000000000e+00 4.800000000000000000e+01 3.096153846153844924e+01 2.212499999999999289e+01 3.741666666666667851e+01 0.000000000000000000e+00 0.000000000000000000e+00 0.000000000000000000e+00 0.000000000000000000e+00 0.000000000000000000e+00 0.000000000000000000e+00 0.000000000000000000e+00 0.000000000000000000e+00 0.000000000000000000e+00 0.000000000000000000e+00 8.999999999999998579e+01 0.000000000000000000e+00 0.000000000000000000e+00 6.633333333333325754e+01 0.000000000000000000e+00 0.000000000000000000e+00 0.000000000000000000e+00 0.000000000000000000e+00 4.249999999999996447e+01 5.014285714285711748e+01 6.949999999999995737e+01 0.000000000000000000e+00 0.000000000000000000e+00 0.000000000000000000e+00 0.000000000000000000e+00 0.000000000000000000e+00 5.799999999999997868e+01
0.000000000000000000e+00 0.000000000000000000e+00 0.000000000000000000e+00 6.174999999999992895e+01 5.821875000000000000e+01 5.467647058823527573e+01 3.649999999999996447e+01 3.788636363636362603e+01 1.037548005908419491e+01 4.340634005763687497e+01 1.598270348837209376e+01 2.340903929139223294e+01 1.335570951797558159e+01 8.660677387476418687e+00 2.352679767753461348e+01 4.873651452282155816e+01 3.683246073298428058e+01 2.091134020618557088e+01 3.426870078740157766e+01 0.000000000000000000e+00 5.710204081632652873e+01 4.575000000000001421e+01 6.800000000000000000e+01 7.025000000000000000e+01 5.942105263157894512e+01 1.817798913043478137e+01 4.116071428571428470e+01 4.604022988505747094e+01 1.775373812474184376e+01 2.727326917552427332e+01 4.890596330275229064e+01 3.810087131367292557e+01 3.691197822141561602e+01 4.735616438356165503e+01 5.573870967741935800e+01 5.754166666666666430e+01 5.182720588235294201e+01 2.533722109533468725e+01 2.460008214676890503e+01 2.993918918918919658e+01 0.000000000000000000e+00 2.751690140845071397e+01 5.150000000000000000e+01 3.764184952978056486e+01 4.483333333333331439e+01 3.683737864077669855e+01 0.000000000000000000e+00 0.000000000000000000e+00 0.000000000000000000e+00 0.000000000000000000e+00 0.000000000000000000e+00 0.000000000000000000e+00 0.000000000000000000e+00 5.724999999999997868e+01 5.699999999999999289e+01 5.499999999999996447e+01 0.000000000000000000e+00 0.000000000000000000e+00 6.699999999999997158e+01 4.799999999999991473e+01 3.250000000000000711e+01 0.000000000000000000e+00 0.000000000000000000e+00 0.000000000000000000e+00 0.000000000000000000e+00 0.000000000000000000e+00 0.000000000000000000e+00 0.000000000000000000e+00 0.000000000000000000e+00 0.000000000000000000e+00 0.000000000000000000e+00 0.000000000000000000e+00 0.000000000000000000e+00 0.000000000000000000e+00 0.000000000000000000e+00 0.000000000000000000e+00 0.000000000000000000e+00 0.000000000000000000e+00 0.000000000000000000e+00 0.000000000000000000e+00 4.699999999999995737e+01 5.391666666666663588e+01 0.000000000000000000e+00 0.000000000000000000e+00 4.349999999999999289e+01 0.000000000000000000e+00 0.000000000000000000e+00 0.000000000000000000e+00 0.000000000000000000e+00
0.000000000000000000e+00 0.000000000000000000e+00 0.000000000000000000e+00 5.849999999999998579e+01 5.999999999999996447e+01 6.400000000000000000e+01 0.000000000000000000e+00 0.000000000000000000e+00 5.819999999999997442e+01 5.249999999999999289e+01 4.672499999999998721e+01 1.312575732765678893e+01 8.660677387476418687e+00 1.152822311289245150e+01 3.664000000000000057e+01 5.045833333333328596e+01 3.861764705882351478e+01 9.211805555555555358e+00 2.685454545454545539e+01 6.049999999999997158e+01 4.549999999999998579e+01 0.000000000000000000e+00 4.199999999999999289e+01 7.949999999999998579e+01 4.750000000000000000e+01 2.712500000000000000e+01 0.000000000000000000e+00 3.808333333333333570e+01 1.081664167916041919e+01 2.815599999999999881e+01 2.587500000000000355e+01 1.432853982300884965e+01 1.461937716262975862e+01 4.000000000000002842e+01 7.000000000000000000e+01 0.000000000000000000e+00 0.000000000000000000e+00 3.155172413793103914e+01 3.765040650406503886e+01 3.544642857142857650e+01 0.000000000000000000e+00 3.429999999999999716e+01 4.287500000000000000e+01 3.643750000000000000e+01 0.000000000000000000e+00 4.300000000000000000e+01 0.000000000000000000e+00 0.000000000000000000e+00 0.000000000000000000e+00 0.000000000000000000e+00 0.000000000000000000e+00 0.000000000000000000e+00 0.000000000000000000e+00 0.000000000000000000e+00 2.824999999999997868e+01 0.000000000000000000e+00 0.000000000000000000e+00 0.000000000000000000e+00 0.000000000000000000e+00 0.000000000000000000e+00 0.000000000000000000e+00 0.000000000000000000e+00 0.000000000000000000e+00 0.000000000000000000e+00 0.000000000000000000e+00 0.000000000000000000e+00 0.000000000000000000e+00 0.000000000000000000e+00 0.000000000000000000e+00 0.000000000000000000e+00 0.000000000000000000e+00 0.000000000000000000e+00 0.000000000000000000e+00 0.000000000000000000e+00 0.000000000000000000e+00 0.000000000000000000e+00 0.000000000000000000e+00 0.000000000000000000e+00 0.000000000000000000e+00 0.000000000000000000e+00 0.000000000000000000e+00 0.000000000000000000e+00 0.000000000000000000e+00 0.000000000000000000e+00 0.000000000000000000e+00 0.000000000000000000e+00 0.000000000000000000e+00 0.000000000000000000e+00 0.000000000000000000e+00
0.000000000000000000e+00 0.000000000000000000e+00 0.000000000000000000e+00 4.505555555555552871e+01 3.131111111111109579e+01 2.698329853862212246e+01 3.231818181818182012e+01 3.388957055214722658e+01 2.210063335679098628e+01 3.425992366412211254e+01 2.156799674267100997e+01 3.540044642857141355e+01 2.352679767753461348e+01 3.664000000000000057e+01 1.253042688465031596e+01 4.324297188755018340e+01 2.902258064516127689e+01 2.544512195121951237e+01 2.520037174721188578e+01 1.975842696629212725e+01 2.401593137254901222e+01 2.863742690058478502e+01 2.502336448598130403e+01 1.896263079222719483e+01 2.410444078947367785e+01 2.095664629488158681e+01 2.395604395604394554e+01 2.895286506469500409e+01 1.970239334027055023e+01 2.883931698774079777e+01 4.455255878284921778e+01 3.309143279172820939e+01 3.344771241830064668e+01 5.043478260869564878e+01 5.084285714285712032e+01 5.684374999999998579e+01 3.205624999999999147e+01 2.325221238938052792e+01 9.258223316178112228e+00 2.106192660550458839e+01 0.000000000000000000e+00 2.275087412587411961e+01 1.516286098052383835e+01 1.322641509433962348e+01 3.467857142857142350e+01 2.207511210762331189e+01 0.000000000000000000e+00 0.000000000000000000e+00 5.449999999999998579e+01 0.000000000000000000e+00 0.000000000000000000e+00 0.000000000000000000e+00 4.949999999999993605e+01 5.874999999999996447e+01 5.941666666666663588e+01 0.000000000000000000e+00 0.000000000000000000e+00 4.499999999999997158e+01 0.000000000000000000e+00 2.541666666666664298e+01 3.124999999999998579e+01 3.578260869565216495e+01 0.000000000000000000e+00 0.000000000000000000e+00 0.000000000000000000e+00 0.000000000000000000e+00 0.000000000000000000e+00 0.000000000000000000e+00 0.000000000000000000e+00 0.000000000000000000e+00 0.000000000000000000e+00 0.000000000000000000e+00 5.149999999999998579e+01 0.000000000000000000e+00 4.850000000000001421e+01 3.626666666666665861e+01 0.000000000000000000e+00 0.000000000000000000e+00 0.000000000000000000e+00 0.000000000000000000e+00 3.749999999999998579e+01 5.008333333333330728e+01 0.000000000000000000e+00 0.000000000000000000e+00 3.664999999999999858e+01 4.924999999999999289e+01 0.000000000000000000e+00 0.000000000000000000e+00 0.000000000000000000e+00
0.000000000000000000e+00 0.000000000000000000e+00 0.000000000000000000e+00 2.999999999999998579e+01 1.372061191626408494e+01 2.273637602179835682e+01 2.775000000000001421e+01 2.162601626016259360e+01 3.310050251256281229e+01 2.443023255813952588e+01 3.886328124999998579e+01 2.260113154172558936e+01 4.873651452282155816e+01 5.045833333333328596e+01 4.324297188755018340e+01 7.160402849422743188e+00 1.088638542665387909e+01 3.682561826252375425e+01 5.415362035225046355e+01 0.000000000000000000e+00 0.000000000000000000e+00 0.000000000000000000e+00 9.299999999999992895e+01 9.949999999999998579e+01 1.030000000000000000e+02 7.905555555555554292e+01 7.614285714285709616e+01 8.599999999999997158e+01 5.651492537313430375e+01 6.775316455696200535e+01 7.636538461538458478e+01 6.759836065573767883e+01 5.854296874999996447e+01 0.000000000000000000e+00 0.000000000000000000e+00 9.000000000000000000e+01 7.289999999999997726e+01 1.403448275862068151e+01 2.475066225165561562e+01 4.335624999999997442e+01 0.000000000000000000e+00 5.436206896551721002e+01 6.915789473684206712e+01 5.835714285714282568e+01 8.173289183222953724e+00 5.197794117647056567e+01 0.000000000000000000e+00 3.949999999999999289e+01 2.899999999999998579e+01 0.000000000000000000e+00 3.299999999999995026e+01 3.674999999999997158e+01 2.962499999999995381e+01 6.199999999999996447e+01 6.212499999999997868e+01 0.000000000000000000e+00 0.000000000000000000e+00 0.000000000000000000e+00 2.171874999999999289e+01 2.032758620689654450e+01 4.564285714285712459e+01 4.485714285714283278e+01 0.000000000000000000e+00 0.000000000000000000e+00 0.000000000000000000e+00 0.000000000000000000e+00 0.000000000000000000e+00 0.000000000000000000e+00 0.000000000000000000e+00 0.000000000000000000e+00 0.000000000000000000e+00 0.000000000000000000e+00 0.000000000000000000e+00 0.000000000000000000e+00 7.149999999999998579e+01 5.899999999999998579e+01 0.000000000000000000e+00 0.000000000000000000e+00 0.000000000000000000e+00 0.000000000000000000e+00 2.321874999999997158e+01 3.908695652173910418e+01 6.699999999999994316e+01 0.000000000000000000e+00 0.000000000000000000e+00 0.000000000000000000e+00 0.000000000000000000e+00 1.799999999999999289e+01 1.949999999999998934e+01
0.000000000000000000e+00 0.000000000000000000e+00 0.000000000000000000e+00 3.375000000000000000e+01 2.262499999999999645e+01 3.092777777777776649e+01 0.000000000000000000e+00 2.856666666666665222e+01 2.679617834394904463e+01 2.319661016949151389e+01 2.514064697609000376e+01 1.799619952494061081e+01 3.683246073298428058e+01 3.861764705882351478e+01 2.902258064516127689e+01 1.088638542665387909e+01 9.018796992481195929e+00 2.364575163398690805e+01 4.562568306010926023e+01 0.000000000000000000e+00 9.250000000000001421e+01 0.000000000000000000e+00 0.000000000000000000e+00 0.000000000000000000e+00 0.000000000000000000e+00 7.199999999999994316e+01 7.124999999999997158e+01 7.783333333333332860e+01 4.554687499999998579e+01 5.762820512820510288e+01 7.225000000000000000e+01 6.034745762711861516e+01 5.066906474820140716e+01 0.000000000000000000e+00 8.083333333333331439e+01 0.000000000000000000e+00 8.062499999999997158e+01 1.813043478260868469e+01 2.443139097744359844e+01 3.035197368421051323e+01 0.000000000000000000e+00 3.473333333333332718e+01 6.505555555555554292e+01 3.986111111111111427e+01 3.416666666666663588e+01 3.794642857142856940e+01 0.000000000000000000e+00 3.700000000000002132e+01 3.650000000000002132e+01 0.000000000000000000e+00 3.537499999999996447e+01 3.199999999999995737e+01 3.068749999999997868e+01 2.883333333333331439e+01 2.603124999999997868e+01 7.950000000000004263e+01 0.000000000000000000e+00 0.000000000000000000e+00 1.987500000000000355e+01 9.303571428571430602e+00 9.211538461538452793e+00 3.357142857142856940e+01 0.000000000000000000e+00 0.000000000000000000e+00 0.000000000000000000e+00 0.000000000000000000e+00 0.000000000000000000e+00 0.000000000000000000e+00 0.000000000000000000e+00 0.000000000000000000e+00 0.000000000000000000e+00 0.000000000000000000e+00 5.699999999999992895e+01 0.000000000000000000e+00 7.599999999999998579e+01 4.349999999999995737e+01 0.000000000000000000e+00 0.000000000000000000e+00 0.000000000000000000e+00 0.000000000000000000e+00 2.173333333333333073e+01 3.084883720930231377e+01 2.899999999999998224e+01 0.000000000000000000e+00 0.000000000000000000e+00 0.000000000000000000e+00 0.000000000000000000e+00 0.000000000000000000e+00 0.000000000000000000e+00
