0.000000000000000000e+00 0.000000000000000000e+00 0.000000000000000000e+00 0.000000000000000000e+00 0.000000000000000000e+00 0.000000000000000000e+00 0.000000000000000000e+00 0.000000000000000000e+00 0.000000000000000000e+00 0.000000000000000000e+00 0.000000000000000000e+00 0.000000000000000000e+00 0.000000000000000000e+00 0.000000000000000000e+00 0.000000000000000000e+00 0.000000000000000000e+00 0.000000000000000000e+00 0.000000000000000000e+00 0.000000000000000000e+00 0.000000000000000000e+00 0.000000000000000000e+00 0.000000000000000000e+00 0.000000000000000000e+00 0.000000000000000000e+00 0.000000000000000000e+00 0.000000000000000000e+00 0.000000000000000000e+00 0.000000000000000000e+00 0.000000000000000000e+00 0.000000000000000000e+00 0.000000000000000000e+00 0.000000000000000000e+00 0.000000000000000000e+00 0.000000000000000000e+00 0.000000000000000000e+00 0.000000000000000000e+00 0.000000000000000000e+00 0.000000000000000000e+00 0.000000000000000000e+00 0.000000000000000000e+00 0.000000000000000000e+00 0.000000000000000000e+00 0.000000000000000000e+00 0.000000000000000000e+00 0.000000000000000000e+00 0.000000000000000000e+00 0.000000000000000000e+00 0.000000000000000000e+00 0.000000000000000000e+00 0.000000000000000000e+00 0.000000000000000000e+00 0.000000000000000000e+00 0.000000000000000000e+00 0.000000000000000000e+00 0.000000000000000000e+00 0.000000000000000000e+00 0.000000000000000000e+00 0.000000000000000000e+00 0.000000000000000000e+00 0.000000000000000000e+00 0.000000000000000000e+00 0.000000000000000000e+00 0.000000000000000000e+00 0.000000000000000000e+00 0.000000000000000000e+00 0.000000000000000000e+00 0.000000000000000000e+00 0.000000000000000000e+00 0.000000000000000000e+00 0.000000000000000000e+00 0.000000000000000000e+00 0.000000000000000000e+00 0.000000000000000000e+00 0.000000000000000000e+00 0.000000000000000000e+00 0.000000000000000000e+00 0.000000000000000000e+00 0.000000000000000000e+00 0.000000000000000000e+00 0.000000000000000000e+00 0.000000000000000000e+00 0.000000000000000000e+00 0.000000000000000000e+00 0.000000000000000000e+00 0.000000000000000000e+00 0.000000000000000000e+00 0.000000000000000000e+00 0.000000000000000000e+00 0.000000000000000000e+00
0.000000000000000000e+00 0.000000000000000000e+00 0.000000000000000000e+00 0.000000000000000000e+00 0.000000000000000000e+00 0.000000000000000000e+00 0.000000000000000000e+00 0.000000000000000000e+00 0.000000000000000000e+00 0.000000000000000000e+00 0.000000000000000000e+00 0.000000000000000000e+00 0.000000000000000000e+00 0.000000000000000000e+00 0.000000000000000000e+00 0.000000000000000000e+00 0.000000000000000000e+00 0.000000000000000000e+00 0.000000000000000000e+00 0.000000000000000000e+00 0.000000000000000000e+00 0.000000000000000000e+00 0.000000000000000000e+00 0.000000000000000000e+00 0.000000000000000000e+00 0.000000000000000000e+00 0.000000000000000000e+00 0.000000000000000000e+00 0.000000000000000000e+00 0.000000000000000000e+00 0.000000000000000000e+00 0.000000000000000000e+00 0.000000000000000000e+00 0.000000000000000000e+00 0.000000000000000000e+00 0.000000000000000000e+00 0.000000000000000000e+00 0.000000000000000000e+00 0.000000000000000000e+00 0.000000000000000000e+00 0.000000000000000000e+00 0.000000000000000000e+00 0.000000000000000000e+00 0.000000000000000000e+00 0.000000000000000000e+00 0.000000000000000000e+00 0.000000000000000000e+00 0.000000000000000000e+00 0.000000000000000000e+00 0.000000000000000000e+00 0.000000000000000000e+00 0.000000000000000000e+00 0.000000000000000000e+00 0.000000000000000000e+00 0.000000000000000000e+00 0.000000000000000000e+00 0.000000000000000000e+00 0.000000000000000000e+00 0.000000000000000000e+00 0.000000000000000000e+00 0.000000000000000000e+00 0.000000000000000000e+00 0.000000000000000000e+00 0.000000000000000000e+00 0.000000000000000000e+00 0.000000000000000000e+00 0.000000000000000000e+00 0.000000000000000000e+00 0.000000000000000000e+00 0.000000000000000000e+00 0.000000000000000000e+00 0.000000000000000000e+00 0.000000000000000000e+00 0.000000000000000000e+00 0.000000000000000000e+00 0.000000000000000000e+00 0.000000000000000000e+00 0.000000000000000000e+00 0.000000000000000000e+00 0.000000000000000000e+00 0.000000000000000000e+00 0.000000000000000000e+00 0.000000000000000000e+00 0.000000000000000000e+00 0.000000000000000000e+00 0.000000000000000000e+00 0.000000000000000000e+00 0.000000000000000000e+00 0.000000000000000000e+00
0.000000000000000000e+00 0.000000000000000000e+00 0.000000000000000000e+00 0.000000000000000000e+00 0.000000000000000000e+00 0.000000000000000000e+00 0.000000000000000000e+00 0.000000000000000000e+00 0.000000000000000000e+00 0.000000000000000000e+00 0.000000000000000000e+00 0.000000000000000000e+00 0.000000000000000000e+00 0.000000000000000000e+00 0.000000000000000000e+00 0.000000000000000000e+00 0.000000000000000000e+00 0.000000000000000000e+00 0.000000000000000000e+00 0.000000000000000000e+00 0.000000000000000000e+00 0.000000000000000000e+00 0.000000000000000000e+00 0.000000000000000000e+00 0.000000000000000000e+00 0.000000000000000000e+00 0.000000000000000000e+00 0.000000000000000000e+00 0.000000000000000000e+00 0.000000000000000000e+00 0.000000000000000000e+00 0.000000000000000000e+00 0.000000000000000000e+00 0.000000000000000000e+00 0.000000000000000000e+00 0.000000000000000000e+00 0.000000000000000000e+00 0.000000000000000000e+00 0.000000000000000000e+00 0.000000000000000000e+00 0.000000000000000000e+00 0.000000000000000000e+00 0.000000000000000000e+00 0.000000000000000000e+00 0.000000000000000000e+00 0.000000000000000000e+00 0.000000000000000000e+00 0.000000000000000000e+00 0.000000000000000000e+00 0.000000000000000000e+00 0.000000000000000000e+00 0.000000000000000000e+00 0.000000000000000000e+00 0.000000000000000000e+00 0.000000000000000000e+00 0.000000000000000000e+00 0.000000000000000000e+00 0.000000000000000000e+00 0.000000000000000000e+00 0.000000000000000000e+00 0.000000000000000000e+00 0.000000000000000000e+00 0.000000000000000000e+00 0.000000000000000000e+00 0.000000000000000000e+00 0.000000000000000000e+00 0.000000000000000000e+00 0.000000000000000000e+00 0.000000000000000000e+00 0.000000000000000000e+00 0.000000000000000000e+00 0.000000000000000000e+00 0.000000000000000000e+00 0.000000000000000000e+00 0.000000000000000000e+00 0.000000000000000000e+00 0.000000000000000000e+00 0.000000000000000000e+00 0.000000000000000000e+00 0.000000000000000000e+00 0.000000000000000000e+00 0.000000000000000000e+00 0.000000000000000000e+00 0.000000000000000000e+00 0.000000000000000000e+00 0.000000000000000000e+00 0.000000000000000000e+00 0.000000000000000000e+00 0.000000000000000000e+00
0.000000000000000000e+00 0.000000000000000000e+00 0.000000000000000000e+00 5.722745625841179518e+00 5.371531346351486214e+00 1.112323943661971271e+01 2.499999999999998934e+01 2.849999999999997158e+01 5.149999999999995737e+01 9.206552706552699306e+00 4.674999999999996447e+01 6.663068619892055899e+00 6.499999999999995737e+01 0.000000000000000000e+00 0.000000000000000000e+00 2.174999999999997158e+01 3.049999999999997513e+01 7.299999999999995737e+01 0.000000000000000000e+00 0.000000000000000000e+00 0.000000000000000000e+00 0.000000000000000000e+00 0.000000000000000000e+00 0.000000000000000000e+00 0.000000000000000000e+00 0.000000000000000000e+00 0.000000000000000000e+00 0.000000000000000000e+00 0.000000000000000000e+00 0.000000000000000000e+00 0.000000000000000000e+00 0.000000000000000000e+00 0.000000000000000000e+00 0.000000000000000000e+00 0.000000000000000000e+00 0.000000000000000000e+00 0.000000000000000000e+00 3.229999999999999005e+01 3.389062499999997868e+01 0.000000000000000000e+00 0.000000000000000000e+00 0.000000000000000000e+00 0.000000000000000000e+00 0.000000000000000000e+00 0.000000000000000000e+00 0.000000000000000000e+00 0.000000000000000000e+00 0.000000000000000000e+00 0.000000000000000000e+00 0.000000000000000000e+00 0.000000000000000000e+00 0.000000000000000000e+00 0.000000000000000000e+00 0.000000000000000000e+00 0.000000000000000000e+00 0.000000000000000000e+00 0.000000000000000000e+00 0.000000000000000000e+00 0.000000000000000000e+00 0.000000000000000000e+00 4.599999999999994316e+01 0.000000000000000000e+00 0.000000000000000000e+00 0.000000000000000000e+00 0.000000000000000000e+00 0.000000000000000000e+00 0.000000000000000000e+00 0.000000000000000000e+00 0.000000000000000000e+00 0.000000000000000000e+00 0.000000000000000000e+00 0.000000000000000000e+00 0.000000000000000000e+00 0.000000000000000000e+00 0.000000000000000000e+00 0.000000000000000000e+00 0.000000000000000000e+00 0.000000000000000000e+00 0.000000000000000000e+00 0.000000000000000000e+00 0.000000000000000000e+00 0.000000000000000000e+00 0.000000000000000000e+00 0.000000000000000000e+00 0.000000000000000000e+00 0.000000000000000000e+00 0.000000000000000000e+00 0.000000000000000000e+00 0.000000000000000000e+00
0.000000000000000000e+00 0.000000000000000000e+00 0.000000000000000000e+00 5.371531346351486214e+00 8.880811115283510304e+00 9.001531002806835602e+00 2.638235294117644969e+01 2.585199999999998610e+01 3.975833333333333286e+01 1.786062717770034070e+01 4.248571428571426623e+01 1.584489051094890044e+01 6.056249999999997158e+01 5.299999999999997868e+01 3.934313725490194713e+01 1.301773835920176836e+01 2.901587301587300871e+01 5.312195121951216947e+01 6.329999999999997584e+01 0.000000000000000000e+00 0.000000000000000000e+00 0.000000000000000000e+00 0.000000000000000000e+00 0.000000000000000000e+00 0.000000000000000000e+00 8.250000000000004263e+01 9.299999999999991473e+01 0.000000000000000000e+00 6.999999999999997158e+01 7.035714285714283278e+01 8.433333333333331439e+01 8.048214285714284699e+01 6.916666666666662877e+01 0.000000000000000000e+00 0.000000000000000000e+00 0.000000000000000000e+00 0.000000000000000000e+00 1.168599918599917942e+01 1.999340417735433206e+01 4.099999999999999289e+01 0.000000000000000000e+00 4.483333333333329307e+01 3.549999999999999289e+01 4.270000000000000284e+01 5.460992907801416330e+00 1.212499999999999467e+01 0.000000000000000000e+00 3.949999999999999289e+01 0.000000000000000000e+00 0.000000000000000000e+00 4.433333333333330728e+01 5.899999999999994316e+01 4.039999999999994174e+01 8.450000000000001421e+01 5.016666666666662167e+01 0.000000000000000000e+00 0.000000000000000000e+00 0.000000000000000000e+00 2.929999999999997584e+01 3.774999999999998579e+01 4.099999999999992895e+01 6.199999999999992895e+01 0.000000000000000000e+00 0.000000000000000000e+00 0.000000000000000000e+00 0.000000000000000000e+00 0.000000000000000000e+00 0.000000000000000000e+00 0.000000000000000000e+00 0.000000000000000000e+00 0.000000000000000000e+00 0.000000000000000000e+00 0.000000000000000000e+00 0.000000000000000000e+00 0.000000000000000000e+00 0.000000000000000000e+00 0.000000000000000000e+00 0.000000000000000000e+00 0.000000000000000000e+00 0.000000000000000000e+00 2.535714285714283278e+01 3.909999999999995168e+01 0.000000000000000000e+00 0.000000000000000000e+00 0.000000000000000000e+00 0.000000000000000000e+00 0.000000000000000000e+00 1.137499999999999645e+01 1.177777777777777146e+01
0.000000000000000000e+00 0.000000000000000000e+00 0.000000000000000000e+00 1.112323943661971271e+01 9.001531002806835602e+00 1.344477201257861054e+01 8.991538229072224553e+00 1.206898207426375969e+01 2.874590163934425036e+01 1.860916240169765956e+01 4.153508771929823240e+01 2.128842412451361099e+01 4.874999999999997868e+01 6.449999999999997158e+01 2.543235294117646106e+01 2.169601328903653581e+01 3.328787878787878185e+01 5.721153846153843858e+01 7.115217391304344119e+01 0.000000000000000000e+00 1.049999999999999432e+02 0.000000000000000000e+00 4.499999999999999289e+01 3.999999999999992184e+01 3.899999999999999289e+01 6.849999999999998579e+01 4.824999999999997868e+01 5.050000000000000711e+01 7.824999999999997158e+01 5.807894736842102645e+01 8.321428571428569398e+01 8.001999999999998181e+01 8.716666666666662877e+01 0.000000000000000000e+00 8.049999999999991473e+01 0.000000000000000000e+00 0.000000000000000000e+00 1.712705099778269968e+01 2.024294008973342329e+01 2.724999999999998224e+01 0.000000000000000000e+00 5.216666666666668561e+01 5.319999999999998863e+01 2.345833333333331439e+01 2.134033613445377142e+01 4.387499999999995737e+01 0.000000000000000000e+00 4.199999999999995737e+01 5.069999999999997442e+01 0.000000000000000000e+00 5.409999999999994458e+01 0.000000000000000000e+00 6.324999999999998579e+01 0.000000000000000000e+00 6.399999999999994316e+01 0.000000000000000000e+00 0.000000000000000000e+00 0.000000000000000000e+00 3.239999999999997016e+01 3.016666666666666785e+01 5.749999999999995737e+01 6.999999999999991473e+01 0.000000000000000000e+00 0.000000000000000000e+00 0.000000000000000000e+00 0.000000000000000000e+00 0.000000000000000000e+00 0.000000000000000000e+00 0.000000000000000000e+00 0.000000000000000000e+00 0.000000000000000000e+00 0.000000000000000000e+00 0.000000000000000000e+00 0.000000000000000000e+00 0.000000000000000000e+00 0.000000000000000000e+00 0.000000000000000000e+00 0.000000000000000000e+00 0.000000000000000000e+00 0.000000000000000000e+00 4.242307692307690559e+01 5.099999999999994316e+01 0.000000000000000000e+00 0.000000000000000000e+00 0.000000000000000000e+00 0.000000000000000000e+00 0.000000000000000000e+00 3.216666666666662167e+01 0.000000000000000000e+00
0.000000000000000000e+00 0.000000000000000000e+00 0.000000000000000000e+00 2.499999999999998934e+01 2.638235294117644969e+01 8.991538229072224553e+00 7.640350877192979340e+00 7.692103935418765914e+00 1.996313364055298578e+01 1.430316660669305051e+01 3.250000000000001421e+01 2.967777777777776294e+01 3.514999999999996305e+01 0.000000000000000000e+00 4.027142857142854382e+01 2.966666666666666785e+01 4.574999999999997868e+01 0.000000000000000000e+00 0.000000000000000000e+00 0.000000000000000000e+00 0.000000000000000000e+00 0.000000000000000000e+00 0.000000000000000000e+00 0.000000000000000000e+00 0.000000000000000000e+00 0.000000000000000000e+00 0.000000000000000000e+00 0.000000000000000000e+00 0.000000000000000000e+00 5.387499999999996447e+01 8.724999999999997158e+01 7.433333333333330017e+01 0.000000000000000000e+00 0.000000000000000000e+00 8.599999999999998579e+01 0.000000000000000000e+00 0.000000000000000000e+00 2.650000000000001066e+01 2.567241379310343774e+01 3.174999999999997158e+01 0.000000000000000000e+00 0.000000000000000000e+00 0.000000000000000000e+00 0.000000000000000000e+00 0.000000000000000000e+00 0.000000000000000000e+00 0.000000000000000000e+00 0.000000000000000000e+00 0.000000000000000000e+00 0.000000000000000000e+00 0.000000000000000000e+00 0.000000000000000000e+00 0.000000000000000000e+00 0.000000000000000000e+00 0.000000000000000000e+00 0.000000000000000000e+00 0.000000000000000000e+00 0.000000000000000000e+00 0.000000000000000000e+00 4.899999999999999289e+01 0.000000000000000000e+00 0.000000000000000000e+00 0.000000000000000000e+00 0.000000000000000000e+00 0.000000000000000000e+00 0.000000000000000000e+00 0.000000000000000000e+00 0.000000000000000000e+00 0.000000000000000000e+00 0.000000000000000000e+00 0.000000000000000000e+00 0.000000000000000000e+00 0.000000000000000000e+00 0.000000000000000000e+00 0.000000000000000000e+00 0.000000000000000000e+00 0.000000000000000000e+00 0.000000000000000000e+00 0.000000000000000000e+00 0.000000000000000000e+00 0.000000000000000000e+00 0.000000000000000000e+00 0.000000000000000000e+00 0.000000000000000000e+00 0.000000000000000000e+00 0.000000000000000000e+00 0.000000000000000000e+00 0.000000000000000000e+00 0.000000000000000000e+00
0.000000000000000000e+00 0.000000000000000000e+00 0.000000000000000000e+00 2.849999999999997158e+01 2.585199999999998610e+01 1.206898207426375969e+01 7.692103935418765914e+00 8.326381059751970071e+00 9.153131452167924564e+00 1.859290563946237285e+01 2.474264705882352189e+01 2.530546874999998863e+01 2.806578947368419463e+01 6.599999999999997158e+01 3.572942206654989405e+01 2.184834123222747948e+01 2.299999999999999289e+01 4.986363636363634555e+01 6.021739130434780662e+01 0.000000000000000000e+00 0.000000000000000000e+00 0.000000000000000000e+00 0.000000000000000000e+00 0.000000000000000000e+00 0.000000000000000000e+00 8.924999999999997158e+01 4.575000000000000000e+01 6.949999999999995737e+01 4.947368421052630083e+01 3.871739130434780662e+01 6.371874999999997868e+01 6.632894736842102645e+01 6.604999999999999716e+01 7.249999999999997158e+01 7.543749999999997158e+01 0.000000000000000000e+00 9.149999999999995737e+01 2.301612903225804629e+01 2.518571428571427262e+01 3.579999999999996874e+01 0.000000000000000000e+00 4.699999999999997158e+01 3.349999999999999289e+01 2.699999999999996092e+01 3.070833333333331794e+01 4.324999999999998579e+01 0.000000000000000000e+00 0.000000000000000000e+00 4.449999999999996447e+01 0.000000000000000000e+00 4.849999999999992895e+01 0.000000000000000000e+00 4.799999999999992895e+01 0.000000000000000000e+00 5.349999999999994316e+01 0.000000000000000000e+00 0.000000000000000000e+00 0.000000000000000000e+00 2.999999999999998579e+01 3.416666666666666430e+01 0.000000000000000000e+00 0.000000000000000000e+00 0.000000000000000000e+00 0.000000000000000000e+00 0.000000000000000000e+00 0.000000000000000000e+00 0.000000000000000000e+00 0.000000000000000000e+00 0.000000000000000000e+00 0.000000000000000000e+00 0.000000000000000000e+00 0.000000000000000000e+00 0.000000000000000000e+00 0.000000000000000000e+00 0.000000000000000000e+00 0.000000000000000000e+00 0.000000000000000000e+00 0.000000000000000000e+00 0.000000000000000000e+00 0.000000000000000000e+00 4.999999999999995737e+01 4.687499999999997158e+01 0.000000000000000000e+00 0.000000000000000000e+00 0.000000000000000000e+00 0.000000000000000000e+00 0.000000000000000000e+00 0.000000000000000000e+00 4.649999999999999289e+01
0.000000000000000000e+00 0.000000000000000000e+00 0.000000000000000000e+00 5.149999999999995737e+01 3.975833333333333286e+01 2.874590163934425036e+01 1.996313364055298578e+01 9.153131452167924564e+00 1.345794121064250071e+01 2.177956371986222095e+01 2.415540540540540704e+01 3.100172265288543016e+01 8.405091725945336378e+00 0.000000000000000000e+00 2.140076923076922100e+01 3.307837837837836759e+01 2.535135135135134377e+01 4.648148148148145964e+01 5.839999999999999147e+01 0.000000000000000000e+00 6.249999999999992895e+01 0.000000000000000000e+00 0.000000000000000000e+00 0.000000000000000000e+00 0.000000000000000000e+00 4.798437500000000000e+01 2.529411764705881538e+01 4.920370370370368818e+01 2.421002710027099170e+01 2.583912119064492074e+01 5.380147058823528283e+01 5.838848920863309644e+01 6.662500000000000000e+01 5.924999999999999289e+01 7.050000000000000000e+01 0.000000000000000000e+00 6.262499999999997868e+01 2.081604803493449296e+01 1.954354032833689558e+01 3.283908045977010914e+01 0.000000000000000000e+00 4.023684210526315042e+01 5.050000000000000711e+01 3.960000000000000142e+01 2.716666666666666075e+01 3.844444444444444287e+01 0.000000000000000000e+00 0.000000000000000000e+00 5.699999999999996447e+01 0.000000000000000000e+00 0.000000000000000000e+00 0.000000000000000000e+00 5.199999999999995026e+01 0.000000000000000000e+00 4.078571428571426338e+01 0.000000000000000000e+00 0.000000000000000000e+00 0.000000000000000000e+00 4.116666666666660745e+01 3.121428571428571175e+01 0.000000000000000000e+00 6.199999999999997158e+01 0.000000000000000000e+00 0.000000000000000000e+00 0.000000000000000000e+00 0.000000000000000000e+00 0.000000000000000000e+00 0.000000000000000000e+00 0.000000000000000000e+00 0.000000000000000000e+00 0.000000000000000000e+00 0.000000000000000000e+00 0.000000000000000000e+00 0.000000000000000000e+00 0.000000000000000000e+00 0.000000000000000000e+00 0.000000000000000000e+00 0.000000000000000000e+00 0.000000000000000000e+00 0.000000000000000000e+00 0.000000000000000000e+00 5.149999999999994316e+01 0.000000000000000000e+00 0.000000000000000000e+00 0.000000000000000000e+00 0.000000000000000000e+00 0.000000000000000000e+00 0.000000000000000000e+00 0.000000000000000000e+00
0.000000000000000000e+00 0.000000000000000000e+00 0.000000000000000000e+00 9.206552706552699306e+00 1.786062717770034070e+01 1.860916240169765956e+01 1.430316660669305051e+01 1.859290563946237285e+01 2.177956371986222095e+01 1.370324589725464470e+01 1.552355205278591832e+01 1.483217592592592204e+01 4.077089337175790718e+01 4.783823529411762365e+01 3.515920177383591039e+01 2.348536165327208991e+01 2.302868318122553504e+01 4.537138263665592319e+01 5.893873517786558835e+01 8.799999999999997158e+01 7.399999999999997158e+01 8.549999999999997158e+01 9.283333333333327175e+01 1.220000000000000142e+02 8.150000000000000000e+01 6.608064516129030608e+01 6.374999999999996447e+01 5.439393939393937671e+01 5.077559055118108944e+01 4.417846309403436322e+01 5.674933862433860554e+01 5.879736842105261729e+01 6.178860294117645680e+01 6.823958333333332860e+01 7.054603580562660170e+01 6.702173913043478137e+01 6.973076923076921219e+01 2.355008891523412728e+01 2.663244319124230941e+01 3.772248803827749697e+01 0.000000000000000000e+00 4.090999999999998238e+01 8.299999999999997158e+01 5.088461538461536549e+01 3.033950617283948503e+01 4.786134453781511411e+01 0.000000000000000000e+00 5.213636363636359761e+01 4.931249999999997158e+01 0.000000000000000000e+00 4.974999999999991473e+01 5.149999999999994316e+01 4.373809523809518396e+01 5.824999999999999289e+01 3.985915492957742856e+01 6.549999999999995737e+01 0.000000000000000000e+00 6.550000000000005684e+01 2.977464788732391199e+01 2.742499999999997229e+01 3.624999999999997158e+01 5.449999999999997158e+01 0.000000000000000000e+00 0.000000000000000000e+00 0.000000000000000000e+00 0.000000000000000000e+00 0.000000000000000000e+00 0.000000000000000000e+00 0.000000000000000000e+00 0.000000000000000000e+00 0.000000000000000000e+00 0.000000000000000000e+00 0.000000000000000000e+00 0.000000000000000000e+00 7.549999999999998579e+01 7.349999999999990052e+01 0.000000000000000000e+00 0.000000000000000000e+00 0.000000000000000000e+00 0.000000000000000000e+00 4.157692307692305178e+01 4.609999999999995879e+01 6.149999999999998579e+01 0.000000000000000000e+00 3.149999999999995737e+01 0.000000000000000000e+00 0.000000000000000000e+00 0.000000000000000000e+00 4.199999999999992184e+01
0.000000000000000000e+00 0.000000000000000000e+00 0.000000000000000000e+00 4.674999999999996447e+01 4.248571428571426623e+01 4.153508771929823240e+01 3.250000000000001421e+01 2.474264705882352189e+01 2.415540540540540704e+01 1.552355205278591832e+01 1.302623320584485711e+01 2.224865454545453858e+01 1.618568726355611531e+01 3.837878787878787534e+01 2.571141781681305005e+01 3.718936170212764125e+01 2.724545454545453538e+01 2.682435897435896521e+01 5.082317073170731447e+01 0.000000000000000000e+00 6.341791044776119435e+01 6.125000000000000000e+01 7.479999999999998295e+01 0.000000000000000000e+00 7.500000000000000000e+01 4.728422273781902874e+01 6.919999999999997442e+01 4.533744855967078280e+01 2.787841945288753820e+01 3.454216252975178492e+01 4.342653589933382818e+01 4.375226298237255662e+01 4.770736086175943313e+01 5.644086021505376038e+01 5.758823529411764497e+01 5.649285714285714022e+01 5.623463687150837842e+01 2.145083798882680881e+01 2.426557377049180175e+01 3.114447236180904355e+01 0.000000000000000000e+00 2.881818181818181657e+01 6.523809523809521238e+01 3.949999999999998579e+01 3.250000000000000000e+01 3.499418604651162923e+01 0.000000000000000000e+00 0.000000000000000000e+00 5.737499999999995026e+01 0.000000000000000000e+00 0.000000000000000000e+00 0.000000000000000000e+00 5.499999999999995737e+01 5.299999999999998579e+01 4.596153846153843858e+01 4.699999999999995026e+01 0.000000000000000000e+00 9.699999999999991473e+01 3.962499999999996447e+01 3.306249999999998579e+01 2.994117647058822129e+01 0.000000000000000000e+00 0.000000000000000000e+00 0.000000000000000000e+00 0.000000000000000000e+00 0.000000000000000000e+00 0.000000000000000000e+00 0.000000000000000000e+00 0.000000000000000000e+00 0.000000000000000000e+00 0.000000000000000000e+00 0.000000000000000000e+00 0.000000000000000000e+00 0.000000000000000000e+00 7.424999999999997158e+01 0.000000000000000000e+00 0.000000000000000000e+00 0.000000000000000000e+00 0.000000000000000000e+00 0.000000000000000000e+00 5.016666666666663588e+01 5.266666666666662877e+01 0.000000000000000000e+00 0.000000000000000000e+00 4.599999999999998579e+01 0.000000000000000000e+00 0.000000000000000000e+00 5.249999999999996447e+01 0.000000000000000000e+00
0.000000000000000000e+00 0.000000000000000000e+00 0.000000000000000000e+00 6.663068619892055899e+00 1.584489051094890044e+01 2.128842412451361099e+01 2.967777777777776294e+01 2.530546874999998863e+01 3.100172265288543016e+01 1.483217592592592204e+01 2.224865454545453858e+01 1.614193633502327430e+01 2.468147111224229917e+01 1.660198150594451860e+01 4.262244897959182310e+01 2.011438879456705209e+01 1.844402102496713525e+01 2.630119926199261471e+01 4.270040383644622750e+01 1.069999999999999574e+02 8.631818181818181301e+01 0.000000000000000000e+00 0.000000000000000000e+00 0.000000000000000000e+00 9.199999999999997158e+01 6.754166666666664298e+01 5.743749999999998579e+01 6.578846153846153300e+01 3.181960784313725554e+01 4.704010695187164970e+01 5.860509554140126198e+01 5.103342070773263117e+01 4.643702290076334549e+01 7.129166666666667140e+01 7.979999999999998295e+01 7.375000000000000000e+01 7.881578947368420529e+01 2.692318181818180634e+01 2.960515846704679532e+01 3.714333333333333087e+01 0.000000000000000000e+00 3.314823008849557340e+01 6.835714285714286120e+01 4.744210526315789167e+01 3.779166666666665009e+01 4.266860465116278789e+01 0.000000000000000000e+00 4.574999999999997868e+01 4.534999999999996589e+01 0.000000000000000000e+00 4.927272727272724495e+01 4.574999999999997158e+01 4.612121212121208202e+01 4.199999999999993605e+01 1.842744063324536441e+01 6.416666666666665719e+01 9.249999999999995737e+01 6.400000000000001421e+01 2.917415730337076596e+01 2.633478260869562959e+01 2.456521739130433346e+01 5.949999999999997868e+01 0.000000000000000000e+00 0.000000000000000000e+00 0.000000000000000000e+00 0.000000000000000000e+00 0.000000000000000000e+00 0.000000000000000000e+00 0.000000000000000000e+00 0.000000000000000000e+00 0.000000000000000000e+00 0.000000000000000000e+00 0.000000000000000000e+00 0.000000000000000000e+00 7.749999999999998579e+01 8.674999999999998579e+01 0.000000000000000000e+00 0.000000000000000000e+00 0.000000000000000000e+00 0.000000000000000000e+00 3.763999999999996504e+01 4.409374999999995737e+01 6.366666666666660745e+01 0.000000000000000000e+00 0.000000000000000000e+00 0.000000000000000000e+00 0.000000000000000000e+00 4.724999999999994316e+01 7.199999999999997158e+01
0.000000000000000000e+00 0.000000000000000000e+00 0.000000000000000000e+00 6.499999999999995737e+01 6.056249999999997158e+01 4.874999999999997868e+01 3.514999999999996305e+01 2.806578947368419463e+01 8.405091725945336378e+00 4.077089337175790718e+01 1.618568726355611531e+01 2.468147111224229917e+01 1.426809106513686842e+01 8.781331782494911309e+00 2.410573199070487860e+01 5.408139534883719080e+01 3.900370370370369244e+01 2.237861915367483334e+01 3.276410835214447559e+01 2.449999999999997513e+01 6.238235294117647101e+01 4.549999999999998579e+01 6.968749999999997158e+01 4.849999999999999289e+01 5.389999999999999858e+01 2.150646203554119396e+01 2.917045454545454675e+01 4.025301204819277245e+01 1.683019243002544485e+01 2.696775844421699020e+01 3.747742555235350892e+01 3.266923917497609864e+01 2.921220400728597610e+01 4.879166666666667851e+01 5.344400000000000261e+01 5.633333333333333570e+01 5.228333333333333144e+01 2.426606997558991807e+01 2.461295720774564444e+01 2.906927985414768401e+01 0.000000000000000000e+00 2.793821022727273728e+01 5.337499999999999289e+01 3.800300300300300194e+01 7.399999999999992895e+01 3.577291960507758262e+01 0.000000000000000000e+00 0.000000000000000000e+00 0.000000000000000000e+00 0.000000000000000000e+00 0.000000000000000000e+00 0.000000000000000000e+00 0.000000000000000000e+00 0.000000000000000000e+00 5.874999999999995026e+01 0.000000000000000000e+00 0.000000000000000000e+00 0.000000000000000000e+00 5.774999999999997158e+01 4.616666666666662167e+01 3.575000000000000000e+01 4.299999999999996447e+01 0.000000000000000000e+00 0.000000000000000000e+00 0.000000000000000000e+00 0.000000000000000000e+00 0.000000000000000000e+00 0.000000000000000000e+00 0.000000000000000000e+00 0.000000000000000000e+00 0.000000000000000000e+00 0.000000000000000000e+00 0.000000000000000000e+00 0.000000000000000000e+00 0.000000000000000000e+00 0.000000000000000000e+00 0.000000000000000000e+00 0.000000000000000000e+00 0.000000000000000000e+00 0.000000000000000000e+00 3.949999999999997868e+01 5.249999999999999289e+01 0.000000000000000000e+00 0.000000000000000000e+00 0.000000000000000000e+00 0.000000000000000000e+00 0.000000000000000000e+00 6.649999999999997158e+01 6.449999999999997158e+01
0.000000000000000000e+00 0.000000000000000000e+00 0.000000000000000000e+00 0.000000000000000000e+00 5.299999999999997868e+01 6.449999999999997158e+01 0.000000000000000000e+00 6.599999999999997158e+01 0.000000000000000000e+00 4.783823529411762365e+01 3.837878787878787534e+01 1.660198150594451860e+01 8.781331782494911309e+00 1.173515006906944613e+01 3.170689655172413879e+01 4.743749999999997868e+01 3.759146341463412710e+01 1.227350427350427076e+01 2.990789473684210975e+01 0.000000000000000000e+00 0.000000000000000000e+00 0.000000000000000000e+00 0.000000000000000000e+00 0.000000000000000000e+00 0.000000000000000000e+00 4.450000000000000000e+01 0.000000000000000000e+00 3.975000000000000000e+01 1.107639662581569340e+01 3.024299065420560595e+01 2.904545454545455030e+01 1.683040000000000092e+01 1.330294117647058805e+01 0.000000000000000000e+00 0.000000000000000000e+00 0.000000000000000000e+00 0.000000000000000000e+00 3.442857142857142350e+01 3.461979166666666430e+01 3.486363636363637397e+01 0.000000000000000000e+00 2.405555555555555358e+01 4.516666666666666430e+01 3.849999999999999289e+01 0.000000000000000000e+00 3.092857142857143771e+01 0.000000000000000000e+00 0.000000000000000000e+00 0.000000000000000000e+00 0.000000000000000000e+00 0.000000000000000000e+00 0.000000000000000000e+00 0.000000000000000000e+00 0.000000000000000000e+00 5.924999999999991473e+01 0.000000000000000000e+00 0.000000000000000000e+00 0.000000000000000000e+00 0.000000000000000000e+00 3.900000000000000711e+01 3.883333333333332149e+01 0.000000000000000000e+00 0.000000000000000000e+00 0.000000000000000000e+00 0.000000000000000000e+00 0.000000000000000000e+00 0.000000000000000000e+00 0.000000000000000000e+00 0.000000000000000000e+00 0.000000000000000000e+00 0.000000000000000000e+00 0.000000000000000000e+00 0.000000000000000000e+00 0.000000000000000000e+00 0.000000000000000000e+00 0.000000000000000000e+00 0.000000000000000000e+00 0.000000000000000000e+00 0.000000000000000000e+00 0.000000000000000000e+00 0.000000000000000000e+00 0.000000000000000000e+00 0.000000000000000000e+00 0.000000000000000000e+00 0.000000000000000000e+00 0.000000000000000000e+00 0.000000000000000000e+00 0.000000000000000000e+00 0.000000000000000000e+00
0.000000000000000000e+00 0.000000000000000000e+00 0.000000000000000000e+00 0.000000000000000000e+00 3.934313725490194713e+01 2.543235294117646106e+01 4.027142857142854382e+01 3.572942206654989405e+01 2.140076923076922100e+01 3.515920177383591039e+01 2.571141781681305005e+01 4.262244897959182310e+01 2.410573199070487860e+01 3.170689655172413879e+01 1.107972128291832803e+01 4.867465753424655617e+01 4.906944444444442865e+01 2.340810810810810239e+01 2.824185068349105521e+01 1.281290322580645125e+01 2.267680608365019168e+01 2.883823529411763786e+01 2.230693069306930809e+01 1.676948051948051344e+01 2.076623376623376771e+01 2.127416520210895712e+01 2.155030355594101721e+01 2.848490566037735050e+01 1.937885985748218687e+01 2.782762557077625587e+01 4.431713462922964908e+01 3.291746905089408415e+01 3.325583482944343672e+01 5.750000000000000000e+01 5.003654970760231890e+01 6.231250000000000000e+01 3.909302325581393944e+01 2.932563510392608919e+01 7.800953153518553229e+00 1.573725490196078347e+01 0.000000000000000000e+00 2.098096564531104491e+01 1.336109008327025016e+01 1.118457648546144334e+01 2.187499999999999645e+01 2.118974358974358552e+01 0.000000000000000000e+00 8.249999999999995737e+01 7.599999999999997158e+01 0.000000000000000000e+00 0.000000000000000000e+00 6.124999999999995737e+01 7.349999999999994316e+01 6.433333333333331439e+01 4.733333333333327886e+01 4.849999999999996447e+01 0.000000000000000000e+00 4.650000000000000000e+01 5.033333333333332149e+01 5.162499999999997158e+01 3.683333333333333570e+01 3.514583333333331439e+01 0.000000000000000000e+00 0.000000000000000000e+00 4.949999999999995737e+01 0.000000000000000000e+00 0.000000000000000000e+00 0.000000000000000000e+00 4.599999999999996447e+01 4.699999999999996447e+01 0.000000000000000000e+00 0.000000000000000000e+00 5.349999999999996447e+01 0.000000000000000000e+00 1.232499999999999858e+02 4.183333333333331439e+01 0.000000000000000000e+00 0.000000000000000000e+00 0.000000000000000000e+00 0.000000000000000000e+00 0.000000000000000000e+00 5.850000000000000711e+01 0.000000000000000000e+00 0.000000000000000000e+00 3.170348837209300896e+01 4.207142857142855519e+01 0.000000000000000000e+00 0.000000000000000000e+00 0.000000000000000000e+00
0.000000000000000000e+00 0.000000000000000000e+00 0.000000000000000000e+00 2.174999999999997158e+01 1.301773835920176836e+01 2.169601328903653581e+01 2.966666666666666785e+01 2.184834123222747948e+01 3.307837837837836759e+01 2.348536165327208991e+01 3.718936170212764125e+01 2.011438879456705209e+01 5.408139534883719080e+01 4.743749999999997868e+01 4.867465753424655617e+01 7.252805129379433779e+00 1.186033681765388614e+01 3.961747430249630497e+01 5.358681022880213618e+01 0.000000000000000000e+00 0.000000000000000000e+00 0.000000000000000000e+00 0.000000000000000000e+00 0.000000000000000000e+00 0.000000000000000000e+00 8.304545454545453254e+01 7.687499999999995737e+01 8.299999999999998579e+01 6.378846153846151878e+01 6.477142857142854382e+01 7.466071428571426338e+01 7.079425837320572157e+01 6.095918367346936861e+01 8.849999999999998579e+01 8.857142857142855519e+01 0.000000000000000000e+00 0.000000000000000000e+00 1.309377526273240910e+01 2.398709581726489048e+01 4.459036144578312388e+01 0.000000000000000000e+00 5.574999999999997868e+01 7.407142857142855519e+01 6.160714285714283989e+01 9.423809523809515198e+00 5.389130434782605761e+01 0.000000000000000000e+00 4.499999999999997158e+01 3.374999999999997868e+01 4.099999999999995737e+01 3.368181818181813014e+01 3.799999999999995737e+01 3.625862068965513885e+01 4.699999999999998579e+01 3.248780487804875605e+01 7.799999999999987210e+01 0.000000000000000000e+00 5.099999999999993605e+01 1.402941176470586626e+01 1.871153846153844924e+01 3.262499999999997868e+01 5.408333333333331439e+01 0.000000000000000000e+00 0.000000000000000000e+00 0.000000000000000000e+00 0.000000000000000000e+00 0.000000000000000000e+00 0.000000000000000000e+00 0.000000000000000000e+00 0.000000000000000000e+00 0.000000000000000000e+00 0.000000000000000000e+00 0.000000000000000000e+00 0.000000000000000000e+00 7.649999999999997158e+01 5.499999999999997158e+01 0.000000000000000000e+00 0.000000000000000000e+00 0.000000000000000000e+00 0.000000000000000000e+00 2.534999999999998010e+01 3.082608695652170994e+01 0.000000000000000000e+00 0.000000000000000000e+00 8.899999999999995737e+01 5.674999999999995737e+01 0.000000000000000000e+00 2.779999999999997584e+01 5.374999999999994316e+01
0.000000000000000000e+00 0.000000000000000000e+00 0.000000000000000000e+00 3.049999999999997513e+01 2.901587301587300871e+01 3.328787878787878185e+01 4.574999999999997868e+01 2.299999999999999289e+01 2.535135135135134377e+01 2.302868318122553504e+01 2.724545454545453538e+01 1.844402102496713525e+01 3.900370370370369244e+01 3.759146341463412710e+01 4.906944444444442865e+01 1.186033681765388614e+01 8.495199999999995200e+00 2.084552845528454057e+01 3.845522949586153771e+01 0.000000000000000000e+00 8.149999999999998579e+01 0.000000000000000000e+00 0.000000000000000000e+00 0.000000000000000000e+00 9.000000000000000000e+01 6.279999999999998295e+01 6.816666666666664298e+01 6.903571428571426338e+01 4.734285714285712743e+01 5.442682926829266421e+01 5.770454545454544615e+01 5.581437125748500705e+01 4.402249999999997954e+01 7.216666666666664298e+01 7.656666666666666288e+01 0.000000000000000000e+00 6.875000000000000000e+01 1.719314079422381525e+01 2.696254256526672677e+01 3.188492063492062911e+01 0.000000000000000000e+00 3.520454545454544615e+01 5.158333333333332149e+01 5.481249999999997158e+01 2.861111111111110361e+01 3.836666666666664582e+01 0.000000000000000000e+00 2.849999999999998224e+01 3.466666666666665009e+01 0.000000000000000000e+00 3.892857142857139507e+01 3.319999999999996732e+01 2.937931034482756232e+01 2.683333333333330373e+01 2.421028037383175757e+01 5.549999999999997868e+01 4.799999999999997158e+01 6.299999999999997868e+01 1.746874999999999289e+01 1.022222222222222143e+01 1.945098039215685759e+01 3.252380952380951129e+01 0.000000000000000000e+00 0.000000000000000000e+00 0.000000000000000000e+00 0.000000000000000000e+00 0.000000000000000000e+00 0.000000000000000000e+00 0.000000000000000000e+00 0.000000000000000000e+00 0.000000000000000000e+00 0.000000000000000000e+00 0.000000000000000000e+00 0.000000000000000000e+00 5.724999999999998579e+01 4.337500000000000711e+01 0.000000000000000000e+00 0.000000000000000000e+00 0.000000000000000000e+00 0.000000000000000000e+00 2.222727272727271242e+01 2.896296296296294059e+01 4.499999999999998579e+01 0.000000000000000000e+00 5.474999999999996447e+01 0.000000000000000000e+00 0.000000000000000000e+00 2.987499999999998224e+01 4.349999999999998579e+01
