0.000000000000000000e+00 0.000000000000000000e+00 0.000000000000000000e+00 0.000000000000000000e+00 0.000000000000000000e+00 0.000000000000000000e+00 0.000000000000000000e+00 0.000000000000000000e+00 0.000000000000000000e+00 0.000000000000000000e+00 0.000000000000000000e+00 0.000000000000000000e+00 0.000000000000000000e+00 0.000000000000000000e+00 0.000000000000000000e+00 0.000000000000000000e+00 0.000000000000000000e+00 0.000000000000000000e+00 0.000000000000000000e+00 0.000000000000000000e+00 0.000000000000000000e+00 0.000000000000000000e+00 0.000000000000000000e+00 0.000000000000000000e+00 0.000000000000000000e+00 0.000000000000000000e+00 0.000000000000000000e+00 0.000000000000000000e+00 0.000000000000000000e+00 0.000000000000000000e+00 0.000000000000000000e+00 0.000000000000000000e+00 0.000000000000000000e+00 0.000000000000000000e+00 0.000000000000000000e+00 0.000000000000000000e+00 0.000000000000000000e+00 0.000000000000000000e+00 0.000000000000000000e+00 0.000000000000000000e+00 0.000000000000000000e+00 0.000000000000000000e+00 0.000000000000000000e+00 0.000000000000000000e+00 0.000000000000000000e+00 0.000000000000000000e+00 0.000000000000000000e+00 0.000000000000000000e+00 0.000000000000000000e+00 0.000000000000000000e+00 0.000000000000000000e+00 0.000000000000000000e+00 0.000000000000000000e+00 0.000000000000000000e+00 0.000000000000000000e+00 0.000000000000000000e+00 0.000000000000000000e+00 0.000000000000000000e+00 0.000000000000000000e+00 0.000000000000000000e+00 0.000000000000000000e+00 0.000000000000000000e+00 0.000000000000000000e+00 0.000000000000000000e+00 0.000000000000000000e+00 0.000000000000000000e+00 0.000000000000000000e+00 0.000000000000000000e+00 0.000000000000000000e+00 0.000000000000000000e+00 0.000000000000000000e+00 0.000000000000000000e+00 0.000000000000000000e+00 0.000000000000000000e+00 0.000000000000000000e+00 0.000000000000000000e+00 0.000000000000000000e+00 0.000000000000000000e+00 0.000000000000000000e+00 0.000000000000000000e+00 0.000000000000000000e+00 0.000000000000000000e+00 0.000000000000000000e+00 0.000000000000000000e+00 0.000000000000000000e+00 0.000000000000000000e+00 0.000000000000000000e+00 0.000000000000000000e+00 0.000000000000000000e+00
0.000000000000000000e+00 0.000000000000000000e+00 0.000000000000000000e+00 0.000000000000000000e+00 0.000000000000000000e+00 0.000000000000000000e+00 0.000000000000000000e+00 0.000000000000000000e+00 0.000000000000000000e+00 0.000000000000000000e+00 0.000000000000000000e+00 0.000000000000000000e+00 0.000000000000000000e+00 0.000000000000000000e+00 0.000000000000000000e+00 0.000000000000000000e+00 0.000000000000000000e+00 0.000000000000000000e+00 0.000000000000000000e+00 0.000000000000000000e+00 0.000000000000000000e+00 0.000000000000000000e+00 0.000000000000000000e+00 0.000000000000000000e+00 0.000000000000000000e+00 0.000000000000000000e+00 0.000000000000000000e+00 0.000000000000000000e+00 0.000000000000000000e+00 0.000000000000000000e+00 0.000000000000000000e+00 0.000000000000000000e+00 0.000000000000000000e+00 0.000000000000000000e+00 0.000000000000000000e+00 0.000000000000000000e+00 0.000000000000000000e+00 0.000000000000000000e+00 0.000000000000000000e+00 0.000000000000000000e+00 0.000000000000000000e+00 0.000000000000000000e+00 0.000000000000000000e+00 0.000000000000000000e+00 0.000000000000000000e+00 0.000000000000000000e+00 0.000000000000000000e+00 0.000000000000000000e+00 0.000000000000000000e+00 0.000000000000000000e+00 0.000000000000000000e+00 0.000000000000000000e+00 0.000000000000000000e+00 0.000000000000000000e+00 0.000000000000000000e+00 0.000000000000000000e+00 0.000000000000000000e+00 0.000000000000000000e+00 0.000000000000000000e+00 0.000000000000000000e+00 0.000000000000000000e+00 0.000000000000000000e+00 0.000000000000000000e+00 0.000000000000000000e+00 0.000000000000000000e+00 0.000000000000000000e+00 0.000000000000000000e+00 0.000000000000000000e+00 0.000000000000000000e+00 0.000000000000000000e+00 0.000000000000000000e+00 0.000000000000000000e+00 0.000000000000000000e+00 0.000000000000000000e+00 0.000000000000000000e+00 0.000000000000000000e+00 0.000000000000000000e+00 0.000000000000000000e+00 0.000000000000000000e+00 0.000000000000000000e+00 0.000000000000000000e+00 0.000000000000000000e+00 0.000000000000000000e+00 0.000000000000000000e+00 0.000000000000000000e+00 0.000000000000000000e+00 0.000000000000000000e+00 0.000000000000000000e+00 0.000000000000000000e+00
0.000000000000000000e+00 0.000000000000000000e+00 0.000000000000000000e+00 0.000000000000000000e+00 0.000000000000000000e+00 0.000000000000000000e+00 0.000000000000000000e+00 0.000000000000000000e+00 0.000000000000000000e+00 0.000000000000000000e+00 0.000000000000000000e+00 0.000000000000000000e+00 0.000000000000000000e+00 0.000000000000000000e+00 0.000000000000000000e+00 0.000000000000000000e+00 0.000000000000000000e+00 0.000000000000000000e+00 0.000000000000000000e+00 0.000000000000000000e+00 0.000000000000000000e+00 0.000000000000000000e+00 0.000000000000000000e+00 0.000000000000000000e+00 0.000000000000000000e+00 0.000000000000000000e+00 0.000000000000000000e+00 0.000000000000000000e+00 0.000000000000000000e+00 0.000000000000000000e+00 0.000000000000000000e+00 0.000000000000000000e+00 0.000000000000000000e+00 0.000000000000000000e+00 0.000000000000000000e+00 0.000000000000000000e+00 0.000000000000000000e+00 0.000000000000000000e+00 0.000000000000000000e+00 0.000000000000000000e+00 0.000000000000000000e+00 0.000000000000000000e+00 0.000000000000000000e+00 0.000000000000000000e+00 0.000000000000000000e+00 0.000000000000000000e+00 0.000000000000000000e+00 0.000000000000000000e+00 0.000000000000000000e+00 0.000000000000000000e+00 0.000000000000000000e+00 0.000000000000000000e+00 0.000000000000000000e+00 0.000000000000000000e+00 0.000000000000000000e+00 0.000000000000000000e+00 0.000000000000000000e+00 0.000000000000000000e+00 0.000000000000000000e+00 0.000000000000000000e+00 0.000000000000000000e+00 0.000000000000000000e+00 0.000000000000000000e+00 0.000000000000000000e+00 0.000000000000000000e+00 0.000000000000000000e+00 0.000000000000000000e+00 0.000000000000000000e+00 0.000000000000000000e+00 0.000000000000000000e+00 0.000000000000000000e+00 0.000000000000000000e+00 0.000000000000000000e+00 0.000000000000000000e+00 0.000000000000000000e+00 0.000000000000000000e+00 0.000000000000000000e+00 0.000000000000000000e+00 0.000000000000000000e+00 0.000000000000000000e+00 0.000000000000000000e+00 0.000000000000000000e+00 0.000000000000000000e+00 0.000000000000000000e+00 0.000000000000000000e+00 0.000000000000000000e+00 0.000000000000000000e+00 0.000000000000000000e+00 0.000000000000000000e+00
0.000000000000000000e+00 0.000000000000000000e+00 0.000000000000000000e+00 4.038590604026843778e+00 6.172939068100356863e+00 1.241188524590163311e+01 2.999999999999996447e+01 3.124999999999998579e+01 4.950000000000000711e+01 9.874269005847951419e+00 4.962499999999997158e+01 7.019291338582675621e+00 0.000000000000000000e+00 0.000000000000000000e+00 0.000000000000000000e+00 2.772222222222221433e+01 0.000000000000000000e+00 0.000000000000000000e+00 0.000000000000000000e+00 0.000000000000000000e+00 0.000000000000000000e+00 0.000000000000000000e+00 0.000000000000000000e+00 0.000000000000000000e+00 0.000000000000000000e+00 0.000000000000000000e+00 0.000000000000000000e+00 0.000000000000000000e+00 0.000000000000000000e+00 6.949999999999985789e+01 0.000000000000000000e+00 0.000000000000000000e+00 0.000000000000000000e+00 0.000000000000000000e+00 0.000000000000000000e+00 0.000000000000000000e+00 0.000000000000000000e+00 3.331578947368417687e+01 3.428571428571426338e+01 0.000000000000000000e+00 0.000000000000000000e+00 0.000000000000000000e+00 0.000000000000000000e+00 0.000000000000000000e+00 3.100000000000001421e+01 0.000000000000000000e+00 0.000000000000000000e+00 0.000000000000000000e+00 0.000000000000000000e+00 0.000000000000000000e+00 0.000000000000000000e+00 0.000000000000000000e+00 0.000000000000000000e+00 0.000000000000000000e+00 0.000000000000000000e+00 0.000000000000000000e+00 0.000000000000000000e+00 0.000000000000000000e+00 0.000000000000000000e+00 0.000000000000000000e+00 0.000000000000000000e+00 0.000000000000000000e+00 0.000000000000000000e+00 0.000000000000000000e+00 0.000000000000000000e+00 0.000000000000000000e+00 0.000000000000000000e+00 0.000000000000000000e+00 0.000000000000000000e+00 0.000000000000000000e+00 0.000000000000000000e+00 0.000000000000000000e+00 0.000000000000000000e+00 0.000000000000000000e+00 0.000000000000000000e+00 0.000000000000000000e+00 0.000000000000000000e+00 0.000000000000000000e+00 0.000000000000000000e+00 0.000000000000000000e+00 0.000000000000000000e+00 0.000000000000000000e+00 0.000000000000000000e+00 0.000000000000000000e+00 0.000000000000000000e+00 0.000000000000000000e+00 0.000000000000000000e+00 0.000000000000000000e+00 0.000000000000000000e+00
0.000000000000000000e+00 0.000000000000000000e+00 0.000000000000000000e+00 6.172939068100356863e+00 1.007583193277310230e+01 9.275538824918800884e+00 2.389062499999998934e+01 2.455792682926827908e+01 4.196496815286623416e+01 1.723877708978327661e+01 4.211258278145694334e+01 1.930680207841284357e+01 5.459259259259257391e+01 6.409999999999999432e+01 2.731304347826086243e+01 1.233821656050954552e+01 3.077319587628864994e+01 4.809574468085104115e+01 6.028999999999996362e+01 0.000000000000000000e+00 0.000000000000000000e+00 8.599999999999995737e+01 0.000000000000000000e+00 0.000000000000000000e+00 0.000000000000000000e+00 6.874999999999997158e+01 6.524999999999997158e+01 0.000000000000000000e+00 7.154999999999998295e+01 7.031249999999998579e+01 7.733333333333332860e+01 8.026666666666663730e+01 6.554999999999998295e+01 0.000000000000000000e+00 0.000000000000000000e+00 0.000000000000000000e+00 6.849999999999991473e+01 1.329443796188252946e+01 1.969039913700106581e+01 4.112121212121211045e+01 0.000000000000000000e+00 5.569999999999997442e+01 5.474999999999997868e+01 4.837500000000000000e+01 6.095588235294115087e+00 4.130952380952379599e+01 0.000000000000000000e+00 0.000000000000000000e+00 0.000000000000000000e+00 0.000000000000000000e+00 4.499999999999991473e+01 5.049999999999992184e+01 5.299999999999997158e+01 0.000000000000000000e+00 5.259999999999994458e+01 0.000000000000000000e+00 7.099999999999985789e+01 0.000000000000000000e+00 3.274999999999997868e+01 2.762499999999996803e+01 4.399999999999997158e+01 7.150000000000001421e+01 0.000000000000000000e+00 0.000000000000000000e+00 0.000000000000000000e+00 0.000000000000000000e+00 0.000000000000000000e+00 0.000000000000000000e+00 0.000000000000000000e+00 0.000000000000000000e+00 0.000000000000000000e+00 0.000000000000000000e+00 0.000000000000000000e+00 0.000000000000000000e+00 0.000000000000000000e+00 8.499999999999997158e+01 0.000000000000000000e+00 0.000000000000000000e+00 0.000000000000000000e+00 0.000000000000000000e+00 2.496428571428568688e+01 4.583333333333331439e+01 0.000000000000000000e+00 0.000000000000000000e+00 0.000000000000000000e+00 0.000000000000000000e+00 0.000000000000000000e+00 2.108333333333332504e+01 1.466666666666665186e+01
0.000000000000000000e+00 0.000000000000000000e+00 0.000000000000000000e+00 1.241188524590163311e+01 9.275538824918800884e+00 1.344595348837208526e+01 9.632994784518249531e+00 1.405755831566191638e+01 3.636930091185408997e+01 1.881796217037138419e+01 4.484754098360653529e+01 2.677302393038432982e+01 5.135555555555553298e+01 6.392857142857138797e+01 2.310921985815601687e+01 2.144990892531874849e+01 3.617222222222221006e+01 5.106060606060603391e+01 6.697222222222220012e+01 0.000000000000000000e+00 0.000000000000000000e+00 0.000000000000000000e+00 3.649999999999999289e+01 0.000000000000000000e+00 3.849999999999998579e+01 4.809523809523808779e+01 3.833333333333332149e+01 5.816666666666662167e+01 6.155263157894734150e+01 5.658108108108105938e+01 6.997916666666664298e+01 7.914285714285711038e+01 7.293749999999997158e+01 0.000000000000000000e+00 6.300000000000000000e+01 0.000000000000000000e+00 4.450000000000000000e+01 1.883166428230804712e+01 1.997283255763609588e+01 3.151470588235292780e+01 0.000000000000000000e+00 4.914285714285712459e+01 3.829166666666665009e+01 3.090909090909089585e+01 1.994217687074828760e+01 5.046153846153845279e+01 0.000000000000000000e+00 4.824999999999994316e+01 4.224999999999997158e+01 0.000000000000000000e+00 0.000000000000000000e+00 6.750000000000000000e+01 5.062499999999992895e+01 6.516666666666661456e+01 5.716666666666663588e+01 5.249999999999996447e+01 0.000000000000000000e+00 0.000000000000000000e+00 3.309999999999998721e+01 4.044999999999997442e+01 5.466666666666665009e+01 6.649999999999995737e+01 0.000000000000000000e+00 0.000000000000000000e+00 9.649999999999991473e+01 0.000000000000000000e+00 0.000000000000000000e+00 0.000000000000000000e+00 0.000000000000000000e+00 0.000000000000000000e+00 0.000000000000000000e+00 0.000000000000000000e+00 0.000000000000000000e+00 0.000000000000000000e+00 0.000000000000000000e+00 0.000000000000000000e+00 0.000000000000000000e+00 0.000000000000000000e+00 0.000000000000000000e+00 0.000000000000000000e+00 3.949999999999997868e+01 5.331818181818175617e+01 0.000000000000000000e+00 0.000000000000000000e+00 0.000000000000000000e+00 0.000000000000000000e+00 0.000000000000000000e+00 3.074999999999996447e+01 0.000000000000000000e+00
0.000000000000000000e+00 0.000000000000000000e+00 0.000000000000000000e+00 2.999999999999996447e+01 2.389062499999998934e+01 9.632994784518249531e+00 7.974066797642433535e+00 7.224152191894124719e+00 2.495320197044334165e+01 1.459674657534245945e+01 3.979591836734691412e+01 3.721153846153844569e+01 4.468749999999998579e+01 0.000000000000000000e+00 3.726129032258062779e+01 2.683333333333332149e+01 3.271428571428570109e+01 5.349999999999992895e+01 0.000000000000000000e+00 0.000000000000000000e+00 0.000000000000000000e+00 0.000000000000000000e+00 0.000000000000000000e+00 0.000000000000000000e+00 0.000000000000000000e+00 0.000000000000000000e+00 0.000000000000000000e+00 0.000000000000000000e+00 4.862499999999997868e+01 4.656363636363634839e+01 6.937499999999997158e+01 6.679999999999999716e+01 6.399999999999996447e+01 0.000000000000000000e+00 0.000000000000000000e+00 0.000000000000000000e+00 8.299999999999994316e+01 3.573076923076922640e+01 2.873786407766988660e+01 3.350000000000000000e+01 0.000000000000000000e+00 0.000000000000000000e+00 0.000000000000000000e+00 3.100000000000001066e+01 2.849999999999997513e+01 0.000000000000000000e+00 0.000000000000000000e+00 0.000000000000000000e+00 5.749999999999998579e+01 0.000000000000000000e+00 0.000000000000000000e+00 0.000000000000000000e+00 0.000000000000000000e+00 0.000000000000000000e+00 0.000000000000000000e+00 0.000000000000000000e+00 0.000000000000000000e+00 0.000000000000000000e+00 0.000000000000000000e+00 0.000000000000000000e+00 0.000000000000000000e+00 0.000000000000000000e+00 0.000000000000000000e+00 0.000000000000000000e+00 0.000000000000000000e+00 0.000000000000000000e+00 0.000000000000000000e+00 0.000000000000000000e+00 0.000000000000000000e+00 0.000000000000000000e+00 0.000000000000000000e+00 0.000000000000000000e+00 0.000000000000000000e+00 0.000000000000000000e+00 0.000000000000000000e+00 0.000000000000000000e+00 0.000000000000000000e+00 0.000000000000000000e+00 0.000000000000000000e+00 0.000000000000000000e+00 0.000000000000000000e+00 0.000000000000000000e+00 0.000000000000000000e+00 0.000000000000000000e+00 0.000000000000000000e+00 0.000000000000000000e+00 0.000000000000000000e+00 0.000000000000000000e+00 0.000000000000000000e+00
0.000000000000000000e+00 0.000000000000000000e+00 0.000000000000000000e+00 3.124999999999998579e+01 2.455792682926827908e+01 1.405755831566191638e+01 7.224152191894124719e+00 8.190342139454307002e+00 9.850081922446745963e+00 1.910461472724682253e+01 3.241489361702126359e+01 2.625670840787118721e+01 3.267352941176469727e+01 7.099999999999992895e+01 3.450208333333331723e+01 2.050660066006599891e+01 2.245901639344261724e+01 5.195454545454542483e+01 6.849999999999995737e+01 0.000000000000000000e+00 7.049999999999998579e+01 7.299999999999997158e+01 0.000000000000000000e+00 0.000000000000000000e+00 8.799999999999997158e+01 5.881249999999999289e+01 0.000000000000000000e+00 5.826470588235291359e+01 4.018333333333331581e+01 3.820918367346936151e+01 6.265178571428570109e+01 6.535526315789471141e+01 6.382142857142854098e+01 0.000000000000000000e+00 8.250000000000001421e+01 0.000000000000000000e+00 7.175000000000000000e+01 2.105801104972374560e+01 2.702996845425865757e+01 4.312499999999999289e+01 0.000000000000000000e+00 0.000000000000000000e+00 5.674999999999999289e+01 2.849999999999997868e+01 2.791666666666665719e+01 5.139999999999997726e+01 0.000000000000000000e+00 0.000000000000000000e+00 0.000000000000000000e+00 0.000000000000000000e+00 0.000000000000000000e+00 0.000000000000000000e+00 4.250000000000000000e+01 7.399999999999992895e+01 4.649999999999993605e+01 0.000000000000000000e+00 0.000000000000000000e+00 0.000000000000000000e+00 2.783333333333328952e+01 1.799999999999998579e+01 3.699999999999997158e+01 0.000000000000000000e+00 0.000000000000000000e+00 0.000000000000000000e+00 0.000000000000000000e+00 0.000000000000000000e+00 0.000000000000000000e+00 0.000000000000000000e+00 0.000000000000000000e+00 0.000000000000000000e+00 0.000000000000000000e+00 0.000000000000000000e+00 0.000000000000000000e+00 0.000000000000000000e+00 0.000000000000000000e+00 0.000000000000000000e+00 0.000000000000000000e+00 0.000000000000000000e+00 0.000000000000000000e+00 0.000000000000000000e+00 3.399999999999997158e+01 4.749999999999997868e+01 6.499999999999991473e+01 0.000000000000000000e+00 0.000000000000000000e+00 0.000000000000000000e+00 0.000000000000000000e+00 2.799999999999997158e+01 5.900000000000002132e+01
0.000000000000000000e+00 0.000000000000000000e+00 0.000000000000000000e+00 4.950000000000000711e+01 4.196496815286623416e+01 3.636930091185408997e+01 2.495320197044334165e+01 9.850081922446745963e+00 1.168198504418762518e+01 2.331756208407725239e+01 2.744736842105263008e+01 3.055233082706766012e+01 1.066036363636363582e+01 5.273684210526313620e+01 2.192719352831361945e+01 3.323115299334811823e+01 2.641762252346194018e+01 4.383870967741934521e+01 6.647368421052630083e+01 0.000000000000000000e+00 0.000000000000000000e+00 0.000000000000000000e+00 0.000000000000000000e+00 0.000000000000000000e+00 4.275000000000000000e+01 4.641304347826088161e+01 2.762500000000000000e+01 4.833333333333331439e+01 2.661614906832298288e+01 2.737125037125036187e+01 4.940229885057470938e+01 5.547767857142856940e+01 5.622727272727272663e+01 5.712500000000000000e+01 6.100000000000000711e+01 5.199999999999997868e+01 6.679999999999998295e+01 2.204246575342465420e+01 2.351007109004738638e+01 2.680181818181818088e+01 0.000000000000000000e+00 3.249090909090909207e+01 7.074999999999998579e+01 4.019642857142856229e+01 4.156666666666664867e+01 3.285045662100456809e+01 0.000000000000000000e+00 0.000000000000000000e+00 6.049999999999992895e+01 0.000000000000000000e+00 0.000000000000000000e+00 4.649999999999997158e+01 5.249999999999997868e+01 0.000000000000000000e+00 4.711538461538459188e+01 4.599999999999997868e+01 0.000000000000000000e+00 7.749999999999998579e+01 4.081249999999998579e+01 3.334615384615382538e+01 4.249999999999997868e+01 4.749999999999998579e+01 0.000000000000000000e+00 0.000000000000000000e+00 0.000000000000000000e+00 0.000000000000000000e+00 0.000000000000000000e+00 0.000000000000000000e+00 0.000000000000000000e+00 0.000000000000000000e+00 0.000000000000000000e+00 0.000000000000000000e+00 0.000000000000000000e+00 0.000000000000000000e+00 0.000000000000000000e+00 0.000000000000000000e+00 0.000000000000000000e+00 0.000000000000000000e+00 0.000000000000000000e+00 0.000000000000000000e+00 5.133333333333333570e+01 5.749999999999996447e+01 0.000000000000000000e+00 0.000000000000000000e+00 0.000000000000000000e+00 0.000000000000000000e+00 0.000000000000000000e+00 5.349999999999998579e+01 0.000000000000000000e+00
0.000000000000000000e+00 0.000000000000000000e+00 0.000000000000000000e+00 9.874269005847951419e+00 1.723877708978327661e+01 1.881796217037138419e+01 1.459674657534245945e+01 1.910461472724682253e+01 2.331756208407725239e+01 1.387727515583258686e+01 1.853305785123966132e+01 1.622690287743175475e+01 4.149416342412449410e+01 5.127192982456138282e+01 2.506012176560120608e+01 2.255880681818181088e+01 2.335760971055087509e+01 4.466428571428569683e+01 6.678082191780818277e+01 0.000000000000000000e+00 7.816666666666664298e+01 0.000000000000000000e+00 0.000000000000000000e+00 0.000000000000000000e+00 9.499999999999997158e+01 5.574999999999997868e+01 0.000000000000000000e+00 6.040476190476190510e+01 5.209313725490194003e+01 4.287599999999998346e+01 6.266350710900473331e+01 6.519783464566926057e+01 6.504878048780487632e+01 6.833333333333332860e+01 7.749999999999997158e+01 8.949999999999998579e+01 7.725000000000000000e+01 2.317838827838826532e+01 2.706932060285644326e+01 3.995555555555553440e+01 0.000000000000000000e+00 4.382317073170730737e+01 5.037499999999997158e+01 5.210526315789472562e+01 3.147328244274806508e+01 4.593990384615382538e+01 0.000000000000000000e+00 3.849999999999993605e+01 4.674999999999996447e+01 0.000000000000000000e+00 0.000000000000000000e+00 5.099999999999999289e+01 5.814285714285709616e+01 6.249999999999996447e+01 5.205555555555553582e+01 7.025000000000000000e+01 6.399999999999997868e+01 0.000000000000000000e+00 2.906451612903223491e+01 3.184722222222220367e+01 4.049999999999997868e+01 7.366666666666661456e+01 0.000000000000000000e+00 0.000000000000000000e+00 0.000000000000000000e+00 0.000000000000000000e+00 0.000000000000000000e+00 0.000000000000000000e+00 0.000000000000000000e+00 0.000000000000000000e+00 0.000000000000000000e+00 0.000000000000000000e+00 0.000000000000000000e+00 0.000000000000000000e+00 0.000000000000000000e+00 8.049999999999998579e+01 0.000000000000000000e+00 0.000000000000000000e+00 1.090000000000000000e+02 0.000000000000000000e+00 4.806666666666662735e+01 4.852499999999995595e+01 0.000000000000000000e+00 0.000000000000000000e+00 0.000000000000000000e+00 0.000000000000000000e+00 0.000000000000000000e+00 4.683333333333329307e+01 0.000000000000000000e+00
0.000000000000000000e+00 0.000000000000000000e+00 0.000000000000000000e+00 4.962499999999997158e+01 4.211258278145694334e+01 4.484754098360653529e+01 3.979591836734691412e+01 3.241489361702126359e+01 2.744736842105263008e+01 1.853305785123966132e+01 1.492263623447454002e+01 2.660817307692307665e+01 1.509578977112178499e+01 5.050000000000000000e+01 2.326686217008797541e+01 4.074130879345602096e+01 2.635112359550561223e+01 2.692421874999998721e+01 4.818309859154929597e+01 0.000000000000000000e+00 5.740625000000000000e+01 5.399999999999998579e+01 6.799999999999995737e+01 0.000000000000000000e+00 5.916666666666666430e+01 4.446666666666666856e+01 5.269999999999998863e+01 4.144155844155844193e+01 3.108823529411764852e+01 3.355238500851788785e+01 4.210318124738384427e+01 4.259925308819304490e+01 4.634413580246914677e+01 5.043181818181819409e+01 5.627906976744186096e+01 4.954999999999999716e+01 5.582291666666666430e+01 2.203858169322085914e+01 2.475126842232423030e+01 2.964366998577524370e+01 0.000000000000000000e+00 2.847721822541966574e+01 6.358333333333329307e+01 3.719758064516128826e+01 4.390624999999997868e+01 3.595986238532110235e+01 0.000000000000000000e+00 0.000000000000000000e+00 5.599999999999997868e+01 0.000000000000000000e+00 0.000000000000000000e+00 0.000000000000000000e+00 5.524999999999997158e+01 5.414285714285712459e+01 5.125862068965514595e+01 5.639999999999996305e+01 5.199999999999999289e+01 5.424999999999999289e+01 4.199999999999998579e+01 3.534615384615383959e+01 3.080188679245282302e+01 0.000000000000000000e+00 0.000000000000000000e+00 0.000000000000000000e+00 0.000000000000000000e+00 0.000000000000000000e+00 0.000000000000000000e+00 0.000000000000000000e+00 0.000000000000000000e+00 0.000000000000000000e+00 0.000000000000000000e+00 0.000000000000000000e+00 0.000000000000000000e+00 0.000000000000000000e+00 9.200000000000000000e+01 0.000000000000000000e+00 0.000000000000000000e+00 0.000000000000000000e+00 0.000000000000000000e+00 0.000000000000000000e+00 4.666666666666664298e+01 4.966666666666665009e+01 6.183333333333330728e+01 0.000000000000000000e+00 0.000000000000000000e+00 0.000000000000000000e+00 0.000000000000000000e+00 0.000000000000000000e+00 0.000000000000000000e+00
0.000000000000000000e+00 0.000000000000000000e+00 0.000000000000000000e+00 7.019291338582675621e+00 1.930680207841284357e+01 2.677302393038432982e+01 3.721153846153844569e+01 2.625670840787118721e+01 3.055233082706766012e+01 1.622690287743175475e+01 2.660817307692307665e+01 1.563923610144483511e+01 2.360364722851844377e+01 1.773694709453598506e+01 3.361322869955156278e+01 2.287412496759138492e+01 1.844915861081273434e+01 2.285154549412276381e+01 3.702582883577486683e+01 0.000000000000000000e+00 6.099999999999998579e+01 7.350000000000001421e+01 0.000000000000000000e+00 0.000000000000000000e+00 4.550000000000003553e+01 5.528125000000000000e+01 4.487500000000000000e+01 5.718181818181817988e+01 3.516137566137565074e+01 4.121547502448579792e+01 5.890497737556560764e+01 4.074731182795699169e+01 3.756639566395664076e+01 5.558333333333332149e+01 7.091666666666665719e+01 5.449999999999999289e+01 7.529999999999999716e+01 2.692353560154330694e+01 3.097067091454271903e+01 3.556728971962616725e+01 0.000000000000000000e+00 3.364498141263940312e+01 6.974999999999998579e+01 4.394623655913977700e+01 4.148039215686272740e+01 4.316408268733849951e+01 0.000000000000000000e+00 4.099999999999999289e+01 4.799999999999997868e+01 0.000000000000000000e+00 3.549999999999998579e+01 4.274999999999993605e+01 4.819047619047616848e+01 4.839999999999996305e+01 1.147787610619468346e+01 6.733333333333331439e+01 3.550000000000000000e+01 7.299999999999995737e+01 3.156617647058821419e+01 2.714024390243900697e+01 2.272784810126580979e+01 4.927272727272725206e+01 0.000000000000000000e+00 0.000000000000000000e+00 0.000000000000000000e+00 0.000000000000000000e+00 0.000000000000000000e+00 0.000000000000000000e+00 0.000000000000000000e+00 0.000000000000000000e+00 0.000000000000000000e+00 0.000000000000000000e+00 0.000000000000000000e+00 9.149999999999998579e+01 8.425000000000000000e+01 6.599999999999997158e+01 0.000000000000000000e+00 0.000000000000000000e+00 0.000000000000000000e+00 0.000000000000000000e+00 4.569230769230766498e+01 4.603030303030299564e+01 4.683333333333330728e+01 0.000000000000000000e+00 0.000000000000000000e+00 0.000000000000000000e+00 0.000000000000000000e+00 4.624999999999997868e+01 6.650000000000000000e+01
0.000000000000000000e+00 0.000000000000000000e+00 0.000000000000000000e+00 0.000000000000000000e+00 5.459259259259257391e+01 5.135555555555553298e+01 4.468749999999998579e+01 3.267352941176469727e+01 1.066036363636363582e+01 4.149416342412449410e+01 1.509578977112178499e+01 2.360364722851844377e+01 1.306532963988919605e+01 7.740900431164143392e+00 2.447180261832830439e+01 5.346842105263156242e+01 3.809230769230767777e+01 2.055739644970414304e+01 3.103995157384988701e+01 0.000000000000000000e+00 5.674999999999997868e+01 6.875000000000001421e+01 7.250000000000000000e+01 0.000000000000000000e+00 4.463636363636364734e+01 1.536319218241042428e+01 3.737142857142857366e+01 4.271311475409836333e+01 1.680359734605017508e+01 2.780692911714770688e+01 4.255981182795699169e+01 3.302643030846025596e+01 3.217214191852825422e+01 4.636363636363637397e+01 6.397058823529411598e+01 5.137500000000001421e+01 5.738888888888888573e+01 2.422816349384098444e+01 2.337930768042034302e+01 2.901902834008098253e+01 0.000000000000000000e+00 2.847049689440993703e+01 4.259375000000000000e+01 3.698703170028818477e+01 5.750000000000001421e+01 3.521611909650923877e+01 0.000000000000000000e+00 0.000000000000000000e+00 0.000000000000000000e+00 0.000000000000000000e+00 0.000000000000000000e+00 0.000000000000000000e+00 5.699999999999996447e+01 4.999999999999996447e+01 5.699999999999998579e+01 5.599999999999996447e+01 0.000000000000000000e+00 7.649999999999998579e+01 5.524999999999998579e+01 5.716666666666665009e+01 3.966666666666665009e+01 2.149999999999999645e+01 0.000000000000000000e+00 0.000000000000000000e+00 0.000000000000000000e+00 0.000000000000000000e+00 0.000000000000000000e+00 0.000000000000000000e+00 0.000000000000000000e+00 0.000000000000000000e+00 0.000000000000000000e+00 0.000000000000000000e+00 0.000000000000000000e+00 0.000000000000000000e+00 1.134999999999999716e+02 0.000000000000000000e+00 0.000000000000000000e+00 0.000000000000000000e+00 0.000000000000000000e+00 0.000000000000000000e+00 5.274999999999996447e+01 5.592857142857139507e+01 0.000000000000000000e+00 0.000000000000000000e+00 0.000000000000000000e+00 5.849999999999994316e+01 0.000000000000000000e+00 0.000000000000000000e+00 0.000000000000000000e+00
0.000000000000000000e+00 0.000000000000000000e+00 0.000000000000000000e+00 0.000000000000000000e+00 6.409999999999999432e+01 6.392857142857138797e+01 0.000000000000000000e+00 7.099999999999992895e+01 5.273684210526313620e+01 5.127192982456138282e+01 5.050000000000000000e+01 1.773694709453598506e+01 7.740900431164143392e+00 8.821406250000000782e+00 2.130882352941176805e+01 5.188749999999997442e+01 3.998660714285712459e+01 1.149999999999999822e+01 2.248437500000000355e+01 0.000000000000000000e+00 0.000000000000000000e+00 0.000000000000000000e+00 0.000000000000000000e+00 0.000000000000000000e+00 0.000000000000000000e+00 3.250000000000000711e+01 2.375000000000000711e+01 3.825000000000000711e+01 9.933778598834731355e+00 2.531512605042017228e+01 4.750000000000002842e+01 1.700185528756957254e+01 1.596544715447154417e+01 0.000000000000000000e+00 0.000000000000000000e+00 0.000000000000000000e+00 0.000000000000000000e+00 3.548214285714284699e+01 4.345512820512819019e+01 3.032258064516129181e+01 0.000000000000000000e+00 2.522727272727272663e+01 3.250000000000001421e+01 3.321874999999999289e+01 0.000000000000000000e+00 3.063043478260869534e+01 0.000000000000000000e+00 0.000000000000000000e+00 7.900000000000000000e+01 0.000000000000000000e+00 0.000000000000000000e+00 0.000000000000000000e+00 0.000000000000000000e+00 0.000000000000000000e+00 3.066666666666663943e+01 0.000000000000000000e+00 0.000000000000000000e+00 0.000000000000000000e+00 0.000000000000000000e+00 5.249999999999995737e+01 4.283333333333331439e+01 0.000000000000000000e+00 0.000000000000000000e+00 0.000000000000000000e+00 0.000000000000000000e+00 0.000000000000000000e+00 0.000000000000000000e+00 0.000000000000000000e+00 0.000000000000000000e+00 0.000000000000000000e+00 0.000000000000000000e+00 0.000000000000000000e+00 0.000000000000000000e+00 0.000000000000000000e+00 0.000000000000000000e+00 0.000000000000000000e+00 0.000000000000000000e+00 0.000000000000000000e+00 0.000000000000000000e+00 0.000000000000000000e+00 0.000000000000000000e+00 7.999999999999991473e+01 0.000000000000000000e+00 0.000000000000000000e+00 0.000000000000000000e+00 0.000000000000000000e+00 0.000000000000000000e+00 0.000000000000000000e+00 0.000000000000000000e+00
0.000000000000000000e+00 0.000000000000000000e+00 0.000000000000000000e+00 0.000000000000000000e+00 2.731304347826086243e+01 2.310921985815601687e+01 3.726129032258062779e+01 3.450208333333331723e+01 2.192719352831361945e+01 2.506012176560120608e+01 2.326686217008797541e+01 3.361322869955156278e+01 2.447180261832830439e+01 2.130882352941176805e+01 1.035316721006054586e+01 3.450393700787400064e+01 2.589855072463767272e+01 1.776923076923077005e+01 2.409584664536740561e+01 1.399999999999999467e+01 4.684172661870503873e+01 3.311764705882352189e+01 2.354255319148936110e+01 1.615306122448978954e+01 2.239370546318289001e+01 2.263636363636362958e+01 1.780086313193587344e+01 2.923170731707315895e+01 1.936559139784946737e+01 2.249418604651162212e+01 4.307581360946744553e+01 2.913924489089019687e+01 3.128020565552698429e+01 5.124999999999999289e+01 4.942182890855455923e+01 4.578571428571427759e+01 4.380172413793103203e+01 1.792019543973940898e+01 7.464200477326966343e+00 1.670161290322580072e+01 0.000000000000000000e+00 1.668152031454783568e+01 1.354837461300309620e+01 1.273795180722891551e+01 3.049999999999999289e+01 1.944529914529913839e+01 0.000000000000000000e+00 0.000000000000000000e+00 0.000000000000000000e+00 0.000000000000000000e+00 0.000000000000000000e+00 0.000000000000000000e+00 7.325000000000000000e+01 0.000000000000000000e+00 5.399999999999992895e+01 0.000000000000000000e+00 0.000000000000000000e+00 0.000000000000000000e+00 0.000000000000000000e+00 4.824999999999997158e+01 3.174999999999999645e+01 3.093999999999998352e+01 0.000000000000000000e+00 0.000000000000000000e+00 3.950000000000000711e+01 0.000000000000000000e+00 0.000000000000000000e+00 0.000000000000000000e+00 0.000000000000000000e+00 0.000000000000000000e+00 0.000000000000000000e+00 0.000000000000000000e+00 0.000000000000000000e+00 0.000000000000000000e+00 8.599999999999997158e+01 3.599999999999999289e+01 0.000000000000000000e+00 0.000000000000000000e+00 0.000000000000000000e+00 0.000000000000000000e+00 4.859999999999998010e+01 4.624999999999999289e+01 0.000000000000000000e+00 0.000000000000000000e+00 3.162499999999998224e+01 3.549999999999998579e+01 0.000000000000000000e+00 0.000000000000000000e+00 0.000000000000000000e+00
0.000000000000000000e+00 0.000000000000000000e+00 0.000000000000000000e+00 2.772222222222221433e+01 1.233821656050954552e+01 2.144990892531874849e+01 2.683333333333332149e+01 2.050660066006599891e+01 3.323115299334811823e+01 2.255880681818181088e+01 4.074130879345602096e+01 2.287412496759138492e+01 5.346842105263156242e+01 5.188749999999997442e+01 3.450393700787400064e+01 7.042576905929555764e+00 1.250798722044727995e+01 3.787305699481862575e+01 5.253437120905780233e+01 0.000000000000000000e+00 0.000000000000000000e+00 7.874999999999994316e+01 0.000000000000000000e+00 0.000000000000000000e+00 0.000000000000000000e+00 6.979999999999995453e+01 7.119999999999997442e+01 7.959999999999998010e+01 6.247368421052629373e+01 6.167826086956519305e+01 7.457142857142855519e+01 6.991460055096416681e+01 5.477969762419003530e+01 0.000000000000000000e+00 9.125000000000001421e+01 0.000000000000000000e+00 7.299999999999997158e+01 1.521253822629968511e+01 2.407588947766841514e+01 4.399999999999997868e+01 0.000000000000000000e+00 5.136764705882350057e+01 7.192307692307689138e+01 6.851851851851849062e+01 9.008379888268148505e+00 5.547413793103446267e+01 0.000000000000000000e+00 5.824999999999995737e+01 3.339999999999998437e+01 0.000000000000000000e+00 0.000000000000000000e+00 5.249999999999994316e+01 3.966666666666662877e+01 4.762499999999997868e+01 3.162857142857140147e+01 0.000000000000000000e+00 0.000000000000000000e+00 4.766666666666665009e+01 1.602777777777776791e+01 1.699999999999999289e+01 3.213829787234041646e+01 5.039393939393936961e+01 0.000000000000000000e+00 0.000000000000000000e+00 0.000000000000000000e+00 0.000000000000000000e+00 0.000000000000000000e+00 0.000000000000000000e+00 0.000000000000000000e+00 0.000000000000000000e+00 8.249999999999994316e+01 0.000000000000000000e+00 0.000000000000000000e+00 0.000000000000000000e+00 7.099999999999994316e+01 6.233333333333329307e+01 0.000000000000000000e+00 0.000000000000000000e+00 0.000000000000000000e+00 0.000000000000000000e+00 1.898749999999997939e+01 3.553658536585363947e+01 4.812499999999997868e+01 0.000000000000000000e+00 4.849999999999997158e+01 6.600000000000005684e+01 6.749999999999995737e+01 4.489999999999999147e+01 0.000000000000000000e+00
0.000000000000000000e+00 0.000000000000000000e+00 0.000000000000000000e+00 0.000000000000000000e+00 3.077319587628864994e+01 3.617222222222221006e+01 3.271428571428570109e+01 2.245901639344261724e+01 2.641762252346194018e+01 2.335760971055087509e+01 2.635112359550561223e+01 1.844915861081273434e+01 3.809230769230767777e+01 3.998660714285712459e+01 2.589855072463767272e+01 1.250798722044727995e+01 9.455348837209296420e+00 1.815805658056579830e+01 3.814331896551722423e+01 0.000000000000000000e+00 8.799999999999997158e+01 0.000000000000000000e+00 0.000000000000000000e+00 0.000000000000000000e+00 0.000000000000000000e+00 8.050000000000000000e+01 0.000000000000000000e+00 6.000000000000000000e+01 5.095918367346936861e+01 5.136585365853657237e+01 6.204166666666665009e+01 5.779323308270676307e+01 3.854464285714283989e+01 0.000000000000000000e+00 0.000000000000000000e+00 0.000000000000000000e+00 7.549999999999995737e+01 1.844949494949494095e+01 2.620138888888887863e+01 3.382653061224488766e+01 0.000000000000000000e+00 3.406250000000000000e+01 5.050000000000001421e+01 4.959999999999996589e+01 3.415909090909089940e+01 4.541666666666665009e+01 3.650000000000001421e+01 3.839999999999997726e+01 2.983333333333332860e+01 0.000000000000000000e+00 0.000000000000000000e+00 2.953846153846149036e+01 3.395833333333330728e+01 3.254999999999997584e+01 2.871794871794870119e+01 5.525000000000000711e+01 2.249999999999997158e+01 6.024999999999997158e+01 2.026530612244896901e+01 1.124358974358973917e+01 1.857272727272727053e+01 4.147727272727271952e+01 0.000000000000000000e+00 0.000000000000000000e+00 0.000000000000000000e+00 0.000000000000000000e+00 0.000000000000000000e+00 0.000000000000000000e+00 0.000000000000000000e+00 0.000000000000000000e+00 0.000000000000000000e+00 0.000000000000000000e+00 7.050000000000000000e+01 6.600000000000000000e+01 6.074999999999997868e+01 5.250000000000001421e+01 0.000000000000000000e+00 0.000000000000000000e+00 0.000000000000000000e+00 0.000000000000000000e+00 2.611999999999998678e+01 3.214285714285712459e+01 0.000000000000000000e+00 0.000000000000000000e+00 0.000000000000000000e+00 0.000000000000000000e+00 0.000000000000000000e+00 3.099999999999997158e+01 0.000000000000000000e+00
