0.000000000000000000e+00 0.000000000000000000e+00 0.000000000000000000e+00 0.000000000000000000e+00 0.000000000000000000e+00 0.000000000000000000e+00 0.000000000000000000e+00 0.000000000000000000e+00 0.000000000000000000e+00 0.000000000000000000e+00 0.000000000000000000e+00 0.000000000000000000e+00 0.000000000000000000e+00 0.000000000000000000e+00 0.000000000000000000e+00 0.000000000000000000e+00 0.000000000000000000e+00 0.000000000000000000e+00 0.000000000000000000e+00 0.000000000000000000e+00 0.000000000000000000e+00 0.000000000000000000e+00 0.000000000000000000e+00 0.000000000000000000e+00 0.000000000000000000e+00 0.000000000000000000e+00 0.000000000000000000e+00 0.000000000000000000e+00 0.000000000000000000e+00 0.000000000000000000e+00 0.000000000000000000e+00 0.000000000000000000e+00 0.000000000000000000e+00 0.000000000000000000e+00 0.000000000000000000e+00 0.000000000000000000e+00 0.000000000000000000e+00 0.000000000000000000e+00 0.000000000000000000e+00 0.000000000000000000e+00 0.000000000000000000e+00 0.000000000000000000e+00 0.000000000000000000e+00 0.000000000000000000e+00 0.000000000000000000e+00 0.000000000000000000e+00 0.000000000000000000e+00 0.000000000000000000e+00 0.000000000000000000e+00 0.000000000000000000e+00 0.000000000000000000e+00 0.000000000000000000e+00 0.000000000000000000e+00 0.000000000000000000e+00 0.000000000000000000e+00 0.000000000000000000e+00 0.000000000000000000e+00 0.000000000000000000e+00 0.000000000000000000e+00 0.000000000000000000e+00 0.000000000000000000e+00 0.000000000000000000e+00 0.000000000000000000e+00 0.000000000000000000e+00 0.000000000000000000e+00 0.000000000000000000e+00 0.000000000000000000e+00 0.000000000000000000e+00 0.000000000000000000e+00 0.000000000000000000e+00 0.000000000000000000e+00 0.000000000000000000e+00 0.000000000000000000e+00 0.000000000000000000e+00 0.000000000000000000e+00 0.000000000000000000e+00 0.000000000000000000e+00 0.000000000000000000e+00 0.000000000000000000e+00 0.000000000000000000e+00 0.000000000000000000e+00 0.000000000000000000e+00 0.000000000000000000e+00 0.000000000000000000e+00 0.000000000000000000e+00 0.000000000000000000e+00 0.000000000000000000e+00 0.000000000000000000e+00 0.000000000000000000e+00
0.000000000000000000e+00 0.000000000000000000e+00 0.000000000000000000e+00 0.000000000000000000e+00 0.000000000000000000e+00 0.000000000000000000e+00 0.000000000000000000e+00 0.000000000000000000e+00 0.000000000000000000e+00 0.000000000000000000e+00 0.000000000000000000e+00 0.000000000000000000e+00 0.000000000000000000e+00 0.000000000000000000e+00 0.000000000000000000e+00 0.000000000000000000e+00 0.000000000000000000e+00 0.000000000000000000e+00 0.000000000000000000e+00 0.000000000000000000e+00 0.000000000000000000e+00 0.000000000000000000e+00 0.000000000000000000e+00 0.000000000000000000e+00 0.000000000000000000e+00 0.000000000000000000e+00 0.000000000000000000e+00 0.000000000000000000e+00 0.000000000000000000e+00 0.000000000000000000e+00 0.000000000000000000e+00 0.000000000000000000e+00 0.000000000000000000e+00 0.000000000000000000e+00 0.000000000000000000e+00 0.000000000000000000e+00 0.000000000000000000e+00 0.000000000000000000e+00 0.000000000000000000e+00 0.000000000000000000e+00 0.000000000000000000e+00 0.000000000000000000e+00 0.000000000000000000e+00 0.000000000000000000e+00 0.000000000000000000e+00 0.000000000000000000e+00 0.000000000000000000e+00 0.000000000000000000e+00 0.000000000000000000e+00 0.000000000000000000e+00 0.000000000000000000e+00 0.000000000000000000e+00 0.000000000000000000e+00 0.000000000000000000e+00 0.000000000000000000e+00 0.000000000000000000e+00 0.000000000000000000e+00 0.000000000000000000e+00 0.000000000000000000e+00 0.000000000000000000e+00 0.000000000000000000e+00 0.000000000000000000e+00 0.000000000000000000e+00 0.000000000000000000e+00 0.000000000000000000e+00 0.000000000000000000e+00 0.000000000000000000e+00 0.000000000000000000e+00 0.000000000000000000e+00 0.000000000000000000e+00 0.000000000000000000e+00 0.000000000000000000e+00 0.000000000000000000e+00 0.000000000000000000e+00 0.000000000000000000e+00 0.000000000000000000e+00 0.000000000000000000e+00 0.000000000000000000e+00 0.000000000000000000e+00 0.000000000000000000e+00 0.000000000000000000e+00 0.000000000000000000e+00 0.000000000000000000e+00 0.000000000000000000e+00 0.000000000000000000e+00 0.000000000000000000e+00 0.000000000000000000e+00 0.000000000000000000e+00 0.000000000000000000e+00
0.000000000000000000e+00 0.000000000000000000e+00 0.000000000000000000e+00 0.000000000000000000e+00 0.000000000000000000e+00 0.000000000000000000e+00 0.000000000000000000e+00 0.000000000000000000e+00 0.000000000000000000e+00 0.000000000000000000e+00 0.000000000000000000e+00 0.000000000000000000e+00 0.000000000000000000e+00 0.000000000000000000e+00 0.000000000000000000e+00 0.000000000000000000e+00 0.000000000000000000e+00 0.000000000000000000e+00 0.000000000000000000e+00 0.000000000000000000e+00 0.000000000000000000e+00 0.000000000000000000e+00 0.000000000000000000e+00 0.000000000000000000e+00 0.000000000000000000e+00 0.000000000000000000e+00 0.000000000000000000e+00 0.000000000000000000e+00 0.000000000000000000e+00 0.000000000000000000e+00 0.000000000000000000e+00 0.000000000000000000e+00 0.000000000000000000e+00 0.000000000000000000e+00 0.000000000000000000e+00 0.000000000000000000e+00 0.000000000000000000e+00 0.000000000000000000e+00 0.000000000000000000e+00 0.000000000000000000e+00 0.000000000000000000e+00 0.000000000000000000e+00 0.000000000000000000e+00 0.000000000000000000e+00 0.000000000000000000e+00 0.000000000000000000e+00 0.000000000000000000e+00 0.000000000000000000e+00 0.000000000000000000e+00 0.000000000000000000e+00 0.000000000000000000e+00 0.000000000000000000e+00 0.000000000000000000e+00 0.000000000000000000e+00 0.000000000000000000e+00 0.000000000000000000e+00 0.000000000000000000e+00 0.000000000000000000e+00 0.000000000000000000e+00 0.000000000000000000e+00 0.000000000000000000e+00 0.000000000000000000e+00 0.000000000000000000e+00 0.000000000000000000e+00 0.000000000000000000e+00 0.000000000000000000e+00 0.000000000000000000e+00 0.000000000000000000e+00 0.000000000000000000e+00 0.000000000000000000e+00 0.000000000000000000e+00 0.000000000000000000e+00 0.000000000000000000e+00 0.000000000000000000e+00 0.000000000000000000e+00 0.000000000000000000e+00 0.000000000000000000e+00 0.000000000000000000e+00 0.000000000000000000e+00 0.000000000000000000e+00 0.000000000000000000e+00 0.000000000000000000e+00 0.000000000000000000e+00 0.000000000000000000e+00 0.000000000000000000e+00 0.000000000000000000e+00 0.000000000000000000e+00 0.000000000000000000e+00 0.000000000000000000e+00
0.000000000000000000e+00 0.000000000000000000e+00 0.000000000000000000e+00 5.874999999999995559e+00 7.519999999999997797e+00 1.124642004773269299e+01 3.249999999999999289e+01 3.074999999999999289e+01 3.724999999999999289e+01 1.087658227848100267e+01 4.733333333333329307e+01 6.607833655705996456e+00 0.000000000000000000e+00 0.000000000000000000e+00 2.849999999999998934e+01 3.209999999999999432e+01 4.049999999999998579e+01 6.000000000000004974e+01 0.000000000000000000e+00 0.000000000000000000e+00 0.000000000000000000e+00 0.000000000000000000e+00 0.000000000000000000e+00 0.000000000000000000e+00 0.000000000000000000e+00 0.000000000000000000e+00 0.000000000000000000e+00 0.000000000000000000e+00 0.000000000000000000e+00 0.000000000000000000e+00 0.000000000000000000e+00 8.700000000000000000e+01 8.999999999999997158e+01 0.000000000000000000e+00 0.000000000000000000e+00 0.000000000000000000e+00 0.000000000000000000e+00 2.924999999999997513e+01 3.201282051282048968e+01 4.149999999999997868e+01 0.000000000000000000e+00 0.000000000000000000e+00 0.000000000000000000e+00 0.000000000000000000e+00 3.199999999999998934e+01 0.000000000000000000e+00 0.000000000000000000e+00 0.000000000000000000e+00 0.000000000000000000e+00 0.000000000000000000e+00 0.000000000000000000e+00 0.000000000000000000e+00 0.000000000000000000e+00 0.000000000000000000e+00 0.000000000000000000e+00 0.000000000000000000e+00 0.000000000000000000e+00 0.000000000000000000e+00 0.000000000000000000e+00 0.000000000000000000e+00 0.000000000000000000e+00 0.000000000000000000e+00 0.000000000000000000e+00 0.000000000000000000e+00 0.000000000000000000e+00 0.000000000000000000e+00 0.000000000000000000e+00 0.000000000000000000e+00 0.000000000000000000e+00 0.000000000000000000e+00 0.000000000000000000e+00 0.000000000000000000e+00 0.000000000000000000e+00 0.000000000000000000e+00 0.000000000000000000e+00 0.000000000000000000e+00 0.000000000000000000e+00 0.000000000000000000e+00 0.000000000000000000e+00 0.000000000000000000e+00 3.799999999999997868e+01 0.000000000000000000e+00 0.000000000000000000e+00 0.000000000000000000e+00 0.000000000000000000e+00 0.000000000000000000e+00 0.000000000000000000e+00 0.000000000000000000e+00 0.000000000000000000e+00
0.000000000000000000e+00 0.000000000000000000e+00 0.000000000000000000e+00 7.519999999999997797e+00 9.414642934351798331e+00 9.176896402254005380e+00 2.832857142857141497e+01 2.373557692307690914e+01 3.765853658536584447e+01 1.674590680100754980e+01 4.138095238095235828e+01 1.573241034952337714e+01 5.971428571428567267e+01 5.569999999999998863e+01 3.270754716981131338e+01 1.306332703213609747e+01 2.472222222222221433e+01 4.902222222222220438e+01 5.797222222222220012e+01 0.000000000000000000e+00 0.000000000000000000e+00 0.000000000000000000e+00 0.000000000000000000e+00 0.000000000000000000e+00 0.000000000000000000e+00 0.000000000000000000e+00 0.000000000000000000e+00 0.000000000000000000e+00 6.309999999999998010e+01 7.550000000000002842e+01 0.000000000000000000e+00 7.833333333333330017e+01 7.079999999999996874e+01 0.000000000000000000e+00 0.000000000000000000e+00 0.000000000000000000e+00 0.000000000000000000e+00 1.194464859898942777e+01 1.917147856517933846e+01 3.582352941176469585e+01 0.000000000000000000e+00 4.099999999999998579e+01 0.000000000000000000e+00 3.269999999999997442e+01 5.314021641118121586e+00 1.439743589743589780e+01 0.000000000000000000e+00 0.000000000000000000e+00 3.575000000000001421e+01 3.199999999999998224e+01 5.099999999999996447e+01 3.899999999999997158e+01 5.709999999999998010e+01 6.283333333333329307e+01 4.649999999999992184e+01 0.000000000000000000e+00 0.000000000000000000e+00 0.000000000000000000e+00 3.100000000000002132e+01 5.349999999999997158e+01 4.399999999999997868e+01 0.000000000000000000e+00 0.000000000000000000e+00 0.000000000000000000e+00 0.000000000000000000e+00 0.000000000000000000e+00 0.000000000000000000e+00 0.000000000000000000e+00 0.000000000000000000e+00 0.000000000000000000e+00 0.000000000000000000e+00 0.000000000000000000e+00 0.000000000000000000e+00 0.000000000000000000e+00 0.000000000000000000e+00 0.000000000000000000e+00 0.000000000000000000e+00 0.000000000000000000e+00 0.000000000000000000e+00 0.000000000000000000e+00 2.026666666666665151e+01 1.324999999999998401e+01 1.649999999999995737e+01 0.000000000000000000e+00 0.000000000000000000e+00 0.000000000000000000e+00 0.000000000000000000e+00 1.377272727272726449e+01 1.061111111111110361e+01
0.000000000000000000e+00 0.000000000000000000e+00 0.000000000000000000e+00 1.124642004773269299e+01 9.176896402254005380e+00 1.481077618990432043e+01 1.047501892505677112e+01 1.564487154722811901e+01 2.719439728353140140e+01 1.644050610193825790e+01 4.135714285714283989e+01 2.522310361923648259e+01 5.257352941176468164e+01 6.371428571428572951e+01 1.949405940594058606e+01 2.392921686746986509e+01 3.577586206896549470e+01 5.170689655172412103e+01 6.799999999999998579e+01 0.000000000000000000e+00 0.000000000000000000e+00 0.000000000000000000e+00 4.074999999999997868e+01 4.449999999999999289e+01 3.216666666666666430e+01 3.999999999999994316e+01 5.024999999999992895e+01 0.000000000000000000e+00 6.616666666666664298e+01 5.964999999999997726e+01 6.549999999999997158e+01 8.047656249999997158e+01 7.874999999999998579e+01 0.000000000000000000e+00 0.000000000000000000e+00 0.000000000000000000e+00 0.000000000000000000e+00 1.739686506133574895e+01 1.913587411750626899e+01 2.348130841121493972e+01 0.000000000000000000e+00 4.000000000000002842e+01 2.016666666666666785e+01 2.325806451612902492e+01 1.805830388692578126e+01 3.704861111111110006e+01 0.000000000000000000e+00 0.000000000000000000e+00 6.074999999999991473e+01 0.000000000000000000e+00 0.000000000000000000e+00 6.499999999999994316e+01 5.674999999999996447e+01 7.200000000000000000e+01 6.349999999999996447e+01 0.000000000000000000e+00 0.000000000000000000e+00 0.000000000000000000e+00 3.449999999999998579e+01 3.449999999999998579e+01 4.249999999999999289e+01 0.000000000000000000e+00 0.000000000000000000e+00 0.000000000000000000e+00 0.000000000000000000e+00 0.000000000000000000e+00 0.000000000000000000e+00 0.000000000000000000e+00 0.000000000000000000e+00 0.000000000000000000e+00 0.000000000000000000e+00 0.000000000000000000e+00 0.000000000000000000e+00 1.024999999999999716e+02 0.000000000000000000e+00 0.000000000000000000e+00 0.000000000000000000e+00 0.000000000000000000e+00 0.000000000000000000e+00 0.000000000000000000e+00 3.623076923076920508e+01 3.799999999999998579e+01 0.000000000000000000e+00 0.000000000000000000e+00 0.000000000000000000e+00 0.000000000000000000e+00 0.000000000000000000e+00 2.749999999999996447e+01 0.000000000000000000e+00
0.000000000000000000e+00 0.000000000000000000e+00 0.000000000000000000e+00 3.249999999999999289e+01 2.832857142857141497e+01 1.047501892505677112e+01 8.948807339449535547e+00 7.577348066298339901e+00 2.082592592592591885e+01 1.083539694100509365e+01 0.000000000000000000e+00 3.144999999999999574e+01 0.000000000000000000e+00 0.000000000000000000e+00 2.795454545454544970e+01 2.674999999999997158e+01 0.000000000000000000e+00 0.000000000000000000e+00 0.000000000000000000e+00 0.000000000000000000e+00 0.000000000000000000e+00 0.000000000000000000e+00 0.000000000000000000e+00 0.000000000000000000e+00 0.000000000000000000e+00 0.000000000000000000e+00 0.000000000000000000e+00 0.000000000000000000e+00 6.849999999999997158e+01 0.000000000000000000e+00 0.000000000000000000e+00 0.000000000000000000e+00 0.000000000000000000e+00 0.000000000000000000e+00 0.000000000000000000e+00 0.000000000000000000e+00 0.000000000000000000e+00 2.828947368421051323e+01 2.449411764705880756e+01 4.024999999999998579e+01 0.000000000000000000e+00 4.699999999999999289e+01 0.000000000000000000e+00 3.199999999999996803e+01 3.049999999999997158e+01 3.749999999999997868e+01 0.000000000000000000e+00 0.000000000000000000e+00 0.000000000000000000e+00 0.000000000000000000e+00 0.000000000000000000e+00 0.000000000000000000e+00 0.000000000000000000e+00 6.549999999999994316e+01 0.000000000000000000e+00 0.000000000000000000e+00 0.000000000000000000e+00 0.000000000000000000e+00 0.000000000000000000e+00 0.000000000000000000e+00 0.000000000000000000e+00 0.000000000000000000e+00 0.000000000000000000e+00 0.000000000000000000e+00 0.000000000000000000e+00 0.000000000000000000e+00 0.000000000000000000e+00 0.000000000000000000e+00 0.000000000000000000e+00 0.000000000000000000e+00 0.000000000000000000e+00 0.000000000000000000e+00 0.000000000000000000e+00 0.000000000000000000e+00 0.000000000000000000e+00 0.000000000000000000e+00 0.000000000000000000e+00 0.000000000000000000e+00 0.000000000000000000e+00 0.000000000000000000e+00 0.000000000000000000e+00 0.000000000000000000e+00 0.000000000000000000e+00 0.000000000000000000e+00 0.000000000000000000e+00 0.000000000000000000e+00 0.000000000000000000e+00 0.000000000000000000e+00 0.000000000000000000e+00
0.000000000000000000e+00 0.000000000000000000e+00 0.000000000000000000e+00 3.074999999999999289e+01 2.373557692307690914e+01 1.564487154722811901e+01 7.577348066298339901e+00 8.621475649945075759e+00 8.734744871120460274e+00 1.974302788844620693e+01 3.296511627906975406e+01 2.589628180039137817e+01 3.915384615384614619e+01 0.000000000000000000e+00 3.248809523809523370e+01 1.991194968553458722e+01 2.354166666666665719e+01 4.958333333333331439e+01 6.112499999999997158e+01 0.000000000000000000e+00 0.000000000000000000e+00 0.000000000000000000e+00 0.000000000000000000e+00 0.000000000000000000e+00 0.000000000000000000e+00 5.550000000000000711e+01 0.000000000000000000e+00 0.000000000000000000e+00 8.200000000000011369e+01 4.300000000000000000e+01 0.000000000000000000e+00 6.788636363636362603e+01 6.514285714285712459e+01 0.000000000000000000e+00 0.000000000000000000e+00 0.000000000000000000e+00 0.000000000000000000e+00 2.683962264150942545e+01 2.444597069597068284e+01 3.313636363636360471e+01 0.000000000000000000e+00 0.000000000000000000e+00 2.899999999999999289e+01 2.324999999999998579e+01 2.594117647058821774e+01 4.340909090909088519e+01 0.000000000000000000e+00 3.699999999999999289e+01 3.749999999999997158e+01 0.000000000000000000e+00 4.874999999999995737e+01 0.000000000000000000e+00 3.649999999999996447e+01 0.000000000000000000e+00 3.749999999999994316e+01 0.000000000000000000e+00 0.000000000000000000e+00 0.000000000000000000e+00 2.410714285714284344e+01 0.000000000000000000e+00 4.399999999999999289e+01 0.000000000000000000e+00 0.000000000000000000e+00 0.000000000000000000e+00 0.000000000000000000e+00 0.000000000000000000e+00 0.000000000000000000e+00 0.000000000000000000e+00 0.000000000000000000e+00 0.000000000000000000e+00 0.000000000000000000e+00 0.000000000000000000e+00 0.000000000000000000e+00 0.000000000000000000e+00 0.000000000000000000e+00 6.299999999999995737e+01 0.000000000000000000e+00 0.000000000000000000e+00 0.000000000000000000e+00 0.000000000000000000e+00 2.874999999999994671e+01 4.383333333333331439e+01 0.000000000000000000e+00 0.000000000000000000e+00 0.000000000000000000e+00 0.000000000000000000e+00 0.000000000000000000e+00 2.799999999999997868e+01 0.000000000000000000e+00
0.000000000000000000e+00 0.000000000000000000e+00 0.000000000000000000e+00 3.724999999999999289e+01 3.765853658536584447e+01 2.719439728353140140e+01 2.082592592592591885e+01 8.734744871120460274e+00 1.161281271919569669e+01 1.805788056779245920e+01 2.099999999999999645e+01 3.213720173535791247e+01 1.018712474983322203e+01 6.174999999999998579e+01 2.315392030848328275e+01 3.176923076923075939e+01 2.675000000000000000e+01 4.554999999999998295e+01 5.319999999999996732e+01 0.000000000000000000e+00 6.550000000000002842e+01 0.000000000000000000e+00 0.000000000000000000e+00 0.000000000000000000e+00 3.350000000000002132e+01 6.349999999999997158e+01 2.519999999999999574e+01 5.774999999999997158e+01 1.814418125643666357e+01 2.546744890234669612e+01 4.839583333333333570e+01 5.142170818505337593e+01 5.213636363636363313e+01 5.539999999999999858e+01 6.314285714285714590e+01 5.691666666666666430e+01 6.625000000000001421e+01 2.224636058230682423e+01 1.392315063242621775e+01 2.224553571428571530e+01 0.000000000000000000e+00 3.404761904761905100e+01 8.399999999999998579e+01 3.262500000000000000e+01 4.137499999999995026e+01 2.791152815013404975e+01 0.000000000000000000e+00 0.000000000000000000e+00 0.000000000000000000e+00 0.000000000000000000e+00 0.000000000000000000e+00 6.349999999999992184e+01 5.074999999999994316e+01 0.000000000000000000e+00 4.599999999999999289e+01 0.000000000000000000e+00 0.000000000000000000e+00 0.000000000000000000e+00 0.000000000000000000e+00 5.374999999999998579e+01 4.399999999999997158e+01 0.000000000000000000e+00 0.000000000000000000e+00 0.000000000000000000e+00 0.000000000000000000e+00 0.000000000000000000e+00 0.000000000000000000e+00 0.000000000000000000e+00 0.000000000000000000e+00 0.000000000000000000e+00 0.000000000000000000e+00 0.000000000000000000e+00 0.000000000000000000e+00 0.000000000000000000e+00 0.000000000000000000e+00 0.000000000000000000e+00 0.000000000000000000e+00 0.000000000000000000e+00 0.000000000000000000e+00 0.000000000000000000e+00 0.000000000000000000e+00 0.000000000000000000e+00 0.000000000000000000e+00 0.000000000000000000e+00 0.000000000000000000e+00 0.000000000000000000e+00 0.000000000000000000e+00 3.399999999999995737e+01 0.000000000000000000e+00
0.000000000000000000e+00 0.000000000000000000e+00 0.000000000000000000e+00 1.087658227848100267e+01 1.674590680100754980e+01 1.644050610193825790e+01 1.083539694100509365e+01 1.974302788844620693e+01 1.805788056779245920e+01 1.245697518851860863e+01 1.642235182422351158e+01 1.772004663398301361e+01 3.883906882591090692e+01 4.684946236559137134e+01 2.860188087774293564e+01 2.353173575129532580e+01 2.322261235955055270e+01 4.266860465116276657e+01 6.343506493506491495e+01 0.000000000000000000e+00 0.000000000000000000e+00 5.550000000000000000e+01 6.400000000000000000e+01 0.000000000000000000e+00 0.000000000000000000e+00 7.271428571428570820e+01 7.225000000000000000e+01 7.099999999999995737e+01 5.284666666666664270e+01 5.826334519572951365e+01 7.531249999999997158e+01 6.315796925566341002e+01 6.540811339198432961e+01 7.218181818181815856e+01 8.212500000000000000e+01 7.900000000000001421e+01 7.987499999999998579e+01 2.202885419570670678e+01 2.540552293976949727e+01 3.844780219780218289e+01 0.000000000000000000e+00 4.078571428571427759e+01 5.149999999999996447e+01 6.463333333333332575e+01 3.083027522935777398e+01 3.915857142857142037e+01 0.000000000000000000e+00 2.799999999999998934e+01 5.049999999999991473e+01 0.000000000000000000e+00 4.933333333333328596e+01 6.049999999999997158e+01 4.708823529411761655e+01 6.174999999999997158e+01 4.381578947368416976e+01 0.000000000000000000e+00 0.000000000000000000e+00 5.549999999999999289e+01 2.973214285714284344e+01 3.156818181818179880e+01 4.121428571428570109e+01 7.324999999999994316e+01 0.000000000000000000e+00 0.000000000000000000e+00 0.000000000000000000e+00 0.000000000000000000e+00 0.000000000000000000e+00 0.000000000000000000e+00 0.000000000000000000e+00 0.000000000000000000e+00 0.000000000000000000e+00 7.350000000000002842e+01 0.000000000000000000e+00 0.000000000000000000e+00 0.000000000000000000e+00 7.649999999999994316e+01 0.000000000000000000e+00 0.000000000000000000e+00 0.000000000000000000e+00 0.000000000000000000e+00 3.581249999999997868e+01 4.980769230769226397e+01 0.000000000000000000e+00 0.000000000000000000e+00 0.000000000000000000e+00 0.000000000000000000e+00 0.000000000000000000e+00 0.000000000000000000e+00 0.000000000000000000e+00
0.000000000000000000e+00 0.000000000000000000e+00 0.000000000000000000e+00 4.733333333333329307e+01 4.138095238095235828e+01 4.135714285714283989e+01 0.000000000000000000e+00 3.296511627906975406e+01 2.099999999999999645e+01 1.642235182422351158e+01 1.189008264462809983e+01 2.251415619532368240e+01 1.317919422730006040e+01 4.742857142857143060e+01 2.150056818181818130e+01 3.761785714285713311e+01 2.509710743801652200e+01 2.683809523809523867e+01 5.062307692307692264e+01 0.000000000000000000e+00 5.950000000000001421e+01 7.499999999999998579e+01 7.133333333333332860e+01 0.000000000000000000e+00 7.125000000000002842e+01 6.715384615384616041e+01 5.414285714285713169e+01 5.232000000000000028e+01 2.842513368983957278e+01 3.339513766842413389e+01 4.394864864864864984e+01 4.586394205897568810e+01 4.715550341296928138e+01 4.941441441441441640e+01 5.642647058823529704e+01 5.390163934426229275e+01 6.281666666666666998e+01 2.095891415994130114e+01 2.092046818727490987e+01 2.673958333333332860e+01 0.000000000000000000e+00 2.650241545893719675e+01 5.522222222222222143e+01 3.413362068965516727e+01 3.899999999999997868e+01 3.308243243243243370e+01 0.000000000000000000e+00 0.000000000000000000e+00 0.000000000000000000e+00 0.000000000000000000e+00 5.749999999999989342e+01 0.000000000000000000e+00 5.949999999999996447e+01 4.722222222222220012e+01 4.422222222222218591e+01 0.000000000000000000e+00 0.000000000000000000e+00 0.000000000000000000e+00 4.949999999999997868e+01 4.044444444444442155e+01 2.912499999999999645e+01 0.000000000000000000e+00 0.000000000000000000e+00 0.000000000000000000e+00 0.000000000000000000e+00 0.000000000000000000e+00 0.000000000000000000e+00 0.000000000000000000e+00 0.000000000000000000e+00 0.000000000000000000e+00 0.000000000000000000e+00 0.000000000000000000e+00 0.000000000000000000e+00 0.000000000000000000e+00 8.149999999999997158e+01 0.000000000000000000e+00 0.000000000000000000e+00 0.000000000000000000e+00 0.000000000000000000e+00 0.000000000000000000e+00 4.042857142857139507e+01 5.364285714285711748e+01 0.000000000000000000e+00 0.000000000000000000e+00 0.000000000000000000e+00 0.000000000000000000e+00 0.000000000000000000e+00 0.000000000000000000e+00 0.000000000000000000e+00
0.000000000000000000e+00 0.000000000000000000e+00 0.000000000000000000e+00 6.607833655705996456e+00 1.573241034952337714e+01 2.522310361923648259e+01 3.144999999999999574e+01 2.589628180039137817e+01 3.213720173535791247e+01 1.772004663398301361e+01 2.251415619532368240e+01 1.594955758112600108e+01 2.355954267602444929e+01 1.404981897175959382e+01 3.278505629477994177e+01 1.997426086956520663e+01 1.861622328826863892e+01 2.725761217948716819e+01 4.187649402390437103e+01 0.000000000000000000e+00 7.850000000000001421e+01 0.000000000000000000e+00 9.299999999999994316e+01 0.000000000000000000e+00 8.600000000000000000e+01 6.145833333333331439e+01 4.387500000000001421e+01 5.681250000000000000e+01 3.258658704639412207e+01 3.903486150907354357e+01 5.237500000000000000e+01 4.355571227080395147e+01 4.635231788079470050e+01 6.366666666666666430e+01 7.014285714285715301e+01 7.359999999999999432e+01 7.166666666666665719e+01 2.528536651338922780e+01 2.965506428347443091e+01 3.301146384479717710e+01 0.000000000000000000e+00 3.225630252100840067e+01 5.728571428571428470e+01 4.615441176470588402e+01 3.567857142857140218e+01 4.187365177195685817e+01 0.000000000000000000e+00 4.349999999999994316e+01 5.033333333333329307e+01 0.000000000000000000e+00 4.216666666666659324e+01 3.774999999999997868e+01 4.624999999999995737e+01 5.988888888888885020e+01 9.942204301075264539e+00 4.849999999999997158e+01 1.908823529411765207e+01 3.750000000000000711e+01 2.907812499999997513e+01 2.710714285714284344e+01 2.951999999999998536e+01 7.183333333333332860e+01 0.000000000000000000e+00 0.000000000000000000e+00 0.000000000000000000e+00 0.000000000000000000e+00 0.000000000000000000e+00 0.000000000000000000e+00 0.000000000000000000e+00 0.000000000000000000e+00 0.000000000000000000e+00 8.100000000000002842e+01 0.000000000000000000e+00 1.154999999999999574e+02 6.274999999999999289e+01 7.424999999999994316e+01 0.000000000000000000e+00 0.000000000000000000e+00 0.000000000000000000e+00 0.000000000000000000e+00 4.594444444444441444e+01 4.593749999999997158e+01 5.300000000000000711e+01 0.000000000000000000e+00 0.000000000000000000e+00 0.000000000000000000e+00 0.000000000000000000e+00 4.149999999999996447e+01 0.000000000000000000e+00
0.000000000000000000e+00 0.000000000000000000e+00 0.000000000000000000e+00 0.000000000000000000e+00 5.971428571428567267e+01 5.257352941176468164e+01 0.000000000000000000e+00 3.915384615384614619e+01 1.018712474983322203e+01 3.883906882591090692e+01 1.317919422730006040e+01 2.355954267602444929e+01 1.379297228001597198e+01 8.406853187755897849e+00 2.472742010189902828e+01 4.845454545454542483e+01 3.502222222222221149e+01 2.317545180722891729e+01 4.337086092715231445e+01 5.966666666666666430e+01 6.466666666666664298e+01 0.000000000000000000e+00 5.283333333333331439e+01 5.374999999999997868e+01 4.360000000000000853e+01 1.803754266211604218e+01 3.770512820512820440e+01 4.681081081081081408e+01 1.727706104468218840e+01 2.948415641328164583e+01 4.391588785046729271e+01 3.440881237233732293e+01 4.110990712074303133e+01 5.135135135135135442e+01 5.649242424242425642e+01 5.417142857142857082e+01 5.787500000000000711e+01 2.478823854224185652e+01 2.318562352700072182e+01 2.857643923240939543e+01 0.000000000000000000e+00 2.639308855291576705e+01 4.183333333333333570e+01 3.598354430379746560e+01 3.600000000000000711e+01 3.437277537277537220e+01 0.000000000000000000e+00 0.000000000000000000e+00 0.000000000000000000e+00 0.000000000000000000e+00 0.000000000000000000e+00 0.000000000000000000e+00 7.349999999999992895e+01 5.349999999999997868e+01 5.519999999999996732e+01 0.000000000000000000e+00 0.000000000000000000e+00 0.000000000000000000e+00 5.149999999999997868e+01 4.457142857142855519e+01 4.171428571428570109e+01 4.699999999999999289e+01 0.000000000000000000e+00 0.000000000000000000e+00 0.000000000000000000e+00 0.000000000000000000e+00 0.000000000000000000e+00 0.000000000000000000e+00 0.000000000000000000e+00 0.000000000000000000e+00 0.000000000000000000e+00 0.000000000000000000e+00 0.000000000000000000e+00 0.000000000000000000e+00 0.000000000000000000e+00 6.900000000000001421e+01 0.000000000000000000e+00 0.000000000000000000e+00 0.000000000000000000e+00 0.000000000000000000e+00 0.000000000000000000e+00 7.525000000000000000e+01 5.450000000000002842e+01 0.000000000000000000e+00 5.150000000000000000e+01 0.000000000000000000e+00 0.000000000000000000e+00 0.000000000000000000e+00 0.000000000000000000e+00
0.000000000000000000e+00 0.000000000000000000e+00 0.000000000000000000e+00 0.000000000000000000e+00 5.569999999999998863e+01 6.371428571428572951e+01 0.000000000000000000e+00 0.000000000000000000e+00 6.174999999999998579e+01 4.684946236559137134e+01 4.742857142857143060e+01 1.404981897175959382e+01 8.406853187755897849e+00 9.829474559822543256e+00 4.578333333333333144e+01 5.418181818181815856e+01 4.118181818181817988e+01 1.094295302013422955e+01 2.401428571428571601e+01 0.000000000000000000e+00 6.899999999999997158e+01 0.000000000000000000e+00 6.149999999999999289e+01 0.000000000000000000e+00 0.000000000000000000e+00 5.250000000000000000e+01 5.649999999999999289e+01 0.000000000000000000e+00 1.011962477170845176e+01 3.680303030303031164e+01 4.324999999999998579e+01 1.673634812286689311e+01 1.582530120481927760e+01 2.899999999999998224e+01 5.550000000000000000e+01 0.000000000000000000e+00 0.000000000000000000e+00 3.967272727272726485e+01 3.771341463414633921e+01 3.590425531914893753e+01 0.000000000000000000e+00 3.444736842105263719e+01 0.000000000000000000e+00 4.062500000000000000e+01 0.000000000000000000e+00 4.108536585365853711e+01 0.000000000000000000e+00 0.000000000000000000e+00 0.000000000000000000e+00 0.000000000000000000e+00 0.000000000000000000e+00 0.000000000000000000e+00 0.000000000000000000e+00 0.000000000000000000e+00 0.000000000000000000e+00 0.000000000000000000e+00 0.000000000000000000e+00 0.000000000000000000e+00 0.000000000000000000e+00 0.000000000000000000e+00 0.000000000000000000e+00 0.000000000000000000e+00 0.000000000000000000e+00 0.000000000000000000e+00 0.000000000000000000e+00 0.000000000000000000e+00 0.000000000000000000e+00 0.000000000000000000e+00 0.000000000000000000e+00 0.000000000000000000e+00 0.000000000000000000e+00 0.000000000000000000e+00 0.000000000000000000e+00 0.000000000000000000e+00 0.000000000000000000e+00 0.000000000000000000e+00 0.000000000000000000e+00 0.000000000000000000e+00 0.000000000000000000e+00 0.000000000000000000e+00 0.000000000000000000e+00 0.000000000000000000e+00 0.000000000000000000e+00 0.000000000000000000e+00 0.000000000000000000e+00 0.000000000000000000e+00 0.000000000000000000e+00 0.000000000000000000e+00 0.000000000000000000e+00
0.000000000000000000e+00 0.000000000000000000e+00 0.000000000000000000e+00 2.849999999999998934e+01 3.270754716981131338e+01 1.949405940594058606e+01 2.795454545454544970e+01 3.248809523809523370e+01 2.315392030848328275e+01 2.860188087774293564e+01 2.150056818181818130e+01 3.278505629477994177e+01 2.472742010189902828e+01 4.578333333333333144e+01 1.168556813234653546e+01 3.556741573033706061e+01 2.878333333333332433e+01 2.505204460966542612e+01 2.712824675324674217e+01 1.248603351955307339e+01 2.256346153846153157e+01 2.928048780487803882e+01 2.409786476868326588e+01 1.791525423728812783e+01 1.968503937007873361e+01 2.165095899470899354e+01 2.402562111801241329e+01 3.001595744680849620e+01 2.407781862745098067e+01 3.039655172413792172e+01 4.109185803757826960e+01 3.739316575019638123e+01 3.578679653679652972e+01 4.803703703703703809e+01 4.765608465608465849e+01 4.734615384615382538e+01 3.506296296296294912e+01 2.084987893462469799e+01 8.124110088557038978e+00 1.569376693766937336e+01 0.000000000000000000e+00 2.004252199413489066e+01 1.223739071956960345e+01 1.153176130895091411e+01 2.549999999999998224e+01 1.941212653778558561e+01 0.000000000000000000e+00 0.000000000000000000e+00 0.000000000000000000e+00 0.000000000000000000e+00 0.000000000000000000e+00 0.000000000000000000e+00 5.035714285714282568e+01 4.912499999999998579e+01 4.712499999999997158e+01 6.400000000000002842e+01 0.000000000000000000e+00 0.000000000000000000e+00 5.887499999999998579e+01 3.988888888888885731e+01 3.579999999999998295e+01 3.692857142857140929e+01 0.000000000000000000e+00 0.000000000000000000e+00 0.000000000000000000e+00 0.000000000000000000e+00 0.000000000000000000e+00 0.000000000000000000e+00 0.000000000000000000e+00 0.000000000000000000e+00 0.000000000000000000e+00 0.000000000000000000e+00 5.949999999999998579e+01 6.149999999999998579e+01 9.199999999999992895e+01 4.180555555555554292e+01 0.000000000000000000e+00 0.000000000000000000e+00 0.000000000000000000e+00 0.000000000000000000e+00 3.487499999999997868e+01 5.099999999999997868e+01 5.233333333333329307e+01 0.000000000000000000e+00 3.449999999999998579e+01 7.474999999999998579e+01 0.000000000000000000e+00 1.949999999999998224e+01 0.000000000000000000e+00
0.000000000000000000e+00 0.000000000000000000e+00 0.000000000000000000e+00 3.209999999999999432e+01 1.306332703213609747e+01 2.392921686746986509e+01 2.674999999999997158e+01 1.991194968553458722e+01 3.176923076923075939e+01 2.353173575129532580e+01 3.761785714285713311e+01 1.997426086956520663e+01 4.845454545454542483e+01 5.418181818181815856e+01 3.556741573033706061e+01 7.232876712328764057e+00 1.094105551747772154e+01 3.848239060832440828e+01 4.774738219895284175e+01 0.000000000000000000e+00 0.000000000000000000e+00 0.000000000000000000e+00 0.000000000000000000e+00 0.000000000000000000e+00 0.000000000000000000e+00 6.949999999999998579e+01 5.849999999999997868e+01 0.000000000000000000e+00 6.309999999999998010e+01 6.257142857142854808e+01 0.000000000000000000e+00 7.409701492537310230e+01 5.911538461538459188e+01 0.000000000000000000e+00 0.000000000000000000e+00 0.000000000000000000e+00 0.000000000000000000e+00 1.378942807625648825e+01 2.381161566304703570e+01 4.180232558139532983e+01 0.000000000000000000e+00 7.149999999999992895e+01 1.015000000000000000e+02 0.000000000000000000e+00 8.512539184952970572e+00 4.761290322580643419e+01 0.000000000000000000e+00 2.899999999999998579e+01 3.149999999999998579e+01 0.000000000000000000e+00 2.892857142857138442e+01 3.799999999999994316e+01 3.398333333333330586e+01 5.474999999999996447e+01 3.074999999999998224e+01 6.699999999999995737e+01 6.199999999999994316e+01 5.149999999999998579e+01 1.495614035087718108e+01 1.686734693877550484e+01 3.222222222222220722e+01 4.800000000000000000e+01 0.000000000000000000e+00 0.000000000000000000e+00 0.000000000000000000e+00 0.000000000000000000e+00 0.000000000000000000e+00 0.000000000000000000e+00 0.000000000000000000e+00 0.000000000000000000e+00 0.000000000000000000e+00 0.000000000000000000e+00 0.000000000000000000e+00 7.100000000000004263e+01 8.350000000000002842e+01 0.000000000000000000e+00 0.000000000000000000e+00 0.000000000000000000e+00 0.000000000000000000e+00 0.000000000000000000e+00 2.287499999999997868e+01 3.541304347826083898e+01 7.300000000000000000e+01 0.000000000000000000e+00 0.000000000000000000e+00 0.000000000000000000e+00 0.000000000000000000e+00 1.759999999999998721e+01 0.000000000000000000e+00
0.000000000000000000e+00 0.000000000000000000e+00 0.000000000000000000e+00 4.049999999999998579e+01 2.472222222222221433e+01 3.577586206896549470e+01 0.000000000000000000e+00 2.354166666666665719e+01 2.675000000000000000e+01 2.322261235955055270e+01 2.509710743801652200e+01 1.861622328826863892e+01 3.502222222222221149e+01 4.118181818181817988e+01 2.878333333333332433e+01 1.094105551747772154e+01 8.607610993657502263e+00 2.094738510301108292e+01 3.419372442019098202e+01 0.000000000000000000e+00 0.000000000000000000e+00 0.000000000000000000e+00 0.000000000000000000e+00 0.000000000000000000e+00 0.000000000000000000e+00 0.000000000000000000e+00 0.000000000000000000e+00 0.000000000000000000e+00 4.601785714285714590e+01 5.013461538461538680e+01 7.099999999999998579e+01 5.794805194805194759e+01 3.698557692307690559e+01 0.000000000000000000e+00 0.000000000000000000e+00 0.000000000000000000e+00 0.000000000000000000e+00 1.785180055401660937e+01 2.444812030075186726e+01 3.718181818181816567e+01 0.000000000000000000e+00 3.500000000000000000e+01 5.499999999999998579e+01 5.191666666666667851e+01 2.866666666666664653e+01 4.339393939393937671e+01 0.000000000000000000e+00 2.366666666666666785e+01 3.583333333333332149e+01 0.000000000000000000e+00 0.000000000000000000e+00 2.579166666666663232e+01 3.135135135135131890e+01 3.790476190476188378e+01 2.877692307692305107e+01 4.420000000000000284e+01 2.699999999999996447e+01 4.349999999999999289e+01 1.609374999999999645e+01 1.166521739130434021e+01 1.714516129032257297e+01 3.633333333333332860e+01 0.000000000000000000e+00 0.000000000000000000e+00 0.000000000000000000e+00 0.000000000000000000e+00 0.000000000000000000e+00 0.000000000000000000e+00 0.000000000000000000e+00 0.000000000000000000e+00 0.000000000000000000e+00 0.000000000000000000e+00 5.450000000000002842e+01 0.000000000000000000e+00 7.491666666666664298e+01 5.927777777777775015e+01 0.000000000000000000e+00 0.000000000000000000e+00 0.000000000000000000e+00 0.000000000000000000e+00 1.951923076923075584e+01 3.287499999999998579e+01 0.000000000000000000e+00 0.000000000000000000e+00 0.000000000000000000e+00 0.000000000000000000e+00 0.000000000000000000e+00 2.099999999999997513e+01 0.000000000000000000e+00
