0.000000000000000000e+00 0.000000000000000000e+00 0.000000000000000000e+00 0.000000000000000000e+00 0.000000000000000000e+00 0.000000000000000000e+00 0.000000000000000000e+00 0.000000000000000000e+00 0.000000000000000000e+00 0.000000000000000000e+00 0.000000000000000000e+00 0.000000000000000000e+00 0.000000000000000000e+00 0.000000000000000000e+00 0.000000000000000000e+00 0.000000000000000000e+00 0.000000000000000000e+00 0.000000000000000000e+00 0.000000000000000000e+00 0.000000000000000000e+00 0.000000000000000000e+00 0.000000000000000000e+00 0.000000000000000000e+00 0.000000000000000000e+00 0.000000000000000000e+00 0.000000000000000000e+00 0.000000000000000000e+00 0.000000000000000000e+00 0.000000000000000000e+00 0.000000000000000000e+00 0.000000000000000000e+00 0.000000000000000000e+00 0.000000000000000000e+00 0.000000000000000000e+00 0.000000000000000000e+00 0.000000000000000000e+00 0.000000000000000000e+00 0.000000000000000000e+00 0.000000000000000000e+00 0.000000000000000000e+00 0.000000000000000000e+00 0.000000000000000000e+00 0.000000000000000000e+00 0.000000000000000000e+00 0.000000000000000000e+00 0.000000000000000000e+00 0.000000000000000000e+00 0.000000000000000000e+00 0.000000000000000000e+00 0.000000000000000000e+00 0.000000000000000000e+00 0.000000000000000000e+00 0.000000000000000000e+00 0.000000000000000000e+00 0.000000000000000000e+00 0.000000000000000000e+00 0.000000000000000000e+00 0.000000000000000000e+00 0.000000000000000000e+00 0.000000000000000000e+00 0.000000000000000000e+00 0.000000000000000000e+00 0.000000000000000000e+00 0.000000000000000000e+00 0.000000000000000000e+00 0.000000000000000000e+00 0.000000000000000000e+00 0.000000000000000000e+00 0.000000000000000000e+00 0.000000000000000000e+00 0.000000000000000000e+00 0.000000000000000000e+00 0.000000000000000000e+00 0.000000000000000000e+00 0.000000000000000000e+00 0.000000000000000000e+00 0.000000000000000000e+00 0.000000000000000000e+00 0.000000000000000000e+00 0.000000000000000000e+00 0.000000000000000000e+00 0.000000000000000000e+00 0.000000000000000000e+00 0.000000000000000000e+00 0.000000000000000000e+00 0.000000000000000000e+00 0.000000000000000000e+00 0.000000000000000000e+00 0.000000000000000000e+00
0.000000000000000000e+00 0.000000000000000000e+00 0.000000000000000000e+00 0.000000000000000000e+00 0.000000000000000000e+00 0.000000000000000000e+00 0.000000000000000000e+00 0.000000000000000000e+00 0.000000000000000000e+00 0.000000000000000000e+00 0.000000000000000000e+00 0.000000000000000000e+00 0.000000000000000000e+00 0.000000000000000000e+00 0.000000000000000000e+00 0.000000000000000000e+00 0.000000000000000000e+00 0.000000000000000000e+00 0.000000000000000000e+00 0.000000000000000000e+00 0.000000000000000000e+00 0.000000000000000000e+00 0.000000000000000000e+00 0.000000000000000000e+00 0.000000000000000000e+00 0.000000000000000000e+00 0.000000000000000000e+00 0.000000000000000000e+00 0.000000000000000000e+00 0.000000000000000000e+00 0.000000000000000000e+00 0.000000000000000000e+00 0.000000000000000000e+00 0.000000000000000000e+00 0.000000000000000000e+00 0.000000000000000000e+00 0.000000000000000000e+00 0.000000000000000000e+00 0.000000000000000000e+00 0.000000000000000000e+00 0.000000000000000000e+00 0.000000000000000000e+00 0.000000000000000000e+00 0.000000000000000000e+00 0.000000000000000000e+00 0.000000000000000000e+00 0.000000000000000000e+00 0.000000000000000000e+00 0.000000000000000000e+00 0.000000000000000000e+00 0.000000000000000000e+00 0.000000000000000000e+00 0.000000000000000000e+00 0.000000000000000000e+00 0.000000000000000000e+00 0.000000000000000000e+00 0.000000000000000000e+00 0.000000000000000000e+00 0.000000000000000000e+00 0.000000000000000000e+00 0.000000000000000000e+00 0.000000000000000000e+00 0.000000000000000000e+00 0.000000000000000000e+00 0.000000000000000000e+00 0.000000000000000000e+00 0.000000000000000000e+00 0.000000000000000000e+00 0.000000000000000000e+00 0.000000000000000000e+00 0.000000000000000000e+00 0.000000000000000000e+00 0.000000000000000000e+00 0.000000000000000000e+00 0.000000000000000000e+00 0.000000000000000000e+00 0.000000000000000000e+00 0.000000000000000000e+00 0.000000000000000000e+00 0.000000000000000000e+00 0.000000000000000000e+00 0.000000000000000000e+00 0.000000000000000000e+00 0.000000000000000000e+00 0.000000000000000000e+00 0.000000000000000000e+00 0.000000000000000000e+00 0.000000000000000000e+00 0.000000000000000000e+00
0.000000000000000000e+00 0.000000000000000000e+00 0.000000000000000000e+00 0.000000000000000000e+00 0.000000000000000000e+00 0.000000000000000000e+00 0.000000000000000000e+00 0.000000000000000000e+00 0.000000000000000000e+00 0.000000000000000000e+00 0.000000000000000000e+00 0.000000000000000000e+00 0.000000000000000000e+00 0.000000000000000000e+00 0.000000000000000000e+00 0.000000000000000000e+00 0.000000000000000000e+00 0.000000000000000000e+00 0.000000000000000000e+00 0.000000000000000000e+00 0.000000000000000000e+00 0.000000000000000000e+00 0.000000000000000000e+00 0.000000000000000000e+00 0.000000000000000000e+00 0.000000000000000000e+00 0.000000000000000000e+00 0.000000000000000000e+00 0.000000000000000000e+00 0.000000000000000000e+00 0.000000000000000000e+00 0.000000000000000000e+00 0.000000000000000000e+00 0.000000000000000000e+00 0.000000000000000000e+00 0.000000000000000000e+00 0.000000000000000000e+00 0.000000000000000000e+00 0.000000000000000000e+00 0.000000000000000000e+00 0.000000000000000000e+00 0.000000000000000000e+00 0.000000000000000000e+00 0.000000000000000000e+00 0.000000000000000000e+00 0.000000000000000000e+00 0.000000000000000000e+00 0.000000000000000000e+00 0.000000000000000000e+00 0.000000000000000000e+00 0.000000000000000000e+00 0.000000000000000000e+00 0.000000000000000000e+00 0.000000000000000000e+00 0.000000000000000000e+00 0.000000000000000000e+00 0.000000000000000000e+00 0.000000000000000000e+00 0.000000000000000000e+00 0.000000000000000000e+00 0.000000000000000000e+00 0.000000000000000000e+00 0.000000000000000000e+00 0.000000000000000000e+00 0.000000000000000000e+00 0.000000000000000000e+00 0.000000000000000000e+00 0.000000000000000000e+00 0.000000000000000000e+00 0.000000000000000000e+00 0.000000000000000000e+00 0.000000000000000000e+00 0.000000000000000000e+00 0.000000000000000000e+00 0.000000000000000000e+00 0.000000000000000000e+00 0.000000000000000000e+00 0.000000000000000000e+00 0.000000000000000000e+00 0.000000000000000000e+00 0.000000000000000000e+00 0.000000000000000000e+00 0.000000000000000000e+00 0.000000000000000000e+00 0.000000000000000000e+00 0.000000000000000000e+00 0.000000000000000000e+00 0.000000000000000000e+00 0.000000000000000000e+00
0.000000000000000000e+00 0.000000000000000000e+00 0.000000000000000000e+00 5.178470254957502128e+00 9.784833538840935319e+00 1.205381400208986342e+01 0.000000000000000000e+00 3.499999999999999289e+01 0.000000000000000000e+00 1.081506849315067953e+01 4.250000000000001421e+01 6.750732064421668177e+00 6.649999999999994316e+01 0.000000000000000000e+00 6.049999999999998579e+01 2.928124999999998579e+01 0.000000000000000000e+00 5.249999999999997158e+01 7.233333333333330017e+01 0.000000000000000000e+00 0.000000000000000000e+00 0.000000000000000000e+00 0.000000000000000000e+00 0.000000000000000000e+00 0.000000000000000000e+00 0.000000000000000000e+00 0.000000000000000000e+00 0.000000000000000000e+00 0.000000000000000000e+00 0.000000000000000000e+00 0.000000000000000000e+00 0.000000000000000000e+00 6.899999999999992895e+01 0.000000000000000000e+00 0.000000000000000000e+00 0.000000000000000000e+00 0.000000000000000000e+00 2.937912087912086889e+01 3.349999999999997868e+01 0.000000000000000000e+00 0.000000000000000000e+00 0.000000000000000000e+00 0.000000000000000000e+00 0.000000000000000000e+00 3.216666666666665009e+01 0.000000000000000000e+00 0.000000000000000000e+00 0.000000000000000000e+00 0.000000000000000000e+00 0.000000000000000000e+00 0.000000000000000000e+00 0.000000000000000000e+00 0.000000000000000000e+00 0.000000000000000000e+00 0.000000000000000000e+00 0.000000000000000000e+00 0.000000000000000000e+00 0.000000000000000000e+00 3.799999999999996447e+01 0.000000000000000000e+00 0.000000000000000000e+00 0.000000000000000000e+00 0.000000000000000000e+00 0.000000000000000000e+00 0.000000000000000000e+00 0.000000000000000000e+00 0.000000000000000000e+00 0.000000000000000000e+00 0.000000000000000000e+00 0.000000000000000000e+00 0.000000000000000000e+00 0.000000000000000000e+00 0.000000000000000000e+00 0.000000000000000000e+00 0.000000000000000000e+00 0.000000000000000000e+00 0.000000000000000000e+00 0.000000000000000000e+00 0.000000000000000000e+00 0.000000000000000000e+00 0.000000000000000000e+00 0.000000000000000000e+00 0.000000000000000000e+00 0.000000000000000000e+00 0.000000000000000000e+00 0.000000000000000000e+00 0.000000000000000000e+00 0.000000000000000000e+00 0.000000000000000000e+00
0.000000000000000000e+00 0.000000000000000000e+00 0.000000000000000000e+00 9.784833538840935319e+00 9.913465688390155961e+00 1.044927226027397005e+01 3.207142857142856229e+01 2.721261682242989011e+01 4.333333333333333570e+01 1.794509516837480945e+01 4.399358974358973029e+01 1.899761999206663887e+01 5.815384615384613909e+01 5.457692307692305178e+01 4.250806451612901782e+01 1.394676180021953016e+01 2.784589041095890138e+01 5.338157894736839637e+01 6.837254901960780273e+01 2.899999999999997513e+01 0.000000000000000000e+00 0.000000000000000000e+00 0.000000000000000000e+00 3.200000000000000711e+01 0.000000000000000000e+00 0.000000000000000000e+00 0.000000000000000000e+00 0.000000000000000000e+00 8.000000000000000000e+01 6.407499999999996021e+01 0.000000000000000000e+00 8.399999999999998579e+01 7.256818181818178459e+01 0.000000000000000000e+00 9.000000000000000000e+01 0.000000000000000000e+00 9.149999999999995737e+01 1.246316013628619679e+01 2.079649042844118867e+01 4.299999999999997158e+01 0.000000000000000000e+00 6.574999999999998579e+01 8.449999999999995737e+01 2.050000000000000355e+01 5.366389548693584644e+00 1.130952380952380132e+01 0.000000000000000000e+00 3.949999999999996447e+01 3.600000000000001421e+01 0.000000000000000000e+00 0.000000000000000000e+00 0.000000000000000000e+00 4.324999999999998579e+01 0.000000000000000000e+00 4.883333333333326465e+01 0.000000000000000000e+00 0.000000000000000000e+00 0.000000000000000000e+00 2.833333333333331794e+01 3.337499999999999289e+01 5.449999999999992895e+01 7.024999999999994316e+01 0.000000000000000000e+00 0.000000000000000000e+00 0.000000000000000000e+00 0.000000000000000000e+00 0.000000000000000000e+00 0.000000000000000000e+00 0.000000000000000000e+00 0.000000000000000000e+00 0.000000000000000000e+00 0.000000000000000000e+00 0.000000000000000000e+00 0.000000000000000000e+00 0.000000000000000000e+00 0.000000000000000000e+00 0.000000000000000000e+00 0.000000000000000000e+00 0.000000000000000000e+00 0.000000000000000000e+00 2.599999999999997158e+01 4.689999999999996305e+01 0.000000000000000000e+00 0.000000000000000000e+00 0.000000000000000000e+00 0.000000000000000000e+00 0.000000000000000000e+00 1.212499999999998579e+01 7.624999999999989342e+00
0.000000000000000000e+00 0.000000000000000000e+00 0.000000000000000000e+00 1.205381400208986342e+01 1.044927226027397005e+01 1.413471309373979601e+01 9.202290076335872371e+00 1.322297579298830605e+01 3.129435483870966905e+01 1.707633190800877543e+01 4.317980769230766214e+01 2.542040598290597586e+01 5.534782608695650907e+01 6.299999999999998579e+01 3.123159144893110195e+01 2.316379310344825626e+01 3.435555555555554719e+01 5.866666666666665009e+01 7.078124999999997158e+01 0.000000000000000000e+00 0.000000000000000000e+00 0.000000000000000000e+00 0.000000000000000000e+00 3.000000000000000355e+01 3.249999999999997868e+01 2.366666666666665364e+01 5.274999999999997158e+01 5.349999999999996447e+01 6.046874999999996447e+01 5.743661971830984214e+01 8.349999999999997158e+01 8.222972972972971206e+01 8.220833333333328596e+01 0.000000000000000000e+00 7.433333333333331439e+01 9.450000000000000000e+01 8.066666666666667140e+01 1.805039964476020842e+01 1.901365048226253407e+01 2.234065934065932879e+01 0.000000000000000000e+00 4.112499999999994316e+01 3.849999999999998579e+01 2.690624999999998579e+01 2.053816793893128434e+01 3.233333333333332149e+01 0.000000000000000000e+00 3.874999999999997158e+01 0.000000000000000000e+00 0.000000000000000000e+00 0.000000000000000000e+00 0.000000000000000000e+00 4.919999999999994600e+01 0.000000000000000000e+00 4.539999999999994884e+01 0.000000000000000000e+00 0.000000000000000000e+00 0.000000000000000000e+00 2.899999999999996447e+01 3.699999999999998579e+01 0.000000000000000000e+00 0.000000000000000000e+00 0.000000000000000000e+00 0.000000000000000000e+00 0.000000000000000000e+00 0.000000000000000000e+00 0.000000000000000000e+00 0.000000000000000000e+00 0.000000000000000000e+00 0.000000000000000000e+00 0.000000000000000000e+00 0.000000000000000000e+00 0.000000000000000000e+00 0.000000000000000000e+00 0.000000000000000000e+00 0.000000000000000000e+00 0.000000000000000000e+00 0.000000000000000000e+00 0.000000000000000000e+00 0.000000000000000000e+00 3.779999999999996874e+01 4.366666666666662877e+01 0.000000000000000000e+00 0.000000000000000000e+00 0.000000000000000000e+00 0.000000000000000000e+00 0.000000000000000000e+00 2.412499999999997868e+01 0.000000000000000000e+00
0.000000000000000000e+00 0.000000000000000000e+00 0.000000000000000000e+00 0.000000000000000000e+00 3.207142857142856229e+01 9.202290076335872371e+00 8.357608451337371847e+00 7.373678912934067853e+00 1.761363636363636331e+01 1.077194179172350808e+01 4.501111111111109153e+01 3.683333333333330728e+01 4.699999999999999289e+01 0.000000000000000000e+00 4.274285714285713311e+01 0.000000000000000000e+00 0.000000000000000000e+00 0.000000000000000000e+00 0.000000000000000000e+00 0.000000000000000000e+00 0.000000000000000000e+00 0.000000000000000000e+00 0.000000000000000000e+00 0.000000000000000000e+00 0.000000000000000000e+00 0.000000000000000000e+00 4.300000000000002842e+01 0.000000000000000000e+00 6.300000000000000711e+01 4.663888888888887863e+01 0.000000000000000000e+00 8.375000000000000000e+01 8.149999999999998579e+01 0.000000000000000000e+00 0.000000000000000000e+00 0.000000000000000000e+00 7.750000000000000000e+01 3.566666666666663588e+01 2.658510638297870443e+01 2.649999999999998579e+01 0.000000000000000000e+00 0.000000000000000000e+00 0.000000000000000000e+00 0.000000000000000000e+00 2.649999999999998934e+01 0.000000000000000000e+00 0.000000000000000000e+00 0.000000000000000000e+00 0.000000000000000000e+00 0.000000000000000000e+00 0.000000000000000000e+00 0.000000000000000000e+00 0.000000000000000000e+00 0.000000000000000000e+00 0.000000000000000000e+00 0.000000000000000000e+00 0.000000000000000000e+00 0.000000000000000000e+00 0.000000000000000000e+00 0.000000000000000000e+00 0.000000000000000000e+00 0.000000000000000000e+00 0.000000000000000000e+00 0.000000000000000000e+00 0.000000000000000000e+00 0.000000000000000000e+00 0.000000000000000000e+00 0.000000000000000000e+00 0.000000000000000000e+00 0.000000000000000000e+00 0.000000000000000000e+00 0.000000000000000000e+00 0.000000000000000000e+00 0.000000000000000000e+00 0.000000000000000000e+00 0.000000000000000000e+00 0.000000000000000000e+00 0.000000000000000000e+00 0.000000000000000000e+00 0.000000000000000000e+00 0.000000000000000000e+00 0.000000000000000000e+00 0.000000000000000000e+00 0.000000000000000000e+00 0.000000000000000000e+00 0.000000000000000000e+00 0.000000000000000000e+00 0.000000000000000000e+00 0.000000000000000000e+00
0.000000000000000000e+00 0.000000000000000000e+00 0.000000000000000000e+00 3.499999999999999289e+01 2.721261682242989011e+01 1.322297579298830605e+01 7.373678912934067853e+00 7.816547248884679888e+00 7.432052650302383157e+00 1.747135700283162052e+01 3.523161764705881183e+01 2.535258620689654308e+01 3.747222222222222143e+01 6.099999999999999289e+01 3.340958083832334324e+01 2.158999999999999986e+01 2.783333333333331794e+01 0.000000000000000000e+00 7.349999999999992895e+01 0.000000000000000000e+00 8.000000000000000000e+01 0.000000000000000000e+00 0.000000000000000000e+00 0.000000000000000000e+00 0.000000000000000000e+00 8.125000000000001421e+01 3.999999999999998579e+01 6.049999999999996447e+01 4.419852941176469585e+01 3.867158176943698322e+01 5.874999999999998579e+01 6.531578947368420529e+01 6.606249999999997158e+01 0.000000000000000000e+00 7.625000000000000000e+01 0.000000000000000000e+00 8.999999999999992895e+01 2.101515151515150137e+01 2.195510204081631045e+01 3.218749999999997158e+01 0.000000000000000000e+00 5.574999999999997158e+01 5.299999999999997158e+01 3.825000000000000711e+01 2.588888888888887507e+01 0.000000000000000000e+00 0.000000000000000000e+00 0.000000000000000000e+00 0.000000000000000000e+00 0.000000000000000000e+00 0.000000000000000000e+00 0.000000000000000000e+00 5.049999999999993605e+01 0.000000000000000000e+00 4.049999999999994316e+01 0.000000000000000000e+00 0.000000000000000000e+00 0.000000000000000000e+00 0.000000000000000000e+00 0.000000000000000000e+00 0.000000000000000000e+00 0.000000000000000000e+00 0.000000000000000000e+00 0.000000000000000000e+00 0.000000000000000000e+00 0.000000000000000000e+00 0.000000000000000000e+00 0.000000000000000000e+00 0.000000000000000000e+00 0.000000000000000000e+00 0.000000000000000000e+00 0.000000000000000000e+00 0.000000000000000000e+00 0.000000000000000000e+00 0.000000000000000000e+00 0.000000000000000000e+00 0.000000000000000000e+00 0.000000000000000000e+00 0.000000000000000000e+00 0.000000000000000000e+00 4.449999999999996447e+01 3.774999999999997158e+01 0.000000000000000000e+00 0.000000000000000000e+00 0.000000000000000000e+00 0.000000000000000000e+00 0.000000000000000000e+00 0.000000000000000000e+00 0.000000000000000000e+00
0.000000000000000000e+00 0.000000000000000000e+00 0.000000000000000000e+00 0.000000000000000000e+00 4.333333333333333570e+01 3.129435483870966905e+01 1.761363636363636331e+01 7.432052650302383157e+00 1.254404562643357224e+01 1.892330130404941002e+01 2.231675977653631193e+01 2.819346153846153769e+01 9.930664760543244540e+00 5.950000000000003553e+01 1.995677419354838378e+01 3.197940074906367158e+01 2.475925925925925952e+01 4.728571428571427049e+01 5.550000000000000000e+01 0.000000000000000000e+00 7.187499999999997158e+01 0.000000000000000000e+00 8.149999999999997158e+01 0.000000000000000000e+00 5.916666666666665009e+01 5.411538461538460609e+01 3.750000000000000000e+01 4.939999999999999147e+01 2.691097308488611972e+01 2.838363443145588860e+01 4.843820224719101475e+01 5.151086956521739069e+01 5.628750000000000142e+01 6.100000000000000711e+01 6.279999999999999716e+01 0.000000000000000000e+00 6.023529411764702957e+01 2.195661764705881680e+01 1.516026902887138839e+01 2.595454545454544970e+01 0.000000000000000000e+00 3.679999999999999716e+01 0.000000000000000000e+00 5.779999999999997584e+01 3.909090909090907928e+01 4.442857142857142350e+01 0.000000000000000000e+00 0.000000000000000000e+00 0.000000000000000000e+00 0.000000000000000000e+00 0.000000000000000000e+00 0.000000000000000000e+00 0.000000000000000000e+00 0.000000000000000000e+00 4.991666666666662877e+01 0.000000000000000000e+00 0.000000000000000000e+00 0.000000000000000000e+00 3.999999999999997158e+01 3.299999999999998579e+01 0.000000000000000000e+00 0.000000000000000000e+00 0.000000000000000000e+00 0.000000000000000000e+00 0.000000000000000000e+00 0.000000000000000000e+00 0.000000000000000000e+00 0.000000000000000000e+00 0.000000000000000000e+00 0.000000000000000000e+00 0.000000000000000000e+00 0.000000000000000000e+00 0.000000000000000000e+00 0.000000000000000000e+00 0.000000000000000000e+00 0.000000000000000000e+00 0.000000000000000000e+00 0.000000000000000000e+00 0.000000000000000000e+00 0.000000000000000000e+00 3.449999999999996447e+01 5.733333333333331439e+01 0.000000000000000000e+00 0.000000000000000000e+00 0.000000000000000000e+00 0.000000000000000000e+00 0.000000000000000000e+00 0.000000000000000000e+00 0.000000000000000000e+00
0.000000000000000000e+00 0.000000000000000000e+00 0.000000000000000000e+00 1.081506849315067953e+01 1.794509516837480945e+01 1.707633190800877543e+01 1.077194179172350808e+01 1.747135700283162052e+01 1.892330130404941002e+01 1.376796946505423058e+01 2.089181326116372617e+01 1.557261849976989865e+01 4.436243386243384634e+01 4.673076923076921219e+01 3.762448418156807861e+01 2.318628185907045491e+01 2.312427745664738765e+01 4.782467532467530447e+01 6.452597402597400844e+01 0.000000000000000000e+00 7.709999999999999432e+01 8.725000000000000000e+01 8.674999999999994316e+01 0.000000000000000000e+00 8.083333333333331439e+01 8.143749999999997158e+01 4.749999999999998579e+01 6.792857142857140218e+01 5.075675675675673659e+01 4.154748376623374639e+01 6.233333333333331439e+01 6.965749235474004308e+01 6.991573033707862805e+01 7.766666666666664298e+01 7.965714285714282994e+01 6.612499999999997158e+01 7.205555555555552871e+01 2.334660816739788913e+01 2.505179963219194050e+01 3.835652173913042162e+01 0.000000000000000000e+00 5.849999999999997868e+01 6.974999999999998579e+01 6.491666666666664298e+01 3.144910179640716308e+01 4.974999999999997868e+01 0.000000000000000000e+00 4.350000000000002132e+01 0.000000000000000000e+00 0.000000000000000000e+00 0.000000000000000000e+00 6.149999999999993605e+01 5.016666666666660035e+01 4.949999999999995026e+01 4.031666666666663446e+01 0.000000000000000000e+00 0.000000000000000000e+00 0.000000000000000000e+00 3.032499999999998153e+01 2.679268292682924724e+01 3.649999999999997868e+01 6.666666666666660035e+01 0.000000000000000000e+00 0.000000000000000000e+00 0.000000000000000000e+00 0.000000000000000000e+00 0.000000000000000000e+00 0.000000000000000000e+00 0.000000000000000000e+00 0.000000000000000000e+00 0.000000000000000000e+00 0.000000000000000000e+00 0.000000000000000000e+00 0.000000000000000000e+00 0.000000000000000000e+00 1.069999999999999716e+02 0.000000000000000000e+00 0.000000000000000000e+00 0.000000000000000000e+00 0.000000000000000000e+00 4.183333333333328596e+01 4.649999999999996447e+01 0.000000000000000000e+00 0.000000000000000000e+00 0.000000000000000000e+00 0.000000000000000000e+00 0.000000000000000000e+00 3.799999999999997158e+01 4.349999999999997158e+01
0.000000000000000000e+00 0.000000000000000000e+00 0.000000000000000000e+00 4.250000000000001421e+01 4.399358974358973029e+01 4.317980769230766214e+01 4.501111111111109153e+01 3.523161764705881183e+01 2.231675977653631193e+01 2.089181326116372617e+01 1.546675031367628605e+01 2.351603814477676480e+01 1.508863379751599609e+01 4.438888888888888573e+01 2.207606557377049228e+01 3.770634920634919496e+01 2.619494047619046384e+01 3.160273972602739789e+01 5.006565656565656752e+01 6.699999999999997158e+01 6.510416666666667140e+01 6.550000000000001421e+01 8.199999999999998579e+01 7.774999999999997158e+01 6.320000000000000284e+01 6.079999999999999005e+01 4.850000000000000000e+01 4.808749999999999858e+01 2.720274771024146432e+01 3.055666316894019019e+01 4.317211328976034679e+01 4.860967617579028399e+01 4.793361884368308523e+01 5.239393939393939092e+01 5.757065217391304657e+01 5.525925925925925952e+01 5.391477272727272663e+01 2.056146694214875481e+01 2.166982451678535071e+01 2.692231075697210230e+01 0.000000000000000000e+00 2.964687500000000142e+01 5.523333333333332718e+01 3.444473684210525022e+01 3.317241379310344485e+01 3.465275908479138423e+01 0.000000000000000000e+00 6.149999999999996447e+01 0.000000000000000000e+00 0.000000000000000000e+00 6.649999999999992895e+01 0.000000000000000000e+00 4.799999999999995026e+01 5.183333333333329307e+01 5.471428571428566556e+01 0.000000000000000000e+00 0.000000000000000000e+00 0.000000000000000000e+00 4.299999999999998579e+01 3.816666666666665719e+01 2.458333333333332504e+01 7.499999999999995737e+01 0.000000000000000000e+00 0.000000000000000000e+00 0.000000000000000000e+00 0.000000000000000000e+00 0.000000000000000000e+00 0.000000000000000000e+00 0.000000000000000000e+00 0.000000000000000000e+00 0.000000000000000000e+00 0.000000000000000000e+00 0.000000000000000000e+00 0.000000000000000000e+00 0.000000000000000000e+00 6.850000000000002842e+01 0.000000000000000000e+00 0.000000000000000000e+00 0.000000000000000000e+00 0.000000000000000000e+00 4.274999999999997158e+01 4.399999999999997158e+01 4.399999999999998579e+01 0.000000000000000000e+00 0.000000000000000000e+00 0.000000000000000000e+00 0.000000000000000000e+00 6.149999999999995737e+01 0.000000000000000000e+00
0.000000000000000000e+00 0.000000000000000000e+00 0.000000000000000000e+00 6.750732064421668177e+00 1.899761999206663887e+01 2.542040598290597586e+01 3.683333333333330728e+01 2.535258620689654308e+01 2.819346153846153769e+01 1.557261849976989865e+01 2.351603814477676480e+01 1.711433037515126898e+01 2.403915662650602414e+01 1.317848890942698681e+01 3.339049586776858547e+01 2.020629370629369603e+01 1.749817983254458653e+01 2.739077253218883357e+01 4.743610785463069845e+01 0.000000000000000000e+00 8.312499999999998579e+01 7.583333333333331439e+01 7.049999999999994316e+01 1.129999999999999858e+02 7.575000000000000000e+01 6.222727272727272663e+01 7.859090909090906507e+01 5.620370370370369528e+01 3.697362514029180858e+01 4.593079922027289541e+01 5.316477272727272663e+01 5.222194602272725916e+01 4.767689822294021695e+01 6.188888888888887863e+01 7.825000000000000000e+01 5.400000000000000711e+01 7.322222222222222854e+01 2.383469873150104945e+01 2.738544861014936771e+01 3.091270491803278730e+01 0.000000000000000000e+00 3.508793969849246253e+01 6.697222222222222854e+01 4.343656716417910246e+01 3.609473684210525590e+01 4.047628083491461126e+01 0.000000000000000000e+00 0.000000000000000000e+00 6.099999999999995737e+01 0.000000000000000000e+00 0.000000000000000000e+00 4.524999999999994316e+01 4.549999999999995737e+01 4.712499999999997868e+01 1.319294605809127674e+01 1.700000000000000000e+01 1.680952380952381375e+01 0.000000000000000000e+00 2.777941176470586981e+01 2.917469879518071352e+01 2.505555555555554292e+01 3.707142857142859071e+01 0.000000000000000000e+00 0.000000000000000000e+00 0.000000000000000000e+00 0.000000000000000000e+00 0.000000000000000000e+00 0.000000000000000000e+00 0.000000000000000000e+00 0.000000000000000000e+00 0.000000000000000000e+00 3.050000000000002132e+01 7.150000000000000000e+01 7.749999999999997158e+01 9.199999999999991473e+01 4.749999999999997868e+01 0.000000000000000000e+00 0.000000000000000000e+00 0.000000000000000000e+00 0.000000000000000000e+00 3.172499999999996589e+01 4.390322580645157302e+01 6.200000000000002132e+01 0.000000000000000000e+00 4.466666666666665719e+01 7.674999999999994316e+01 1.105000000000000000e+02 3.999999999999997158e+01 0.000000000000000000e+00
0.000000000000000000e+00 0.000000000000000000e+00 0.000000000000000000e+00 6.649999999999994316e+01 5.815384615384613909e+01 5.534782608695650907e+01 4.699999999999999289e+01 3.747222222222222143e+01 9.930664760543244540e+00 4.436243386243384634e+01 1.508863379751599609e+01 2.403915662650602414e+01 1.358431353644427375e+01 8.429128277817151016e+00 2.143761109136153920e+01 5.494642857142855519e+01 3.924561403508771207e+01 1.759075630252101519e+01 3.302226720647773561e+01 6.075000000000000711e+01 5.979999999999999005e+01 7.499999999999998579e+01 5.524999999999999289e+01 6.174999999999997868e+01 4.634285714285714164e+01 1.723892405063291022e+01 4.211956521739131176e+01 4.590972222222222143e+01 2.021787419555739973e+01 2.732738349722103521e+01 4.116425120772947110e+01 3.585200271554650442e+01 3.249247606019152101e+01 5.157500000000000284e+01 6.027941176470588402e+01 5.433333333333333570e+01 5.697500000000000142e+01 2.307519035532994778e+01 2.353154034229829605e+01 2.880295411690761753e+01 0.000000000000000000e+00 2.720947176684882152e+01 4.893750000000000000e+01 3.726885245901639365e+01 0.000000000000000000e+00 3.514550724637682322e+01 0.000000000000000000e+00 0.000000000000000000e+00 0.000000000000000000e+00 0.000000000000000000e+00 0.000000000000000000e+00 0.000000000000000000e+00 0.000000000000000000e+00 0.000000000000000000e+00 5.199999999999995737e+01 0.000000000000000000e+00 0.000000000000000000e+00 0.000000000000000000e+00 0.000000000000000000e+00 5.125000000000000000e+01 3.609999999999998010e+01 3.675000000000001421e+01 0.000000000000000000e+00 0.000000000000000000e+00 0.000000000000000000e+00 0.000000000000000000e+00 0.000000000000000000e+00 0.000000000000000000e+00 0.000000000000000000e+00 0.000000000000000000e+00 0.000000000000000000e+00 0.000000000000000000e+00 0.000000000000000000e+00 0.000000000000000000e+00 0.000000000000000000e+00 0.000000000000000000e+00 0.000000000000000000e+00 0.000000000000000000e+00 0.000000000000000000e+00 0.000000000000000000e+00 4.749999999999994316e+01 4.249999999999996447e+01 0.000000000000000000e+00 0.000000000000000000e+00 4.674999999999998579e+01 5.899999999999998579e+01 0.000000000000000000e+00 0.000000000000000000e+00 0.000000000000000000e+00
0.000000000000000000e+00 0.000000000000000000e+00 0.000000000000000000e+00 0.000000000000000000e+00 5.457692307692305178e+01 6.299999999999998579e+01 0.000000000000000000e+00 6.099999999999999289e+01 5.950000000000003553e+01 4.673076923076921219e+01 4.438888888888888573e+01 1.317848890942698681e+01 8.429128277817151016e+00 1.066335311572700384e+01 2.522916666666666785e+01 5.126923076923075229e+01 3.716666666666664298e+01 8.472222222222219656e+00 1.824074074074074048e+01 0.000000000000000000e+00 0.000000000000000000e+00 0.000000000000000000e+00 0.000000000000000000e+00 0.000000000000000000e+00 5.800000000000000711e+01 3.975000000000000000e+01 0.000000000000000000e+00 3.583333333333333570e+01 1.071287205859435865e+01 3.188571428571428612e+01 0.000000000000000000e+00 1.524740484429065823e+01 1.352564102564102555e+01 0.000000000000000000e+00 0.000000000000000000e+00 0.000000000000000000e+00 0.000000000000000000e+00 2.976000000000000156e+01 3.769736842105263008e+01 3.395348837209302673e+01 0.000000000000000000e+00 2.912500000000000355e+01 0.000000000000000000e+00 3.876190476190475920e+01 0.000000000000000000e+00 3.513636363636364024e+01 0.000000000000000000e+00 0.000000000000000000e+00 0.000000000000000000e+00 0.000000000000000000e+00 0.000000000000000000e+00 0.000000000000000000e+00 0.000000000000000000e+00 0.000000000000000000e+00 2.099999999999999289e+01 0.000000000000000000e+00 0.000000000000000000e+00 0.000000000000000000e+00 0.000000000000000000e+00 5.100000000000000000e+01 0.000000000000000000e+00 0.000000000000000000e+00 0.000000000000000000e+00 0.000000000000000000e+00 0.000000000000000000e+00 0.000000000000000000e+00 0.000000000000000000e+00 0.000000000000000000e+00 0.000000000000000000e+00 0.000000000000000000e+00 0.000000000000000000e+00 0.000000000000000000e+00 0.000000000000000000e+00 0.000000000000000000e+00 0.000000000000000000e+00 0.000000000000000000e+00 0.000000000000000000e+00 0.000000000000000000e+00 0.000000000000000000e+00 0.000000000000000000e+00 0.000000000000000000e+00 0.000000000000000000e+00 0.000000000000000000e+00 0.000000000000000000e+00 0.000000000000000000e+00 0.000000000000000000e+00 0.000000000000000000e+00 0.000000000000000000e+00 0.000000000000000000e+00
0.000000000000000000e+00 0.000000000000000000e+00 0.000000000000000000e+00 6.049999999999998579e+01 4.250806451612901782e+01 3.123159144893110195e+01 4.274285714285713311e+01 3.340958083832334324e+01 1.995677419354838378e+01 3.762448418156807861e+01 2.207606557377049228e+01 3.339049586776858547e+01 2.143761109136153920e+01 2.522916666666666785e+01 1.196150761828387843e+01 3.779333333333331524e+01 3.692372881355930758e+01 2.279775280898876488e+01 2.579457364341084968e+01 1.581179775280898347e+01 2.285790884718497651e+01 2.849999999999998934e+01 2.185314091680814741e+01 1.674738675958187173e+01 2.021014492753623060e+01 1.744084068500259121e+01 1.780034722222221433e+01 2.270430107526880903e+01 2.001429755491090035e+01 2.026930232558139622e+01 4.149806576402319536e+01 3.113282442748091583e+01 3.460451306413300898e+01 5.069047619047618269e+01 5.118693284936477994e+01 5.099999999999997868e+01 4.446551724137930961e+01 2.104069767441859895e+01 8.560698117703116949e+00 1.703308823529411598e+01 0.000000000000000000e+00 1.703448275862068684e+01 1.295276114437791115e+01 1.516666666666666075e+01 2.624999999999998224e+01 1.985773026315789025e+01 0.000000000000000000e+00 0.000000000000000000e+00 8.899999999999997158e+01 0.000000000000000000e+00 0.000000000000000000e+00 0.000000000000000000e+00 0.000000000000000000e+00 5.649999999999999289e+01 4.550000000000002842e+01 0.000000000000000000e+00 6.050000000000000711e+01 6.550000000000001421e+01 0.000000000000000000e+00 6.778571428571426338e+01 5.710000000000000142e+01 3.212499999999998579e+01 0.000000000000000000e+00 0.000000000000000000e+00 5.374999999999995737e+01 0.000000000000000000e+00 0.000000000000000000e+00 0.000000000000000000e+00 6.166666666666666430e+01 0.000000000000000000e+00 0.000000000000000000e+00 6.449999999999997158e+01 5.283333333333329307e+01 0.000000000000000000e+00 0.000000000000000000e+00 3.274999999999996447e+01 0.000000000000000000e+00 0.000000000000000000e+00 0.000000000000000000e+00 4.750000000000001421e+01 2.999999999999997868e+01 5.491666666666665719e+01 4.883333333333329307e+01 0.000000000000000000e+00 3.230357142857142350e+01 3.392857142857141639e+01 0.000000000000000000e+00 9.099999999999992895e+01 4.799999999999995737e+01
0.000000000000000000e+00 0.000000000000000000e+00 0.000000000000000000e+00 2.928124999999998579e+01 1.394676180021953016e+01 2.316379310344825626e+01 0.000000000000000000e+00 2.158999999999999986e+01 3.197940074906367158e+01 2.318628185907045491e+01 3.770634920634919496e+01 2.020629370629369603e+01 5.494642857142855519e+01 5.126923076923075229e+01 3.779333333333331524e+01 6.923415085608510822e+00 1.054484200743494071e+01 3.864157706093187983e+01 5.425621890547262183e+01 0.000000000000000000e+00 0.000000000000000000e+00 0.000000000000000000e+00 0.000000000000000000e+00 0.000000000000000000e+00 0.000000000000000000e+00 1.150000000000000000e+02 7.433333333333331439e+01 0.000000000000000000e+00 6.632499999999997442e+01 5.988571428571427191e+01 6.599999999999995737e+01 7.405454545454543336e+01 5.896629213483144127e+01 0.000000000000000000e+00 9.700000000000000000e+01 0.000000000000000000e+00 0.000000000000000000e+00 1.413201471941121312e+01 2.198081395348835443e+01 4.613636363636361892e+01 0.000000000000000000e+00 6.993749999999997158e+01 6.758333333333330017e+01 6.639999999999997726e+01 9.744318181818174551e+00 6.689999999999999147e+01 0.000000000000000000e+00 1.974999999999998934e+01 3.974999999999996447e+01 0.000000000000000000e+00 3.924999999999997158e+01 3.999999999999997158e+01 3.208823529411762365e+01 4.678571428571424207e+01 3.099999999999997158e+01 0.000000000000000000e+00 0.000000000000000000e+00 3.849999999999997868e+01 1.445161290322579717e+01 1.803124999999999289e+01 3.493749999999997158e+01 5.929999999999996874e+01 0.000000000000000000e+00 0.000000000000000000e+00 8.700000000000000000e+01 0.000000000000000000e+00 0.000000000000000000e+00 0.000000000000000000e+00 0.000000000000000000e+00 0.000000000000000000e+00 0.000000000000000000e+00 4.799999999999995737e+01 6.250000000000000000e+01 0.000000000000000000e+00 0.000000000000000000e+00 6.249999999999996447e+01 0.000000000000000000e+00 0.000000000000000000e+00 0.000000000000000000e+00 0.000000000000000000e+00 2.384999999999998010e+01 2.753030303030300274e+01 0.000000000000000000e+00 0.000000000000000000e+00 7.149999999999998579e+01 0.000000000000000000e+00 0.000000000000000000e+00 3.224999999999995737e+01 2.299999999999998934e+01
0.000000000000000000e+00 0.000000000000000000e+00 0.000000000000000000e+00 0.000000000000000000e+00 2.784589041095890138e+01 3.435555555555554719e+01 0.000000000000000000e+00 2.783333333333331794e+01 2.475925925925925952e+01 2.312427745664738765e+01 2.619494047619046384e+01 1.749817983254458653e+01 3.924561403508771207e+01 3.716666666666664298e+01 3.692372881355930758e+01 1.054484200743494071e+01 6.968318855390900346e+00 2.056744186046510237e+01 3.760200927357031020e+01 0.000000000000000000e+00 0.000000000000000000e+00 6.466666666666665719e+01 0.000000000000000000e+00 0.000000000000000000e+00 7.450000000000000000e+01 5.749999999999997868e+01 5.374999999999997158e+01 6.987499999999998579e+01 4.826999999999998181e+01 5.377777777777777146e+01 5.922222222222220722e+01 5.466358024691356121e+01 4.031107491856676006e+01 7.000000000000002842e+01 0.000000000000000000e+00 0.000000000000000000e+00 6.400000000000000000e+01 1.719688385269120801e+01 2.362906724511929824e+01 3.133552631578947256e+01 0.000000000000000000e+00 4.537096774193546622e+01 5.274999999999998579e+01 5.534999999999998010e+01 3.174390243902437803e+01 3.888461538461537259e+01 0.000000000000000000e+00 2.450000000000002487e+01 0.000000000000000000e+00 0.000000000000000000e+00 4.499999999999992895e+01 2.506249999999997158e+01 3.184523809523807358e+01 3.173913043478258800e+01 2.721999999999998110e+01 3.299999999999999289e+01 2.849999999999996092e+01 0.000000000000000000e+00 1.612903225806451601e+01 1.235416666666665719e+01 1.379999999999999538e+01 4.126666666666666572e+01 0.000000000000000000e+00 0.000000000000000000e+00 0.000000000000000000e+00 0.000000000000000000e+00 0.000000000000000000e+00 0.000000000000000000e+00 0.000000000000000000e+00 0.000000000000000000e+00 0.000000000000000000e+00 5.150000000000001421e+01 6.174999999999998579e+01 6.100000000000002842e+01 5.674999999999997868e+01 4.581249999999998579e+01 0.000000000000000000e+00 0.000000000000000000e+00 0.000000000000000000e+00 0.000000000000000000e+00 1.985714285714284344e+01 2.893939393939393412e+01 3.850000000000000711e+01 0.000000000000000000e+00 4.181249999999998579e+01 5.562499999999997868e+01 0.000000000000000000e+00 3.312500000000000711e+01 0.000000000000000000e+00
