0.000000000000000000e+00 0.000000000000000000e+00 0.000000000000000000e+00 0.000000000000000000e+00 0.000000000000000000e+00 0.000000000000000000e+00 0.000000000000000000e+00 0.000000000000000000e+00 0.000000000000000000e+00 0.000000000000000000e+00 0.000000000000000000e+00 0.000000000000000000e+00 0.000000000000000000e+00 0.000000000000000000e+00 0.000000000000000000e+00 0.000000000000000000e+00 0.000000000000000000e+00 0.000000000000000000e+00 0.000000000000000000e+00 0.000000000000000000e+00 0.000000000000000000e+00 0.000000000000000000e+00 0.000000000000000000e+00 0.000000000000000000e+00 0.000000000000000000e+00 0.000000000000000000e+00 0.000000000000000000e+00 0.000000000000000000e+00 0.000000000000000000e+00 0.000000000000000000e+00 0.000000000000000000e+00 0.000000000000000000e+00 0.000000000000000000e+00 0.000000000000000000e+00 0.000000000000000000e+00 0.000000000000000000e+00 0.000000000000000000e+00 0.000000000000000000e+00 0.000000000000000000e+00 0.000000000000000000e+00 0.000000000000000000e+00 0.000000000000000000e+00 0.000000000000000000e+00 0.000000000000000000e+00 0.000000000000000000e+00 0.000000000000000000e+00 0.000000000000000000e+00 0.000000000000000000e+00 0.000000000000000000e+00 0.000000000000000000e+00 0.000000000000000000e+00 0.000000000000000000e+00 0.000000000000000000e+00 0.000000000000000000e+00 0.000000000000000000e+00 0.000000000000000000e+00 0.000000000000000000e+00 0.000000000000000000e+00 0.000000000000000000e+00 0.000000000000000000e+00 0.000000000000000000e+00 0.000000000000000000e+00 0.000000000000000000e+00 0.000000000000000000e+00 0.000000000000000000e+00 0.000000000000000000e+00 0.000000000000000000e+00 0.000000000000000000e+00 0.000000000000000000e+00 0.000000000000000000e+00 0.000000000000000000e+00 0.000000000000000000e+00 0.000000000000000000e+00 0.000000000000000000e+00 0.000000000000000000e+00 0.000000000000000000e+00 0.000000000000000000e+00 0.000000000000000000e+00 0.000000000000000000e+00 0.000000000000000000e+00 0.000000000000000000e+00 0.000000000000000000e+00 0.000000000000000000e+00 0.000000000000000000e+00 0.000000000000000000e+00 0.000000000000000000e+00 0.000000000000000000e+00 0.000000000000000000e+00 0.000000000000000000e+00
0.000000000000000000e+00 0.000000000000000000e+00 0.000000000000000000e+00 0.000000000000000000e+00 0.000000000000000000e+00 0.000000000000000000e+00 0.000000000000000000e+00 0.000000000000000000e+00 0.000000000000000000e+00 0.000000000000000000e+00 0.000000000000000000e+00 0.000000000000000000e+00 0.000000000000000000e+00 0.000000000000000000e+00 0.000000000000000000e+00 0.000000000000000000e+00 0.000000000000000000e+00 0.000000000000000000e+00 0.000000000000000000e+00 0.000000000000000000e+00 0.000000000000000000e+00 0.000000000000000000e+00 0.000000000000000000e+00 0.000000000000000000e+00 0.000000000000000000e+00 0.000000000000000000e+00 0.000000000000000000e+00 0.000000000000000000e+00 0.000000000000000000e+00 0.000000000000000000e+00 0.000000000000000000e+00 0.000000000000000000e+00 0.000000000000000000e+00 0.000000000000000000e+00 0.000000000000000000e+00 0.000000000000000000e+00 0.000000000000000000e+00 0.000000000000000000e+00 0.000000000000000000e+00 0.000000000000000000e+00 0.000000000000000000e+00 0.000000000000000000e+00 0.000000000000000000e+00 0.000000000000000000e+00 0.000000000000000000e+00 0.000000000000000000e+00 0.000000000000000000e+00 0.000000000000000000e+00 0.000000000000000000e+00 0.000000000000000000e+00 0.000000000000000000e+00 0.000000000000000000e+00 0.000000000000000000e+00 0.000000000000000000e+00 0.000000000000000000e+00 0.000000000000000000e+00 0.000000000000000000e+00 0.000000000000000000e+00 0.000000000000000000e+00 0.000000000000000000e+00 0.000000000000000000e+00 0.000000000000000000e+00 0.000000000000000000e+00 0.000000000000000000e+00 0.000000000000000000e+00 0.000000000000000000e+00 0.000000000000000000e+00 0.000000000000000000e+00 0.000000000000000000e+00 0.000000000000000000e+00 0.000000000000000000e+00 0.000000000000000000e+00 0.000000000000000000e+00 0.000000000000000000e+00 0.000000000000000000e+00 0.000000000000000000e+00 0.000000000000000000e+00 0.000000000000000000e+00 0.000000000000000000e+00 0.000000000000000000e+00 0.000000000000000000e+00 0.000000000000000000e+00 0.000000000000000000e+00 0.000000000000000000e+00 0.000000000000000000e+00 0.000000000000000000e+00 0.000000000000000000e+00 0.000000000000000000e+00 0.000000000000000000e+00
0.000000000000000000e+00 0.000000000000000000e+00 0.000000000000000000e+00 0.000000000000000000e+00 0.000000000000000000e+00 0.000000000000000000e+00 0.000000000000000000e+00 0.000000000000000000e+00 0.000000000000000000e+00 0.000000000000000000e+00 0.000000000000000000e+00 0.000000000000000000e+00 0.000000000000000000e+00 0.000000000000000000e+00 0.000000000000000000e+00 0.000000000000000000e+00 0.000000000000000000e+00 0.000000000000000000e+00 0.000000000000000000e+00 0.000000000000000000e+00 0.000000000000000000e+00 0.000000000000000000e+00 0.000000000000000000e+00 0.000000000000000000e+00 0.000000000000000000e+00 0.000000000000000000e+00 0.000000000000000000e+00 0.000000000000000000e+00 0.000000000000000000e+00 0.000000000000000000e+00 0.000000000000000000e+00 0.000000000000000000e+00 0.000000000000000000e+00 0.000000000000000000e+00 0.000000000000000000e+00 0.000000000000000000e+00 0.000000000000000000e+00 0.000000000000000000e+00 0.000000000000000000e+00 0.000000000000000000e+00 0.000000000000000000e+00 0.000000000000000000e+00 0.000000000000000000e+00 0.000000000000000000e+00 0.000000000000000000e+00 0.000000000000000000e+00 0.000000000000000000e+00 0.000000000000000000e+00 0.000000000000000000e+00 0.000000000000000000e+00 0.000000000000000000e+00 0.000000000000000000e+00 0.000000000000000000e+00 0.000000000000000000e+00 0.000000000000000000e+00 0.000000000000000000e+00 0.000000000000000000e+00 0.000000000000000000e+00 0.000000000000000000e+00 0.000000000000000000e+00 0.000000000000000000e+00 0.000000000000000000e+00 0.000000000000000000e+00 0.000000000000000000e+00 0.000000000000000000e+00 0.000000000000000000e+00 0.000000000000000000e+00 0.000000000000000000e+00 0.000000000000000000e+00 0.000000000000000000e+00 0.000000000000000000e+00 0.000000000000000000e+00 0.000000000000000000e+00 0.000000000000000000e+00 0.000000000000000000e+00 0.000000000000000000e+00 0.000000000000000000e+00 0.000000000000000000e+00 0.000000000000000000e+00 0.000000000000000000e+00 0.000000000000000000e+00 0.000000000000000000e+00 0.000000000000000000e+00 0.000000000000000000e+00 0.000000000000000000e+00 0.000000000000000000e+00 0.000000000000000000e+00 0.000000000000000000e+00 0.000000000000000000e+00
0.000000000000000000e+00 0.000000000000000000e+00 0.000000000000000000e+00 4.812580231065464176e+00 6.013132295719841203e+00 9.832898172323755404e+00 3.533333333333333570e+01 3.172727272727271242e+01 5.149999999999998579e+01 1.190359897172236003e+01 4.999999999999992895e+01 6.405817174515233248e+00 0.000000000000000000e+00 6.500000000000004263e+01 0.000000000000000000e+00 2.581250000000000355e+01 2.599999999999998224e+01 0.000000000000000000e+00 0.000000000000000000e+00 0.000000000000000000e+00 0.000000000000000000e+00 0.000000000000000000e+00 0.000000000000000000e+00 0.000000000000000000e+00 0.000000000000000000e+00 0.000000000000000000e+00 0.000000000000000000e+00 0.000000000000000000e+00 0.000000000000000000e+00 6.399999999999996447e+01 0.000000000000000000e+00 0.000000000000000000e+00 0.000000000000000000e+00 0.000000000000000000e+00 0.000000000000000000e+00 0.000000000000000000e+00 0.000000000000000000e+00 2.968181818181816212e+01 3.423913043478259510e+01 0.000000000000000000e+00 0.000000000000000000e+00 0.000000000000000000e+00 0.000000000000000000e+00 0.000000000000000000e+00 3.099999999999997158e+01 0.000000000000000000e+00 0.000000000000000000e+00 0.000000000000000000e+00 0.000000000000000000e+00 0.000000000000000000e+00 0.000000000000000000e+00 0.000000000000000000e+00 0.000000000000000000e+00 0.000000000000000000e+00 0.000000000000000000e+00 0.000000000000000000e+00 0.000000000000000000e+00 0.000000000000000000e+00 0.000000000000000000e+00 0.000000000000000000e+00 0.000000000000000000e+00 0.000000000000000000e+00 0.000000000000000000e+00 0.000000000000000000e+00 0.000000000000000000e+00 0.000000000000000000e+00 0.000000000000000000e+00 0.000000000000000000e+00 0.000000000000000000e+00 0.000000000000000000e+00 0.000000000000000000e+00 0.000000000000000000e+00 0.000000000000000000e+00 0.000000000000000000e+00 0.000000000000000000e+00 0.000000000000000000e+00 0.000000000000000000e+00 0.000000000000000000e+00 0.000000000000000000e+00 0.000000000000000000e+00 0.000000000000000000e+00 6.699999999999997158e+01 0.000000000000000000e+00 0.000000000000000000e+00 0.000000000000000000e+00 0.000000000000000000e+00 0.000000000000000000e+00 0.000000000000000000e+00 0.000000000000000000e+00
0.000000000000000000e+00 0.000000000000000000e+00 0.000000000000000000e+00 6.013132295719841203e+00 9.180664985817832857e+00 1.070075618977923426e+01 2.893406593406592364e+01 2.280922865013772949e+01 3.450769230769229523e+01 1.843483412322273907e+01 4.075657894736839637e+01 1.590602612726506138e+01 5.706249999999996447e+01 7.049999999999998579e+01 3.456164383561642239e+01 1.447557840616965663e+01 2.579310344827585766e+01 4.524999999999995026e+01 6.253333333333329591e+01 0.000000000000000000e+00 0.000000000000000000e+00 0.000000000000000000e+00 0.000000000000000000e+00 0.000000000000000000e+00 4.299999999999998579e+01 0.000000000000000000e+00 0.000000000000000000e+00 0.000000000000000000e+00 7.699999999999998579e+01 5.919230769230767208e+01 8.900000000000000000e+01 7.914285714285711038e+01 7.535714285714281857e+01 8.525000000000000000e+01 0.000000000000000000e+00 0.000000000000000000e+00 8.116666666666662877e+01 1.145198135198134537e+01 1.875991766467064892e+01 3.313636363636363313e+01 0.000000000000000000e+00 5.879999999999995453e+01 9.100000000000000000e+01 3.824999999999999289e+01 5.449806949806947465e+00 1.609999999999999787e+01 0.000000000000000000e+00 2.199999999999998934e+01 4.974999999999999289e+01 5.899999999999995026e+01 4.325000000000000000e+01 0.000000000000000000e+00 5.304999999999995453e+01 5.974999999999998579e+01 5.539999999999995595e+01 7.799999999999998579e+01 0.000000000000000000e+00 0.000000000000000000e+00 3.174999999999996447e+01 3.349999999999995026e+01 0.000000000000000000e+00 0.000000000000000000e+00 0.000000000000000000e+00 0.000000000000000000e+00 0.000000000000000000e+00 0.000000000000000000e+00 0.000000000000000000e+00 0.000000000000000000e+00 0.000000000000000000e+00 0.000000000000000000e+00 0.000000000000000000e+00 0.000000000000000000e+00 0.000000000000000000e+00 0.000000000000000000e+00 0.000000000000000000e+00 0.000000000000000000e+00 0.000000000000000000e+00 0.000000000000000000e+00 0.000000000000000000e+00 0.000000000000000000e+00 2.411864406779658410e+01 4.608333333333333570e+01 0.000000000000000000e+00 0.000000000000000000e+00 1.849999999999998579e+01 0.000000000000000000e+00 0.000000000000000000e+00 1.999999999999997868e+01 1.425000000000000000e+01
0.000000000000000000e+00 0.000000000000000000e+00 0.000000000000000000e+00 9.832898172323755404e+00 1.070075618977923426e+01 1.503584211322275621e+01 1.012672750977835356e+01 1.497833736529579340e+01 2.735745614035086604e+01 1.782865289434042921e+01 4.185382059800662091e+01 2.308282740676495237e+01 5.660465116279067388e+01 6.359999999999998010e+01 2.027664399092969560e+01 2.073647932131494542e+01 3.403968253968252355e+01 4.773809523809521949e+01 6.184999999999998010e+01 0.000000000000000000e+00 0.000000000000000000e+00 0.000000000000000000e+00 3.300000000000000000e+01 0.000000000000000000e+00 4.149999999999999289e+01 4.974999999999997868e+01 4.183333333333330017e+01 4.374999999999996447e+01 6.324999999999997158e+01 5.545061728395059220e+01 7.333333333333330017e+01 8.084821428571424917e+01 7.410714285714281857e+01 0.000000000000000000e+00 8.933333333333331439e+01 0.000000000000000000e+00 8.449999999999997158e+01 1.774854014598539109e+01 1.886168686224488766e+01 2.334905660377357606e+01 0.000000000000000000e+00 3.231249999999999289e+01 6.475000000000000000e+01 2.255813953488370416e+01 1.611065573770490644e+01 4.149999999999998579e+01 0.000000000000000000e+00 7.112499999999994316e+01 4.799999999999996447e+01 0.000000000000000000e+00 5.983333333333325754e+01 8.699999999999995737e+01 5.611764705882350057e+01 6.249999999999992895e+01 5.145454545454538930e+01 0.000000000000000000e+00 0.000000000000000000e+00 0.000000000000000000e+00 2.789285714285712103e+01 3.479999999999997584e+01 0.000000000000000000e+00 0.000000000000000000e+00 0.000000000000000000e+00 0.000000000000000000e+00 0.000000000000000000e+00 0.000000000000000000e+00 0.000000000000000000e+00 0.000000000000000000e+00 0.000000000000000000e+00 0.000000000000000000e+00 0.000000000000000000e+00 0.000000000000000000e+00 0.000000000000000000e+00 0.000000000000000000e+00 0.000000000000000000e+00 0.000000000000000000e+00 0.000000000000000000e+00 0.000000000000000000e+00 0.000000000000000000e+00 0.000000000000000000e+00 2.833854166666663943e+01 4.547916666666662877e+01 6.299999999999999289e+01 0.000000000000000000e+00 0.000000000000000000e+00 0.000000000000000000e+00 0.000000000000000000e+00 2.842307692307689138e+01 0.000000000000000000e+00
0.000000000000000000e+00 0.000000000000000000e+00 0.000000000000000000e+00 3.533333333333333570e+01 2.893406593406592364e+01 1.012672750977835356e+01 7.664116705212593139e+00 7.187286063569680472e+00 2.336529680365295647e+01 1.404667030567684982e+01 4.346296296296294059e+01 3.600624999999998010e+01 4.914999999999997016e+01 0.000000000000000000e+00 4.166666666666664298e+01 2.656122448979590800e+01 3.874999999999998579e+01 0.000000000000000000e+00 8.799999999999990052e+01 0.000000000000000000e+00 9.449999999999997158e+01 0.000000000000000000e+00 0.000000000000000000e+00 0.000000000000000000e+00 0.000000000000000000e+00 6.049999999999999289e+01 5.000000000000004263e+01 0.000000000000000000e+00 4.949999999999997868e+01 4.900512820512818024e+01 8.699999999999997158e+01 7.175000000000000000e+01 8.124999999999997158e+01 0.000000000000000000e+00 9.379999999999996874e+01 0.000000000000000000e+00 7.879629629629626208e+01 4.249999999999999289e+01 2.696969696969695107e+01 5.499999999999997158e+01 0.000000000000000000e+00 6.374999999999998579e+01 7.999999999999997158e+01 4.799999999999997868e+01 3.416666666666663588e+01 5.750000000000000711e+01 0.000000000000000000e+00 0.000000000000000000e+00 0.000000000000000000e+00 0.000000000000000000e+00 0.000000000000000000e+00 0.000000000000000000e+00 0.000000000000000000e+00 0.000000000000000000e+00 0.000000000000000000e+00 0.000000000000000000e+00 0.000000000000000000e+00 0.000000000000000000e+00 0.000000000000000000e+00 0.000000000000000000e+00 0.000000000000000000e+00 0.000000000000000000e+00 0.000000000000000000e+00 0.000000000000000000e+00 0.000000000000000000e+00 0.000000000000000000e+00 0.000000000000000000e+00 0.000000000000000000e+00 0.000000000000000000e+00 0.000000000000000000e+00 0.000000000000000000e+00 0.000000000000000000e+00 0.000000000000000000e+00 0.000000000000000000e+00 0.000000000000000000e+00 0.000000000000000000e+00 0.000000000000000000e+00 0.000000000000000000e+00 0.000000000000000000e+00 0.000000000000000000e+00 0.000000000000000000e+00 5.150000000000004263e+01 0.000000000000000000e+00 0.000000000000000000e+00 0.000000000000000000e+00 0.000000000000000000e+00 0.000000000000000000e+00 0.000000000000000000e+00 0.000000000000000000e+00
0.000000000000000000e+00 0.000000000000000000e+00 0.000000000000000000e+00 3.172727272727271242e+01 2.280922865013772949e+01 1.497833736529579340e+01 7.187286063569680472e+00 9.045294635004394124e+00 9.843190450352681253e+00 2.158760551780934023e+01 3.577210884353740283e+01 2.799257258609047128e+01 4.111643835616437315e+01 6.316666666666665009e+01 3.473837209302323714e+01 2.099348837209302232e+01 2.774468085106382986e+01 6.149999999999997868e+01 7.262499999999995737e+01 0.000000000000000000e+00 7.566666666666664298e+01 0.000000000000000000e+00 0.000000000000000000e+00 0.000000000000000000e+00 7.425000000000000000e+01 6.171428571428568688e+01 6.649999999999998579e+01 0.000000000000000000e+00 4.874999999999999289e+01 4.179119850187263552e+01 8.233333333333332860e+01 7.253846153846150457e+01 6.918749999999997158e+01 0.000000000000000000e+00 8.471874999999997158e+01 0.000000000000000000e+00 7.202205882352939170e+01 1.847747747747746416e+01 2.431894150417826239e+01 4.246153846153843858e+01 0.000000000000000000e+00 4.174999999999997158e+01 7.269999999999997442e+01 3.439999999999997726e+01 2.256451612903224202e+01 4.600000000000000000e+01 0.000000000000000000e+00 3.300000000000001421e+01 4.330769230769227107e+01 0.000000000000000000e+00 4.009999999999993037e+01 4.749999999999995737e+01 4.086956521739125492e+01 7.049999999999995737e+01 4.085714285714281147e+01 0.000000000000000000e+00 0.000000000000000000e+00 0.000000000000000000e+00 3.134615384615382538e+01 3.037500000000000000e+01 0.000000000000000000e+00 0.000000000000000000e+00 0.000000000000000000e+00 0.000000000000000000e+00 0.000000000000000000e+00 0.000000000000000000e+00 0.000000000000000000e+00 0.000000000000000000e+00 0.000000000000000000e+00 0.000000000000000000e+00 0.000000000000000000e+00 0.000000000000000000e+00 0.000000000000000000e+00 0.000000000000000000e+00 0.000000000000000000e+00 9.149999999999990052e+01 0.000000000000000000e+00 0.000000000000000000e+00 0.000000000000000000e+00 0.000000000000000000e+00 3.122499999999996589e+01 4.251851851851848352e+01 5.299999999999994316e+01 0.000000000000000000e+00 5.099999999999999289e+01 0.000000000000000000e+00 0.000000000000000000e+00 3.399999999999996447e+01 0.000000000000000000e+00
0.000000000000000000e+00 0.000000000000000000e+00 0.000000000000000000e+00 5.149999999999998579e+01 3.450769230769229523e+01 2.735745614035086604e+01 2.336529680365295647e+01 9.843190450352681253e+00 1.322764227642276147e+01 1.952757432141317651e+01 2.388754325259515099e+01 3.148699421965317313e+01 1.049328358208954981e+01 6.116666666666665009e+01 1.993736141906872916e+01 3.111336032388663142e+01 2.796195652173912549e+01 2.852272727272726627e+01 5.075000000000000000e+01 0.000000000000000000e+00 6.231249999999997868e+01 5.883333333333332149e+01 0.000000000000000000e+00 0.000000000000000000e+00 5.149999999999998579e+01 4.169047619047618269e+01 2.791666666666666075e+01 3.600000000000000711e+01 2.405778491171749067e+01 2.523294908741593190e+01 5.971052631578945835e+01 5.522033898305083000e+01 6.180769230769227818e+01 7.349999999999997158e+01 6.986538461538461320e+01 7.374999999999997158e+01 5.665151515151514872e+01 2.304594017094016323e+01 1.377933051673707610e+01 2.210582524271844562e+01 0.000000000000000000e+00 3.299999999999998579e+01 5.958333333333334281e+01 3.178750000000000142e+01 4.072222222222222143e+01 3.024378109452736396e+01 0.000000000000000000e+00 0.000000000000000000e+00 0.000000000000000000e+00 0.000000000000000000e+00 5.249999999999992184e+01 5.433333333333326465e+01 5.859999999999993037e+01 6.499999999999998579e+01 4.837499999999995026e+01 0.000000000000000000e+00 0.000000000000000000e+00 0.000000000000000000e+00 4.325000000000000000e+01 3.649999999999997868e+01 3.249999999999997158e+01 5.300000000000000000e+01 0.000000000000000000e+00 0.000000000000000000e+00 0.000000000000000000e+00 0.000000000000000000e+00 0.000000000000000000e+00 0.000000000000000000e+00 0.000000000000000000e+00 0.000000000000000000e+00 0.000000000000000000e+00 0.000000000000000000e+00 0.000000000000000000e+00 0.000000000000000000e+00 0.000000000000000000e+00 0.000000000000000000e+00 0.000000000000000000e+00 0.000000000000000000e+00 0.000000000000000000e+00 0.000000000000000000e+00 4.599999999999996447e+01 5.829999999999999716e+01 6.174999999999997158e+01 0.000000000000000000e+00 3.799999999999995737e+01 0.000000000000000000e+00 0.000000000000000000e+00 0.000000000000000000e+00 5.099999999999995026e+01
0.000000000000000000e+00 0.000000000000000000e+00 0.000000000000000000e+00 1.190359897172236003e+01 1.843483412322273907e+01 1.782865289434042921e+01 1.404667030567684982e+01 2.158760551780934023e+01 1.952757432141317651e+01 1.526695025876499301e+01 1.844107629427792361e+01 1.481430360124015522e+01 4.624757281553396382e+01 5.249999999999997158e+01 2.100808249721292498e+01 2.311053571428570308e+01 2.300239520958082906e+01 4.421917808219174617e+01 6.522972972972971206e+01 0.000000000000000000e+00 8.449999999999997158e+01 7.799999999999997158e+01 8.249999999999998579e+01 0.000000000000000000e+00 0.000000000000000000e+00 6.919999999999997442e+01 0.000000000000000000e+00 8.025000000000000000e+01 5.935365853658534263e+01 4.762987012987011326e+01 8.334999999999999432e+01 7.478461538461534985e+01 7.115540540540537506e+01 8.350000000000001421e+01 8.367391304347826519e+01 9.350000000000002842e+01 7.451249999999997442e+01 2.220917107583773031e+01 2.636068175545126735e+01 3.123496659242760742e+01 0.000000000000000000e+00 4.717391304347825098e+01 6.449999999999997158e+01 4.911538461538460609e+01 3.021538461538458975e+01 3.571726190476189089e+01 0.000000000000000000e+00 4.616666666666662877e+01 4.959677419354834882e+01 5.799999999999998579e+01 5.016666666666660745e+01 4.799999999999995737e+01 5.192207792207787520e+01 5.329999999999996874e+01 4.621874999999995737e+01 0.000000000000000000e+00 0.000000000000000000e+00 6.049999999999994316e+01 3.595238095238092768e+01 3.231428571428568830e+01 4.894444444444441444e+01 5.949999999999996447e+01 0.000000000000000000e+00 0.000000000000000000e+00 0.000000000000000000e+00 0.000000000000000000e+00 0.000000000000000000e+00 0.000000000000000000e+00 0.000000000000000000e+00 0.000000000000000000e+00 8.449999999999994316e+01 0.000000000000000000e+00 0.000000000000000000e+00 0.000000000000000000e+00 0.000000000000000000e+00 0.000000000000000000e+00 0.000000000000000000e+00 0.000000000000000000e+00 0.000000000000000000e+00 0.000000000000000000e+00 3.764814814814811683e+01 5.072033898305081578e+01 8.374999999999997158e+01 0.000000000000000000e+00 3.589999999999999147e+01 0.000000000000000000e+00 0.000000000000000000e+00 3.971428571428566556e+01 4.724999999999997158e+01
0.000000000000000000e+00 0.000000000000000000e+00 0.000000000000000000e+00 4.999999999999992895e+01 4.075657894736839637e+01 4.185382059800662091e+01 4.346296296296294059e+01 3.577210884353740283e+01 2.388754325259515099e+01 1.844107629427792361e+01 1.356287534121929106e+01 2.411033204384268203e+01 1.741070486904552794e+01 5.102083333333331439e+01 2.202897196261682211e+01 4.157272727272724921e+01 2.598885077186962889e+01 2.512055837563450922e+01 4.937301587301587347e+01 0.000000000000000000e+00 6.300000000000000000e+01 5.873333333333334849e+01 8.350000000000000000e+01 8.166666666666664298e+01 6.950000000000000000e+01 4.682352941176470296e+01 5.990000000000001279e+01 5.172500000000000142e+01 3.117139959432048713e+01 3.201586102719033278e+01 5.492187500000000000e+01 4.800472103004291569e+01 4.591582278481012480e+01 5.344805194805194759e+01 6.271229868228404314e+01 5.811764705882352899e+01 5.288924455825864612e+01 2.050831024930747049e+01 2.227881086371421304e+01 2.633765112262520702e+01 0.000000000000000000e+00 2.546278317152103554e+01 5.122413793103448398e+01 3.179390243902438229e+01 3.326315789473684248e+01 3.278256302521008081e+01 0.000000000000000000e+00 5.449999999999998579e+01 6.837499999999997158e+01 7.600000000000000000e+01 6.849999999999991473e+01 5.099999999999995026e+01 5.988636363636361892e+01 5.358139534883716948e+01 4.581034482758618509e+01 5.233333333333328596e+01 5.349999999999996447e+01 0.000000000000000000e+00 5.566666666666662167e+01 3.689705882352938460e+01 3.492499999999998295e+01 5.108333333333331439e+01 0.000000000000000000e+00 0.000000000000000000e+00 0.000000000000000000e+00 0.000000000000000000e+00 0.000000000000000000e+00 0.000000000000000000e+00 0.000000000000000000e+00 0.000000000000000000e+00 0.000000000000000000e+00 0.000000000000000000e+00 5.349999999999996447e+01 0.000000000000000000e+00 9.999999999999995737e+01 0.000000000000000000e+00 0.000000000000000000e+00 0.000000000000000000e+00 0.000000000000000000e+00 0.000000000000000000e+00 4.261999999999997613e+01 5.520833333333328596e+01 4.655555555555552871e+01 0.000000000000000000e+00 3.716666666666665009e+01 0.000000000000000000e+00 5.475000000000001421e+01 0.000000000000000000e+00 5.174999999999998579e+01
0.000000000000000000e+00 0.000000000000000000e+00 0.000000000000000000e+00 6.405817174515233248e+00 1.590602612726506138e+01 2.308282740676495237e+01 3.600624999999998010e+01 2.799257258609047128e+01 3.148699421965317313e+01 1.481430360124015522e+01 2.411033204384268203e+01 1.482382769255100285e+01 2.469420758600411503e+01 1.679983562462641800e+01 2.956866197183097711e+01 2.364966701717489173e+01 1.790561529271205998e+01 2.092740336967294468e+01 3.677620967741935232e+01 0.000000000000000000e+00 7.400000000000000000e+01 8.749999999999998579e+01 0.000000000000000000e+00 0.000000000000000000e+00 4.949999999999998579e+01 5.832352941176470296e+01 4.600000000000000000e+01 5.512499999999998579e+01 3.594170714781402154e+01 4.400898203592814184e+01 6.130434782608695343e+01 4.724958067762495517e+01 4.428703047484054167e+01 5.045000000000000284e+01 7.371153846153845279e+01 7.433333333333331439e+01 7.287272727272726058e+01 2.416727828746176598e+01 2.922725953866240189e+01 3.285753237900477330e+01 0.000000000000000000e+00 3.101190476190476275e+01 5.557142857142859071e+01 4.082267441860464885e+01 3.637499999999997868e+01 3.780873866446825815e+01 0.000000000000000000e+00 5.169999999999995310e+01 5.080769230769227107e+01 5.099999999999992184e+01 4.944999999999995310e+01 4.924999999999994316e+01 4.855405405405400643e+01 5.274999999999997158e+01 1.247669491525423169e+01 4.749999999999997868e+01 1.000000000000000711e+01 6.224999999999998579e+01 3.624285714285713311e+01 3.229347826086954854e+01 2.661538461538460254e+01 4.931250000000000000e+01 0.000000000000000000e+00 0.000000000000000000e+00 0.000000000000000000e+00 0.000000000000000000e+00 0.000000000000000000e+00 0.000000000000000000e+00 0.000000000000000000e+00 0.000000000000000000e+00 0.000000000000000000e+00 0.000000000000000000e+00 0.000000000000000000e+00 0.000000000000000000e+00 0.000000000000000000e+00 0.000000000000000000e+00 0.000000000000000000e+00 0.000000000000000000e+00 0.000000000000000000e+00 0.000000000000000000e+00 3.946590909090905797e+01 4.784090909090905797e+01 5.983333333333331439e+01 0.000000000000000000e+00 4.050000000000000000e+01 0.000000000000000000e+00 9.249999999999990052e+01 3.683333333333328596e+01 4.825000000000000711e+01
0.000000000000000000e+00 0.000000000000000000e+00 0.000000000000000000e+00 0.000000000000000000e+00 5.706249999999996447e+01 5.660465116279067388e+01 4.914999999999997016e+01 4.111643835616437315e+01 1.049328358208954981e+01 4.624757281553396382e+01 1.741070486904552794e+01 2.469420758600411503e+01 1.371770294342183405e+01 8.730272167066074118e+00 2.209619771863117776e+01 5.857396449704140196e+01 4.069029850746267130e+01 2.159177679882525069e+01 3.426890756302520913e+01 4.850000000000002842e+01 5.726136363636363313e+01 5.807142857142856940e+01 6.892857142857140218e+01 7.049999999999998579e+01 5.158620689655172242e+01 1.486689814814814881e+01 3.957575757575757791e+01 4.279807692307691980e+01 1.970151909722222427e+01 2.614649435071970274e+01 4.502559055118110365e+01 3.337054173896279252e+01 3.886724565756824035e+01 4.323770491803280436e+01 5.479048843187660367e+01 5.089285714285716011e+01 5.092315175097276381e+01 2.544788629737609398e+01 2.405454620530184684e+01 2.885108170552406293e+01 0.000000000000000000e+00 2.630349013657056290e+01 4.872857142857142776e+01 3.604928664072633637e+01 4.424999999999998579e+01 3.560742609949531357e+01 0.000000000000000000e+00 0.000000000000000000e+00 0.000000000000000000e+00 0.000000000000000000e+00 0.000000000000000000e+00 0.000000000000000000e+00 0.000000000000000000e+00 4.899999999999993605e+01 6.250000000000000000e+01 5.379999999999999005e+01 5.399999999999999289e+01 0.000000000000000000e+00 6.683333333333330017e+01 4.399999999999998579e+01 3.469230769230766498e+01 4.333333333333334281e+01 0.000000000000000000e+00 6.600000000000000000e+01 0.000000000000000000e+00 0.000000000000000000e+00 0.000000000000000000e+00 0.000000000000000000e+00 7.449999999999998579e+01 0.000000000000000000e+00 0.000000000000000000e+00 0.000000000000000000e+00 6.399999999999995737e+01 0.000000000000000000e+00 5.625000000000000000e+01 5.949999999999994316e+01 0.000000000000000000e+00 0.000000000000000000e+00 0.000000000000000000e+00 0.000000000000000000e+00 4.749999999999997868e+01 5.724999999999997868e+01 4.649999999999998579e+01 0.000000000000000000e+00 4.633333333333332149e+01 0.000000000000000000e+00 5.474999999999997158e+01 0.000000000000000000e+00 0.000000000000000000e+00
0.000000000000000000e+00 0.000000000000000000e+00 0.000000000000000000e+00 6.500000000000004263e+01 7.049999999999998579e+01 6.359999999999998010e+01 0.000000000000000000e+00 6.316666666666665009e+01 6.116666666666665009e+01 5.249999999999997158e+01 5.102083333333331439e+01 1.679983562462641800e+01 8.730272167066074118e+00 9.658130019699955326e+00 3.350000000000000000e+01 5.017999999999997840e+01 3.403571428571427759e+01 9.321428571428571175e+00 2.017000000000000881e+01 0.000000000000000000e+00 0.000000000000000000e+00 0.000000000000000000e+00 0.000000000000000000e+00 0.000000000000000000e+00 0.000000000000000000e+00 0.000000000000000000e+00 0.000000000000000000e+00 0.000000000000000000e+00 9.840557006092254255e+00 3.382000000000000739e+01 3.850000000000002132e+01 1.870209973753280863e+01 1.645384615384615401e+01 2.649999999999998934e+01 0.000000000000000000e+00 0.000000000000000000e+00 6.837500000000000000e+01 4.383333333333332149e+01 4.397023809523808779e+01 3.340625000000000000e+01 0.000000000000000000e+00 2.575000000000000000e+01 0.000000000000000000e+00 4.642307692307691980e+01 7.000000000000001421e+01 4.479411764705882604e+01 0.000000000000000000e+00 0.000000000000000000e+00 0.000000000000000000e+00 0.000000000000000000e+00 0.000000000000000000e+00 0.000000000000000000e+00 6.299999999999987210e+01 0.000000000000000000e+00 2.749999999999998224e+01 0.000000000000000000e+00 0.000000000000000000e+00 0.000000000000000000e+00 0.000000000000000000e+00 5.899999999999993605e+01 0.000000000000000000e+00 0.000000000000000000e+00 0.000000000000000000e+00 0.000000000000000000e+00 0.000000000000000000e+00 0.000000000000000000e+00 0.000000000000000000e+00 0.000000000000000000e+00 0.000000000000000000e+00 0.000000000000000000e+00 0.000000000000000000e+00 0.000000000000000000e+00 0.000000000000000000e+00 0.000000000000000000e+00 0.000000000000000000e+00 0.000000000000000000e+00 0.000000000000000000e+00 0.000000000000000000e+00 0.000000000000000000e+00 0.000000000000000000e+00 0.000000000000000000e+00 0.000000000000000000e+00 0.000000000000000000e+00 0.000000000000000000e+00 0.000000000000000000e+00 0.000000000000000000e+00 0.000000000000000000e+00 0.000000000000000000e+00 0.000000000000000000e+00
0.000000000000000000e+00 0.000000000000000000e+00 0.000000000000000000e+00 0.000000000000000000e+00 3.456164383561642239e+01 2.027664399092969560e+01 4.166666666666664298e+01 3.473837209302323714e+01 1.993736141906872916e+01 2.100808249721292498e+01 2.202897196261682211e+01 2.956866197183097711e+01 2.209619771863117776e+01 3.350000000000000000e+01 1.089935156470256317e+01 3.799079754601224579e+01 2.598134328358208123e+01 2.251308900523560297e+01 2.096805111821085532e+01 1.326999999999999780e+01 3.094476744186045281e+01 2.298214285714285054e+01 2.652542372881355348e+01 1.603105590062111219e+01 2.098255813953488058e+01 1.930917986952469434e+01 1.995898876404493905e+01 2.024302134646961804e+01 2.060907003444316743e+01 2.118782098312545870e+01 4.198100407055629546e+01 2.833509544787077772e+01 3.053805774278215068e+01 4.879166666666665719e+01 4.982620320855613727e+01 4.479999999999996874e+01 3.507720588235294201e+01 2.404644808743169548e+01 8.433658979893214891e+00 1.701026392961876610e+01 0.000000000000000000e+00 1.820867768595040914e+01 1.277305905773059003e+01 1.349358059914407981e+01 1.612500000000000000e+01 2.126773648648648063e+01 0.000000000000000000e+00 6.299999999999994316e+01 5.150000000000000000e+01 0.000000000000000000e+00 0.000000000000000000e+00 0.000000000000000000e+00 5.362499999999995026e+01 5.099999999999995026e+01 4.469230769230766498e+01 0.000000000000000000e+00 0.000000000000000000e+00 6.800000000000001421e+01 7.399999999999997158e+01 3.699999999999997868e+01 3.692857142857140929e+01 3.515789473684208843e+01 0.000000000000000000e+00 0.000000000000000000e+00 0.000000000000000000e+00 0.000000000000000000e+00 0.000000000000000000e+00 0.000000000000000000e+00 0.000000000000000000e+00 0.000000000000000000e+00 0.000000000000000000e+00 0.000000000000000000e+00 4.899999999999997868e+01 8.399999999999995737e+01 5.199999999999996447e+01 3.207142857142856229e+01 0.000000000000000000e+00 0.000000000000000000e+00 0.000000000000000000e+00 0.000000000000000000e+00 4.309999999999997300e+01 4.561111111111110006e+01 4.733333333333328596e+01 0.000000000000000000e+00 0.000000000000000000e+00 3.249999999999998579e+01 5.099999999999999289e+01 0.000000000000000000e+00 0.000000000000000000e+00
0.000000000000000000e+00 0.000000000000000000e+00 0.000000000000000000e+00 2.581250000000000355e+01 1.447557840616965663e+01 2.073647932131494542e+01 2.656122448979590800e+01 2.099348837209302232e+01 3.111336032388663142e+01 2.311053571428570308e+01 4.157272727272724921e+01 2.364966701717489173e+01 5.857396449704140196e+01 5.017999999999997840e+01 3.799079754601224579e+01 7.555821180970593964e+00 1.072437971952534674e+01 3.519587227414327657e+01 5.325112309074569339e+01 0.000000000000000000e+00 8.850000000000001421e+01 8.450000000000002842e+01 0.000000000000000000e+00 0.000000000000000000e+00 0.000000000000000000e+00 7.890909090909089230e+01 7.539999999999997726e+01 8.037499999999995737e+01 6.257249999999996248e+01 7.000641025641023418e+01 7.729761904761902258e+01 7.078513824884788619e+01 5.763533464566925346e+01 1.049999999999999289e+02 9.218749999999997158e+01 0.000000000000000000e+00 7.984999999999998010e+01 1.479400606980271959e+01 2.532328990228011989e+01 4.426612903225804274e+01 0.000000000000000000e+00 5.651785714285711748e+01 7.341666666666664298e+01 6.523333333333330586e+01 9.810714285714279725e+00 5.201960784313723707e+01 0.000000000000000000e+00 4.949999999999995737e+01 3.772727272727269110e+01 4.399999999999995737e+01 3.866666666666660745e+01 4.149999999999996447e+01 4.096153846153843858e+01 4.634999999999995879e+01 3.909999999999997300e+01 0.000000000000000000e+00 0.000000000000000000e+00 5.199999999999998579e+01 2.086363636363634910e+01 1.901111111111109864e+01 3.445833333333331439e+01 5.544444444444439313e+01 0.000000000000000000e+00 0.000000000000000000e+00 0.000000000000000000e+00 0.000000000000000000e+00 0.000000000000000000e+00 0.000000000000000000e+00 0.000000000000000000e+00 0.000000000000000000e+00 0.000000000000000000e+00 0.000000000000000000e+00 0.000000000000000000e+00 7.949999999999997158e+01 9.324999999999994316e+01 0.000000000000000000e+00 0.000000000000000000e+00 0.000000000000000000e+00 0.000000000000000000e+00 0.000000000000000000e+00 2.526190476190473078e+01 3.824193548387093955e+01 4.716666666666660035e+01 0.000000000000000000e+00 0.000000000000000000e+00 0.000000000000000000e+00 0.000000000000000000e+00 2.849999999999998224e+01 6.349999999999995737e+01
0.000000000000000000e+00 0.000000000000000000e+00 0.000000000000000000e+00 2.599999999999998224e+01 2.579310344827585766e+01 3.403968253968252355e+01 3.874999999999998579e+01 2.774468085106382986e+01 2.796195652173912549e+01 2.300239520958082906e+01 2.598885077186962889e+01 1.790561529271205998e+01 4.069029850746267130e+01 3.403571428571427759e+01 2.598134328358208123e+01 1.072437971952534674e+01 9.338133068520349411e+00 2.004535790219700431e+01 4.335479041916164533e+01 0.000000000000000000e+00 8.299999999999995737e+01 0.000000000000000000e+00 0.000000000000000000e+00 0.000000000000000000e+00 6.100000000000000000e+01 7.249999999999998579e+01 0.000000000000000000e+00 7.174999999999998579e+01 4.743023255813952233e+01 5.815853658536583026e+01 6.494230769230767919e+01 5.682078853046592570e+01 4.641595441595439553e+01 5.749999999999997158e+01 7.908333333333331439e+01 7.450000000000001421e+01 7.874999999999998579e+01 1.824617737003057272e+01 2.338724584103511006e+01 3.328571428571427759e+01 0.000000000000000000e+00 4.080769230769229239e+01 5.941666666666665719e+01 4.561111111111109295e+01 3.016666666666666785e+01 3.636567164179104594e+01 0.000000000000000000e+00 3.060000000000000142e+01 3.417857142857139507e+01 4.349999999999998579e+01 4.008333333333327886e+01 2.559999999999995879e+01 3.359420289855068376e+01 3.317391304347822967e+01 2.858620689655170821e+01 5.724999999999997158e+01 0.000000000000000000e+00 3.699999999999993605e+01 2.285416666666666075e+01 1.206666666666666288e+01 1.438297872340424632e+01 3.737499999999999289e+01 0.000000000000000000e+00 0.000000000000000000e+00 6.250000000000006395e+01 6.949999999999998579e+01 0.000000000000000000e+00 0.000000000000000000e+00 0.000000000000000000e+00 0.000000000000000000e+00 0.000000000000000000e+00 0.000000000000000000e+00 7.949999999999998579e+01 6.899999999999992895e+01 7.349999999999998579e+01 4.716666666666665009e+01 0.000000000000000000e+00 0.000000000000000000e+00 0.000000000000000000e+00 0.000000000000000000e+00 2.262162162162159973e+01 3.425675675675673659e+01 3.574999999999998579e+01 0.000000000000000000e+00 3.499999999999997158e+01 0.000000000000000000e+00 0.000000000000000000e+00 0.000000000000000000e+00 3.749999999999999289e+01
