0.000000000000000000e+00 0.000000000000000000e+00 0.000000000000000000e+00 0.000000000000000000e+00 0.000000000000000000e+00 0.000000000000000000e+00 0.000000000000000000e+00 0.000000000000000000e+00 0.000000000000000000e+00 0.000000000000000000e+00 0.000000000000000000e+00 0.000000000000000000e+00 0.000000000000000000e+00 0.000000000000000000e+00 0.000000000000000000e+00 0.000000000000000000e+00 0.000000000000000000e+00 0.000000000000000000e+00 0.000000000000000000e+00 0.000000000000000000e+00 0.000000000000000000e+00 0.000000000000000000e+00 0.000000000000000000e+00 0.000000000000000000e+00 0.000000000000000000e+00 0.000000000000000000e+00 0.000000000000000000e+00 0.000000000000000000e+00 0.000000000000000000e+00 0.000000000000000000e+00 0.000000000000000000e+00 0.000000000000000000e+00 0.000000000000000000e+00 0.000000000000000000e+00 0.000000000000000000e+00 0.000000000000000000e+00 0.000000000000000000e+00 0.000000000000000000e+00 0.000000000000000000e+00 0.000000000000000000e+00 0.000000000000000000e+00 0.000000000000000000e+00 0.000000000000000000e+00 0.000000000000000000e+00 0.000000000000000000e+00 0.000000000000000000e+00 0.000000000000000000e+00 0.000000000000000000e+00 0.000000000000000000e+00 0.000000000000000000e+00 0.000000000000000000e+00 0.000000000000000000e+00 0.000000000000000000e+00 0.000000000000000000e+00 0.000000000000000000e+00 0.000000000000000000e+00 0.000000000000000000e+00 0.000000000000000000e+00 0.000000000000000000e+00 0.000000000000000000e+00 0.000000000000000000e+00 0.000000000000000000e+00 0.000000000000000000e+00 0.000000000000000000e+00 0.000000000000000000e+00 0.000000000000000000e+00 0.000000000000000000e+00 0.000000000000000000e+00 0.000000000000000000e+00 0.000000000000000000e+00 0.000000000000000000e+00 0.000000000000000000e+00 0.000000000000000000e+00 0.000000000000000000e+00 0.000000000000000000e+00 0.000000000000000000e+00 0.000000000000000000e+00 0.000000000000000000e+00 0.000000000000000000e+00 0.000000000000000000e+00 0.000000000000000000e+00 0.000000000000000000e+00 0.000000000000000000e+00 0.000000000000000000e+00 0.000000000000000000e+00 0.000000000000000000e+00 0.000000000000000000e+00 0.000000000000000000e+00 0.000000000000000000e+00
0.000000000000000000e+00 0.000000000000000000e+00 0.000000000000000000e+00 0.000000000000000000e+00 0.000000000000000000e+00 0.000000000000000000e+00 0.000000000000000000e+00 0.000000000000000000e+00 0.000000000000000000e+00 0.000000000000000000e+00 0.000000000000000000e+00 0.000000000000000000e+00 0.000000000000000000e+00 0.000000000000000000e+00 0.000000000000000000e+00 0.000000000000000000e+00 0.000000000000000000e+00 0.000000000000000000e+00 0.000000000000000000e+00 0.000000000000000000e+00 0.000000000000000000e+00 0.000000000000000000e+00 0.000000000000000000e+00 0.000000000000000000e+00 0.000000000000000000e+00 0.000000000000000000e+00 0.000000000000000000e+00 0.000000000000000000e+00 0.000000000000000000e+00 0.000000000000000000e+00 0.000000000000000000e+00 0.000000000000000000e+00 0.000000000000000000e+00 0.000000000000000000e+00 0.000000000000000000e+00 0.000000000000000000e+00 0.000000000000000000e+00 0.000000000000000000e+00 0.000000000000000000e+00 0.000000000000000000e+00 0.000000000000000000e+00 0.000000000000000000e+00 0.000000000000000000e+00 0.000000000000000000e+00 0.000000000000000000e+00 0.000000000000000000e+00 0.000000000000000000e+00 0.000000000000000000e+00 0.000000000000000000e+00 0.000000000000000000e+00 0.000000000000000000e+00 0.000000000000000000e+00 0.000000000000000000e+00 0.000000000000000000e+00 0.000000000000000000e+00 0.000000000000000000e+00 0.000000000000000000e+00 0.000000000000000000e+00 0.000000000000000000e+00 0.000000000000000000e+00 0.000000000000000000e+00 0.000000000000000000e+00 0.000000000000000000e+00 0.000000000000000000e+00 0.000000000000000000e+00 0.000000000000000000e+00 0.000000000000000000e+00 0.000000000000000000e+00 0.000000000000000000e+00 0.000000000000000000e+00 0.000000000000000000e+00 0.000000000000000000e+00 0.000000000000000000e+00 0.000000000000000000e+00 0.000000000000000000e+00 0.000000000000000000e+00 0.000000000000000000e+00 0.000000000000000000e+00 0.000000000000000000e+00 0.000000000000000000e+00 0.000000000000000000e+00 0.000000000000000000e+00 0.000000000000000000e+00 0.000000000000000000e+00 0.000000000000000000e+00 0.000000000000000000e+00 0.000000000000000000e+00 0.000000000000000000e+00 0.000000000000000000e+00
0.000000000000000000e+00 0.000000000000000000e+00 0.000000000000000000e+00 0.000000000000000000e+00 0.000000000000000000e+00 0.000000000000000000e+00 0.000000000000000000e+00 0.000000000000000000e+00 0.000000000000000000e+00 0.000000000000000000e+00 0.000000000000000000e+00 0.000000000000000000e+00 0.000000000000000000e+00 0.000000000000000000e+00 0.000000000000000000e+00 0.000000000000000000e+00 0.000000000000000000e+00 0.000000000000000000e+00 0.000000000000000000e+00 0.000000000000000000e+00 0.000000000000000000e+00 0.000000000000000000e+00 0.000000000000000000e+00 0.000000000000000000e+00 0.000000000000000000e+00 0.000000000000000000e+00 0.000000000000000000e+00 0.000000000000000000e+00 0.000000000000000000e+00 0.000000000000000000e+00 0.000000000000000000e+00 0.000000000000000000e+00 0.000000000000000000e+00 0.000000000000000000e+00 0.000000000000000000e+00 0.000000000000000000e+00 0.000000000000000000e+00 0.000000000000000000e+00 0.000000000000000000e+00 0.000000000000000000e+00 0.000000000000000000e+00 0.000000000000000000e+00 0.000000000000000000e+00 0.000000000000000000e+00 0.000000000000000000e+00 0.000000000000000000e+00 0.000000000000000000e+00 0.000000000000000000e+00 0.000000000000000000e+00 0.000000000000000000e+00 0.000000000000000000e+00 0.000000000000000000e+00 0.000000000000000000e+00 0.000000000000000000e+00 0.000000000000000000e+00 0.000000000000000000e+00 0.000000000000000000e+00 0.000000000000000000e+00 0.000000000000000000e+00 0.000000000000000000e+00 0.000000000000000000e+00 0.000000000000000000e+00 0.000000000000000000e+00 0.000000000000000000e+00 0.000000000000000000e+00 0.000000000000000000e+00 0.000000000000000000e+00 0.000000000000000000e+00 0.000000000000000000e+00 0.000000000000000000e+00 0.000000000000000000e+00 0.000000000000000000e+00 0.000000000000000000e+00 0.000000000000000000e+00 0.000000000000000000e+00 0.000000000000000000e+00 0.000000000000000000e+00 0.000000000000000000e+00 0.000000000000000000e+00 0.000000000000000000e+00 0.000000000000000000e+00 0.000000000000000000e+00 0.000000000000000000e+00 0.000000000000000000e+00 0.000000000000000000e+00 0.000000000000000000e+00 0.000000000000000000e+00 0.000000000000000000e+00 0.000000000000000000e+00
0.000000000000000000e+00 0.000000000000000000e+00 0.000000000000000000e+00 5.282014388489203682e+00 7.142059553349872303e+00 1.038702290076335011e+01 3.291666666666663588e+01 3.094230769230767208e+01 0.000000000000000000e+00 9.176399026763979450e+00 4.842857142857138086e+01 4.996801705756927170e+00 9.449999999999997158e+01 0.000000000000000000e+00 5.699999999999995737e+01 2.774999999999998224e+01 4.799999999999997158e+01 0.000000000000000000e+00 0.000000000000000000e+00 0.000000000000000000e+00 0.000000000000000000e+00 0.000000000000000000e+00 0.000000000000000000e+00 0.000000000000000000e+00 0.000000000000000000e+00 0.000000000000000000e+00 0.000000000000000000e+00 0.000000000000000000e+00 0.000000000000000000e+00 0.000000000000000000e+00 0.000000000000000000e+00 1.004999999999999574e+02 0.000000000000000000e+00 0.000000000000000000e+00 0.000000000000000000e+00 0.000000000000000000e+00 0.000000000000000000e+00 3.018181818181815146e+01 3.396052631578945125e+01 4.999999999999997868e+01 0.000000000000000000e+00 0.000000000000000000e+00 0.000000000000000000e+00 0.000000000000000000e+00 0.000000000000000000e+00 0.000000000000000000e+00 0.000000000000000000e+00 0.000000000000000000e+00 0.000000000000000000e+00 0.000000000000000000e+00 0.000000000000000000e+00 0.000000000000000000e+00 0.000000000000000000e+00 0.000000000000000000e+00 0.000000000000000000e+00 0.000000000000000000e+00 0.000000000000000000e+00 0.000000000000000000e+00 0.000000000000000000e+00 0.000000000000000000e+00 0.000000000000000000e+00 0.000000000000000000e+00 0.000000000000000000e+00 0.000000000000000000e+00 0.000000000000000000e+00 0.000000000000000000e+00 0.000000000000000000e+00 0.000000000000000000e+00 0.000000000000000000e+00 0.000000000000000000e+00 0.000000000000000000e+00 0.000000000000000000e+00 0.000000000000000000e+00 0.000000000000000000e+00 0.000000000000000000e+00 0.000000000000000000e+00 0.000000000000000000e+00 0.000000000000000000e+00 0.000000000000000000e+00 0.000000000000000000e+00 0.000000000000000000e+00 0.000000000000000000e+00 0.000000000000000000e+00 0.000000000000000000e+00 0.000000000000000000e+00 0.000000000000000000e+00 0.000000000000000000e+00 0.000000000000000000e+00 0.000000000000000000e+00
0.000000000000000000e+00 0.000000000000000000e+00 0.000000000000000000e+00 7.142059553349872303e+00 9.643651735390085022e+00 9.709979650669827933e+00 2.599494949494948415e+01 2.393275862068964344e+01 4.394642857142854808e+01 1.746823956442830195e+01 4.675490196078428795e+01 1.519539911308203450e+01 5.314285714285711748e+01 8.299999999999991473e+01 2.305042016806721605e+01 1.138262056414921908e+01 3.218292682926828263e+01 5.172727272727269821e+01 6.604545454545451832e+01 0.000000000000000000e+00 0.000000000000000000e+00 0.000000000000000000e+00 0.000000000000000000e+00 4.666666666666665009e+01 0.000000000000000000e+00 2.724999999999998579e+01 0.000000000000000000e+00 0.000000000000000000e+00 7.249999999999995737e+01 7.385714285714284699e+01 0.000000000000000000e+00 8.395454545454543904e+01 7.274999999999994316e+01 0.000000000000000000e+00 0.000000000000000000e+00 0.000000000000000000e+00 0.000000000000000000e+00 1.116112531969308996e+01 1.714364480557166814e+01 3.664285714285712459e+01 0.000000000000000000e+00 0.000000000000000000e+00 0.000000000000000000e+00 3.287499999999996447e+01 5.229285714285711428e+00 9.108695652173908641e+00 0.000000000000000000e+00 0.000000000000000000e+00 5.199999999999999289e+01 0.000000000000000000e+00 4.799999999999994316e+01 0.000000000000000000e+00 5.016666666666662877e+01 5.799999999999997158e+01 4.559999999999993747e+01 0.000000000000000000e+00 0.000000000000000000e+00 6.449999999999992895e+01 3.258333333333329307e+01 2.250000000000000000e+01 5.899999999999995737e+01 0.000000000000000000e+00 0.000000000000000000e+00 0.000000000000000000e+00 0.000000000000000000e+00 0.000000000000000000e+00 0.000000000000000000e+00 0.000000000000000000e+00 0.000000000000000000e+00 0.000000000000000000e+00 0.000000000000000000e+00 0.000000000000000000e+00 0.000000000000000000e+00 0.000000000000000000e+00 0.000000000000000000e+00 0.000000000000000000e+00 0.000000000000000000e+00 0.000000000000000000e+00 0.000000000000000000e+00 0.000000000000000000e+00 2.165789473684208843e+01 3.274999999999997158e+01 3.100000000000001066e+01 0.000000000000000000e+00 0.000000000000000000e+00 0.000000000000000000e+00 0.000000000000000000e+00 1.491666666666665897e+01 1.137499999999999112e+01
0.000000000000000000e+00 0.000000000000000000e+00 0.000000000000000000e+00 1.038702290076335011e+01 9.709979650669827933e+00 1.407597614925946417e+01 8.827513054830284034e+00 1.262343708433093603e+01 2.913354037267079732e+01 1.891673645172866358e+01 4.211538461538458478e+01 2.326572986577180302e+01 5.615217391304345540e+01 0.000000000000000000e+00 2.223419203747071649e+01 1.987368421052630652e+01 3.202777777777776436e+01 4.929166666666662877e+01 6.695833333333330017e+01 0.000000000000000000e+00 5.850000000000000711e+01 6.999999999999992895e+01 0.000000000000000000e+00 2.899999999999998579e+01 3.933333333333332860e+01 5.299999999999999289e+01 0.000000000000000000e+00 0.000000000000000000e+00 6.324999999999995026e+01 5.770833333333330728e+01 6.133333333333330728e+01 7.723809523809521238e+01 8.142857142857140218e+01 0.000000000000000000e+00 9.674999999999997158e+01 0.000000000000000000e+00 8.299999999999992895e+01 1.776140510948904350e+01 1.712587238285143343e+01 2.676262626262625233e+01 0.000000000000000000e+00 3.849999999999999289e+01 4.269999999999997442e+01 2.375000000000000000e+01 1.691628959276017596e+01 3.134615384615384670e+01 0.000000000000000000e+00 3.400000000000003553e+01 4.662499999999997158e+01 0.000000000000000000e+00 4.844999999999995310e+01 6.349999999999990763e+01 4.983333333333330017e+01 5.449999999999991473e+01 4.879999999999995453e+01 5.799999999999997158e+01 0.000000000000000000e+00 5.549999999999999289e+01 2.721874999999997868e+01 3.350000000000003553e+01 6.199999999999997868e+01 0.000000000000000000e+00 0.000000000000000000e+00 0.000000000000000000e+00 0.000000000000000000e+00 0.000000000000000000e+00 0.000000000000000000e+00 0.000000000000000000e+00 0.000000000000000000e+00 0.000000000000000000e+00 0.000000000000000000e+00 8.399999999999991473e+01 0.000000000000000000e+00 0.000000000000000000e+00 0.000000000000000000e+00 0.000000000000000000e+00 0.000000000000000000e+00 0.000000000000000000e+00 0.000000000000000000e+00 0.000000000000000000e+00 3.309090909090905086e+01 5.093749999999995737e+01 6.424999999999995737e+01 0.000000000000000000e+00 0.000000000000000000e+00 0.000000000000000000e+00 0.000000000000000000e+00 3.709999999999996589e+01 4.499999999999996447e+01
0.000000000000000000e+00 0.000000000000000000e+00 0.000000000000000000e+00 3.291666666666663588e+01 2.599494949494948415e+01 8.827513054830284034e+00 7.320064799814855583e+00 7.175220163984207034e+00 2.471081081081080200e+01 1.435373194221508264e+01 3.888976377952754149e+01 3.645930232558137618e+01 5.104716981132073528e+01 0.000000000000000000e+00 4.436904761904759908e+01 2.935937499999999289e+01 4.349999999999997158e+01 5.439999999999996305e+01 6.833333333333331439e+01 0.000000000000000000e+00 0.000000000000000000e+00 0.000000000000000000e+00 0.000000000000000000e+00 0.000000000000000000e+00 0.000000000000000000e+00 8.250000000000000000e+01 4.749999999999992895e+01 6.899999999999992895e+01 5.765384615384611777e+01 5.077272727272725916e+01 7.499999999999995737e+01 7.228061224489795222e+01 7.160714285714283278e+01 0.000000000000000000e+00 9.775000000000001421e+01 0.000000000000000000e+00 6.974999999999994316e+01 3.278260869565215785e+01 3.110416666666665364e+01 4.041666666666666430e+01 0.000000000000000000e+00 0.000000000000000000e+00 0.000000000000000000e+00 5.116666666666665009e+01 3.712499999999998579e+01 0.000000000000000000e+00 0.000000000000000000e+00 0.000000000000000000e+00 0.000000000000000000e+00 0.000000000000000000e+00 0.000000000000000000e+00 0.000000000000000000e+00 0.000000000000000000e+00 0.000000000000000000e+00 6.624999999999997158e+01 0.000000000000000000e+00 0.000000000000000000e+00 0.000000000000000000e+00 0.000000000000000000e+00 0.000000000000000000e+00 0.000000000000000000e+00 0.000000000000000000e+00 0.000000000000000000e+00 0.000000000000000000e+00 0.000000000000000000e+00 0.000000000000000000e+00 0.000000000000000000e+00 0.000000000000000000e+00 0.000000000000000000e+00 0.000000000000000000e+00 0.000000000000000000e+00 0.000000000000000000e+00 0.000000000000000000e+00 0.000000000000000000e+00 0.000000000000000000e+00 0.000000000000000000e+00 0.000000000000000000e+00 0.000000000000000000e+00 0.000000000000000000e+00 0.000000000000000000e+00 0.000000000000000000e+00 0.000000000000000000e+00 0.000000000000000000e+00 0.000000000000000000e+00 0.000000000000000000e+00 0.000000000000000000e+00 0.000000000000000000e+00 0.000000000000000000e+00 0.000000000000000000e+00
0.000000000000000000e+00 0.000000000000000000e+00 0.000000000000000000e+00 3.094230769230767208e+01 2.393275862068964344e+01 1.262343708433093603e+01 7.175220163984207034e+00 8.558593749999998224e+00 9.610585093469284246e+00 2.069921017990345646e+01 3.462373737373736304e+01 2.484430832057171301e+01 4.037378640776697836e+01 7.024999999999995737e+01 3.739567809239937901e+01 1.847699004975124026e+01 1.897596153846152944e+01 4.887499999999997158e+01 6.347058823529408045e+01 0.000000000000000000e+00 0.000000000000000000e+00 7.449999999999995737e+01 0.000000000000000000e+00 6.825000000000001421e+01 9.099999999999994316e+01 6.913636363636361182e+01 4.325000000000000000e+01 6.866666666666662877e+01 4.546666666666665435e+01 3.878314606741571424e+01 6.885714285714283278e+01 6.635144927536229886e+01 6.480555555555552871e+01 0.000000000000000000e+00 9.450000000000000000e+01 0.000000000000000000e+00 6.804166666666664298e+01 2.857142857142856229e+01 2.668181818181816212e+01 4.026315789473682116e+01 0.000000000000000000e+00 5.066666666666666430e+01 6.640000000000000568e+01 6.089999999999997726e+01 2.887499999999998579e+01 4.236363636363633844e+01 4.899999999999995026e+01 4.100000000000002842e+01 4.150000000000002132e+01 0.000000000000000000e+00 5.083333333333329307e+01 4.337499999999995026e+01 4.060714285714281857e+01 4.874999999999995737e+01 4.362499999999997158e+01 5.899999999999997158e+01 0.000000000000000000e+00 4.499999999999997158e+01 2.604999999999997584e+01 2.912499999999998934e+01 0.000000000000000000e+00 0.000000000000000000e+00 0.000000000000000000e+00 0.000000000000000000e+00 0.000000000000000000e+00 0.000000000000000000e+00 0.000000000000000000e+00 0.000000000000000000e+00 0.000000000000000000e+00 0.000000000000000000e+00 0.000000000000000000e+00 0.000000000000000000e+00 0.000000000000000000e+00 0.000000000000000000e+00 0.000000000000000000e+00 6.999999999999994316e+01 0.000000000000000000e+00 0.000000000000000000e+00 0.000000000000000000e+00 0.000000000000000000e+00 2.969999999999997087e+01 4.639473684210523174e+01 5.899999999999993605e+01 0.000000000000000000e+00 0.000000000000000000e+00 0.000000000000000000e+00 0.000000000000000000e+00 5.599999999999991473e+01 4.799999999999995737e+01
0.000000000000000000e+00 0.000000000000000000e+00 0.000000000000000000e+00 0.000000000000000000e+00 4.394642857142854808e+01 2.913354037267079732e+01 2.471081081081080200e+01 9.610585093469284246e+00 1.238859764089121818e+01 1.990762331838564592e+01 2.588693181818181799e+01 3.066394001363326183e+01 1.100761163734776638e+01 4.649999999999999289e+01 2.237521764364479537e+01 3.279577464788732044e+01 2.766198704103670991e+01 4.542307692307690559e+01 5.472727272727271952e+01 0.000000000000000000e+00 5.904999999999999716e+01 5.474999999999998579e+01 7.674999999999997158e+01 9.275000000000000000e+01 6.369999999999998863e+01 5.296666666666666856e+01 3.889999999999999858e+01 4.702857142857141781e+01 2.329152542372880674e+01 2.508062234794907397e+01 5.354761904761905100e+01 5.771138211382113781e+01 5.406666666666666998e+01 6.450000000000000000e+01 6.970000000000000284e+01 0.000000000000000000e+00 5.408333333333331439e+01 2.048724832214765001e+01 1.978980190755686053e+01 2.946394230769230660e+01 0.000000000000000000e+00 3.283333333333332860e+01 5.456521739130433701e+01 3.847619047619046739e+01 2.987500000000000000e+01 3.121126760563380742e+01 0.000000000000000000e+00 0.000000000000000000e+00 6.399999999999995737e+01 0.000000000000000000e+00 0.000000000000000000e+00 7.949999999999992895e+01 6.499999999999997158e+01 5.387499999999997158e+01 5.084999999999997300e+01 7.099999999999997158e+01 0.000000000000000000e+00 0.000000000000000000e+00 8.949999999999992895e+01 3.406666666666665577e+01 4.083333333333330728e+01 5.149999999999996447e+01 0.000000000000000000e+00 0.000000000000000000e+00 0.000000000000000000e+00 0.000000000000000000e+00 0.000000000000000000e+00 0.000000000000000000e+00 0.000000000000000000e+00 0.000000000000000000e+00 0.000000000000000000e+00 0.000000000000000000e+00 0.000000000000000000e+00 0.000000000000000000e+00 0.000000000000000000e+00 0.000000000000000000e+00 0.000000000000000000e+00 0.000000000000000000e+00 0.000000000000000000e+00 0.000000000000000000e+00 0.000000000000000000e+00 5.674999999999996447e+01 7.150000000000002842e+01 0.000000000000000000e+00 0.000000000000000000e+00 0.000000000000000000e+00 0.000000000000000000e+00 5.999999999999995737e+01 5.499999999999997868e+01
0.000000000000000000e+00 0.000000000000000000e+00 0.000000000000000000e+00 9.176399026763979450e+00 1.746823956442830195e+01 1.891673645172866358e+01 1.435373194221508264e+01 2.069921017990345646e+01 1.990762331838564592e+01 1.373340358271864758e+01 1.857420807203730106e+01 1.559076225383611281e+01 4.998698884758363192e+01 4.736046511627904465e+01 2.728079534432588460e+01 2.375949720670390164e+01 2.467588797814206814e+01 4.411111111111109295e+01 6.803260869565215785e+01 0.000000000000000000e+00 0.000000000000000000e+00 0.000000000000000000e+00 0.000000000000000000e+00 5.066666666666665009e+01 5.949999999999995737e+01 7.649999999999998579e+01 0.000000000000000000e+00 8.124999999999997158e+01 6.321874999999997868e+01 6.326446280991733317e+01 7.089130434782607892e+01 6.981714719271622016e+01 7.241836734693875144e+01 9.400000000000000000e+01 9.337499999999995737e+01 0.000000000000000000e+00 8.158333333333332860e+01 2.417682291666665151e+01 2.763362329346379553e+01 4.058531746031744802e+01 0.000000000000000000e+00 4.517857142857142350e+01 6.358333333333329307e+01 5.406451612903222781e+01 2.935067873303164987e+01 4.221698113207547465e+01 0.000000000000000000e+00 3.974999999999997158e+01 4.649999999999994316e+01 0.000000000000000000e+00 4.643749999999995026e+01 5.237499999999994316e+01 5.102631578947364233e+01 4.924999999999993605e+01 5.159677419354834171e+01 7.499999999999997158e+01 0.000000000000000000e+00 4.799999999999994316e+01 3.784999999999996589e+01 3.648214285714283278e+01 5.269999999999998863e+01 6.474999999999997158e+01 0.000000000000000000e+00 0.000000000000000000e+00 0.000000000000000000e+00 0.000000000000000000e+00 0.000000000000000000e+00 0.000000000000000000e+00 0.000000000000000000e+00 0.000000000000000000e+00 0.000000000000000000e+00 0.000000000000000000e+00 0.000000000000000000e+00 0.000000000000000000e+00 0.000000000000000000e+00 0.000000000000000000e+00 0.000000000000000000e+00 0.000000000000000000e+00 0.000000000000000000e+00 0.000000000000000000e+00 3.868965517241375096e+01 5.341304347826083188e+01 6.099999999999994316e+01 0.000000000000000000e+00 0.000000000000000000e+00 0.000000000000000000e+00 0.000000000000000000e+00 3.959999999999998721e+01 0.000000000000000000e+00
0.000000000000000000e+00 0.000000000000000000e+00 0.000000000000000000e+00 4.842857142857138086e+01 4.675490196078428795e+01 4.211538461538458478e+01 3.888976377952754149e+01 3.462373737373736304e+01 2.588693181818181799e+01 1.857420807203730106e+01 1.421997542745981313e+01 2.320053699284009596e+01 1.810893246187363914e+01 4.328571428571428470e+01 2.397257769652650694e+01 4.125884955752210459e+01 2.793089430894308123e+01 2.566535433070865224e+01 5.156250000000000000e+01 6.999999999999998579e+01 6.076923076923075939e+01 6.366666666666665009e+01 6.450000000000000000e+01 6.449999999999998579e+01 6.053125000000000000e+01 5.203535353535353636e+01 5.200000000000000000e+01 4.708045977011494188e+01 3.137908496732026009e+01 3.543683589138134238e+01 4.848698884758364613e+01 4.591703458425313045e+01 4.800253807106599169e+01 5.516666666666666430e+01 6.283908045977011625e+01 5.650000000000000000e+01 5.121586715867158546e+01 2.099444885011894613e+01 2.232353385731559925e+01 2.992279411764705799e+01 0.000000000000000000e+00 2.924999999999999645e+01 5.286274509803921262e+01 3.867968750000000000e+01 3.160000000000000142e+01 3.467741935483871174e+01 0.000000000000000000e+00 0.000000000000000000e+00 0.000000000000000000e+00 0.000000000000000000e+00 7.200000000000000000e+01 6.625000000000000000e+01 8.350000000000000000e+01 4.849999999999996447e+01 5.215624999999995737e+01 0.000000000000000000e+00 0.000000000000000000e+00 5.649999999999997868e+01 4.819999999999996732e+01 3.343749999999998579e+01 3.245454545454544615e+01 0.000000000000000000e+00 0.000000000000000000e+00 0.000000000000000000e+00 0.000000000000000000e+00 0.000000000000000000e+00 0.000000000000000000e+00 0.000000000000000000e+00 0.000000000000000000e+00 0.000000000000000000e+00 0.000000000000000000e+00 0.000000000000000000e+00 0.000000000000000000e+00 0.000000000000000000e+00 0.000000000000000000e+00 6.199999999999996447e+01 0.000000000000000000e+00 0.000000000000000000e+00 0.000000000000000000e+00 0.000000000000000000e+00 4.129999999999996163e+01 4.869999999999999574e+01 7.350000000000001421e+01 0.000000000000000000e+00 0.000000000000000000e+00 0.000000000000000000e+00 0.000000000000000000e+00 0.000000000000000000e+00 4.974999999999997868e+01
0.000000000000000000e+00 0.000000000000000000e+00 0.000000000000000000e+00 4.996801705756927170e+00 1.519539911308203450e+01 2.326572986577180302e+01 3.645930232558137618e+01 2.484430832057171301e+01 3.066394001363326183e+01 1.559076225383611281e+01 2.320053699284009596e+01 1.506022364217252196e+01 2.191584053997047121e+01 1.337122416534180935e+01 2.945749279538904020e+01 2.247622237106496002e+01 1.963515482695809666e+01 1.809460167714884093e+01 3.631581160639193939e+01 0.000000000000000000e+00 5.699999999999997868e+01 0.000000000000000000e+00 8.549999999999994316e+01 0.000000000000000000e+00 4.892857142857143060e+01 5.557031250000000000e+01 5.300000000000000000e+01 5.653333333333333854e+01 3.355060422960725219e+01 4.543427620632279229e+01 5.792857142857143060e+01 4.508675078864353480e+01 4.293478260869564878e+01 6.309999999999998721e+01 7.572727272727273373e+01 6.466666666666667140e+01 6.089999999999999858e+01 2.563116016427104071e+01 2.918783386752135200e+01 3.471146245059288304e+01 0.000000000000000000e+00 3.041379310344828113e+01 7.116666666666664298e+01 4.101276595744680975e+01 3.361267605633801736e+01 3.871045576407506417e+01 5.899999999999991473e+01 5.399999999999997158e+01 4.433333333333327886e+01 0.000000000000000000e+00 5.256249999999995026e+01 4.759999999999993037e+01 4.532608695652169928e+01 5.046153846153843858e+01 1.064150943396225735e+01 5.369999999999997442e+01 0.000000000000000000e+00 5.450000000000001421e+01 3.352380952380949708e+01 3.005357142857140929e+01 3.093749999999998224e+01 7.199999999999994316e+01 0.000000000000000000e+00 0.000000000000000000e+00 0.000000000000000000e+00 0.000000000000000000e+00 0.000000000000000000e+00 0.000000000000000000e+00 0.000000000000000000e+00 0.000000000000000000e+00 0.000000000000000000e+00 0.000000000000000000e+00 6.049999999999997158e+01 0.000000000000000000e+00 3.850000000000000000e+01 5.433333333333331439e+01 0.000000000000000000e+00 0.000000000000000000e+00 0.000000000000000000e+00 0.000000000000000000e+00 4.047222222222218591e+01 5.035714285714281147e+01 5.149999999999999289e+01 0.000000000000000000e+00 0.000000000000000000e+00 0.000000000000000000e+00 4.850000000000000000e+01 4.469999999999995310e+01 5.049999999999996447e+01
0.000000000000000000e+00 0.000000000000000000e+00 0.000000000000000000e+00 9.449999999999997158e+01 5.314285714285711748e+01 5.615217391304345540e+01 5.104716981132073528e+01 4.037378640776697836e+01 1.100761163734776638e+01 4.998698884758363192e+01 1.810893246187363914e+01 2.191584053997047121e+01 1.445199185053535373e+01 8.201310083956087738e+00 2.408072916666666785e+01 4.900813008130078430e+01 3.993055555555552871e+01 2.200462427745664584e+01 3.724097938144330300e+01 5.700000000000000000e+01 5.266265060240964146e+01 5.023809523809524080e+01 6.654545454545451832e+01 6.847222222222220012e+01 5.173913043478260931e+01 2.896399176954732368e+01 4.545121951219512368e+01 4.178030303030303116e+01 1.960828263921385073e+01 2.765190895741556432e+01 4.278828828828828534e+01 3.109308943089430954e+01 3.987701317715958993e+01 4.835227272727274084e+01 5.771363636363636118e+01 5.018181818181817988e+01 4.730190930787589565e+01 2.395396505376344010e+01 2.482070001035518914e+01 2.953659286592866806e+01 0.000000000000000000e+00 2.588482632541134265e+01 4.823722627737226532e+01 3.719213732004429573e+01 6.699999999999992895e+01 3.595600000000000307e+01 0.000000000000000000e+00 0.000000000000000000e+00 0.000000000000000000e+00 0.000000000000000000e+00 0.000000000000000000e+00 0.000000000000000000e+00 7.699999999999997158e+01 0.000000000000000000e+00 7.283333333333330017e+01 5.137499999999998579e+01 3.350000000000000711e+01 5.550000000000001421e+01 7.099999999999997158e+01 4.359999999999995879e+01 4.211111111111110006e+01 4.487500000000000000e+01 0.000000000000000000e+00 0.000000000000000000e+00 0.000000000000000000e+00 0.000000000000000000e+00 0.000000000000000000e+00 0.000000000000000000e+00 0.000000000000000000e+00 0.000000000000000000e+00 0.000000000000000000e+00 4.249999999999997868e+01 6.399999999999995737e+01 8.250000000000000000e+01 0.000000000000000000e+00 0.000000000000000000e+00 0.000000000000000000e+00 0.000000000000000000e+00 0.000000000000000000e+00 0.000000000000000000e+00 6.237499999999995737e+01 5.739999999999999147e+01 5.874999999999997868e+01 0.000000000000000000e+00 4.900000000000000000e+01 5.100000000000000000e+01 5.849999999999998579e+01 7.949999999999991473e+01 0.000000000000000000e+00
0.000000000000000000e+00 0.000000000000000000e+00 0.000000000000000000e+00 0.000000000000000000e+00 8.299999999999991473e+01 0.000000000000000000e+00 0.000000000000000000e+00 7.024999999999995737e+01 4.649999999999999289e+01 4.736046511627904465e+01 4.328571428571428470e+01 1.337122416534180935e+01 8.201310083956087738e+00 8.732925764192140505e+00 2.648148148148148096e+01 5.059090909090907928e+01 4.175714285714283136e+01 9.111842105263157521e+00 2.343478260869565943e+01 0.000000000000000000e+00 5.949999999999997158e+01 0.000000000000000000e+00 0.000000000000000000e+00 0.000000000000000000e+00 6.100000000000002132e+01 4.462500000000000000e+01 4.000000000000000000e+01 5.700000000000003553e+01 9.697265625000000000e+00 3.296218487394958174e+01 3.625000000000000711e+01 1.885812133072407093e+01 1.471875000000000000e+01 0.000000000000000000e+00 0.000000000000000000e+00 0.000000000000000000e+00 0.000000000000000000e+00 2.931249999999999289e+01 3.387931034482758719e+01 3.160810810810811589e+01 0.000000000000000000e+00 2.010000000000000142e+01 3.249999999999999289e+01 3.693333333333333002e+01 0.000000000000000000e+00 3.276666666666667282e+01 0.000000000000000000e+00 0.000000000000000000e+00 0.000000000000000000e+00 0.000000000000000000e+00 0.000000000000000000e+00 0.000000000000000000e+00 0.000000000000000000e+00 0.000000000000000000e+00 1.449999999999998757e+01 0.000000000000000000e+00 0.000000000000000000e+00 0.000000000000000000e+00 6.599999999999998579e+01 0.000000000000000000e+00 0.000000000000000000e+00 0.000000000000000000e+00 0.000000000000000000e+00 0.000000000000000000e+00 0.000000000000000000e+00 0.000000000000000000e+00 0.000000000000000000e+00 0.000000000000000000e+00 0.000000000000000000e+00 0.000000000000000000e+00 0.000000000000000000e+00 0.000000000000000000e+00 0.000000000000000000e+00 0.000000000000000000e+00 0.000000000000000000e+00 0.000000000000000000e+00 0.000000000000000000e+00 0.000000000000000000e+00 0.000000000000000000e+00 0.000000000000000000e+00 0.000000000000000000e+00 7.599999999999994316e+01 0.000000000000000000e+00 0.000000000000000000e+00 0.000000000000000000e+00 0.000000000000000000e+00 0.000000000000000000e+00 0.000000000000000000e+00 0.000000000000000000e+00
0.000000000000000000e+00 0.000000000000000000e+00 0.000000000000000000e+00 5.699999999999995737e+01 2.305042016806721605e+01 2.223419203747071649e+01 4.436904761904759908e+01 3.739567809239937901e+01 2.237521764364479537e+01 2.728079534432588460e+01 2.397257769652650694e+01 2.945749279538904020e+01 2.408072916666666785e+01 2.648148148148148096e+01 1.111333654309099295e+01 2.914999999999998792e+01 2.352631578947367430e+01 2.387362637362636875e+01 2.227680221811459660e+01 1.411290322580645018e+01 2.753603603603602679e+01 2.467647058823528639e+01 2.263283828382838436e+01 1.961446540880502099e+01 2.310670356703566952e+01 1.765537190082644514e+01 1.381741573033707660e+01 2.781144067796609320e+01 1.974645823155837832e+01 2.537822719449225062e+01 4.221292372881354993e+01 2.967390634627233581e+01 2.709843081312410717e+01 4.724999999999999289e+01 4.760742187500000000e+01 5.197058823529410176e+01 3.433381088825213823e+01 2.208205128205128176e+01 8.543074616537882804e+00 2.004132231404958375e+01 0.000000000000000000e+00 2.118736842105263207e+01 1.396566757493187971e+01 1.230885780885780889e+01 2.044999999999999218e+01 2.183192090395479568e+01 0.000000000000000000e+00 0.000000000000000000e+00 0.000000000000000000e+00 0.000000000000000000e+00 5.099999999999999289e+01 4.399999999999989342e+01 4.624999999999998579e+01 5.099999999999992895e+01 4.099999999999997868e+01 0.000000000000000000e+00 0.000000000000000000e+00 0.000000000000000000e+00 2.899999999999993250e+01 3.899999999999998579e+01 4.199999999999999289e+01 3.492857142857142350e+01 0.000000000000000000e+00 0.000000000000000000e+00 0.000000000000000000e+00 0.000000000000000000e+00 0.000000000000000000e+00 0.000000000000000000e+00 0.000000000000000000e+00 0.000000000000000000e+00 0.000000000000000000e+00 0.000000000000000000e+00 5.450000000000002132e+01 0.000000000000000000e+00 0.000000000000000000e+00 3.909999999999998721e+01 0.000000000000000000e+00 0.000000000000000000e+00 0.000000000000000000e+00 0.000000000000000000e+00 4.874999999999997158e+01 5.500000000000000711e+01 0.000000000000000000e+00 0.000000000000000000e+00 3.262500000000000000e+01 0.000000000000000000e+00 6.599999999999997158e+01 0.000000000000000000e+00 0.000000000000000000e+00
0.000000000000000000e+00 0.000000000000000000e+00 0.000000000000000000e+00 2.774999999999998224e+01 1.138262056414921908e+01 1.987368421052630652e+01 2.935937499999999289e+01 1.847699004975124026e+01 3.279577464788732044e+01 2.375949720670390164e+01 4.125884955752210459e+01 2.247622237106496002e+01 4.900813008130078430e+01 5.059090909090907928e+01 2.914999999999998792e+01 7.385303096380284593e+00 1.077706113292203760e+01 3.585671342685368046e+01 5.524383477188652591e+01 0.000000000000000000e+00 0.000000000000000000e+00 0.000000000000000000e+00 0.000000000000000000e+00 0.000000000000000000e+00 4.199999999999997158e+01 0.000000000000000000e+00 0.000000000000000000e+00 0.000000000000000000e+00 6.452941176470585560e+01 7.106451612903222781e+01 9.583333333333332860e+01 7.070967741935480433e+01 5.987614678899079479e+01 8.400000000000002842e+01 0.000000000000000000e+00 0.000000000000000000e+00 8.274999999999997158e+01 1.301001669449080822e+01 2.389635130771713278e+01 4.133944954128438809e+01 0.000000000000000000e+00 5.399999999999997158e+01 7.499999999999991473e+01 5.387499999999997158e+01 9.655172413793096098e+00 4.663999999999997925e+01 0.000000000000000000e+00 3.716666666666660745e+01 3.549999999999997158e+01 0.000000000000000000e+00 3.972727272727268399e+01 3.840624999999995737e+01 3.102857142857138939e+01 5.106249999999997868e+01 3.369230769230767208e+01 4.574999999999995026e+01 4.649999999999997868e+01 0.000000000000000000e+00 1.563333333333332753e+01 2.399999999999998224e+01 3.876470588235291359e+01 5.774999999999995737e+01 0.000000000000000000e+00 0.000000000000000000e+00 0.000000000000000000e+00 0.000000000000000000e+00 0.000000000000000000e+00 0.000000000000000000e+00 0.000000000000000000e+00 5.250000000000000711e+01 0.000000000000000000e+00 6.374999999999997158e+01 5.249999999999999289e+01 0.000000000000000000e+00 8.100000000000000000e+01 5.099999999999995737e+01 0.000000000000000000e+00 0.000000000000000000e+00 0.000000000000000000e+00 0.000000000000000000e+00 3.283999999999997499e+01 3.497777777777774588e+01 4.633333333333330728e+01 0.000000000000000000e+00 0.000000000000000000e+00 0.000000000000000000e+00 4.950000000000000711e+01 1.679999999999998295e+01 5.049999999999995026e+01
0.000000000000000000e+00 0.000000000000000000e+00 0.000000000000000000e+00 4.799999999999997158e+01 3.218292682926828263e+01 3.202777777777776436e+01 4.349999999999997158e+01 1.897596153846152944e+01 2.766198704103670991e+01 2.467588797814206814e+01 2.793089430894308123e+01 1.963515482695809666e+01 3.993055555555552871e+01 4.175714285714283136e+01 2.352631578947367430e+01 1.077706113292203760e+01 1.020421940928269500e+01 2.344691358024689265e+01 4.682401656314696936e+01 0.000000000000000000e+00 1.030000000000000000e+02 0.000000000000000000e+00 0.000000000000000000e+00 0.000000000000000000e+00 0.000000000000000000e+00 5.874999999999997158e+01 6.200000000000000711e+01 7.600000000000000000e+01 5.356451612903224202e+01 6.258139534883719080e+01 7.925000000000000000e+01 6.188362068965516016e+01 5.238114754098358361e+01 0.000000000000000000e+00 7.000000000000004263e+01 0.000000000000000000e+00 0.000000000000000000e+00 1.915308988764044074e+01 2.491049798115745162e+01 3.462893081761005476e+01 0.000000000000000000e+00 3.454166666666665009e+01 0.000000000000000000e+00 4.353333333333332433e+01 2.922727272727271242e+01 4.016249999999998721e+01 0.000000000000000000e+00 3.299999999999997158e+01 4.474999999999997868e+01 0.000000000000000000e+00 3.524999999999996447e+01 3.219230769230765077e+01 3.428431372549015776e+01 3.258620689655170111e+01 3.016923076923074376e+01 4.549999999999995026e+01 0.000000000000000000e+00 5.289999999999997726e+01 2.212500000000000000e+01 1.359558823529411420e+01 2.580434782608694633e+01 4.759999999999998721e+01 0.000000000000000000e+00 0.000000000000000000e+00 0.000000000000000000e+00 0.000000000000000000e+00 0.000000000000000000e+00 0.000000000000000000e+00 5.199999999999998579e+01 0.000000000000000000e+00 0.000000000000000000e+00 4.849999999999997868e+01 6.324999999999995737e+01 0.000000000000000000e+00 6.699999999999992895e+01 5.799999999999998579e+01 0.000000000000000000e+00 0.000000000000000000e+00 0.000000000000000000e+00 6.600000000000000000e+01 2.877272727272724850e+01 3.042968749999998579e+01 3.992857142857140929e+01 0.000000000000000000e+00 3.949999999999998579e+01 0.000000000000000000e+00 0.000000000000000000e+00 3.600000000000000000e+01 3.699999999999996447e+01
