0.000000000000000000e+00 0.000000000000000000e+00 0.000000000000000000e+00 0.000000000000000000e+00 0.000000000000000000e+00 0.000000000000000000e+00 0.000000000000000000e+00 0.000000000000000000e+00 0.000000000000000000e+00 0.000000000000000000e+00 0.000000000000000000e+00 0.000000000000000000e+00 0.000000000000000000e+00 0.000000000000000000e+00 0.000000000000000000e+00 0.000000000000000000e+00 0.000000000000000000e+00 0.000000000000000000e+00 0.000000000000000000e+00 0.000000000000000000e+00 0.000000000000000000e+00 0.000000000000000000e+00 0.000000000000000000e+00 0.000000000000000000e+00 0.000000000000000000e+00 0.000000000000000000e+00 0.000000000000000000e+00 0.000000000000000000e+00 0.000000000000000000e+00 0.000000000000000000e+00 0.000000000000000000e+00 0.000000000000000000e+00 0.000000000000000000e+00 0.000000000000000000e+00 0.000000000000000000e+00 0.000000000000000000e+00 0.000000000000000000e+00 0.000000000000000000e+00 0.000000000000000000e+00 0.000000000000000000e+00 0.000000000000000000e+00 0.000000000000000000e+00 0.000000000000000000e+00 0.000000000000000000e+00 0.000000000000000000e+00 0.000000000000000000e+00 0.000000000000000000e+00 0.000000000000000000e+00 0.000000000000000000e+00 0.000000000000000000e+00 0.000000000000000000e+00 0.000000000000000000e+00 0.000000000000000000e+00 0.000000000000000000e+00 0.000000000000000000e+00 0.000000000000000000e+00 0.000000000000000000e+00 0.000000000000000000e+00 0.000000000000000000e+00 0.000000000000000000e+00 0.000000000000000000e+00 0.000000000000000000e+00 0.000000000000000000e+00 0.000000000000000000e+00 0.000000000000000000e+00 0.000000000000000000e+00 0.000000000000000000e+00 0.000000000000000000e+00 0.000000000000000000e+00 0.000000000000000000e+00 0.000000000000000000e+00 0.000000000000000000e+00 0.000000000000000000e+00 0.000000000000000000e+00 0.000000000000000000e+00 0.000000000000000000e+00 0.000000000000000000e+00 0.000000000000000000e+00 0.000000000000000000e+00 0.000000000000000000e+00 0.000000000000000000e+00 0.000000000000000000e+00 0.000000000000000000e+00 0.000000000000000000e+00 0.000000000000000000e+00 0.000000000000000000e+00 0.000000000000000000e+00 0.000000000000000000e+00 0.000000000000000000e+00
0.000000000000000000e+00 0.000000000000000000e+00 0.000000000000000000e+00 0.000000000000000000e+00 0.000000000000000000e+00 0.000000000000000000e+00 0.000000000000000000e+00 0.000000000000000000e+00 0.000000000000000000e+00 0.000000000000000000e+00 0.000000000000000000e+00 0.000000000000000000e+00 0.000000000000000000e+00 0.000000000000000000e+00 0.000000000000000000e+00 0.000000000000000000e+00 0.000000000000000000e+00 0.000000000000000000e+00 0.000000000000000000e+00 0.000000000000000000e+00 0.000000000000000000e+00 0.000000000000000000e+00 0.000000000000000000e+00 0.000000000000000000e+00 0.000000000000000000e+00 0.000000000000000000e+00 0.000000000000000000e+00 0.000000000000000000e+00 0.000000000000000000e+00 0.000000000000000000e+00 0.000000000000000000e+00 0.000000000000000000e+00 0.000000000000000000e+00 0.000000000000000000e+00 0.000000000000000000e+00 0.000000000000000000e+00 0.000000000000000000e+00 0.000000000000000000e+00 0.000000000000000000e+00 0.000000000000000000e+00 0.000000000000000000e+00 0.000000000000000000e+00 0.000000000000000000e+00 0.000000000000000000e+00 0.000000000000000000e+00 0.000000000000000000e+00 0.000000000000000000e+00 0.000000000000000000e+00 0.000000000000000000e+00 0.000000000000000000e+00 0.000000000000000000e+00 0.000000000000000000e+00 0.000000000000000000e+00 0.000000000000000000e+00 0.000000000000000000e+00 0.000000000000000000e+00 0.000000000000000000e+00 0.000000000000000000e+00 0.000000000000000000e+00 0.000000000000000000e+00 0.000000000000000000e+00 0.000000000000000000e+00 0.000000000000000000e+00 0.000000000000000000e+00 0.000000000000000000e+00 0.000000000000000000e+00 0.000000000000000000e+00 0.000000000000000000e+00 0.000000000000000000e+00 0.000000000000000000e+00 0.000000000000000000e+00 0.000000000000000000e+00 0.000000000000000000e+00 0.000000000000000000e+00 0.000000000000000000e+00 0.000000000000000000e+00 0.000000000000000000e+00 0.000000000000000000e+00 0.000000000000000000e+00 0.000000000000000000e+00 0.000000000000000000e+00 0.000000000000000000e+00 0.000000000000000000e+00 0.000000000000000000e+00 0.000000000000000000e+00 0.000000000000000000e+00 0.000000000000000000e+00 0.000000000000000000e+00 0.000000000000000000e+00
0.000000000000000000e+00 0.000000000000000000e+00 0.000000000000000000e+00 0.000000000000000000e+00 0.000000000000000000e+00 0.000000000000000000e+00 0.000000000000000000e+00 0.000000000000000000e+00 0.000000000000000000e+00 0.000000000000000000e+00 0.000000000000000000e+00 0.000000000000000000e+00 0.000000000000000000e+00 0.000000000000000000e+00 0.000000000000000000e+00 0.000000000000000000e+00 0.000000000000000000e+00 0.000000000000000000e+00 0.000000000000000000e+00 0.000000000000000000e+00 0.000000000000000000e+00 0.000000000000000000e+00 0.000000000000000000e+00 0.000000000000000000e+00 0.000000000000000000e+00 0.000000000000000000e+00 0.000000000000000000e+00 0.000000000000000000e+00 0.000000000000000000e+00 0.000000000000000000e+00 0.000000000000000000e+00 0.000000000000000000e+00 0.000000000000000000e+00 0.000000000000000000e+00 0.000000000000000000e+00 0.000000000000000000e+00 0.000000000000000000e+00 0.000000000000000000e+00 0.000000000000000000e+00 0.000000000000000000e+00 0.000000000000000000e+00 0.000000000000000000e+00 0.000000000000000000e+00 0.000000000000000000e+00 0.000000000000000000e+00 0.000000000000000000e+00 0.000000000000000000e+00 0.000000000000000000e+00 0.000000000000000000e+00 0.000000000000000000e+00 0.000000000000000000e+00 0.000000000000000000e+00 0.000000000000000000e+00 0.000000000000000000e+00 0.000000000000000000e+00 0.000000000000000000e+00 0.000000000000000000e+00 0.000000000000000000e+00 0.000000000000000000e+00 0.000000000000000000e+00 0.000000000000000000e+00 0.000000000000000000e+00 0.000000000000000000e+00 0.000000000000000000e+00 0.000000000000000000e+00 0.000000000000000000e+00 0.000000000000000000e+00 0.000000000000000000e+00 0.000000000000000000e+00 0.000000000000000000e+00 0.000000000000000000e+00 0.000000000000000000e+00 0.000000000000000000e+00 0.000000000000000000e+00 0.000000000000000000e+00 0.000000000000000000e+00 0.000000000000000000e+00 0.000000000000000000e+00 0.000000000000000000e+00 0.000000000000000000e+00 0.000000000000000000e+00 0.000000000000000000e+00 0.000000000000000000e+00 0.000000000000000000e+00 0.000000000000000000e+00 0.000000000000000000e+00 0.000000000000000000e+00 0.000000000000000000e+00 0.000000000000000000e+00
0.000000000000000000e+00 0.000000000000000000e+00 0.000000000000000000e+00 3.735494880546074370e+00 7.352044352044349473e+00 1.255842558425583810e+01 3.199999999999999289e+01 3.156382978723403454e+01 4.524999999999997868e+01 1.135765124555159744e+01 5.179999999999994031e+01 5.914685908319183838e+00 0.000000000000000000e+00 0.000000000000000000e+00 4.555555555555553582e+01 3.155555555555554292e+01 0.000000000000000000e+00 5.749999999999999289e+01 0.000000000000000000e+00 0.000000000000000000e+00 0.000000000000000000e+00 0.000000000000000000e+00 0.000000000000000000e+00 0.000000000000000000e+00 0.000000000000000000e+00 0.000000000000000000e+00 0.000000000000000000e+00 0.000000000000000000e+00 0.000000000000000000e+00 6.199999999999995737e+01 0.000000000000000000e+00 0.000000000000000000e+00 9.100000000000002842e+01 0.000000000000000000e+00 0.000000000000000000e+00 0.000000000000000000e+00 0.000000000000000000e+00 3.137499999999997868e+01 3.222826086956519021e+01 0.000000000000000000e+00 0.000000000000000000e+00 5.749999999999994316e+01 0.000000000000000000e+00 0.000000000000000000e+00 3.449999999999998579e+01 0.000000000000000000e+00 0.000000000000000000e+00 0.000000000000000000e+00 0.000000000000000000e+00 0.000000000000000000e+00 0.000000000000000000e+00 0.000000000000000000e+00 0.000000000000000000e+00 0.000000000000000000e+00 0.000000000000000000e+00 0.000000000000000000e+00 0.000000000000000000e+00 0.000000000000000000e+00 0.000000000000000000e+00 0.000000000000000000e+00 0.000000000000000000e+00 0.000000000000000000e+00 0.000000000000000000e+00 0.000000000000000000e+00 0.000000000000000000e+00 0.000000000000000000e+00 0.000000000000000000e+00 0.000000000000000000e+00 0.000000000000000000e+00 0.000000000000000000e+00 0.000000000000000000e+00 0.000000000000000000e+00 0.000000000000000000e+00 0.000000000000000000e+00 0.000000000000000000e+00 0.000000000000000000e+00 0.000000000000000000e+00 0.000000000000000000e+00 0.000000000000000000e+00 0.000000000000000000e+00 0.000000000000000000e+00 0.000000000000000000e+00 0.000000000000000000e+00 0.000000000000000000e+00 0.000000000000000000e+00 0.000000000000000000e+00 0.000000000000000000e+00 0.000000000000000000e+00 0.000000000000000000e+00
0.000000000000000000e+00 0.000000000000000000e+00 0.000000000000000000e+00 7.352044352044349473e+00 1.006899501069137060e+01 9.605371130175303307e+00 2.883333333333331794e+01 2.489890710382512751e+01 4.475000000000000000e+01 1.516386138613860801e+01 5.051724137931032743e+01 1.518760469011725078e+01 5.350000000000000000e+01 5.983333333333333570e+01 3.072826086956520797e+01 1.245863970588234615e+01 3.029090909090908568e+01 4.841935483870967261e+01 6.485937499999995737e+01 0.000000000000000000e+00 0.000000000000000000e+00 0.000000000000000000e+00 0.000000000000000000e+00 0.000000000000000000e+00 5.399999999999995026e+01 6.724999999999998579e+01 0.000000000000000000e+00 0.000000000000000000e+00 7.849999999999995737e+01 7.624999999999995737e+01 7.874999999999994316e+01 8.478124999999997158e+01 7.291666666666662877e+01 0.000000000000000000e+00 0.000000000000000000e+00 0.000000000000000000e+00 4.399999999999999289e+01 1.137378875968991743e+01 1.859719222462201671e+01 2.716666666666666785e+01 0.000000000000000000e+00 0.000000000000000000e+00 4.349999999999995737e+01 2.637499999999999289e+01 5.507507507507505728e+00 8.676470588235293491e+00 0.000000000000000000e+00 2.999999999999998579e+01 0.000000000000000000e+00 0.000000000000000000e+00 0.000000000000000000e+00 0.000000000000000000e+00 4.049999999999998579e+01 0.000000000000000000e+00 3.649999999999993605e+01 0.000000000000000000e+00 0.000000000000000000e+00 0.000000000000000000e+00 2.730769230769228884e+01 2.349999999999995737e+01 0.000000000000000000e+00 5.759999999999998721e+01 0.000000000000000000e+00 0.000000000000000000e+00 0.000000000000000000e+00 0.000000000000000000e+00 0.000000000000000000e+00 0.000000000000000000e+00 0.000000000000000000e+00 0.000000000000000000e+00 0.000000000000000000e+00 0.000000000000000000e+00 0.000000000000000000e+00 0.000000000000000000e+00 0.000000000000000000e+00 0.000000000000000000e+00 0.000000000000000000e+00 0.000000000000000000e+00 0.000000000000000000e+00 0.000000000000000000e+00 1.866666666666665009e+01 5.016666666666663588e+01 0.000000000000000000e+00 0.000000000000000000e+00 1.700000000000000711e+01 0.000000000000000000e+00 0.000000000000000000e+00 1.449999999999998224e+01 0.000000000000000000e+00
0.000000000000000000e+00 0.000000000000000000e+00 0.000000000000000000e+00 1.255842558425583810e+01 9.605371130175303307e+00 1.359383667180276767e+01 1.128288043478260505e+01 1.474173188588739514e+01 3.318709677419353454e+01 1.821056298773689264e+01 4.042741935483869753e+01 2.670187699680510107e+01 5.453086419753083902e+01 6.299999999999996447e+01 2.589184177997526959e+01 2.059169363538294917e+01 3.237499999999999289e+01 5.187499999999997868e+01 6.774999999999998579e+01 0.000000000000000000e+00 0.000000000000000000e+00 0.000000000000000000e+00 4.499999999999997868e+01 3.849999999999999289e+01 4.508333333333330728e+01 5.128571428571427049e+01 0.000000000000000000e+00 7.574999999999995737e+01 6.213999999999997215e+01 6.237499999999997868e+01 7.458823529411762365e+01 7.917777777777774872e+01 7.226923076923074518e+01 7.349999999999997158e+01 9.700000000000000000e+01 0.000000000000000000e+00 8.874999999999998579e+01 1.703521505376343725e+01 1.875679639029891987e+01 2.480113636363635266e+01 0.000000000000000000e+00 4.432142857142855519e+01 3.986363636363634555e+01 2.043181818181818343e+01 1.761290322580644485e+01 3.929999999999999005e+01 0.000000000000000000e+00 3.899999999999995026e+01 4.749999999999997868e+01 0.000000000000000000e+00 0.000000000000000000e+00 0.000000000000000000e+00 4.599999999999996447e+01 0.000000000000000000e+00 4.599999999999994316e+01 6.749999999999997158e+01 0.000000000000000000e+00 0.000000000000000000e+00 3.787499999999997868e+01 3.375000000000000000e+01 6.483333333333327175e+01 0.000000000000000000e+00 0.000000000000000000e+00 0.000000000000000000e+00 0.000000000000000000e+00 0.000000000000000000e+00 0.000000000000000000e+00 0.000000000000000000e+00 0.000000000000000000e+00 0.000000000000000000e+00 0.000000000000000000e+00 0.000000000000000000e+00 0.000000000000000000e+00 0.000000000000000000e+00 0.000000000000000000e+00 0.000000000000000000e+00 0.000000000000000000e+00 0.000000000000000000e+00 0.000000000000000000e+00 0.000000000000000000e+00 2.671428571428568333e+01 0.000000000000000000e+00 0.000000000000000000e+00 0.000000000000000000e+00 0.000000000000000000e+00 0.000000000000000000e+00 0.000000000000000000e+00 2.991666666666664298e+01 0.000000000000000000e+00
0.000000000000000000e+00 0.000000000000000000e+00 0.000000000000000000e+00 3.199999999999999289e+01 2.883333333333331794e+01 1.128288043478260505e+01 7.988697788697786351e+00 6.932494279176198759e+00 2.359999999999998721e+01 1.278512518409425169e+01 4.431818181818178459e+01 3.612837837837836474e+01 4.874999999999997868e+01 0.000000000000000000e+00 4.234810126582276268e+01 3.011764705882351478e+01 4.399999999999996447e+01 6.749999999999994316e+01 0.000000000000000000e+00 0.000000000000000000e+00 0.000000000000000000e+00 0.000000000000000000e+00 0.000000000000000000e+00 3.649999999999996447e+01 0.000000000000000000e+00 0.000000000000000000e+00 0.000000000000000000e+00 0.000000000000000000e+00 5.837500000000000000e+01 5.227777777777775015e+01 7.399999999999992895e+01 7.774999999999997158e+01 0.000000000000000000e+00 0.000000000000000000e+00 0.000000000000000000e+00 0.000000000000000000e+00 0.000000000000000000e+00 3.212499999999997868e+01 2.730635838150287498e+01 0.000000000000000000e+00 0.000000000000000000e+00 0.000000000000000000e+00 4.949999999999990763e+01 6.700000000000001421e+01 3.000000000000001066e+01 0.000000000000000000e+00 0.000000000000000000e+00 0.000000000000000000e+00 0.000000000000000000e+00 0.000000000000000000e+00 0.000000000000000000e+00 0.000000000000000000e+00 0.000000000000000000e+00 0.000000000000000000e+00 0.000000000000000000e+00 0.000000000000000000e+00 0.000000000000000000e+00 0.000000000000000000e+00 0.000000000000000000e+00 0.000000000000000000e+00 0.000000000000000000e+00 0.000000000000000000e+00 0.000000000000000000e+00 0.000000000000000000e+00 0.000000000000000000e+00 0.000000000000000000e+00 0.000000000000000000e+00 0.000000000000000000e+00 0.000000000000000000e+00 0.000000000000000000e+00 0.000000000000000000e+00 0.000000000000000000e+00 0.000000000000000000e+00 0.000000000000000000e+00 0.000000000000000000e+00 0.000000000000000000e+00 0.000000000000000000e+00 0.000000000000000000e+00 0.000000000000000000e+00 0.000000000000000000e+00 0.000000000000000000e+00 0.000000000000000000e+00 0.000000000000000000e+00 0.000000000000000000e+00 0.000000000000000000e+00 0.000000000000000000e+00 0.000000000000000000e+00 0.000000000000000000e+00 0.000000000000000000e+00
0.000000000000000000e+00 0.000000000000000000e+00 0.000000000000000000e+00 3.156382978723403454e+01 2.489890710382512751e+01 1.474173188588739514e+01 6.932494279176198759e+00 8.564181556787838545e+00 9.860286028602859076e+00 1.987342265150334342e+01 3.530188679245281946e+01 2.529509559434745114e+01 3.984969325153372921e+01 5.099999999999997158e+01 3.712587006960555414e+01 1.980718475073313201e+01 2.402380952380951484e+01 4.935714285714283989e+01 6.349999999999997158e+01 0.000000000000000000e+00 6.399999999999996447e+01 0.000000000000000000e+00 0.000000000000000000e+00 8.749999999999997158e+01 0.000000000000000000e+00 6.674999999999997158e+01 4.150000000000002842e+01 6.024999999999999289e+01 4.968518518518517624e+01 4.349999999999997868e+01 6.842307692307690559e+01 6.727631578947364233e+01 6.507142857142855519e+01 7.050000000000000000e+01 7.233333333333330017e+01 0.000000000000000000e+00 7.119999999999996021e+01 2.824999999999998579e+01 2.543356643356641911e+01 3.468749999999998579e+01 0.000000000000000000e+00 4.750000000000000711e+01 0.000000000000000000e+00 8.199999999999998579e+01 3.159523809523808069e+01 4.312499999999996447e+01 0.000000000000000000e+00 0.000000000000000000e+00 4.599999999999998579e+01 0.000000000000000000e+00 0.000000000000000000e+00 0.000000000000000000e+00 3.849999999999994316e+01 0.000000000000000000e+00 4.016666666666663588e+01 0.000000000000000000e+00 0.000000000000000000e+00 0.000000000000000000e+00 2.474999999999998224e+01 2.466666666666665364e+01 0.000000000000000000e+00 7.624999999999997158e+01 0.000000000000000000e+00 0.000000000000000000e+00 0.000000000000000000e+00 0.000000000000000000e+00 0.000000000000000000e+00 0.000000000000000000e+00 0.000000000000000000e+00 0.000000000000000000e+00 0.000000000000000000e+00 0.000000000000000000e+00 0.000000000000000000e+00 0.000000000000000000e+00 0.000000000000000000e+00 0.000000000000000000e+00 0.000000000000000000e+00 0.000000000000000000e+00 0.000000000000000000e+00 0.000000000000000000e+00 0.000000000000000000e+00 4.566666666666662167e+01 0.000000000000000000e+00 0.000000000000000000e+00 0.000000000000000000e+00 0.000000000000000000e+00 0.000000000000000000e+00 2.850000000000003553e+01 0.000000000000000000e+00
0.000000000000000000e+00 0.000000000000000000e+00 0.000000000000000000e+00 4.524999999999997868e+01 4.475000000000000000e+01 3.318709677419353454e+01 2.359999999999998721e+01 9.860286028602859076e+00 1.211191127754572960e+01 2.136692015209125017e+01 2.343014128728414391e+01 3.107823129251700678e+01 1.096904557179707318e+01 6.474999999999997158e+01 2.316814159292034603e+01 3.277644569816643383e+01 2.695463709677419217e+01 3.995238095238092768e+01 5.875000000000000000e+01 0.000000000000000000e+00 6.262499999999998579e+01 6.557142857142856940e+01 6.949999999999998579e+01 0.000000000000000000e+00 5.399999999999999289e+01 5.112820512820511709e+01 4.600000000000001421e+01 4.751041666666666430e+01 2.720816326530611562e+01 2.723509526736323494e+01 5.080395136778115273e+01 5.424473684210526159e+01 5.175806451612903203e+01 5.908333333333333570e+01 6.304166666666666430e+01 5.833333333333333570e+01 5.695901639344262435e+01 2.354487179487179560e+01 1.770143415906127871e+01 4.160526315789473273e+01 0.000000000000000000e+00 0.000000000000000000e+00 6.293749999999998579e+01 5.587500000000000000e+01 4.791666666666665009e+01 3.649999999999998579e+01 0.000000000000000000e+00 4.533333333333331439e+01 5.299999999999997158e+01 0.000000000000000000e+00 6.224999999999999289e+01 0.000000000000000000e+00 5.521428571428570109e+01 6.249999999999992895e+01 4.495999999999996533e+01 0.000000000000000000e+00 0.000000000000000000e+00 0.000000000000000000e+00 3.899999999999999289e+01 3.260606060606059486e+01 5.083333333333332149e+01 5.899999999999996447e+01 0.000000000000000000e+00 0.000000000000000000e+00 0.000000000000000000e+00 0.000000000000000000e+00 0.000000000000000000e+00 0.000000000000000000e+00 0.000000000000000000e+00 0.000000000000000000e+00 0.000000000000000000e+00 0.000000000000000000e+00 0.000000000000000000e+00 0.000000000000000000e+00 0.000000000000000000e+00 0.000000000000000000e+00 0.000000000000000000e+00 0.000000000000000000e+00 0.000000000000000000e+00 0.000000000000000000e+00 3.785714285714283278e+01 4.625000000000000000e+01 0.000000000000000000e+00 0.000000000000000000e+00 0.000000000000000000e+00 0.000000000000000000e+00 0.000000000000000000e+00 5.100000000000000000e+01 0.000000000000000000e+00
0.000000000000000000e+00 0.000000000000000000e+00 0.000000000000000000e+00 1.135765124555159744e+01 1.516386138613860801e+01 1.821056298773689264e+01 1.278512518409425169e+01 1.987342265150334342e+01 2.136692015209125017e+01 1.282017847202307692e+01 1.671147880041364431e+01 1.834667937718461417e+01 4.358192955589584727e+01 5.314814814814811683e+01 3.339414414414412846e+01 2.550935251798560444e+01 2.429310344827585055e+01 4.501910828025475553e+01 6.541874999999997442e+01 0.000000000000000000e+00 7.983333333333332860e+01 8.599999999999997158e+01 7.150000000000000000e+01 1.154999999999999716e+02 6.000000000000000000e+01 7.497916666666665719e+01 6.000000000000001421e+01 6.829999999999998295e+01 5.585563380281688239e+01 5.183195876288658610e+01 6.820588235294115975e+01 6.725638841567288750e+01 6.603553299492384099e+01 7.533333333333331439e+01 7.679629629629627630e+01 8.070000000000000284e+01 7.883333333333332860e+01 2.396026700572154056e+01 2.596448087431692642e+01 4.788953488372090561e+01 0.000000000000000000e+00 5.040624999999996447e+01 7.449999999999997158e+01 5.418181818181815146e+01 3.225480769230767208e+01 4.568749999999998579e+01 0.000000000000000000e+00 4.799999999999997868e+01 5.024999999999998579e+01 0.000000000000000000e+00 5.399999999999992895e+01 5.637499999999995026e+01 5.169999999999994600e+01 6.287499999999994316e+01 4.569078947368418397e+01 7.733333333333332860e+01 0.000000000000000000e+00 0.000000000000000000e+00 3.796153846153844569e+01 2.933333333333331439e+01 4.786111111111109295e+01 6.664285714285712459e+01 0.000000000000000000e+00 0.000000000000000000e+00 0.000000000000000000e+00 0.000000000000000000e+00 0.000000000000000000e+00 0.000000000000000000e+00 0.000000000000000000e+00 0.000000000000000000e+00 0.000000000000000000e+00 0.000000000000000000e+00 0.000000000000000000e+00 0.000000000000000000e+00 0.000000000000000000e+00 7.599999999999994316e+01 0.000000000000000000e+00 0.000000000000000000e+00 0.000000000000000000e+00 0.000000000000000000e+00 3.699999999999998579e+01 4.837499999999997868e+01 0.000000000000000000e+00 0.000000000000000000e+00 0.000000000000000000e+00 0.000000000000000000e+00 0.000000000000000000e+00 6.349999999999994316e+01 0.000000000000000000e+00
0.000000000000000000e+00 0.000000000000000000e+00 0.000000000000000000e+00 5.179999999999994031e+01 5.051724137931032743e+01 4.042741935483869753e+01 4.431818181818178459e+01 3.530188679245281946e+01 2.343014128728414391e+01 1.671147880041364431e+01 1.359406952965235149e+01 2.403168331593857232e+01 1.648343504795117553e+01 4.050000000000000000e+01 2.480925507900677118e+01 4.151359516616312817e+01 2.445860284605432611e+01 2.692837465564737442e+01 4.883333333333333570e+01 8.183333333333331439e+01 6.099484536082474051e+01 6.634615384615383959e+01 9.174999999999997158e+01 8.321428571428567977e+01 5.903703703703703809e+01 5.167058823529411882e+01 4.680000000000000426e+01 4.526495726495726757e+01 3.084204368174727051e+01 3.673864836325237349e+01 4.802123252200932058e+01 4.650820868296242594e+01 4.637126137841352147e+01 5.033461538461538254e+01 5.798138957816377115e+01 5.403225806451612812e+01 5.813250000000000028e+01 2.103652392947102712e+01 2.336946418808091863e+01 3.070408163265306101e+01 0.000000000000000000e+00 2.665789473684210265e+01 5.981034482758620641e+01 4.167543859649122595e+01 5.207142857142856940e+01 3.789102564102564230e+01 0.000000000000000000e+00 6.199999999999994316e+01 0.000000000000000000e+00 0.000000000000000000e+00 0.000000000000000000e+00 0.000000000000000000e+00 5.071428571428568688e+01 5.379999999999997584e+01 4.527083333333330728e+01 4.769999999999998863e+01 0.000000000000000000e+00 4.349999999999997868e+01 4.923076923076920508e+01 3.098484848484845955e+01 2.627499999999998792e+01 1.000000000000000568e+02 0.000000000000000000e+00 0.000000000000000000e+00 0.000000000000000000e+00 0.000000000000000000e+00 0.000000000000000000e+00 0.000000000000000000e+00 0.000000000000000000e+00 0.000000000000000000e+00 0.000000000000000000e+00 0.000000000000000000e+00 5.100000000000000000e+01 0.000000000000000000e+00 0.000000000000000000e+00 0.000000000000000000e+00 0.000000000000000000e+00 0.000000000000000000e+00 0.000000000000000000e+00 0.000000000000000000e+00 5.149999999999996447e+01 5.056249999999997158e+01 0.000000000000000000e+00 0.000000000000000000e+00 3.749999999999999289e+01 0.000000000000000000e+00 6.249999999999997158e+01 0.000000000000000000e+00 0.000000000000000000e+00
0.000000000000000000e+00 0.000000000000000000e+00 0.000000000000000000e+00 5.914685908319183838e+00 1.518760469011725078e+01 2.670187699680510107e+01 3.612837837837836474e+01 2.529509559434745114e+01 3.107823129251700678e+01 1.834667937718461417e+01 2.403168331593857232e+01 1.602791622224376766e+01 2.397494758909853374e+01 1.404730605443436176e+01 3.183747412008280975e+01 2.370012037315677844e+01 1.940562967783923654e+01 2.242173746651358002e+01 3.961271929824561511e+01 0.000000000000000000e+00 8.766666666666667140e+01 0.000000000000000000e+00 0.000000000000000000e+00 7.624999999999997158e+01 0.000000000000000000e+00 6.842499999999999716e+01 5.566666666666665009e+01 6.296428571428570820e+01 3.324242424242424221e+01 4.401085776330076271e+01 6.287500000000000000e+01 4.649383047210300646e+01 3.948399146211312427e+01 5.779999999999999716e+01 8.091666666666664298e+01 5.450000000000002842e+01 7.806250000000000000e+01 2.452456594015514213e+01 2.932319370567374506e+01 3.234280742459397828e+01 0.000000000000000000e+00 3.267424242424242209e+01 7.416666666666664298e+01 4.409230769230769198e+01 3.638311688311686254e+01 4.087500000000000000e+01 0.000000000000000000e+00 3.899999999999998579e+01 4.678124999999997158e+01 0.000000000000000000e+00 5.083333333333331439e+01 4.449999999999995737e+01 4.869696969696965283e+01 4.678571428571427759e+01 1.789718614718613665e+01 5.416666666666663588e+01 2.975000000000000355e+01 4.074999999999994316e+01 3.070359281437124110e+01 2.685752688172041047e+01 2.548275862068964415e+01 5.296428571428568688e+01 0.000000000000000000e+00 0.000000000000000000e+00 0.000000000000000000e+00 0.000000000000000000e+00 0.000000000000000000e+00 0.000000000000000000e+00 0.000000000000000000e+00 0.000000000000000000e+00 0.000000000000000000e+00 0.000000000000000000e+00 0.000000000000000000e+00 0.000000000000000000e+00 8.562499999999998579e+01 7.274999999999998579e+01 0.000000000000000000e+00 0.000000000000000000e+00 0.000000000000000000e+00 0.000000000000000000e+00 3.609459459459456099e+01 4.477884615384612488e+01 5.100000000000000000e+01 0.000000000000000000e+00 4.700000000000000000e+01 0.000000000000000000e+00 6.100000000000000000e+01 4.833333333333330728e+01 0.000000000000000000e+00
0.000000000000000000e+00 0.000000000000000000e+00 0.000000000000000000e+00 0.000000000000000000e+00 5.350000000000000000e+01 5.453086419753083902e+01 4.874999999999997868e+01 3.984969325153372921e+01 1.096904557179707318e+01 4.358192955589584727e+01 1.648343504795117553e+01 2.397494758909853374e+01 1.428659489494704005e+01 7.777311839668884730e+00 2.206273674242424221e+01 5.437894736842103072e+01 4.418518518518517624e+01 2.189690170940171043e+01 3.452799999999999869e+01 0.000000000000000000e+00 5.714999999999999858e+01 6.162500000000000711e+01 7.533333333333331439e+01 7.511111111111108585e+01 5.360869565217391397e+01 1.482725060827250552e+01 4.100000000000001421e+01 4.387951807228915868e+01 1.816444328189031410e+01 2.703237464237313503e+01 4.637936772046589340e+01 3.273494860499265968e+01 3.697227533460802817e+01 4.942857142857143060e+01 5.842592592592592382e+01 4.727777777777778567e+01 5.545217391304348098e+01 2.394406614785992105e+01 2.404212200293590840e+01 2.948165965123272514e+01 0.000000000000000000e+00 2.694652406417112189e+01 5.750000000000000000e+01 3.719625246548323361e+01 4.325000000000000000e+01 3.623901098901098550e+01 0.000000000000000000e+00 0.000000000000000000e+00 0.000000000000000000e+00 0.000000000000000000e+00 7.524999999999994316e+01 0.000000000000000000e+00 0.000000000000000000e+00 0.000000000000000000e+00 5.887500000000000000e+01 4.424999999999997158e+01 0.000000000000000000e+00 0.000000000000000000e+00 7.024999999999997158e+01 5.599999999999996447e+01 4.479999999999997584e+01 0.000000000000000000e+00 0.000000000000000000e+00 0.000000000000000000e+00 0.000000000000000000e+00 0.000000000000000000e+00 0.000000000000000000e+00 0.000000000000000000e+00 0.000000000000000000e+00 0.000000000000000000e+00 0.000000000000000000e+00 0.000000000000000000e+00 0.000000000000000000e+00 0.000000000000000000e+00 0.000000000000000000e+00 0.000000000000000000e+00 0.000000000000000000e+00 0.000000000000000000e+00 0.000000000000000000e+00 0.000000000000000000e+00 5.383333333333330728e+01 5.199999999999997868e+01 0.000000000000000000e+00 0.000000000000000000e+00 3.349999999999998579e+01 0.000000000000000000e+00 0.000000000000000000e+00 7.550000000000000000e+01 5.499999999999997868e+01
0.000000000000000000e+00 0.000000000000000000e+00 0.000000000000000000e+00 0.000000000000000000e+00 5.983333333333333570e+01 6.299999999999996447e+01 0.000000000000000000e+00 5.099999999999997158e+01 6.474999999999997158e+01 5.314814814814811683e+01 4.050000000000000000e+01 1.404730605443436176e+01 7.777311839668884730e+00 9.431264449582073439e+00 2.810000000000000142e+01 4.994642857142854098e+01 3.949999999999997158e+01 1.120899470899470884e+01 2.219512195121951592e+01 0.000000000000000000e+00 0.000000000000000000e+00 0.000000000000000000e+00 0.000000000000000000e+00 0.000000000000000000e+00 0.000000000000000000e+00 0.000000000000000000e+00 0.000000000000000000e+00 0.000000000000000000e+00 9.704636233951497104e+00 3.262295081967213406e+01 5.737500000000001421e+01 1.592812499999999964e+01 1.645220588235294201e+01 4.350000000000002132e+01 0.000000000000000000e+00 0.000000000000000000e+00 0.000000000000000000e+00 2.470312499999999289e+01 3.198630136986301409e+01 2.970895522388059717e+01 0.000000000000000000e+00 1.875000000000000000e+01 3.925000000000000000e+01 3.068750000000000000e+01 0.000000000000000000e+00 4.380000000000001137e+01 0.000000000000000000e+00 0.000000000000000000e+00 0.000000000000000000e+00 0.000000000000000000e+00 0.000000000000000000e+00 0.000000000000000000e+00 0.000000000000000000e+00 0.000000000000000000e+00 5.649999999999999289e+01 0.000000000000000000e+00 0.000000000000000000e+00 0.000000000000000000e+00 5.249999999999995026e+01 4.866666666666665009e+01 4.591666666666665719e+01 0.000000000000000000e+00 0.000000000000000000e+00 0.000000000000000000e+00 0.000000000000000000e+00 0.000000000000000000e+00 0.000000000000000000e+00 0.000000000000000000e+00 0.000000000000000000e+00 0.000000000000000000e+00 0.000000000000000000e+00 0.000000000000000000e+00 0.000000000000000000e+00 0.000000000000000000e+00 0.000000000000000000e+00 0.000000000000000000e+00 0.000000000000000000e+00 0.000000000000000000e+00 0.000000000000000000e+00 0.000000000000000000e+00 0.000000000000000000e+00 8.049999999999991473e+01 0.000000000000000000e+00 0.000000000000000000e+00 6.550000000000004263e+01 0.000000000000000000e+00 0.000000000000000000e+00 0.000000000000000000e+00 0.000000000000000000e+00
0.000000000000000000e+00 0.000000000000000000e+00 0.000000000000000000e+00 4.555555555555553582e+01 3.072826086956520797e+01 2.589184177997526959e+01 4.234810126582276268e+01 3.712587006960555414e+01 2.316814159292034603e+01 3.339414414414412846e+01 2.480925507900677118e+01 3.183747412008280975e+01 2.206273674242424221e+01 2.810000000000000142e+01 1.096747314526653660e+01 3.381707317073169605e+01 2.657692307692306954e+01 2.761931818181817633e+01 2.606039603960395823e+01 1.687121212121211400e+01 3.352083333333332149e+01 3.198076923076922284e+01 2.190486486486485873e+01 1.968079584775085422e+01 2.376397966594044675e+01 1.860545023696682421e+01 1.448909090909090658e+01 2.841962616822429055e+01 2.109227195945945965e+01 2.546489001692046372e+01 4.187254901960783116e+01 3.409207161125318919e+01 3.343534482758619220e+01 4.554999999999999716e+01 4.545833333333332149e+01 5.056250000000000000e+01 4.414262295081965704e+01 2.213333333333332931e+01 8.769176423092448047e+00 1.841186440677966019e+01 0.000000000000000000e+00 2.106511627906975903e+01 1.425212557226945798e+01 1.166879795396419439e+01 2.525000000000000355e+01 2.103459821428570464e+01 0.000000000000000000e+00 0.000000000000000000e+00 5.699999999999995737e+01 0.000000000000000000e+00 0.000000000000000000e+00 3.899999999999997868e+01 9.224999999999994316e+01 0.000000000000000000e+00 4.174999999999997868e+01 4.649999999999995737e+01 0.000000000000000000e+00 0.000000000000000000e+00 5.709999999999998721e+01 3.321428571428569398e+01 4.189999999999998437e+01 4.219999999999998153e+01 0.000000000000000000e+00 0.000000000000000000e+00 0.000000000000000000e+00 0.000000000000000000e+00 0.000000000000000000e+00 0.000000000000000000e+00 0.000000000000000000e+00 0.000000000000000000e+00 0.000000000000000000e+00 0.000000000000000000e+00 0.000000000000000000e+00 0.000000000000000000e+00 0.000000000000000000e+00 3.799999999999997158e+01 0.000000000000000000e+00 0.000000000000000000e+00 0.000000000000000000e+00 0.000000000000000000e+00 5.399999999999995026e+01 4.625000000000000711e+01 0.000000000000000000e+00 0.000000000000000000e+00 6.349999999999996447e+01 0.000000000000000000e+00 0.000000000000000000e+00 0.000000000000000000e+00 0.000000000000000000e+00
0.000000000000000000e+00 0.000000000000000000e+00 0.000000000000000000e+00 3.155555555555554292e+01 1.245863970588234615e+01 2.059169363538294917e+01 3.011764705882351478e+01 1.980718475073313201e+01 3.277644569816643383e+01 2.550935251798560444e+01 4.151359516616312817e+01 2.370012037315677844e+01 5.437894736842103072e+01 4.994642857142854098e+01 3.381707317073169605e+01 7.733246584255039302e+00 1.171619496855345588e+01 3.670074074074072001e+01 5.338136200716841984e+01 0.000000000000000000e+00 0.000000000000000000e+00 6.849999999999998579e+01 0.000000000000000000e+00 1.034999999999999574e+02 0.000000000000000000e+00 8.638888888888888573e+01 7.524999999999997158e+01 8.358333333333331439e+01 6.133870967741933811e+01 6.984615384615382538e+01 8.222916666666664298e+01 7.098480243161091607e+01 5.750392156862741899e+01 7.525000000000001421e+01 8.899999999999998579e+01 0.000000000000000000e+00 8.899999999999998579e+01 1.650353982300883615e+01 2.325157747137180309e+01 4.868253968253966235e+01 0.000000000000000000e+00 6.232352941176466743e+01 7.019999999999998863e+01 7.888888888888885731e+01 9.925787106446769315e+00 4.904999999999998295e+01 0.000000000000000000e+00 2.574999999999999645e+01 4.454166666666663588e+01 0.000000000000000000e+00 0.000000000000000000e+00 5.799999999999996447e+01 3.520454545454542483e+01 5.249999999999997868e+01 3.296153846153844569e+01 6.137499999999996447e+01 0.000000000000000000e+00 3.850000000000000000e+01 1.586521739130434305e+01 2.042063492063490671e+01 3.624193548387094665e+01 5.020833333333331439e+01 0.000000000000000000e+00 0.000000000000000000e+00 0.000000000000000000e+00 0.000000000000000000e+00 0.000000000000000000e+00 0.000000000000000000e+00 0.000000000000000000e+00 0.000000000000000000e+00 0.000000000000000000e+00 0.000000000000000000e+00 4.899999999999994316e+01 0.000000000000000000e+00 7.849999999999997158e+01 5.999999999999997868e+01 0.000000000000000000e+00 0.000000000000000000e+00 0.000000000000000000e+00 0.000000000000000000e+00 2.247999999999998622e+01 3.922499999999998010e+01 3.066666666666663943e+01 0.000000000000000000e+00 9.750000000000002842e+01 0.000000000000000000e+00 0.000000000000000000e+00 1.641666666666664653e+01 0.000000000000000000e+00
0.000000000000000000e+00 0.000000000000000000e+00 0.000000000000000000e+00 0.000000000000000000e+00 3.029090909090908568e+01 3.237499999999999289e+01 4.399999999999996447e+01 2.402380952380951484e+01 2.695463709677419217e+01 2.429310344827585055e+01 2.445860284605432611e+01 1.940562967783923654e+01 4.418518518518517624e+01 3.949999999999997158e+01 2.657692307692306954e+01 1.171619496855345588e+01 9.640069384215085080e+00 2.108364312267656615e+01 4.175684931506847875e+01 0.000000000000000000e+00 8.499999999999995737e+01 0.000000000000000000e+00 0.000000000000000000e+00 1.214999999999999716e+02 0.000000000000000000e+00 6.659999999999998010e+01 5.049999999999994316e+01 7.983333333333330017e+01 5.163333333333332575e+01 6.243333333333331581e+01 6.821739130434779952e+01 6.073913043478258800e+01 4.569158878504670440e+01 0.000000000000000000e+00 8.050000000000001421e+01 8.200000000000000000e+01 9.016666666666662877e+01 1.892297979797978869e+01 2.324481481481480571e+01 3.127906976744185386e+01 0.000000000000000000e+00 4.769999999999997442e+01 5.724999999999998579e+01 5.322727272727270531e+01 3.369999999999999574e+01 3.462499999999999289e+01 0.000000000000000000e+00 3.060000000000000142e+01 4.105555555555551450e+01 0.000000000000000000e+00 3.349999999999991473e+01 2.774999999999995026e+01 3.544871794871792758e+01 3.526923076923075229e+01 2.799509803921566942e+01 4.699999999999995737e+01 3.849999999999995026e+01 0.000000000000000000e+00 1.891463414634145934e+01 1.257391304347825312e+01 1.417857142857141284e+01 4.414285714285713169e+01 0.000000000000000000e+00 0.000000000000000000e+00 0.000000000000000000e+00 0.000000000000000000e+00 0.000000000000000000e+00 0.000000000000000000e+00 0.000000000000000000e+00 0.000000000000000000e+00 0.000000000000000000e+00 6.250000000000004974e+01 0.000000000000000000e+00 0.000000000000000000e+00 7.587499999999997158e+01 4.724999999999997158e+01 0.000000000000000000e+00 0.000000000000000000e+00 0.000000000000000000e+00 0.000000000000000000e+00 2.301724137931033809e+01 3.691666666666665719e+01 3.499999999999997158e+01 0.000000000000000000e+00 0.000000000000000000e+00 0.000000000000000000e+00 0.000000000000000000e+00 3.133333333333331794e+01 0.000000000000000000e+00
