0.000000000000000000e+00 0.000000000000000000e+00 0.000000000000000000e+00 0.000000000000000000e+00 0.000000000000000000e+00 0.000000000000000000e+00 0.000000000000000000e+00 0.000000000000000000e+00 0.000000000000000000e+00 0.000000000000000000e+00 0.000000000000000000e+00 0.000000000000000000e+00 0.000000000000000000e+00 0.000000000000000000e+00 0.000000000000000000e+00 0.000000000000000000e+00 0.000000000000000000e+00 0.000000000000000000e+00 0.000000000000000000e+00 0.000000000000000000e+00 0.000000000000000000e+00 0.000000000000000000e+00 0.000000000000000000e+00 0.000000000000000000e+00 0.000000000000000000e+00 0.000000000000000000e+00 0.000000000000000000e+00 0.000000000000000000e+00 0.000000000000000000e+00 0.000000000000000000e+00 0.000000000000000000e+00 0.000000000000000000e+00 0.000000000000000000e+00 0.000000000000000000e+00 0.000000000000000000e+00 0.000000000000000000e+00 0.000000000000000000e+00 0.000000000000000000e+00 0.000000000000000000e+00 0.000000000000000000e+00 0.000000000000000000e+00 0.000000000000000000e+00 0.000000000000000000e+00 0.000000000000000000e+00 0.000000000000000000e+00 0.000000000000000000e+00 0.000000000000000000e+00 0.000000000000000000e+00 0.000000000000000000e+00 0.000000000000000000e+00 0.000000000000000000e+00 0.000000000000000000e+00 0.000000000000000000e+00 0.000000000000000000e+00 0.000000000000000000e+00 0.000000000000000000e+00 0.000000000000000000e+00 0.000000000000000000e+00 0.000000000000000000e+00 0.000000000000000000e+00 0.000000000000000000e+00 0.000000000000000000e+00 0.000000000000000000e+00 0.000000000000000000e+00 0.000000000000000000e+00 0.000000000000000000e+00 0.000000000000000000e+00 0.000000000000000000e+00 0.000000000000000000e+00 0.000000000000000000e+00 0.000000000000000000e+00 0.000000000000000000e+00 0.000000000000000000e+00 0.000000000000000000e+00 0.000000000000000000e+00 0.000000000000000000e+00 0.000000000000000000e+00 0.000000000000000000e+00 0.000000000000000000e+00 0.000000000000000000e+00 0.000000000000000000e+00 0.000000000000000000e+00 0.000000000000000000e+00 0.000000000000000000e+00 0.000000000000000000e+00 0.000000000000000000e+00 0.000000000000000000e+00 0.000000000000000000e+00 0.000000000000000000e+00
0.000000000000000000e+00 0.000000000000000000e+00 0.000000000000000000e+00 0.000000000000000000e+00 0.000000000000000000e+00 0.000000000000000000e+00 0.000000000000000000e+00 0.000000000000000000e+00 0.000000000000000000e+00 0.000000000000000000e+00 0.000000000000000000e+00 0.000000000000000000e+00 0.000000000000000000e+00 0.000000000000000000e+00 0.000000000000000000e+00 0.000000000000000000e+00 0.000000000000000000e+00 0.000000000000000000e+00 0.000000000000000000e+00 0.000000000000000000e+00 0.000000000000000000e+00 0.000000000000000000e+00 0.000000000000000000e+00 0.000000000000000000e+00 0.000000000000000000e+00 0.000000000000000000e+00 0.000000000000000000e+00 0.000000000000000000e+00 0.000000000000000000e+00 0.000000000000000000e+00 0.000000000000000000e+00 0.000000000000000000e+00 0.000000000000000000e+00 0.000000000000000000e+00 0.000000000000000000e+00 0.000000000000000000e+00 0.000000000000000000e+00 0.000000000000000000e+00 0.000000000000000000e+00 0.000000000000000000e+00 0.000000000000000000e+00 0.000000000000000000e+00 0.000000000000000000e+00 0.000000000000000000e+00 0.000000000000000000e+00 0.000000000000000000e+00 0.000000000000000000e+00 0.000000000000000000e+00 0.000000000000000000e+00 0.000000000000000000e+00 0.000000000000000000e+00 0.000000000000000000e+00 0.000000000000000000e+00 0.000000000000000000e+00 0.000000000000000000e+00 0.000000000000000000e+00 0.000000000000000000e+00 0.000000000000000000e+00 0.000000000000000000e+00 0.000000000000000000e+00 0.000000000000000000e+00 0.000000000000000000e+00 0.000000000000000000e+00 0.000000000000000000e+00 0.000000000000000000e+00 0.000000000000000000e+00 0.000000000000000000e+00 0.000000000000000000e+00 0.000000000000000000e+00 0.000000000000000000e+00 0.000000000000000000e+00 0.000000000000000000e+00 0.000000000000000000e+00 0.000000000000000000e+00 0.000000000000000000e+00 0.000000000000000000e+00 0.000000000000000000e+00 0.000000000000000000e+00 0.000000000000000000e+00 0.000000000000000000e+00 0.000000000000000000e+00 0.000000000000000000e+00 0.000000000000000000e+00 0.000000000000000000e+00 0.000000000000000000e+00 0.000000000000000000e+00 0.000000000000000000e+00 0.000000000000000000e+00 0.000000000000000000e+00
0.000000000000000000e+00 0.000000000000000000e+00 0.000000000000000000e+00 0.000000000000000000e+00 0.000000000000000000e+00 0.000000000000000000e+00 0.000000000000000000e+00 0.000000000000000000e+00 0.000000000000000000e+00 0.000000000000000000e+00 0.000000000000000000e+00 0.000000000000000000e+00 0.000000000000000000e+00 0.000000000000000000e+00 0.000000000000000000e+00 0.000000000000000000e+00 0.000000000000000000e+00 0.000000000000000000e+00 0.000000000000000000e+00 0.000000000000000000e+00 0.000000000000000000e+00 0.000000000000000000e+00 0.000000000000000000e+00 0.000000000000000000e+00 0.000000000000000000e+00 0.000000000000000000e+00 0.000000000000000000e+00 0.000000000000000000e+00 0.000000000000000000e+00 0.000000000000000000e+00 0.000000000000000000e+00 0.000000000000000000e+00 0.000000000000000000e+00 0.000000000000000000e+00 0.000000000000000000e+00 0.000000000000000000e+00 0.000000000000000000e+00 0.000000000000000000e+00 0.000000000000000000e+00 0.000000000000000000e+00 0.000000000000000000e+00 0.000000000000000000e+00 0.000000000000000000e+00 0.000000000000000000e+00 0.000000000000000000e+00 0.000000000000000000e+00 0.000000000000000000e+00 0.000000000000000000e+00 0.000000000000000000e+00 0.000000000000000000e+00 0.000000000000000000e+00 0.000000000000000000e+00 0.000000000000000000e+00 0.000000000000000000e+00 0.000000000000000000e+00 0.000000000000000000e+00 0.000000000000000000e+00 0.000000000000000000e+00 0.000000000000000000e+00 0.000000000000000000e+00 0.000000000000000000e+00 0.000000000000000000e+00 0.000000000000000000e+00 0.000000000000000000e+00 0.000000000000000000e+00 0.000000000000000000e+00 0.000000000000000000e+00 0.000000000000000000e+00 0.000000000000000000e+00 0.000000000000000000e+00 0.000000000000000000e+00 0.000000000000000000e+00 0.000000000000000000e+00 0.000000000000000000e+00 0.000000000000000000e+00 0.000000000000000000e+00 0.000000000000000000e+00 0.000000000000000000e+00 0.000000000000000000e+00 0.000000000000000000e+00 0.000000000000000000e+00 0.000000000000000000e+00 0.000000000000000000e+00 0.000000000000000000e+00 0.000000000000000000e+00 0.000000000000000000e+00 0.000000000000000000e+00 0.000000000000000000e+00 0.000000000000000000e+00
0.000000000000000000e+00 0.000000000000000000e+00 0.000000000000000000e+00 5.010914051841744765e+00 6.906371191135732168e+00 1.138239644970413877e+01 2.862499999999998934e+01 2.941666666666665364e+01 3.983333333333332149e+01 1.149410377358490187e+01 4.699999999999998579e+01 4.876832844574780168e+00 0.000000000000000000e+00 0.000000000000000000e+00 4.274999999999994316e+01 3.357142857142854098e+01 0.000000000000000000e+00 0.000000000000000000e+00 7.800000000000001421e+01 0.000000000000000000e+00 0.000000000000000000e+00 0.000000000000000000e+00 0.000000000000000000e+00 0.000000000000000000e+00 0.000000000000000000e+00 0.000000000000000000e+00 0.000000000000000000e+00 0.000000000000000000e+00 0.000000000000000000e+00 0.000000000000000000e+00 0.000000000000000000e+00 0.000000000000000000e+00 0.000000000000000000e+00 0.000000000000000000e+00 0.000000000000000000e+00 0.000000000000000000e+00 0.000000000000000000e+00 2.870161290322577941e+01 3.199374999999998792e+01 6.299999999999991473e+01 0.000000000000000000e+00 0.000000000000000000e+00 0.000000000000000000e+00 0.000000000000000000e+00 3.263636363636360471e+01 0.000000000000000000e+00 0.000000000000000000e+00 0.000000000000000000e+00 0.000000000000000000e+00 0.000000000000000000e+00 0.000000000000000000e+00 0.000000000000000000e+00 0.000000000000000000e+00 0.000000000000000000e+00 0.000000000000000000e+00 0.000000000000000000e+00 0.000000000000000000e+00 0.000000000000000000e+00 0.000000000000000000e+00 0.000000000000000000e+00 0.000000000000000000e+00 0.000000000000000000e+00 0.000000000000000000e+00 0.000000000000000000e+00 0.000000000000000000e+00 0.000000000000000000e+00 0.000000000000000000e+00 0.000000000000000000e+00 0.000000000000000000e+00 0.000000000000000000e+00 0.000000000000000000e+00 0.000000000000000000e+00 0.000000000000000000e+00 0.000000000000000000e+00 0.000000000000000000e+00 0.000000000000000000e+00 0.000000000000000000e+00 0.000000000000000000e+00 0.000000000000000000e+00 0.000000000000000000e+00 0.000000000000000000e+00 0.000000000000000000e+00 0.000000000000000000e+00 0.000000000000000000e+00 0.000000000000000000e+00 0.000000000000000000e+00 0.000000000000000000e+00 0.000000000000000000e+00 0.000000000000000000e+00
0.000000000000000000e+00 0.000000000000000000e+00 0.000000000000000000e+00 6.906371191135732168e+00 1.035051775147928410e+01 1.169816250842885630e+01 2.610280373831774270e+01 2.416974169741695988e+01 3.433124999999997584e+01 1.561887640449437598e+01 4.314285714285713169e+01 1.444530469530469041e+01 5.507142857142853387e+01 0.000000000000000000e+00 3.142857142857141639e+01 1.371997300944668829e+01 2.349999999999999289e+01 4.625000000000000000e+01 6.592857142857141639e+01 0.000000000000000000e+00 0.000000000000000000e+00 0.000000000000000000e+00 0.000000000000000000e+00 0.000000000000000000e+00 0.000000000000000000e+00 5.249999999999997868e+01 0.000000000000000000e+00 4.400000000000001421e+01 7.791666666666664298e+01 7.349999999999998579e+01 0.000000000000000000e+00 8.529999999999995453e+01 7.737499999999994316e+01 0.000000000000000000e+00 0.000000000000000000e+00 0.000000000000000000e+00 0.000000000000000000e+00 1.260374243258116955e+01 1.974139513538318980e+01 3.509523809523808779e+01 0.000000000000000000e+00 4.649999999999998579e+01 0.000000000000000000e+00 3.349999999999997158e+01 6.427646396396392348e+00 1.297727272727272130e+01 0.000000000000000000e+00 0.000000000000000000e+00 0.000000000000000000e+00 0.000000000000000000e+00 4.024999999999996447e+01 0.000000000000000000e+00 3.549999999999997868e+01 0.000000000000000000e+00 5.299999999999997158e+01 6.949999999999994316e+01 0.000000000000000000e+00 0.000000000000000000e+00 2.899999999999998934e+01 4.049999999999997158e+01 4.649999999999997158e+01 0.000000000000000000e+00 0.000000000000000000e+00 0.000000000000000000e+00 0.000000000000000000e+00 0.000000000000000000e+00 0.000000000000000000e+00 0.000000000000000000e+00 0.000000000000000000e+00 0.000000000000000000e+00 0.000000000000000000e+00 0.000000000000000000e+00 0.000000000000000000e+00 0.000000000000000000e+00 0.000000000000000000e+00 0.000000000000000000e+00 0.000000000000000000e+00 0.000000000000000000e+00 0.000000000000000000e+00 0.000000000000000000e+00 2.085714285714283278e+01 3.225000000000000000e+01 0.000000000000000000e+00 0.000000000000000000e+00 0.000000000000000000e+00 0.000000000000000000e+00 0.000000000000000000e+00 1.879999999999999361e+01 8.999999999999994671e+00
0.000000000000000000e+00 0.000000000000000000e+00 0.000000000000000000e+00 1.138239644970413877e+01 1.169816250842885630e+01 1.381391778952754024e+01 1.069210439378922572e+01 1.564787430683918146e+01 2.984564643799471284e+01 1.729062159214830174e+01 3.956617647058822484e+01 2.290063810391977484e+01 5.138095238095237249e+01 6.674999999999998579e+01 1.834421768707482414e+01 2.129802955665023845e+01 3.937499999999997158e+01 5.737499999999998579e+01 7.112499999999997158e+01 0.000000000000000000e+00 0.000000000000000000e+00 5.249999999999996447e+01 0.000000000000000000e+00 0.000000000000000000e+00 4.700000000000000000e+01 4.517647058823528283e+01 4.733333333333330728e+01 5.849999999999996447e+01 7.009090909090906507e+01 6.007142857142854098e+01 5.616666666666662877e+01 7.302380952380950419e+01 7.337499999999995737e+01 0.000000000000000000e+00 0.000000000000000000e+00 0.000000000000000000e+00 7.649999999999997158e+01 1.952137266706802166e+01 1.862686188219362293e+01 2.337894736842103782e+01 0.000000000000000000e+00 3.976190476190473788e+01 4.379999999999995453e+01 2.374242424242423155e+01 2.255301204819275895e+01 3.365789473684208843e+01 0.000000000000000000e+00 0.000000000000000000e+00 0.000000000000000000e+00 0.000000000000000000e+00 0.000000000000000000e+00 5.099999999999997158e+01 8.449999999999997158e+01 0.000000000000000000e+00 4.849999999999998579e+01 0.000000000000000000e+00 0.000000000000000000e+00 0.000000000000000000e+00 2.833333333333335702e+01 0.000000000000000000e+00 0.000000000000000000e+00 0.000000000000000000e+00 0.000000000000000000e+00 0.000000000000000000e+00 0.000000000000000000e+00 0.000000000000000000e+00 0.000000000000000000e+00 0.000000000000000000e+00 0.000000000000000000e+00 0.000000000000000000e+00 0.000000000000000000e+00 0.000000000000000000e+00 0.000000000000000000e+00 0.000000000000000000e+00 0.000000000000000000e+00 0.000000000000000000e+00 0.000000000000000000e+00 0.000000000000000000e+00 0.000000000000000000e+00 0.000000000000000000e+00 3.269999999999996021e+01 5.550000000000003553e+01 0.000000000000000000e+00 0.000000000000000000e+00 0.000000000000000000e+00 0.000000000000000000e+00 0.000000000000000000e+00 2.466666666666663232e+01 4.149999999999997158e+01
0.000000000000000000e+00 0.000000000000000000e+00 0.000000000000000000e+00 2.862499999999998934e+01 2.610280373831774270e+01 1.069210439378922572e+01 7.934035087719294665e+00 7.966127401415568521e+00 2.216809116809116276e+01 1.326909090909090239e+01 4.833333333333333570e+01 3.180357142857141284e+01 3.772222222222220012e+01 0.000000000000000000e+00 3.601999999999998892e+01 2.721428571428569398e+01 4.849999999999999289e+01 0.000000000000000000e+00 0.000000000000000000e+00 0.000000000000000000e+00 0.000000000000000000e+00 0.000000000000000000e+00 0.000000000000000000e+00 0.000000000000000000e+00 0.000000000000000000e+00 0.000000000000000000e+00 0.000000000000000000e+00 0.000000000000000000e+00 7.337499999999997158e+01 4.766666666666669272e+01 0.000000000000000000e+00 0.000000000000000000e+00 8.116666666666667140e+01 0.000000000000000000e+00 0.000000000000000000e+00 0.000000000000000000e+00 0.000000000000000000e+00 3.163636363636361537e+01 2.861111111111110006e+01 3.074999999999999289e+01 0.000000000000000000e+00 6.049999999999998579e+01 0.000000000000000000e+00 2.949999999999995026e+01 3.285714285714284699e+01 5.550000000000002842e+01 0.000000000000000000e+00 0.000000000000000000e+00 0.000000000000000000e+00 0.000000000000000000e+00 0.000000000000000000e+00 0.000000000000000000e+00 5.850000000000002132e+01 0.000000000000000000e+00 0.000000000000000000e+00 0.000000000000000000e+00 0.000000000000000000e+00 0.000000000000000000e+00 0.000000000000000000e+00 0.000000000000000000e+00 0.000000000000000000e+00 0.000000000000000000e+00 0.000000000000000000e+00 0.000000000000000000e+00 0.000000000000000000e+00 0.000000000000000000e+00 0.000000000000000000e+00 0.000000000000000000e+00 0.000000000000000000e+00 0.000000000000000000e+00 0.000000000000000000e+00 0.000000000000000000e+00 0.000000000000000000e+00 0.000000000000000000e+00 0.000000000000000000e+00 0.000000000000000000e+00 0.000000000000000000e+00 0.000000000000000000e+00 0.000000000000000000e+00 0.000000000000000000e+00 0.000000000000000000e+00 0.000000000000000000e+00 0.000000000000000000e+00 0.000000000000000000e+00 0.000000000000000000e+00 0.000000000000000000e+00 0.000000000000000000e+00 0.000000000000000000e+00 0.000000000000000000e+00
0.000000000000000000e+00 0.000000000000000000e+00 0.000000000000000000e+00 2.941666666666665364e+01 2.416974169741695988e+01 1.564787430683918146e+01 7.966127401415568521e+00 8.750891988323060033e+00 9.553650715342870470e+00 2.072686250221199344e+01 3.048124999999999574e+01 2.426752021563341444e+01 3.450892857142856229e+01 0.000000000000000000e+00 3.371153846153845279e+01 2.161589403973508894e+01 3.462499999999999289e+01 5.699999999999994316e+01 6.342857142857139507e+01 0.000000000000000000e+00 0.000000000000000000e+00 0.000000000000000000e+00 9.199999999999998579e+01 0.000000000000000000e+00 8.100000000000000000e+01 3.099999999999996092e+01 0.000000000000000000e+00 0.000000000000000000e+00 4.976315789473682827e+01 4.555813953488370061e+01 6.149999999999998579e+01 6.338793103448274735e+01 6.423076923076921219e+01 7.250000000000001421e+01 0.000000000000000000e+00 0.000000000000000000e+00 0.000000000000000000e+00 2.473529411764705088e+01 2.488333333333331865e+01 4.325000000000000000e+01 0.000000000000000000e+00 4.049999999999995026e+01 5.049999999999998579e+01 4.149999999999996447e+01 2.864545454545451975e+01 3.589999999999999147e+01 0.000000000000000000e+00 0.000000000000000000e+00 0.000000000000000000e+00 0.000000000000000000e+00 0.000000000000000000e+00 0.000000000000000000e+00 0.000000000000000000e+00 0.000000000000000000e+00 0.000000000000000000e+00 0.000000000000000000e+00 0.000000000000000000e+00 0.000000000000000000e+00 2.749999999999999645e+01 0.000000000000000000e+00 0.000000000000000000e+00 7.300000000000000000e+01 0.000000000000000000e+00 0.000000000000000000e+00 0.000000000000000000e+00 0.000000000000000000e+00 0.000000000000000000e+00 0.000000000000000000e+00 0.000000000000000000e+00 0.000000000000000000e+00 0.000000000000000000e+00 0.000000000000000000e+00 0.000000000000000000e+00 0.000000000000000000e+00 0.000000000000000000e+00 0.000000000000000000e+00 0.000000000000000000e+00 0.000000000000000000e+00 0.000000000000000000e+00 0.000000000000000000e+00 4.999999999999991473e+01 0.000000000000000000e+00 0.000000000000000000e+00 0.000000000000000000e+00 0.000000000000000000e+00 0.000000000000000000e+00 0.000000000000000000e+00 0.000000000000000000e+00 0.000000000000000000e+00
0.000000000000000000e+00 0.000000000000000000e+00 0.000000000000000000e+00 3.983333333333332149e+01 3.433124999999997584e+01 2.984564643799471284e+01 2.216809116809116276e+01 9.553650715342870470e+00 1.316311824434981759e+01 2.087611258118835167e+01 2.446624803767660694e+01 3.032565130260520192e+01 1.026200640341515502e+01 0.000000000000000000e+00 2.272815533980582003e+01 2.972727272727272307e+01 2.319999999999999574e+01 4.828571428571427759e+01 5.002777777777777857e+01 0.000000000000000000e+00 6.150000000000000000e+01 4.499999999999998579e+01 5.324999999999999289e+01 8.099999999999997158e+01 5.030000000000000426e+01 5.488888888888887863e+01 2.744999999999999574e+01 4.168750000000000000e+01 2.141783216783216659e+01 2.390074525745256295e+01 4.853571428571428470e+01 5.170698924731182444e+01 5.283620689655171532e+01 0.000000000000000000e+00 5.950000000000002132e+01 6.166666666666666430e+01 5.469230769230769340e+01 1.883028083028082733e+01 1.650443318556047601e+01 2.775454545454544686e+01 0.000000000000000000e+00 2.799999999999998934e+01 6.366666666666665009e+01 4.487500000000000000e+01 4.224999999999998579e+01 3.078947368421053099e+01 0.000000000000000000e+00 0.000000000000000000e+00 0.000000000000000000e+00 0.000000000000000000e+00 0.000000000000000000e+00 3.949999999999992184e+01 4.714285714285711748e+01 5.149999999999996447e+01 0.000000000000000000e+00 0.000000000000000000e+00 0.000000000000000000e+00 0.000000000000000000e+00 3.600000000000001421e+01 3.185714285714285765e+01 6.199999999999999289e+01 7.499999999999997158e+01 0.000000000000000000e+00 0.000000000000000000e+00 0.000000000000000000e+00 0.000000000000000000e+00 0.000000000000000000e+00 0.000000000000000000e+00 0.000000000000000000e+00 0.000000000000000000e+00 0.000000000000000000e+00 0.000000000000000000e+00 0.000000000000000000e+00 9.049999999999997158e+01 0.000000000000000000e+00 0.000000000000000000e+00 0.000000000000000000e+00 0.000000000000000000e+00 0.000000000000000000e+00 0.000000000000000000e+00 3.424999999999997158e+01 8.049999999999991473e+01 0.000000000000000000e+00 0.000000000000000000e+00 0.000000000000000000e+00 0.000000000000000000e+00 0.000000000000000000e+00 0.000000000000000000e+00 0.000000000000000000e+00
0.000000000000000000e+00 0.000000000000000000e+00 0.000000000000000000e+00 1.149410377358490187e+01 1.561887640449437598e+01 1.729062159214830174e+01 1.326909090909090239e+01 2.072686250221199344e+01 2.087611258118835167e+01 1.370307079532314098e+01 1.453538108224486436e+01 1.619733426867765047e+01 4.029895561357701439e+01 5.376470588235292070e+01 2.757544378698223397e+01 2.459096459096458176e+01 2.442047244094487368e+01 4.848214285714283989e+01 6.059354838709675306e+01 0.000000000000000000e+00 0.000000000000000000e+00 7.699999999999994316e+01 9.900000000000001421e+01 0.000000000000000000e+00 7.099999999999998579e+01 7.849999999999997158e+01 4.925000000000002842e+01 8.349999999999998579e+01 5.671472392638034421e+01 5.357894736842103356e+01 6.024999999999997868e+01 6.493418467583495612e+01 6.409593023255813193e+01 0.000000000000000000e+00 0.000000000000000000e+00 0.000000000000000000e+00 0.000000000000000000e+00 2.281322957198442225e+01 2.564731489015457910e+01 3.708499999999998664e+01 0.000000000000000000e+00 4.237499999999999289e+01 5.519999999999997442e+01 5.236111111111108585e+01 3.104999999999997229e+01 4.177108433734938586e+01 0.000000000000000000e+00 8.049999999999998579e+01 5.624999999999995026e+01 0.000000000000000000e+00 5.249999999999995737e+01 5.195833333333327886e+01 4.899999999999995737e+01 5.583333333333332149e+01 4.322222222222220012e+01 0.000000000000000000e+00 0.000000000000000000e+00 0.000000000000000000e+00 3.192857142857141994e+01 3.249999999999998579e+01 5.550000000000000000e+01 4.499999999999995026e+01 0.000000000000000000e+00 0.000000000000000000e+00 0.000000000000000000e+00 0.000000000000000000e+00 0.000000000000000000e+00 0.000000000000000000e+00 0.000000000000000000e+00 0.000000000000000000e+00 0.000000000000000000e+00 0.000000000000000000e+00 0.000000000000000000e+00 0.000000000000000000e+00 0.000000000000000000e+00 0.000000000000000000e+00 0.000000000000000000e+00 0.000000000000000000e+00 0.000000000000000000e+00 0.000000000000000000e+00 3.577272727272722364e+01 5.358823529411762365e+01 0.000000000000000000e+00 0.000000000000000000e+00 0.000000000000000000e+00 7.200000000000001421e+01 0.000000000000000000e+00 4.087499999999997158e+01 0.000000000000000000e+00
0.000000000000000000e+00 0.000000000000000000e+00 0.000000000000000000e+00 4.699999999999998579e+01 4.314285714285713169e+01 3.956617647058822484e+01 4.833333333333333570e+01 3.048124999999999574e+01 2.446624803767660694e+01 1.453538108224486436e+01 1.269293441361517161e+01 2.364093668690372851e+01 1.561526181353767484e+01 4.655769230769230660e+01 2.191164383561643803e+01 3.526831683168315124e+01 2.374133558748942718e+01 2.859139784946235707e+01 4.727727272727272378e+01 0.000000000000000000e+00 5.387499999999998579e+01 5.549999999999997158e+01 0.000000000000000000e+00 0.000000000000000000e+00 7.049999999999998579e+01 5.720000000000000284e+01 6.324999999999998579e+01 5.120833333333333570e+01 3.169052631578947299e+01 3.063399071925753958e+01 4.664062500000000000e+01 4.801928872814949045e+01 4.707157057654075771e+01 5.949999999999998579e+01 5.583333333333333570e+01 6.450000000000001421e+01 5.000000000000000000e+01 1.870874956941094780e+01 2.047426921057238047e+01 2.761898734177215076e+01 0.000000000000000000e+00 3.037209302325581461e+01 5.049999999999999289e+01 3.678571428571428470e+01 4.097368421052629373e+01 3.228629690048939693e+01 0.000000000000000000e+00 0.000000000000000000e+00 6.716666666666664298e+01 0.000000000000000000e+00 6.499999999999998579e+01 4.627419354838706766e+01 5.077083333333329307e+01 4.783064516129029187e+01 4.626086956521736937e+01 5.449999999999997158e+01 5.074999999999995026e+01 5.016666666666662877e+01 4.592857142857140218e+01 3.443055555555552871e+01 3.053333333333332789e+01 6.299999999999999289e+01 0.000000000000000000e+00 0.000000000000000000e+00 0.000000000000000000e+00 0.000000000000000000e+00 0.000000000000000000e+00 0.000000000000000000e+00 0.000000000000000000e+00 0.000000000000000000e+00 0.000000000000000000e+00 8.349999999999998579e+01 0.000000000000000000e+00 0.000000000000000000e+00 8.924999999999997158e+01 7.469999999999997442e+01 0.000000000000000000e+00 0.000000000000000000e+00 0.000000000000000000e+00 0.000000000000000000e+00 4.076666666666665151e+01 4.999999999999998579e+01 4.749999999999998579e+01 0.000000000000000000e+00 4.449999999999997868e+01 0.000000000000000000e+00 0.000000000000000000e+00 5.600000000000000711e+01 6.300000000000000000e+01
0.000000000000000000e+00 0.000000000000000000e+00 0.000000000000000000e+00 4.876832844574780168e+00 1.444530469530469041e+01 2.290063810391977484e+01 3.180357142857141284e+01 2.426752021563341444e+01 3.032565130260520192e+01 1.619733426867765047e+01 2.364093668690372851e+01 1.516311984804617374e+01 2.231892091648189336e+01 1.441424054801738919e+01 3.234642857142856798e+01 2.033090067639728815e+01 1.810638747884940258e+01 2.319107744107743940e+01 4.125078043704474595e+01 0.000000000000000000e+00 7.899999999999997158e+01 0.000000000000000000e+00 8.350000000000000000e+01 9.649999999999995737e+01 1.252499999999999716e+02 6.762500000000000000e+01 5.800000000000000000e+01 6.217857142857143060e+01 3.693540856031128072e+01 4.147412353923205330e+01 5.782608695652174191e+01 4.856705882352940762e+01 4.173673469387755119e+01 5.425000000000000711e+01 0.000000000000000000e+00 6.099999999999999289e+01 5.970000000000000284e+01 2.318039895923676497e+01 2.806035767511176005e+01 3.370871261378413664e+01 0.000000000000000000e+00 2.985000000000000142e+01 7.058333333333331439e+01 4.338461538461538680e+01 3.412626262626260853e+01 3.983689024390243816e+01 0.000000000000000000e+00 3.424999999999997868e+01 4.099999999999995026e+01 0.000000000000000000e+00 5.129999999999996874e+01 4.778124999999996447e+01 5.438775510204077790e+01 5.043939393939390925e+01 1.010822510822510445e+01 4.673076923076921219e+01 1.938235294117646390e+01 5.866666666666666430e+01 2.895454545454543549e+01 3.549999999999998579e+01 3.176470588235292070e+01 5.315624999999997158e+01 0.000000000000000000e+00 0.000000000000000000e+00 0.000000000000000000e+00 0.000000000000000000e+00 0.000000000000000000e+00 0.000000000000000000e+00 0.000000000000000000e+00 0.000000000000000000e+00 0.000000000000000000e+00 4.799999999999998579e+01 0.000000000000000000e+00 0.000000000000000000e+00 7.333333333333330017e+01 8.949999999999992895e+01 0.000000000000000000e+00 0.000000000000000000e+00 0.000000000000000000e+00 0.000000000000000000e+00 3.914999999999999147e+01 5.354166666666663588e+01 5.274999999999999289e+01 0.000000000000000000e+00 4.699999999999997158e+01 0.000000000000000000e+00 0.000000000000000000e+00 5.683333333333329307e+01 6.699999999999997158e+01
0.000000000000000000e+00 0.000000000000000000e+00 0.000000000000000000e+00 0.000000000000000000e+00 5.507142857142853387e+01 5.138095238095237249e+01 3.772222222222220012e+01 3.450892857142856229e+01 1.026200640341515502e+01 4.029895561357701439e+01 1.561526181353767484e+01 2.231892091648189336e+01 1.351062038187061809e+01 8.234796655264158716e+00 2.246223498233216276e+01 5.373913043478260221e+01 3.886075949367087645e+01 2.115413533834586346e+01 4.394293478260869534e+01 6.683333333333331439e+01 6.050000000000000000e+01 6.108333333333330728e+01 6.518750000000000000e+01 8.212499999999997158e+01 5.968181818181817988e+01 2.003672316384180618e+01 3.968181818181818699e+01 4.632926829268292579e+01 1.786322711625033222e+01 2.693284138342277956e+01 4.678629032258064768e+01 3.761028257456828783e+01 4.332712369597615520e+01 5.021875000000000000e+01 6.429999999999999716e+01 5.562500000000001421e+01 5.088181818181818272e+01 2.453879849812265235e+01 2.455536552382468685e+01 2.933877131099354330e+01 0.000000000000000000e+00 2.669108280254777199e+01 6.132142857142856940e+01 3.804047217537943482e+01 0.000000000000000000e+00 3.548587979724837993e+01 0.000000000000000000e+00 6.699999999999991473e+01 0.000000000000000000e+00 0.000000000000000000e+00 0.000000000000000000e+00 6.050000000000000711e+01 6.208333333333331439e+01 5.107142857142854098e+01 4.591666666666662877e+01 5.247499999999998010e+01 5.574999999999998579e+01 5.749999999999998579e+01 5.949999999999997158e+01 5.044999999999997442e+01 3.649999999999998579e+01 5.250000000000001421e+01 0.000000000000000000e+00 0.000000000000000000e+00 0.000000000000000000e+00 0.000000000000000000e+00 0.000000000000000000e+00 0.000000000000000000e+00 0.000000000000000000e+00 0.000000000000000000e+00 0.000000000000000000e+00 0.000000000000000000e+00 0.000000000000000000e+00 0.000000000000000000e+00 8.412499999999998579e+01 6.999999999999997158e+01 0.000000000000000000e+00 0.000000000000000000e+00 0.000000000000000000e+00 0.000000000000000000e+00 3.949999999999999289e+01 5.149999999999998579e+01 4.699999999999997158e+01 0.000000000000000000e+00 4.812499999999999289e+01 0.000000000000000000e+00 6.149999999999997158e+01 0.000000000000000000e+00 0.000000000000000000e+00
0.000000000000000000e+00 0.000000000000000000e+00 0.000000000000000000e+00 0.000000000000000000e+00 0.000000000000000000e+00 6.674999999999998579e+01 0.000000000000000000e+00 0.000000000000000000e+00 0.000000000000000000e+00 5.376470588235292070e+01 4.655769230769230660e+01 1.441424054801738919e+01 8.234796655264158716e+00 9.301389640859051511e+00 3.200000000000000000e+01 5.221428571428570109e+01 3.998148148148147385e+01 9.856435643564354976e+00 2.263636363636364024e+01 0.000000000000000000e+00 0.000000000000000000e+00 0.000000000000000000e+00 0.000000000000000000e+00 0.000000000000000000e+00 6.099999999999995026e+01 4.800000000000000711e+01 0.000000000000000000e+00 0.000000000000000000e+00 1.091415108231482911e+01 3.725862068965518148e+01 7.250000000000001421e+01 1.736923076923076792e+01 1.308999999999999986e+01 0.000000000000000000e+00 0.000000000000000000e+00 0.000000000000000000e+00 0.000000000000000000e+00 2.768750000000000000e+01 3.725675675675676501e+01 3.077272727272727337e+01 0.000000000000000000e+00 1.800000000000000000e+01 0.000000000000000000e+00 3.690625000000000000e+01 0.000000000000000000e+00 3.538636363636363313e+01 0.000000000000000000e+00 0.000000000000000000e+00 0.000000000000000000e+00 0.000000000000000000e+00 0.000000000000000000e+00 0.000000000000000000e+00 0.000000000000000000e+00 0.000000000000000000e+00 2.083333333333333215e+01 0.000000000000000000e+00 0.000000000000000000e+00 0.000000000000000000e+00 0.000000000000000000e+00 0.000000000000000000e+00 0.000000000000000000e+00 0.000000000000000000e+00 0.000000000000000000e+00 0.000000000000000000e+00 0.000000000000000000e+00 0.000000000000000000e+00 0.000000000000000000e+00 0.000000000000000000e+00 0.000000000000000000e+00 0.000000000000000000e+00 0.000000000000000000e+00 0.000000000000000000e+00 0.000000000000000000e+00 0.000000000000000000e+00 0.000000000000000000e+00 0.000000000000000000e+00 0.000000000000000000e+00 0.000000000000000000e+00 0.000000000000000000e+00 0.000000000000000000e+00 6.800000000000000000e+01 0.000000000000000000e+00 0.000000000000000000e+00 0.000000000000000000e+00 0.000000000000000000e+00 0.000000000000000000e+00 0.000000000000000000e+00 0.000000000000000000e+00 0.000000000000000000e+00
0.000000000000000000e+00 0.000000000000000000e+00 0.000000000000000000e+00 4.274999999999994316e+01 3.142857142857141639e+01 1.834421768707482414e+01 3.601999999999998892e+01 3.371153846153845279e+01 2.272815533980582003e+01 2.757544378698223397e+01 2.191164383561643803e+01 3.234642857142856798e+01 2.246223498233216276e+01 3.200000000000000000e+01 1.135465979994057406e+01 3.739999999999999147e+01 3.483898305084743896e+01 2.254439252336448618e+01 2.453732057416267764e+01 1.382911392405063289e+01 2.378158844765342295e+01 2.945108695652172770e+01 2.395198675496688168e+01 1.620892018779341726e+01 2.287499999999999645e+01 2.311423149905122898e+01 2.240125523012551767e+01 2.968562091503267197e+01 2.106845564074479782e+01 2.433988469601677096e+01 4.509924550203132299e+01 3.355534517914360038e+01 3.047322348094746758e+01 5.428571428571427759e+01 5.462359550561795629e+01 5.144166666666664867e+01 4.045384615384614335e+01 2.339492753623187937e+01 8.769796927044158252e+00 1.811654135338345739e+01 0.000000000000000000e+00 2.297329842931936383e+01 1.355979498861048071e+01 1.206612903225806477e+01 3.183333333333331439e+01 2.208137044967880058e+01 0.000000000000000000e+00 0.000000000000000000e+00 6.575000000000000000e+01 0.000000000000000000e+00 0.000000000000000000e+00 4.824999999999995026e+01 4.819999999999997442e+01 4.993333333333331581e+01 4.759999999999997300e+01 5.909999999999998010e+01 0.000000000000000000e+00 4.499999999999998579e+01 4.249999999999994316e+01 3.535714285714283989e+01 2.849999999999998579e+01 3.441304347826086030e+01 0.000000000000000000e+00 0.000000000000000000e+00 0.000000000000000000e+00 0.000000000000000000e+00 0.000000000000000000e+00 0.000000000000000000e+00 0.000000000000000000e+00 5.699999999999995737e+01 0.000000000000000000e+00 0.000000000000000000e+00 5.049999999999999289e+01 6.424999999999997158e+01 5.266666666666665719e+01 3.470833333333330728e+01 3.949999999999998579e+01 0.000000000000000000e+00 0.000000000000000000e+00 0.000000000000000000e+00 4.049999999999999289e+01 5.174999999999997158e+01 4.869999999999998863e+01 0.000000000000000000e+00 3.659999999999998010e+01 4.799999999999997158e+01 7.749999999999997158e+01 0.000000000000000000e+00 5.099999999999994316e+01
0.000000000000000000e+00 0.000000000000000000e+00 0.000000000000000000e+00 3.357142857142854098e+01 1.371997300944668829e+01 2.129802955665023845e+01 2.721428571428569398e+01 2.161589403973508894e+01 2.972727272727272307e+01 2.459096459096458176e+01 3.526831683168315124e+01 2.033090067639728815e+01 5.373913043478260221e+01 5.221428571428570109e+01 3.739999999999999147e+01 6.778505305938132608e+00 9.850705754614544674e+00 3.774299999999998079e+01 5.023118865866954508e+01 0.000000000000000000e+00 1.019999999999999432e+02 0.000000000000000000e+00 0.000000000000000000e+00 0.000000000000000000e+00 0.000000000000000000e+00 8.287500000000000000e+01 0.000000000000000000e+00 8.800000000000000000e+01 6.232142857142854808e+01 6.753488372093021042e+01 6.533333333333331439e+01 6.988934426229506869e+01 5.691787439613523958e+01 0.000000000000000000e+00 0.000000000000000000e+00 0.000000000000000000e+00 0.000000000000000000e+00 1.495032614149522487e+01 2.348129442573885228e+01 3.793279569892472125e+01 0.000000000000000000e+00 5.241666666666662167e+01 7.489999999999997726e+01 6.822222222222220012e+01 1.022962226640158256e+01 4.408064516129032029e+01 0.000000000000000000e+00 3.374999999999997158e+01 3.299999999999996447e+01 0.000000000000000000e+00 3.087499999999995026e+01 4.387499999999997158e+01 3.949999999999996447e+01 6.899999999999995737e+01 3.821428571428568688e+01 4.799999999999988631e+01 4.324999999999998579e+01 0.000000000000000000e+00 1.586842105263157521e+01 2.461764705882352544e+01 3.879999999999998295e+01 4.767241379310341642e+01 0.000000000000000000e+00 0.000000000000000000e+00 0.000000000000000000e+00 0.000000000000000000e+00 0.000000000000000000e+00 0.000000000000000000e+00 0.000000000000000000e+00 0.000000000000000000e+00 0.000000000000000000e+00 7.299999999999997158e+01 0.000000000000000000e+00 7.200000000000002842e+01 7.483333333333330017e+01 6.066666666666665719e+01 0.000000000000000000e+00 0.000000000000000000e+00 0.000000000000000000e+00 0.000000000000000000e+00 2.664285714285711748e+01 3.926923076923075939e+01 0.000000000000000000e+00 0.000000000000000000e+00 4.549999999999996447e+01 0.000000000000000000e+00 0.000000000000000000e+00 1.162499999999999645e+01 0.000000000000000000e+00
0.000000000000000000e+00 0.000000000000000000e+00 0.000000000000000000e+00 0.000000000000000000e+00 2.349999999999999289e+01 3.937499999999997158e+01 4.849999999999999289e+01 3.462499999999999289e+01 2.319999999999999574e+01 2.442047244094487368e+01 2.374133558748942718e+01 1.810638747884940258e+01 3.886075949367087645e+01 3.998148148148147385e+01 3.483898305084743896e+01 9.850705754614544674e+00 9.429990069513401352e+00 2.516673519736841058e+01 3.976182432432430147e+01 0.000000000000000000e+00 0.000000000000000000e+00 0.000000000000000000e+00 0.000000000000000000e+00 0.000000000000000000e+00 0.000000000000000000e+00 7.157142857142855519e+01 7.049999999999992895e+01 0.000000000000000000e+00 5.099999999999997868e+01 6.122115384615382538e+01 6.783333333333331439e+01 5.575495049504948497e+01 4.186182336182334041e+01 0.000000000000000000e+00 0.000000000000000000e+00 0.000000000000000000e+00 6.199999999999998579e+01 1.836137071651089414e+01 2.328668054110300645e+01 3.012999999999999901e+01 0.000000000000000000e+00 4.989999999999996305e+01 5.783333333333332149e+01 5.362499999999996447e+01 3.250000000000000000e+01 3.615789473684210265e+01 0.000000000000000000e+00 3.199999999999996447e+01 4.766666666666662877e+01 0.000000000000000000e+00 3.099999999999995026e+01 2.802083333333329662e+01 3.089887640449434514e+01 3.488571428571425770e+01 2.619512195121949105e+01 4.607142857142854098e+01 4.183333333333332860e+01 0.000000000000000000e+00 1.522727272727272663e+01 1.171641791044775793e+01 1.914655172413791817e+01 3.878846153846153300e+01 0.000000000000000000e+00 0.000000000000000000e+00 0.000000000000000000e+00 0.000000000000000000e+00 0.000000000000000000e+00 0.000000000000000000e+00 0.000000000000000000e+00 0.000000000000000000e+00 0.000000000000000000e+00 5.524999999999998579e+01 6.350000000000000000e+01 0.000000000000000000e+00 5.787499999999995737e+01 5.232142857142855519e+01 0.000000000000000000e+00 0.000000000000000000e+00 0.000000000000000000e+00 0.000000000000000000e+00 2.090476190476188734e+01 3.015217391304346251e+01 3.183333333333331439e+01 0.000000000000000000e+00 4.824999999999998579e+01 5.449999999999995737e+01 5.049999999999997158e+01 4.599999999999996447e+01 3.600000000000000711e+01
