0.000000000000000000e+00 0.000000000000000000e+00 0.000000000000000000e+00 0.000000000000000000e+00 0.000000000000000000e+00 0.000000000000000000e+00 0.000000000000000000e+00 0.000000000000000000e+00 0.000000000000000000e+00 0.000000000000000000e+00 0.000000000000000000e+00 0.000000000000000000e+00 0.000000000000000000e+00 0.000000000000000000e+00 0.000000000000000000e+00 0.000000000000000000e+00 0.000000000000000000e+00 0.000000000000000000e+00 0.000000000000000000e+00 0.000000000000000000e+00 0.000000000000000000e+00 0.000000000000000000e+00 0.000000000000000000e+00 0.000000000000000000e+00 0.000000000000000000e+00 0.000000000000000000e+00 0.000000000000000000e+00 0.000000000000000000e+00 0.000000000000000000e+00 0.000000000000000000e+00 0.000000000000000000e+00 0.000000000000000000e+00 0.000000000000000000e+00 0.000000000000000000e+00 0.000000000000000000e+00 0.000000000000000000e+00 0.000000000000000000e+00 0.000000000000000000e+00 0.000000000000000000e+00 0.000000000000000000e+00 0.000000000000000000e+00 0.000000000000000000e+00 0.000000000000000000e+00 0.000000000000000000e+00 0.000000000000000000e+00 0.000000000000000000e+00 0.000000000000000000e+00 0.000000000000000000e+00 0.000000000000000000e+00 0.000000000000000000e+00 0.000000000000000000e+00 0.000000000000000000e+00 0.000000000000000000e+00 0.000000000000000000e+00 0.000000000000000000e+00 0.000000000000000000e+00 0.000000000000000000e+00 0.000000000000000000e+00 0.000000000000000000e+00 0.000000000000000000e+00 0.000000000000000000e+00 0.000000000000000000e+00 0.000000000000000000e+00 0.000000000000000000e+00 0.000000000000000000e+00 0.000000000000000000e+00 0.000000000000000000e+00 0.000000000000000000e+00 0.000000000000000000e+00 0.000000000000000000e+00 0.000000000000000000e+00 0.000000000000000000e+00 0.000000000000000000e+00 0.000000000000000000e+00 0.000000000000000000e+00 0.000000000000000000e+00 0.000000000000000000e+00 0.000000000000000000e+00 0.000000000000000000e+00 0.000000000000000000e+00 0.000000000000000000e+00 0.000000000000000000e+00 0.000000000000000000e+00 0.000000000000000000e+00 0.000000000000000000e+00 0.000000000000000000e+00 0.000000000000000000e+00 0.000000000000000000e+00 0.000000000000000000e+00
0.000000000000000000e+00 0.000000000000000000e+00 0.000000000000000000e+00 0.000000000000000000e+00 0.000000000000000000e+00 0.000000000000000000e+00 0.000000000000000000e+00 0.000000000000000000e+00 0.000000000000000000e+00 0.000000000000000000e+00 0.000000000000000000e+00 0.000000000000000000e+00 0.000000000000000000e+00 0.000000000000000000e+00 0.000000000000000000e+00 0.000000000000000000e+00 0.000000000000000000e+00 0.000000000000000000e+00 0.000000000000000000e+00 0.000000000000000000e+00 0.000000000000000000e+00 0.000000000000000000e+00 0.000000000000000000e+00 0.000000000000000000e+00 0.000000000000000000e+00 0.000000000000000000e+00 0.000000000000000000e+00 0.000000000000000000e+00 0.000000000000000000e+00 0.000000000000000000e+00 0.000000000000000000e+00 0.000000000000000000e+00 0.000000000000000000e+00 0.000000000000000000e+00 0.000000000000000000e+00 0.000000000000000000e+00 0.000000000000000000e+00 0.000000000000000000e+00 0.000000000000000000e+00 0.000000000000000000e+00 0.000000000000000000e+00 0.000000000000000000e+00 0.000000000000000000e+00 0.000000000000000000e+00 0.000000000000000000e+00 0.000000000000000000e+00 0.000000000000000000e+00 0.000000000000000000e+00 0.000000000000000000e+00 0.000000000000000000e+00 0.000000000000000000e+00 0.000000000000000000e+00 0.000000000000000000e+00 0.000000000000000000e+00 0.000000000000000000e+00 0.000000000000000000e+00 0.000000000000000000e+00 0.000000000000000000e+00 0.000000000000000000e+00 0.000000000000000000e+00 0.000000000000000000e+00 0.000000000000000000e+00 0.000000000000000000e+00 0.000000000000000000e+00 0.000000000000000000e+00 0.000000000000000000e+00 0.000000000000000000e+00 0.000000000000000000e+00 0.000000000000000000e+00 0.000000000000000000e+00 0.000000000000000000e+00 0.000000000000000000e+00 0.000000000000000000e+00 0.000000000000000000e+00 0.000000000000000000e+00 0.000000000000000000e+00 0.000000000000000000e+00 0.000000000000000000e+00 0.000000000000000000e+00 0.000000000000000000e+00 0.000000000000000000e+00 0.000000000000000000e+00 0.000000000000000000e+00 0.000000000000000000e+00 0.000000000000000000e+00 0.000000000000000000e+00 0.000000000000000000e+00 0.000000000000000000e+00 0.000000000000000000e+00
0.000000000000000000e+00 0.000000000000000000e+00 0.000000000000000000e+00 0.000000000000000000e+00 0.000000000000000000e+00 0.000000000000000000e+00 0.000000000000000000e+00 0.000000000000000000e+00 0.000000000000000000e+00 0.000000000000000000e+00 0.000000000000000000e+00 0.000000000000000000e+00 0.000000000000000000e+00 0.000000000000000000e+00 0.000000000000000000e+00 0.000000000000000000e+00 0.000000000000000000e+00 0.000000000000000000e+00 0.000000000000000000e+00 0.000000000000000000e+00 0.000000000000000000e+00 0.000000000000000000e+00 0.000000000000000000e+00 0.000000000000000000e+00 0.000000000000000000e+00 0.000000000000000000e+00 0.000000000000000000e+00 0.000000000000000000e+00 0.000000000000000000e+00 0.000000000000000000e+00 0.000000000000000000e+00 0.000000000000000000e+00 0.000000000000000000e+00 0.000000000000000000e+00 0.000000000000000000e+00 0.000000000000000000e+00 0.000000000000000000e+00 0.000000000000000000e+00 0.000000000000000000e+00 0.000000000000000000e+00 0.000000000000000000e+00 0.000000000000000000e+00 0.000000000000000000e+00 0.000000000000000000e+00 0.000000000000000000e+00 0.000000000000000000e+00 0.000000000000000000e+00 0.000000000000000000e+00 0.000000000000000000e+00 0.000000000000000000e+00 0.000000000000000000e+00 0.000000000000000000e+00 0.000000000000000000e+00 0.000000000000000000e+00 0.000000000000000000e+00 0.000000000000000000e+00 0.000000000000000000e+00 0.000000000000000000e+00 0.000000000000000000e+00 0.000000000000000000e+00 0.000000000000000000e+00 0.000000000000000000e+00 0.000000000000000000e+00 0.000000000000000000e+00 0.000000000000000000e+00 0.000000000000000000e+00 0.000000000000000000e+00 0.000000000000000000e+00 0.000000000000000000e+00 0.000000000000000000e+00 0.000000000000000000e+00 0.000000000000000000e+00 0.000000000000000000e+00 0.000000000000000000e+00 0.000000000000000000e+00 0.000000000000000000e+00 0.000000000000000000e+00 0.000000000000000000e+00 0.000000000000000000e+00 0.000000000000000000e+00 0.000000000000000000e+00 0.000000000000000000e+00 0.000000000000000000e+00 0.000000000000000000e+00 0.000000000000000000e+00 0.000000000000000000e+00 0.000000000000000000e+00 0.000000000000000000e+00 0.000000000000000000e+00
0.000000000000000000e+00 0.000000000000000000e+00 0.000000000000000000e+00 6.853211009174304813e+00 7.794999999999998153e+00 1.288698630136985912e+01 0.000000000000000000e+00 3.128571428571427049e+01 4.262499999999999289e+01 1.067578124999999645e+01 0.000000000000000000e+00 6.699449252557041490e+00 0.000000000000000000e+00 6.699999999999994316e+01 4.749999999999996447e+01 2.741666666666665719e+01 0.000000000000000000e+00 6.649999999999998579e+01 7.349999999999988631e+01 0.000000000000000000e+00 0.000000000000000000e+00 0.000000000000000000e+00 0.000000000000000000e+00 0.000000000000000000e+00 0.000000000000000000e+00 0.000000000000000000e+00 0.000000000000000000e+00 0.000000000000000000e+00 7.199999999999994316e+01 0.000000000000000000e+00 1.000000000000000284e+02 0.000000000000000000e+00 0.000000000000000000e+00 0.000000000000000000e+00 0.000000000000000000e+00 0.000000000000000000e+00 0.000000000000000000e+00 2.804098360655736855e+01 3.214414414414412136e+01 0.000000000000000000e+00 0.000000000000000000e+00 0.000000000000000000e+00 0.000000000000000000e+00 4.649999999999989342e+01 3.249999999999995026e+01 6.499999999999998579e+01 0.000000000000000000e+00 0.000000000000000000e+00 0.000000000000000000e+00 0.000000000000000000e+00 0.000000000000000000e+00 0.000000000000000000e+00 0.000000000000000000e+00 0.000000000000000000e+00 0.000000000000000000e+00 0.000000000000000000e+00 0.000000000000000000e+00 0.000000000000000000e+00 0.000000000000000000e+00 0.000000000000000000e+00 0.000000000000000000e+00 0.000000000000000000e+00 0.000000000000000000e+00 0.000000000000000000e+00 0.000000000000000000e+00 0.000000000000000000e+00 0.000000000000000000e+00 0.000000000000000000e+00 0.000000000000000000e+00 0.000000000000000000e+00 0.000000000000000000e+00 0.000000000000000000e+00 0.000000000000000000e+00 0.000000000000000000e+00 0.000000000000000000e+00 0.000000000000000000e+00 0.000000000000000000e+00 0.000000000000000000e+00 0.000000000000000000e+00 0.000000000000000000e+00 0.000000000000000000e+00 0.000000000000000000e+00 0.000000000000000000e+00 0.000000000000000000e+00 0.000000000000000000e+00 0.000000000000000000e+00 0.000000000000000000e+00 0.000000000000000000e+00 0.000000000000000000e+00
0.000000000000000000e+00 0.000000000000000000e+00 0.000000000000000000e+00 7.794999999999998153e+00 9.830639211214696971e+00 9.361452402357402391e+00 2.743548387096772956e+01 2.247630331753553534e+01 3.759595959595958448e+01 1.663753501400559642e+01 3.922151898734176001e+01 1.676822916666666075e+01 5.427083333333332149e+01 5.738461538461536549e+01 2.862765957446807619e+01 1.210110294117646568e+01 2.370588235294116686e+01 5.074999999999996447e+01 6.126923076923072387e+01 0.000000000000000000e+00 0.000000000000000000e+00 0.000000000000000000e+00 6.600000000000004263e+01 0.000000000000000000e+00 0.000000000000000000e+00 0.000000000000000000e+00 0.000000000000000000e+00 0.000000000000000000e+00 6.429999999999998295e+01 6.416666666666664298e+01 8.312500000000000000e+01 7.889999999999994884e+01 6.574137931034479720e+01 0.000000000000000000e+00 0.000000000000000000e+00 0.000000000000000000e+00 0.000000000000000000e+00 1.345194575471697185e+01 1.900695150898608432e+01 3.209999999999998721e+01 0.000000000000000000e+00 0.000000000000000000e+00 0.000000000000000000e+00 4.962499999999995737e+01 5.921577946768057821e+00 1.241935483870967438e+01 0.000000000000000000e+00 0.000000000000000000e+00 4.399999999999998579e+01 0.000000000000000000e+00 0.000000000000000000e+00 0.000000000000000000e+00 0.000000000000000000e+00 0.000000000000000000e+00 5.999999999999993605e+01 7.449999999999995737e+01 0.000000000000000000e+00 5.049999999999997158e+01 2.700000000000000000e+01 2.949999999999995381e+01 0.000000000000000000e+00 0.000000000000000000e+00 0.000000000000000000e+00 0.000000000000000000e+00 0.000000000000000000e+00 0.000000000000000000e+00 0.000000000000000000e+00 0.000000000000000000e+00 0.000000000000000000e+00 0.000000000000000000e+00 0.000000000000000000e+00 0.000000000000000000e+00 0.000000000000000000e+00 0.000000000000000000e+00 7.549999999999995737e+01 0.000000000000000000e+00 0.000000000000000000e+00 0.000000000000000000e+00 0.000000000000000000e+00 0.000000000000000000e+00 2.445833333333331794e+01 4.174999999999999289e+01 0.000000000000000000e+00 0.000000000000000000e+00 0.000000000000000000e+00 0.000000000000000000e+00 0.000000000000000000e+00 1.769999999999996732e+01 1.624999999999999645e+01
0.000000000000000000e+00 0.000000000000000000e+00 0.000000000000000000e+00 1.288698630136985912e+01 9.361452402357402391e+00 1.312780542773968762e+01 9.226497052435615132e+00 1.436250757116898313e+01 2.923749999999999005e+01 1.752709854014597823e+01 4.064864864864863137e+01 2.508130372492835747e+01 5.088659793814431254e+01 6.674999999999994316e+01 3.480366161616159815e+01 2.333381502890171788e+01 3.670967741935482564e+01 5.857894736842102645e+01 7.210714285714283278e+01 3.233333333333330728e+01 7.266666666666667140e+01 0.000000000000000000e+00 0.000000000000000000e+00 3.029999999999999361e+01 0.000000000000000000e+00 4.687499999999999289e+01 3.999999999999997158e+01 4.374999999999997158e+01 5.869354838709676159e+01 5.355421686746984733e+01 8.099999999999997158e+01 7.831132075471695941e+01 7.516666666666662877e+01 0.000000000000000000e+00 8.635185185185184764e+01 0.000000000000000000e+00 7.978571428571424917e+01 1.844798007747647262e+01 1.882956829711877589e+01 2.156490384615383604e+01 0.000000000000000000e+00 3.857692307692306599e+01 6.414285714285709616e+01 2.206874999999999432e+01 1.821097560975608332e+01 3.728124999999998579e+01 0.000000000000000000e+00 3.249999999999997868e+01 4.774999999999997158e+01 0.000000000000000000e+00 0.000000000000000000e+00 5.599999999999994316e+01 6.537499999999994316e+01 6.850000000000004263e+01 6.049999999999997158e+01 0.000000000000000000e+00 0.000000000000000000e+00 0.000000000000000000e+00 3.999999999999998579e+01 4.492857142857140218e+01 6.299999999999995737e+01 8.349999999999991473e+01 0.000000000000000000e+00 0.000000000000000000e+00 0.000000000000000000e+00 0.000000000000000000e+00 0.000000000000000000e+00 0.000000000000000000e+00 0.000000000000000000e+00 0.000000000000000000e+00 0.000000000000000000e+00 9.349999999999998579e+01 0.000000000000000000e+00 0.000000000000000000e+00 0.000000000000000000e+00 0.000000000000000000e+00 0.000000000000000000e+00 0.000000000000000000e+00 0.000000000000000000e+00 0.000000000000000000e+00 3.649999999999995737e+01 5.883333333333329307e+01 6.449999999999994316e+01 0.000000000000000000e+00 0.000000000000000000e+00 0.000000000000000000e+00 0.000000000000000000e+00 2.957499999999997087e+01 0.000000000000000000e+00
0.000000000000000000e+00 0.000000000000000000e+00 0.000000000000000000e+00 0.000000000000000000e+00 2.743548387096772956e+01 9.226497052435615132e+00 7.863196873071379933e+00 8.392208149779731841e+00 2.114879356568363988e+01 1.159165366614664094e+01 3.574999999999999289e+01 3.711764705882351478e+01 4.129999999999998295e+01 0.000000000000000000e+00 4.205072463768114943e+01 3.124999999999998934e+01 3.749999999999997158e+01 6.062499999999995737e+01 0.000000000000000000e+00 0.000000000000000000e+00 0.000000000000000000e+00 0.000000000000000000e+00 0.000000000000000000e+00 0.000000000000000000e+00 0.000000000000000000e+00 0.000000000000000000e+00 0.000000000000000000e+00 0.000000000000000000e+00 5.674999999999999289e+01 4.692499999999997584e+01 7.699999999999992895e+01 7.769999999999997442e+01 8.150000000000000000e+01 0.000000000000000000e+00 8.300000000000000000e+01 0.000000000000000000e+00 7.199999999999994316e+01 2.764705882352939881e+01 2.413541666666665719e+01 2.433333333333332504e+01 0.000000000000000000e+00 0.000000000000000000e+00 0.000000000000000000e+00 2.225000000000000000e+01 3.499999999999995737e+01 0.000000000000000000e+00 0.000000000000000000e+00 0.000000000000000000e+00 0.000000000000000000e+00 0.000000000000000000e+00 0.000000000000000000e+00 0.000000000000000000e+00 0.000000000000000000e+00 0.000000000000000000e+00 0.000000000000000000e+00 0.000000000000000000e+00 0.000000000000000000e+00 0.000000000000000000e+00 0.000000000000000000e+00 0.000000000000000000e+00 0.000000000000000000e+00 0.000000000000000000e+00 0.000000000000000000e+00 0.000000000000000000e+00 0.000000000000000000e+00 0.000000000000000000e+00 0.000000000000000000e+00 0.000000000000000000e+00 0.000000000000000000e+00 0.000000000000000000e+00 0.000000000000000000e+00 0.000000000000000000e+00 0.000000000000000000e+00 0.000000000000000000e+00 0.000000000000000000e+00 0.000000000000000000e+00 0.000000000000000000e+00 0.000000000000000000e+00 0.000000000000000000e+00 0.000000000000000000e+00 0.000000000000000000e+00 6.300000000000000000e+01 0.000000000000000000e+00 0.000000000000000000e+00 0.000000000000000000e+00 0.000000000000000000e+00 0.000000000000000000e+00 0.000000000000000000e+00 0.000000000000000000e+00
0.000000000000000000e+00 0.000000000000000000e+00 0.000000000000000000e+00 3.128571428571427049e+01 2.247630331753553534e+01 1.436250757116898313e+01 8.392208149779731841e+00 8.773580307092371910e+00 8.736968966556188931e+00 1.837427779061705024e+01 2.947297297297296126e+01 2.418777292576418247e+01 3.572093023255813193e+01 7.049999999999992895e+01 3.653971119133572643e+01 2.092857142857142350e+01 1.758928571428570109e+01 5.433333333333332149e+01 6.333333333333333570e+01 0.000000000000000000e+00 8.487499999999998579e+01 0.000000000000000000e+00 0.000000000000000000e+00 1.169999999999999432e+02 6.800000000000000000e+01 0.000000000000000000e+00 0.000000000000000000e+00 0.000000000000000000e+00 5.257692307692305889e+01 4.149999999999997868e+01 7.137499999999997158e+01 6.811206896551722423e+01 6.853333333333330302e+01 0.000000000000000000e+00 7.752380952380950419e+01 0.000000000000000000e+00 6.874999999999997158e+01 2.302142857142855803e+01 2.486398963730568212e+01 3.168421052631576984e+01 0.000000000000000000e+00 4.237500000000001421e+01 7.200000000000000000e+01 2.606249999999997868e+01 3.324999999999997868e+01 4.799999999999999289e+01 0.000000000000000000e+00 0.000000000000000000e+00 3.599999999999997158e+01 0.000000000000000000e+00 0.000000000000000000e+00 0.000000000000000000e+00 3.528571428571425628e+01 4.849999999999995737e+01 3.340909090909087098e+01 0.000000000000000000e+00 0.000000000000000000e+00 3.599999999999997158e+01 2.349999999999997158e+01 2.649999999999998934e+01 0.000000000000000000e+00 6.349999999999993605e+01 0.000000000000000000e+00 0.000000000000000000e+00 0.000000000000000000e+00 0.000000000000000000e+00 0.000000000000000000e+00 0.000000000000000000e+00 0.000000000000000000e+00 0.000000000000000000e+00 0.000000000000000000e+00 0.000000000000000000e+00 0.000000000000000000e+00 0.000000000000000000e+00 0.000000000000000000e+00 0.000000000000000000e+00 0.000000000000000000e+00 0.000000000000000000e+00 0.000000000000000000e+00 0.000000000000000000e+00 0.000000000000000000e+00 3.649999999999997158e+01 0.000000000000000000e+00 0.000000000000000000e+00 0.000000000000000000e+00 0.000000000000000000e+00 0.000000000000000000e+00 0.000000000000000000e+00 0.000000000000000000e+00
0.000000000000000000e+00 0.000000000000000000e+00 0.000000000000000000e+00 4.262499999999999289e+01 3.759595959595958448e+01 2.923749999999999005e+01 2.114879356568363988e+01 8.736968966556188931e+00 1.277719727531247962e+01 2.078569364161849009e+01 2.291693290734824373e+01 3.302591599642538256e+01 1.045080174927113781e+01 6.524999999999998579e+01 2.227300613496931447e+01 3.487769784172661502e+01 2.823913043478260221e+01 4.399999999999997158e+01 6.585714285714281857e+01 0.000000000000000000e+00 6.031250000000000000e+01 5.949999999999996447e+01 0.000000000000000000e+00 0.000000000000000000e+00 7.016666666666665719e+01 5.749999999999999289e+01 3.050000000000001066e+01 4.772222222222220722e+01 2.106208425720620880e+01 2.500948858153746102e+01 4.967391304347825098e+01 5.177358490566037830e+01 4.764814814814814525e+01 7.333333333333335702e+01 6.133108108108108070e+01 7.350000000000002842e+01 5.317999999999999972e+01 2.143044906900327717e+01 1.835447520927237264e+01 3.245238095238094189e+01 0.000000000000000000e+00 5.149999999999997868e+01 5.322727272727272663e+01 4.264285714285713169e+01 2.742857142857142350e+01 3.542424242424242209e+01 0.000000000000000000e+00 0.000000000000000000e+00 0.000000000000000000e+00 0.000000000000000000e+00 0.000000000000000000e+00 4.699999999999995737e+01 6.018749999999997158e+01 5.633333333333329307e+01 5.077272727272723074e+01 8.274999999999994316e+01 0.000000000000000000e+00 0.000000000000000000e+00 4.109999999999998721e+01 3.192307692307690203e+01 0.000000000000000000e+00 0.000000000000000000e+00 0.000000000000000000e+00 6.900000000000000000e+01 0.000000000000000000e+00 0.000000000000000000e+00 0.000000000000000000e+00 0.000000000000000000e+00 0.000000000000000000e+00 0.000000000000000000e+00 0.000000000000000000e+00 0.000000000000000000e+00 0.000000000000000000e+00 0.000000000000000000e+00 8.449999999999998579e+01 0.000000000000000000e+00 0.000000000000000000e+00 0.000000000000000000e+00 0.000000000000000000e+00 0.000000000000000000e+00 4.624999999999999289e+01 5.707142857142854098e+01 6.299999999999992184e+01 0.000000000000000000e+00 0.000000000000000000e+00 0.000000000000000000e+00 0.000000000000000000e+00 0.000000000000000000e+00 0.000000000000000000e+00
0.000000000000000000e+00 0.000000000000000000e+00 0.000000000000000000e+00 1.067578124999999645e+01 1.663753501400559642e+01 1.752709854014597823e+01 1.159165366614664094e+01 1.837427779061705024e+01 2.078569364161849009e+01 1.259599223097897180e+01 1.720689401734528445e+01 1.599430321156447654e+01 4.304038680318542021e+01 5.159426229508193984e+01 3.661163337250292216e+01 2.498200359928013370e+01 2.326682316118934679e+01 4.688963963963961845e+01 6.269298245614032083e+01 0.000000000000000000e+00 8.052941176470585560e+01 7.649999999999998579e+01 1.149999999999999858e+02 0.000000000000000000e+00 7.437500000000000000e+01 7.626470588235292780e+01 6.050000000000000000e+01 6.822727272727271952e+01 5.368696883852689439e+01 5.093148357870892795e+01 6.389534883720928349e+01 6.251929674099483236e+01 6.530917874396133982e+01 6.909090909090906507e+01 7.581547619047617559e+01 7.900000000000000000e+01 7.677027027027024531e+01 2.377300930713545668e+01 2.756457381283526331e+01 4.223728813559320372e+01 0.000000000000000000e+00 3.932692307692305889e+01 6.669999999999997442e+01 5.025675675675674370e+01 2.977011494252871415e+01 4.853999999999999204e+01 0.000000000000000000e+00 5.399999999999997158e+01 5.200000000000000000e+01 0.000000000000000000e+00 0.000000000000000000e+00 4.938888888888885731e+01 5.194444444444439313e+01 5.854999999999994031e+01 4.681249999999995737e+01 7.924999999999997158e+01 7.949999999999991473e+01 0.000000000000000000e+00 4.189999999999996305e+01 3.505172413793101782e+01 4.841666666666665009e+01 6.749999999999997158e+01 0.000000000000000000e+00 0.000000000000000000e+00 0.000000000000000000e+00 0.000000000000000000e+00 0.000000000000000000e+00 0.000000000000000000e+00 0.000000000000000000e+00 0.000000000000000000e+00 0.000000000000000000e+00 8.324999999999994316e+01 0.000000000000000000e+00 8.974999999999998579e+01 9.324999999999997158e+01 7.887499999999997158e+01 0.000000000000000000e+00 0.000000000000000000e+00 0.000000000000000000e+00 0.000000000000000000e+00 4.245833333333326465e+01 4.939999999999996305e+01 7.066666666666661456e+01 0.000000000000000000e+00 0.000000000000000000e+00 0.000000000000000000e+00 0.000000000000000000e+00 3.728571428571423496e+01 0.000000000000000000e+00
0.000000000000000000e+00 0.000000000000000000e+00 0.000000000000000000e+00 0.000000000000000000e+00 3.922151898734176001e+01 4.064864864864863137e+01 3.574999999999999289e+01 2.947297297297296126e+01 2.291693290734824373e+01 1.720689401734528445e+01 1.300976858381653933e+01 2.089965214761040357e+01 1.776043621013133134e+01 4.178879310344827758e+01 3.026711026615969402e+01 3.641874999999998153e+01 2.313975694444443931e+01 3.018534482758619930e+01 4.840277777777777857e+01 6.299999999999994316e+01 5.999833333333333485e+01 5.260000000000000853e+01 6.650000000000000000e+01 8.438888888888885731e+01 5.737301587301587347e+01 5.549299065420559884e+01 5.811111111111110006e+01 4.523374613003095845e+01 3.181458003169572279e+01 3.667054794520547745e+01 4.682800241400120456e+01 4.501210510776498097e+01 4.732340425531914718e+01 5.711475409836065609e+01 5.752023281596452620e+01 5.904761904761905100e+01 5.591111111111111143e+01 1.985975609756096816e+01 2.208611741809925277e+01 3.040594059405940541e+01 0.000000000000000000e+00 3.065942028985506695e+01 5.706818181818182012e+01 3.498113207547169168e+01 3.171428571428572241e+01 3.231818181818182012e+01 0.000000000000000000e+00 0.000000000000000000e+00 6.424999999999994316e+01 0.000000000000000000e+00 0.000000000000000000e+00 4.574999999999994316e+01 6.154761904761901548e+01 5.199999999999996447e+01 5.038235294117642837e+01 6.329999999999997584e+01 0.000000000000000000e+00 0.000000000000000000e+00 4.449999999999996447e+01 3.242857142857140929e+01 3.738235294117645680e+01 5.237499999999998579e+01 0.000000000000000000e+00 0.000000000000000000e+00 0.000000000000000000e+00 0.000000000000000000e+00 0.000000000000000000e+00 0.000000000000000000e+00 0.000000000000000000e+00 0.000000000000000000e+00 0.000000000000000000e+00 0.000000000000000000e+00 0.000000000000000000e+00 7.574999999999994316e+01 8.149999999999994316e+01 6.850000000000002842e+01 0.000000000000000000e+00 0.000000000000000000e+00 9.900000000000000000e+01 0.000000000000000000e+00 4.412499999999996447e+01 4.904999999999997584e+01 6.524999999999995737e+01 0.000000000000000000e+00 0.000000000000000000e+00 0.000000000000000000e+00 0.000000000000000000e+00 0.000000000000000000e+00 0.000000000000000000e+00
0.000000000000000000e+00 0.000000000000000000e+00 0.000000000000000000e+00 6.699449252557041490e+00 1.676822916666666075e+01 2.508130372492835747e+01 3.711764705882351478e+01 2.418777292576418247e+01 3.302591599642538256e+01 1.599430321156447654e+01 2.089965214761040357e+01 1.588637771841257695e+01 2.515569317687961615e+01 1.796553358613217455e+01 3.492579908675798350e+01 2.087329244494005209e+01 1.821586073500966663e+01 2.552480839048002181e+01 4.380982367758185347e+01 0.000000000000000000e+00 7.375000000000000000e+01 0.000000000000000000e+00 0.000000000000000000e+00 9.449999999999995737e+01 7.683333333333334281e+01 6.141666666666666430e+01 6.700000000000000000e+01 6.490909090909090651e+01 3.501476548928777532e+01 4.748249027237353914e+01 5.785526315789473983e+01 5.510538321167883424e+01 4.444916434540389361e+01 6.459999999999999432e+01 7.315999999999999659e+01 0.000000000000000000e+00 7.740000000000000568e+01 2.595203836930454599e+01 2.967652909000496209e+01 3.464981949458483967e+01 0.000000000000000000e+00 3.326241134751773387e+01 7.299999999999998579e+01 4.073809523809524080e+01 3.574999999999997868e+01 3.869191919191919027e+01 0.000000000000000000e+00 3.749999999999999289e+01 4.316666666666663588e+01 0.000000000000000000e+00 4.799999999999990052e+01 3.904347826086953432e+01 4.483928571428567267e+01 4.988888888888885731e+01 1.494223107569720455e+01 5.397368421052630083e+01 2.371428571428570464e+01 4.699999999999999289e+01 3.283333333333330017e+01 2.624657534246573931e+01 2.680769230769229594e+01 5.672222222222219301e+01 1.219999999999999858e+02 0.000000000000000000e+00 0.000000000000000000e+00 0.000000000000000000e+00 0.000000000000000000e+00 0.000000000000000000e+00 0.000000000000000000e+00 0.000000000000000000e+00 0.000000000000000000e+00 0.000000000000000000e+00 0.000000000000000000e+00 7.299999999999997158e+01 7.249999999999997158e+01 6.616666666666660035e+01 0.000000000000000000e+00 0.000000000000000000e+00 0.000000000000000000e+00 0.000000000000000000e+00 4.090476190476187668e+01 4.690243902439020474e+01 6.624999999999998579e+01 0.000000000000000000e+00 5.949999999999993605e+01 0.000000000000000000e+00 0.000000000000000000e+00 3.349999999999999289e+01 0.000000000000000000e+00
0.000000000000000000e+00 0.000000000000000000e+00 0.000000000000000000e+00 0.000000000000000000e+00 5.427083333333332149e+01 5.088659793814431254e+01 4.129999999999998295e+01 3.572093023255813193e+01 1.045080174927113781e+01 4.304038680318542021e+01 1.776043621013133134e+01 2.515569317687961615e+01 1.280363247863247800e+01 8.658347676419968053e+00 2.559147095179233489e+01 5.317518248175179707e+01 3.858749999999998437e+01 1.924112021857923338e+01 3.606296296296296333e+01 5.349999999999998579e+01 6.016447368421052744e+01 5.225000000000000000e+01 5.887499999999998579e+01 7.116666666666664298e+01 5.061111111111111427e+01 2.044401041666666785e+01 4.032500000000000284e+01 4.411637931034482563e+01 1.639306895636009642e+01 2.682771606100546080e+01 4.412524084778419819e+01 3.612363030014292775e+01 3.670111731843575598e+01 5.089999999999999858e+01 5.713981762917933338e+01 6.125000000000000000e+01 5.442857142857143060e+01 2.533114323258869760e+01 2.454696209587514844e+01 2.909073083778967117e+01 0.000000000000000000e+00 2.648347107438016579e+01 5.146428571428570820e+01 3.745384615384615046e+01 4.999999999999998579e+01 3.633917197452229431e+01 0.000000000000000000e+00 0.000000000000000000e+00 6.900000000000001421e+01 0.000000000000000000e+00 0.000000000000000000e+00 6.699999999999990052e+01 8.149999999999984368e+01 6.737499999999997158e+01 6.257142857142851966e+01 7.349999999999991473e+01 0.000000000000000000e+00 7.299999999999998579e+01 0.000000000000000000e+00 5.221428571428568688e+01 3.849999999999998579e+01 7.200000000000000000e+01 0.000000000000000000e+00 0.000000000000000000e+00 0.000000000000000000e+00 0.000000000000000000e+00 0.000000000000000000e+00 0.000000000000000000e+00 0.000000000000000000e+00 0.000000000000000000e+00 0.000000000000000000e+00 0.000000000000000000e+00 5.716666666666662877e+01 0.000000000000000000e+00 0.000000000000000000e+00 0.000000000000000000e+00 0.000000000000000000e+00 0.000000000000000000e+00 0.000000000000000000e+00 0.000000000000000000e+00 5.750000000000000000e+01 5.466666666666665009e+01 0.000000000000000000e+00 0.000000000000000000e+00 5.099999999999998579e+01 0.000000000000000000e+00 0.000000000000000000e+00 0.000000000000000000e+00 0.000000000000000000e+00
0.000000000000000000e+00 0.000000000000000000e+00 0.000000000000000000e+00 6.699999999999994316e+01 5.738461538461536549e+01 6.674999999999994316e+01 0.000000000000000000e+00 7.049999999999992895e+01 6.524999999999998579e+01 5.159426229508193984e+01 4.178879310344827758e+01 1.796553358613217455e+01 8.658347676419968053e+00 9.853246199744281952e+00 4.433333333333333570e+01 5.049425287356318393e+01 4.276056338028167403e+01 1.261578947368421133e+01 2.925000000000000355e+01 7.199999999999997158e+01 0.000000000000000000e+00 0.000000000000000000e+00 0.000000000000000000e+00 0.000000000000000000e+00 0.000000000000000000e+00 4.116666666666664298e+01 3.799999999999995737e+01 0.000000000000000000e+00 9.782518569701160516e+00 3.865909090909090651e+01 3.620000000000000284e+01 1.854008438818565452e+01 1.241340782122905040e+01 6.625000000000000000e+01 0.000000000000000000e+00 0.000000000000000000e+00 0.000000000000000000e+00 3.958333333333332149e+01 4.335833333333333428e+01 3.531250000000000000e+01 0.000000000000000000e+00 3.350000000000000000e+01 4.800000000000000000e+01 4.164999999999999858e+01 0.000000000000000000e+00 5.153125000000001421e+01 0.000000000000000000e+00 0.000000000000000000e+00 0.000000000000000000e+00 0.000000000000000000e+00 0.000000000000000000e+00 0.000000000000000000e+00 0.000000000000000000e+00 8.299999999999997158e+01 5.674999999999996447e+01 0.000000000000000000e+00 0.000000000000000000e+00 0.000000000000000000e+00 0.000000000000000000e+00 4.649999999999997158e+01 4.437499999999998579e+01 0.000000000000000000e+00 0.000000000000000000e+00 0.000000000000000000e+00 0.000000000000000000e+00 0.000000000000000000e+00 0.000000000000000000e+00 0.000000000000000000e+00 0.000000000000000000e+00 0.000000000000000000e+00 0.000000000000000000e+00 0.000000000000000000e+00 0.000000000000000000e+00 0.000000000000000000e+00 0.000000000000000000e+00 0.000000000000000000e+00 0.000000000000000000e+00 0.000000000000000000e+00 0.000000000000000000e+00 0.000000000000000000e+00 0.000000000000000000e+00 6.099999999999997158e+01 0.000000000000000000e+00 0.000000000000000000e+00 0.000000000000000000e+00 0.000000000000000000e+00 0.000000000000000000e+00 9.399999999999995737e+01 0.000000000000000000e+00
0.000000000000000000e+00 0.000000000000000000e+00 0.000000000000000000e+00 4.749999999999996447e+01 2.862765957446807619e+01 3.480366161616159815e+01 4.205072463768114943e+01 3.653971119133572643e+01 2.227300613496931447e+01 3.661163337250292216e+01 3.026711026615969402e+01 3.492579908675798350e+01 2.559147095179233489e+01 4.433333333333333570e+01 1.160318057777359080e+01 4.186585365853656526e+01 3.506896551724138078e+01 2.750624999999998721e+01 2.315961945031711622e+01 1.375242718446602019e+01 3.652078521939952793e+01 3.097826086956521152e+01 2.109064327485380019e+01 1.665306122448978599e+01 1.991243862520457597e+01 1.871610601427114418e+01 1.850955414012737776e+01 2.349564270152505330e+01 2.227972372964973147e+01 2.504623044096727824e+01 4.216217472118957943e+01 3.296887450199203329e+01 3.475135135135133879e+01 5.258510638297871509e+01 4.764743049705138134e+01 5.735714285714285410e+01 3.920555555555554861e+01 3.083668341708541760e+01 8.918311652870004380e+00 1.903605769230768630e+01 0.000000000000000000e+00 2.373572938689217082e+01 1.238285175879397038e+01 1.281481481481481488e+01 1.279999999999998650e+01 2.197601744186045991e+01 0.000000000000000000e+00 0.000000000000000000e+00 0.000000000000000000e+00 0.000000000000000000e+00 0.000000000000000000e+00 0.000000000000000000e+00 4.249999999999994316e+01 0.000000000000000000e+00 8.149999999999997158e+01 0.000000000000000000e+00 0.000000000000000000e+00 5.249999999999995737e+01 0.000000000000000000e+00 1.999999999999996803e+01 3.149999999999996447e+01 4.333333333333331439e+01 0.000000000000000000e+00 0.000000000000000000e+00 0.000000000000000000e+00 0.000000000000000000e+00 0.000000000000000000e+00 0.000000000000000000e+00 0.000000000000000000e+00 0.000000000000000000e+00 0.000000000000000000e+00 0.000000000000000000e+00 0.000000000000000000e+00 6.699999999999997158e+01 6.150000000000000000e+01 0.000000000000000000e+00 0.000000000000000000e+00 0.000000000000000000e+00 0.000000000000000000e+00 0.000000000000000000e+00 5.724999999999997868e+01 4.874999999999997158e+01 0.000000000000000000e+00 0.000000000000000000e+00 3.800000000000000000e+01 3.650000000000000711e+01 0.000000000000000000e+00 2.099999999999998224e+01 0.000000000000000000e+00
0.000000000000000000e+00 0.000000000000000000e+00 0.000000000000000000e+00 2.741666666666665719e+01 1.210110294117646568e+01 2.333381502890171788e+01 3.124999999999998934e+01 2.092857142857142350e+01 3.487769784172661502e+01 2.498200359928013370e+01 3.641874999999998153e+01 2.087329244494005209e+01 5.317518248175179707e+01 5.049425287356318393e+01 4.186585365853656526e+01 6.704573547589613547e+00 1.171249999999999680e+01 3.903928072625695478e+01 5.127691924227315212e+01 0.000000000000000000e+00 8.983333333333332860e+01 0.000000000000000000e+00 0.000000000000000000e+00 0.000000000000000000e+00 0.000000000000000000e+00 8.616666666666661456e+01 7.699999999999998579e+01 0.000000000000000000e+00 6.387962962962959779e+01 6.693749999999997158e+01 6.733333333333327175e+01 6.979396984924620995e+01 5.635868331441540136e+01 6.999999999999994316e+01 8.976470588235294201e+01 7.099999999999992895e+01 8.391666666666664298e+01 1.136285320468641302e+01 2.288909845341379068e+01 5.306756756756756488e+01 0.000000000000000000e+00 6.384999999999996589e+01 7.599999999999997158e+01 6.699999999999997158e+01 8.489304812834218339e+00 4.512499999999997868e+01 0.000000000000000000e+00 3.199999999999996092e+01 2.899999999999998579e+01 0.000000000000000000e+00 4.799999999999994316e+01 3.585714285714281147e+01 3.794999999999996021e+01 4.779999999999998295e+01 2.879310344827583990e+01 6.399999999999995026e+01 3.849999999999993605e+01 2.249999999999992539e+01 1.674999999999998579e+01 1.864705882352940236e+01 3.878787878787876053e+01 5.084999999999998010e+01 0.000000000000000000e+00 0.000000000000000000e+00 0.000000000000000000e+00 0.000000000000000000e+00 0.000000000000000000e+00 0.000000000000000000e+00 0.000000000000000000e+00 0.000000000000000000e+00 0.000000000000000000e+00 6.024999999999995737e+01 0.000000000000000000e+00 0.000000000000000000e+00 6.999999999999994316e+01 5.699999999999998579e+01 0.000000000000000000e+00 0.000000000000000000e+00 0.000000000000000000e+00 0.000000000000000000e+00 2.768421052631575918e+01 3.373999999999997357e+01 5.949999999999998579e+01 0.000000000000000000e+00 0.000000000000000000e+00 0.000000000000000000e+00 6.049999999999997158e+01 1.892857142857140929e+01 0.000000000000000000e+00
0.000000000000000000e+00 0.000000000000000000e+00 0.000000000000000000e+00 0.000000000000000000e+00 2.370588235294116686e+01 3.670967741935482564e+01 3.749999999999997158e+01 1.758928571428570109e+01 2.823913043478260221e+01 2.326682316118934679e+01 2.313975694444443931e+01 1.821586073500966663e+01 3.858749999999998437e+01 4.276056338028167403e+01 3.506896551724138078e+01 1.171249999999999680e+01 9.765187419215848763e+00 2.313379469434831037e+01 3.968950437317781876e+01 0.000000000000000000e+00 9.074999999999997158e+01 0.000000000000000000e+00 0.000000000000000000e+00 0.000000000000000000e+00 0.000000000000000000e+00 7.116666666666665719e+01 8.199999999999995737e+01 8.600000000000000000e+01 4.947560975609754763e+01 6.016279069767439580e+01 6.292857142857143060e+01 5.908433734939757898e+01 4.352173913043476716e+01 7.300000000000001421e+01 7.596153846153843858e+01 0.000000000000000000e+00 8.216666666666664298e+01 1.788175675675674370e+01 2.590997830802601598e+01 3.524999999999998579e+01 0.000000000000000000e+00 4.264285714285711748e+01 0.000000000000000000e+00 6.956249999999997158e+01 0.000000000000000000e+00 3.906250000000000000e+01 0.000000000000000000e+00 3.574999999999998579e+01 3.737499999999999289e+01 0.000000000000000000e+00 2.249999999999995737e+01 2.639999999999997016e+01 3.849999999999995737e+01 3.559999999999998010e+01 2.816666666666664298e+01 4.884999999999995879e+01 3.999999999999998579e+01 0.000000000000000000e+00 1.951515151515150848e+01 1.095901639344261902e+01 2.119607843137253056e+01 4.099999999999998579e+01 0.000000000000000000e+00 0.000000000000000000e+00 0.000000000000000000e+00 0.000000000000000000e+00 0.000000000000000000e+00 0.000000000000000000e+00 0.000000000000000000e+00 0.000000000000000000e+00 0.000000000000000000e+00 7.349999999999994316e+01 5.599999999999990763e+01 6.212499999999995026e+01 5.999999999999995026e+01 4.089999999999995595e+01 0.000000000000000000e+00 0.000000000000000000e+00 0.000000000000000000e+00 0.000000000000000000e+00 2.169999999999998863e+01 3.085937499999997513e+01 4.699999999999999289e+01 0.000000000000000000e+00 3.450000000000001421e+01 4.850000000000000711e+01 0.000000000000000000e+00 0.000000000000000000e+00 0.000000000000000000e+00
