0.000000000000000000e+00 0.000000000000000000e+00 0.000000000000000000e+00 0.000000000000000000e+00 0.000000000000000000e+00 0.000000000000000000e+00 0.000000000000000000e+00 0.000000000000000000e+00 0.000000000000000000e+00 0.000000000000000000e+00 0.000000000000000000e+00 0.000000000000000000e+00 0.000000000000000000e+00 0.000000000000000000e+00 0.000000000000000000e+00 0.000000000000000000e+00 0.000000000000000000e+00 0.000000000000000000e+00 0.000000000000000000e+00 0.000000000000000000e+00 0.000000000000000000e+00 0.000000000000000000e+00 0.000000000000000000e+00 0.000000000000000000e+00 0.000000000000000000e+00 0.000000000000000000e+00 0.000000000000000000e+00 0.000000000000000000e+00 0.000000000000000000e+00 0.000000000000000000e+00 0.000000000000000000e+00 0.000000000000000000e+00 0.000000000000000000e+00 0.000000000000000000e+00 0.000000000000000000e+00 0.000000000000000000e+00 0.000000000000000000e+00 0.000000000000000000e+00 0.000000000000000000e+00 0.000000000000000000e+00 0.000000000000000000e+00 0.000000000000000000e+00 0.000000000000000000e+00 0.000000000000000000e+00 0.000000000000000000e+00 0.000000000000000000e+00 0.000000000000000000e+00 0.000000000000000000e+00 0.000000000000000000e+00 0.000000000000000000e+00 0.000000000000000000e+00 0.000000000000000000e+00 0.000000000000000000e+00 0.000000000000000000e+00 0.000000000000000000e+00 0.000000000000000000e+00 0.000000000000000000e+00 0.000000000000000000e+00 0.000000000000000000e+00 0.000000000000000000e+00 0.000000000000000000e+00 0.000000000000000000e+00 0.000000000000000000e+00 0.000000000000000000e+00 0.000000000000000000e+00 0.000000000000000000e+00 0.000000000000000000e+00 0.000000000000000000e+00 0.000000000000000000e+00 0.000000000000000000e+00 0.000000000000000000e+00 0.000000000000000000e+00 0.000000000000000000e+00 0.000000000000000000e+00 0.000000000000000000e+00 0.000000000000000000e+00 0.000000000000000000e+00 0.000000000000000000e+00 0.000000000000000000e+00 0.000000000000000000e+00 0.000000000000000000e+00 0.000000000000000000e+00 0.000000000000000000e+00 0.000000000000000000e+00 0.000000000000000000e+00 0.000000000000000000e+00 0.000000000000000000e+00 0.000000000000000000e+00 0.000000000000000000e+00
0.000000000000000000e+00 0.000000000000000000e+00 0.000000000000000000e+00 0.000000000000000000e+00 0.000000000000000000e+00 0.000000000000000000e+00 0.000000000000000000e+00 0.000000000000000000e+00 0.000000000000000000e+00 0.000000000000000000e+00 0.000000000000000000e+00 0.000000000000000000e+00 0.000000000000000000e+00 0.000000000000000000e+00 0.000000000000000000e+00 0.000000000000000000e+00 0.000000000000000000e+00 0.000000000000000000e+00 0.000000000000000000e+00 0.000000000000000000e+00 0.000000000000000000e+00 0.000000000000000000e+00 0.000000000000000000e+00 0.000000000000000000e+00 0.000000000000000000e+00 0.000000000000000000e+00 0.000000000000000000e+00 0.000000000000000000e+00 0.000000000000000000e+00 0.000000000000000000e+00 0.000000000000000000e+00 0.000000000000000000e+00 0.000000000000000000e+00 0.000000000000000000e+00 0.000000000000000000e+00 0.000000000000000000e+00 0.000000000000000000e+00 0.000000000000000000e+00 0.000000000000000000e+00 0.000000000000000000e+00 0.000000000000000000e+00 0.000000000000000000e+00 0.000000000000000000e+00 0.000000000000000000e+00 0.000000000000000000e+00 0.000000000000000000e+00 0.000000000000000000e+00 0.000000000000000000e+00 0.000000000000000000e+00 0.000000000000000000e+00 0.000000000000000000e+00 0.000000000000000000e+00 0.000000000000000000e+00 0.000000000000000000e+00 0.000000000000000000e+00 0.000000000000000000e+00 0.000000000000000000e+00 0.000000000000000000e+00 0.000000000000000000e+00 0.000000000000000000e+00 0.000000000000000000e+00 0.000000000000000000e+00 0.000000000000000000e+00 0.000000000000000000e+00 0.000000000000000000e+00 0.000000000000000000e+00 0.000000000000000000e+00 0.000000000000000000e+00 0.000000000000000000e+00 0.000000000000000000e+00 0.000000000000000000e+00 0.000000000000000000e+00 0.000000000000000000e+00 0.000000000000000000e+00 0.000000000000000000e+00 0.000000000000000000e+00 0.000000000000000000e+00 0.000000000000000000e+00 0.000000000000000000e+00 0.000000000000000000e+00 0.000000000000000000e+00 0.000000000000000000e+00 0.000000000000000000e+00 0.000000000000000000e+00 0.000000000000000000e+00 0.000000000000000000e+00 0.000000000000000000e+00 0.000000000000000000e+00 0.000000000000000000e+00
0.000000000000000000e+00 0.000000000000000000e+00 0.000000000000000000e+00 0.000000000000000000e+00 0.000000000000000000e+00 0.000000000000000000e+00 0.000000000000000000e+00 0.000000000000000000e+00 0.000000000000000000e+00 0.000000000000000000e+00 0.000000000000000000e+00 0.000000000000000000e+00 0.000000000000000000e+00 0.000000000000000000e+00 0.000000000000000000e+00 0.000000000000000000e+00 0.000000000000000000e+00 0.000000000000000000e+00 0.000000000000000000e+00 0.000000000000000000e+00 0.000000000000000000e+00 0.000000000000000000e+00 0.000000000000000000e+00 0.000000000000000000e+00 0.000000000000000000e+00 0.000000000000000000e+00 0.000000000000000000e+00 0.000000000000000000e+00 0.000000000000000000e+00 0.000000000000000000e+00 0.000000000000000000e+00 0.000000000000000000e+00 0.000000000000000000e+00 0.000000000000000000e+00 0.000000000000000000e+00 0.000000000000000000e+00 0.000000000000000000e+00 0.000000000000000000e+00 0.000000000000000000e+00 0.000000000000000000e+00 0.000000000000000000e+00 0.000000000000000000e+00 0.000000000000000000e+00 0.000000000000000000e+00 0.000000000000000000e+00 0.000000000000000000e+00 0.000000000000000000e+00 0.000000000000000000e+00 0.000000000000000000e+00 0.000000000000000000e+00 0.000000000000000000e+00 0.000000000000000000e+00 0.000000000000000000e+00 0.000000000000000000e+00 0.000000000000000000e+00 0.000000000000000000e+00 0.000000000000000000e+00 0.000000000000000000e+00 0.000000000000000000e+00 0.000000000000000000e+00 0.000000000000000000e+00 0.000000000000000000e+00 0.000000000000000000e+00 0.000000000000000000e+00 0.000000000000000000e+00 0.000000000000000000e+00 0.000000000000000000e+00 0.000000000000000000e+00 0.000000000000000000e+00 0.000000000000000000e+00 0.000000000000000000e+00 0.000000000000000000e+00 0.000000000000000000e+00 0.000000000000000000e+00 0.000000000000000000e+00 0.000000000000000000e+00 0.000000000000000000e+00 0.000000000000000000e+00 0.000000000000000000e+00 0.000000000000000000e+00 0.000000000000000000e+00 0.000000000000000000e+00 0.000000000000000000e+00 0.000000000000000000e+00 0.000000000000000000e+00 0.000000000000000000e+00 0.000000000000000000e+00 0.000000000000000000e+00 0.000000000000000000e+00
0.000000000000000000e+00 0.000000000000000000e+00 0.000000000000000000e+00 5.670000000000000000e+02 1.212000000000000000e+03 6.150000000000000000e+02 1.000000000000000000e+00 2.100000000000000000e+01 3.000000000000000000e+00 2.450000000000000000e+02 1.000000000000000000e+00 1.332000000000000000e+03 0.000000000000000000e+00 0.000000000000000000e+00 1.000000000000000000e+00 2.000000000000000000e+00 0.000000000000000000e+00 1.000000000000000000e+00 0.000000000000000000e+00 0.000000000000000000e+00 0.000000000000000000e+00 0.000000000000000000e+00 0.000000000000000000e+00 0.000000000000000000e+00 0.000000000000000000e+00 0.000000000000000000e+00 0.000000000000000000e+00 0.000000000000000000e+00 2.000000000000000000e+00 0.000000000000000000e+00 0.000000000000000000e+00 3.000000000000000000e+00 0.000000000000000000e+00 0.000000000000000000e+00 0.000000000000000000e+00 0.000000000000000000e+00 0.000000000000000000e+00 1.100000000000000000e+01 2.100000000000000000e+01 0.000000000000000000e+00 0.000000000000000000e+00 0.000000000000000000e+00 0.000000000000000000e+00 0.000000000000000000e+00 0.000000000000000000e+00 0.000000000000000000e+00 0.000000000000000000e+00 0.000000000000000000e+00 0.000000000000000000e+00 0.000000000000000000e+00 0.000000000000000000e+00 0.000000000000000000e+00 0.000000000000000000e+00 0.000000000000000000e+00 0.000000000000000000e+00 0.000000000000000000e+00 0.000000000000000000e+00 0.000000000000000000e+00 0.000000000000000000e+00 0.000000000000000000e+00 0.000000000000000000e+00 0.000000000000000000e+00 0.000000000000000000e+00 0.000000000000000000e+00 0.000000000000000000e+00 0.000000000000000000e+00 0.000000000000000000e+00 0.000000000000000000e+00 0.000000000000000000e+00 0.000000000000000000e+00 0.000000000000000000e+00 0.000000000000000000e+00 0.000000000000000000e+00 0.000000000000000000e+00 0.000000000000000000e+00 0.000000000000000000e+00 0.000000000000000000e+00 0.000000000000000000e+00 0.000000000000000000e+00 0.000000000000000000e+00 0.000000000000000000e+00 0.000000000000000000e+00 0.000000000000000000e+00 0.000000000000000000e+00 0.000000000000000000e+00 0.000000000000000000e+00 0.000000000000000000e+00 0.000000000000000000e+00 0.000000000000000000e+00
0.000000000000000000e+00 0.000000000000000000e+00 0.000000000000000000e+00 1.212000000000000000e+03 1.395000000000000000e+04 1.259400000000000000e+04 3.100000000000000000e+01 3.370000000000000000e+02 2.260000000000000000e+02 2.148000000000000000e+03 1.330000000000000000e+02 2.114000000000000000e+03 3.100000000000000000e+01 1.000000000000000000e+00 1.680000000000000000e+02 7.860000000000000000e+02 4.300000000000000000e+01 2.700000000000000000e+01 4.700000000000000000e+01 0.000000000000000000e+00 0.000000000000000000e+00 0.000000000000000000e+00 0.000000000000000000e+00 0.000000000000000000e+00 0.000000000000000000e+00 0.000000000000000000e+00 1.000000000000000000e+00 0.000000000000000000e+00 1.400000000000000000e+01 5.000000000000000000e+00 0.000000000000000000e+00 3.400000000000000000e+01 1.600000000000000000e+01 0.000000000000000000e+00 0.000000000000000000e+00 0.000000000000000000e+00 0.000000000000000000e+00 1.647000000000000000e+03 2.441000000000000000e+03 1.800000000000000000e+01 0.000000000000000000e+00 2.000000000000000000e+00 0.000000000000000000e+00 1.000000000000000000e+00 2.135000000000000000e+03 3.500000000000000000e+01 0.000000000000000000e+00 0.000000000000000000e+00 0.000000000000000000e+00 0.000000000000000000e+00 2.000000000000000000e+00 1.000000000000000000e+00 4.000000000000000000e+00 0.000000000000000000e+00 4.000000000000000000e+00 1.000000000000000000e+00 0.000000000000000000e+00 0.000000000000000000e+00 2.000000000000000000e+00 3.000000000000000000e+00 2.000000000000000000e+00 0.000000000000000000e+00 0.000000000000000000e+00 0.000000000000000000e+00 0.000000000000000000e+00 0.000000000000000000e+00 0.000000000000000000e+00 0.000000000000000000e+00 0.000000000000000000e+00 0.000000000000000000e+00 0.000000000000000000e+00 0.000000000000000000e+00 0.000000000000000000e+00 0.000000000000000000e+00 0.000000000000000000e+00 0.000000000000000000e+00 0.000000000000000000e+00 0.000000000000000000e+00 0.000000000000000000e+00 0.000000000000000000e+00 2.700000000000000000e+01 5.000000000000000000e+00 1.000000000000000000e+00 0.000000000000000000e+00 0.000000000000000000e+00 0.000000000000000000e+00 0.000000000000000000e+00 1.000000000000000000e+01 6.000000000000000000e+00
0.000000000000000000e+00 0.000000000000000000e+00 0.000000000000000000e+00 6.150000000000000000e+02 1.259400000000000000e+04 1.970600000000000000e+04 3.662000000000000000e+03 3.678000000000000000e+03 5.350000000000000000e+02 6.082000000000000000e+03 4.730000000000000000e+02 2.006000000000000000e+03 8.300000000000000000e+01 2.000000000000000000e+00 7.320000000000000000e+02 1.069000000000000000e+03 5.100000000000000000e+01 2.500000000000000000e+01 4.400000000000000000e+01 0.000000000000000000e+00 0.000000000000000000e+00 0.000000000000000000e+00 0.000000000000000000e+00 1.000000000000000000e+00 7.000000000000000000e+00 6.000000000000000000e+00 0.000000000000000000e+00 1.000000000000000000e+00 4.800000000000000000e+01 2.200000000000000000e+01 0.000000000000000000e+00 4.000000000000000000e+01 5.800000000000000000e+01 1.000000000000000000e+00 1.000000000000000000e+00 0.000000000000000000e+00 0.000000000000000000e+00 1.953000000000000000e+03 8.079000000000000000e+03 9.000000000000000000e+01 0.000000000000000000e+00 4.000000000000000000e+00 5.000000000000000000e+00 2.300000000000000000e+01 3.230000000000000000e+02 1.400000000000000000e+01 0.000000000000000000e+00 1.000000000000000000e+00 6.000000000000000000e+00 0.000000000000000000e+00 1.100000000000000000e+01 2.000000000000000000e+00 1.000000000000000000e+01 2.000000000000000000e+00 8.000000000000000000e+00 0.000000000000000000e+00 0.000000000000000000e+00 0.000000000000000000e+00 5.000000000000000000e+00 9.000000000000000000e+00 0.000000000000000000e+00 2.000000000000000000e+00 0.000000000000000000e+00 0.000000000000000000e+00 0.000000000000000000e+00 0.000000000000000000e+00 0.000000000000000000e+00 0.000000000000000000e+00 0.000000000000000000e+00 0.000000000000000000e+00 0.000000000000000000e+00 0.000000000000000000e+00 1.000000000000000000e+00 0.000000000000000000e+00 0.000000000000000000e+00 0.000000000000000000e+00 0.000000000000000000e+00 0.000000000000000000e+00 0.000000000000000000e+00 0.000000000000000000e+00 6.300000000000000000e+01 1.100000000000000000e+01 1.000000000000000000e+00 0.000000000000000000e+00 0.000000000000000000e+00 0.000000000000000000e+00 0.000000000000000000e+00 1.500000000000000000e+01 0.000000000000000000e+00
0.000000000000000000e+00 0.000000000000000000e+00 0.000000000000000000e+00 1.000000000000000000e+00 3.100000000000000000e+01 3.662000000000000000e+03 5.315000000000000000e+03 3.215000000000000000e+03 3.600000000000000000e+01 1.578000000000000000e+03 9.000000000000000000e+00 3.300000000000000000e+01 5.000000000000000000e+00 0.000000000000000000e+00 1.500000000000000000e+01 3.700000000000000000e+01 0.000000000000000000e+00 0.000000000000000000e+00 0.000000000000000000e+00 0.000000000000000000e+00 0.000000000000000000e+00 0.000000000000000000e+00 0.000000000000000000e+00 0.000000000000000000e+00 0.000000000000000000e+00 0.000000000000000000e+00 0.000000000000000000e+00 0.000000000000000000e+00 2.000000000000000000e+00 1.000000000000000000e+00 0.000000000000000000e+00 1.000000000000000000e+00 0.000000000000000000e+00 0.000000000000000000e+00 0.000000000000000000e+00 0.000000000000000000e+00 0.000000000000000000e+00 6.000000000000000000e+00 1.420000000000000000e+02 3.000000000000000000e+00 0.000000000000000000e+00 0.000000000000000000e+00 0.000000000000000000e+00 0.000000000000000000e+00 1.000000000000000000e+00 0.000000000000000000e+00 0.000000000000000000e+00 0.000000000000000000e+00 0.000000000000000000e+00 0.000000000000000000e+00 0.000000000000000000e+00 0.000000000000000000e+00 0.000000000000000000e+00 0.000000000000000000e+00 0.000000000000000000e+00 0.000000000000000000e+00 0.000000000000000000e+00 0.000000000000000000e+00 0.000000000000000000e+00 0.000000000000000000e+00 0.000000000000000000e+00 0.000000000000000000e+00 0.000000000000000000e+00 0.000000000000000000e+00 0.000000000000000000e+00 0.000000000000000000e+00 0.000000000000000000e+00 0.000000000000000000e+00 0.000000000000000000e+00 0.000000000000000000e+00 0.000000000000000000e+00 0.000000000000000000e+00 0.000000000000000000e+00 0.000000000000000000e+00 0.000000000000000000e+00 0.000000000000000000e+00 0.000000000000000000e+00 0.000000000000000000e+00 0.000000000000000000e+00 0.000000000000000000e+00 1.000000000000000000e+00 0.000000000000000000e+00 0.000000000000000000e+00 0.000000000000000000e+00 0.000000000000000000e+00 0.000000000000000000e+00 0.000000000000000000e+00 0.000000000000000000e+00 0.000000000000000000e+00
0.000000000000000000e+00 0.000000000000000000e+00 0.000000000000000000e+00 2.100000000000000000e+01 3.370000000000000000e+02 3.678000000000000000e+03 3.215000000000000000e+03 8.226000000000000000e+03 3.355000000000000000e+03 6.642000000000000000e+03 1.000000000000000000e+02 1.676000000000000000e+03 1.460000000000000000e+02 0.000000000000000000e+00 6.090000000000000000e+02 9.810000000000000000e+02 9.000000000000000000e+01 2.300000000000000000e+01 1.000000000000000000e+01 0.000000000000000000e+00 0.000000000000000000e+00 0.000000000000000000e+00 0.000000000000000000e+00 0.000000000000000000e+00 0.000000000000000000e+00 0.000000000000000000e+00 1.000000000000000000e+00 0.000000000000000000e+00 7.500000000000000000e+01 4.500000000000000000e+01 2.000000000000000000e+00 1.100000000000000000e+01 1.300000000000000000e+01 1.000000000000000000e+00 3.000000000000000000e+00 0.000000000000000000e+00 0.000000000000000000e+00 1.460000000000000000e+02 3.880000000000000000e+02 3.000000000000000000e+00 0.000000000000000000e+00 3.000000000000000000e+00 1.000000000000000000e+00 3.000000000000000000e+00 1.200000000000000000e+01 2.000000000000000000e+00 0.000000000000000000e+00 6.000000000000000000e+00 3.100000000000000000e+01 1.000000000000000000e+00 1.010000000000000000e+02 1.900000000000000000e+01 7.500000000000000000e+01 9.000000000000000000e+00 4.600000000000000000e+01 1.600000000000000000e+01 1.000000000000000000e+00 9.000000000000000000e+00 4.800000000000000000e+01 1.100000000000000000e+01 8.000000000000000000e+00 2.000000000000000000e+00 0.000000000000000000e+00 0.000000000000000000e+00 0.000000000000000000e+00 0.000000000000000000e+00 0.000000000000000000e+00 0.000000000000000000e+00 0.000000000000000000e+00 0.000000000000000000e+00 0.000000000000000000e+00 2.000000000000000000e+00 1.000000000000000000e+00 0.000000000000000000e+00 1.000000000000000000e+00 0.000000000000000000e+00 0.000000000000000000e+00 0.000000000000000000e+00 0.000000000000000000e+00 0.000000000000000000e+00 5.400000000000000000e+01 6.400000000000000000e+01 1.000000000000000000e+00 0.000000000000000000e+00 0.000000000000000000e+00 0.000000000000000000e+00 0.000000000000000000e+00 0.000000000000000000e+00 0.000000000000000000e+00
0.000000000000000000e+00 0.000000000000000000e+00 0.000000000000000000e+00 3.000000000000000000e+00 2.260000000000000000e+02 5.350000000000000000e+02 3.600000000000000000e+01 3.355000000000000000e+03 1.044500000000000000e+04 5.501000000000000000e+03 3.630000000000000000e+02 1.673000000000000000e+03 3.602000000000000000e+03 2.000000000000000000e+00 1.528000000000000000e+03 1.307000000000000000e+03 4.540000000000000000e+02 7.600000000000000000e+01 5.500000000000000000e+01 0.000000000000000000e+00 2.000000000000000000e+00 0.000000000000000000e+00 0.000000000000000000e+00 0.000000000000000000e+00 0.000000000000000000e+00 2.000000000000000000e+00 8.000000000000000000e+00 0.000000000000000000e+00 1.247000000000000000e+03 9.860000000000000000e+02 3.000000000000000000e+00 6.000000000000000000e+01 5.300000000000000000e+01 4.000000000000000000e+00 5.000000000000000000e+00 1.000000000000000000e+00 2.000000000000000000e+00 1.827000000000000000e+03 1.743000000000000000e+03 5.300000000000000000e+01 0.000000000000000000e+00 4.000000000000000000e+00 2.000000000000000000e+00 2.000000000000000000e+00 2.300000000000000000e+01 2.000000000000000000e+01 0.000000000000000000e+00 0.000000000000000000e+00 4.000000000000000000e+00 0.000000000000000000e+00 3.500000000000000000e+01 2.600000000000000000e+01 4.300000000000000000e+01 1.100000000000000000e+01 8.200000000000000000e+01 1.000000000000000000e+00 0.000000000000000000e+00 0.000000000000000000e+00 2.200000000000000000e+01 8.100000000000000000e+01 8.000000000000000000e+00 1.000000000000000000e+00 0.000000000000000000e+00 0.000000000000000000e+00 0.000000000000000000e+00 0.000000000000000000e+00 0.000000000000000000e+00 0.000000000000000000e+00 0.000000000000000000e+00 0.000000000000000000e+00 0.000000000000000000e+00 1.000000000000000000e+00 0.000000000000000000e+00 0.000000000000000000e+00 0.000000000000000000e+00 1.000000000000000000e+00 0.000000000000000000e+00 0.000000000000000000e+00 0.000000000000000000e+00 0.000000000000000000e+00 8.000000000000000000e+00 1.400000000000000000e+01 0.000000000000000000e+00 0.000000000000000000e+00 1.000000000000000000e+00 0.000000000000000000e+00 0.000000000000000000e+00 2.000000000000000000e+00 0.000000000000000000e+00
0.000000000000000000e+00 0.000000000000000000e+00 0.000000000000000000e+00 2.450000000000000000e+02 2.148000000000000000e+03 6.082000000000000000e+03 1.578000000000000000e+03 6.642000000000000000e+03 5.501000000000000000e+03 5.608300000000000000e+04 7.092000000000000000e+03 1.483100000000000000e+04 8.970000000000000000e+02 1.300000000000000000e+01 2.036000000000000000e+03 2.012000000000000000e+03 6.490000000000000000e+02 1.360000000000000000e+02 2.380000000000000000e+02 0.000000000000000000e+00 1.000000000000000000e+00 0.000000000000000000e+00 0.000000000000000000e+00 0.000000000000000000e+00 0.000000000000000000e+00 6.000000000000000000e+00 3.000000000000000000e+00 1.000000000000000000e+00 5.280000000000000000e+02 2.060000000000000000e+02 1.400000000000000000e+01 2.570000000000000000e+02 4.150000000000000000e+02 6.000000000000000000e+00 8.000000000000000000e+00 5.000000000000000000e+00 3.000000000000000000e+00 1.473000000000000000e+03 3.810000000000000000e+03 7.900000000000000000e+01 0.000000000000000000e+00 1.000000000000000000e+01 7.000000000000000000e+00 9.000000000000000000e+00 1.090000000000000000e+02 2.300000000000000000e+01 0.000000000000000000e+00 5.000000000000000000e+00 2.300000000000000000e+01 1.000000000000000000e+00 4.800000000000000000e+01 1.800000000000000000e+01 6.200000000000000000e+01 1.200000000000000000e+01 5.400000000000000000e+01 5.000000000000000000e+00 0.000000000000000000e+00 1.000000000000000000e+00 4.500000000000000000e+01 7.300000000000000000e+01 1.400000000000000000e+01 2.000000000000000000e+00 0.000000000000000000e+00 0.000000000000000000e+00 0.000000000000000000e+00 0.000000000000000000e+00 0.000000000000000000e+00 0.000000000000000000e+00 0.000000000000000000e+00 0.000000000000000000e+00 0.000000000000000000e+00 2.000000000000000000e+00 1.000000000000000000e+00 0.000000000000000000e+00 0.000000000000000000e+00 3.000000000000000000e+00 0.000000000000000000e+00 0.000000000000000000e+00 0.000000000000000000e+00 0.000000000000000000e+00 2.700000000000000000e+01 3.300000000000000000e+01 5.000000000000000000e+00 0.000000000000000000e+00 0.000000000000000000e+00 0.000000000000000000e+00 1.000000000000000000e+00 1.000000000000000000e+00 1.000000000000000000e+00
0.000000000000000000e+00 0.000000000000000000e+00 0.000000000000000000e+00 1.000000000000000000e+00 1.330000000000000000e+02 4.730000000000000000e+02 9.000000000000000000e+00 1.000000000000000000e+02 3.630000000000000000e+02 7.092000000000000000e+03 2.001800000000000000e+04 7.351000000000000000e+03 4.228000000000000000e+03 3.300000000000000000e+01 5.790000000000000000e+02 5.290000000000000000e+02 5.050000000000000000e+02 4.020000000000000000e+02 7.320000000000000000e+02 0.000000000000000000e+00 9.700000000000000000e+01 2.400000000000000000e+01 4.000000000000000000e+00 2.000000000000000000e+00 1.300000000000000000e+01 8.300000000000000000e+01 3.000000000000000000e+00 9.200000000000000000e+01 1.874000000000000000e+03 3.116000000000000000e+03 5.190000000000000000e+02 1.607000000000000000e+03 3.466000000000000000e+03 2.010000000000000000e+02 9.520000000000000000e+02 1.690000000000000000e+02 3.240000000000000000e+02 1.819000000000000000e+03 1.550000000000000000e+03 5.040000000000000000e+02 0.000000000000000000e+00 8.300000000000000000e+01 1.250000000000000000e+02 8.800000000000000000e+01 8.000000000000000000e+00 1.200000000000000000e+02 0.000000000000000000e+00 1.000000000000000000e+00 1.000000000000000000e+00 0.000000000000000000e+00 2.000000000000000000e+00 1.100000000000000000e+01 3.700000000000000000e+01 5.200000000000000000e+01 5.200000000000000000e+01 1.800000000000000000e+01 1.000000000000000000e+00 1.000000000000000000e+00 9.000000000000000000e+00 4.300000000000000000e+01 2.300000000000000000e+01 3.000000000000000000e+00 0.000000000000000000e+00 0.000000000000000000e+00 0.000000000000000000e+00 0.000000000000000000e+00 0.000000000000000000e+00 0.000000000000000000e+00 0.000000000000000000e+00 0.000000000000000000e+00 0.000000000000000000e+00 1.000000000000000000e+00 2.000000000000000000e+00 0.000000000000000000e+00 0.000000000000000000e+00 0.000000000000000000e+00 0.000000000000000000e+00 0.000000000000000000e+00 0.000000000000000000e+00 0.000000000000000000e+00 3.000000000000000000e+00 1.600000000000000000e+01 1.000000000000000000e+00 0.000000000000000000e+00 0.000000000000000000e+00 0.000000000000000000e+00 0.000000000000000000e+00 1.000000000000000000e+00 0.000000000000000000e+00
0.000000000000000000e+00 0.000000000000000000e+00 0.000000000000000000e+00 1.332000000000000000e+03 2.114000000000000000e+03 2.006000000000000000e+03 3.300000000000000000e+01 1.676000000000000000e+03 1.673000000000000000e+03 1.483100000000000000e+04 7.351000000000000000e+03 1.037690000000000000e+05 3.731000000000000000e+03 1.040700000000000000e+04 4.610000000000000000e+02 4.543000000000000000e+03 3.464000000000000000e+03 1.769000000000000000e+03 1.527000000000000000e+03 0.000000000000000000e+00 1.000000000000000000e+00 1.000000000000000000e+00 0.000000000000000000e+00 0.000000000000000000e+00 2.000000000000000000e+00 1.400000000000000000e+01 6.000000000000000000e+00 9.000000000000000000e+00 1.237000000000000000e+03 4.430000000000000000e+02 1.700000000000000000e+01 1.131000000000000000e+03 1.072000000000000000e+03 6.000000000000000000e+00 2.000000000000000000e+01 2.000000000000000000e+00 8.000000000000000000e+00 1.835000000000000000e+03 2.332000000000000000e+03 3.400000000000000000e+02 0.000000000000000000e+00 7.200000000000000000e+01 1.200000000000000000e+01 4.700000000000000000e+01 2.500000000000000000e+01 6.400000000000000000e+01 0.000000000000000000e+00 5.000000000000000000e+00 1.200000000000000000e+01 1.000000000000000000e+00 2.300000000000000000e+01 3.300000000000000000e+01 1.070000000000000000e+02 4.400000000000000000e+01 3.460000000000000000e+02 2.000000000000000000e+01 6.000000000000000000e+00 4.000000000000000000e+00 3.700000000000000000e+01 2.070000000000000000e+02 6.700000000000000000e+01 7.000000000000000000e+00 0.000000000000000000e+00 0.000000000000000000e+00 0.000000000000000000e+00 0.000000000000000000e+00 0.000000000000000000e+00 0.000000000000000000e+00 0.000000000000000000e+00 0.000000000000000000e+00 0.000000000000000000e+00 4.000000000000000000e+00 4.000000000000000000e+00 0.000000000000000000e+00 6.000000000000000000e+00 0.000000000000000000e+00 0.000000000000000000e+00 0.000000000000000000e+00 0.000000000000000000e+00 0.000000000000000000e+00 2.700000000000000000e+01 3.600000000000000000e+01 3.000000000000000000e+00 0.000000000000000000e+00 1.000000000000000000e+00 0.000000000000000000e+00 0.000000000000000000e+00 2.000000000000000000e+00 0.000000000000000000e+00
0.000000000000000000e+00 0.000000000000000000e+00 0.000000000000000000e+00 0.000000000000000000e+00 3.100000000000000000e+01 8.300000000000000000e+01 5.000000000000000000e+00 1.460000000000000000e+02 3.602000000000000000e+03 8.970000000000000000e+02 4.228000000000000000e+03 3.731000000000000000e+03 4.407700000000000000e+04 1.132000000000000000e+04 1.890000000000000000e+03 1.060000000000000000e+02 9.200000000000000000e+01 1.109000000000000000e+03 5.500000000000000000e+02 0.000000000000000000e+00 7.000000000000000000e+00 0.000000000000000000e+00 0.000000000000000000e+00 1.000000000000000000e+00 7.000000000000000000e+00 2.130000000000000000e+02 1.300000000000000000e+01 1.400000000000000000e+01 1.321000000000000000e+04 6.148000000000000000e+03 9.400000000000000000e+01 3.057000000000000000e+03 1.624000000000000000e+03 3.400000000000000000e+01 9.900000000000000000e+01 1.200000000000000000e+01 2.200000000000000000e+01 1.783000000000000000e+03 7.321000000000000000e+03 2.111000000000000000e+03 0.000000000000000000e+00 3.780000000000000000e+02 5.000000000000000000e+00 9.800000000000000000e+01 2.000000000000000000e+00 6.700000000000000000e+01 0.000000000000000000e+00 0.000000000000000000e+00 2.000000000000000000e+00 0.000000000000000000e+00 0.000000000000000000e+00 0.000000000000000000e+00 1.000000000000000000e+01 1.600000000000000000e+01 1.500000000000000000e+01 2.200000000000000000e+01 1.000000000000000000e+00 1.000000000000000000e+00 4.000000000000000000e+00 1.500000000000000000e+01 2.200000000000000000e+01 3.000000000000000000e+00 0.000000000000000000e+00 0.000000000000000000e+00 0.000000000000000000e+00 0.000000000000000000e+00 0.000000000000000000e+00 0.000000000000000000e+00 0.000000000000000000e+00 0.000000000000000000e+00 0.000000000000000000e+00 6.000000000000000000e+00 4.000000000000000000e+00 0.000000000000000000e+00 1.000000000000000000e+00 3.000000000000000000e+00 0.000000000000000000e+00 0.000000000000000000e+00 0.000000000000000000e+00 0.000000000000000000e+00 6.000000000000000000e+00 1.300000000000000000e+01 4.000000000000000000e+00 0.000000000000000000e+00 1.000000000000000000e+00 0.000000000000000000e+00 0.000000000000000000e+00 0.000000000000000000e+00 0.000000000000000000e+00
0.000000000000000000e+00 0.000000000000000000e+00 0.000000000000000000e+00 0.000000000000000000e+00 1.000000000000000000e+00 2.000000000000000000e+00 0.000000000000000000e+00 0.000000000000000000e+00 2.000000000000000000e+00 1.300000000000000000e+01 3.300000000000000000e+01 1.040700000000000000e+04 1.132000000000000000e+04 5.355000000000000000e+03 2.400000000000000000e+01 2.800000000000000000e+01 5.000000000000000000e+01 1.170000000000000000e+02 4.900000000000000000e+01 0.000000000000000000e+00 0.000000000000000000e+00 0.000000000000000000e+00 0.000000000000000000e+00 0.000000000000000000e+00 0.000000000000000000e+00 2.000000000000000000e+00 1.000000000000000000e+00 1.000000000000000000e+00 7.093000000000000000e+03 1.270000000000000000e+02 4.000000000000000000e+00 4.970000000000000000e+02 1.470000000000000000e+02 1.000000000000000000e+00 2.000000000000000000e+00 1.000000000000000000e+00 0.000000000000000000e+00 1.900000000000000000e+01 8.100000000000000000e+01 5.300000000000000000e+01 0.000000000000000000e+00 1.200000000000000000e+01 0.000000000000000000e+00 3.000000000000000000e+00 0.000000000000000000e+00 2.000000000000000000e+00 0.000000000000000000e+00 0.000000000000000000e+00 0.000000000000000000e+00 0.000000000000000000e+00 0.000000000000000000e+00 0.000000000000000000e+00 1.000000000000000000e+00 1.000000000000000000e+00 1.500000000000000000e+01 0.000000000000000000e+00 0.000000000000000000e+00 0.000000000000000000e+00 0.000000000000000000e+00 1.000000000000000000e+00 0.000000000000000000e+00 0.000000000000000000e+00 0.000000000000000000e+00 0.000000000000000000e+00 0.000000000000000000e+00 0.000000000000000000e+00 0.000000000000000000e+00 0.000000000000000000e+00 0.000000000000000000e+00 0.000000000000000000e+00 0.000000000000000000e+00 0.000000000000000000e+00 0.000000000000000000e+00 0.000000000000000000e+00 0.000000000000000000e+00 0.000000000000000000e+00 0.000000000000000000e+00 0.000000000000000000e+00 0.000000000000000000e+00 0.000000000000000000e+00 0.000000000000000000e+00 0.000000000000000000e+00 0.000000000000000000e+00 0.000000000000000000e+00 0.000000000000000000e+00 0.000000000000000000e+00 0.000000000000000000e+00 0.000000000000000000e+00 0.000000000000000000e+00
0.000000000000000000e+00 0.000000000000000000e+00 0.000000000000000000e+00 1.000000000000000000e+00 1.680000000000000000e+02 7.320000000000000000e+02 1.500000000000000000e+01 6.090000000000000000e+02 1.528000000000000000e+03 2.036000000000000000e+03 5.790000000000000000e+02 4.610000000000000000e+02 1.890000000000000000e+03 2.400000000000000000e+01 1.050200000000000000e+04 1.570000000000000000e+02 4.400000000000000000e+01 2.130000000000000000e+02 6.040000000000000000e+02 2.700000000000000000e+01 2.130000000000000000e+02 1.200000000000000000e+01 2.180000000000000000e+02 5.080000000000000000e+02 1.251000000000000000e+03 1.601000000000000000e+03 6.070000000000000000e+02 6.150000000000000000e+02 2.247000000000000000e+03 1.057000000000000000e+03 6.860000000000000000e+02 1.890000000000000000e+03 4.740000000000000000e+02 4.500000000000000000e+01 4.620000000000000000e+02 1.500000000000000000e+01 2.260000000000000000e+02 3.270000000000000000e+02 1.085400000000000000e+04 4.020000000000000000e+02 0.000000000000000000e+00 9.050000000000000000e+02 1.054000000000000000e+03 5.450000000000000000e+02 1.700000000000000000e+01 7.130000000000000000e+02 0.000000000000000000e+00 0.000000000000000000e+00 2.000000000000000000e+00 0.000000000000000000e+00 3.000000000000000000e+00 3.000000000000000000e+00 1.600000000000000000e+01 1.700000000000000000e+01 1.400000000000000000e+01 3.100000000000000000e+01 0.000000000000000000e+00 1.000000000000000000e+00 1.100000000000000000e+01 2.600000000000000000e+01 2.500000000000000000e+01 1.200000000000000000e+01 0.000000000000000000e+00 0.000000000000000000e+00 0.000000000000000000e+00 0.000000000000000000e+00 0.000000000000000000e+00 0.000000000000000000e+00 0.000000000000000000e+00 0.000000000000000000e+00 0.000000000000000000e+00 4.000000000000000000e+00 2.000000000000000000e+00 1.000000000000000000e+00 3.000000000000000000e+00 3.000000000000000000e+00 0.000000000000000000e+00 0.000000000000000000e+00 0.000000000000000000e+00 0.000000000000000000e+00 6.000000000000000000e+00 7.000000000000000000e+00 3.000000000000000000e+00 0.000000000000000000e+00 6.000000000000000000e+00 0.000000000000000000e+00 2.000000000000000000e+00 0.000000000000000000e+00 0.000000000000000000e+00
0.000000000000000000e+00 0.000000000000000000e+00 0.000000000000000000e+00 2.000000000000000000e+00 7.860000000000000000e+02 1.069000000000000000e+03 3.700000000000000000e+01 9.810000000000000000e+02 1.307000000000000000e+03 2.012000000000000000e+03 5.290000000000000000e+02 4.543000000000000000e+03 1.060000000000000000e+02 2.800000000000000000e+01 1.570000000000000000e+02 4.394000000000000000e+03 2.193000000000000000e+03 1.163000000000000000e+03 7.310000000000000000e+02 0.000000000000000000e+00 0.000000000000000000e+00 0.000000000000000000e+00 0.000000000000000000e+00 0.000000000000000000e+00 1.000000000000000000e+00 1.000000000000000000e+00 2.000000000000000000e+00 1.000000000000000000e+00 5.100000000000000000e+01 3.800000000000000000e+01 0.000000000000000000e+00 1.120000000000000000e+02 1.030000000000000000e+02 0.000000000000000000e+00 0.000000000000000000e+00 0.000000000000000000e+00 0.000000000000000000e+00 1.289000000000000000e+03 1.708000000000000000e+03 2.100000000000000000e+01 0.000000000000000000e+00 2.800000000000000000e+01 5.000000000000000000e+00 3.000000000000000000e+00 4.260000000000000000e+02 7.000000000000000000e+00 0.000000000000000000e+00 4.000000000000000000e+00 1.200000000000000000e+01 2.000000000000000000e+00 2.100000000000000000e+01 2.600000000000000000e+01 5.600000000000000000e+01 1.900000000000000000e+01 5.000000000000000000e+01 9.000000000000000000e+00 0.000000000000000000e+00 1.000000000000000000e+00 2.500000000000000000e+01 5.200000000000000000e+01 2.600000000000000000e+01 2.100000000000000000e+01 0.000000000000000000e+00 0.000000000000000000e+00 0.000000000000000000e+00 0.000000000000000000e+00 0.000000000000000000e+00 0.000000000000000000e+00 0.000000000000000000e+00 0.000000000000000000e+00 0.000000000000000000e+00 2.000000000000000000e+00 5.000000000000000000e+00 1.000000000000000000e+00 1.000000000000000000e+00 7.000000000000000000e+00 0.000000000000000000e+00 0.000000000000000000e+00 0.000000000000000000e+00 0.000000000000000000e+00 2.400000000000000000e+01 1.600000000000000000e+01 4.000000000000000000e+00 0.000000000000000000e+00 2.000000000000000000e+00 1.000000000000000000e+00 0.000000000000000000e+00 7.000000000000000000e+00 1.000000000000000000e+00
0.000000000000000000e+00 0.000000000000000000e+00 0.000000000000000000e+00 0.000000000000000000e+00 4.300000000000000000e+01 5.100000000000000000e+01 0.000000000000000000e+00 9.000000000000000000e+01 4.540000000000000000e+02 6.490000000000000000e+02 5.050000000000000000e+02 3.464000000000000000e+03 9.200000000000000000e+01 5.000000000000000000e+01 4.400000000000000000e+01 2.193000000000000000e+03 2.529000000000000000e+03 1.305000000000000000e+03 7.550000000000000000e+02 0.000000000000000000e+00 0.000000000000000000e+00 0.000000000000000000e+00 0.000000000000000000e+00 0.000000000000000000e+00 0.000000000000000000e+00 2.000000000000000000e+00 0.000000000000000000e+00 0.000000000000000000e+00 4.600000000000000000e+01 2.800000000000000000e+01 2.000000000000000000e+00 1.500000000000000000e+02 1.340000000000000000e+02 1.000000000000000000e+00 2.000000000000000000e+00 0.000000000000000000e+00 2.000000000000000000e+00 1.350000000000000000e+02 2.000000000000000000e+02 1.200000000000000000e+01 0.000000000000000000e+00 2.200000000000000000e+01 3.000000000000000000e+00 1.000000000000000000e+00 1.100000000000000000e+01 5.000000000000000000e+00 0.000000000000000000e+00 4.000000000000000000e+00 3.000000000000000000e+00 0.000000000000000000e+00 2.900000000000000000e+01 3.800000000000000000e+01 1.640000000000000000e+02 7.500000000000000000e+01 1.350000000000000000e+02 8.000000000000000000e+00 1.000000000000000000e+00 0.000000000000000000e+00 4.400000000000000000e+01 8.700000000000000000e+01 6.200000000000000000e+01 1.400000000000000000e+01 0.000000000000000000e+00 0.000000000000000000e+00 0.000000000000000000e+00 0.000000000000000000e+00 0.000000000000000000e+00 0.000000000000000000e+00 0.000000000000000000e+00 0.000000000000000000e+00 0.000000000000000000e+00 4.000000000000000000e+00 2.000000000000000000e+00 3.000000000000000000e+00 3.000000000000000000e+00 3.000000000000000000e+00 0.000000000000000000e+00 0.000000000000000000e+00 0.000000000000000000e+00 0.000000000000000000e+00 2.300000000000000000e+01 2.000000000000000000e+01 3.000000000000000000e+00 0.000000000000000000e+00 4.000000000000000000e+00 1.000000000000000000e+00 0.000000000000000000e+00 1.000000000000000000e+00 0.000000000000000000e+00
