0.000000000000000000e+00 0.000000000000000000e+00 0.000000000000000000e+00 0.000000000000000000e+00 0.000000000000000000e+00 0.000000000000000000e+00 0.000000000000000000e+00 0.000000000000000000e+00 0.000000000000000000e+00 0.000000000000000000e+00 0.000000000000000000e+00 0.000000000000000000e+00 0.000000000000000000e+00 0.000000000000000000e+00 0.000000000000000000e+00 0.000000000000000000e+00 0.000000000000000000e+00 0.000000000000000000e+00 0.000000000000000000e+00 0.000000000000000000e+00 0.000000000000000000e+00 0.000000000000000000e+00 0.000000000000000000e+00 0.000000000000000000e+00 0.000000000000000000e+00 0.000000000000000000e+00 0.000000000000000000e+00 0.000000000000000000e+00 0.000000000000000000e+00 0.000000000000000000e+00 0.000000000000000000e+00 0.000000000000000000e+00 0.000000000000000000e+00 0.000000000000000000e+00 0.000000000000000000e+00 0.000000000000000000e+00 0.000000000000000000e+00 0.000000000000000000e+00 0.000000000000000000e+00 0.000000000000000000e+00 0.000000000000000000e+00 0.000000000000000000e+00 0.000000000000000000e+00 0.000000000000000000e+00 0.000000000000000000e+00 0.000000000000000000e+00 0.000000000000000000e+00 0.000000000000000000e+00 0.000000000000000000e+00 0.000000000000000000e+00 0.000000000000000000e+00 0.000000000000000000e+00 0.000000000000000000e+00 0.000000000000000000e+00 0.000000000000000000e+00 0.000000000000000000e+00 0.000000000000000000e+00 0.000000000000000000e+00 0.000000000000000000e+00 0.000000000000000000e+00 0.000000000000000000e+00 0.000000000000000000e+00 0.000000000000000000e+00 0.000000000000000000e+00 0.000000000000000000e+00 0.000000000000000000e+00 0.000000000000000000e+00 0.000000000000000000e+00 0.000000000000000000e+00 0.000000000000000000e+00 0.000000000000000000e+00 0.000000000000000000e+00 0.000000000000000000e+00 0.000000000000000000e+00 0.000000000000000000e+00 0.000000000000000000e+00 0.000000000000000000e+00 0.000000000000000000e+00 0.000000000000000000e+00 0.000000000000000000e+00 0.000000000000000000e+00 0.000000000000000000e+00 0.000000000000000000e+00 0.000000000000000000e+00 0.000000000000000000e+00 0.000000000000000000e+00 0.000000000000000000e+00 0.000000000000000000e+00 0.000000000000000000e+00
0.000000000000000000e+00 0.000000000000000000e+00 0.000000000000000000e+00 0.000000000000000000e+00 0.000000000000000000e+00 0.000000000000000000e+00 0.000000000000000000e+00 0.000000000000000000e+00 0.000000000000000000e+00 0.000000000000000000e+00 0.000000000000000000e+00 0.000000000000000000e+00 0.000000000000000000e+00 0.000000000000000000e+00 0.000000000000000000e+00 0.000000000000000000e+00 0.000000000000000000e+00 0.000000000000000000e+00 0.000000000000000000e+00 0.000000000000000000e+00 0.000000000000000000e+00 0.000000000000000000e+00 0.000000000000000000e+00 0.000000000000000000e+00 0.000000000000000000e+00 0.000000000000000000e+00 0.000000000000000000e+00 0.000000000000000000e+00 0.000000000000000000e+00 0.000000000000000000e+00 0.000000000000000000e+00 0.000000000000000000e+00 0.000000000000000000e+00 0.000000000000000000e+00 0.000000000000000000e+00 0.000000000000000000e+00 0.000000000000000000e+00 0.000000000000000000e+00 0.000000000000000000e+00 0.000000000000000000e+00 0.000000000000000000e+00 0.000000000000000000e+00 0.000000000000000000e+00 0.000000000000000000e+00 0.000000000000000000e+00 0.000000000000000000e+00 0.000000000000000000e+00 0.000000000000000000e+00 0.000000000000000000e+00 0.000000000000000000e+00 0.000000000000000000e+00 0.000000000000000000e+00 0.000000000000000000e+00 0.000000000000000000e+00 0.000000000000000000e+00 0.000000000000000000e+00 0.000000000000000000e+00 0.000000000000000000e+00 0.000000000000000000e+00 0.000000000000000000e+00 0.000000000000000000e+00 0.000000000000000000e+00 0.000000000000000000e+00 0.000000000000000000e+00 0.000000000000000000e+00 0.000000000000000000e+00 0.000000000000000000e+00 0.000000000000000000e+00 0.000000000000000000e+00 0.000000000000000000e+00 0.000000000000000000e+00 0.000000000000000000e+00 0.000000000000000000e+00 0.000000000000000000e+00 0.000000000000000000e+00 0.000000000000000000e+00 0.000000000000000000e+00 0.000000000000000000e+00 0.000000000000000000e+00 0.000000000000000000e+00 0.000000000000000000e+00 0.000000000000000000e+00 0.000000000000000000e+00 0.000000000000000000e+00 0.000000000000000000e+00 0.000000000000000000e+00 0.000000000000000000e+00 0.000000000000000000e+00 0.000000000000000000e+00
0.000000000000000000e+00 0.000000000000000000e+00 0.000000000000000000e+00 0.000000000000000000e+00 0.000000000000000000e+00 0.000000000000000000e+00 0.000000000000000000e+00 0.000000000000000000e+00 0.000000000000000000e+00 0.000000000000000000e+00 0.000000000000000000e+00 0.000000000000000000e+00 0.000000000000000000e+00 0.000000000000000000e+00 0.000000000000000000e+00 0.000000000000000000e+00 0.000000000000000000e+00 0.000000000000000000e+00 0.000000000000000000e+00 0.000000000000000000e+00 0.000000000000000000e+00 0.000000000000000000e+00 0.000000000000000000e+00 0.000000000000000000e+00 0.000000000000000000e+00 0.000000000000000000e+00 0.000000000000000000e+00 0.000000000000000000e+00 0.000000000000000000e+00 0.000000000000000000e+00 0.000000000000000000e+00 0.000000000000000000e+00 0.000000000000000000e+00 0.000000000000000000e+00 0.000000000000000000e+00 0.000000000000000000e+00 0.000000000000000000e+00 0.000000000000000000e+00 0.000000000000000000e+00 0.000000000000000000e+00 0.000000000000000000e+00 0.000000000000000000e+00 0.000000000000000000e+00 0.000000000000000000e+00 0.000000000000000000e+00 0.000000000000000000e+00 0.000000000000000000e+00 0.000000000000000000e+00 0.000000000000000000e+00 0.000000000000000000e+00 0.000000000000000000e+00 0.000000000000000000e+00 0.000000000000000000e+00 0.000000000000000000e+00 0.000000000000000000e+00 0.000000000000000000e+00 0.000000000000000000e+00 0.000000000000000000e+00 0.000000000000000000e+00 0.000000000000000000e+00 0.000000000000000000e+00 0.000000000000000000e+00 0.000000000000000000e+00 0.000000000000000000e+00 0.000000000000000000e+00 0.000000000000000000e+00 0.000000000000000000e+00 0.000000000000000000e+00 0.000000000000000000e+00 0.000000000000000000e+00 0.000000000000000000e+00 0.000000000000000000e+00 0.000000000000000000e+00 0.000000000000000000e+00 0.000000000000000000e+00 0.000000000000000000e+00 0.000000000000000000e+00 0.000000000000000000e+00 0.000000000000000000e+00 0.000000000000000000e+00 0.000000000000000000e+00 0.000000000000000000e+00 0.000000000000000000e+00 0.000000000000000000e+00 0.000000000000000000e+00 0.000000000000000000e+00 0.000000000000000000e+00 0.000000000000000000e+00 0.000000000000000000e+00
0.000000000000000000e+00 0.000000000000000000e+00 0.000000000000000000e+00 4.507936507936504356e+00 6.532178217821779320e+00 1.042926829268292011e+01 3.400000000000000711e+01 3.040476190476188734e+01 4.016666666666665009e+01 9.010204081632647188e+00 3.900000000000000711e+01 6.370870870870867897e+00 0.000000000000000000e+00 0.000000000000000000e+00 5.699999999999999289e+01 2.224999999999997868e+01 0.000000000000000000e+00 5.849999999999993605e+01 0.000000000000000000e+00 0.000000000000000000e+00 0.000000000000000000e+00 0.000000000000000000e+00 0.000000000000000000e+00 0.000000000000000000e+00 0.000000000000000000e+00 0.000000000000000000e+00 0.000000000000000000e+00 0.000000000000000000e+00 8.049999999999997158e+01 0.000000000000000000e+00 0.000000000000000000e+00 7.916666666666664298e+01 0.000000000000000000e+00 0.000000000000000000e+00 0.000000000000000000e+00 0.000000000000000000e+00 0.000000000000000000e+00 2.872727272727270531e+01 3.449999999999997868e+01 0.000000000000000000e+00 0.000000000000000000e+00 0.000000000000000000e+00 0.000000000000000000e+00 0.000000000000000000e+00 0.000000000000000000e+00 0.000000000000000000e+00 0.000000000000000000e+00 0.000000000000000000e+00 0.000000000000000000e+00 0.000000000000000000e+00 0.000000000000000000e+00 0.000000000000000000e+00 0.000000000000000000e+00 0.000000000000000000e+00 0.000000000000000000e+00 0.000000000000000000e+00 0.000000000000000000e+00 0.000000000000000000e+00 0.000000000000000000e+00 0.000000000000000000e+00 0.000000000000000000e+00 0.000000000000000000e+00 0.000000000000000000e+00 0.000000000000000000e+00 0.000000000000000000e+00 0.000000000000000000e+00 0.000000000000000000e+00 0.000000000000000000e+00 0.000000000000000000e+00 0.000000000000000000e+00 0.000000000000000000e+00 0.000000000000000000e+00 0.000000000000000000e+00 0.000000000000000000e+00 0.000000000000000000e+00 0.000000000000000000e+00 0.000000000000000000e+00 0.000000000000000000e+00 0.000000000000000000e+00 0.000000000000000000e+00 0.000000000000000000e+00 0.000000000000000000e+00 0.000000000000000000e+00 0.000000000000000000e+00 0.000000000000000000e+00 0.000000000000000000e+00 0.000000000000000000e+00 0.000000000000000000e+00 0.000000000000000000e+00
0.000000000000000000e+00 0.000000000000000000e+00 0.000000000000000000e+00 6.532178217821779320e+00 9.302795698924727574e+00 8.944735588375412050e+00 2.511290322580644130e+01 2.174035608308604850e+01 3.929646017699115390e+01 1.550605214152699496e+01 3.984210526315788314e+01 1.524243140964994758e+01 5.666129032258062637e+01 6.749999999999998579e+01 2.834523809523808424e+01 1.213549618320610080e+01 2.879069767441859540e+01 5.164814814814811683e+01 6.779787234042551347e+01 0.000000000000000000e+00 0.000000000000000000e+00 0.000000000000000000e+00 0.000000000000000000e+00 0.000000000000000000e+00 0.000000000000000000e+00 0.000000000000000000e+00 7.299999999999988631e+01 0.000000000000000000e+00 5.907142857142854808e+01 6.379999999999997584e+01 0.000000000000000000e+00 7.626470588235291359e+01 7.074999999999997158e+01 0.000000000000000000e+00 0.000000000000000000e+00 0.000000000000000000e+00 0.000000000000000000e+00 1.303035822707952995e+01 1.692154854567798949e+01 2.830555555555553937e+01 0.000000000000000000e+00 8.525000000000000000e+01 0.000000000000000000e+00 1.699999999999999645e+01 6.286416861826694458e+00 9.128571428571424562e+00 0.000000000000000000e+00 0.000000000000000000e+00 0.000000000000000000e+00 0.000000000000000000e+00 4.824999999999995026e+01 5.050000000000000711e+01 4.974999999999992184e+01 0.000000000000000000e+00 6.137499999999997158e+01 7.449999999999998579e+01 0.000000000000000000e+00 0.000000000000000000e+00 2.925000000000001066e+01 4.066666666666664298e+01 6.999999999999998579e+01 0.000000000000000000e+00 0.000000000000000000e+00 0.000000000000000000e+00 0.000000000000000000e+00 0.000000000000000000e+00 0.000000000000000000e+00 0.000000000000000000e+00 0.000000000000000000e+00 0.000000000000000000e+00 0.000000000000000000e+00 0.000000000000000000e+00 0.000000000000000000e+00 0.000000000000000000e+00 0.000000000000000000e+00 0.000000000000000000e+00 0.000000000000000000e+00 0.000000000000000000e+00 0.000000000000000000e+00 0.000000000000000000e+00 2.457407407407405131e+01 3.969999999999996021e+01 1.399999999999998224e+01 0.000000000000000000e+00 0.000000000000000000e+00 0.000000000000000000e+00 0.000000000000000000e+00 1.629999999999999005e+01 8.583333333333330373e+00
0.000000000000000000e+00 0.000000000000000000e+00 0.000000000000000000e+00 1.042926829268292011e+01 8.944735588375412050e+00 1.438901857302343856e+01 1.008083014746040007e+01 1.572063621533441413e+01 3.717289719626166544e+01 1.842773758632028347e+01 4.149048625792810441e+01 2.599202392821534602e+01 5.413253012048190271e+01 6.224999999999996447e+01 2.342144808743168483e+01 1.855893358278764183e+01 3.453921568627449545e+01 5.971999999999998465e+01 7.848863636363633134e+01 0.000000000000000000e+00 0.000000000000000000e+00 0.000000000000000000e+00 0.000000000000000000e+00 3.000000000000000000e+01 4.128571428571427049e+01 3.758333333333332149e+01 0.000000000000000000e+00 5.449999999999997158e+01 6.402083333333331439e+01 6.188636363636362603e+01 0.000000000000000000e+00 8.051249999999997442e+01 7.638793103448273314e+01 9.200000000000001421e+01 1.080000000000000284e+02 0.000000000000000000e+00 0.000000000000000000e+00 1.715386584741422737e+01 1.752822131451911147e+01 2.498888888888888005e+01 0.000000000000000000e+00 3.862500000000002842e+01 3.089999999999999503e+01 2.291304347826086030e+01 1.737461300309596268e+01 3.253571428571427759e+01 0.000000000000000000e+00 8.650000000000000000e+01 4.983333333333327886e+01 0.000000000000000000e+00 5.231818181818176328e+01 6.124999999999995737e+01 6.204999999999991900e+01 6.149999999999997158e+01 5.524999999999992895e+01 0.000000000000000000e+00 0.000000000000000000e+00 0.000000000000000000e+00 5.049999999999998579e+01 4.005555555555552161e+01 0.000000000000000000e+00 6.249999999999994316e+01 0.000000000000000000e+00 0.000000000000000000e+00 0.000000000000000000e+00 0.000000000000000000e+00 0.000000000000000000e+00 0.000000000000000000e+00 0.000000000000000000e+00 0.000000000000000000e+00 0.000000000000000000e+00 0.000000000000000000e+00 8.250000000000001421e+01 0.000000000000000000e+00 0.000000000000000000e+00 0.000000000000000000e+00 0.000000000000000000e+00 0.000000000000000000e+00 0.000000000000000000e+00 0.000000000000000000e+00 2.818253968253965525e+01 4.909090909090905086e+01 3.449999999999999289e+01 0.000000000000000000e+00 0.000000000000000000e+00 0.000000000000000000e+00 0.000000000000000000e+00 2.633333333333330728e+01 0.000000000000000000e+00
0.000000000000000000e+00 0.000000000000000000e+00 0.000000000000000000e+00 3.400000000000000711e+01 2.511290322580644130e+01 1.008083014746040007e+01 8.290310442144868119e+00 7.665007776049763244e+00 2.418055555555555003e+01 1.568314321926488830e+01 4.322222222222220722e+01 3.510606060606058776e+01 5.869999999999996732e+01 0.000000000000000000e+00 4.913333333333331865e+01 2.598648648648647352e+01 0.000000000000000000e+00 0.000000000000000000e+00 0.000000000000000000e+00 0.000000000000000000e+00 0.000000000000000000e+00 0.000000000000000000e+00 0.000000000000000000e+00 0.000000000000000000e+00 0.000000000000000000e+00 0.000000000000000000e+00 0.000000000000000000e+00 0.000000000000000000e+00 7.874999999999998579e+01 1.060000000000000568e+02 0.000000000000000000e+00 8.599999999999997158e+01 0.000000000000000000e+00 0.000000000000000000e+00 0.000000000000000000e+00 0.000000000000000000e+00 0.000000000000000000e+00 3.058333333333331794e+01 2.261267605633801381e+01 3.166666666666664653e+01 0.000000000000000000e+00 0.000000000000000000e+00 0.000000000000000000e+00 0.000000000000000000e+00 3.399999999999996447e+01 0.000000000000000000e+00 0.000000000000000000e+00 0.000000000000000000e+00 0.000000000000000000e+00 0.000000000000000000e+00 0.000000000000000000e+00 0.000000000000000000e+00 0.000000000000000000e+00 0.000000000000000000e+00 0.000000000000000000e+00 0.000000000000000000e+00 0.000000000000000000e+00 0.000000000000000000e+00 0.000000000000000000e+00 0.000000000000000000e+00 0.000000000000000000e+00 0.000000000000000000e+00 0.000000000000000000e+00 0.000000000000000000e+00 0.000000000000000000e+00 0.000000000000000000e+00 0.000000000000000000e+00 0.000000000000000000e+00 0.000000000000000000e+00 0.000000000000000000e+00 0.000000000000000000e+00 0.000000000000000000e+00 0.000000000000000000e+00 0.000000000000000000e+00 0.000000000000000000e+00 0.000000000000000000e+00 0.000000000000000000e+00 0.000000000000000000e+00 0.000000000000000000e+00 0.000000000000000000e+00 4.099999999999999289e+01 0.000000000000000000e+00 0.000000000000000000e+00 0.000000000000000000e+00 0.000000000000000000e+00 0.000000000000000000e+00 0.000000000000000000e+00 0.000000000000000000e+00 0.000000000000000000e+00
0.000000000000000000e+00 0.000000000000000000e+00 0.000000000000000000e+00 3.040476190476188734e+01 2.174035608308604850e+01 1.572063621533441413e+01 7.665007776049763244e+00 8.424507658643326735e+00 9.974962742175854657e+00 2.090191207467629297e+01 3.042999999999999261e+01 2.572822195704056369e+01 3.705479452054792944e+01 0.000000000000000000e+00 3.732676518883413053e+01 1.896177370030580533e+01 2.307777777777776862e+01 5.026086956521738358e+01 6.844999999999997442e+01 0.000000000000000000e+00 0.000000000000000000e+00 0.000000000000000000e+00 0.000000000000000000e+00 0.000000000000000000e+00 0.000000000000000000e+00 0.000000000000000000e+00 5.000000000000000711e+01 0.000000000000000000e+00 5.095333333333331893e+01 4.233333333333331439e+01 5.875000000000001421e+01 6.418181818181814435e+01 7.161538461538461320e+01 8.700000000000001421e+01 8.316666666666662877e+01 0.000000000000000000e+00 0.000000000000000000e+00 2.111986301369862318e+01 2.277577319587627613e+01 3.466666666666667851e+01 0.000000000000000000e+00 5.983333333333333570e+01 8.050000000000000000e+01 4.133333333333332149e+01 3.066666666666663943e+01 4.649999999999999289e+01 0.000000000000000000e+00 3.916666666666665009e+01 3.625806451612899650e+01 3.999999999999997868e+01 3.849999999999995737e+01 4.997368421052626530e+01 4.258666666666663048e+01 6.161111111111107164e+01 4.694565217391301104e+01 6.131249999999996447e+01 6.050000000000005684e+01 3.911111111111107164e+01 2.527083333333332504e+01 3.659090909090909349e+01 4.712499999999995737e+01 7.399999999999991473e+01 0.000000000000000000e+00 0.000000000000000000e+00 0.000000000000000000e+00 0.000000000000000000e+00 0.000000000000000000e+00 0.000000000000000000e+00 0.000000000000000000e+00 0.000000000000000000e+00 0.000000000000000000e+00 7.549999999999998579e+01 6.950000000000001421e+01 0.000000000000000000e+00 9.599999999999991473e+01 0.000000000000000000e+00 0.000000000000000000e+00 0.000000000000000000e+00 0.000000000000000000e+00 0.000000000000000000e+00 3.611111111111108585e+01 4.201562499999995737e+01 5.000000000000004974e+01 0.000000000000000000e+00 0.000000000000000000e+00 0.000000000000000000e+00 0.000000000000000000e+00 0.000000000000000000e+00 0.000000000000000000e+00
0.000000000000000000e+00 0.000000000000000000e+00 0.000000000000000000e+00 4.016666666666665009e+01 3.929646017699115390e+01 3.717289719626166544e+01 2.418055555555555003e+01 9.974962742175854657e+00 9.620296792723792123e+00 2.375168151245227222e+01 2.674517906336088302e+01 3.334070531978481711e+01 1.106829539144919572e+01 5.999999999999998579e+01 2.163907068062826156e+01 3.325669472073450805e+01 2.929074889867841236e+01 5.449342105263155389e+01 6.767272727272725774e+01 0.000000000000000000e+00 7.574999999999997158e+01 0.000000000000000000e+00 0.000000000000000000e+00 0.000000000000000000e+00 0.000000000000000000e+00 8.274999999999997158e+01 2.512499999999999645e+01 0.000000000000000000e+00 2.182237369687249284e+01 2.467292089249492193e+01 4.549999999999997868e+01 6.330833333333331581e+01 5.971698113207548175e+01 5.662499999999997158e+01 6.509999999999999432e+01 5.199999999999996447e+01 6.550000000000000000e+01 2.050218938149972558e+01 1.860814687320711514e+01 2.691509433962264097e+01 0.000000000000000000e+00 6.200000000000000000e+01 5.500000000000004974e+01 4.849999999999999289e+01 4.873913043478260221e+01 2.850000000000001066e+01 0.000000000000000000e+00 0.000000000000000000e+00 5.162499999999997158e+01 0.000000000000000000e+00 5.271428571428567267e+01 5.432692307692303046e+01 5.199999999999997158e+01 5.622727272727268399e+01 4.821341463414631079e+01 6.749999999999997158e+01 0.000000000000000000e+00 0.000000000000000000e+00 3.974999999999999289e+01 3.140123456790122347e+01 5.618749999999997158e+01 6.400000000000002842e+01 0.000000000000000000e+00 0.000000000000000000e+00 0.000000000000000000e+00 0.000000000000000000e+00 0.000000000000000000e+00 0.000000000000000000e+00 0.000000000000000000e+00 0.000000000000000000e+00 0.000000000000000000e+00 8.699999999999994316e+01 0.000000000000000000e+00 0.000000000000000000e+00 0.000000000000000000e+00 9.500000000000001421e+01 0.000000000000000000e+00 0.000000000000000000e+00 0.000000000000000000e+00 0.000000000000000000e+00 4.774999999999997158e+01 5.742857142857139507e+01 0.000000000000000000e+00 0.000000000000000000e+00 6.599999999999988631e+01 0.000000000000000000e+00 0.000000000000000000e+00 4.924999999999998579e+01 0.000000000000000000e+00
0.000000000000000000e+00 0.000000000000000000e+00 0.000000000000000000e+00 9.010204081632647188e+00 1.550605214152699496e+01 1.842773758632028347e+01 1.568314321926488830e+01 2.090191207467629297e+01 2.375168151245227222e+01 1.292552110265142673e+01 1.704490975747320647e+01 1.622587822803586377e+01 4.692586399108136419e+01 4.699999999999998579e+01 4.072666994106089078e+01 2.283474155069581712e+01 2.332203389830507234e+01 4.531617647058821774e+01 6.196428571428570109e+01 0.000000000000000000e+00 1.115000000000000000e+02 0.000000000000000000e+00 0.000000000000000000e+00 0.000000000000000000e+00 0.000000000000000000e+00 6.733333333333332860e+01 4.599999999999997868e+01 8.649999999999998579e+01 5.617992424242422800e+01 4.995873786407765493e+01 7.753571428571426338e+01 6.754280155642021555e+01 6.163975903614456087e+01 6.666666666666664298e+01 8.393750000000000000e+01 8.119999999999996021e+01 8.199999999999998579e+01 2.339103869653766665e+01 2.782283464566927478e+01 4.300632911392403912e+01 0.000000000000000000e+00 4.929999999999996874e+01 6.414285714285713880e+01 4.211111111111107874e+01 3.216513761467887633e+01 4.634782608695650907e+01 0.000000000000000000e+00 4.579999999999997584e+01 4.313043478260866692e+01 5.499999999999997158e+01 4.738541666666660745e+01 5.155555555555548608e+01 5.122580645161286839e+01 5.870833333333328596e+01 4.574999999999997158e+01 6.209999999999996589e+01 0.000000000000000000e+00 4.849999999999990052e+01 3.296666666666664725e+01 2.731506849315067242e+01 4.824999999999998579e+01 7.399999999999994316e+01 0.000000000000000000e+00 0.000000000000000000e+00 0.000000000000000000e+00 0.000000000000000000e+00 0.000000000000000000e+00 0.000000000000000000e+00 0.000000000000000000e+00 0.000000000000000000e+00 0.000000000000000000e+00 7.099999999999992895e+01 7.200000000000000000e+01 0.000000000000000000e+00 0.000000000000000000e+00 7.499999999999997158e+01 0.000000000000000000e+00 0.000000000000000000e+00 0.000000000000000000e+00 0.000000000000000000e+00 4.522222222222218591e+01 5.072727272727268399e+01 5.469999999999995310e+01 0.000000000000000000e+00 0.000000000000000000e+00 0.000000000000000000e+00 7.549999999999997158e+01 5.399999999999994316e+01 7.249999999999997158e+01
0.000000000000000000e+00 0.000000000000000000e+00 0.000000000000000000e+00 3.900000000000000711e+01 3.984210526315788314e+01 4.149048625792810441e+01 4.322222222222220722e+01 3.042999999999999261e+01 2.674517906336088302e+01 1.704490975747320647e+01 1.351483664701768461e+01 2.309270847503740853e+01 1.584508041627247010e+01 4.251515151515151558e+01 2.789896373056994960e+01 3.724385633270320284e+01 2.730495049504949634e+01 2.942039800995024379e+01 4.862158469945354966e+01 0.000000000000000000e+00 6.466494845360824684e+01 5.610416666666665719e+01 7.524999999999998579e+01 8.175000000000000000e+01 6.815384615384616041e+01 5.216867469879517927e+01 6.533333333333331439e+01 4.857065217391304657e+01 3.219290288153681701e+01 3.299261874197689082e+01 4.881213872832370271e+01 4.922650902302427056e+01 4.370037507212925476e+01 5.057711442786069966e+01 6.252310924369747624e+01 5.507100591715976634e+01 5.889043209876543017e+01 1.981115997800988637e+01 2.711161290322580797e+01 2.908730158730158877e+01 0.000000000000000000e+00 3.519277108433735179e+01 5.253199999999999648e+01 4.044318181818181301e+01 5.193750000000000000e+01 3.739999999999999858e+01 0.000000000000000000e+00 5.549999999999995737e+01 5.649999999999994316e+01 0.000000000000000000e+00 6.049999999999992895e+01 5.299999999999995737e+01 5.664864864864862426e+01 5.183653846153842437e+01 5.324038461538457767e+01 6.186111111111107164e+01 3.999999999999999289e+01 5.199999999999992184e+01 4.999999999999997158e+01 3.452325581395346887e+01 3.076086956521737648e+01 5.566666666666665009e+01 0.000000000000000000e+00 0.000000000000000000e+00 0.000000000000000000e+00 0.000000000000000000e+00 0.000000000000000000e+00 0.000000000000000000e+00 0.000000000000000000e+00 0.000000000000000000e+00 0.000000000000000000e+00 4.899999999999995026e+01 7.974999999999997158e+01 0.000000000000000000e+00 0.000000000000000000e+00 0.000000000000000000e+00 0.000000000000000000e+00 0.000000000000000000e+00 0.000000000000000000e+00 0.000000000000000000e+00 6.299999999999994316e+01 4.937499999999997158e+01 5.500000000000000711e+01 0.000000000000000000e+00 0.000000000000000000e+00 0.000000000000000000e+00 0.000000000000000000e+00 6.249999999999993605e+01 0.000000000000000000e+00
0.000000000000000000e+00 0.000000000000000000e+00 0.000000000000000000e+00 6.370870870870867897e+00 1.524243140964994758e+01 2.599202392821534602e+01 3.510606060606058776e+01 2.572822195704056369e+01 3.334070531978481711e+01 1.622587822803586377e+01 2.309270847503740853e+01 1.618415904557237539e+01 2.019136960600375374e+01 1.734438358796963442e+01 3.960303687635573766e+01 2.324829407880254450e+01 1.836287528868359331e+01 2.423403052572073690e+01 4.561918795022921103e+01 0.000000000000000000e+00 7.249999999999992895e+01 7.549999999999998579e+01 0.000000000000000000e+00 0.000000000000000000e+00 7.325000000000000000e+01 6.467857142857143060e+01 5.674999999999999289e+01 6.099999999999998579e+01 3.450889248181083246e+01 4.666027088036117476e+01 5.979411764705881183e+01 5.276878868258177135e+01 4.609048507462686217e+01 6.375000000000000000e+01 6.954999999999999716e+01 6.875000000000001421e+01 8.012500000000000000e+01 2.414877384196184451e+01 3.173649228130359035e+01 3.447352941176470864e+01 0.000000000000000000e+00 4.593055555555554292e+01 5.579166666666666430e+01 4.493617021276595835e+01 4.175999999999996959e+01 4.000781250000000000e+01 0.000000000000000000e+00 4.309999999999998010e+01 4.470833333333328596e+01 6.599999999999990052e+01 4.971739130434777820e+01 4.668181818181814435e+01 4.885981308411211899e+01 5.139772727272724495e+01 2.550578034682079220e+01 5.574999999999997868e+01 3.599999999999997158e+01 5.624999999999997868e+01 3.681081081081079276e+01 2.638405797101447803e+01 2.684328358208954413e+01 5.078571428571427049e+01 0.000000000000000000e+00 0.000000000000000000e+00 0.000000000000000000e+00 0.000000000000000000e+00 0.000000000000000000e+00 0.000000000000000000e+00 0.000000000000000000e+00 0.000000000000000000e+00 0.000000000000000000e+00 7.149999999999997158e+01 6.674999999999995737e+01 0.000000000000000000e+00 7.358333333333331439e+01 0.000000000000000000e+00 0.000000000000000000e+00 0.000000000000000000e+00 0.000000000000000000e+00 0.000000000000000000e+00 4.403703703703700967e+01 5.022222222222218591e+01 4.083333333333332860e+01 0.000000000000000000e+00 6.650000000000002842e+01 0.000000000000000000e+00 0.000000000000000000e+00 4.050000000000000000e+01 0.000000000000000000e+00
0.000000000000000000e+00 0.000000000000000000e+00 0.000000000000000000e+00 0.000000000000000000e+00 5.666129032258062637e+01 5.413253012048190271e+01 5.869999999999996732e+01 3.705479452054792944e+01 1.106829539144919572e+01 4.692586399108136419e+01 1.584508041627247010e+01 2.019136960600375374e+01 1.405633323502053500e+01 8.108215547703180093e+00 2.456296296296296333e+01 5.088679245283017138e+01 3.939130434782607892e+01 2.197520288548241751e+01 3.714818181818181841e+01 0.000000000000000000e+00 6.371428571428571530e+01 0.000000000000000000e+00 0.000000000000000000e+00 8.400000000000000000e+01 4.878571428571428470e+01 9.701877934272300052e+00 2.403846153846154010e+01 5.078571428571428470e+01 1.939973504920515168e+01 3.130465191932336211e+01 4.076063829787234027e+01 3.267026496565259919e+01 3.630541871921182917e+01 4.675000000000000000e+01 5.781313131313131493e+01 5.425000000000000000e+01 5.390909090909090651e+01 2.465872125630959033e+01 2.485043026908892472e+01 2.952936996684036686e+01 0.000000000000000000e+00 2.841402116402116818e+01 3.950000000000001421e+01 4.009693877551020336e+01 4.924999999999998579e+01 3.695522388059701768e+01 0.000000000000000000e+00 0.000000000000000000e+00 7.924999999999994316e+01 0.000000000000000000e+00 0.000000000000000000e+00 0.000000000000000000e+00 6.464999999999997726e+01 5.587499999999997868e+01 5.516666666666665009e+01 5.422727272727270531e+01 3.799999999999995737e+01 9.099999999999994316e+01 6.687499999999994316e+01 4.963333333333331865e+01 3.429545454545453964e+01 5.066666666666663588e+01 0.000000000000000000e+00 0.000000000000000000e+00 0.000000000000000000e+00 0.000000000000000000e+00 0.000000000000000000e+00 0.000000000000000000e+00 0.000000000000000000e+00 0.000000000000000000e+00 0.000000000000000000e+00 5.674999999999995026e+01 5.499999999999994316e+01 0.000000000000000000e+00 7.249999999999997158e+01 6.433333333333331439e+01 0.000000000000000000e+00 0.000000000000000000e+00 0.000000000000000000e+00 0.000000000000000000e+00 5.549999999999997868e+01 5.253846153846150457e+01 5.087499999999998579e+01 0.000000000000000000e+00 3.899999999999998579e+01 0.000000000000000000e+00 0.000000000000000000e+00 0.000000000000000000e+00 0.000000000000000000e+00
0.000000000000000000e+00 0.000000000000000000e+00 0.000000000000000000e+00 0.000000000000000000e+00 6.749999999999998579e+01 6.224999999999996447e+01 0.000000000000000000e+00 0.000000000000000000e+00 5.999999999999998579e+01 4.699999999999998579e+01 4.251515151515151558e+01 1.734438358796963442e+01 8.108215547703180093e+00 9.903081232492997543e+00 3.314583333333333570e+01 4.912499999999998579e+01 3.618999999999999773e+01 8.782051282051282826e+00 3.339795918367346417e+01 0.000000000000000000e+00 0.000000000000000000e+00 0.000000000000000000e+00 0.000000000000000000e+00 0.000000000000000000e+00 0.000000000000000000e+00 3.024999999999998579e+01 3.200000000000002842e+01 4.450000000000000711e+01 1.031312561680530138e+01 3.375590551181102938e+01 2.550000000000000355e+01 1.500000000000000000e+01 1.544217687074830003e+01 2.499999999999998934e+01 5.350000000000001421e+01 4.049999999999998579e+01 0.000000000000000000e+00 3.078947368421053099e+01 3.565432098765432301e+01 3.670754716981132759e+01 0.000000000000000000e+00 3.479166666666666430e+01 0.000000000000000000e+00 4.100000000000000711e+01 0.000000000000000000e+00 4.625000000000000000e+01 0.000000000000000000e+00 0.000000000000000000e+00 0.000000000000000000e+00 0.000000000000000000e+00 0.000000000000000000e+00 0.000000000000000000e+00 6.049999999999993605e+01 5.050000000000002132e+01 2.549999999999999645e+01 0.000000000000000000e+00 0.000000000000000000e+00 0.000000000000000000e+00 0.000000000000000000e+00 4.749999999999999289e+01 0.000000000000000000e+00 0.000000000000000000e+00 0.000000000000000000e+00 0.000000000000000000e+00 0.000000000000000000e+00 0.000000000000000000e+00 0.000000000000000000e+00 0.000000000000000000e+00 0.000000000000000000e+00 0.000000000000000000e+00 0.000000000000000000e+00 0.000000000000000000e+00 0.000000000000000000e+00 0.000000000000000000e+00 0.000000000000000000e+00 0.000000000000000000e+00 0.000000000000000000e+00 0.000000000000000000e+00 0.000000000000000000e+00 0.000000000000000000e+00 0.000000000000000000e+00 0.000000000000000000e+00 0.000000000000000000e+00 0.000000000000000000e+00 0.000000000000000000e+00 0.000000000000000000e+00 0.000000000000000000e+00 0.000000000000000000e+00 0.000000000000000000e+00
0.000000000000000000e+00 0.000000000000000000e+00 0.000000000000000000e+00 5.699999999999999289e+01 2.834523809523808424e+01 2.342144808743168483e+01 4.913333333333331865e+01 3.732676518883413053e+01 2.163907068062826156e+01 4.072666994106089078e+01 2.789896373056994960e+01 3.960303687635573766e+01 2.456296296296296333e+01 3.314583333333333570e+01 1.134917158636449841e+01 4.527070063694264945e+01 3.664772727272725206e+01 2.404929577464788437e+01 2.577566225165562486e+01 1.203703703703703631e+01 3.668309859154928887e+01 2.758333333333332504e+01 2.717431192660550110e+01 1.507677165354330029e+01 2.337410071942445811e+01 1.690193628981886320e+01 1.406919275123558499e+01 2.465528455284552933e+01 2.344904316866933769e+01 2.562488174077578051e+01 3.591909620991252439e+01 3.111640211640211717e+01 3.660759493670886400e+01 4.828888888888889142e+01 4.241666666666666430e+01 5.119999999999999574e+01 4.055309734513274122e+01 2.405351681957186116e+01 8.624101713653949730e+00 1.736069651741293640e+01 0.000000000000000000e+00 2.091436464088397074e+01 1.517125237191650733e+01 9.630275229357797784e+00 1.805882352941175739e+01 2.031486676016829662e+01 0.000000000000000000e+00 0.000000000000000000e+00 7.324999999999995737e+01 0.000000000000000000e+00 4.716666666666657903e+01 6.483333333333330017e+01 5.443749999999995737e+01 4.476470588235290649e+01 5.328571428571427759e+01 4.793548387096772245e+01 0.000000000000000000e+00 8.050000000000004263e+01 5.913636363636361892e+01 4.251923076923075229e+01 2.881999999999998252e+01 3.641666666666665009e+01 0.000000000000000000e+00 0.000000000000000000e+00 0.000000000000000000e+00 0.000000000000000000e+00 0.000000000000000000e+00 0.000000000000000000e+00 0.000000000000000000e+00 0.000000000000000000e+00 0.000000000000000000e+00 5.799999999999996447e+01 5.824999999999996447e+01 9.549999999999998579e+01 4.583333333333329307e+01 4.399999999999997868e+01 0.000000000000000000e+00 0.000000000000000000e+00 0.000000000000000000e+00 0.000000000000000000e+00 5.499999999999994316e+01 4.514285714285712459e+01 4.466666666666662877e+01 0.000000000000000000e+00 4.425000000000000000e+01 0.000000000000000000e+00 5.649999999999997158e+01 0.000000000000000000e+00 0.000000000000000000e+00
0.000000000000000000e+00 0.000000000000000000e+00 0.000000000000000000e+00 2.224999999999997868e+01 1.213549618320610080e+01 1.855893358278764183e+01 2.598648648648647352e+01 1.896177370030580533e+01 3.325669472073450805e+01 2.283474155069581712e+01 3.724385633270320284e+01 2.324829407880254450e+01 5.088679245283017138e+01 4.912499999999998579e+01 4.527070063694264945e+01 6.714610832954025277e+00 1.065412676698586303e+01 3.753138435081682900e+01 5.550547195622433350e+01 0.000000000000000000e+00 0.000000000000000000e+00 0.000000000000000000e+00 0.000000000000000000e+00 0.000000000000000000e+00 9.799999999999997158e+01 8.800000000000000000e+01 6.374999999999995737e+01 8.149999999999995737e+01 6.496078431372546902e+01 6.738157894736839637e+01 0.000000000000000000e+00 7.125892857142854098e+01 6.461650485436889824e+01 0.000000000000000000e+00 0.000000000000000000e+00 0.000000000000000000e+00 0.000000000000000000e+00 1.267067494181535103e+01 2.284660421545665798e+01 4.638095238095235118e+01 0.000000000000000000e+00 6.371428571428567977e+01 6.369999999999995310e+01 5.516666666666662877e+01 9.528169014084499011e+00 5.921428571428570109e+01 0.000000000000000000e+00 3.137499999999998579e+01 4.033333333333327886e+01 4.274999999999995737e+01 3.492857142857138797e+01 3.917307692307687006e+01 4.016964285714282568e+01 4.699999999999996447e+01 3.774999999999997868e+01 5.272222222222218591e+01 0.000000000000000000e+00 2.400000000000001066e+01 2.225999999999999091e+01 1.768269230769229949e+01 3.403846153846151878e+01 4.938095238095237249e+01 0.000000000000000000e+00 0.000000000000000000e+00 0.000000000000000000e+00 0.000000000000000000e+00 0.000000000000000000e+00 0.000000000000000000e+00 0.000000000000000000e+00 0.000000000000000000e+00 0.000000000000000000e+00 6.575000000000000000e+01 6.689999999999996305e+01 1.029999999999999858e+02 7.299999999999995737e+01 6.442857142857137376e+01 0.000000000000000000e+00 0.000000000000000000e+00 0.000000000000000000e+00 0.000000000000000000e+00 3.193749999999997158e+01 4.071874999999996447e+01 4.187499999999995737e+01 0.000000000000000000e+00 6.774999999999997158e+01 7.150000000000000000e+01 0.000000000000000000e+00 1.771428571428569398e+01 2.299999999999998224e+01
0.000000000000000000e+00 0.000000000000000000e+00 0.000000000000000000e+00 0.000000000000000000e+00 2.879069767441859540e+01 3.453921568627449545e+01 0.000000000000000000e+00 2.307777777777776862e+01 2.929074889867841236e+01 2.332203389830507234e+01 2.730495049504949634e+01 1.836287528868359331e+01 3.939130434782607892e+01 3.618999999999999773e+01 3.664772727272725206e+01 1.065412676698586303e+01 8.601028074337678575e+00 2.022835249042144312e+01 4.015827814569535548e+01 0.000000000000000000e+00 0.000000000000000000e+00 0.000000000000000000e+00 0.000000000000000000e+00 0.000000000000000000e+00 0.000000000000000000e+00 7.149999999999997158e+01 0.000000000000000000e+00 0.000000000000000000e+00 5.032608695652172770e+01 5.630357142857143060e+01 6.500000000000000000e+01 5.661666666666664582e+01 4.610820895522386564e+01 8.300000000000000000e+01 6.925000000000000000e+01 0.000000000000000000e+00 7.250000000000001421e+01 2.259999999999998721e+01 2.834999999999998721e+01 3.862499999999999289e+01 0.000000000000000000e+00 5.409090909090907928e+01 4.949999999999997868e+01 3.650000000000001421e+01 3.154545454545453609e+01 4.650000000000001421e+01 0.000000000000000000e+00 4.012499999999997158e+01 3.399999999999997868e+01 0.000000000000000000e+00 3.327586206896547338e+01 3.123684210526311489e+01 3.104878048780485145e+01 3.268666666666663900e+01 2.792222222222221006e+01 4.687499999999998579e+01 3.149999999999998224e+01 0.000000000000000000e+00 2.364772727272725561e+01 1.427011494252872836e+01 1.643548387096772956e+01 4.474999999999998579e+01 0.000000000000000000e+00 0.000000000000000000e+00 0.000000000000000000e+00 0.000000000000000000e+00 0.000000000000000000e+00 0.000000000000000000e+00 0.000000000000000000e+00 0.000000000000000000e+00 0.000000000000000000e+00 5.787499999999997158e+01 5.324999999999995026e+01 7.249999999999992895e+01 6.433333333333332860e+01 5.349999999999999289e+01 0.000000000000000000e+00 0.000000000000000000e+00 0.000000000000000000e+00 0.000000000000000000e+00 2.556521739130432280e+01 3.719999999999998153e+01 4.666666666666663588e+01 0.000000000000000000e+00 5.637499999999998579e+01 5.150000000000005684e+01 0.000000000000000000e+00 3.699999999999995737e+01 0.000000000000000000e+00
