0.000000000000000000e+00 0.000000000000000000e+00 0.000000000000000000e+00 0.000000000000000000e+00 0.000000000000000000e+00 0.000000000000000000e+00 0.000000000000000000e+00 0.000000000000000000e+00 0.000000000000000000e+00 0.000000000000000000e+00 0.000000000000000000e+00 0.000000000000000000e+00 0.000000000000000000e+00 0.000000000000000000e+00 0.000000000000000000e+00 0.000000000000000000e+00 0.000000000000000000e+00 0.000000000000000000e+00 0.000000000000000000e+00 0.000000000000000000e+00 0.000000000000000000e+00 0.000000000000000000e+00 0.000000000000000000e+00 0.000000000000000000e+00 0.000000000000000000e+00 0.000000000000000000e+00 0.000000000000000000e+00 0.000000000000000000e+00 0.000000000000000000e+00 0.000000000000000000e+00 0.000000000000000000e+00 0.000000000000000000e+00 0.000000000000000000e+00 0.000000000000000000e+00 0.000000000000000000e+00 0.000000000000000000e+00 0.000000000000000000e+00 0.000000000000000000e+00 0.000000000000000000e+00 0.000000000000000000e+00 0.000000000000000000e+00 0.000000000000000000e+00 0.000000000000000000e+00 0.000000000000000000e+00 0.000000000000000000e+00 0.000000000000000000e+00 0.000000000000000000e+00 0.000000000000000000e+00 0.000000000000000000e+00 0.000000000000000000e+00 0.000000000000000000e+00 0.000000000000000000e+00 0.000000000000000000e+00 0.000000000000000000e+00 0.000000000000000000e+00 0.000000000000000000e+00 0.000000000000000000e+00 0.000000000000000000e+00 0.000000000000000000e+00 0.000000000000000000e+00 0.000000000000000000e+00 0.000000000000000000e+00 0.000000000000000000e+00 0.000000000000000000e+00 0.000000000000000000e+00 0.000000000000000000e+00 0.000000000000000000e+00 0.000000000000000000e+00 0.000000000000000000e+00 0.000000000000000000e+00 0.000000000000000000e+00 0.000000000000000000e+00 0.000000000000000000e+00 0.000000000000000000e+00 0.000000000000000000e+00 0.000000000000000000e+00 0.000000000000000000e+00 0.000000000000000000e+00 0.000000000000000000e+00 0.000000000000000000e+00 0.000000000000000000e+00 0.000000000000000000e+00 0.000000000000000000e+00 0.000000000000000000e+00 0.000000000000000000e+00 0.000000000000000000e+00 0.000000000000000000e+00 0.000000000000000000e+00 0.000000000000000000e+00
0.000000000000000000e+00 0.000000000000000000e+00 0.000000000000000000e+00 0.000000000000000000e+00 0.000000000000000000e+00 0.000000000000000000e+00 0.000000000000000000e+00 0.000000000000000000e+00 0.000000000000000000e+00 0.000000000000000000e+00 0.000000000000000000e+00 0.000000000000000000e+00 0.000000000000000000e+00 0.000000000000000000e+00 0.000000000000000000e+00 0.000000000000000000e+00 0.000000000000000000e+00 0.000000000000000000e+00 0.000000000000000000e+00 0.000000000000000000e+00 0.000000000000000000e+00 0.000000000000000000e+00 0.000000000000000000e+00 0.000000000000000000e+00 0.000000000000000000e+00 0.000000000000000000e+00 0.000000000000000000e+00 0.000000000000000000e+00 0.000000000000000000e+00 0.000000000000000000e+00 0.000000000000000000e+00 0.000000000000000000e+00 0.000000000000000000e+00 0.000000000000000000e+00 0.000000000000000000e+00 0.000000000000000000e+00 0.000000000000000000e+00 0.000000000000000000e+00 0.000000000000000000e+00 0.000000000000000000e+00 0.000000000000000000e+00 0.000000000000000000e+00 0.000000000000000000e+00 0.000000000000000000e+00 0.000000000000000000e+00 0.000000000000000000e+00 0.000000000000000000e+00 0.000000000000000000e+00 0.000000000000000000e+00 0.000000000000000000e+00 0.000000000000000000e+00 0.000000000000000000e+00 0.000000000000000000e+00 0.000000000000000000e+00 0.000000000000000000e+00 0.000000000000000000e+00 0.000000000000000000e+00 0.000000000000000000e+00 0.000000000000000000e+00 0.000000000000000000e+00 0.000000000000000000e+00 0.000000000000000000e+00 0.000000000000000000e+00 0.000000000000000000e+00 0.000000000000000000e+00 0.000000000000000000e+00 0.000000000000000000e+00 0.000000000000000000e+00 0.000000000000000000e+00 0.000000000000000000e+00 0.000000000000000000e+00 0.000000000000000000e+00 0.000000000000000000e+00 0.000000000000000000e+00 0.000000000000000000e+00 0.000000000000000000e+00 0.000000000000000000e+00 0.000000000000000000e+00 0.000000000000000000e+00 0.000000000000000000e+00 0.000000000000000000e+00 0.000000000000000000e+00 0.000000000000000000e+00 0.000000000000000000e+00 0.000000000000000000e+00 0.000000000000000000e+00 0.000000000000000000e+00 0.000000000000000000e+00 0.000000000000000000e+00
0.000000000000000000e+00 0.000000000000000000e+00 0.000000000000000000e+00 0.000000000000000000e+00 0.000000000000000000e+00 0.000000000000000000e+00 0.000000000000000000e+00 0.000000000000000000e+00 0.000000000000000000e+00 0.000000000000000000e+00 0.000000000000000000e+00 0.000000000000000000e+00 0.000000000000000000e+00 0.000000000000000000e+00 0.000000000000000000e+00 0.000000000000000000e+00 0.000000000000000000e+00 0.000000000000000000e+00 0.000000000000000000e+00 0.000000000000000000e+00 0.000000000000000000e+00 0.000000000000000000e+00 0.000000000000000000e+00 0.000000000000000000e+00 0.000000000000000000e+00 0.000000000000000000e+00 0.000000000000000000e+00 0.000000000000000000e+00 0.000000000000000000e+00 0.000000000000000000e+00 0.000000000000000000e+00 0.000000000000000000e+00 0.000000000000000000e+00 0.000000000000000000e+00 0.000000000000000000e+00 0.000000000000000000e+00 0.000000000000000000e+00 0.000000000000000000e+00 0.000000000000000000e+00 0.000000000000000000e+00 0.000000000000000000e+00 0.000000000000000000e+00 0.000000000000000000e+00 0.000000000000000000e+00 0.000000000000000000e+00 0.000000000000000000e+00 0.000000000000000000e+00 0.000000000000000000e+00 0.000000000000000000e+00 0.000000000000000000e+00 0.000000000000000000e+00 0.000000000000000000e+00 0.000000000000000000e+00 0.000000000000000000e+00 0.000000000000000000e+00 0.000000000000000000e+00 0.000000000000000000e+00 0.000000000000000000e+00 0.000000000000000000e+00 0.000000000000000000e+00 0.000000000000000000e+00 0.000000000000000000e+00 0.000000000000000000e+00 0.000000000000000000e+00 0.000000000000000000e+00 0.000000000000000000e+00 0.000000000000000000e+00 0.000000000000000000e+00 0.000000000000000000e+00 0.000000000000000000e+00 0.000000000000000000e+00 0.000000000000000000e+00 0.000000000000000000e+00 0.000000000000000000e+00 0.000000000000000000e+00 0.000000000000000000e+00 0.000000000000000000e+00 0.000000000000000000e+00 0.000000000000000000e+00 0.000000000000000000e+00 0.000000000000000000e+00 0.000000000000000000e+00 0.000000000000000000e+00 0.000000000000000000e+00 0.000000000000000000e+00 0.000000000000000000e+00 0.000000000000000000e+00 0.000000000000000000e+00 0.000000000000000000e+00
0.000000000000000000e+00 0.000000000000000000e+00 0.000000000000000000e+00 4.546984572230010180e+00 5.955805243445689179e+00 1.060100166944907585e+01 3.379999999999999005e+01 3.032142857142856229e+01 5.074999999999997158e+01 9.630482456140345704e+00 4.399999999999997868e+01 6.713197969543146293e+00 0.000000000000000000e+00 0.000000000000000000e+00 4.049999999999999289e+01 2.433333333333329662e+01 2.833333333333333215e+01 6.224999999999995737e+01 0.000000000000000000e+00 0.000000000000000000e+00 0.000000000000000000e+00 0.000000000000000000e+00 0.000000000000000000e+00 0.000000000000000000e+00 0.000000000000000000e+00 0.000000000000000000e+00 0.000000000000000000e+00 0.000000000000000000e+00 0.000000000000000000e+00 0.000000000000000000e+00 0.000000000000000000e+00 0.000000000000000000e+00 0.000000000000000000e+00 0.000000000000000000e+00 0.000000000000000000e+00 0.000000000000000000e+00 0.000000000000000000e+00 2.954347826086953432e+01 3.233888888888886015e+01 0.000000000000000000e+00 0.000000000000000000e+00 0.000000000000000000e+00 0.000000000000000000e+00 0.000000000000000000e+00 3.299999999999997868e+01 0.000000000000000000e+00 0.000000000000000000e+00 0.000000000000000000e+00 0.000000000000000000e+00 0.000000000000000000e+00 0.000000000000000000e+00 0.000000000000000000e+00 0.000000000000000000e+00 0.000000000000000000e+00 0.000000000000000000e+00 0.000000000000000000e+00 0.000000000000000000e+00 0.000000000000000000e+00 0.000000000000000000e+00 4.599999999999999289e+01 0.000000000000000000e+00 0.000000000000000000e+00 0.000000000000000000e+00 0.000000000000000000e+00 0.000000000000000000e+00 0.000000000000000000e+00 0.000000000000000000e+00 0.000000000000000000e+00 0.000000000000000000e+00 0.000000000000000000e+00 0.000000000000000000e+00 0.000000000000000000e+00 0.000000000000000000e+00 0.000000000000000000e+00 0.000000000000000000e+00 0.000000000000000000e+00 0.000000000000000000e+00 0.000000000000000000e+00 0.000000000000000000e+00 0.000000000000000000e+00 0.000000000000000000e+00 0.000000000000000000e+00 0.000000000000000000e+00 0.000000000000000000e+00 0.000000000000000000e+00 0.000000000000000000e+00 0.000000000000000000e+00 0.000000000000000000e+00 0.000000000000000000e+00
0.000000000000000000e+00 0.000000000000000000e+00 0.000000000000000000e+00 5.955805243445689179e+00 8.942726072148461824e+00 8.940155365877043181e+00 2.816666666666665719e+01 2.655696202531644445e+01 3.889423076923075939e+01 1.326325088339221381e+01 4.221126760563378610e+01 1.382653061224489477e+01 6.289999999999999147e+01 6.749999999999998579e+01 2.724647887323942186e+01 1.271702453987729164e+01 2.702127659574466989e+01 5.115909090909088519e+01 5.768181818181815146e+01 0.000000000000000000e+00 0.000000000000000000e+00 0.000000000000000000e+00 4.199999999999997868e+01 3.399999999999995737e+01 4.374999999999997158e+01 5.949999999999997868e+01 0.000000000000000000e+00 0.000000000000000000e+00 6.599999999999998579e+01 6.259999999999998010e+01 7.783333333333327175e+01 9.237499999999997158e+01 7.549999999999994316e+01 0.000000000000000000e+00 0.000000000000000000e+00 0.000000000000000000e+00 0.000000000000000000e+00 1.269917743830786527e+01 1.851381129733083597e+01 2.294444444444443221e+01 0.000000000000000000e+00 5.299999999999997868e+01 4.183333333333332860e+01 3.750000000000000000e+01 5.654614652711699385e+00 1.984090909090908639e+01 0.000000000000000000e+00 4.749999999999995026e+01 3.849999999999997158e+01 0.000000000000000000e+00 5.499999999999998579e+01 5.199999999999993605e+01 4.583333333333330728e+01 0.000000000000000000e+00 0.000000000000000000e+00 0.000000000000000000e+00 0.000000000000000000e+00 0.000000000000000000e+00 3.619999999999997442e+01 3.600000000000001421e+01 7.600000000000001421e+01 0.000000000000000000e+00 0.000000000000000000e+00 0.000000000000000000e+00 0.000000000000000000e+00 0.000000000000000000e+00 0.000000000000000000e+00 0.000000000000000000e+00 0.000000000000000000e+00 0.000000000000000000e+00 0.000000000000000000e+00 0.000000000000000000e+00 0.000000000000000000e+00 0.000000000000000000e+00 0.000000000000000000e+00 0.000000000000000000e+00 0.000000000000000000e+00 0.000000000000000000e+00 0.000000000000000000e+00 0.000000000000000000e+00 2.139655172413791107e+01 2.624999999999998934e+01 1.779999999999999716e+01 0.000000000000000000e+00 0.000000000000000000e+00 0.000000000000000000e+00 0.000000000000000000e+00 1.349999999999998757e+01 1.237499999999999822e+01
0.000000000000000000e+00 0.000000000000000000e+00 0.000000000000000000e+00 1.060100166944907585e+01 8.940155365877043181e+00 1.390948294449954048e+01 9.125678937839467153e+00 1.232960366675652963e+01 3.309399999999998698e+01 1.857038077403245424e+01 4.250967741935481570e+01 2.421257197696736085e+01 5.118749999999997868e+01 6.324999999999996447e+01 2.213069016152715562e+01 2.162394195888753501e+01 3.318478260869564167e+01 5.618749999999997158e+01 6.647222222222217169e+01 5.000000000000000000e+01 7.725000000000000000e+01 0.000000000000000000e+00 4.349999999999996447e+01 2.650000000000000000e+01 3.642857142857140929e+01 3.633333333333332860e+01 3.999999999999995737e+01 6.449999999999998579e+01 7.171428571428569398e+01 5.731999999999997897e+01 6.999999999999997158e+01 8.174999999999998579e+01 7.474999999999995737e+01 8.350000000000002842e+01 8.400000000000002842e+01 0.000000000000000000e+00 0.000000000000000000e+00 1.770884146341462184e+01 2.008693377186423845e+01 2.549999999999998579e+01 0.000000000000000000e+00 4.224999999999998579e+01 3.241666666666665719e+01 2.943750000000000000e+01 1.475147928994081781e+01 4.964999999999997726e+01 0.000000000000000000e+00 6.374999999999994316e+01 4.349999999999996447e+01 0.000000000000000000e+00 5.849999999999995026e+01 0.000000000000000000e+00 5.208333333333329307e+01 5.999999999999995737e+01 4.066666666666660745e+01 0.000000000000000000e+00 0.000000000000000000e+00 0.000000000000000000e+00 3.173333333333330941e+01 3.662499999999998579e+01 0.000000000000000000e+00 0.000000000000000000e+00 0.000000000000000000e+00 0.000000000000000000e+00 0.000000000000000000e+00 0.000000000000000000e+00 0.000000000000000000e+00 0.000000000000000000e+00 0.000000000000000000e+00 0.000000000000000000e+00 0.000000000000000000e+00 0.000000000000000000e+00 0.000000000000000000e+00 0.000000000000000000e+00 0.000000000000000000e+00 0.000000000000000000e+00 0.000000000000000000e+00 0.000000000000000000e+00 0.000000000000000000e+00 0.000000000000000000e+00 2.804347826086953432e+01 5.024999999999995737e+01 0.000000000000000000e+00 0.000000000000000000e+00 0.000000000000000000e+00 0.000000000000000000e+00 0.000000000000000000e+00 2.433333333333331439e+01 0.000000000000000000e+00
0.000000000000000000e+00 0.000000000000000000e+00 0.000000000000000000e+00 3.379999999999999005e+01 2.816666666666665719e+01 9.125678937839467153e+00 7.951999999999997293e+00 7.908457968024751317e+00 1.994594594594594383e+01 1.369617706237423960e+01 3.950000000000000000e+01 3.227272727272725916e+01 5.224999999999997158e+01 0.000000000000000000e+00 3.274999999999998579e+01 2.559999999999998010e+01 4.150000000000000000e+01 0.000000000000000000e+00 0.000000000000000000e+00 0.000000000000000000e+00 0.000000000000000000e+00 0.000000000000000000e+00 0.000000000000000000e+00 0.000000000000000000e+00 0.000000000000000000e+00 4.099999999999997158e+01 5.250000000000001421e+01 0.000000000000000000e+00 4.350000000000001421e+01 5.120833333333332149e+01 0.000000000000000000e+00 0.000000000000000000e+00 8.950000000000001421e+01 0.000000000000000000e+00 0.000000000000000000e+00 0.000000000000000000e+00 0.000000000000000000e+00 2.649999999999998934e+01 2.565624999999998934e+01 3.249999999999995737e+01 0.000000000000000000e+00 0.000000000000000000e+00 0.000000000000000000e+00 2.850000000000000000e+01 0.000000000000000000e+00 0.000000000000000000e+00 0.000000000000000000e+00 0.000000000000000000e+00 0.000000000000000000e+00 0.000000000000000000e+00 0.000000000000000000e+00 0.000000000000000000e+00 0.000000000000000000e+00 0.000000000000000000e+00 0.000000000000000000e+00 0.000000000000000000e+00 0.000000000000000000e+00 0.000000000000000000e+00 0.000000000000000000e+00 0.000000000000000000e+00 0.000000000000000000e+00 0.000000000000000000e+00 0.000000000000000000e+00 0.000000000000000000e+00 0.000000000000000000e+00 0.000000000000000000e+00 0.000000000000000000e+00 0.000000000000000000e+00 0.000000000000000000e+00 0.000000000000000000e+00 0.000000000000000000e+00 0.000000000000000000e+00 0.000000000000000000e+00 0.000000000000000000e+00 0.000000000000000000e+00 0.000000000000000000e+00 0.000000000000000000e+00 0.000000000000000000e+00 0.000000000000000000e+00 0.000000000000000000e+00 0.000000000000000000e+00 0.000000000000000000e+00 0.000000000000000000e+00 0.000000000000000000e+00 0.000000000000000000e+00 0.000000000000000000e+00 0.000000000000000000e+00 0.000000000000000000e+00 0.000000000000000000e+00
0.000000000000000000e+00 0.000000000000000000e+00 0.000000000000000000e+00 3.032142857142856229e+01 2.655696202531644445e+01 1.232960366675652963e+01 7.908457968024751317e+00 8.691522414558363607e+00 9.694572401361904568e+00 1.828752390057360699e+01 3.142469879518071707e+01 2.685680190930786893e+01 2.629901960784312820e+01 7.599999999999997158e+01 3.624513947590869378e+01 2.242045454545453609e+01 2.590697674418604279e+01 4.988888888888887152e+01 6.883333333333330017e+01 9.799999999999998579e+01 8.558333333333330017e+01 7.605555555555554292e+01 0.000000000000000000e+00 1.150000000000000142e+02 0.000000000000000000e+00 6.521428571428569398e+01 4.249999999999998579e+01 6.297999999999999687e+01 4.301162790697672733e+01 4.203273322422256086e+01 6.322183098591548145e+01 6.533522727272726627e+01 6.474358974358972318e+01 7.774999999999998579e+01 7.674418604651161502e+01 8.266666666666664298e+01 7.445121951219509526e+01 2.222784810126582045e+01 2.855092592592590961e+01 2.949999999999997158e+01 0.000000000000000000e+00 7.100000000000000000e+01 5.374999999999995026e+01 6.264285714285713169e+01 2.249999999999997158e+01 6.479999999999998295e+01 0.000000000000000000e+00 0.000000000000000000e+00 4.599999999999995737e+01 0.000000000000000000e+00 5.549999999999994316e+01 0.000000000000000000e+00 4.279999999999997584e+01 0.000000000000000000e+00 2.899999999999998579e+01 0.000000000000000000e+00 0.000000000000000000e+00 0.000000000000000000e+00 2.783333333333333215e+01 1.733333333333331794e+01 0.000000000000000000e+00 0.000000000000000000e+00 0.000000000000000000e+00 0.000000000000000000e+00 0.000000000000000000e+00 0.000000000000000000e+00 0.000000000000000000e+00 0.000000000000000000e+00 0.000000000000000000e+00 0.000000000000000000e+00 0.000000000000000000e+00 0.000000000000000000e+00 0.000000000000000000e+00 0.000000000000000000e+00 0.000000000000000000e+00 0.000000000000000000e+00 0.000000000000000000e+00 0.000000000000000000e+00 0.000000000000000000e+00 0.000000000000000000e+00 0.000000000000000000e+00 4.866666666666666430e+01 0.000000000000000000e+00 0.000000000000000000e+00 0.000000000000000000e+00 0.000000000000000000e+00 0.000000000000000000e+00 0.000000000000000000e+00 0.000000000000000000e+00
0.000000000000000000e+00 0.000000000000000000e+00 0.000000000000000000e+00 5.074999999999997158e+01 3.889423076923075939e+01 3.309399999999998698e+01 1.994594594594594383e+01 9.694572401361904568e+00 1.164230221416547728e+01 1.985510746196570864e+01 2.495469083155649415e+01 2.966444444444444173e+01 9.485920214549111051e+00 5.366666666666665009e+01 2.107642903018624736e+01 3.175619834710743561e+01 2.578710937500000000e+01 4.281944444444442865e+01 6.038888888888886441e+01 6.250000000000000000e+01 9.233333333333332860e+01 6.975000000000000000e+01 0.000000000000000000e+00 0.000000000000000000e+00 0.000000000000000000e+00 6.083333333333331439e+01 2.906250000000000000e+01 5.540000000000001279e+01 2.691007653061224403e+01 2.793886462882095145e+01 5.537500000000000000e+01 5.752777777777775725e+01 6.014285714285714590e+01 6.750000000000001421e+01 6.800000000000000000e+01 7.600000000000000000e+01 6.576923076923077360e+01 2.113643292682926855e+01 1.784687317358270064e+01 2.962500000000000000e+01 0.000000000000000000e+00 2.750000000000000000e+01 0.000000000000000000e+00 5.049999999999999289e+01 3.483333333333331439e+01 3.225510204081632537e+01 0.000000000000000000e+00 0.000000000000000000e+00 4.900000000000003553e+01 0.000000000000000000e+00 5.399999999999998579e+01 5.304999999999995453e+01 5.474999999999996447e+01 0.000000000000000000e+00 5.028571428571426338e+01 7.449999999999994316e+01 6.799999999999998579e+01 5.449999999999997868e+01 3.449999999999998579e+01 3.053999999999998138e+01 3.924999999999997868e+01 7.274999999999994316e+01 0.000000000000000000e+00 0.000000000000000000e+00 0.000000000000000000e+00 0.000000000000000000e+00 0.000000000000000000e+00 0.000000000000000000e+00 0.000000000000000000e+00 0.000000000000000000e+00 0.000000000000000000e+00 0.000000000000000000e+00 0.000000000000000000e+00 0.000000000000000000e+00 0.000000000000000000e+00 6.650000000000001421e+01 0.000000000000000000e+00 0.000000000000000000e+00 0.000000000000000000e+00 0.000000000000000000e+00 4.441666666666665009e+01 4.834374999999996447e+01 0.000000000000000000e+00 0.000000000000000000e+00 6.499999999999998579e+01 0.000000000000000000e+00 0.000000000000000000e+00 6.649999999999990052e+01 0.000000000000000000e+00
0.000000000000000000e+00 0.000000000000000000e+00 0.000000000000000000e+00 9.630482456140345704e+00 1.326325088339221381e+01 1.857038077403245424e+01 1.369617706237423960e+01 1.828752390057360699e+01 1.985510746196570864e+01 1.230616234011179166e+01 1.464873570623288224e+01 1.466749057394218170e+01 4.021375464684013679e+01 4.780303030303027612e+01 2.349461979913915854e+01 1.898885350318470344e+01 2.101003210272871868e+01 4.139781021897807989e+01 6.223214285714283989e+01 0.000000000000000000e+00 8.454545454545453254e+01 7.195454545454542483e+01 6.399999999999997158e+01 1.019999999999999716e+02 6.681249999999997158e+01 6.669565217391301815e+01 5.916666666666663588e+01 6.043749999999997868e+01 4.281249999999998579e+01 4.388556338028167403e+01 5.818035714285713311e+01 5.773106060606059486e+01 6.172183098591546724e+01 7.135714285714284699e+01 7.016822429906540037e+01 8.074999999999997158e+01 7.448717948717947479e+01 2.177989601386480700e+01 2.553785505430240477e+01 3.788961038961036820e+01 0.000000000000000000e+00 5.225000000000000000e+01 6.586363636363635976e+01 4.920454545454544615e+01 3.209459459459456809e+01 4.399152542372879537e+01 0.000000000000000000e+00 6.274999999999997868e+01 4.474999999999996447e+01 0.000000000000000000e+00 5.699999999999992895e+01 4.333333333333325754e+01 4.724999999999995737e+01 7.349999999999997158e+01 4.654347826086952722e+01 0.000000000000000000e+00 0.000000000000000000e+00 6.200000000000002132e+01 3.219999999999998153e+01 3.297916666666665009e+01 4.549999999999997868e+01 7.099999999999998579e+01 0.000000000000000000e+00 0.000000000000000000e+00 0.000000000000000000e+00 0.000000000000000000e+00 0.000000000000000000e+00 0.000000000000000000e+00 0.000000000000000000e+00 0.000000000000000000e+00 0.000000000000000000e+00 0.000000000000000000e+00 0.000000000000000000e+00 0.000000000000000000e+00 0.000000000000000000e+00 0.000000000000000000e+00 0.000000000000000000e+00 0.000000000000000000e+00 0.000000000000000000e+00 0.000000000000000000e+00 3.816666666666662167e+01 4.734210526315786183e+01 0.000000000000000000e+00 0.000000000000000000e+00 0.000000000000000000e+00 0.000000000000000000e+00 0.000000000000000000e+00 0.000000000000000000e+00 3.949999999999995737e+01
0.000000000000000000e+00 0.000000000000000000e+00 0.000000000000000000e+00 4.399999999999997868e+01 4.221126760563378610e+01 4.250967741935481570e+01 3.950000000000000000e+01 3.142469879518071707e+01 2.495469083155649415e+01 1.464873570623288224e+01 1.483276605400499193e+01 2.224161863310198228e+01 1.490053404539385795e+01 3.432000000000000028e+01 2.216588566073102129e+01 3.750270270270268469e+01 2.434076827757124306e+01 2.384271099744244893e+01 5.028260869565216495e+01 8.999999999999998579e+01 6.450000000000000000e+01 5.931249999999998579e+01 7.949999999999997158e+01 7.529999999999998295e+01 5.940909090909090651e+01 4.996212121212121104e+01 5.000000000000000711e+01 4.521875000000000000e+01 2.939333333333333442e+01 3.135786880197104409e+01 4.429041570438798914e+01 4.298798076923076650e+01 4.721326530612245165e+01 5.602499999999999858e+01 5.732568807339449535e+01 6.204166666666666430e+01 6.043678160919539977e+01 2.078431372549018619e+01 2.403714503042596107e+01 2.785169491525422814e+01 0.000000000000000000e+00 2.835897435897435415e+01 7.254166666666665719e+01 3.668918918918918592e+01 3.214999999999999147e+01 3.391183162684868790e+01 0.000000000000000000e+00 6.099999999999997868e+01 0.000000000000000000e+00 0.000000000000000000e+00 0.000000000000000000e+00 4.299999999999996447e+01 5.299999999999996447e+01 5.178846153846150457e+01 4.686046511627905176e+01 6.699999999999998579e+01 0.000000000000000000e+00 0.000000000000000000e+00 5.349999999999995737e+01 3.233333333333331439e+01 3.111249999999997584e+01 0.000000000000000000e+00 0.000000000000000000e+00 0.000000000000000000e+00 0.000000000000000000e+00 0.000000000000000000e+00 0.000000000000000000e+00 0.000000000000000000e+00 0.000000000000000000e+00 0.000000000000000000e+00 0.000000000000000000e+00 0.000000000000000000e+00 0.000000000000000000e+00 8.199999999999994316e+01 0.000000000000000000e+00 5.449999999999998579e+01 0.000000000000000000e+00 0.000000000000000000e+00 0.000000000000000000e+00 0.000000000000000000e+00 4.643749999999997158e+01 4.799999999999997158e+01 4.449999999999994316e+01 0.000000000000000000e+00 0.000000000000000000e+00 0.000000000000000000e+00 0.000000000000000000e+00 6.049999999999997868e+01 0.000000000000000000e+00
0.000000000000000000e+00 0.000000000000000000e+00 0.000000000000000000e+00 6.713197969543146293e+00 1.382653061224489477e+01 2.421257197696736085e+01 3.227272727272725916e+01 2.685680190930786893e+01 2.966444444444444173e+01 1.466749057394218170e+01 2.224161863310198228e+01 1.538259486523113750e+01 2.489783017256107911e+01 1.334189040665724590e+01 3.064383561643834497e+01 1.895514950166111490e+01 1.719646719538571489e+01 2.523063816604707910e+01 3.855235602094239766e+01 0.000000000000000000e+00 7.649999999999998579e+01 7.500000000000000000e+01 0.000000000000000000e+00 0.000000000000000000e+00 4.875000000000001421e+01 5.472727272727272663e+01 5.300000000000001421e+01 5.641666666666666430e+01 3.564813664596272957e+01 4.376196032672112324e+01 5.737431693989071135e+01 4.598402255639097547e+01 4.020511221945136526e+01 6.483333333333332860e+01 7.032352941176471006e+01 0.000000000000000000e+00 7.199999999999998579e+01 2.528567251461987553e+01 2.971395895961311240e+01 3.238730158730158593e+01 0.000000000000000000e+00 2.998630136986301409e+01 7.357142857142855519e+01 4.292647058823529704e+01 3.332352941176468164e+01 3.931967213114754145e+01 0.000000000000000000e+00 0.000000000000000000e+00 7.549999999999995737e+01 0.000000000000000000e+00 4.349999999999993605e+01 4.174999999999995026e+01 4.872222222222217169e+01 4.809090909090905797e+01 8.640624999999994671e+00 1.783333333333334281e+01 1.333333333333332327e+01 0.000000000000000000e+00 3.039999999999997016e+01 3.833333333333330728e+01 2.457042253521125375e+01 3.533333333333334281e+01 0.000000000000000000e+00 0.000000000000000000e+00 0.000000000000000000e+00 0.000000000000000000e+00 0.000000000000000000e+00 0.000000000000000000e+00 0.000000000000000000e+00 0.000000000000000000e+00 0.000000000000000000e+00 0.000000000000000000e+00 0.000000000000000000e+00 0.000000000000000000e+00 0.000000000000000000e+00 0.000000000000000000e+00 0.000000000000000000e+00 0.000000000000000000e+00 0.000000000000000000e+00 0.000000000000000000e+00 4.649999999999996447e+01 4.544736842105260877e+01 0.000000000000000000e+00 0.000000000000000000e+00 0.000000000000000000e+00 0.000000000000000000e+00 0.000000000000000000e+00 5.149999999999998579e+01 0.000000000000000000e+00
0.000000000000000000e+00 0.000000000000000000e+00 0.000000000000000000e+00 0.000000000000000000e+00 6.289999999999999147e+01 5.118749999999997868e+01 5.224999999999997158e+01 2.629901960784312820e+01 9.485920214549111051e+00 4.021375464684013679e+01 1.490053404539385795e+01 2.489783017256107911e+01 1.434631109650113956e+01 8.523966729548963173e+00 2.265070055392637016e+01 4.907999999999996987e+01 3.687499999999998579e+01 2.349942163100057968e+01 3.410101010101010388e+01 7.599999999999998579e+01 5.912499999999999289e+01 0.000000000000000000e+00 5.349999999999997868e+01 0.000000000000000000e+00 4.371428571428572951e+01 1.078662420382165621e+01 3.852941176470589824e+01 5.108139534883721922e+01 2.043464078287851393e+01 2.769359331476323050e+01 4.625274725274725540e+01 3.213602015113350063e+01 3.287564766839378194e+01 5.050000000000000000e+01 6.363888888888888573e+01 5.449999999999995026e+01 6.733333333333332860e+01 2.397591436217662775e+01 2.474582132564842496e+01 2.905340938553280594e+01 0.000000000000000000e+00 2.682926829268292579e+01 4.447500000000000142e+01 3.724235807860262071e+01 5.174999999999997158e+01 3.512062615101289254e+01 0.000000000000000000e+00 0.000000000000000000e+00 0.000000000000000000e+00 0.000000000000000000e+00 0.000000000000000000e+00 0.000000000000000000e+00 7.133333333333331439e+01 5.749999999999997158e+01 5.774999999999997868e+01 5.499999999999997868e+01 0.000000000000000000e+00 0.000000000000000000e+00 0.000000000000000000e+00 4.537499999999999289e+01 3.793478260869564878e+01 2.525000000000002132e+01 0.000000000000000000e+00 0.000000000000000000e+00 0.000000000000000000e+00 0.000000000000000000e+00 0.000000000000000000e+00 0.000000000000000000e+00 0.000000000000000000e+00 0.000000000000000000e+00 0.000000000000000000e+00 6.000000000000000000e+01 0.000000000000000000e+00 8.150000000000001421e+01 0.000000000000000000e+00 0.000000000000000000e+00 0.000000000000000000e+00 0.000000000000000000e+00 0.000000000000000000e+00 0.000000000000000000e+00 4.149999999999998579e+01 4.874999999999998579e+01 0.000000000000000000e+00 0.000000000000000000e+00 0.000000000000000000e+00 0.000000000000000000e+00 0.000000000000000000e+00 0.000000000000000000e+00 0.000000000000000000e+00
0.000000000000000000e+00 0.000000000000000000e+00 0.000000000000000000e+00 0.000000000000000000e+00 6.749999999999998579e+01 6.324999999999996447e+01 0.000000000000000000e+00 7.599999999999997158e+01 5.366666666666665009e+01 4.780303030303027612e+01 3.432000000000000028e+01 1.334189040665724590e+01 8.523966729548963173e+00 9.323737754333082606e+00 2.769999999999999929e+01 4.507142857142851256e+01 3.318181818181816567e+01 1.199771689497716665e+01 1.931250000000000000e+01 0.000000000000000000e+00 5.300000000000000000e+01 0.000000000000000000e+00 0.000000000000000000e+00 0.000000000000000000e+00 0.000000000000000000e+00 0.000000000000000000e+00 0.000000000000000000e+00 5.850000000000000711e+01 9.938036580813736975e+00 3.254117647058823337e+01 0.000000000000000000e+00 1.422696245733788345e+01 1.266379310344827580e+01 0.000000000000000000e+00 0.000000000000000000e+00 0.000000000000000000e+00 0.000000000000000000e+00 2.482352941176471361e+01 2.912280701754386314e+01 2.841011235955056335e+01 0.000000000000000000e+00 2.057142857142856229e+01 3.562499999999999289e+01 3.357407407407407618e+01 0.000000000000000000e+00 3.167187500000000355e+01 0.000000000000000000e+00 0.000000000000000000e+00 0.000000000000000000e+00 0.000000000000000000e+00 0.000000000000000000e+00 0.000000000000000000e+00 0.000000000000000000e+00 0.000000000000000000e+00 2.324999999999998224e+01 0.000000000000000000e+00 0.000000000000000000e+00 0.000000000000000000e+00 0.000000000000000000e+00 0.000000000000000000e+00 0.000000000000000000e+00 0.000000000000000000e+00 0.000000000000000000e+00 0.000000000000000000e+00 0.000000000000000000e+00 0.000000000000000000e+00 0.000000000000000000e+00 0.000000000000000000e+00 0.000000000000000000e+00 0.000000000000000000e+00 0.000000000000000000e+00 0.000000000000000000e+00 0.000000000000000000e+00 0.000000000000000000e+00 0.000000000000000000e+00 0.000000000000000000e+00 0.000000000000000000e+00 0.000000000000000000e+00 0.000000000000000000e+00 0.000000000000000000e+00 0.000000000000000000e+00 0.000000000000000000e+00 0.000000000000000000e+00 0.000000000000000000e+00 0.000000000000000000e+00 0.000000000000000000e+00 0.000000000000000000e+00 0.000000000000000000e+00 0.000000000000000000e+00
0.000000000000000000e+00 0.000000000000000000e+00 0.000000000000000000e+00 4.049999999999999289e+01 2.724647887323942186e+01 2.213069016152715562e+01 3.274999999999998579e+01 3.624513947590869378e+01 2.107642903018624736e+01 2.349461979913915854e+01 2.216588566073102129e+01 3.064383561643834497e+01 2.265070055392637016e+01 2.769999999999999929e+01 1.183727513469089132e+01 3.233408071748877433e+01 2.546901709401708658e+01 2.504971319311663436e+01 2.797929936305731502e+01 1.262500000000000000e+01 2.660055865921786733e+01 3.485416666666665719e+01 2.293842364532019573e+01 1.993571428571427973e+01 2.199910554561716935e+01 2.190993788819875121e+01 2.195299145299144783e+01 2.708663366336633160e+01 2.260023008340523276e+01 2.924014221073043629e+01 4.507822847682117384e+01 3.878222150259066581e+01 3.565024937655859105e+01 5.199999999999998579e+01 5.295588235294117396e+01 6.211111111111108585e+01 4.870731707317073500e+01 2.366836734693877276e+01 9.012966624026045537e+00 2.019795221843003574e+01 0.000000000000000000e+00 2.129378172588831575e+01 1.316638865721434470e+01 1.155167394468704778e+01 2.049999999999999645e+01 2.181361760660247384e+01 0.000000000000000000e+00 5.000000000000000000e+01 4.149999999999992895e+01 0.000000000000000000e+00 0.000000000000000000e+00 4.399999999999997158e+01 4.689999999999994174e+01 4.908333333333330728e+01 4.264285714285711748e+01 5.899999999999998579e+01 5.899999999999997868e+01 0.000000000000000000e+00 4.849999999999997868e+01 2.833333333333332149e+01 3.037500000000000000e+01 3.193749999999997868e+01 0.000000000000000000e+00 0.000000000000000000e+00 0.000000000000000000e+00 0.000000000000000000e+00 0.000000000000000000e+00 0.000000000000000000e+00 0.000000000000000000e+00 0.000000000000000000e+00 5.699999999999999289e+01 8.149999999999995737e+01 5.699999999999997868e+01 0.000000000000000000e+00 7.099999999999995737e+01 4.259999999999996589e+01 0.000000000000000000e+00 0.000000000000000000e+00 0.000000000000000000e+00 0.000000000000000000e+00 3.449999999999997868e+01 4.826923076923075229e+01 6.675000000000000000e+01 0.000000000000000000e+00 3.689999999999998437e+01 5.550000000000002132e+01 0.000000000000000000e+00 0.000000000000000000e+00 0.000000000000000000e+00
0.000000000000000000e+00 0.000000000000000000e+00 0.000000000000000000e+00 2.433333333333329662e+01 1.271702453987729164e+01 2.162394195888753501e+01 2.559999999999998010e+01 2.242045454545453609e+01 3.175619834710743561e+01 1.898885350318470344e+01 3.750270270270268469e+01 1.895514950166111490e+01 4.907999999999996987e+01 4.507142857142851256e+01 3.233408071748877433e+01 7.018425037859664428e+00 1.005030674846625161e+01 3.837451737451734601e+01 4.827997601918461612e+01 0.000000000000000000e+00 9.950000000000000000e+01 0.000000000000000000e+00 4.350000000000002842e+01 0.000000000000000000e+00 6.800000000000000000e+01 6.441666666666664298e+01 0.000000000000000000e+00 6.716666666666662877e+01 6.367391304347824388e+01 6.054237288135590234e+01 7.533333333333330017e+01 6.778947368421049191e+01 5.273684210526312199e+01 0.000000000000000000e+00 8.700000000000001421e+01 0.000000000000000000e+00 9.699999999999997158e+01 1.101484780994802293e+01 2.259302995391703561e+01 4.537499999999998579e+01 0.000000000000000000e+00 4.687500000000000000e+01 6.299999999999993605e+01 5.733333333333331439e+01 7.987987987987981597e+00 4.899999999999997158e+01 0.000000000000000000e+00 2.574999999999997868e+01 2.383333333333331439e+01 0.000000000000000000e+00 3.323076923076918376e+01 3.377777777777772883e+01 3.742857142857138797e+01 4.737499999999996447e+01 3.161111111111109295e+01 6.174999999999994316e+01 5.374999999999996447e+01 4.699999999999997868e+01 1.381818181818181301e+01 1.591071428571427759e+01 3.124999999999997868e+01 4.755555555555552871e+01 0.000000000000000000e+00 0.000000000000000000e+00 0.000000000000000000e+00 0.000000000000000000e+00 0.000000000000000000e+00 0.000000000000000000e+00 0.000000000000000000e+00 0.000000000000000000e+00 0.000000000000000000e+00 0.000000000000000000e+00 0.000000000000000000e+00 0.000000000000000000e+00 0.000000000000000000e+00 0.000000000000000000e+00 0.000000000000000000e+00 0.000000000000000000e+00 0.000000000000000000e+00 0.000000000000000000e+00 2.152777777777775725e+01 3.208333333333330017e+01 0.000000000000000000e+00 0.000000000000000000e+00 0.000000000000000000e+00 0.000000000000000000e+00 0.000000000000000000e+00 2.116666666666665719e+01 0.000000000000000000e+00
0.000000000000000000e+00 0.000000000000000000e+00 0.000000000000000000e+00 2.833333333333333215e+01 2.702127659574466989e+01 3.318478260869564167e+01 4.150000000000000000e+01 2.590697674418604279e+01 2.578710937500000000e+01 2.101003210272871868e+01 2.434076827757124306e+01 1.719646719538571489e+01 3.687499999999998579e+01 3.318181818181816567e+01 2.546901709401708658e+01 1.005030674846625161e+01 8.721303258145358228e+00 2.371908062750819113e+01 3.528514056224898354e+01 0.000000000000000000e+00 0.000000000000000000e+00 0.000000000000000000e+00 0.000000000000000000e+00 9.450000000000000000e+01 7.350000000000004263e+01 7.216666666666665719e+01 0.000000000000000000e+00 6.374999999999997158e+01 4.640196078431372229e+01 4.949528301886790871e+01 6.522499999999999432e+01 5.700568181818179880e+01 3.584018264840180734e+01 0.000000000000000000e+00 7.893750000000000000e+01 0.000000000000000000e+00 6.975000000000000000e+01 1.705932203389829382e+01 2.332524469820553392e+01 3.260769230769229665e+01 0.000000000000000000e+00 3.589999999999997726e+01 5.100000000000000000e+01 4.878571428571427759e+01 2.866666666666663232e+01 3.829824561403508199e+01 0.000000000000000000e+00 2.100000000000001066e+01 2.299999999999997868e+01 0.000000000000000000e+00 3.649999999999995737e+01 2.813636363636359405e+01 3.077586206896548759e+01 3.410606060606058065e+01 2.409999999999998010e+01 5.849999999999992895e+01 0.000000000000000000e+00 3.499999999999997158e+01 1.752941176470586981e+01 1.491666666666666075e+01 1.914062499999998579e+01 4.439999999999996305e+01 0.000000000000000000e+00 0.000000000000000000e+00 0.000000000000000000e+00 0.000000000000000000e+00 0.000000000000000000e+00 0.000000000000000000e+00 0.000000000000000000e+00 0.000000000000000000e+00 0.000000000000000000e+00 0.000000000000000000e+00 0.000000000000000000e+00 7.224999999999997158e+01 6.350000000000002132e+01 4.899999999999995737e+01 0.000000000000000000e+00 0.000000000000000000e+00 0.000000000000000000e+00 0.000000000000000000e+00 2.153846153846152234e+01 2.957608695652172059e+01 0.000000000000000000e+00 0.000000000000000000e+00 0.000000000000000000e+00 0.000000000000000000e+00 0.000000000000000000e+00 3.749999999999999289e+01 0.000000000000000000e+00
