0.000000000000000000e+00 0.000000000000000000e+00 0.000000000000000000e+00 0.000000000000000000e+00 0.000000000000000000e+00 0.000000000000000000e+00 0.000000000000000000e+00 0.000000000000000000e+00 0.000000000000000000e+00 0.000000000000000000e+00 0.000000000000000000e+00 0.000000000000000000e+00 0.000000000000000000e+00 0.000000000000000000e+00 0.000000000000000000e+00 0.000000000000000000e+00 0.000000000000000000e+00 0.000000000000000000e+00 0.000000000000000000e+00 0.000000000000000000e+00 0.000000000000000000e+00 0.000000000000000000e+00 0.000000000000000000e+00 0.000000000000000000e+00 0.000000000000000000e+00 0.000000000000000000e+00 0.000000000000000000e+00 0.000000000000000000e+00 0.000000000000000000e+00 0.000000000000000000e+00 0.000000000000000000e+00 0.000000000000000000e+00 0.000000000000000000e+00 0.000000000000000000e+00 0.000000000000000000e+00 0.000000000000000000e+00 0.000000000000000000e+00 0.000000000000000000e+00 0.000000000000000000e+00 0.000000000000000000e+00 0.000000000000000000e+00 0.000000000000000000e+00 0.000000000000000000e+00 0.000000000000000000e+00 0.000000000000000000e+00 0.000000000000000000e+00 0.000000000000000000e+00 0.000000000000000000e+00 0.000000000000000000e+00 0.000000000000000000e+00 0.000000000000000000e+00 0.000000000000000000e+00 0.000000000000000000e+00 0.000000000000000000e+00 0.000000000000000000e+00 0.000000000000000000e+00 0.000000000000000000e+00 0.000000000000000000e+00 0.000000000000000000e+00 0.000000000000000000e+00 0.000000000000000000e+00 0.000000000000000000e+00 0.000000000000000000e+00 0.000000000000000000e+00 0.000000000000000000e+00 0.000000000000000000e+00 0.000000000000000000e+00 0.000000000000000000e+00 0.000000000000000000e+00 0.000000000000000000e+00 0.000000000000000000e+00 0.000000000000000000e+00 0.000000000000000000e+00 0.000000000000000000e+00 0.000000000000000000e+00 0.000000000000000000e+00 0.000000000000000000e+00 0.000000000000000000e+00 0.000000000000000000e+00 0.000000000000000000e+00 0.000000000000000000e+00 0.000000000000000000e+00 0.000000000000000000e+00 0.000000000000000000e+00 0.000000000000000000e+00 0.000000000000000000e+00 0.000000000000000000e+00 0.000000000000000000e+00 0.000000000000000000e+00
0.000000000000000000e+00 0.000000000000000000e+00 0.000000000000000000e+00 0.000000000000000000e+00 0.000000000000000000e+00 0.000000000000000000e+00 0.000000000000000000e+00 0.000000000000000000e+00 0.000000000000000000e+00 0.000000000000000000e+00 0.000000000000000000e+00 0.000000000000000000e+00 0.000000000000000000e+00 0.000000000000000000e+00 0.000000000000000000e+00 0.000000000000000000e+00 0.000000000000000000e+00 0.000000000000000000e+00 0.000000000000000000e+00 0.000000000000000000e+00 0.000000000000000000e+00 0.000000000000000000e+00 0.000000000000000000e+00 0.000000000000000000e+00 0.000000000000000000e+00 0.000000000000000000e+00 0.000000000000000000e+00 0.000000000000000000e+00 0.000000000000000000e+00 0.000000000000000000e+00 0.000000000000000000e+00 0.000000000000000000e+00 0.000000000000000000e+00 0.000000000000000000e+00 0.000000000000000000e+00 0.000000000000000000e+00 0.000000000000000000e+00 0.000000000000000000e+00 0.000000000000000000e+00 0.000000000000000000e+00 0.000000000000000000e+00 0.000000000000000000e+00 0.000000000000000000e+00 0.000000000000000000e+00 0.000000000000000000e+00 0.000000000000000000e+00 0.000000000000000000e+00 0.000000000000000000e+00 0.000000000000000000e+00 0.000000000000000000e+00 0.000000000000000000e+00 0.000000000000000000e+00 0.000000000000000000e+00 0.000000000000000000e+00 0.000000000000000000e+00 0.000000000000000000e+00 0.000000000000000000e+00 0.000000000000000000e+00 0.000000000000000000e+00 0.000000000000000000e+00 0.000000000000000000e+00 0.000000000000000000e+00 0.000000000000000000e+00 0.000000000000000000e+00 0.000000000000000000e+00 0.000000000000000000e+00 0.000000000000000000e+00 0.000000000000000000e+00 0.000000000000000000e+00 0.000000000000000000e+00 0.000000000000000000e+00 0.000000000000000000e+00 0.000000000000000000e+00 0.000000000000000000e+00 0.000000000000000000e+00 0.000000000000000000e+00 0.000000000000000000e+00 0.000000000000000000e+00 0.000000000000000000e+00 0.000000000000000000e+00 0.000000000000000000e+00 0.000000000000000000e+00 0.000000000000000000e+00 0.000000000000000000e+00 0.000000000000000000e+00 0.000000000000000000e+00 0.000000000000000000e+00 0.000000000000000000e+00 0.000000000000000000e+00
0.000000000000000000e+00 0.000000000000000000e+00 0.000000000000000000e+00 0.000000000000000000e+00 0.000000000000000000e+00 0.000000000000000000e+00 0.000000000000000000e+00 0.000000000000000000e+00 0.000000000000000000e+00 0.000000000000000000e+00 0.000000000000000000e+00 0.000000000000000000e+00 0.000000000000000000e+00 0.000000000000000000e+00 0.000000000000000000e+00 0.000000000000000000e+00 0.000000000000000000e+00 0.000000000000000000e+00 0.000000000000000000e+00 0.000000000000000000e+00 0.000000000000000000e+00 0.000000000000000000e+00 0.000000000000000000e+00 0.000000000000000000e+00 0.000000000000000000e+00 0.000000000000000000e+00 0.000000000000000000e+00 0.000000000000000000e+00 0.000000000000000000e+00 0.000000000000000000e+00 0.000000000000000000e+00 0.000000000000000000e+00 0.000000000000000000e+00 0.000000000000000000e+00 0.000000000000000000e+00 0.000000000000000000e+00 0.000000000000000000e+00 0.000000000000000000e+00 0.000000000000000000e+00 0.000000000000000000e+00 0.000000000000000000e+00 0.000000000000000000e+00 0.000000000000000000e+00 0.000000000000000000e+00 0.000000000000000000e+00 0.000000000000000000e+00 0.000000000000000000e+00 0.000000000000000000e+00 0.000000000000000000e+00 0.000000000000000000e+00 0.000000000000000000e+00 0.000000000000000000e+00 0.000000000000000000e+00 0.000000000000000000e+00 0.000000000000000000e+00 0.000000000000000000e+00 0.000000000000000000e+00 0.000000000000000000e+00 0.000000000000000000e+00 0.000000000000000000e+00 0.000000000000000000e+00 0.000000000000000000e+00 0.000000000000000000e+00 0.000000000000000000e+00 0.000000000000000000e+00 0.000000000000000000e+00 0.000000000000000000e+00 0.000000000000000000e+00 0.000000000000000000e+00 0.000000000000000000e+00 0.000000000000000000e+00 0.000000000000000000e+00 0.000000000000000000e+00 0.000000000000000000e+00 0.000000000000000000e+00 0.000000000000000000e+00 0.000000000000000000e+00 0.000000000000000000e+00 0.000000000000000000e+00 0.000000000000000000e+00 0.000000000000000000e+00 0.000000000000000000e+00 0.000000000000000000e+00 0.000000000000000000e+00 0.000000000000000000e+00 0.000000000000000000e+00 0.000000000000000000e+00 0.000000000000000000e+00 0.000000000000000000e+00
0.000000000000000000e+00 0.000000000000000000e+00 0.000000000000000000e+00 5.117431192660546913e+00 8.154738878143128034e+00 1.034345549738219461e+01 3.569999999999999574e+01 3.118749999999998224e+01 4.333333333333333570e+01 1.000495049504950096e+01 3.950000000000004263e+01 6.497086671522212420e+00 6.049999999999995026e+01 0.000000000000000000e+00 5.862499999999999289e+01 2.916666666666665719e+01 0.000000000000000000e+00 6.099999999999996447e+01 0.000000000000000000e+00 0.000000000000000000e+00 0.000000000000000000e+00 0.000000000000000000e+00 0.000000000000000000e+00 0.000000000000000000e+00 0.000000000000000000e+00 0.000000000000000000e+00 0.000000000000000000e+00 0.000000000000000000e+00 5.549999999999997158e+01 0.000000000000000000e+00 0.000000000000000000e+00 0.000000000000000000e+00 6.749999999999995737e+01 0.000000000000000000e+00 0.000000000000000000e+00 0.000000000000000000e+00 0.000000000000000000e+00 2.908620689655170466e+01 3.289583333333330728e+01 0.000000000000000000e+00 0.000000000000000000e+00 0.000000000000000000e+00 0.000000000000000000e+00 0.000000000000000000e+00 3.449999999999998579e+01 0.000000000000000000e+00 0.000000000000000000e+00 0.000000000000000000e+00 0.000000000000000000e+00 0.000000000000000000e+00 0.000000000000000000e+00 0.000000000000000000e+00 0.000000000000000000e+00 0.000000000000000000e+00 0.000000000000000000e+00 0.000000000000000000e+00 0.000000000000000000e+00 0.000000000000000000e+00 0.000000000000000000e+00 0.000000000000000000e+00 0.000000000000000000e+00 0.000000000000000000e+00 0.000000000000000000e+00 0.000000000000000000e+00 0.000000000000000000e+00 0.000000000000000000e+00 0.000000000000000000e+00 0.000000000000000000e+00 0.000000000000000000e+00 0.000000000000000000e+00 0.000000000000000000e+00 0.000000000000000000e+00 0.000000000000000000e+00 0.000000000000000000e+00 0.000000000000000000e+00 0.000000000000000000e+00 0.000000000000000000e+00 0.000000000000000000e+00 0.000000000000000000e+00 0.000000000000000000e+00 0.000000000000000000e+00 0.000000000000000000e+00 0.000000000000000000e+00 0.000000000000000000e+00 0.000000000000000000e+00 0.000000000000000000e+00 0.000000000000000000e+00 0.000000000000000000e+00 0.000000000000000000e+00
0.000000000000000000e+00 0.000000000000000000e+00 0.000000000000000000e+00 8.154738878143128034e+00 1.003773305711748520e+01 9.385740298167744911e+00 2.859999999999998010e+01 2.328260869565216851e+01 3.741379310344826337e+01 1.330548996458086464e+01 4.617647058823526862e+01 1.466150700934578843e+01 6.462500000000000000e+01 6.399999999999998579e+01 3.293939393939392346e+01 1.450722733245728868e+01 3.259523809523808779e+01 5.114285714285711038e+01 6.609999999999999432e+01 0.000000000000000000e+00 0.000000000000000000e+00 0.000000000000000000e+00 0.000000000000000000e+00 0.000000000000000000e+00 0.000000000000000000e+00 0.000000000000000000e+00 0.000000000000000000e+00 0.000000000000000000e+00 7.199999999999997158e+01 6.850000000000000000e+01 0.000000000000000000e+00 7.874999999999998579e+01 7.019999999999998863e+01 0.000000000000000000e+00 0.000000000000000000e+00 0.000000000000000000e+00 0.000000000000000000e+00 1.268236914600550236e+01 1.765146266358736327e+01 1.411111111111110361e+01 0.000000000000000000e+00 0.000000000000000000e+00 0.000000000000000000e+00 2.750000000000002487e+01 5.423941453214841779e+00 9.588235294117643193e+00 0.000000000000000000e+00 3.899999999999996447e+01 0.000000000000000000e+00 0.000000000000000000e+00 0.000000000000000000e+00 0.000000000000000000e+00 4.499999999999996447e+01 4.899999999999997868e+01 3.849999999999997158e+01 0.000000000000000000e+00 0.000000000000000000e+00 0.000000000000000000e+00 2.978571428571427049e+01 0.000000000000000000e+00 0.000000000000000000e+00 0.000000000000000000e+00 0.000000000000000000e+00 0.000000000000000000e+00 0.000000000000000000e+00 0.000000000000000000e+00 0.000000000000000000e+00 0.000000000000000000e+00 0.000000000000000000e+00 0.000000000000000000e+00 0.000000000000000000e+00 0.000000000000000000e+00 0.000000000000000000e+00 0.000000000000000000e+00 0.000000000000000000e+00 0.000000000000000000e+00 0.000000000000000000e+00 0.000000000000000000e+00 0.000000000000000000e+00 0.000000000000000000e+00 1.889999999999997726e+01 4.129999999999996874e+01 0.000000000000000000e+00 0.000000000000000000e+00 0.000000000000000000e+00 0.000000000000000000e+00 0.000000000000000000e+00 1.249999999999999822e+01 0.000000000000000000e+00
0.000000000000000000e+00 0.000000000000000000e+00 0.000000000000000000e+00 1.034345549738219461e+01 9.385740298167744911e+00 1.470214943705219568e+01 9.427278213639104010e+00 1.456828846628796725e+01 3.058147512864492867e+01 1.688449921469130288e+01 4.063194444444442155e+01 2.247836938435938947e+01 4.973214285714283989e+01 0.000000000000000000e+00 2.654479166666665080e+01 2.179427083333332504e+01 3.499999999999997868e+01 5.806249999999997868e+01 7.184999999999999432e+01 0.000000000000000000e+00 0.000000000000000000e+00 0.000000000000000000e+00 0.000000000000000000e+00 0.000000000000000000e+00 0.000000000000000000e+00 4.766666666666662877e+01 0.000000000000000000e+00 0.000000000000000000e+00 5.792857142857142350e+01 5.391666666666665009e+01 5.374999999999997868e+01 7.634999999999996589e+01 7.216666666666660035e+01 0.000000000000000000e+00 7.349999999999998579e+01 0.000000000000000000e+00 9.649999999999997158e+01 1.839837662337661328e+01 1.940370506236242321e+01 1.792105263157893802e+01 0.000000000000000000e+00 4.208333333333332860e+01 3.668749999999998579e+01 2.092187499999999289e+01 2.052362204724408556e+01 3.287499999999999289e+01 0.000000000000000000e+00 0.000000000000000000e+00 0.000000000000000000e+00 0.000000000000000000e+00 0.000000000000000000e+00 6.099999999999999289e+01 4.822222222222217880e+01 0.000000000000000000e+00 4.749999999999999289e+01 0.000000000000000000e+00 0.000000000000000000e+00 0.000000000000000000e+00 3.113636363636362958e+01 4.450000000000000711e+01 5.599999999999997868e+01 0.000000000000000000e+00 0.000000000000000000e+00 0.000000000000000000e+00 0.000000000000000000e+00 0.000000000000000000e+00 0.000000000000000000e+00 0.000000000000000000e+00 0.000000000000000000e+00 0.000000000000000000e+00 0.000000000000000000e+00 0.000000000000000000e+00 0.000000000000000000e+00 0.000000000000000000e+00 0.000000000000000000e+00 0.000000000000000000e+00 0.000000000000000000e+00 0.000000000000000000e+00 0.000000000000000000e+00 0.000000000000000000e+00 3.049999999999996447e+01 4.200000000000000711e+01 0.000000000000000000e+00 0.000000000000000000e+00 0.000000000000000000e+00 0.000000000000000000e+00 0.000000000000000000e+00 3.000000000000001066e+01 0.000000000000000000e+00
0.000000000000000000e+00 0.000000000000000000e+00 0.000000000000000000e+00 3.569999999999999574e+01 2.859999999999998010e+01 9.427278213639104010e+00 7.463943841735797946e+00 8.642685851318940848e+00 2.195918367346937927e+01 1.382953784326858226e+01 4.449999999999998579e+01 3.161940298507461478e+01 0.000000000000000000e+00 0.000000000000000000e+00 4.177777777777776436e+01 2.700000000000001066e+01 0.000000000000000000e+00 0.000000000000000000e+00 0.000000000000000000e+00 0.000000000000000000e+00 0.000000000000000000e+00 0.000000000000000000e+00 0.000000000000000000e+00 0.000000000000000000e+00 0.000000000000000000e+00 0.000000000000000000e+00 0.000000000000000000e+00 0.000000000000000000e+00 0.000000000000000000e+00 6.099999999999997158e+01 0.000000000000000000e+00 7.249999999999997158e+01 0.000000000000000000e+00 0.000000000000000000e+00 0.000000000000000000e+00 0.000000000000000000e+00 0.000000000000000000e+00 3.362500000000000000e+01 2.445454545454543904e+01 0.000000000000000000e+00 0.000000000000000000e+00 0.000000000000000000e+00 0.000000000000000000e+00 0.000000000000000000e+00 3.099999999999996092e+01 0.000000000000000000e+00 0.000000000000000000e+00 0.000000000000000000e+00 0.000000000000000000e+00 0.000000000000000000e+00 0.000000000000000000e+00 0.000000000000000000e+00 0.000000000000000000e+00 0.000000000000000000e+00 0.000000000000000000e+00 0.000000000000000000e+00 0.000000000000000000e+00 0.000000000000000000e+00 0.000000000000000000e+00 0.000000000000000000e+00 0.000000000000000000e+00 0.000000000000000000e+00 0.000000000000000000e+00 0.000000000000000000e+00 0.000000000000000000e+00 0.000000000000000000e+00 0.000000000000000000e+00 0.000000000000000000e+00 0.000000000000000000e+00 0.000000000000000000e+00 0.000000000000000000e+00 0.000000000000000000e+00 0.000000000000000000e+00 0.000000000000000000e+00 0.000000000000000000e+00 0.000000000000000000e+00 0.000000000000000000e+00 0.000000000000000000e+00 0.000000000000000000e+00 0.000000000000000000e+00 0.000000000000000000e+00 0.000000000000000000e+00 0.000000000000000000e+00 0.000000000000000000e+00 0.000000000000000000e+00 0.000000000000000000e+00 0.000000000000000000e+00 0.000000000000000000e+00 0.000000000000000000e+00
0.000000000000000000e+00 0.000000000000000000e+00 0.000000000000000000e+00 3.118749999999998224e+01 2.328260869565216851e+01 1.456828846628796725e+01 8.642685851318940848e+00 8.488508877028646538e+00 8.649019607843134949e+00 1.763211210535201090e+01 3.522058823529409466e+01 2.271703617269543685e+01 3.567857142857142350e+01 0.000000000000000000e+00 3.353409090909088519e+01 1.705725190839693894e+01 2.247368421052630083e+01 4.049999999999996447e+01 6.259999999999996589e+01 0.000000000000000000e+00 0.000000000000000000e+00 0.000000000000000000e+00 0.000000000000000000e+00 0.000000000000000000e+00 0.000000000000000000e+00 6.549999999999998579e+01 0.000000000000000000e+00 0.000000000000000000e+00 4.009999999999998721e+01 4.634210526315788314e+01 7.599999999999995737e+01 7.385714285714284699e+01 7.166666666666662877e+01 0.000000000000000000e+00 0.000000000000000000e+00 0.000000000000000000e+00 5.949999999999997158e+01 2.567857142857141994e+01 2.470575221238936336e+01 2.864285714285712103e+01 0.000000000000000000e+00 0.000000000000000000e+00 0.000000000000000000e+00 2.574999999999996092e+01 0.000000000000000000e+00 0.000000000000000000e+00 0.000000000000000000e+00 0.000000000000000000e+00 0.000000000000000000e+00 0.000000000000000000e+00 0.000000000000000000e+00 0.000000000000000000e+00 3.049999999999997158e+01 0.000000000000000000e+00 0.000000000000000000e+00 0.000000000000000000e+00 0.000000000000000000e+00 0.000000000000000000e+00 1.700000000000000000e+01 0.000000000000000000e+00 0.000000000000000000e+00 0.000000000000000000e+00 0.000000000000000000e+00 0.000000000000000000e+00 0.000000000000000000e+00 0.000000000000000000e+00 0.000000000000000000e+00 0.000000000000000000e+00 0.000000000000000000e+00 0.000000000000000000e+00 0.000000000000000000e+00 0.000000000000000000e+00 0.000000000000000000e+00 0.000000000000000000e+00 0.000000000000000000e+00 0.000000000000000000e+00 0.000000000000000000e+00 0.000000000000000000e+00 0.000000000000000000e+00 0.000000000000000000e+00 0.000000000000000000e+00 3.949999999999998579e+01 0.000000000000000000e+00 0.000000000000000000e+00 0.000000000000000000e+00 0.000000000000000000e+00 0.000000000000000000e+00 0.000000000000000000e+00 0.000000000000000000e+00
0.000000000000000000e+00 0.000000000000000000e+00 0.000000000000000000e+00 4.333333333333333570e+01 3.741379310344826337e+01 3.058147512864492867e+01 2.195918367346937927e+01 8.649019607843134949e+00 1.123699175433608133e+01 2.200110757303058762e+01 2.346739130434782439e+01 3.239274193548386194e+01 9.867686617350369005e+00 5.037499999999997868e+01 2.233905146316850931e+01 3.216911764705882604e+01 2.700564971751411392e+01 5.083333333333332860e+01 6.143749999999998579e+01 0.000000000000000000e+00 5.100000000000000000e+01 6.499999999999998579e+01 0.000000000000000000e+00 0.000000000000000000e+00 0.000000000000000000e+00 6.025000000000000000e+01 2.549999999999999289e+01 0.000000000000000000e+00 2.078675496688741831e+01 2.435565356856454500e+01 5.224999999999999289e+01 6.270192307692305889e+01 5.811111111111110006e+01 0.000000000000000000e+00 6.500000000000001421e+01 0.000000000000000000e+00 5.673076923076921929e+01 2.226996805111820876e+01 1.830152365677626136e+01 3.237962962962962621e+01 0.000000000000000000e+00 4.200000000000000711e+01 4.350000000000000000e+01 5.337499999999999289e+01 3.599999999999998579e+01 3.555882352941176805e+01 0.000000000000000000e+00 0.000000000000000000e+00 0.000000000000000000e+00 0.000000000000000000e+00 0.000000000000000000e+00 0.000000000000000000e+00 6.316666666666663588e+01 0.000000000000000000e+00 4.974999999999994316e+01 0.000000000000000000e+00 0.000000000000000000e+00 0.000000000000000000e+00 3.633333333333332860e+01 3.433333333333332149e+01 0.000000000000000000e+00 0.000000000000000000e+00 0.000000000000000000e+00 0.000000000000000000e+00 0.000000000000000000e+00 0.000000000000000000e+00 0.000000000000000000e+00 0.000000000000000000e+00 0.000000000000000000e+00 0.000000000000000000e+00 0.000000000000000000e+00 0.000000000000000000e+00 0.000000000000000000e+00 0.000000000000000000e+00 0.000000000000000000e+00 0.000000000000000000e+00 0.000000000000000000e+00 0.000000000000000000e+00 0.000000000000000000e+00 0.000000000000000000e+00 0.000000000000000000e+00 0.000000000000000000e+00 0.000000000000000000e+00 0.000000000000000000e+00 0.000000000000000000e+00 0.000000000000000000e+00 0.000000000000000000e+00 0.000000000000000000e+00 0.000000000000000000e+00
0.000000000000000000e+00 0.000000000000000000e+00 0.000000000000000000e+00 1.000495049504950096e+01 1.330548996458086464e+01 1.688449921469130288e+01 1.382953784326858226e+01 1.763211210535201090e+01 2.200110757303058762e+01 1.183597677481588661e+01 1.514647794601711261e+01 1.242998642064062231e+01 4.131615120274912556e+01 4.477272727272725916e+01 3.760208543558692895e+01 2.296562032884901328e+01 2.416479400749062734e+01 4.359032258064515020e+01 5.648285714285712089e+01 0.000000000000000000e+00 6.000000000000001421e+01 6.575000000000000000e+01 0.000000000000000000e+00 0.000000000000000000e+00 5.029999999999998295e+01 5.934999999999998721e+01 4.508333333333332149e+01 4.950000000000000000e+01 5.107296137339054098e+01 4.510505319148933978e+01 6.608333333333331439e+01 6.065032154340833870e+01 5.694063926940637543e+01 6.724999999999997158e+01 7.878571428571426338e+01 0.000000000000000000e+00 5.513636363636361892e+01 2.269945987654319453e+01 2.632100174566937412e+01 4.140196078431370807e+01 0.000000000000000000e+00 5.589999999999999147e+01 5.555769230769229239e+01 5.037499999999999289e+01 2.877464788732391554e+01 4.794736842105261587e+01 0.000000000000000000e+00 0.000000000000000000e+00 5.499999999999997868e+01 0.000000000000000000e+00 0.000000000000000000e+00 0.000000000000000000e+00 5.249999999999998579e+01 0.000000000000000000e+00 4.474999999999995026e+01 0.000000000000000000e+00 0.000000000000000000e+00 0.000000000000000000e+00 3.162499999999998934e+01 3.191666666666664653e+01 5.050000000000002132e+01 0.000000000000000000e+00 0.000000000000000000e+00 0.000000000000000000e+00 0.000000000000000000e+00 0.000000000000000000e+00 0.000000000000000000e+00 0.000000000000000000e+00 0.000000000000000000e+00 0.000000000000000000e+00 0.000000000000000000e+00 0.000000000000000000e+00 0.000000000000000000e+00 0.000000000000000000e+00 6.999999999999995737e+01 0.000000000000000000e+00 0.000000000000000000e+00 0.000000000000000000e+00 0.000000000000000000e+00 0.000000000000000000e+00 3.049999999999996803e+01 4.799999999999995737e+01 0.000000000000000000e+00 0.000000000000000000e+00 0.000000000000000000e+00 0.000000000000000000e+00 0.000000000000000000e+00 0.000000000000000000e+00 0.000000000000000000e+00
0.000000000000000000e+00 0.000000000000000000e+00 0.000000000000000000e+00 3.950000000000004263e+01 4.617647058823526862e+01 4.063194444444442155e+01 4.449999999999998579e+01 3.522058823529409466e+01 2.346739130434782439e+01 1.514647794601711261e+01 1.364840058160668868e+01 2.506115280217148467e+01 1.692489049214120200e+01 3.750000000000000711e+01 2.474223602484472195e+01 3.813211382113819781e+01 2.681737193763919080e+01 3.128187919463087141e+01 4.479720670391061788e+01 6.516666666666664298e+01 6.286666666666666714e+01 5.141666666666665719e+01 7.950000000000000000e+01 8.874999999999995737e+01 5.883333333333331439e+01 6.470689655172412813e+01 5.049999999999997868e+01 4.588888888888888573e+01 3.706777108433735179e+01 2.876883561643835563e+01 5.210062893081761359e+01 4.927758007117437700e+01 4.432222222222222285e+01 5.010294117647060119e+01 5.759519230769230802e+01 5.492307692307691980e+01 4.937715517241379359e+01 1.979453213077789542e+01 2.080561082371667325e+01 3.028731343283581978e+01 0.000000000000000000e+00 3.690277777777777857e+01 4.984761904761904816e+01 3.855555555555555003e+01 3.370000000000000284e+01 3.266574585635358829e+01 0.000000000000000000e+00 0.000000000000000000e+00 0.000000000000000000e+00 0.000000000000000000e+00 0.000000000000000000e+00 7.550000000000004263e+01 5.249999999999995026e+01 5.007142857142854098e+01 4.928124999999997158e+01 5.212499999999995737e+01 0.000000000000000000e+00 0.000000000000000000e+00 4.274999999999997158e+01 3.533333333333330728e+01 4.435714285714283278e+01 5.769999999999997442e+01 0.000000000000000000e+00 0.000000000000000000e+00 0.000000000000000000e+00 0.000000000000000000e+00 0.000000000000000000e+00 0.000000000000000000e+00 0.000000000000000000e+00 0.000000000000000000e+00 0.000000000000000000e+00 0.000000000000000000e+00 0.000000000000000000e+00 0.000000000000000000e+00 0.000000000000000000e+00 6.550000000000001421e+01 0.000000000000000000e+00 0.000000000000000000e+00 0.000000000000000000e+00 0.000000000000000000e+00 3.921428571428568688e+01 4.572916666666665009e+01 3.899999999999999289e+01 0.000000000000000000e+00 0.000000000000000000e+00 1.114999999999999147e+02 0.000000000000000000e+00 6.249999999999998579e+01 0.000000000000000000e+00
0.000000000000000000e+00 0.000000000000000000e+00 0.000000000000000000e+00 6.497086671522212420e+00 1.466150700934578843e+01 2.247836938435938947e+01 3.161940298507461478e+01 2.271703617269543685e+01 3.239274193548386194e+01 1.242998642064062231e+01 2.506115280217148467e+01 1.522642452870334573e+01 2.298144712430426750e+01 1.355082784404486596e+01 4.354389438943892543e+01 1.938652751423148857e+01 1.718628454452404597e+01 2.655793616090948106e+01 4.367350088183421519e+01 0.000000000000000000e+00 7.016666666666664298e+01 0.000000000000000000e+00 0.000000000000000000e+00 0.000000000000000000e+00 8.283333333333331439e+01 5.239999999999999147e+01 5.949999999999995737e+01 0.000000000000000000e+00 3.765589782118707518e+01 4.594882729211087735e+01 5.615555555555555856e+01 4.727700348432055932e+01 4.284090909090909349e+01 5.438888888888889284e+01 6.673076923076922640e+01 0.000000000000000000e+00 6.577272727272726627e+01 2.423307113543091162e+01 2.816931778013430687e+01 3.372183098591549566e+01 0.000000000000000000e+00 3.791044776119402826e+01 6.062499999999997868e+01 3.951063829787234027e+01 3.368243243243239959e+01 3.795723684210527438e+01 0.000000000000000000e+00 4.224999999999997158e+01 0.000000000000000000e+00 0.000000000000000000e+00 0.000000000000000000e+00 5.233333333333326465e+01 5.199999999999996447e+01 3.999999999999997868e+01 1.158333333333333037e+01 5.166666666666660745e+01 3.099999999999998224e+01 0.000000000000000000e+00 3.677586206896549470e+01 2.779166666666665009e+01 2.295930232558139039e+01 4.118749999999998579e+01 0.000000000000000000e+00 0.000000000000000000e+00 0.000000000000000000e+00 0.000000000000000000e+00 0.000000000000000000e+00 0.000000000000000000e+00 0.000000000000000000e+00 0.000000000000000000e+00 0.000000000000000000e+00 6.599999999999997158e+01 6.499999999999995737e+01 1.064999999999999858e+02 8.700000000000001421e+01 5.049999999999996447e+01 0.000000000000000000e+00 0.000000000000000000e+00 0.000000000000000000e+00 0.000000000000000000e+00 4.034999999999997300e+01 4.317241379310342353e+01 4.799999999999998579e+01 0.000000000000000000e+00 6.500000000000004263e+01 5.350000000000001421e+01 0.000000000000000000e+00 6.000000000000002842e+01 0.000000000000000000e+00
0.000000000000000000e+00 0.000000000000000000e+00 0.000000000000000000e+00 6.049999999999995026e+01 6.462500000000000000e+01 4.973214285714283989e+01 0.000000000000000000e+00 3.567857142857142350e+01 9.867686617350369005e+00 4.131615120274912556e+01 1.692489049214120200e+01 2.298144712430426750e+01 1.435799080160851382e+01 8.831116227509166805e+00 2.634553660982948742e+01 6.108333333333332149e+01 4.642647058823528283e+01 2.268409425625920406e+01 4.089772727272727337e+01 6.224999999999999289e+01 6.332558139534883423e+01 5.150000000000000000e+01 7.380769230769229239e+01 7.224999999999998579e+01 6.217499999999999716e+01 2.200285714285714178e+01 4.600000000000000000e+01 5.075581395348837077e+01 1.924271585137663720e+01 2.638567326583043737e+01 4.817131474103585731e+01 3.501696940726577623e+01 3.793186582809225627e+01 4.677307692307693543e+01 5.651899757477768560e+01 5.174074074074075469e+01 5.131486146095718226e+01 2.679747974797479770e+01 2.586851540616246936e+01 3.152376760563380387e+01 0.000000000000000000e+00 3.108669354838709609e+01 5.134523809523809490e+01 3.913499999999999801e+01 3.900000000000002842e+01 3.893895348837209269e+01 0.000000000000000000e+00 0.000000000000000000e+00 0.000000000000000000e+00 0.000000000000000000e+00 0.000000000000000000e+00 0.000000000000000000e+00 0.000000000000000000e+00 0.000000000000000000e+00 5.199999999999998579e+01 6.074999999999997868e+01 0.000000000000000000e+00 0.000000000000000000e+00 0.000000000000000000e+00 5.716666666666666430e+01 3.725000000000000000e+01 4.979999999999999716e+01 0.000000000000000000e+00 0.000000000000000000e+00 0.000000000000000000e+00 0.000000000000000000e+00 0.000000000000000000e+00 0.000000000000000000e+00 0.000000000000000000e+00 0.000000000000000000e+00 0.000000000000000000e+00 6.149999999999995026e+01 0.000000000000000000e+00 0.000000000000000000e+00 0.000000000000000000e+00 6.350000000000002132e+01 0.000000000000000000e+00 0.000000000000000000e+00 0.000000000000000000e+00 0.000000000000000000e+00 4.449999999999996447e+01 5.824999999999997158e+01 5.699999999999998579e+01 0.000000000000000000e+00 4.825000000000000000e+01 5.849999999999998579e+01 6.849999999999995737e+01 0.000000000000000000e+00 0.000000000000000000e+00
0.000000000000000000e+00 0.000000000000000000e+00 0.000000000000000000e+00 0.000000000000000000e+00 6.399999999999998579e+01 0.000000000000000000e+00 0.000000000000000000e+00 0.000000000000000000e+00 5.037499999999997868e+01 4.477272727272725916e+01 3.750000000000000711e+01 1.355082784404486596e+01 8.831116227509166805e+00 1.056617410857693606e+01 3.245833333333332149e+01 4.400000000000000000e+01 2.519999999999999574e+01 8.362676056338026243e+00 2.328846153846154365e+01 0.000000000000000000e+00 0.000000000000000000e+00 0.000000000000000000e+00 0.000000000000000000e+00 0.000000000000000000e+00 0.000000000000000000e+00 4.099999999999998579e+01 0.000000000000000000e+00 3.749999999999998579e+01 1.163912098930481243e+01 3.477049180327869493e+01 4.600000000000004263e+01 1.685185185185185119e+01 1.414965986394557795e+01 5.800000000000000711e+01 7.166666666666664298e+01 5.450000000000002842e+01 5.999999999999998579e+01 3.119230769230769340e+01 3.401456310679611761e+01 3.116379310344827758e+01 0.000000000000000000e+00 2.794444444444444287e+01 5.199999999999999289e+01 4.025000000000000000e+01 0.000000000000000000e+00 3.677777777777777857e+01 0.000000000000000000e+00 0.000000000000000000e+00 0.000000000000000000e+00 0.000000000000000000e+00 0.000000000000000000e+00 0.000000000000000000e+00 0.000000000000000000e+00 0.000000000000000000e+00 0.000000000000000000e+00 0.000000000000000000e+00 0.000000000000000000e+00 0.000000000000000000e+00 0.000000000000000000e+00 0.000000000000000000e+00 0.000000000000000000e+00 2.500000000000001066e+01 0.000000000000000000e+00 0.000000000000000000e+00 0.000000000000000000e+00 0.000000000000000000e+00 0.000000000000000000e+00 0.000000000000000000e+00 0.000000000000000000e+00 0.000000000000000000e+00 0.000000000000000000e+00 0.000000000000000000e+00 0.000000000000000000e+00 0.000000000000000000e+00 0.000000000000000000e+00 0.000000000000000000e+00 0.000000000000000000e+00 0.000000000000000000e+00 0.000000000000000000e+00 0.000000000000000000e+00 0.000000000000000000e+00 0.000000000000000000e+00 0.000000000000000000e+00 0.000000000000000000e+00 0.000000000000000000e+00 0.000000000000000000e+00 0.000000000000000000e+00 0.000000000000000000e+00 0.000000000000000000e+00
0.000000000000000000e+00 0.000000000000000000e+00 0.000000000000000000e+00 5.862499999999999289e+01 3.293939393939392346e+01 2.654479166666665080e+01 4.177777777777776436e+01 3.353409090909088519e+01 2.233905146316850931e+01 3.760208543558692895e+01 2.474223602484472195e+01 4.354389438943892543e+01 2.634553660982948742e+01 3.245833333333332149e+01 1.071788465542369018e+01 4.021067415730335171e+01 3.900751879699246416e+01 2.933333333333332504e+01 2.814925373134328268e+01 1.566447368421052388e+01 2.549767441860464956e+01 2.834868421052630438e+01 2.264285714285714235e+01 1.555952380952380310e+01 2.064893617021276739e+01 1.864750633981403283e+01 1.866171874999999858e+01 2.309221311475409522e+01 1.835868754660700830e+01 2.923875432525951013e+01 4.365888888888887465e+01 3.586864014801108880e+01 3.548596112311015105e+01 5.935714285714284699e+01 5.201373626373626280e+01 5.534615384615384670e+01 3.958614864864863847e+01 3.187899262899261998e+01 9.425482744453571371e+00 2.162909836065573899e+01 0.000000000000000000e+00 2.523329682365826798e+01 1.439756690997567290e+01 1.209387755102041240e+01 3.135714285714285765e+01 2.330104712041884696e+01 0.000000000000000000e+00 0.000000000000000000e+00 6.499999999999998579e+01 0.000000000000000000e+00 0.000000000000000000e+00 0.000000000000000000e+00 6.449999999999997158e+01 0.000000000000000000e+00 6.183333333333329307e+01 5.249999999999995026e+01 0.000000000000000000e+00 0.000000000000000000e+00 5.774999999999999289e+01 4.449999999999999289e+01 0.000000000000000000e+00 3.653571428571427049e+01 0.000000000000000000e+00 0.000000000000000000e+00 0.000000000000000000e+00 0.000000000000000000e+00 0.000000000000000000e+00 0.000000000000000000e+00 5.099999999999997868e+01 0.000000000000000000e+00 0.000000000000000000e+00 0.000000000000000000e+00 0.000000000000000000e+00 0.000000000000000000e+00 6.549999999999994316e+01 4.089999999999999147e+01 0.000000000000000000e+00 0.000000000000000000e+00 0.000000000000000000e+00 0.000000000000000000e+00 0.000000000000000000e+00 5.649999999999995026e+01 0.000000000000000000e+00 0.000000000000000000e+00 3.418749999999997158e+01 5.500000000000001421e+01 0.000000000000000000e+00 0.000000000000000000e+00 0.000000000000000000e+00
0.000000000000000000e+00 0.000000000000000000e+00 0.000000000000000000e+00 2.916666666666665719e+01 1.450722733245728868e+01 2.179427083333332504e+01 2.700000000000001066e+01 1.705725190839693894e+01 3.216911764705882604e+01 2.296562032884901328e+01 3.813211382113819781e+01 1.938652751423148857e+01 6.108333333333332149e+01 4.400000000000000000e+01 4.021067415730335171e+01 7.100906196424195294e+00 1.087689969604862839e+01 3.736700125470511580e+01 5.004553264604807339e+01 0.000000000000000000e+00 0.000000000000000000e+00 0.000000000000000000e+00 0.000000000000000000e+00 0.000000000000000000e+00 1.015000000000000000e+02 7.674999999999997158e+01 0.000000000000000000e+00 0.000000000000000000e+00 6.060416666666663588e+01 6.718181818181815856e+01 7.424999999999995737e+01 6.968539325842694154e+01 5.388378378378374123e+01 8.400000000000000000e+01 8.149999999999998579e+01 0.000000000000000000e+00 7.400000000000001421e+01 1.355487411233052697e+01 2.277002777184361193e+01 4.085937499999997868e+01 0.000000000000000000e+00 6.439999999999996305e+01 6.407142857142852677e+01 4.749999999999996447e+01 8.692084942084935761e+00 3.450000000000000000e+01 0.000000000000000000e+00 3.750000000000003553e+01 0.000000000000000000e+00 0.000000000000000000e+00 0.000000000000000000e+00 0.000000000000000000e+00 3.018965517241377228e+01 4.889999999999995595e+01 3.526923076923074518e+01 5.799999999999997868e+01 0.000000000000000000e+00 0.000000000000000000e+00 1.594827586206895731e+01 1.796969696969696173e+01 3.100000000000000000e+01 4.614285714285711748e+01 0.000000000000000000e+00 0.000000000000000000e+00 0.000000000000000000e+00 0.000000000000000000e+00 0.000000000000000000e+00 0.000000000000000000e+00 0.000000000000000000e+00 0.000000000000000000e+00 0.000000000000000000e+00 6.525000000000000000e+01 0.000000000000000000e+00 0.000000000000000000e+00 0.000000000000000000e+00 4.700000000000002842e+01 0.000000000000000000e+00 0.000000000000000000e+00 0.000000000000000000e+00 0.000000000000000000e+00 2.602083333333330373e+01 4.087999999999997414e+01 0.000000000000000000e+00 0.000000000000000000e+00 4.699999999999992895e+01 0.000000000000000000e+00 0.000000000000000000e+00 2.083333333333333215e+01 6.199999999999998579e+01
0.000000000000000000e+00 0.000000000000000000e+00 0.000000000000000000e+00 0.000000000000000000e+00 3.259523809523808779e+01 3.499999999999997868e+01 0.000000000000000000e+00 2.247368421052630083e+01 2.700564971751411392e+01 2.416479400749062734e+01 2.681737193763919080e+01 1.718628454452404597e+01 4.642647058823528283e+01 2.519999999999999574e+01 3.900751879699246416e+01 1.087689969604862839e+01 8.142669584245069814e+00 2.153337306317042277e+01 3.850755033557044982e+01 0.000000000000000000e+00 0.000000000000000000e+00 0.000000000000000000e+00 0.000000000000000000e+00 7.900000000000002842e+01 6.025000000000002842e+01 0.000000000000000000e+00 5.749999999999995026e+01 0.000000000000000000e+00 5.219230769230767208e+01 5.612499999999998579e+01 4.966666666666666430e+01 5.769444444444443576e+01 3.861778846153844569e+01 0.000000000000000000e+00 0.000000000000000000e+00 0.000000000000000000e+00 7.800000000000002842e+01 1.695147058823528852e+01 2.277606837606836265e+01 3.365079365079364493e+01 0.000000000000000000e+00 4.512499999999997158e+01 5.577777777777774304e+01 4.079999999999997584e+01 3.349999999999994316e+01 3.950000000000000000e+01 0.000000000000000000e+00 2.474999999999998224e+01 3.583333333333331439e+01 0.000000000000000000e+00 0.000000000000000000e+00 3.349999999999994316e+01 3.745454545454543194e+01 3.078571428571427049e+01 2.819811320754716277e+01 4.133333333333330728e+01 3.049999999999999289e+01 5.199999999999998579e+01 2.112962962962962266e+01 1.282105263157894015e+01 1.681451612903224913e+01 3.616666666666664298e+01 0.000000000000000000e+00 0.000000000000000000e+00 0.000000000000000000e+00 0.000000000000000000e+00 0.000000000000000000e+00 0.000000000000000000e+00 0.000000000000000000e+00 0.000000000000000000e+00 0.000000000000000000e+00 5.333333333333330728e+01 6.274999999999995737e+01 0.000000000000000000e+00 5.675000000000000000e+01 3.791666666666665719e+01 0.000000000000000000e+00 0.000000000000000000e+00 0.000000000000000000e+00 0.000000000000000000e+00 2.038636363636361892e+01 3.262244897959182310e+01 4.377777777777775725e+01 0.000000000000000000e+00 4.199999999999998579e+01 0.000000000000000000e+00 5.299999999999997868e+01 2.916666666666668561e+01 5.049999999999998579e+01
