0.000000000000000000e+00 0.000000000000000000e+00 0.000000000000000000e+00 0.000000000000000000e+00 0.000000000000000000e+00 0.000000000000000000e+00 0.000000000000000000e+00 0.000000000000000000e+00 0.000000000000000000e+00 0.000000000000000000e+00 0.000000000000000000e+00 0.000000000000000000e+00 0.000000000000000000e+00 0.000000000000000000e+00 0.000000000000000000e+00 0.000000000000000000e+00 0.000000000000000000e+00 0.000000000000000000e+00 0.000000000000000000e+00 0.000000000000000000e+00 0.000000000000000000e+00 0.000000000000000000e+00 0.000000000000000000e+00 0.000000000000000000e+00 0.000000000000000000e+00 0.000000000000000000e+00 0.000000000000000000e+00 0.000000000000000000e+00 0.000000000000000000e+00 0.000000000000000000e+00 0.000000000000000000e+00 0.000000000000000000e+00 0.000000000000000000e+00 0.000000000000000000e+00 0.000000000000000000e+00 0.000000000000000000e+00 0.000000000000000000e+00 0.000000000000000000e+00 0.000000000000000000e+00 0.000000000000000000e+00 0.000000000000000000e+00 0.000000000000000000e+00 0.000000000000000000e+00 0.000000000000000000e+00 0.000000000000000000e+00 0.000000000000000000e+00 0.000000000000000000e+00 0.000000000000000000e+00 0.000000000000000000e+00 0.000000000000000000e+00 0.000000000000000000e+00 0.000000000000000000e+00 0.000000000000000000e+00 0.000000000000000000e+00 0.000000000000000000e+00 0.000000000000000000e+00 0.000000000000000000e+00 0.000000000000000000e+00 0.000000000000000000e+00 0.000000000000000000e+00 0.000000000000000000e+00 0.000000000000000000e+00 0.000000000000000000e+00 0.000000000000000000e+00 0.000000000000000000e+00 0.000000000000000000e+00 0.000000000000000000e+00 0.000000000000000000e+00 0.000000000000000000e+00 0.000000000000000000e+00 0.000000000000000000e+00 0.000000000000000000e+00 0.000000000000000000e+00 0.000000000000000000e+00 0.000000000000000000e+00 0.000000000000000000e+00 0.000000000000000000e+00 0.000000000000000000e+00 0.000000000000000000e+00 0.000000000000000000e+00 0.000000000000000000e+00 0.000000000000000000e+00 0.000000000000000000e+00 0.000000000000000000e+00 0.000000000000000000e+00 0.000000000000000000e+00 0.000000000000000000e+00 0.000000000000000000e+00 0.000000000000000000e+00
0.000000000000000000e+00 0.000000000000000000e+00 0.000000000000000000e+00 0.000000000000000000e+00 0.000000000000000000e+00 0.000000000000000000e+00 0.000000000000000000e+00 0.000000000000000000e+00 0.000000000000000000e+00 0.000000000000000000e+00 0.000000000000000000e+00 0.000000000000000000e+00 0.000000000000000000e+00 0.000000000000000000e+00 0.000000000000000000e+00 0.000000000000000000e+00 0.000000000000000000e+00 0.000000000000000000e+00 0.000000000000000000e+00 0.000000000000000000e+00 0.000000000000000000e+00 0.000000000000000000e+00 0.000000000000000000e+00 0.000000000000000000e+00 0.000000000000000000e+00 0.000000000000000000e+00 0.000000000000000000e+00 0.000000000000000000e+00 0.000000000000000000e+00 0.000000000000000000e+00 0.000000000000000000e+00 0.000000000000000000e+00 0.000000000000000000e+00 0.000000000000000000e+00 0.000000000000000000e+00 0.000000000000000000e+00 0.000000000000000000e+00 0.000000000000000000e+00 0.000000000000000000e+00 0.000000000000000000e+00 0.000000000000000000e+00 0.000000000000000000e+00 0.000000000000000000e+00 0.000000000000000000e+00 0.000000000000000000e+00 0.000000000000000000e+00 0.000000000000000000e+00 0.000000000000000000e+00 0.000000000000000000e+00 0.000000000000000000e+00 0.000000000000000000e+00 0.000000000000000000e+00 0.000000000000000000e+00 0.000000000000000000e+00 0.000000000000000000e+00 0.000000000000000000e+00 0.000000000000000000e+00 0.000000000000000000e+00 0.000000000000000000e+00 0.000000000000000000e+00 0.000000000000000000e+00 0.000000000000000000e+00 0.000000000000000000e+00 0.000000000000000000e+00 0.000000000000000000e+00 0.000000000000000000e+00 0.000000000000000000e+00 0.000000000000000000e+00 0.000000000000000000e+00 0.000000000000000000e+00 0.000000000000000000e+00 0.000000000000000000e+00 0.000000000000000000e+00 0.000000000000000000e+00 0.000000000000000000e+00 0.000000000000000000e+00 0.000000000000000000e+00 0.000000000000000000e+00 0.000000000000000000e+00 0.000000000000000000e+00 0.000000000000000000e+00 0.000000000000000000e+00 0.000000000000000000e+00 0.000000000000000000e+00 0.000000000000000000e+00 0.000000000000000000e+00 0.000000000000000000e+00 0.000000000000000000e+00 0.000000000000000000e+00
0.000000000000000000e+00 0.000000000000000000e+00 0.000000000000000000e+00 0.000000000000000000e+00 0.000000000000000000e+00 0.000000000000000000e+00 0.000000000000000000e+00 0.000000000000000000e+00 0.000000000000000000e+00 0.000000000000000000e+00 0.000000000000000000e+00 0.000000000000000000e+00 0.000000000000000000e+00 0.000000000000000000e+00 0.000000000000000000e+00 0.000000000000000000e+00 0.000000000000000000e+00 0.000000000000000000e+00 0.000000000000000000e+00 0.000000000000000000e+00 0.000000000000000000e+00 0.000000000000000000e+00 0.000000000000000000e+00 0.000000000000000000e+00 0.000000000000000000e+00 0.000000000000000000e+00 0.000000000000000000e+00 0.000000000000000000e+00 0.000000000000000000e+00 0.000000000000000000e+00 0.000000000000000000e+00 0.000000000000000000e+00 0.000000000000000000e+00 0.000000000000000000e+00 0.000000000000000000e+00 0.000000000000000000e+00 0.000000000000000000e+00 0.000000000000000000e+00 0.000000000000000000e+00 0.000000000000000000e+00 0.000000000000000000e+00 0.000000000000000000e+00 0.000000000000000000e+00 0.000000000000000000e+00 0.000000000000000000e+00 0.000000000000000000e+00 0.000000000000000000e+00 0.000000000000000000e+00 0.000000000000000000e+00 0.000000000000000000e+00 0.000000000000000000e+00 0.000000000000000000e+00 0.000000000000000000e+00 0.000000000000000000e+00 0.000000000000000000e+00 0.000000000000000000e+00 0.000000000000000000e+00 0.000000000000000000e+00 0.000000000000000000e+00 0.000000000000000000e+00 0.000000000000000000e+00 0.000000000000000000e+00 0.000000000000000000e+00 0.000000000000000000e+00 0.000000000000000000e+00 0.000000000000000000e+00 0.000000000000000000e+00 0.000000000000000000e+00 0.000000000000000000e+00 0.000000000000000000e+00 0.000000000000000000e+00 0.000000000000000000e+00 0.000000000000000000e+00 0.000000000000000000e+00 0.000000000000000000e+00 0.000000000000000000e+00 0.000000000000000000e+00 0.000000000000000000e+00 0.000000000000000000e+00 0.000000000000000000e+00 0.000000000000000000e+00 0.000000000000000000e+00 0.000000000000000000e+00 0.000000000000000000e+00 0.000000000000000000e+00 0.000000000000000000e+00 0.000000000000000000e+00 0.000000000000000000e+00 0.000000000000000000e+00
0.000000000000000000e+00 0.000000000000000000e+00 0.000000000000000000e+00 7.760000000000000000e+02 1.831000000000000000e+03 5.510000000000000000e+02 6.000000000000000000e+00 7.400000000000000000e+01 6.000000000000000000e+00 3.020000000000000000e+02 2.600000000000000000e+01 1.602000000000000000e+03 4.000000000000000000e+00 0.000000000000000000e+00 4.000000000000000000e+00 1.700000000000000000e+01 0.000000000000000000e+00 2.000000000000000000e+00 1.000000000000000000e+00 0.000000000000000000e+00 0.000000000000000000e+00 0.000000000000000000e+00 0.000000000000000000e+00 0.000000000000000000e+00 0.000000000000000000e+00 0.000000000000000000e+00 0.000000000000000000e+00 0.000000000000000000e+00 0.000000000000000000e+00 0.000000000000000000e+00 0.000000000000000000e+00 5.000000000000000000e+00 1.000000000000000000e+00 1.000000000000000000e+00 0.000000000000000000e+00 0.000000000000000000e+00 0.000000000000000000e+00 2.600000000000000000e+01 8.200000000000000000e+01 1.000000000000000000e+00 0.000000000000000000e+00 0.000000000000000000e+00 0.000000000000000000e+00 0.000000000000000000e+00 2.000000000000000000e+00 0.000000000000000000e+00 0.000000000000000000e+00 0.000000000000000000e+00 0.000000000000000000e+00 0.000000000000000000e+00 1.000000000000000000e+00 0.000000000000000000e+00 0.000000000000000000e+00 0.000000000000000000e+00 1.000000000000000000e+00 0.000000000000000000e+00 0.000000000000000000e+00 0.000000000000000000e+00 0.000000000000000000e+00 0.000000000000000000e+00 0.000000000000000000e+00 0.000000000000000000e+00 0.000000000000000000e+00 0.000000000000000000e+00 0.000000000000000000e+00 0.000000000000000000e+00 0.000000000000000000e+00 0.000000000000000000e+00 0.000000000000000000e+00 0.000000000000000000e+00 0.000000000000000000e+00 0.000000000000000000e+00 0.000000000000000000e+00 0.000000000000000000e+00 0.000000000000000000e+00 0.000000000000000000e+00 0.000000000000000000e+00 0.000000000000000000e+00 0.000000000000000000e+00 0.000000000000000000e+00 0.000000000000000000e+00 0.000000000000000000e+00 0.000000000000000000e+00 0.000000000000000000e+00 0.000000000000000000e+00 0.000000000000000000e+00 0.000000000000000000e+00 0.000000000000000000e+00 0.000000000000000000e+00
0.000000000000000000e+00 0.000000000000000000e+00 0.000000000000000000e+00 1.831000000000000000e+03 1.536300000000000000e+04 1.251400000000000000e+04 4.500000000000000000e+01 6.000000000000000000e+02 2.160000000000000000e+02 2.156000000000000000e+03 1.310000000000000000e+02 2.577000000000000000e+03 1.900000000000000000e+01 1.000000000000000000e+01 8.200000000000000000e+01 1.192000000000000000e+03 1.190000000000000000e+02 1.380000000000000000e+02 2.370000000000000000e+02 0.000000000000000000e+00 0.000000000000000000e+00 0.000000000000000000e+00 1.000000000000000000e+00 0.000000000000000000e+00 0.000000000000000000e+00 0.000000000000000000e+00 0.000000000000000000e+00 0.000000000000000000e+00 5.000000000000000000e+00 8.000000000000000000e+00 3.000000000000000000e+00 4.000000000000000000e+01 6.800000000000000000e+01 0.000000000000000000e+00 1.000000000000000000e+00 1.000000000000000000e+00 0.000000000000000000e+00 2.371000000000000000e+03 2.215000000000000000e+03 3.000000000000000000e+01 0.000000000000000000e+00 1.000000000000000000e+00 4.000000000000000000e+00 2.000000000000000000e+00 2.213000000000000000e+03 1.500000000000000000e+01 0.000000000000000000e+00 3.000000000000000000e+00 2.000000000000000000e+00 0.000000000000000000e+00 3.000000000000000000e+00 2.000000000000000000e+00 8.000000000000000000e+00 1.000000000000000000e+00 3.000000000000000000e+00 0.000000000000000000e+00 0.000000000000000000e+00 1.000000000000000000e+00 1.100000000000000000e+01 3.000000000000000000e+00 1.000000000000000000e+00 2.000000000000000000e+00 0.000000000000000000e+00 0.000000000000000000e+00 0.000000000000000000e+00 0.000000000000000000e+00 0.000000000000000000e+00 0.000000000000000000e+00 0.000000000000000000e+00 0.000000000000000000e+00 0.000000000000000000e+00 1.000000000000000000e+00 2.000000000000000000e+00 0.000000000000000000e+00 0.000000000000000000e+00 0.000000000000000000e+00 0.000000000000000000e+00 0.000000000000000000e+00 0.000000000000000000e+00 0.000000000000000000e+00 1.200000000000000000e+01 7.000000000000000000e+00 0.000000000000000000e+00 0.000000000000000000e+00 1.000000000000000000e+00 0.000000000000000000e+00 0.000000000000000000e+00 6.000000000000000000e+00 4.000000000000000000e+00
0.000000000000000000e+00 0.000000000000000000e+00 0.000000000000000000e+00 5.510000000000000000e+02 1.251400000000000000e+04 2.001800000000000000e+04 3.143000000000000000e+03 4.419000000000000000e+03 2.750000000000000000e+02 5.600000000000000000e+03 8.650000000000000000e+02 2.226000000000000000e+03 1.140000000000000000e+02 1.900000000000000000e+01 4.560000000000000000e+02 6.840000000000000000e+02 9.100000000000000000e+01 8.500000000000000000e+01 5.300000000000000000e+01 0.000000000000000000e+00 4.000000000000000000e+00 0.000000000000000000e+00 5.000000000000000000e+00 1.000000000000000000e+00 2.000000000000000000e+00 7.000000000000000000e+00 0.000000000000000000e+00 4.000000000000000000e+00 4.300000000000000000e+01 1.400000000000000000e+01 5.000000000000000000e+00 1.020000000000000000e+02 6.400000000000000000e+01 0.000000000000000000e+00 3.000000000000000000e+00 0.000000000000000000e+00 1.000000000000000000e+00 2.245000000000000000e+03 7.323000000000000000e+03 2.340000000000000000e+02 0.000000000000000000e+00 1.200000000000000000e+01 6.000000000000000000e+00 4.000000000000000000e+01 4.540000000000000000e+02 4.600000000000000000e+01 0.000000000000000000e+00 1.000000000000000000e+00 1.000000000000000000e+00 0.000000000000000000e+00 5.000000000000000000e+00 0.000000000000000000e+00 9.000000000000000000e+00 1.000000000000000000e+00 1.700000000000000000e+01 1.000000000000000000e+00 0.000000000000000000e+00 0.000000000000000000e+00 1.700000000000000000e+01 3.000000000000000000e+00 3.000000000000000000e+00 0.000000000000000000e+00 0.000000000000000000e+00 0.000000000000000000e+00 0.000000000000000000e+00 0.000000000000000000e+00 0.000000000000000000e+00 0.000000000000000000e+00 0.000000000000000000e+00 0.000000000000000000e+00 0.000000000000000000e+00 0.000000000000000000e+00 0.000000000000000000e+00 0.000000000000000000e+00 0.000000000000000000e+00 0.000000000000000000e+00 0.000000000000000000e+00 0.000000000000000000e+00 0.000000000000000000e+00 0.000000000000000000e+00 1.000000000000000000e+01 1.800000000000000000e+01 0.000000000000000000e+00 0.000000000000000000e+00 1.000000000000000000e+00 0.000000000000000000e+00 0.000000000000000000e+00 2.000000000000000000e+00 0.000000000000000000e+00
0.000000000000000000e+00 0.000000000000000000e+00 0.000000000000000000e+00 6.000000000000000000e+00 4.500000000000000000e+01 3.143000000000000000e+03 4.563000000000000000e+03 3.523000000000000000e+03 5.800000000000000000e+01 1.858000000000000000e+03 3.300000000000000000e+01 8.000000000000000000e+01 8.000000000000000000e+00 0.000000000000000000e+00 1.800000000000000000e+01 1.900000000000000000e+01 0.000000000000000000e+00 0.000000000000000000e+00 1.000000000000000000e+00 0.000000000000000000e+00 0.000000000000000000e+00 0.000000000000000000e+00 0.000000000000000000e+00 0.000000000000000000e+00 0.000000000000000000e+00 0.000000000000000000e+00 0.000000000000000000e+00 0.000000000000000000e+00 1.000000000000000000e+00 1.000000000000000000e+00 0.000000000000000000e+00 2.000000000000000000e+00 2.000000000000000000e+00 0.000000000000000000e+00 0.000000000000000000e+00 0.000000000000000000e+00 1.000000000000000000e+00 2.100000000000000000e+01 1.610000000000000000e+02 9.000000000000000000e+00 0.000000000000000000e+00 1.000000000000000000e+00 0.000000000000000000e+00 0.000000000000000000e+00 1.000000000000000000e+00 2.000000000000000000e+00 0.000000000000000000e+00 0.000000000000000000e+00 0.000000000000000000e+00 0.000000000000000000e+00 0.000000000000000000e+00 0.000000000000000000e+00 0.000000000000000000e+00 0.000000000000000000e+00 0.000000000000000000e+00 0.000000000000000000e+00 0.000000000000000000e+00 0.000000000000000000e+00 2.000000000000000000e+00 0.000000000000000000e+00 0.000000000000000000e+00 0.000000000000000000e+00 0.000000000000000000e+00 0.000000000000000000e+00 0.000000000000000000e+00 0.000000000000000000e+00 0.000000000000000000e+00 0.000000000000000000e+00 0.000000000000000000e+00 0.000000000000000000e+00 0.000000000000000000e+00 0.000000000000000000e+00 0.000000000000000000e+00 0.000000000000000000e+00 0.000000000000000000e+00 0.000000000000000000e+00 0.000000000000000000e+00 0.000000000000000000e+00 0.000000000000000000e+00 0.000000000000000000e+00 0.000000000000000000e+00 0.000000000000000000e+00 0.000000000000000000e+00 0.000000000000000000e+00 0.000000000000000000e+00 0.000000000000000000e+00 0.000000000000000000e+00 0.000000000000000000e+00 0.000000000000000000e+00
0.000000000000000000e+00 0.000000000000000000e+00 0.000000000000000000e+00 7.400000000000000000e+01 6.000000000000000000e+02 4.419000000000000000e+03 3.523000000000000000e+03 8.915000000000000000e+03 3.698000000000000000e+03 5.838000000000000000e+03 9.600000000000000000e+01 2.892000000000000000e+03 5.000000000000000000e+01 5.000000000000000000e+00 1.240000000000000000e+02 1.071000000000000000e+03 1.450000000000000000e+02 3.500000000000000000e+01 1.900000000000000000e+01 0.000000000000000000e+00 1.000000000000000000e+00 0.000000000000000000e+00 0.000000000000000000e+00 0.000000000000000000e+00 1.000000000000000000e+00 1.000000000000000000e+00 0.000000000000000000e+00 0.000000000000000000e+00 1.400000000000000000e+01 9.000000000000000000e+00 1.000000000000000000e+00 1.200000000000000000e+01 1.400000000000000000e+01 0.000000000000000000e+00 1.000000000000000000e+00 0.000000000000000000e+00 0.000000000000000000e+00 2.200000000000000000e+02 7.880000000000000000e+02 1.900000000000000000e+01 0.000000000000000000e+00 6.000000000000000000e+00 3.000000000000000000e+00 2.000000000000000000e+00 1.020000000000000000e+02 2.000000000000000000e+00 1.000000000000000000e+00 2.000000000000000000e+00 9.000000000000000000e+00 1.000000000000000000e+00 1.200000000000000000e+01 6.000000000000000000e+00 5.400000000000000000e+01 3.000000000000000000e+00 3.100000000000000000e+01 1.000000000000000000e+00 0.000000000000000000e+00 2.000000000000000000e+00 8.100000000000000000e+01 1.000000000000000000e+01 0.000000000000000000e+00 0.000000000000000000e+00 0.000000000000000000e+00 0.000000000000000000e+00 0.000000000000000000e+00 0.000000000000000000e+00 0.000000000000000000e+00 0.000000000000000000e+00 0.000000000000000000e+00 0.000000000000000000e+00 0.000000000000000000e+00 0.000000000000000000e+00 1.000000000000000000e+00 0.000000000000000000e+00 0.000000000000000000e+00 0.000000000000000000e+00 0.000000000000000000e+00 0.000000000000000000e+00 0.000000000000000000e+00 0.000000000000000000e+00 2.100000000000000000e+01 5.600000000000000000e+01 1.000000000000000000e+00 0.000000000000000000e+00 0.000000000000000000e+00 0.000000000000000000e+00 0.000000000000000000e+00 2.000000000000000000e+00 1.000000000000000000e+00
0.000000000000000000e+00 0.000000000000000000e+00 0.000000000000000000e+00 6.000000000000000000e+00 2.160000000000000000e+02 2.750000000000000000e+02 5.800000000000000000e+01 3.698000000000000000e+03 1.441700000000000000e+04 4.317000000000000000e+03 2.050000000000000000e+02 2.985000000000000000e+03 2.696000000000000000e+03 1.400000000000000000e+01 1.405000000000000000e+03 8.010000000000000000e+02 5.170000000000000000e+02 3.500000000000000000e+01 5.400000000000000000e+01 0.000000000000000000e+00 1.000000000000000000e+00 3.000000000000000000e+00 0.000000000000000000e+00 0.000000000000000000e+00 1.000000000000000000e+00 1.000000000000000000e+00 5.000000000000000000e+00 1.200000000000000000e+01 5.420000000000000000e+02 6.980000000000000000e+02 2.200000000000000000e+01 6.900000000000000000e+01 4.200000000000000000e+01 2.000000000000000000e+00 2.300000000000000000e+01 0.000000000000000000e+00 1.200000000000000000e+01 1.446000000000000000e+03 2.967000000000000000e+03 8.100000000000000000e+01 0.000000000000000000e+00 4.000000000000000000e+00 5.000000000000000000e+00 5.000000000000000000e+00 1.460000000000000000e+02 9.200000000000000000e+01 0.000000000000000000e+00 2.000000000000000000e+00 1.000000000000000000e+00 0.000000000000000000e+00 6.000000000000000000e+00 4.000000000000000000e+00 1.900000000000000000e+01 0.000000000000000000e+00 5.000000000000000000e+01 1.000000000000000000e+00 1.000000000000000000e+00 0.000000000000000000e+00 1.200000000000000000e+01 2.900000000000000000e+01 2.000000000000000000e+00 3.000000000000000000e+00 0.000000000000000000e+00 0.000000000000000000e+00 0.000000000000000000e+00 0.000000000000000000e+00 0.000000000000000000e+00 0.000000000000000000e+00 0.000000000000000000e+00 0.000000000000000000e+00 0.000000000000000000e+00 0.000000000000000000e+00 0.000000000000000000e+00 0.000000000000000000e+00 0.000000000000000000e+00 1.000000000000000000e+00 0.000000000000000000e+00 0.000000000000000000e+00 0.000000000000000000e+00 0.000000000000000000e+00 7.000000000000000000e+00 1.200000000000000000e+01 2.000000000000000000e+00 0.000000000000000000e+00 1.000000000000000000e+00 0.000000000000000000e+00 1.000000000000000000e+00 0.000000000000000000e+00 0.000000000000000000e+00
0.000000000000000000e+00 0.000000000000000000e+00 0.000000000000000000e+00 3.020000000000000000e+02 2.156000000000000000e+03 5.600000000000000000e+03 1.858000000000000000e+03 5.838000000000000000e+03 4.317000000000000000e+03 6.254400000000000000e+04 8.265000000000000000e+03 1.450000000000000000e+04 5.670000000000000000e+02 5.300000000000000000e+01 5.940000000000000000e+02 1.233000000000000000e+03 8.630000000000000000e+02 2.330000000000000000e+02 2.490000000000000000e+02 0.000000000000000000e+00 2.000000000000000000e+00 1.000000000000000000e+00 2.000000000000000000e+00 1.000000000000000000e+00 0.000000000000000000e+00 4.000000000000000000e+00 2.000000000000000000e+00 3.000000000000000000e+00 9.900000000000000000e+01 1.400000000000000000e+02 1.500000000000000000e+01 5.310000000000000000e+02 3.430000000000000000e+02 1.200000000000000000e+01 1.700000000000000000e+01 3.000000000000000000e+00 7.000000000000000000e+00 2.887000000000000000e+03 8.727000000000000000e+03 4.080000000000000000e+02 0.000000000000000000e+00 3.900000000000000000e+01 6.000000000000000000e+00 2.600000000000000000e+01 2.080000000000000000e+02 1.080000000000000000e+02 0.000000000000000000e+00 4.000000000000000000e+00 5.000000000000000000e+00 0.000000000000000000e+00 2.300000000000000000e+01 1.300000000000000000e+01 3.000000000000000000e+01 2.000000000000000000e+00 5.200000000000000000e+01 4.000000000000000000e+00 0.000000000000000000e+00 2.000000000000000000e+00 3.300000000000000000e+01 2.800000000000000000e+01 1.000000000000000000e+01 3.000000000000000000e+00 0.000000000000000000e+00 0.000000000000000000e+00 0.000000000000000000e+00 0.000000000000000000e+00 0.000000000000000000e+00 0.000000000000000000e+00 0.000000000000000000e+00 0.000000000000000000e+00 0.000000000000000000e+00 0.000000000000000000e+00 0.000000000000000000e+00 0.000000000000000000e+00 1.000000000000000000e+00 1.000000000000000000e+00 0.000000000000000000e+00 0.000000000000000000e+00 0.000000000000000000e+00 0.000000000000000000e+00 1.900000000000000000e+01 4.100000000000000000e+01 0.000000000000000000e+00 0.000000000000000000e+00 1.000000000000000000e+00 0.000000000000000000e+00 0.000000000000000000e+00 1.000000000000000000e+00 0.000000000000000000e+00
0.000000000000000000e+00 0.000000000000000000e+00 0.000000000000000000e+00 2.600000000000000000e+01 1.310000000000000000e+02 8.650000000000000000e+02 3.300000000000000000e+01 9.600000000000000000e+01 2.050000000000000000e+02 8.265000000000000000e+03 2.145300000000000000e+04 7.373000000000000000e+03 3.792000000000000000e+03 9.500000000000000000e+01 4.780000000000000000e+02 2.540000000000000000e+02 4.130000000000000000e+02 2.430000000000000000e+02 1.800000000000000000e+02 0.000000000000000000e+00 2.530000000000000000e+02 1.400000000000000000e+01 5.000000000000000000e+00 1.300000000000000000e+01 6.000000000000000000e+00 4.800000000000000000e+01 0.000000000000000000e+00 3.300000000000000000e+01 6.530000000000000000e+02 8.320000000000000000e+02 5.310000000000000000e+02 2.988000000000000000e+03 2.167000000000000000e+03 4.060000000000000000e+02 1.758000000000000000e+03 1.390000000000000000e+02 1.930000000000000000e+02 2.347000000000000000e+03 4.318000000000000000e+03 5.410000000000000000e+02 0.000000000000000000e+00 2.230000000000000000e+02 2.500000000000000000e+01 7.300000000000000000e+01 8.400000000000000000e+01 5.990000000000000000e+02 0.000000000000000000e+00 0.000000000000000000e+00 1.000000000000000000e+00 0.000000000000000000e+00 0.000000000000000000e+00 0.000000000000000000e+00 3.000000000000000000e+00 1.600000000000000000e+01 5.400000000000000000e+01 4.000000000000000000e+00 2.000000000000000000e+00 0.000000000000000000e+00 5.000000000000000000e+00 1.400000000000000000e+01 1.500000000000000000e+01 1.000000000000000000e+00 0.000000000000000000e+00 0.000000000000000000e+00 0.000000000000000000e+00 0.000000000000000000e+00 0.000000000000000000e+00 0.000000000000000000e+00 0.000000000000000000e+00 0.000000000000000000e+00 0.000000000000000000e+00 1.000000000000000000e+00 2.000000000000000000e+00 1.000000000000000000e+00 2.000000000000000000e+00 0.000000000000000000e+00 0.000000000000000000e+00 0.000000000000000000e+00 0.000000000000000000e+00 0.000000000000000000e+00 1.100000000000000000e+01 1.100000000000000000e+01 3.000000000000000000e+00 0.000000000000000000e+00 0.000000000000000000e+00 0.000000000000000000e+00 0.000000000000000000e+00 1.000000000000000000e+00 1.000000000000000000e+00
0.000000000000000000e+00 0.000000000000000000e+00 0.000000000000000000e+00 1.602000000000000000e+03 2.577000000000000000e+03 2.226000000000000000e+03 8.000000000000000000e+01 2.892000000000000000e+03 2.985000000000000000e+03 1.450000000000000000e+04 7.373000000000000000e+03 1.086070000000000000e+05 3.507000000000000000e+03 7.572000000000000000e+03 2.250000000000000000e+02 3.117000000000000000e+03 3.732000000000000000e+03 2.327000000000000000e+03 2.204000000000000000e+03 0.000000000000000000e+00 3.000000000000000000e+00 0.000000000000000000e+00 0.000000000000000000e+00 0.000000000000000000e+00 0.000000000000000000e+00 5.000000000000000000e+00 3.000000000000000000e+00 4.000000000000000000e+00 1.313000000000000000e+03 3.810000000000000000e+02 4.300000000000000000e+01 1.311000000000000000e+03 1.240000000000000000e+03 1.400000000000000000e+01 2.900000000000000000e+01 3.000000000000000000e+00 7.000000000000000000e+00 4.028000000000000000e+03 6.307000000000000000e+03 7.410000000000000000e+02 0.000000000000000000e+00 2.160000000000000000e+02 2.300000000000000000e+01 4.600000000000000000e+01 4.020000000000000000e+02 3.300000000000000000e+02 0.000000000000000000e+00 8.000000000000000000e+00 1.500000000000000000e+01 2.000000000000000000e+00 2.200000000000000000e+01 1.100000000000000000e+01 5.700000000000000000e+01 1.500000000000000000e+01 4.000000000000000000e+02 1.000000000000000000e+01 2.000000000000000000e+00 2.000000000000000000e+00 9.000000000000000000e+01 1.200000000000000000e+02 9.800000000000000000e+01 1.300000000000000000e+01 0.000000000000000000e+00 0.000000000000000000e+00 0.000000000000000000e+00 0.000000000000000000e+00 0.000000000000000000e+00 0.000000000000000000e+00 0.000000000000000000e+00 0.000000000000000000e+00 0.000000000000000000e+00 3.000000000000000000e+00 3.000000000000000000e+00 1.000000000000000000e+00 6.000000000000000000e+00 5.000000000000000000e+00 0.000000000000000000e+00 0.000000000000000000e+00 0.000000000000000000e+00 0.000000000000000000e+00 4.100000000000000000e+01 6.800000000000000000e+01 6.000000000000000000e+00 0.000000000000000000e+00 1.000000000000000000e+00 0.000000000000000000e+00 1.000000000000000000e+00 2.000000000000000000e+00 1.000000000000000000e+00
0.000000000000000000e+00 0.000000000000000000e+00 0.000000000000000000e+00 4.000000000000000000e+00 1.900000000000000000e+01 1.140000000000000000e+02 8.000000000000000000e+00 5.000000000000000000e+01 2.696000000000000000e+03 5.670000000000000000e+02 3.792000000000000000e+03 3.507000000000000000e+03 4.440600000000000000e+04 9.589000000000000000e+03 1.878000000000000000e+03 1.180000000000000000e+02 4.000000000000000000e+01 6.990000000000000000e+02 5.760000000000000000e+02 4.000000000000000000e+00 2.230000000000000000e+02 8.000000000000000000e+00 8.000000000000000000e+00 9.000000000000000000e+00 1.600000000000000000e+01 3.450000000000000000e+02 1.600000000000000000e+01 1.660000000000000000e+02 1.214200000000000000e+04 6.634000000000000000e+03 8.760000000000000000e+02 5.208000000000000000e+03 2.898000000000000000e+03 2.290000000000000000e+02 1.440000000000000000e+03 1.220000000000000000e+02 3.230000000000000000e+02 1.433000000000000000e+03 9.889000000000000000e+03 3.042000000000000000e+03 0.000000000000000000e+00 4.200000000000000000e+02 3.900000000000000000e+01 3.810000000000000000e+02 1.800000000000000000e+01 8.940000000000000000e+02 0.000000000000000000e+00 0.000000000000000000e+00 0.000000000000000000e+00 1.000000000000000000e+00 0.000000000000000000e+00 0.000000000000000000e+00 1.000000000000000000e+00 3.000000000000000000e+00 1.100000000000000000e+01 6.000000000000000000e+00 1.000000000000000000e+00 0.000000000000000000e+00 2.000000000000000000e+00 4.000000000000000000e+00 1.200000000000000000e+01 7.000000000000000000e+00 0.000000000000000000e+00 0.000000000000000000e+00 0.000000000000000000e+00 0.000000000000000000e+00 0.000000000000000000e+00 0.000000000000000000e+00 0.000000000000000000e+00 0.000000000000000000e+00 1.000000000000000000e+00 1.000000000000000000e+00 1.000000000000000000e+00 0.000000000000000000e+00 2.000000000000000000e+00 0.000000000000000000e+00 0.000000000000000000e+00 0.000000000000000000e+00 0.000000000000000000e+00 0.000000000000000000e+00 6.000000000000000000e+00 4.000000000000000000e+00 1.000000000000000000e+00 0.000000000000000000e+00 4.000000000000000000e+00 0.000000000000000000e+00 0.000000000000000000e+00 0.000000000000000000e+00 0.000000000000000000e+00
0.000000000000000000e+00 0.000000000000000000e+00 0.000000000000000000e+00 0.000000000000000000e+00 1.000000000000000000e+01 1.900000000000000000e+01 0.000000000000000000e+00 5.000000000000000000e+00 1.400000000000000000e+01 5.300000000000000000e+01 9.500000000000000000e+01 7.572000000000000000e+03 9.589000000000000000e+03 6.817000000000000000e+03 2.600000000000000000e+01 5.400000000000000000e+01 4.500000000000000000e+01 1.850000000000000000e+02 5.300000000000000000e+01 0.000000000000000000e+00 0.000000000000000000e+00 0.000000000000000000e+00 0.000000000000000000e+00 0.000000000000000000e+00 0.000000000000000000e+00 1.000000000000000000e+00 0.000000000000000000e+00 0.000000000000000000e+00 6.986000000000000000e+03 1.050000000000000000e+02 2.000000000000000000e+00 4.600000000000000000e+02 3.180000000000000000e+02 2.000000000000000000e+00 0.000000000000000000e+00 0.000000000000000000e+00 0.000000000000000000e+00 4.900000000000000000e+01 1.010000000000000000e+02 4.000000000000000000e+01 0.000000000000000000e+00 5.000000000000000000e+00 1.000000000000000000e+00 8.000000000000000000e+00 4.000000000000000000e+00 1.700000000000000000e+01 0.000000000000000000e+00 0.000000000000000000e+00 0.000000000000000000e+00 0.000000000000000000e+00 0.000000000000000000e+00 0.000000000000000000e+00 2.000000000000000000e+00 0.000000000000000000e+00 6.000000000000000000e+00 0.000000000000000000e+00 1.000000000000000000e+00 0.000000000000000000e+00 0.000000000000000000e+00 1.000000000000000000e+00 5.000000000000000000e+00 0.000000000000000000e+00 0.000000000000000000e+00 0.000000000000000000e+00 0.000000000000000000e+00 0.000000000000000000e+00 0.000000000000000000e+00 0.000000000000000000e+00 0.000000000000000000e+00 0.000000000000000000e+00 0.000000000000000000e+00 0.000000000000000000e+00 0.000000000000000000e+00 0.000000000000000000e+00 0.000000000000000000e+00 1.000000000000000000e+00 0.000000000000000000e+00 0.000000000000000000e+00 0.000000000000000000e+00 0.000000000000000000e+00 0.000000000000000000e+00 1.000000000000000000e+00 1.000000000000000000e+00 0.000000000000000000e+00 0.000000000000000000e+00 0.000000000000000000e+00 0.000000000000000000e+00 0.000000000000000000e+00 0.000000000000000000e+00
0.000000000000000000e+00 0.000000000000000000e+00 0.000000000000000000e+00 4.000000000000000000e+00 8.200000000000000000e+01 4.560000000000000000e+02 1.800000000000000000e+01 1.240000000000000000e+02 1.405000000000000000e+03 5.940000000000000000e+02 4.780000000000000000e+02 2.250000000000000000e+02 1.878000000000000000e+03 2.600000000000000000e+01 1.010000000000000000e+04 6.200000000000000000e+01 2.200000000000000000e+01 1.110000000000000000e+02 4.760000000000000000e+02 8.200000000000000000e+01 5.070000000000000000e+02 3.600000000000000000e+01 4.840000000000000000e+02 6.360000000000000000e+02 7.150000000000000000e+02 3.730000000000000000e+03 1.089000000000000000e+03 6.260000000000000000e+02 1.498000000000000000e+03 8.770000000000000000e+02 8.540000000000000000e+02 1.997000000000000000e+03 4.650000000000000000e+02 6.900000000000000000e+01 1.142000000000000000e+03 6.800000000000000000e+01 2.610000000000000000e+02 1.510000000000000000e+02 1.067300000000000000e+04 2.210000000000000000e+02 0.000000000000000000e+00 6.690000000000000000e+02 1.213000000000000000e+03 5.660000000000000000e+02 1.800000000000000000e+01 6.240000000000000000e+02 0.000000000000000000e+00 0.000000000000000000e+00 1.000000000000000000e+00 0.000000000000000000e+00 0.000000000000000000e+00 0.000000000000000000e+00 1.000000000000000000e+00 0.000000000000000000e+00 4.000000000000000000e+00 0.000000000000000000e+00 0.000000000000000000e+00 0.000000000000000000e+00 3.000000000000000000e+00 7.000000000000000000e+00 3.000000000000000000e+00 2.300000000000000000e+01 0.000000000000000000e+00 0.000000000000000000e+00 0.000000000000000000e+00 0.000000000000000000e+00 0.000000000000000000e+00 0.000000000000000000e+00 0.000000000000000000e+00 0.000000000000000000e+00 0.000000000000000000e+00 2.000000000000000000e+00 2.000000000000000000e+00 0.000000000000000000e+00 1.000000000000000000e+00 1.600000000000000000e+01 0.000000000000000000e+00 0.000000000000000000e+00 0.000000000000000000e+00 0.000000000000000000e+00 0.000000000000000000e+00 3.000000000000000000e+00 0.000000000000000000e+00 0.000000000000000000e+00 3.200000000000000000e+01 0.000000000000000000e+00 0.000000000000000000e+00 0.000000000000000000e+00 0.000000000000000000e+00
0.000000000000000000e+00 0.000000000000000000e+00 0.000000000000000000e+00 1.700000000000000000e+01 1.192000000000000000e+03 6.840000000000000000e+02 1.900000000000000000e+01 1.071000000000000000e+03 8.010000000000000000e+02 1.233000000000000000e+03 2.540000000000000000e+02 3.117000000000000000e+03 1.180000000000000000e+02 5.400000000000000000e+01 6.200000000000000000e+01 5.293000000000000000e+03 2.546000000000000000e+03 2.182000000000000000e+03 1.833000000000000000e+03 0.000000000000000000e+00 0.000000000000000000e+00 0.000000000000000000e+00 0.000000000000000000e+00 0.000000000000000000e+00 0.000000000000000000e+00 4.000000000000000000e+00 1.000000000000000000e+00 1.000000000000000000e+00 4.500000000000000000e+01 3.800000000000000000e+01 8.000000000000000000e+00 2.330000000000000000e+02 5.600000000000000000e+02 0.000000000000000000e+00 4.000000000000000000e+00 0.000000000000000000e+00 7.000000000000000000e+00 1.132000000000000000e+03 2.032000000000000000e+03 6.000000000000000000e+01 0.000000000000000000e+00 1.700000000000000000e+01 1.700000000000000000e+01 5.000000000000000000e+00 7.360000000000000000e+02 1.300000000000000000e+01 0.000000000000000000e+00 4.000000000000000000e+00 4.000000000000000000e+00 0.000000000000000000e+00 1.400000000000000000e+01 7.000000000000000000e+00 3.900000000000000000e+01 3.000000000000000000e+00 5.900000000000000000e+01 0.000000000000000000e+00 0.000000000000000000e+00 2.000000000000000000e+00 5.300000000000000000e+01 4.800000000000000000e+01 3.300000000000000000e+01 1.900000000000000000e+01 0.000000000000000000e+00 0.000000000000000000e+00 0.000000000000000000e+00 0.000000000000000000e+00 0.000000000000000000e+00 0.000000000000000000e+00 0.000000000000000000e+00 0.000000000000000000e+00 0.000000000000000000e+00 3.000000000000000000e+00 5.000000000000000000e+00 0.000000000000000000e+00 6.000000000000000000e+00 5.000000000000000000e+00 0.000000000000000000e+00 0.000000000000000000e+00 0.000000000000000000e+00 0.000000000000000000e+00 3.400000000000000000e+01 3.700000000000000000e+01 2.000000000000000000e+00 0.000000000000000000e+00 0.000000000000000000e+00 1.000000000000000000e+00 1.000000000000000000e+00 1.000000000000000000e+01 2.000000000000000000e+00
0.000000000000000000e+00 0.000000000000000000e+00 0.000000000000000000e+00 0.000000000000000000e+00 1.190000000000000000e+02 9.100000000000000000e+01 0.000000000000000000e+00 1.450000000000000000e+02 5.170000000000000000e+02 8.630000000000000000e+02 4.130000000000000000e+02 3.732000000000000000e+03 4.000000000000000000e+01 4.500000000000000000e+01 2.200000000000000000e+01 2.546000000000000000e+03 2.738000000000000000e+03 8.570000000000000000e+02 2.150000000000000000e+02 0.000000000000000000e+00 0.000000000000000000e+00 0.000000000000000000e+00 0.000000000000000000e+00 0.000000000000000000e+00 0.000000000000000000e+00 0.000000000000000000e+00 0.000000000000000000e+00 0.000000000000000000e+00 1.500000000000000000e+01 8.000000000000000000e+00 2.000000000000000000e+00 4.900000000000000000e+01 5.600000000000000000e+01 1.000000000000000000e+00 0.000000000000000000e+00 0.000000000000000000e+00 0.000000000000000000e+00 3.150000000000000000e+02 5.100000000000000000e+02 4.500000000000000000e+01 0.000000000000000000e+00 1.200000000000000000e+01 1.000000000000000000e+00 4.000000000000000000e+00 9.900000000000000000e+01 1.700000000000000000e+01 0.000000000000000000e+00 3.000000000000000000e+00 3.000000000000000000e+00 0.000000000000000000e+00 9.000000000000000000e+00 2.300000000000000000e+01 5.400000000000000000e+01 6.000000000000000000e+00 1.520000000000000000e+02 3.000000000000000000e+00 1.000000000000000000e+00 0.000000000000000000e+00 5.200000000000000000e+01 9.600000000000000000e+01 4.100000000000000000e+01 1.100000000000000000e+01 0.000000000000000000e+00 0.000000000000000000e+00 0.000000000000000000e+00 0.000000000000000000e+00 0.000000000000000000e+00 0.000000000000000000e+00 0.000000000000000000e+00 0.000000000000000000e+00 0.000000000000000000e+00 0.000000000000000000e+00 2.000000000000000000e+00 3.000000000000000000e+00 6.000000000000000000e+00 2.000000000000000000e+00 0.000000000000000000e+00 0.000000000000000000e+00 0.000000000000000000e+00 0.000000000000000000e+00 3.200000000000000000e+01 3.500000000000000000e+01 3.000000000000000000e+00 0.000000000000000000e+00 0.000000000000000000e+00 0.000000000000000000e+00 0.000000000000000000e+00 3.000000000000000000e+00 0.000000000000000000e+00
