0.000000000000000000e+00 0.000000000000000000e+00 0.000000000000000000e+00 0.000000000000000000e+00 0.000000000000000000e+00 0.000000000000000000e+00 0.000000000000000000e+00 0.000000000000000000e+00 0.000000000000000000e+00 0.000000000000000000e+00 0.000000000000000000e+00 0.000000000000000000e+00 0.000000000000000000e+00 0.000000000000000000e+00 0.000000000000000000e+00 0.000000000000000000e+00 0.000000000000000000e+00 0.000000000000000000e+00 0.000000000000000000e+00 0.000000000000000000e+00 0.000000000000000000e+00 0.000000000000000000e+00 0.000000000000000000e+00 0.000000000000000000e+00 0.000000000000000000e+00 0.000000000000000000e+00 0.000000000000000000e+00 0.000000000000000000e+00 0.000000000000000000e+00 0.000000000000000000e+00 0.000000000000000000e+00 0.000000000000000000e+00 0.000000000000000000e+00 0.000000000000000000e+00 0.000000000000000000e+00 0.000000000000000000e+00 0.000000000000000000e+00 0.000000000000000000e+00 0.000000000000000000e+00 0.000000000000000000e+00 0.000000000000000000e+00 0.000000000000000000e+00 0.000000000000000000e+00 0.000000000000000000e+00 0.000000000000000000e+00 0.000000000000000000e+00 0.000000000000000000e+00 0.000000000000000000e+00 0.000000000000000000e+00 0.000000000000000000e+00 0.000000000000000000e+00 0.000000000000000000e+00 0.000000000000000000e+00 0.000000000000000000e+00 0.000000000000000000e+00 0.000000000000000000e+00 0.000000000000000000e+00 0.000000000000000000e+00 0.000000000000000000e+00 0.000000000000000000e+00 0.000000000000000000e+00 0.000000000000000000e+00 0.000000000000000000e+00 0.000000000000000000e+00 0.000000000000000000e+00 0.000000000000000000e+00 0.000000000000000000e+00 0.000000000000000000e+00 0.000000000000000000e+00 0.000000000000000000e+00 0.000000000000000000e+00 0.000000000000000000e+00 0.000000000000000000e+00 0.000000000000000000e+00 0.000000000000000000e+00 0.000000000000000000e+00 0.000000000000000000e+00 0.000000000000000000e+00 0.000000000000000000e+00 0.000000000000000000e+00 0.000000000000000000e+00 0.000000000000000000e+00 0.000000000000000000e+00 0.000000000000000000e+00 0.000000000000000000e+00 0.000000000000000000e+00 0.000000000000000000e+00 0.000000000000000000e+00 0.000000000000000000e+00
0.000000000000000000e+00 0.000000000000000000e+00 0.000000000000000000e+00 0.000000000000000000e+00 0.000000000000000000e+00 0.000000000000000000e+00 0.000000000000000000e+00 0.000000000000000000e+00 0.000000000000000000e+00 0.000000000000000000e+00 0.000000000000000000e+00 0.000000000000000000e+00 0.000000000000000000e+00 0.000000000000000000e+00 0.000000000000000000e+00 0.000000000000000000e+00 0.000000000000000000e+00 0.000000000000000000e+00 0.000000000000000000e+00 0.000000000000000000e+00 0.000000000000000000e+00 0.000000000000000000e+00 0.000000000000000000e+00 0.000000000000000000e+00 0.000000000000000000e+00 0.000000000000000000e+00 0.000000000000000000e+00 0.000000000000000000e+00 0.000000000000000000e+00 0.000000000000000000e+00 0.000000000000000000e+00 0.000000000000000000e+00 0.000000000000000000e+00 0.000000000000000000e+00 0.000000000000000000e+00 0.000000000000000000e+00 0.000000000000000000e+00 0.000000000000000000e+00 0.000000000000000000e+00 0.000000000000000000e+00 0.000000000000000000e+00 0.000000000000000000e+00 0.000000000000000000e+00 0.000000000000000000e+00 0.000000000000000000e+00 0.000000000000000000e+00 0.000000000000000000e+00 0.000000000000000000e+00 0.000000000000000000e+00 0.000000000000000000e+00 0.000000000000000000e+00 0.000000000000000000e+00 0.000000000000000000e+00 0.000000000000000000e+00 0.000000000000000000e+00 0.000000000000000000e+00 0.000000000000000000e+00 0.000000000000000000e+00 0.000000000000000000e+00 0.000000000000000000e+00 0.000000000000000000e+00 0.000000000000000000e+00 0.000000000000000000e+00 0.000000000000000000e+00 0.000000000000000000e+00 0.000000000000000000e+00 0.000000000000000000e+00 0.000000000000000000e+00 0.000000000000000000e+00 0.000000000000000000e+00 0.000000000000000000e+00 0.000000000000000000e+00 0.000000000000000000e+00 0.000000000000000000e+00 0.000000000000000000e+00 0.000000000000000000e+00 0.000000000000000000e+00 0.000000000000000000e+00 0.000000000000000000e+00 0.000000000000000000e+00 0.000000000000000000e+00 0.000000000000000000e+00 0.000000000000000000e+00 0.000000000000000000e+00 0.000000000000000000e+00 0.000000000000000000e+00 0.000000000000000000e+00 0.000000000000000000e+00 0.000000000000000000e+00
0.000000000000000000e+00 0.000000000000000000e+00 0.000000000000000000e+00 0.000000000000000000e+00 0.000000000000000000e+00 0.000000000000000000e+00 0.000000000000000000e+00 0.000000000000000000e+00 0.000000000000000000e+00 0.000000000000000000e+00 0.000000000000000000e+00 0.000000000000000000e+00 0.000000000000000000e+00 0.000000000000000000e+00 0.000000000000000000e+00 0.000000000000000000e+00 0.000000000000000000e+00 0.000000000000000000e+00 0.000000000000000000e+00 0.000000000000000000e+00 0.000000000000000000e+00 0.000000000000000000e+00 0.000000000000000000e+00 0.000000000000000000e+00 0.000000000000000000e+00 0.000000000000000000e+00 0.000000000000000000e+00 0.000000000000000000e+00 0.000000000000000000e+00 0.000000000000000000e+00 0.000000000000000000e+00 0.000000000000000000e+00 0.000000000000000000e+00 0.000000000000000000e+00 0.000000000000000000e+00 0.000000000000000000e+00 0.000000000000000000e+00 0.000000000000000000e+00 0.000000000000000000e+00 0.000000000000000000e+00 0.000000000000000000e+00 0.000000000000000000e+00 0.000000000000000000e+00 0.000000000000000000e+00 0.000000000000000000e+00 0.000000000000000000e+00 0.000000000000000000e+00 0.000000000000000000e+00 0.000000000000000000e+00 0.000000000000000000e+00 0.000000000000000000e+00 0.000000000000000000e+00 0.000000000000000000e+00 0.000000000000000000e+00 0.000000000000000000e+00 0.000000000000000000e+00 0.000000000000000000e+00 0.000000000000000000e+00 0.000000000000000000e+00 0.000000000000000000e+00 0.000000000000000000e+00 0.000000000000000000e+00 0.000000000000000000e+00 0.000000000000000000e+00 0.000000000000000000e+00 0.000000000000000000e+00 0.000000000000000000e+00 0.000000000000000000e+00 0.000000000000000000e+00 0.000000000000000000e+00 0.000000000000000000e+00 0.000000000000000000e+00 0.000000000000000000e+00 0.000000000000000000e+00 0.000000000000000000e+00 0.000000000000000000e+00 0.000000000000000000e+00 0.000000000000000000e+00 0.000000000000000000e+00 0.000000000000000000e+00 0.000000000000000000e+00 0.000000000000000000e+00 0.000000000000000000e+00 0.000000000000000000e+00 0.000000000000000000e+00 0.000000000000000000e+00 0.000000000000000000e+00 0.000000000000000000e+00 0.000000000000000000e+00
0.000000000000000000e+00 0.000000000000000000e+00 0.000000000000000000e+00 4.726804123711337624e+00 7.183233205898413409e+00 1.121597096188747145e+01 2.983333333333332504e+01 2.935810810810809457e+01 4.324999999999996447e+01 1.234271523178807328e+01 4.671153846153845279e+01 6.553058676654179848e+00 6.787499999999994316e+01 0.000000000000000000e+00 3.537499999999997158e+01 2.829411764705881183e+01 0.000000000000000000e+00 5.199999999999997158e+01 8.949999999999992895e+01 0.000000000000000000e+00 0.000000000000000000e+00 0.000000000000000000e+00 0.000000000000000000e+00 0.000000000000000000e+00 0.000000000000000000e+00 0.000000000000000000e+00 0.000000000000000000e+00 0.000000000000000000e+00 0.000000000000000000e+00 0.000000000000000000e+00 0.000000000000000000e+00 8.809999999999995168e+01 8.599999999999995737e+01 8.749999999999995737e+01 0.000000000000000000e+00 0.000000000000000000e+00 0.000000000000000000e+00 2.978846153846151168e+01 3.234756097560973132e+01 5.799999999999995026e+01 0.000000000000000000e+00 0.000000000000000000e+00 0.000000000000000000e+00 0.000000000000000000e+00 3.599999999999996447e+01 0.000000000000000000e+00 0.000000000000000000e+00 0.000000000000000000e+00 0.000000000000000000e+00 0.000000000000000000e+00 6.049999999999990763e+01 0.000000000000000000e+00 0.000000000000000000e+00 0.000000000000000000e+00 4.299999999999995737e+01 0.000000000000000000e+00 0.000000000000000000e+00 0.000000000000000000e+00 0.000000000000000000e+00 0.000000000000000000e+00 0.000000000000000000e+00 0.000000000000000000e+00 0.000000000000000000e+00 0.000000000000000000e+00 0.000000000000000000e+00 0.000000000000000000e+00 0.000000000000000000e+00 0.000000000000000000e+00 0.000000000000000000e+00 0.000000000000000000e+00 0.000000000000000000e+00 0.000000000000000000e+00 0.000000000000000000e+00 0.000000000000000000e+00 0.000000000000000000e+00 0.000000000000000000e+00 0.000000000000000000e+00 0.000000000000000000e+00 0.000000000000000000e+00 0.000000000000000000e+00 0.000000000000000000e+00 0.000000000000000000e+00 0.000000000000000000e+00 0.000000000000000000e+00 0.000000000000000000e+00 0.000000000000000000e+00 0.000000000000000000e+00 0.000000000000000000e+00 0.000000000000000000e+00
0.000000000000000000e+00 0.000000000000000000e+00 0.000000000000000000e+00 7.183233205898413409e+00 1.028627221245849910e+01 9.563448937190342392e+00 2.719999999999998863e+01 2.673583333333332490e+01 4.204398148148148096e+01 1.699234693877550484e+01 4.567557251908394278e+01 1.905025223127667289e+01 6.707894736842102645e+01 6.414999999999996305e+01 2.779268292682925789e+01 1.489890939597314912e+01 2.992436974789915283e+01 5.139855072463765140e+01 6.569831223628689543e+01 0.000000000000000000e+00 0.000000000000000000e+00 0.000000000000000000e+00 3.949999999999998579e+01 0.000000000000000000e+00 0.000000000000000000e+00 0.000000000000000000e+00 0.000000000000000000e+00 0.000000000000000000e+00 7.759999999999999432e+01 7.306249999999995737e+01 8.266666666666665719e+01 8.244999999999996021e+01 7.153676470588231950e+01 0.000000000000000000e+00 1.165000000000000000e+02 1.065000000000000142e+02 0.000000000000000000e+00 1.269169126950653137e+01 1.931218961625280883e+01 4.431666666666664867e+01 0.000000000000000000e+00 4.099999999999998579e+01 8.587499999999995737e+01 2.949999999999997868e+01 6.531631269769540893e+00 1.576666666666666217e+01 0.000000000000000000e+00 4.899999999999997868e+01 4.674999999999998579e+01 0.000000000000000000e+00 4.283333333333326465e+01 5.574999999999995737e+01 5.556249999999995737e+01 5.749999999999999289e+01 4.883333333333332149e+01 0.000000000000000000e+00 0.000000000000000000e+00 5.550000000000003553e+01 3.331818181818179880e+01 4.466666666666666430e+01 3.549999999999998579e+01 5.999999999999995737e+01 0.000000000000000000e+00 0.000000000000000000e+00 0.000000000000000000e+00 0.000000000000000000e+00 0.000000000000000000e+00 0.000000000000000000e+00 0.000000000000000000e+00 0.000000000000000000e+00 0.000000000000000000e+00 8.950000000000000000e+01 8.249999999999997158e+01 0.000000000000000000e+00 0.000000000000000000e+00 0.000000000000000000e+00 0.000000000000000000e+00 0.000000000000000000e+00 0.000000000000000000e+00 0.000000000000000000e+00 1.866666666666664653e+01 4.928571428571424207e+01 0.000000000000000000e+00 0.000000000000000000e+00 8.400000000000000000e+01 0.000000000000000000e+00 0.000000000000000000e+00 1.724999999999999645e+01 1.474999999999998579e+01
0.000000000000000000e+00 0.000000000000000000e+00 0.000000000000000000e+00 1.121597096188747145e+01 9.563448937190342392e+00 1.293865521031071530e+01 8.201877187400567593e+00 1.445157275401673935e+01 3.576909090909090594e+01 1.800883928571427361e+01 3.887052023121385247e+01 2.881648697214733801e+01 5.610087719298244480e+01 5.899999999999998579e+01 1.965241228070174628e+01 1.909064327485379309e+01 3.200549450549449659e+01 5.159411764705880188e+01 6.920754716981130628e+01 0.000000000000000000e+00 6.337499999999998579e+01 0.000000000000000000e+00 4.169999999999998863e+01 2.149999999999998934e+01 3.974999999999998579e+01 4.399999999999998579e+01 0.000000000000000000e+00 8.312499999999998579e+01 6.786046511627904465e+01 6.664285714285713880e+01 6.669999999999996021e+01 7.743137254901958499e+01 7.330468749999997158e+01 0.000000000000000000e+00 8.616666666666664298e+01 0.000000000000000000e+00 4.800000000000002132e+01 1.744699331848551793e+01 1.885477263416631644e+01 3.806196581196579842e+01 0.000000000000000000e+00 4.129166666666666430e+01 3.391666666666665009e+01 2.802499999999998792e+01 1.621145374449338661e+01 4.676086956521736226e+01 0.000000000000000000e+00 3.249999999999997868e+01 4.800000000000002842e+01 0.000000000000000000e+00 4.889999999999993463e+01 0.000000000000000000e+00 4.444444444444437181e+01 6.949999999999997158e+01 5.044117647058817511e+01 6.199999999999992895e+01 0.000000000000000000e+00 0.000000000000000000e+00 2.847058823529410887e+01 3.549999999999996447e+01 4.299999999999997868e+01 0.000000000000000000e+00 0.000000000000000000e+00 0.000000000000000000e+00 0.000000000000000000e+00 0.000000000000000000e+00 0.000000000000000000e+00 0.000000000000000000e+00 0.000000000000000000e+00 0.000000000000000000e+00 0.000000000000000000e+00 0.000000000000000000e+00 0.000000000000000000e+00 0.000000000000000000e+00 0.000000000000000000e+00 0.000000000000000000e+00 0.000000000000000000e+00 0.000000000000000000e+00 0.000000000000000000e+00 0.000000000000000000e+00 3.069999999999997087e+01 5.180555555555551450e+01 0.000000000000000000e+00 0.000000000000000000e+00 6.749999999999992895e+01 0.000000000000000000e+00 0.000000000000000000e+00 3.274999999999997158e+01 0.000000000000000000e+00
0.000000000000000000e+00 0.000000000000000000e+00 0.000000000000000000e+00 2.983333333333332504e+01 2.719999999999998863e+01 8.201877187400567593e+00 6.726057418365107843e+00 7.596650581890430409e+00 2.696551724137930961e+01 1.119994617868675668e+01 4.175757575757574358e+01 3.551874999999999005e+01 5.456249999999997158e+01 0.000000000000000000e+00 3.872222222222220722e+01 2.757894736842104777e+01 0.000000000000000000e+00 0.000000000000000000e+00 7.099999999999998579e+01 0.000000000000000000e+00 0.000000000000000000e+00 0.000000000000000000e+00 0.000000000000000000e+00 0.000000000000000000e+00 0.000000000000000000e+00 0.000000000000000000e+00 0.000000000000000000e+00 0.000000000000000000e+00 5.899999999999996447e+01 4.550000000000004263e+01 0.000000000000000000e+00 8.199999999999997158e+01 6.674999999999997158e+01 0.000000000000000000e+00 0.000000000000000000e+00 0.000000000000000000e+00 9.049999999999998579e+01 3.302380952380952550e+01 2.536024844720495253e+01 4.677777777777775015e+01 0.000000000000000000e+00 4.999999999999995026e+01 0.000000000000000000e+00 0.000000000000000000e+00 3.099999999999999645e+01 5.124999999999998579e+01 0.000000000000000000e+00 0.000000000000000000e+00 0.000000000000000000e+00 0.000000000000000000e+00 0.000000000000000000e+00 0.000000000000000000e+00 0.000000000000000000e+00 0.000000000000000000e+00 0.000000000000000000e+00 0.000000000000000000e+00 0.000000000000000000e+00 0.000000000000000000e+00 3.949999999999998579e+01 0.000000000000000000e+00 0.000000000000000000e+00 0.000000000000000000e+00 0.000000000000000000e+00 0.000000000000000000e+00 0.000000000000000000e+00 0.000000000000000000e+00 0.000000000000000000e+00 0.000000000000000000e+00 0.000000000000000000e+00 0.000000000000000000e+00 0.000000000000000000e+00 0.000000000000000000e+00 0.000000000000000000e+00 0.000000000000000000e+00 0.000000000000000000e+00 0.000000000000000000e+00 0.000000000000000000e+00 0.000000000000000000e+00 0.000000000000000000e+00 0.000000000000000000e+00 0.000000000000000000e+00 0.000000000000000000e+00 0.000000000000000000e+00 0.000000000000000000e+00 0.000000000000000000e+00 0.000000000000000000e+00 0.000000000000000000e+00 0.000000000000000000e+00 0.000000000000000000e+00
0.000000000000000000e+00 0.000000000000000000e+00 0.000000000000000000e+00 2.935810810810809457e+01 2.673583333333332490e+01 1.445157275401673935e+01 7.596650581890430409e+00 8.753897924845764678e+00 8.337479718766900305e+00 2.207939362795476868e+01 3.763541666666665009e+01 2.683125864453664278e+01 3.697999999999998977e+01 5.769999999999997442e+01 3.105645161290321710e+01 2.186414565826330403e+01 2.311379310344826976e+01 4.899999999999997868e+01 6.865789473684208133e+01 0.000000000000000000e+00 7.649999999999998579e+01 0.000000000000000000e+00 0.000000000000000000e+00 0.000000000000000000e+00 6.500000000000000000e+01 6.150000000000001421e+01 0.000000000000000000e+00 0.000000000000000000e+00 5.482142857142856229e+01 5.211111111111108585e+01 8.350000000000001421e+01 7.174999999999998579e+01 7.260714285714283278e+01 0.000000000000000000e+00 7.449999999999995737e+01 0.000000000000000000e+00 0.000000000000000000e+00 2.640227272727272378e+01 2.424175126903552524e+01 3.671052631578945835e+01 0.000000000000000000e+00 5.708333333333330728e+01 5.266666666666665719e+01 3.649999999999997868e+01 3.400980392156862564e+01 4.624999999999995737e+01 4.900000000000005684e+01 2.725000000000001421e+01 3.794444444444442865e+01 4.350000000000000000e+01 4.287499999999995026e+01 4.841666666666660035e+01 4.152777777777775015e+01 5.883333333333323623e+01 4.509677419354837014e+01 6.699999999999994316e+01 0.000000000000000000e+00 5.524999999999995737e+01 2.546296296296295125e+01 3.149999999999997868e+01 0.000000000000000000e+00 0.000000000000000000e+00 0.000000000000000000e+00 0.000000000000000000e+00 0.000000000000000000e+00 0.000000000000000000e+00 0.000000000000000000e+00 0.000000000000000000e+00 0.000000000000000000e+00 0.000000000000000000e+00 0.000000000000000000e+00 0.000000000000000000e+00 1.029999999999999147e+02 0.000000000000000000e+00 0.000000000000000000e+00 0.000000000000000000e+00 0.000000000000000000e+00 0.000000000000000000e+00 0.000000000000000000e+00 0.000000000000000000e+00 3.657142857142854098e+01 4.739285714285711038e+01 5.599999999999998579e+01 0.000000000000000000e+00 0.000000000000000000e+00 0.000000000000000000e+00 0.000000000000000000e+00 3.974999999999998579e+01 5.949999999999997158e+01
0.000000000000000000e+00 0.000000000000000000e+00 0.000000000000000000e+00 4.324999999999996447e+01 4.204398148148148096e+01 3.576909090909090594e+01 2.696551724137930961e+01 8.337479718766900305e+00 1.088804883124089606e+01 2.286634236738475678e+01 2.729024390243901976e+01 3.301021775544388248e+01 9.685459940652819455e+00 5.457142857142856229e+01 2.364946619217080936e+01 3.073657927590511818e+01 2.676208897485492599e+01 5.471428571428569398e+01 6.112962962962961200e+01 0.000000000000000000e+00 6.250000000000001421e+01 6.616666666666665719e+01 0.000000000000000000e+00 0.000000000000000000e+00 5.800000000000001421e+01 5.849999999999997158e+01 2.769999999999999929e+01 4.620833333333333570e+01 1.971678966789668053e+01 2.488681948424067869e+01 5.031818181818180591e+01 5.718840579710144567e+01 5.383333333333332149e+01 5.675000000000000000e+01 6.397826086956520442e+01 0.000000000000000000e+00 6.295833333333333570e+01 2.199446749654218536e+01 1.698719245028648572e+01 2.766666666666666785e+01 0.000000000000000000e+00 2.975000000000000355e+01 5.479999999999999005e+01 4.199999999999998579e+01 3.992808219178082396e+01 3.422826086956521863e+01 0.000000000000000000e+00 5.799999999999998579e+01 5.199999999999999289e+01 0.000000000000000000e+00 5.841666666666662877e+01 5.399999999999998579e+01 5.294736842105260166e+01 0.000000000000000000e+00 4.550999999999996248e+01 7.799999999999994316e+01 6.399999999999992184e+01 0.000000000000000000e+00 3.529166666666665719e+01 3.368965517241377938e+01 3.849999999999999289e+01 7.583333333333330017e+01 0.000000000000000000e+00 0.000000000000000000e+00 0.000000000000000000e+00 0.000000000000000000e+00 0.000000000000000000e+00 0.000000000000000000e+00 0.000000000000000000e+00 0.000000000000000000e+00 0.000000000000000000e+00 0.000000000000000000e+00 0.000000000000000000e+00 0.000000000000000000e+00 0.000000000000000000e+00 8.149999999999997158e+01 0.000000000000000000e+00 0.000000000000000000e+00 0.000000000000000000e+00 0.000000000000000000e+00 4.507142857142853387e+01 5.783333333333331439e+01 5.749999999999995026e+01 0.000000000000000000e+00 4.550000000000002132e+01 0.000000000000000000e+00 7.699999999999995737e+01 0.000000000000000000e+00 0.000000000000000000e+00
0.000000000000000000e+00 0.000000000000000000e+00 0.000000000000000000e+00 1.234271523178807328e+01 1.699234693877550484e+01 1.800883928571427361e+01 1.119994617868675668e+01 2.207939362795476868e+01 2.286634236738475678e+01 1.288560053722179433e+01 2.225323653962491832e+01 1.715196551724137208e+01 4.647795414462078867e+01 5.263207547169809430e+01 3.592424242424241498e+01 2.365693430656932961e+01 2.233024333719582089e+01 4.574463519313302839e+01 6.387951807228913736e+01 0.000000000000000000e+00 1.034999999999999716e+02 1.029999999999999858e+02 5.599999999999998579e+01 1.004999999999999716e+02 0.000000000000000000e+00 7.950000000000000000e+01 6.449999999999998579e+01 7.833333333333331439e+01 5.477272727272725206e+01 6.134285714285712032e+01 7.233333333333331439e+01 7.254331450094160516e+01 7.017784256559764344e+01 7.279166666666664298e+01 7.879411764705879762e+01 8.066666666666667140e+01 7.985714285714284699e+01 2.282906130931761624e+01 2.628669645926433418e+01 4.039093137254900512e+01 0.000000000000000000e+00 4.175641025641023418e+01 7.358333333333331439e+01 4.707692307692304468e+01 3.435576923076921219e+01 4.237499999999998579e+01 0.000000000000000000e+00 3.874999999999997158e+01 4.879999999999996163e+01 0.000000000000000000e+00 4.963043478260865271e+01 5.742307692307687006e+01 4.736666666666663872e+01 6.524999999999997158e+01 4.885576923076919797e+01 6.612499999999995737e+01 0.000000000000000000e+00 4.424999999999995737e+01 3.443939393939390925e+01 3.048214285714283633e+01 4.174999999999996447e+01 7.033333333333331439e+01 0.000000000000000000e+00 0.000000000000000000e+00 0.000000000000000000e+00 0.000000000000000000e+00 0.000000000000000000e+00 0.000000000000000000e+00 0.000000000000000000e+00 0.000000000000000000e+00 0.000000000000000000e+00 0.000000000000000000e+00 0.000000000000000000e+00 0.000000000000000000e+00 8.849999999999994316e+01 8.800000000000005684e+01 0.000000000000000000e+00 0.000000000000000000e+00 0.000000000000000000e+00 0.000000000000000000e+00 4.631578947368416266e+01 5.019512195121947684e+01 0.000000000000000000e+00 0.000000000000000000e+00 5.650000000000001421e+01 0.000000000000000000e+00 0.000000000000000000e+00 3.799999999999994316e+01 0.000000000000000000e+00
0.000000000000000000e+00 0.000000000000000000e+00 0.000000000000000000e+00 4.671153846153845279e+01 4.567557251908394278e+01 3.887052023121385247e+01 4.175757575757574358e+01 3.763541666666665009e+01 2.729024390243901976e+01 2.225323653962491832e+01 1.391381158812287389e+01 2.491943577919435526e+01 1.550896624472573926e+01 4.500000000000000000e+01 3.155753138075313657e+01 4.266732283464565256e+01 2.502058111380144467e+01 2.949382716049381870e+01 5.247500000000000142e+01 0.000000000000000000e+00 6.503162055335968716e+01 6.274999999999999289e+01 9.479999999999998295e+01 9.665384615384613198e+01 7.625000000000000000e+01 7.531249999999998579e+01 0.000000000000000000e+00 4.571212121212121815e+01 2.930091883614088744e+01 3.681490384615384670e+01 4.875612052730696888e+01 4.839725568942436240e+01 4.435902168897094100e+01 4.858251231527094660e+01 5.746473265073947800e+01 5.561510791366906403e+01 5.814507772020725440e+01 2.020004260758414105e+01 2.152165354330707814e+01 2.749815157116450592e+01 0.000000000000000000e+00 2.992600896860986026e+01 5.650000000000000000e+01 3.410958904109588730e+01 4.060119047619046739e+01 3.401168614357261788e+01 0.000000000000000000e+00 0.000000000000000000e+00 5.799999999999992184e+01 0.000000000000000000e+00 0.000000000000000000e+00 0.000000000000000000e+00 6.799999999999992895e+01 5.006249999999996447e+01 5.175925925925922400e+01 5.637499999999995026e+01 7.900000000000000000e+01 0.000000000000000000e+00 4.619999999999996021e+01 3.553571428571427049e+01 3.173333333333331652e+01 5.800000000000001421e+01 0.000000000000000000e+00 0.000000000000000000e+00 0.000000000000000000e+00 0.000000000000000000e+00 0.000000000000000000e+00 0.000000000000000000e+00 0.000000000000000000e+00 0.000000000000000000e+00 0.000000000000000000e+00 4.849999999999995737e+01 8.699999999999994316e+01 8.100000000000000000e+01 8.274999999999998579e+01 0.000000000000000000e+00 0.000000000000000000e+00 0.000000000000000000e+00 0.000000000000000000e+00 0.000000000000000000e+00 4.672727272727269821e+01 4.599999999999997868e+01 4.649999999999997158e+01 0.000000000000000000e+00 0.000000000000000000e+00 0.000000000000000000e+00 0.000000000000000000e+00 4.900000000000001421e+01 6.149999999999994316e+01
0.000000000000000000e+00 0.000000000000000000e+00 0.000000000000000000e+00 6.553058676654179848e+00 1.905025223127667289e+01 2.881648697214733801e+01 3.551874999999999005e+01 2.683125864453664278e+01 3.301021775544388248e+01 1.715196551724137208e+01 2.491943577919435526e+01 1.613090316462106344e+01 2.196036498431708139e+01 1.352159270998415153e+01 3.806666666666664867e+01 2.440375360923964365e+01 1.858628081457662518e+01 2.541942415126771948e+01 4.435685117967332047e+01 0.000000000000000000e+00 7.533333333333332860e+01 0.000000000000000000e+00 0.000000000000000000e+00 0.000000000000000000e+00 0.000000000000000000e+00 6.829999999999999716e+01 7.333333333333335702e+01 6.612500000000000000e+01 3.220297029702970093e+01 4.101312335958004951e+01 5.254651162790697327e+01 4.832837528604117949e+01 4.519233870967742206e+01 5.942857142857140929e+01 7.546551724137931672e+01 7.383333333333332860e+01 6.399999999999999289e+01 2.479791459781528573e+01 2.982503567464720362e+01 3.646086369770579694e+01 0.000000000000000000e+00 3.609953703703703809e+01 5.432608695652174191e+01 4.502173913043477427e+01 3.767537313432834623e+01 4.091666666666666430e+01 0.000000000000000000e+00 4.606249999999995737e+01 4.579999999999996874e+01 6.374999999999997868e+01 4.574999999999997158e+01 5.081818181818177749e+01 5.046491228070170365e+01 5.256666666666665577e+01 2.156124999999998693e+01 5.934999999999998010e+01 1.400000000000000711e+01 7.124999999999994316e+01 2.939999999999998082e+01 2.762083333333331225e+01 2.649999999999998934e+01 6.769230769230765077e+01 0.000000000000000000e+00 0.000000000000000000e+00 0.000000000000000000e+00 0.000000000000000000e+00 0.000000000000000000e+00 0.000000000000000000e+00 0.000000000000000000e+00 0.000000000000000000e+00 0.000000000000000000e+00 5.966666666666667851e+01 8.383333333333327175e+01 9.149999999999994316e+01 6.716666666666664298e+01 6.909999999999999432e+01 0.000000000000000000e+00 0.000000000000000000e+00 0.000000000000000000e+00 0.000000000000000000e+00 4.351219512195118710e+01 5.193382352941172542e+01 6.099999999999997158e+01 0.000000000000000000e+00 7.099999999999994316e+01 0.000000000000000000e+00 5.550000000000000000e+01 4.674999999999997158e+01 3.950000000000003553e+01
0.000000000000000000e+00 0.000000000000000000e+00 0.000000000000000000e+00 6.787499999999994316e+01 6.707894736842102645e+01 5.610087719298244480e+01 5.456249999999997158e+01 3.697999999999998977e+01 9.685459940652819455e+00 4.647795414462078867e+01 1.550896624472573926e+01 2.196036498431708139e+01 1.284882673512588447e+01 9.201689435811868378e+00 2.312912673056443325e+01 5.723728813559320372e+01 3.924999999999998579e+01 2.122246065808297644e+01 3.853819444444444997e+01 6.337499999999997868e+01 5.927802690582959855e+01 6.000000000000000000e+01 5.118750000000000000e+01 8.049999999999997158e+01 5.209375000000000000e+01 1.811884057971014528e+01 2.925000000000000000e+01 3.887048192771084132e+01 1.700189425135892307e+01 2.749773892071148751e+01 3.970662100456620891e+01 3.433429339477726927e+01 3.545617667356798819e+01 4.447161572052402079e+01 5.432500000000000284e+01 5.029098360655737565e+01 5.165479876160990358e+01 2.363607815771110054e+01 2.459616745879260336e+01 2.975986193293886473e+01 0.000000000000000000e+00 2.806547619047619335e+01 4.475641025641024839e+01 3.756036745406824906e+01 5.711111111111108585e+01 3.572874720357942380e+01 0.000000000000000000e+00 0.000000000000000000e+00 0.000000000000000000e+00 6.600000000000002842e+01 0.000000000000000000e+00 0.000000000000000000e+00 8.749999999999998579e+01 5.249999999999997868e+01 5.827272727272725206e+01 5.674999999999997158e+01 4.999999999999997158e+01 0.000000000000000000e+00 6.425000000000001421e+01 4.412499999999995737e+01 3.445833333333332149e+01 4.250000000000000000e+01 0.000000000000000000e+00 0.000000000000000000e+00 0.000000000000000000e+00 0.000000000000000000e+00 0.000000000000000000e+00 0.000000000000000000e+00 0.000000000000000000e+00 0.000000000000000000e+00 1.050000000000000000e+02 5.899999999999995737e+01 6.049999999999997868e+01 0.000000000000000000e+00 6.824999999999998579e+01 0.000000000000000000e+00 0.000000000000000000e+00 0.000000000000000000e+00 0.000000000000000000e+00 0.000000000000000000e+00 4.233333333333332149e+01 4.975000000000000000e+01 4.849999999999997158e+01 0.000000000000000000e+00 4.812500000000000000e+01 0.000000000000000000e+00 0.000000000000000000e+00 0.000000000000000000e+00 0.000000000000000000e+00
0.000000000000000000e+00 0.000000000000000000e+00 0.000000000000000000e+00 0.000000000000000000e+00 6.414999999999996305e+01 5.899999999999998579e+01 0.000000000000000000e+00 5.769999999999997442e+01 5.457142857142856229e+01 5.263207547169809430e+01 4.500000000000000000e+01 1.352159270998415153e+01 9.201689435811868378e+00 9.264925920492885325e+00 2.951923076923077005e+01 5.433333333333331439e+01 3.851111111111109864e+01 1.247027027027026769e+01 2.833018867924529260e+01 0.000000000000000000e+00 0.000000000000000000e+00 0.000000000000000000e+00 0.000000000000000000e+00 0.000000000000000000e+00 0.000000000000000000e+00 4.550000000000002132e+01 0.000000000000000000e+00 0.000000000000000000e+00 1.133245061551674837e+01 3.117142857142857437e+01 5.474999999999998579e+01 1.743695652173912691e+01 1.450786163522012551e+01 5.075000000000000000e+01 0.000000000000000000e+00 0.000000000000000000e+00 0.000000000000000000e+00 4.052040816326530148e+01 3.570792079207920722e+01 3.072500000000000142e+01 0.000000000000000000e+00 2.560000000000000142e+01 3.949999999999999289e+01 3.187500000000000355e+01 6.674999999999997158e+01 3.194117647058822840e+01 0.000000000000000000e+00 0.000000000000000000e+00 0.000000000000000000e+00 0.000000000000000000e+00 0.000000000000000000e+00 0.000000000000000000e+00 8.624999999999994316e+01 0.000000000000000000e+00 4.391666666666665009e+01 0.000000000000000000e+00 4.200000000000004263e+01 0.000000000000000000e+00 0.000000000000000000e+00 4.699999999999997158e+01 3.539999999999999147e+01 0.000000000000000000e+00 0.000000000000000000e+00 0.000000000000000000e+00 0.000000000000000000e+00 0.000000000000000000e+00 0.000000000000000000e+00 0.000000000000000000e+00 0.000000000000000000e+00 0.000000000000000000e+00 0.000000000000000000e+00 0.000000000000000000e+00 0.000000000000000000e+00 0.000000000000000000e+00 0.000000000000000000e+00 6.449999999999997158e+01 0.000000000000000000e+00 0.000000000000000000e+00 0.000000000000000000e+00 0.000000000000000000e+00 0.000000000000000000e+00 5.299999999999997158e+01 5.749999999999999289e+01 0.000000000000000000e+00 0.000000000000000000e+00 0.000000000000000000e+00 0.000000000000000000e+00 0.000000000000000000e+00 0.000000000000000000e+00
0.000000000000000000e+00 0.000000000000000000e+00 0.000000000000000000e+00 3.537499999999997158e+01 2.779268292682925789e+01 1.965241228070174628e+01 3.872222222222220722e+01 3.105645161290321710e+01 2.364946619217080936e+01 3.592424242424241498e+01 3.155753138075313657e+01 3.806666666666664867e+01 2.312912673056443325e+01 2.951923076923077005e+01 1.209099009900989685e+01 4.081451612903224913e+01 2.259090909090908283e+01 2.365765765765765849e+01 2.673634453781511766e+01 1.516463414634146112e+01 3.140138067061143090e+01 3.123611111111110006e+01 2.346487603305784830e+01 2.129009433962262676e+01 2.273216783216782844e+01 2.508713136729221915e+01 2.273645546372818416e+01 3.308785942492011856e+01 2.061682242990654146e+01 2.469954389965792174e+01 4.449648711943792279e+01 3.516374561842764024e+01 3.473548387096773382e+01 5.157971014492752460e+01 5.020008756567424513e+01 5.202205882352939881e+01 4.250383141762451089e+01 2.412251655629138369e+01 8.782816452731188051e+00 1.660180995475112908e+01 0.000000000000000000e+00 2.192376681614349110e+01 1.271187139323990145e+01 1.235954063604240361e+01 3.594444444444443576e+01 2.055769230769230305e+01 0.000000000000000000e+00 0.000000000000000000e+00 9.549999999999994316e+01 0.000000000000000000e+00 0.000000000000000000e+00 0.000000000000000000e+00 4.699999999999993605e+01 0.000000000000000000e+00 4.887499999999998579e+01 0.000000000000000000e+00 0.000000000000000000e+00 0.000000000000000000e+00 5.116666666666660035e+01 5.242857142857139507e+01 2.816666666666666785e+01 3.310869565217389976e+01 0.000000000000000000e+00 0.000000000000000000e+00 0.000000000000000000e+00 0.000000000000000000e+00 0.000000000000000000e+00 0.000000000000000000e+00 0.000000000000000000e+00 0.000000000000000000e+00 0.000000000000000000e+00 6.974999999999998579e+01 4.374999999999998579e+01 0.000000000000000000e+00 8.500000000000000000e+01 3.668749999999997868e+01 0.000000000000000000e+00 0.000000000000000000e+00 0.000000000000000000e+00 0.000000000000000000e+00 0.000000000000000000e+00 5.500000000000000000e+01 0.000000000000000000e+00 0.000000000000000000e+00 3.334374999999998579e+01 0.000000000000000000e+00 0.000000000000000000e+00 0.000000000000000000e+00 0.000000000000000000e+00
0.000000000000000000e+00 0.000000000000000000e+00 0.000000000000000000e+00 2.829411764705881183e+01 1.489890939597314912e+01 1.909064327485379309e+01 2.757894736842104777e+01 2.186414565826330403e+01 3.073657927590511818e+01 2.365693430656932961e+01 4.266732283464565256e+01 2.440375360923964365e+01 5.723728813559320372e+01 5.433333333333331439e+01 4.081451612903224913e+01 7.343850368411105833e+00 1.287274155538099052e+01 3.660219981668191735e+01 5.499127114020728158e+01 0.000000000000000000e+00 0.000000000000000000e+00 0.000000000000000000e+00 0.000000000000000000e+00 0.000000000000000000e+00 0.000000000000000000e+00 8.849999999999998579e+01 8.349999999999995737e+01 7.950000000000000000e+01 6.512222222222220580e+01 6.834210526315787604e+01 8.799999999999998579e+01 6.991845493562229308e+01 6.008392857142854382e+01 0.000000000000000000e+00 9.025000000000000000e+01 0.000000000000000000e+00 7.599999999999997158e+01 1.467623674911659748e+01 2.304330708661415983e+01 4.789166666666666572e+01 0.000000000000000000e+00 5.661764705882349347e+01 6.947058823529407334e+01 5.009999999999998721e+01 1.187907608695651440e+01 6.311538461538459899e+01 0.000000000000000000e+00 2.474999999999998934e+01 2.724999999999997868e+01 0.000000000000000000e+00 3.335714285714281147e+01 4.335714285714281857e+01 3.770512820512816887e+01 5.033333333333329307e+01 3.377118644067793696e+01 0.000000000000000000e+00 0.000000000000000000e+00 4.474999999999995026e+01 1.830188679245281591e+01 1.980208333333331794e+01 3.184848484848482641e+01 5.268421052631576629e+01 0.000000000000000000e+00 0.000000000000000000e+00 0.000000000000000000e+00 0.000000000000000000e+00 0.000000000000000000e+00 0.000000000000000000e+00 0.000000000000000000e+00 0.000000000000000000e+00 0.000000000000000000e+00 7.983333333333325754e+01 7.269999999999996021e+01 0.000000000000000000e+00 7.999999999999997158e+01 5.809999999999998721e+01 0.000000000000000000e+00 0.000000000000000000e+00 0.000000000000000000e+00 0.000000000000000000e+00 2.097058823529409111e+01 4.408108108108105938e+01 6.200000000000000000e+01 0.000000000000000000e+00 0.000000000000000000e+00 6.349999999999997158e+01 4.950000000000000000e+01 1.769999999999999574e+01 2.724999999999999289e+01
0.000000000000000000e+00 0.000000000000000000e+00 0.000000000000000000e+00 0.000000000000000000e+00 2.992436974789915283e+01 3.200549450549449659e+01 0.000000000000000000e+00 2.311379310344826976e+01 2.676208897485492599e+01 2.233024333719582089e+01 2.502058111380144467e+01 1.858628081457662518e+01 3.924999999999998579e+01 3.851111111111109864e+01 2.259090909090908283e+01 1.287274155538099052e+01 8.974068663257847689e+00 1.811085180863475586e+01 4.232325581395347314e+01 0.000000000000000000e+00 0.000000000000000000e+00 0.000000000000000000e+00 0.000000000000000000e+00 0.000000000000000000e+00 0.000000000000000000e+00 0.000000000000000000e+00 0.000000000000000000e+00 0.000000000000000000e+00 4.573333333333332007e+01 5.187499999999998579e+01 5.924999999999997158e+01 5.771428571428569398e+01 4.891071428571427049e+01 7.250000000000002842e+01 0.000000000000000000e+00 0.000000000000000000e+00 0.000000000000000000e+00 1.968253968253967301e+01 2.571666666666665435e+01 3.447777777777776720e+01 0.000000000000000000e+00 3.625000000000000000e+01 5.799999999999999289e+01 4.024999999999998579e+01 3.273737373737372991e+01 3.902941176470586981e+01 0.000000000000000000e+00 3.899999999999995026e+01 3.533333333333332860e+01 0.000000000000000000e+00 3.911111111111107164e+01 2.821739130434779241e+01 3.286111111111108585e+01 3.549999999999996447e+01 2.555263157894734860e+01 4.866666666666663588e+01 5.249999999999999289e+01 0.000000000000000000e+00 2.089423076923075939e+01 1.139062499999999112e+01 1.885365853658535684e+01 4.190909090909090651e+01 0.000000000000000000e+00 0.000000000000000000e+00 0.000000000000000000e+00 0.000000000000000000e+00 0.000000000000000000e+00 0.000000000000000000e+00 0.000000000000000000e+00 0.000000000000000000e+00 0.000000000000000000e+00 0.000000000000000000e+00 5.774999999999997158e+01 6.433333333333331439e+01 6.674999999999995737e+01 5.224999999999997158e+01 0.000000000000000000e+00 0.000000000000000000e+00 0.000000000000000000e+00 0.000000000000000000e+00 2.143749999999998224e+01 3.867142857142855661e+01 3.233333333333332149e+01 0.000000000000000000e+00 0.000000000000000000e+00 0.000000000000000000e+00 0.000000000000000000e+00 3.516666666666666430e+01 0.000000000000000000e+00
