0.000000000000000000e+00 0.000000000000000000e+00 0.000000000000000000e+00 0.000000000000000000e+00 0.000000000000000000e+00 0.000000000000000000e+00 0.000000000000000000e+00 0.000000000000000000e+00 0.000000000000000000e+00 0.000000000000000000e+00 0.000000000000000000e+00 0.000000000000000000e+00 0.000000000000000000e+00 0.000000000000000000e+00 0.000000000000000000e+00 0.000000000000000000e+00 0.000000000000000000e+00 0.000000000000000000e+00 0.000000000000000000e+00 0.000000000000000000e+00 0.000000000000000000e+00 0.000000000000000000e+00 0.000000000000000000e+00 0.000000000000000000e+00 0.000000000000000000e+00 0.000000000000000000e+00 0.000000000000000000e+00 0.000000000000000000e+00 0.000000000000000000e+00 0.000000000000000000e+00 0.000000000000000000e+00 0.000000000000000000e+00 0.000000000000000000e+00 0.000000000000000000e+00 0.000000000000000000e+00 0.000000000000000000e+00 0.000000000000000000e+00 0.000000000000000000e+00 0.000000000000000000e+00 0.000000000000000000e+00 0.000000000000000000e+00 0.000000000000000000e+00 0.000000000000000000e+00 0.000000000000000000e+00 0.000000000000000000e+00 0.000000000000000000e+00 0.000000000000000000e+00 0.000000000000000000e+00 0.000000000000000000e+00 0.000000000000000000e+00 0.000000000000000000e+00 0.000000000000000000e+00 0.000000000000000000e+00 0.000000000000000000e+00 0.000000000000000000e+00 0.000000000000000000e+00 0.000000000000000000e+00 0.000000000000000000e+00 0.000000000000000000e+00 0.000000000000000000e+00 0.000000000000000000e+00 0.000000000000000000e+00 0.000000000000000000e+00 0.000000000000000000e+00 0.000000000000000000e+00 0.000000000000000000e+00 0.000000000000000000e+00 0.000000000000000000e+00 0.000000000000000000e+00 0.000000000000000000e+00 0.000000000000000000e+00 0.000000000000000000e+00 0.000000000000000000e+00 0.000000000000000000e+00 0.000000000000000000e+00 0.000000000000000000e+00 0.000000000000000000e+00 0.000000000000000000e+00 0.000000000000000000e+00 0.000000000000000000e+00 0.000000000000000000e+00 0.000000000000000000e+00 0.000000000000000000e+00 0.000000000000000000e+00 0.000000000000000000e+00 0.000000000000000000e+00 0.000000000000000000e+00 0.000000000000000000e+00 0.000000000000000000e+00
0.000000000000000000e+00 0.000000000000000000e+00 0.000000000000000000e+00 0.000000000000000000e+00 0.000000000000000000e+00 0.000000000000000000e+00 0.000000000000000000e+00 0.000000000000000000e+00 0.000000000000000000e+00 0.000000000000000000e+00 0.000000000000000000e+00 0.000000000000000000e+00 0.000000000000000000e+00 0.000000000000000000e+00 0.000000000000000000e+00 0.000000000000000000e+00 0.000000000000000000e+00 0.000000000000000000e+00 0.000000000000000000e+00 0.000000000000000000e+00 0.000000000000000000e+00 0.000000000000000000e+00 0.000000000000000000e+00 0.000000000000000000e+00 0.000000000000000000e+00 0.000000000000000000e+00 0.000000000000000000e+00 0.000000000000000000e+00 0.000000000000000000e+00 0.000000000000000000e+00 0.000000000000000000e+00 0.000000000000000000e+00 0.000000000000000000e+00 0.000000000000000000e+00 0.000000000000000000e+00 0.000000000000000000e+00 0.000000000000000000e+00 0.000000000000000000e+00 0.000000000000000000e+00 0.000000000000000000e+00 0.000000000000000000e+00 0.000000000000000000e+00 0.000000000000000000e+00 0.000000000000000000e+00 0.000000000000000000e+00 0.000000000000000000e+00 0.000000000000000000e+00 0.000000000000000000e+00 0.000000000000000000e+00 0.000000000000000000e+00 0.000000000000000000e+00 0.000000000000000000e+00 0.000000000000000000e+00 0.000000000000000000e+00 0.000000000000000000e+00 0.000000000000000000e+00 0.000000000000000000e+00 0.000000000000000000e+00 0.000000000000000000e+00 0.000000000000000000e+00 0.000000000000000000e+00 0.000000000000000000e+00 0.000000000000000000e+00 0.000000000000000000e+00 0.000000000000000000e+00 0.000000000000000000e+00 0.000000000000000000e+00 0.000000000000000000e+00 0.000000000000000000e+00 0.000000000000000000e+00 0.000000000000000000e+00 0.000000000000000000e+00 0.000000000000000000e+00 0.000000000000000000e+00 0.000000000000000000e+00 0.000000000000000000e+00 0.000000000000000000e+00 0.000000000000000000e+00 0.000000000000000000e+00 0.000000000000000000e+00 0.000000000000000000e+00 0.000000000000000000e+00 0.000000000000000000e+00 0.000000000000000000e+00 0.000000000000000000e+00 0.000000000000000000e+00 0.000000000000000000e+00 0.000000000000000000e+00 0.000000000000000000e+00
0.000000000000000000e+00 0.000000000000000000e+00 0.000000000000000000e+00 0.000000000000000000e+00 0.000000000000000000e+00 0.000000000000000000e+00 0.000000000000000000e+00 0.000000000000000000e+00 0.000000000000000000e+00 0.000000000000000000e+00 0.000000000000000000e+00 0.000000000000000000e+00 0.000000000000000000e+00 0.000000000000000000e+00 0.000000000000000000e+00 0.000000000000000000e+00 0.000000000000000000e+00 0.000000000000000000e+00 0.000000000000000000e+00 0.000000000000000000e+00 0.000000000000000000e+00 0.000000000000000000e+00 0.000000000000000000e+00 0.000000000000000000e+00 0.000000000000000000e+00 0.000000000000000000e+00 0.000000000000000000e+00 0.000000000000000000e+00 0.000000000000000000e+00 0.000000000000000000e+00 0.000000000000000000e+00 0.000000000000000000e+00 0.000000000000000000e+00 0.000000000000000000e+00 0.000000000000000000e+00 0.000000000000000000e+00 0.000000000000000000e+00 0.000000000000000000e+00 0.000000000000000000e+00 0.000000000000000000e+00 0.000000000000000000e+00 0.000000000000000000e+00 0.000000000000000000e+00 0.000000000000000000e+00 0.000000000000000000e+00 0.000000000000000000e+00 0.000000000000000000e+00 0.000000000000000000e+00 0.000000000000000000e+00 0.000000000000000000e+00 0.000000000000000000e+00 0.000000000000000000e+00 0.000000000000000000e+00 0.000000000000000000e+00 0.000000000000000000e+00 0.000000000000000000e+00 0.000000000000000000e+00 0.000000000000000000e+00 0.000000000000000000e+00 0.000000000000000000e+00 0.000000000000000000e+00 0.000000000000000000e+00 0.000000000000000000e+00 0.000000000000000000e+00 0.000000000000000000e+00 0.000000000000000000e+00 0.000000000000000000e+00 0.000000000000000000e+00 0.000000000000000000e+00 0.000000000000000000e+00 0.000000000000000000e+00 0.000000000000000000e+00 0.000000000000000000e+00 0.000000000000000000e+00 0.000000000000000000e+00 0.000000000000000000e+00 0.000000000000000000e+00 0.000000000000000000e+00 0.000000000000000000e+00 0.000000000000000000e+00 0.000000000000000000e+00 0.000000000000000000e+00 0.000000000000000000e+00 0.000000000000000000e+00 0.000000000000000000e+00 0.000000000000000000e+00 0.000000000000000000e+00 0.000000000000000000e+00 0.000000000000000000e+00
0.000000000000000000e+00 0.000000000000000000e+00 0.000000000000000000e+00 5.902362204724405537e+00 7.634604274985552941e+00 1.012286465177397687e+01 0.000000000000000000e+00 3.113043478260867758e+01 5.019999999999998863e+01 1.179492187499999467e+01 4.474999999999998579e+01 7.616843033509700156e+00 5.149999999999999289e+01 6.512499999999997158e+01 4.024999999999995026e+01 2.665625000000000000e+01 3.437499999999998579e+01 5.909999999999998010e+01 7.199999999999994316e+01 0.000000000000000000e+00 0.000000000000000000e+00 0.000000000000000000e+00 0.000000000000000000e+00 0.000000000000000000e+00 0.000000000000000000e+00 0.000000000000000000e+00 0.000000000000000000e+00 0.000000000000000000e+00 0.000000000000000000e+00 0.000000000000000000e+00 0.000000000000000000e+00 9.012499999999995737e+01 7.383333333333331439e+01 0.000000000000000000e+00 0.000000000000000000e+00 0.000000000000000000e+00 0.000000000000000000e+00 2.883333333333331794e+01 3.383043478260866976e+01 4.799999999999994316e+01 0.000000000000000000e+00 6.899999999999994316e+01 0.000000000000000000e+00 0.000000000000000000e+00 3.383333333333329307e+01 0.000000000000000000e+00 0.000000000000000000e+00 0.000000000000000000e+00 0.000000000000000000e+00 0.000000000000000000e+00 0.000000000000000000e+00 0.000000000000000000e+00 0.000000000000000000e+00 0.000000000000000000e+00 0.000000000000000000e+00 0.000000000000000000e+00 0.000000000000000000e+00 0.000000000000000000e+00 0.000000000000000000e+00 0.000000000000000000e+00 0.000000000000000000e+00 0.000000000000000000e+00 0.000000000000000000e+00 0.000000000000000000e+00 0.000000000000000000e+00 0.000000000000000000e+00 0.000000000000000000e+00 0.000000000000000000e+00 0.000000000000000000e+00 0.000000000000000000e+00 0.000000000000000000e+00 0.000000000000000000e+00 0.000000000000000000e+00 0.000000000000000000e+00 0.000000000000000000e+00 0.000000000000000000e+00 0.000000000000000000e+00 0.000000000000000000e+00 0.000000000000000000e+00 0.000000000000000000e+00 0.000000000000000000e+00 0.000000000000000000e+00 0.000000000000000000e+00 0.000000000000000000e+00 0.000000000000000000e+00 0.000000000000000000e+00 0.000000000000000000e+00 0.000000000000000000e+00 0.000000000000000000e+00
0.000000000000000000e+00 0.000000000000000000e+00 0.000000000000000000e+00 7.634604274985552941e+00 9.850508401240348988e+00 9.489940156830373397e+00 2.578048780487803882e+01 2.347919556171982336e+01 4.016265060240962725e+01 1.711634671320534551e+01 4.246341463414633211e+01 2.020976541189306275e+01 5.889285714285712459e+01 5.691011235955053849e+01 2.452999999999999048e+01 1.416069489685124161e+01 3.063358778625952894e+01 5.159009009009007229e+01 6.565178571428569398e+01 0.000000000000000000e+00 0.000000000000000000e+00 0.000000000000000000e+00 0.000000000000000000e+00 0.000000000000000000e+00 0.000000000000000000e+00 5.274999999999995737e+01 9.999999999999997158e+01 0.000000000000000000e+00 6.795000000000000284e+01 7.228571428571424917e+01 9.225000000000000000e+01 7.816386554621846017e+01 6.962385321100916258e+01 0.000000000000000000e+00 1.082499999999999432e+02 0.000000000000000000e+00 0.000000000000000000e+00 1.178939192188192919e+01 2.092621222768796940e+01 4.030882352941175384e+01 0.000000000000000000e+00 4.433333333333329307e+01 0.000000000000000000e+00 6.350000000000000000e+01 6.238773274917851275e+00 1.641428571428571104e+01 0.000000000000000000e+00 0.000000000000000000e+00 5.999999999999990763e+01 0.000000000000000000e+00 0.000000000000000000e+00 0.000000000000000000e+00 4.949999999999995737e+01 6.250000000000000000e+01 7.399999999999997158e+01 5.999999999999997158e+01 0.000000000000000000e+00 0.000000000000000000e+00 3.166666666666667496e+01 4.449999999999994316e+01 4.774999999999996447e+01 6.383333333333325754e+01 0.000000000000000000e+00 0.000000000000000000e+00 0.000000000000000000e+00 0.000000000000000000e+00 0.000000000000000000e+00 0.000000000000000000e+00 0.000000000000000000e+00 0.000000000000000000e+00 0.000000000000000000e+00 0.000000000000000000e+00 0.000000000000000000e+00 0.000000000000000000e+00 0.000000000000000000e+00 0.000000000000000000e+00 0.000000000000000000e+00 0.000000000000000000e+00 0.000000000000000000e+00 0.000000000000000000e+00 2.283333333333328952e+01 0.000000000000000000e+00 0.000000000000000000e+00 0.000000000000000000e+00 0.000000000000000000e+00 0.000000000000000000e+00 0.000000000000000000e+00 1.499999999999996980e+01 9.500000000000001776e+00
0.000000000000000000e+00 0.000000000000000000e+00 0.000000000000000000e+00 1.012286465177397687e+01 9.489940156830373397e+00 1.335231351246483023e+01 9.047581073896859394e+00 1.552595194922936805e+01 2.973295454545453609e+01 1.667941546636833294e+01 3.966513761467887633e+01 2.803873781426371536e+01 6.055999999999997385e+01 6.146385542168672345e+01 2.061839530332680326e+01 2.124217118997911413e+01 3.738053097345131448e+01 5.428879310344826337e+01 7.277358490566034277e+01 0.000000000000000000e+00 4.399999999999998579e+01 0.000000000000000000e+00 4.199999999999997868e+01 2.974999999999996447e+01 4.362499999999998579e+01 4.333333333333331439e+01 4.987499999999999289e+01 4.599999999999995026e+01 7.430263157894734150e+01 6.329999999999997584e+01 6.908333333333331439e+01 8.062295081967211274e+01 7.546363636363635408e+01 0.000000000000000000e+00 9.874999999999998579e+01 0.000000000000000000e+00 0.000000000000000000e+00 1.816780609073958175e+01 2.004871616242036936e+01 3.514285714285713169e+01 0.000000000000000000e+00 4.314999999999999147e+01 3.314285714285713169e+01 2.678260869565217561e+01 1.627695167286244171e+01 4.323684210526313620e+01 0.000000000000000000e+00 3.050000000000001776e+01 4.299999999999995026e+01 0.000000000000000000e+00 0.000000000000000000e+00 6.174999999999995026e+01 5.116666666666665009e+01 6.799999999999997158e+01 6.633333333333325754e+01 0.000000000000000000e+00 0.000000000000000000e+00 1.100000000000000000e+02 3.004545454545451477e+01 4.637499999999997158e+01 6.166666666666660745e+01 6.299999999999992895e+01 0.000000000000000000e+00 0.000000000000000000e+00 0.000000000000000000e+00 0.000000000000000000e+00 0.000000000000000000e+00 0.000000000000000000e+00 0.000000000000000000e+00 0.000000000000000000e+00 0.000000000000000000e+00 0.000000000000000000e+00 0.000000000000000000e+00 0.000000000000000000e+00 0.000000000000000000e+00 0.000000000000000000e+00 0.000000000000000000e+00 0.000000000000000000e+00 0.000000000000000000e+00 0.000000000000000000e+00 3.166666666666664298e+01 5.481249999999994316e+01 5.899999999999998579e+01 0.000000000000000000e+00 0.000000000000000000e+00 0.000000000000000000e+00 0.000000000000000000e+00 0.000000000000000000e+00 0.000000000000000000e+00
0.000000000000000000e+00 0.000000000000000000e+00 0.000000000000000000e+00 0.000000000000000000e+00 2.578048780487803882e+01 9.047581073896859394e+00 7.610237659963434709e+00 7.207488622258996891e+00 2.031468531468530969e+01 1.092219917012447716e+01 4.095833333333331439e+01 3.320731707317072789e+01 5.235714285714283989e+01 0.000000000000000000e+00 3.938888888888887152e+01 2.862499999999998934e+01 3.879166666666665719e+01 0.000000000000000000e+00 0.000000000000000000e+00 0.000000000000000000e+00 0.000000000000000000e+00 0.000000000000000000e+00 0.000000000000000000e+00 0.000000000000000000e+00 0.000000000000000000e+00 0.000000000000000000e+00 5.349999999999994316e+01 0.000000000000000000e+00 5.875000000000000711e+01 4.583333333333330017e+01 0.000000000000000000e+00 8.000000000000002842e+01 8.349999999999992895e+01 0.000000000000000000e+00 0.000000000000000000e+00 0.000000000000000000e+00 0.000000000000000000e+00 2.723529411764705443e+01 2.508260869565216566e+01 3.149999999999993605e+01 0.000000000000000000e+00 5.149999999999997868e+01 0.000000000000000000e+00 2.450000000000001421e+01 4.324999999999998579e+01 0.000000000000000000e+00 0.000000000000000000e+00 0.000000000000000000e+00 0.000000000000000000e+00 0.000000000000000000e+00 0.000000000000000000e+00 0.000000000000000000e+00 4.699999999999992184e+01 8.149999999999995737e+01 7.399999999999994316e+01 0.000000000000000000e+00 0.000000000000000000e+00 0.000000000000000000e+00 0.000000000000000000e+00 3.449999999999997158e+01 0.000000000000000000e+00 0.000000000000000000e+00 0.000000000000000000e+00 0.000000000000000000e+00 0.000000000000000000e+00 0.000000000000000000e+00 0.000000000000000000e+00 0.000000000000000000e+00 0.000000000000000000e+00 0.000000000000000000e+00 0.000000000000000000e+00 0.000000000000000000e+00 0.000000000000000000e+00 0.000000000000000000e+00 0.000000000000000000e+00 0.000000000000000000e+00 0.000000000000000000e+00 0.000000000000000000e+00 0.000000000000000000e+00 0.000000000000000000e+00 4.999999999999991473e+01 0.000000000000000000e+00 0.000000000000000000e+00 0.000000000000000000e+00 0.000000000000000000e+00 0.000000000000000000e+00 0.000000000000000000e+00 0.000000000000000000e+00 0.000000000000000000e+00
0.000000000000000000e+00 0.000000000000000000e+00 0.000000000000000000e+00 3.113043478260867758e+01 2.347919556171982336e+01 1.552595194922936805e+01 7.207488622258996891e+00 8.360693769332744552e+00 9.823604949801540087e+00 2.160863597972971917e+01 3.199596774193546977e+01 2.656830158086743765e+01 2.785467980295565482e+01 6.141666666666662167e+01 3.478566282420748479e+01 2.252648532569792295e+01 2.676086956521738358e+01 4.976470588235292780e+01 7.029166666666662877e+01 0.000000000000000000e+00 0.000000000000000000e+00 6.649999999999998579e+01 0.000000000000000000e+00 0.000000000000000000e+00 5.500000000000000000e+01 5.219999999999998863e+01 4.024999999999997868e+01 5.850000000000003553e+01 4.358018867924526774e+01 3.556170886075948090e+01 9.800000000000000000e+01 7.372857142857139934e+01 7.310526315789471141e+01 7.949999999999995737e+01 7.124999999999994316e+01 0.000000000000000000e+00 1.064999999999999005e+02 2.902380952380951129e+01 2.675906735751294008e+01 3.926785714285711748e+01 0.000000000000000000e+00 5.012499999999997158e+01 0.000000000000000000e+00 3.799999999999997868e+01 3.198611111111110006e+01 4.792857142857143060e+01 0.000000000000000000e+00 0.000000000000000000e+00 5.099999999999994316e+01 0.000000000000000000e+00 3.850000000000000000e+01 5.816666666666657903e+01 4.487499999999997158e+01 0.000000000000000000e+00 4.600000000000000000e+01 0.000000000000000000e+00 0.000000000000000000e+00 5.899999999999990763e+01 2.786956521739129045e+01 2.849999999999998224e+01 4.270000000000000284e+01 0.000000000000000000e+00 0.000000000000000000e+00 0.000000000000000000e+00 0.000000000000000000e+00 0.000000000000000000e+00 0.000000000000000000e+00 0.000000000000000000e+00 0.000000000000000000e+00 0.000000000000000000e+00 0.000000000000000000e+00 0.000000000000000000e+00 0.000000000000000000e+00 0.000000000000000000e+00 0.000000000000000000e+00 7.849999999999992895e+01 0.000000000000000000e+00 0.000000000000000000e+00 0.000000000000000000e+00 0.000000000000000000e+00 4.108333333333330728e+01 4.614285714285711038e+01 3.949999999999997158e+01 0.000000000000000000e+00 0.000000000000000000e+00 0.000000000000000000e+00 0.000000000000000000e+00 4.149999999999998579e+01 8.149999999999997158e+01
0.000000000000000000e+00 0.000000000000000000e+00 0.000000000000000000e+00 5.019999999999998863e+01 4.016265060240962725e+01 2.973295454545453609e+01 2.031468531468530969e+01 9.823604949801540087e+00 1.134072954592292426e+01 1.902639930755913866e+01 2.145248380129589805e+01 3.174693877551019483e+01 9.293555093555090352e+00 5.969565217391303236e+01 2.056889204545453609e+01 3.230592991913746914e+01 2.697494305239180079e+01 5.257999999999996987e+01 5.914999999999997726e+01 0.000000000000000000e+00 0.000000000000000000e+00 0.000000000000000000e+00 0.000000000000000000e+00 0.000000000000000000e+00 3.300000000000000711e+01 3.749999999999997868e+01 3.077272727272727337e+01 3.699999999999997868e+01 2.477756653992394931e+01 2.342303969022264454e+01 6.661111111111108585e+01 6.544444444444441444e+01 6.667499999999998295e+01 8.849999999999998579e+01 7.160000000000002274e+01 0.000000000000000000e+00 9.049999999999998579e+01 2.230187573270809054e+01 1.569265617548879277e+01 2.321052631578946901e+01 0.000000000000000000e+00 3.199999999999999645e+01 0.000000000000000000e+00 3.470833333333332860e+01 4.255357142857143060e+01 3.230769230769230660e+01 0.000000000000000000e+00 7.725000000000000000e+01 5.249999999999998579e+01 0.000000000000000000e+00 0.000000000000000000e+00 4.631249999999998579e+01 4.858333333333327886e+01 0.000000000000000000e+00 4.666666666666662167e+01 0.000000000000000000e+00 0.000000000000000000e+00 0.000000000000000000e+00 4.656249999999997158e+01 3.117857142857142705e+01 4.066666666666665009e+01 0.000000000000000000e+00 0.000000000000000000e+00 0.000000000000000000e+00 0.000000000000000000e+00 0.000000000000000000e+00 0.000000000000000000e+00 0.000000000000000000e+00 0.000000000000000000e+00 0.000000000000000000e+00 0.000000000000000000e+00 0.000000000000000000e+00 0.000000000000000000e+00 0.000000000000000000e+00 9.799999999999992895e+01 7.349999999999995737e+01 0.000000000000000000e+00 0.000000000000000000e+00 0.000000000000000000e+00 0.000000000000000000e+00 3.762499999999997868e+01 5.366666666666665009e+01 0.000000000000000000e+00 0.000000000000000000e+00 5.299999999999998579e+01 0.000000000000000000e+00 0.000000000000000000e+00 0.000000000000000000e+00 0.000000000000000000e+00
0.000000000000000000e+00 0.000000000000000000e+00 0.000000000000000000e+00 1.179492187499999467e+01 1.711634671320534551e+01 1.667941546636833294e+01 1.092219917012447716e+01 2.160863597972971917e+01 1.902639930755913866e+01 1.277159716236822895e+01 1.841612106238418178e+01 1.757224499448209798e+01 4.344463971880489339e+01 4.886211340206183706e+01 2.719251336898394200e+01 2.488474240422720385e+01 2.294627808988763107e+01 4.563216957605983026e+01 6.059345794392521611e+01 6.849999999999995737e+01 8.484615384615383959e+01 5.899999999999998579e+01 1.012499999999999716e+02 1.081666666666666430e+02 7.899999999999998579e+01 7.909999999999999432e+01 7.937499999999998579e+01 8.133333333333331439e+01 5.941158536585363947e+01 5.225966850828726962e+01 6.701680672268905425e+01 6.702172459893046153e+01 6.540497076023389411e+01 7.289473684210524596e+01 7.854794520547942227e+01 8.824999999999997158e+01 8.879999999999999716e+01 2.272292843691147368e+01 2.689381058911258648e+01 4.007967032967031429e+01 0.000000000000000000e+00 4.063333333333333286e+01 7.199999999999997158e+01 5.509999999999998721e+01 3.397572815533979451e+01 4.511904761904760619e+01 0.000000000000000000e+00 8.399999999999998579e+01 5.187499999999997158e+01 0.000000000000000000e+00 4.249999999999995026e+01 4.714999999999995595e+01 4.941999999999996618e+01 5.081818181818177749e+01 5.296874999999996447e+01 6.874999999999998579e+01 0.000000000000000000e+00 0.000000000000000000e+00 3.313999999999997925e+01 2.980769230769228528e+01 4.853846153846151168e+01 0.000000000000000000e+00 0.000000000000000000e+00 0.000000000000000000e+00 0.000000000000000000e+00 0.000000000000000000e+00 0.000000000000000000e+00 0.000000000000000000e+00 0.000000000000000000e+00 0.000000000000000000e+00 0.000000000000000000e+00 0.000000000000000000e+00 0.000000000000000000e+00 0.000000000000000000e+00 0.000000000000000000e+00 7.499999999999998579e+01 0.000000000000000000e+00 0.000000000000000000e+00 0.000000000000000000e+00 0.000000000000000000e+00 4.066666666666665719e+01 5.146774193548384346e+01 5.724999999999994316e+01 0.000000000000000000e+00 0.000000000000000000e+00 0.000000000000000000e+00 0.000000000000000000e+00 4.162499999999997158e+01 0.000000000000000000e+00
0.000000000000000000e+00 0.000000000000000000e+00 0.000000000000000000e+00 4.474999999999998579e+01 4.246341463414633211e+01 3.966513761467887633e+01 4.095833333333331439e+01 3.199596774193546977e+01 2.145248380129589805e+01 1.841612106238418178e+01 1.283360014636600610e+01 1.938349514563106624e+01 1.597754977651361230e+01 3.786363636363636687e+01 2.111471321695760750e+01 3.863243243243240954e+01 2.459043659043658181e+01 2.724281984334202633e+01 4.693846153846153868e+01 7.525000000000000000e+01 6.802985074626865014e+01 5.645454545454544615e+01 7.828571428571429180e+01 6.537499999999998579e+01 6.540625000000000000e+01 5.522413793103448398e+01 4.822222222222222143e+01 4.697023809523809490e+01 3.180547945205479365e+01 3.134295911745619634e+01 4.942461669505962618e+01 4.824209245742092378e+01 4.601943699731903337e+01 5.752884615384615330e+01 6.071685082872928518e+01 6.413750000000000284e+01 5.805186721991701404e+01 2.030305755395682965e+01 2.172493403693931313e+01 2.717032967032967150e+01 0.000000000000000000e+00 3.118333333333332646e+01 6.338333333333331865e+01 3.683098591549295264e+01 4.977777777777776436e+01 3.473720930232557436e+01 0.000000000000000000e+00 0.000000000000000000e+00 5.149999999999993605e+01 0.000000000000000000e+00 0.000000000000000000e+00 0.000000000000000000e+00 5.174999999999995737e+01 4.824999999999997868e+01 5.016666666666664298e+01 4.849999999999996447e+01 3.500000000000000711e+01 0.000000000000000000e+00 5.037499999999997158e+01 3.090909090909089230e+01 3.001923076923075229e+01 4.824999999999997868e+01 0.000000000000000000e+00 0.000000000000000000e+00 0.000000000000000000e+00 0.000000000000000000e+00 0.000000000000000000e+00 0.000000000000000000e+00 0.000000000000000000e+00 0.000000000000000000e+00 0.000000000000000000e+00 0.000000000000000000e+00 0.000000000000000000e+00 7.049999999999994316e+01 0.000000000000000000e+00 5.024999999999996447e+01 0.000000000000000000e+00 0.000000000000000000e+00 0.000000000000000000e+00 0.000000000000000000e+00 3.624999999999996447e+01 4.596428571428567977e+01 4.424999999999999289e+01 0.000000000000000000e+00 4.633333333333329307e+01 6.849999999999998579e+01 7.149999999999997158e+01 0.000000000000000000e+00 5.900000000000000000e+01
0.000000000000000000e+00 0.000000000000000000e+00 0.000000000000000000e+00 7.616843033509700156e+00 2.020976541189306275e+01 2.803873781426371536e+01 3.320731707317072789e+01 2.656830158086743765e+01 3.174693877551019483e+01 1.757224499448209798e+01 1.938349514563106624e+01 1.591941504418834263e+01 2.680669626341101264e+01 1.888828502415458388e+01 2.749225663716813628e+01 2.484065244667502270e+01 1.910568862275448154e+01 2.617036828788303993e+01 4.497327249022164608e+01 0.000000000000000000e+00 7.075000000000000000e+01 7.116666666666667140e+01 0.000000000000000000e+00 5.899999999999998579e+01 5.800000000000001421e+01 5.176666666666666572e+01 4.149999999999999289e+01 5.039999999999999858e+01 3.935326633165828270e+01 4.167050209205020650e+01 5.418224299065420269e+01 4.946163499462172553e+01 4.473268625393494347e+01 5.179032258064515304e+01 6.510227272727273373e+01 6.116666666666665009e+01 6.917857142857143060e+01 2.387911095048788113e+01 2.771861471861470960e+01 3.171339387060158899e+01 0.000000000000000000e+00 3.351363636363636545e+01 6.012500000000001421e+01 4.308888888888888857e+01 4.354362416107381506e+01 3.904192546583850998e+01 0.000000000000000000e+00 5.449999999999993605e+01 4.474999999999995737e+01 0.000000000000000000e+00 4.674999999999992895e+01 4.226470588235290649e+01 4.858749999999996305e+01 4.787499999999997868e+01 1.507471264367815422e+01 5.529999999999996874e+01 2.316666666666667140e+01 6.079999999999996874e+01 2.857594936708858313e+01 2.804729729729728405e+01 2.548305084745761917e+01 5.470833333333329307e+01 0.000000000000000000e+00 0.000000000000000000e+00 0.000000000000000000e+00 0.000000000000000000e+00 0.000000000000000000e+00 0.000000000000000000e+00 0.000000000000000000e+00 0.000000000000000000e+00 0.000000000000000000e+00 6.050000000000002842e+01 6.966666666666664298e+01 0.000000000000000000e+00 9.000000000000000000e+01 4.859090909090907928e+01 0.000000000000000000e+00 0.000000000000000000e+00 0.000000000000000000e+00 0.000000000000000000e+00 3.893333333333331581e+01 4.980597014925370303e+01 4.966666666666667851e+01 0.000000000000000000e+00 4.737499999999997868e+01 0.000000000000000000e+00 5.749999999999999289e+01 4.633333333333328596e+01 5.300000000000000711e+01
0.000000000000000000e+00 0.000000000000000000e+00 0.000000000000000000e+00 5.149999999999999289e+01 5.889285714285712459e+01 6.055999999999997385e+01 5.235714285714283989e+01 2.785467980295565482e+01 9.293555093555090352e+00 4.344463971880489339e+01 1.597754977651361230e+01 2.680669626341101264e+01 1.314193518215404843e+01 7.864386557963809921e+00 2.556285310734464034e+01 5.667054263565889727e+01 3.871538461538460041e+01 1.987402452619843629e+01 3.772633744855966853e+01 5.295454545454544615e+01 6.145930232558139750e+01 5.752857142857143202e+01 6.321428571428571530e+01 5.818965517241377938e+01 4.667708333333333570e+01 2.789479905437352159e+01 3.989682539682540607e+01 4.485858585858586167e+01 1.720386705871870348e+01 2.659321827904715718e+01 4.720076726342711027e+01 3.769484536082474335e+01 3.575771971496437374e+01 5.338750000000000284e+01 5.948341836734693544e+01 6.003125000000000000e+01 5.813240418118466835e+01 2.498345398138572904e+01 2.571874575811050079e+01 3.004180303481107828e+01 0.000000000000000000e+00 2.889779005524862399e+01 4.557727272727272805e+01 3.823121131741821443e+01 5.999999999999999289e+01 3.555379513633015165e+01 0.000000000000000000e+00 0.000000000000000000e+00 0.000000000000000000e+00 0.000000000000000000e+00 0.000000000000000000e+00 0.000000000000000000e+00 5.999999999999997158e+01 5.287499999999998579e+01 6.324999999999998579e+01 5.516666666666661456e+01 0.000000000000000000e+00 0.000000000000000000e+00 6.374999999999997158e+01 4.900000000000000000e+01 3.309999999999995879e+01 2.950000000000000355e+01 0.000000000000000000e+00 0.000000000000000000e+00 0.000000000000000000e+00 0.000000000000000000e+00 0.000000000000000000e+00 0.000000000000000000e+00 0.000000000000000000e+00 0.000000000000000000e+00 0.000000000000000000e+00 5.800000000000000000e+01 5.224999999999996447e+01 0.000000000000000000e+00 0.000000000000000000e+00 4.849999999999997158e+01 0.000000000000000000e+00 0.000000000000000000e+00 0.000000000000000000e+00 0.000000000000000000e+00 4.649999999999996447e+01 5.074999999999998579e+01 4.449999999999997158e+01 0.000000000000000000e+00 0.000000000000000000e+00 0.000000000000000000e+00 5.949999999999997158e+01 0.000000000000000000e+00 0.000000000000000000e+00
0.000000000000000000e+00 0.000000000000000000e+00 0.000000000000000000e+00 6.512499999999997158e+01 5.691011235955053849e+01 6.146385542168672345e+01 0.000000000000000000e+00 6.141666666666662167e+01 5.969565217391303236e+01 4.886211340206183706e+01 3.786363636363636687e+01 1.888828502415458388e+01 7.864386557963809921e+00 1.069831697054698338e+01 2.894444444444444997e+01 5.190532544378696400e+01 4.235555555555553298e+01 1.687499999999999645e+01 2.378750000000000142e+01 4.899999999999998579e+01 0.000000000000000000e+00 0.000000000000000000e+00 0.000000000000000000e+00 4.949999999999997158e+01 0.000000000000000000e+00 0.000000000000000000e+00 0.000000000000000000e+00 0.000000000000000000e+00 1.052266599258510205e+01 3.326666666666667282e+01 5.550000000000000000e+01 1.607529411764705785e+01 1.493143812709030094e+01 0.000000000000000000e+00 6.000000000000001421e+01 0.000000000000000000e+00 9.800000000000001421e+01 4.035365853658534974e+01 4.376562499999998579e+01 3.594230769230769340e+01 0.000000000000000000e+00 2.675000000000000355e+01 3.150000000000000355e+01 4.212500000000000000e+01 6.849999999999998579e+01 3.554347826086956275e+01 0.000000000000000000e+00 0.000000000000000000e+00 8.250000000000000000e+01 0.000000000000000000e+00 0.000000000000000000e+00 0.000000000000000000e+00 6.650000000000001421e+01 0.000000000000000000e+00 0.000000000000000000e+00 4.000000000000000711e+01 0.000000000000000000e+00 0.000000000000000000e+00 5.749999999999998579e+01 5.599999999999996447e+01 3.683333333333332149e+01 4.199999999999999289e+01 0.000000000000000000e+00 0.000000000000000000e+00 0.000000000000000000e+00 0.000000000000000000e+00 0.000000000000000000e+00 0.000000000000000000e+00 0.000000000000000000e+00 0.000000000000000000e+00 0.000000000000000000e+00 0.000000000000000000e+00 0.000000000000000000e+00 0.000000000000000000e+00 0.000000000000000000e+00 0.000000000000000000e+00 0.000000000000000000e+00 0.000000000000000000e+00 0.000000000000000000e+00 0.000000000000000000e+00 5.549999999999994316e+01 4.399999999999997158e+01 0.000000000000000000e+00 0.000000000000000000e+00 0.000000000000000000e+00 0.000000000000000000e+00 0.000000000000000000e+00 0.000000000000000000e+00 0.000000000000000000e+00
0.000000000000000000e+00 0.000000000000000000e+00 0.000000000000000000e+00 4.024999999999995026e+01 2.452999999999999048e+01 2.061839530332680326e+01 3.938888888888887152e+01 3.478566282420748479e+01 2.056889204545453609e+01 2.719251336898394200e+01 2.111471321695760750e+01 2.749225663716813628e+01 2.556285310734464034e+01 2.894444444444444997e+01 1.035214723926380032e+01 3.855555555555554292e+01 3.273214285714284699e+01 3.312068965517241281e+01 2.541197822141560181e+01 1.512251655629138547e+01 3.478365384615383249e+01 3.066447368421050967e+01 2.446753246753246813e+01 1.681391304347825155e+01 2.283116883116883145e+01 2.132592242194891341e+01 2.041022964509393844e+01 2.863888888888888573e+01 2.137227805695142280e+01 2.052644964394709604e+01 4.292103293413172338e+01 3.317701421800947514e+01 3.490938864628819971e+01 5.133999999999998920e+01 5.129322766570604841e+01 5.349999999999998579e+01 4.754395604395604380e+01 2.828787878787877830e+01 7.754360465116277190e+00 1.767045454545454675e+01 0.000000000000000000e+00 2.310380779691748998e+01 1.313794326241134769e+01 1.116727716727717024e+01 3.808333333333330728e+01 2.185556994818652754e+01 0.000000000000000000e+00 0.000000000000000000e+00 0.000000000000000000e+00 0.000000000000000000e+00 0.000000000000000000e+00 0.000000000000000000e+00 4.600000000000000000e+01 0.000000000000000000e+00 5.099999999999995737e+01 0.000000000000000000e+00 0.000000000000000000e+00 0.000000000000000000e+00 0.000000000000000000e+00 4.224999999999994316e+01 8.350000000000001421e+01 3.549999999999998579e+01 0.000000000000000000e+00 0.000000000000000000e+00 0.000000000000000000e+00 0.000000000000000000e+00 6.699999999999998579e+01 0.000000000000000000e+00 0.000000000000000000e+00 0.000000000000000000e+00 0.000000000000000000e+00 7.549999999999995737e+01 4.233333333333329307e+01 6.449999999999997158e+01 6.350000000000000000e+01 4.029999999999999005e+01 0.000000000000000000e+00 0.000000000000000000e+00 0.000000000000000000e+00 0.000000000000000000e+00 0.000000000000000000e+00 4.999999999999997158e+01 0.000000000000000000e+00 0.000000000000000000e+00 6.149999999999997868e+01 3.633333333333332860e+01 8.650000000000001421e+01 1.799999999999997158e+01 0.000000000000000000e+00
0.000000000000000000e+00 0.000000000000000000e+00 0.000000000000000000e+00 2.665625000000000000e+01 1.416069489685124161e+01 2.124217118997911413e+01 2.862499999999998934e+01 2.252648532569792295e+01 3.230592991913746914e+01 2.488474240422720385e+01 3.863243243243240954e+01 2.484065244667502270e+01 5.667054263565889727e+01 5.190532544378696400e+01 3.855555555555554292e+01 7.875850739263081657e+00 1.476686897536593612e+01 3.914565527065524719e+01 5.362956033676331202e+01 0.000000000000000000e+00 0.000000000000000000e+00 0.000000000000000000e+00 0.000000000000000000e+00 0.000000000000000000e+00 5.900000000000002132e+01 8.437499999999998579e+01 7.400000000000001421e+01 8.399999999999995737e+01 6.646323529411762365e+01 7.224324324324321367e+01 7.767857142857143060e+01 7.027564102564100779e+01 5.726145038167936008e+01 0.000000000000000000e+00 9.224999999999997158e+01 0.000000000000000000e+00 1.032499999999999716e+02 1.585950044603032438e+01 2.467038068709376120e+01 4.424666666666665549e+01 0.000000000000000000e+00 5.724999999999997158e+01 5.449999999999993605e+01 7.109090909090906507e+01 1.046632782719185784e+01 5.607894736842102645e+01 0.000000000000000000e+00 0.000000000000000000e+00 3.030769230769228173e+01 0.000000000000000000e+00 3.999999999999997868e+01 5.325000000000001421e+01 4.039130434782603629e+01 5.459999999999996589e+01 4.222222222222218591e+01 6.283333333333330728e+01 0.000000000000000000e+00 5.449999999999997868e+01 2.146052631578946190e+01 1.808974358974358410e+01 3.609523809523807358e+01 4.799999999999997158e+01 0.000000000000000000e+00 0.000000000000000000e+00 0.000000000000000000e+00 0.000000000000000000e+00 0.000000000000000000e+00 0.000000000000000000e+00 0.000000000000000000e+00 0.000000000000000000e+00 0.000000000000000000e+00 0.000000000000000000e+00 6.674999999999994316e+01 0.000000000000000000e+00 7.219999999999996021e+01 6.099999999999996447e+01 0.000000000000000000e+00 0.000000000000000000e+00 0.000000000000000000e+00 0.000000000000000000e+00 2.345454545454541773e+01 3.663157894736841058e+01 5.449999999999996447e+01 0.000000000000000000e+00 0.000000000000000000e+00 0.000000000000000000e+00 0.000000000000000000e+00 2.285714285714284344e+01 2.950000000000000000e+01
0.000000000000000000e+00 0.000000000000000000e+00 0.000000000000000000e+00 3.437499999999998579e+01 3.063358778625952894e+01 3.738053097345131448e+01 3.879166666666665719e+01 2.676086956521738358e+01 2.697494305239180079e+01 2.294627808988763107e+01 2.459043659043658181e+01 1.910568862275448154e+01 3.871538461538460041e+01 4.235555555555553298e+01 3.273214285714284699e+01 1.476686897536593612e+01 8.897402597402590985e+00 1.776076993583867392e+01 3.560028248587569522e+01 0.000000000000000000e+00 0.000000000000000000e+00 0.000000000000000000e+00 0.000000000000000000e+00 0.000000000000000000e+00 0.000000000000000000e+00 8.599999999999995737e+01 0.000000000000000000e+00 0.000000000000000000e+00 4.671621621621620335e+01 5.054999999999997584e+01 7.833333333333334281e+01 5.487671232876711258e+01 3.713553113553112439e+01 0.000000000000000000e+00 7.270000000000000284e+01 0.000000000000000000e+00 9.133333333333332860e+01 1.736224489795917592e+01 2.374165769644778479e+01 2.978571428571427404e+01 0.000000000000000000e+00 3.289999999999998437e+01 8.499999999999998579e+01 6.499999999999994316e+01 3.390322580645160855e+01 3.376923076923077360e+01 0.000000000000000000e+00 3.499999999999997158e+01 3.818749999999996447e+01 0.000000000000000000e+00 0.000000000000000000e+00 2.552777777777775015e+01 2.960204081632650386e+01 3.019444444444442510e+01 2.548936170212764551e+01 4.349999999999996447e+01 1.449999999999998401e+01 4.024999999999996447e+01 2.218421052631578405e+01 1.388541666666666252e+01 1.308088235294116863e+01 3.678571428571427759e+01 0.000000000000000000e+00 0.000000000000000000e+00 0.000000000000000000e+00 0.000000000000000000e+00 0.000000000000000000e+00 0.000000000000000000e+00 0.000000000000000000e+00 0.000000000000000000e+00 0.000000000000000000e+00 0.000000000000000000e+00 5.099999999999997158e+01 0.000000000000000000e+00 5.800000000000000000e+01 3.719999999999996732e+01 0.000000000000000000e+00 0.000000000000000000e+00 0.000000000000000000e+00 0.000000000000000000e+00 2.077272727272726272e+01 3.484042553191488167e+01 4.099999999999997868e+01 0.000000000000000000e+00 0.000000000000000000e+00 4.500000000000005684e+01 0.000000000000000000e+00 3.524999999999999289e+01 4.999999999999998579e+01
