0.000000000000000000e+00 0.000000000000000000e+00 0.000000000000000000e+00 0.000000000000000000e+00 0.000000000000000000e+00 0.000000000000000000e+00 0.000000000000000000e+00 0.000000000000000000e+00 0.000000000000000000e+00 0.000000000000000000e+00 0.000000000000000000e+00 0.000000000000000000e+00 0.000000000000000000e+00 0.000000000000000000e+00 0.000000000000000000e+00 0.000000000000000000e+00 0.000000000000000000e+00 0.000000000000000000e+00 0.000000000000000000e+00 0.000000000000000000e+00 0.000000000000000000e+00 0.000000000000000000e+00 0.000000000000000000e+00 0.000000000000000000e+00 0.000000000000000000e+00 0.000000000000000000e+00 0.000000000000000000e+00 0.000000000000000000e+00 0.000000000000000000e+00 0.000000000000000000e+00 0.000000000000000000e+00 0.000000000000000000e+00 0.000000000000000000e+00 0.000000000000000000e+00 0.000000000000000000e+00 0.000000000000000000e+00 0.000000000000000000e+00 0.000000000000000000e+00 0.000000000000000000e+00 0.000000000000000000e+00 0.000000000000000000e+00 0.000000000000000000e+00 0.000000000000000000e+00 0.000000000000000000e+00 0.000000000000000000e+00 0.000000000000000000e+00 0.000000000000000000e+00 0.000000000000000000e+00 0.000000000000000000e+00 0.000000000000000000e+00 0.000000000000000000e+00 0.000000000000000000e+00 0.000000000000000000e+00 0.000000000000000000e+00 0.000000000000000000e+00 0.000000000000000000e+00 0.000000000000000000e+00 0.000000000000000000e+00 0.000000000000000000e+00 0.000000000000000000e+00 0.000000000000000000e+00 0.000000000000000000e+00 0.000000000000000000e+00 0.000000000000000000e+00 0.000000000000000000e+00 0.000000000000000000e+00 0.000000000000000000e+00 0.000000000000000000e+00 0.000000000000000000e+00 0.000000000000000000e+00 0.000000000000000000e+00 0.000000000000000000e+00 0.000000000000000000e+00 0.000000000000000000e+00 0.000000000000000000e+00 0.000000000000000000e+00 0.000000000000000000e+00 0.000000000000000000e+00 0.000000000000000000e+00 0.000000000000000000e+00 0.000000000000000000e+00 0.000000000000000000e+00 0.000000000000000000e+00 0.000000000000000000e+00 0.000000000000000000e+00 0.000000000000000000e+00 0.000000000000000000e+00 0.000000000000000000e+00 0.000000000000000000e+00
0.000000000000000000e+00 0.000000000000000000e+00 0.000000000000000000e+00 0.000000000000000000e+00 0.000000000000000000e+00 0.000000000000000000e+00 0.000000000000000000e+00 0.000000000000000000e+00 0.000000000000000000e+00 0.000000000000000000e+00 0.000000000000000000e+00 0.000000000000000000e+00 0.000000000000000000e+00 0.000000000000000000e+00 0.000000000000000000e+00 0.000000000000000000e+00 0.000000000000000000e+00 0.000000000000000000e+00 0.000000000000000000e+00 0.000000000000000000e+00 0.000000000000000000e+00 0.000000000000000000e+00 0.000000000000000000e+00 0.000000000000000000e+00 0.000000000000000000e+00 0.000000000000000000e+00 0.000000000000000000e+00 0.000000000000000000e+00 0.000000000000000000e+00 0.000000000000000000e+00 0.000000000000000000e+00 0.000000000000000000e+00 0.000000000000000000e+00 0.000000000000000000e+00 0.000000000000000000e+00 0.000000000000000000e+00 0.000000000000000000e+00 0.000000000000000000e+00 0.000000000000000000e+00 0.000000000000000000e+00 0.000000000000000000e+00 0.000000000000000000e+00 0.000000000000000000e+00 0.000000000000000000e+00 0.000000000000000000e+00 0.000000000000000000e+00 0.000000000000000000e+00 0.000000000000000000e+00 0.000000000000000000e+00 0.000000000000000000e+00 0.000000000000000000e+00 0.000000000000000000e+00 0.000000000000000000e+00 0.000000000000000000e+00 0.000000000000000000e+00 0.000000000000000000e+00 0.000000000000000000e+00 0.000000000000000000e+00 0.000000000000000000e+00 0.000000000000000000e+00 0.000000000000000000e+00 0.000000000000000000e+00 0.000000000000000000e+00 0.000000000000000000e+00 0.000000000000000000e+00 0.000000000000000000e+00 0.000000000000000000e+00 0.000000000000000000e+00 0.000000000000000000e+00 0.000000000000000000e+00 0.000000000000000000e+00 0.000000000000000000e+00 0.000000000000000000e+00 0.000000000000000000e+00 0.000000000000000000e+00 0.000000000000000000e+00 0.000000000000000000e+00 0.000000000000000000e+00 0.000000000000000000e+00 0.000000000000000000e+00 0.000000000000000000e+00 0.000000000000000000e+00 0.000000000000000000e+00 0.000000000000000000e+00 0.000000000000000000e+00 0.000000000000000000e+00 0.000000000000000000e+00 0.000000000000000000e+00 0.000000000000000000e+00
0.000000000000000000e+00 0.000000000000000000e+00 0.000000000000000000e+00 0.000000000000000000e+00 0.000000000000000000e+00 0.000000000000000000e+00 0.000000000000000000e+00 0.000000000000000000e+00 0.000000000000000000e+00 0.000000000000000000e+00 0.000000000000000000e+00 0.000000000000000000e+00 0.000000000000000000e+00 0.000000000000000000e+00 0.000000000000000000e+00 0.000000000000000000e+00 0.000000000000000000e+00 0.000000000000000000e+00 0.000000000000000000e+00 0.000000000000000000e+00 0.000000000000000000e+00 0.000000000000000000e+00 0.000000000000000000e+00 0.000000000000000000e+00 0.000000000000000000e+00 0.000000000000000000e+00 0.000000000000000000e+00 0.000000000000000000e+00 0.000000000000000000e+00 0.000000000000000000e+00 0.000000000000000000e+00 0.000000000000000000e+00 0.000000000000000000e+00 0.000000000000000000e+00 0.000000000000000000e+00 0.000000000000000000e+00 0.000000000000000000e+00 0.000000000000000000e+00 0.000000000000000000e+00 0.000000000000000000e+00 0.000000000000000000e+00 0.000000000000000000e+00 0.000000000000000000e+00 0.000000000000000000e+00 0.000000000000000000e+00 0.000000000000000000e+00 0.000000000000000000e+00 0.000000000000000000e+00 0.000000000000000000e+00 0.000000000000000000e+00 0.000000000000000000e+00 0.000000000000000000e+00 0.000000000000000000e+00 0.000000000000000000e+00 0.000000000000000000e+00 0.000000000000000000e+00 0.000000000000000000e+00 0.000000000000000000e+00 0.000000000000000000e+00 0.000000000000000000e+00 0.000000000000000000e+00 0.000000000000000000e+00 0.000000000000000000e+00 0.000000000000000000e+00 0.000000000000000000e+00 0.000000000000000000e+00 0.000000000000000000e+00 0.000000000000000000e+00 0.000000000000000000e+00 0.000000000000000000e+00 0.000000000000000000e+00 0.000000000000000000e+00 0.000000000000000000e+00 0.000000000000000000e+00 0.000000000000000000e+00 0.000000000000000000e+00 0.000000000000000000e+00 0.000000000000000000e+00 0.000000000000000000e+00 0.000000000000000000e+00 0.000000000000000000e+00 0.000000000000000000e+00 0.000000000000000000e+00 0.000000000000000000e+00 0.000000000000000000e+00 0.000000000000000000e+00 0.000000000000000000e+00 0.000000000000000000e+00 0.000000000000000000e+00
0.000000000000000000e+00 0.000000000000000000e+00 0.000000000000000000e+00 6.180000000000000000e+02 1.373000000000000000e+03 1.115000000000000000e+03 2.000000000000000000e+00 2.200000000000000000e+01 2.000000000000000000e+00 2.220000000000000000e+02 2.000000000000000000e+00 1.077000000000000000e+03 1.000000000000000000e+00 0.000000000000000000e+00 7.000000000000000000e+00 5.000000000000000000e+00 2.000000000000000000e+00 0.000000000000000000e+00 0.000000000000000000e+00 0.000000000000000000e+00 0.000000000000000000e+00 0.000000000000000000e+00 0.000000000000000000e+00 0.000000000000000000e+00 0.000000000000000000e+00 0.000000000000000000e+00 0.000000000000000000e+00 0.000000000000000000e+00 0.000000000000000000e+00 0.000000000000000000e+00 0.000000000000000000e+00 1.000000000000000000e+00 1.000000000000000000e+00 0.000000000000000000e+00 0.000000000000000000e+00 0.000000000000000000e+00 0.000000000000000000e+00 5.600000000000000000e+01 1.790000000000000000e+02 1.000000000000000000e+00 0.000000000000000000e+00 0.000000000000000000e+00 0.000000000000000000e+00 0.000000000000000000e+00 2.000000000000000000e+00 0.000000000000000000e+00 0.000000000000000000e+00 0.000000000000000000e+00 0.000000000000000000e+00 0.000000000000000000e+00 0.000000000000000000e+00 0.000000000000000000e+00 1.000000000000000000e+00 0.000000000000000000e+00 0.000000000000000000e+00 0.000000000000000000e+00 0.000000000000000000e+00 0.000000000000000000e+00 2.000000000000000000e+00 0.000000000000000000e+00 0.000000000000000000e+00 0.000000000000000000e+00 0.000000000000000000e+00 0.000000000000000000e+00 0.000000000000000000e+00 0.000000000000000000e+00 0.000000000000000000e+00 0.000000000000000000e+00 0.000000000000000000e+00 0.000000000000000000e+00 0.000000000000000000e+00 0.000000000000000000e+00 0.000000000000000000e+00 0.000000000000000000e+00 0.000000000000000000e+00 0.000000000000000000e+00 0.000000000000000000e+00 0.000000000000000000e+00 0.000000000000000000e+00 0.000000000000000000e+00 0.000000000000000000e+00 0.000000000000000000e+00 0.000000000000000000e+00 0.000000000000000000e+00 0.000000000000000000e+00 0.000000000000000000e+00 0.000000000000000000e+00 1.000000000000000000e+00 0.000000000000000000e+00
0.000000000000000000e+00 0.000000000000000000e+00 0.000000000000000000e+00 1.373000000000000000e+03 1.403900000000000000e+04 9.227000000000000000e+03 6.800000000000000000e+01 7.150000000000000000e+02 1.870000000000000000e+02 2.073000000000000000e+03 4.100000000000000000e+01 2.330000000000000000e+03 1.900000000000000000e+01 7.000000000000000000e+00 2.270000000000000000e+02 8.030000000000000000e+02 8.300000000000000000e+01 7.000000000000000000e+01 1.460000000000000000e+02 0.000000000000000000e+00 1.000000000000000000e+00 0.000000000000000000e+00 2.000000000000000000e+00 0.000000000000000000e+00 2.000000000000000000e+00 0.000000000000000000e+00 1.000000000000000000e+00 1.000000000000000000e+00 1.200000000000000000e+01 1.100000000000000000e+01 3.000000000000000000e+00 4.700000000000000000e+01 3.900000000000000000e+01 1.000000000000000000e+00 2.000000000000000000e+00 0.000000000000000000e+00 3.000000000000000000e+00 1.818000000000000000e+03 3.477000000000000000e+03 4.600000000000000000e+01 0.000000000000000000e+00 1.000000000000000000e+00 2.000000000000000000e+00 1.200000000000000000e+01 2.047000000000000000e+03 2.700000000000000000e+01 0.000000000000000000e+00 2.000000000000000000e+00 1.000000000000000000e+00 0.000000000000000000e+00 1.000000000000000000e+00 0.000000000000000000e+00 2.000000000000000000e+00 0.000000000000000000e+00 2.000000000000000000e+00 0.000000000000000000e+00 0.000000000000000000e+00 0.000000000000000000e+00 2.000000000000000000e+00 2.000000000000000000e+00 3.000000000000000000e+00 0.000000000000000000e+00 0.000000000000000000e+00 0.000000000000000000e+00 0.000000000000000000e+00 0.000000000000000000e+00 0.000000000000000000e+00 0.000000000000000000e+00 0.000000000000000000e+00 0.000000000000000000e+00 0.000000000000000000e+00 0.000000000000000000e+00 0.000000000000000000e+00 0.000000000000000000e+00 0.000000000000000000e+00 1.000000000000000000e+00 0.000000000000000000e+00 0.000000000000000000e+00 0.000000000000000000e+00 0.000000000000000000e+00 2.200000000000000000e+01 6.000000000000000000e+00 0.000000000000000000e+00 0.000000000000000000e+00 0.000000000000000000e+00 0.000000000000000000e+00 0.000000000000000000e+00 2.000000000000000000e+00 1.000000000000000000e+00
0.000000000000000000e+00 0.000000000000000000e+00 0.000000000000000000e+00 1.115000000000000000e+03 9.227000000000000000e+03 2.354400000000000000e+04 3.302000000000000000e+03 5.715000000000000000e+03 2.760000000000000000e+02 7.051000000000000000e+03 1.150000000000000000e+02 3.177000000000000000e+03 6.400000000000000000e+01 1.000000000000000000e+01 7.920000000000000000e+02 7.110000000000000000e+02 5.700000000000000000e+01 2.700000000000000000e+01 4.900000000000000000e+01 0.000000000000000000e+00 3.000000000000000000e+00 1.000000000000000000e+00 5.000000000000000000e+00 2.000000000000000000e+00 4.000000000000000000e+00 1.200000000000000000e+01 2.000000000000000000e+00 2.000000000000000000e+00 3.700000000000000000e+01 5.300000000000000000e+01 5.000000000000000000e+00 1.080000000000000000e+02 9.000000000000000000e+01 2.000000000000000000e+00 8.000000000000000000e+00 1.000000000000000000e+00 5.000000000000000000e+00 1.275000000000000000e+03 8.153000000000000000e+03 1.200000000000000000e+02 0.000000000000000000e+00 1.100000000000000000e+01 5.000000000000000000e+00 3.600000000000000000e+01 2.620000000000000000e+02 3.300000000000000000e+01 0.000000000000000000e+00 0.000000000000000000e+00 7.000000000000000000e+00 0.000000000000000000e+00 7.000000000000000000e+00 1.000000000000000000e+00 9.000000000000000000e+00 0.000000000000000000e+00 3.000000000000000000e+00 0.000000000000000000e+00 0.000000000000000000e+00 0.000000000000000000e+00 1.500000000000000000e+01 7.000000000000000000e+00 1.000000000000000000e+00 1.000000000000000000e+00 0.000000000000000000e+00 0.000000000000000000e+00 0.000000000000000000e+00 0.000000000000000000e+00 0.000000000000000000e+00 0.000000000000000000e+00 0.000000000000000000e+00 0.000000000000000000e+00 0.000000000000000000e+00 0.000000000000000000e+00 0.000000000000000000e+00 0.000000000000000000e+00 0.000000000000000000e+00 0.000000000000000000e+00 0.000000000000000000e+00 0.000000000000000000e+00 0.000000000000000000e+00 0.000000000000000000e+00 2.000000000000000000e+01 3.100000000000000000e+01 0.000000000000000000e+00 0.000000000000000000e+00 0.000000000000000000e+00 0.000000000000000000e+00 0.000000000000000000e+00 2.000000000000000000e+00 0.000000000000000000e+00
0.000000000000000000e+00 0.000000000000000000e+00 0.000000000000000000e+00 2.000000000000000000e+00 6.800000000000000000e+01 3.302000000000000000e+03 5.030000000000000000e+03 4.309000000000000000e+03 2.420000000000000000e+02 1.379000000000000000e+03 7.000000000000000000e+00 8.400000000000000000e+01 1.700000000000000000e+01 0.000000000000000000e+00 1.660000000000000000e+02 2.600000000000000000e+01 5.000000000000000000e+00 2.000000000000000000e+00 5.000000000000000000e+00 0.000000000000000000e+00 0.000000000000000000e+00 1.000000000000000000e+00 0.000000000000000000e+00 0.000000000000000000e+00 0.000000000000000000e+00 1.000000000000000000e+00 0.000000000000000000e+00 1.000000000000000000e+00 3.000000000000000000e+00 4.300000000000000000e+01 5.000000000000000000e+00 2.500000000000000000e+01 2.000000000000000000e+01 0.000000000000000000e+00 2.000000000000000000e+00 1.000000000000000000e+00 4.000000000000000000e+00 9.000000000000000000e+00 8.200000000000000000e+01 2.000000000000000000e+00 0.000000000000000000e+00 0.000000000000000000e+00 0.000000000000000000e+00 0.000000000000000000e+00 1.000000000000000000e+00 1.000000000000000000e+00 0.000000000000000000e+00 0.000000000000000000e+00 0.000000000000000000e+00 0.000000000000000000e+00 0.000000000000000000e+00 0.000000000000000000e+00 0.000000000000000000e+00 0.000000000000000000e+00 0.000000000000000000e+00 0.000000000000000000e+00 0.000000000000000000e+00 0.000000000000000000e+00 0.000000000000000000e+00 0.000000000000000000e+00 0.000000000000000000e+00 0.000000000000000000e+00 0.000000000000000000e+00 0.000000000000000000e+00 0.000000000000000000e+00 0.000000000000000000e+00 0.000000000000000000e+00 0.000000000000000000e+00 0.000000000000000000e+00 0.000000000000000000e+00 0.000000000000000000e+00 0.000000000000000000e+00 0.000000000000000000e+00 0.000000000000000000e+00 0.000000000000000000e+00 0.000000000000000000e+00 0.000000000000000000e+00 0.000000000000000000e+00 0.000000000000000000e+00 0.000000000000000000e+00 0.000000000000000000e+00 0.000000000000000000e+00 0.000000000000000000e+00 0.000000000000000000e+00 0.000000000000000000e+00 0.000000000000000000e+00 0.000000000000000000e+00 0.000000000000000000e+00 0.000000000000000000e+00
0.000000000000000000e+00 0.000000000000000000e+00 0.000000000000000000e+00 2.200000000000000000e+01 7.150000000000000000e+02 5.715000000000000000e+03 4.309000000000000000e+03 7.524000000000000000e+03 3.496000000000000000e+03 3.137000000000000000e+03 5.300000000000000000e+01 1.988000000000000000e+03 4.900000000000000000e+01 1.000000000000000000e+00 6.140000000000000000e+02 8.430000000000000000e+02 3.500000000000000000e+01 1.800000000000000000e+01 4.600000000000000000e+01 0.000000000000000000e+00 5.000000000000000000e+00 1.000000000000000000e+00 0.000000000000000000e+00 0.000000000000000000e+00 1.000000000000000000e+00 5.000000000000000000e+00 2.000000000000000000e+00 1.100000000000000000e+01 4.000000000000000000e+01 2.790000000000000000e+02 2.600000000000000000e+01 1.160000000000000000e+02 1.280000000000000000e+02 7.000000000000000000e+00 1.500000000000000000e+01 3.000000000000000000e+00 1.900000000000000000e+01 7.100000000000000000e+01 3.720000000000000000e+02 1.200000000000000000e+01 0.000000000000000000e+00 1.000000000000000000e+00 3.000000000000000000e+00 4.000000000000000000e+00 1.700000000000000000e+01 8.000000000000000000e+00 0.000000000000000000e+00 2.000000000000000000e+00 6.000000000000000000e+00 0.000000000000000000e+00 4.000000000000000000e+00 1.000000000000000000e+00 9.000000000000000000e+00 0.000000000000000000e+00 4.000000000000000000e+00 0.000000000000000000e+00 0.000000000000000000e+00 0.000000000000000000e+00 7.000000000000000000e+00 9.000000000000000000e+00 0.000000000000000000e+00 1.000000000000000000e+00 0.000000000000000000e+00 0.000000000000000000e+00 0.000000000000000000e+00 0.000000000000000000e+00 0.000000000000000000e+00 0.000000000000000000e+00 0.000000000000000000e+00 0.000000000000000000e+00 0.000000000000000000e+00 0.000000000000000000e+00 0.000000000000000000e+00 0.000000000000000000e+00 0.000000000000000000e+00 2.000000000000000000e+00 0.000000000000000000e+00 0.000000000000000000e+00 0.000000000000000000e+00 0.000000000000000000e+00 1.100000000000000000e+01 1.600000000000000000e+01 0.000000000000000000e+00 0.000000000000000000e+00 0.000000000000000000e+00 0.000000000000000000e+00 0.000000000000000000e+00 0.000000000000000000e+00 0.000000000000000000e+00
0.000000000000000000e+00 0.000000000000000000e+00 0.000000000000000000e+00 2.000000000000000000e+00 1.870000000000000000e+02 2.760000000000000000e+02 2.420000000000000000e+02 3.496000000000000000e+03 1.632200000000000000e+04 3.074000000000000000e+03 3.880000000000000000e+02 2.047000000000000000e+03 3.445000000000000000e+03 1.700000000000000000e+01 3.000000000000000000e+03 5.410000000000000000e+02 1.720000000000000000e+02 2.600000000000000000e+01 9.400000000000000000e+01 2.000000000000000000e+00 5.900000000000000000e+01 1.000000000000000000e+01 1.100000000000000000e+01 4.000000000000000000e+00 4.100000000000000000e+01 1.070000000000000000e+02 3.200000000000000000e+01 1.640000000000000000e+02 1.328000000000000000e+03 3.437000000000000000e+03 2.230000000000000000e+02 3.660000000000000000e+02 2.870000000000000000e+02 2.700000000000000000e+01 8.200000000000000000e+01 1.300000000000000000e+01 1.330000000000000000e+02 4.650000000000000000e+02 2.867000000000000000e+03 1.340000000000000000e+02 0.000000000000000000e+00 3.000000000000000000e+00 3.500000000000000000e+01 9.000000000000000000e+00 4.000000000000000000e+00 6.200000000000000000e+01 0.000000000000000000e+00 1.000000000000000000e+00 2.000000000000000000e+00 0.000000000000000000e+00 4.000000000000000000e+00 2.000000000000000000e+00 9.000000000000000000e+00 0.000000000000000000e+00 1.000000000000000000e+01 1.000000000000000000e+00 0.000000000000000000e+00 0.000000000000000000e+00 3.000000000000000000e+00 2.400000000000000000e+01 3.000000000000000000e+00 1.000000000000000000e+00 0.000000000000000000e+00 0.000000000000000000e+00 0.000000000000000000e+00 0.000000000000000000e+00 0.000000000000000000e+00 0.000000000000000000e+00 0.000000000000000000e+00 0.000000000000000000e+00 0.000000000000000000e+00 0.000000000000000000e+00 0.000000000000000000e+00 0.000000000000000000e+00 1.000000000000000000e+00 0.000000000000000000e+00 0.000000000000000000e+00 0.000000000000000000e+00 0.000000000000000000e+00 0.000000000000000000e+00 8.000000000000000000e+00 6.000000000000000000e+00 0.000000000000000000e+00 0.000000000000000000e+00 0.000000000000000000e+00 0.000000000000000000e+00 0.000000000000000000e+00 0.000000000000000000e+00 0.000000000000000000e+00
0.000000000000000000e+00 0.000000000000000000e+00 0.000000000000000000e+00 2.220000000000000000e+02 2.073000000000000000e+03 7.051000000000000000e+03 1.379000000000000000e+03 3.137000000000000000e+03 3.074000000000000000e+03 5.777800000000000000e+04 5.904000000000000000e+03 1.909200000000000000e+04 5.030000000000000000e+02 5.500000000000000000e+01 1.321000000000000000e+03 2.135000000000000000e+03 5.270000000000000000e+02 1.570000000000000000e+02 3.340000000000000000e+02 1.000000000000000000e+00 7.000000000000000000e+00 1.000000000000000000e+00 0.000000000000000000e+00 0.000000000000000000e+00 7.000000000000000000e+00 1.600000000000000000e+01 3.000000000000000000e+00 1.100000000000000000e+01 1.660000000000000000e+02 2.500000000000000000e+02 4.600000000000000000e+01 9.580000000000000000e+02 9.190000000000000000e+02 2.500000000000000000e+01 4.100000000000000000e+01 1.200000000000000000e+01 3.600000000000000000e+01 1.061000000000000000e+03 6.984000000000000000e+03 2.790000000000000000e+02 0.000000000000000000e+00 4.100000000000000000e+01 1.500000000000000000e+01 2.500000000000000000e+01 5.900000000000000000e+01 1.430000000000000000e+02 0.000000000000000000e+00 3.000000000000000000e+00 7.000000000000000000e+00 0.000000000000000000e+00 8.000000000000000000e+00 3.000000000000000000e+00 2.000000000000000000e+01 2.000000000000000000e+00 1.300000000000000000e+01 1.000000000000000000e+00 0.000000000000000000e+00 0.000000000000000000e+00 1.700000000000000000e+01 2.600000000000000000e+01 7.000000000000000000e+00 4.000000000000000000e+00 0.000000000000000000e+00 0.000000000000000000e+00 0.000000000000000000e+00 0.000000000000000000e+00 0.000000000000000000e+00 0.000000000000000000e+00 0.000000000000000000e+00 0.000000000000000000e+00 0.000000000000000000e+00 0.000000000000000000e+00 0.000000000000000000e+00 0.000000000000000000e+00 0.000000000000000000e+00 1.000000000000000000e+00 0.000000000000000000e+00 0.000000000000000000e+00 0.000000000000000000e+00 0.000000000000000000e+00 1.300000000000000000e+01 3.700000000000000000e+01 1.000000000000000000e+00 0.000000000000000000e+00 0.000000000000000000e+00 0.000000000000000000e+00 0.000000000000000000e+00 2.000000000000000000e+00 0.000000000000000000e+00
0.000000000000000000e+00 0.000000000000000000e+00 0.000000000000000000e+00 2.000000000000000000e+00 4.100000000000000000e+01 1.150000000000000000e+02 7.000000000000000000e+00 5.300000000000000000e+01 3.880000000000000000e+02 5.904000000000000000e+03 2.216800000000000000e+04 4.650000000000000000e+03 4.413000000000000000e+03 9.000000000000000000e+01 7.370000000000000000e+02 2.160000000000000000e+02 2.380000000000000000e+02 1.240000000000000000e+02 5.490000000000000000e+02 0.000000000000000000e+00 2.940000000000000000e+02 1.100000000000000000e+01 1.800000000000000000e+01 8.000000000000000000e+00 9.100000000000000000e+01 2.220000000000000000e+02 1.800000000000000000e+01 2.950000000000000000e+02 9.080000000000000000e+02 2.125000000000000000e+03 1.502000000000000000e+03 4.110000000000000000e+03 3.917000000000000000e+03 2.430000000000000000e+02 7.580000000000000000e+02 1.130000000000000000e+02 3.980000000000000000e+02 5.020000000000000000e+02 2.772000000000000000e+03 4.790000000000000000e+02 0.000000000000000000e+00 7.700000000000000000e+01 5.500000000000000000e+01 5.100000000000000000e+01 2.000000000000000000e+00 2.290000000000000000e+02 0.000000000000000000e+00 0.000000000000000000e+00 0.000000000000000000e+00 0.000000000000000000e+00 0.000000000000000000e+00 1.000000000000000000e+00 1.000000000000000000e+00 0.000000000000000000e+00 4.000000000000000000e+00 0.000000000000000000e+00 0.000000000000000000e+00 0.000000000000000000e+00 0.000000000000000000e+00 5.000000000000000000e+00 4.000000000000000000e+00 6.000000000000000000e+00 0.000000000000000000e+00 0.000000000000000000e+00 0.000000000000000000e+00 0.000000000000000000e+00 0.000000000000000000e+00 0.000000000000000000e+00 0.000000000000000000e+00 0.000000000000000000e+00 0.000000000000000000e+00 0.000000000000000000e+00 0.000000000000000000e+00 0.000000000000000000e+00 0.000000000000000000e+00 1.000000000000000000e+00 0.000000000000000000e+00 0.000000000000000000e+00 0.000000000000000000e+00 0.000000000000000000e+00 5.000000000000000000e+00 4.000000000000000000e+00 0.000000000000000000e+00 0.000000000000000000e+00 0.000000000000000000e+00 0.000000000000000000e+00 0.000000000000000000e+00 0.000000000000000000e+00 0.000000000000000000e+00
0.000000000000000000e+00 0.000000000000000000e+00 0.000000000000000000e+00 1.077000000000000000e+03 2.330000000000000000e+03 3.177000000000000000e+03 8.400000000000000000e+01 1.988000000000000000e+03 2.047000000000000000e+03 1.909200000000000000e+04 4.650000000000000000e+03 1.010800000000000000e+05 4.504000000000000000e+03 7.666000000000000000e+03 1.541000000000000000e+03 2.650000000000000000e+03 2.464000000000000000e+03 1.974000000000000000e+03 1.483000000000000000e+03 0.000000000000000000e+00 1.300000000000000000e+01 2.000000000000000000e+00 0.000000000000000000e+00 1.000000000000000000e+00 6.000000000000000000e+00 5.700000000000000000e+01 5.000000000000000000e+00 4.000000000000000000e+01 1.610000000000000000e+03 5.580000000000000000e+02 9.200000000000000000e+01 3.088000000000000000e+03 2.495000000000000000e+03 2.700000000000000000e+01 1.800000000000000000e+01 6.000000000000000000e+00 2.700000000000000000e+01 2.072000000000000000e+03 9.656000000000000000e+03 8.940000000000000000e+02 0.000000000000000000e+00 1.850000000000000000e+02 1.200000000000000000e+01 5.600000000000000000e+01 2.000000000000000000e+01 4.140000000000000000e+02 0.000000000000000000e+00 1.000000000000000000e+00 1.200000000000000000e+01 0.000000000000000000e+00 1.300000000000000000e+01 6.000000000000000000e+00 1.900000000000000000e+01 3.000000000000000000e+00 2.400000000000000000e+02 1.000000000000000000e+00 7.000000000000000000e+00 4.000000000000000000e+00 1.400000000000000000e+01 6.800000000000000000e+01 6.000000000000000000e+01 9.000000000000000000e+00 0.000000000000000000e+00 0.000000000000000000e+00 0.000000000000000000e+00 0.000000000000000000e+00 0.000000000000000000e+00 0.000000000000000000e+00 0.000000000000000000e+00 0.000000000000000000e+00 0.000000000000000000e+00 1.000000000000000000e+00 1.000000000000000000e+00 0.000000000000000000e+00 0.000000000000000000e+00 0.000000000000000000e+00 0.000000000000000000e+00 0.000000000000000000e+00 0.000000000000000000e+00 0.000000000000000000e+00 2.600000000000000000e+01 5.700000000000000000e+01 1.000000000000000000e+00 0.000000000000000000e+00 2.000000000000000000e+00 0.000000000000000000e+00 0.000000000000000000e+00 0.000000000000000000e+00 0.000000000000000000e+00
0.000000000000000000e+00 0.000000000000000000e+00 0.000000000000000000e+00 1.000000000000000000e+00 1.900000000000000000e+01 6.400000000000000000e+01 1.700000000000000000e+01 4.900000000000000000e+01 3.445000000000000000e+03 5.030000000000000000e+02 4.413000000000000000e+03 4.504000000000000000e+03 4.559300000000000000e+04 9.653000000000000000e+03 2.365000000000000000e+03 6.000000000000000000e+01 1.010000000000000000e+02 5.850000000000000000e+02 2.040000000000000000e+02 0.000000000000000000e+00 7.500000000000000000e+01 4.000000000000000000e+00 1.700000000000000000e+01 7.000000000000000000e+00 6.600000000000000000e+01 3.720000000000000000e+02 3.000000000000000000e+01 1.830000000000000000e+02 1.203400000000000000e+04 6.293000000000000000e+03 3.960000000000000000e+02 4.018000000000000000e+03 1.144000000000000000e+03 4.800000000000000000e+01 9.600000000000000000e+01 2.100000000000000000e+01 1.310000000000000000e+02 9.350000000000000000e+02 1.254300000000000000e+04 2.341000000000000000e+03 0.000000000000000000e+00 5.950000000000000000e+02 3.100000000000000000e+01 2.220000000000000000e+02 0.000000000000000000e+00 9.310000000000000000e+02 0.000000000000000000e+00 0.000000000000000000e+00 0.000000000000000000e+00 0.000000000000000000e+00 0.000000000000000000e+00 0.000000000000000000e+00 1.000000000000000000e+00 0.000000000000000000e+00 1.000000000000000000e+00 1.000000000000000000e+00 0.000000000000000000e+00 0.000000000000000000e+00 0.000000000000000000e+00 2.000000000000000000e+00 3.000000000000000000e+00 1.000000000000000000e+00 0.000000000000000000e+00 0.000000000000000000e+00 0.000000000000000000e+00 0.000000000000000000e+00 0.000000000000000000e+00 0.000000000000000000e+00 0.000000000000000000e+00 0.000000000000000000e+00 0.000000000000000000e+00 0.000000000000000000e+00 0.000000000000000000e+00 0.000000000000000000e+00 1.000000000000000000e+00 1.000000000000000000e+00 0.000000000000000000e+00 0.000000000000000000e+00 0.000000000000000000e+00 0.000000000000000000e+00 0.000000000000000000e+00 1.000000000000000000e+00 1.000000000000000000e+00 0.000000000000000000e+00 1.000000000000000000e+00 0.000000000000000000e+00 0.000000000000000000e+00 0.000000000000000000e+00 0.000000000000000000e+00
0.000000000000000000e+00 0.000000000000000000e+00 0.000000000000000000e+00 0.000000000000000000e+00 7.000000000000000000e+00 1.000000000000000000e+01 0.000000000000000000e+00 1.000000000000000000e+00 1.700000000000000000e+01 5.500000000000000000e+01 9.000000000000000000e+01 7.666000000000000000e+03 9.653000000000000000e+03 6.602000000000000000e+03 3.500000000000000000e+01 1.700000000000000000e+01 4.900000000000000000e+01 1.480000000000000000e+02 2.800000000000000000e+01 0.000000000000000000e+00 0.000000000000000000e+00 0.000000000000000000e+00 2.000000000000000000e+00 0.000000000000000000e+00 0.000000000000000000e+00 8.000000000000000000e+00 0.000000000000000000e+00 3.000000000000000000e+00 6.362000000000000000e+03 7.700000000000000000e+01 4.000000000000000000e+00 5.700000000000000000e+02 2.730000000000000000e+02 2.000000000000000000e+00 2.000000000000000000e+00 0.000000000000000000e+00 3.000000000000000000e+00 4.800000000000000000e+01 2.660000000000000000e+02 7.800000000000000000e+01 0.000000000000000000e+00 1.900000000000000000e+01 0.000000000000000000e+00 1.000000000000000000e+01 0.000000000000000000e+00 1.500000000000000000e+01 0.000000000000000000e+00 0.000000000000000000e+00 0.000000000000000000e+00 0.000000000000000000e+00 0.000000000000000000e+00 0.000000000000000000e+00 0.000000000000000000e+00 0.000000000000000000e+00 5.000000000000000000e+00 0.000000000000000000e+00 0.000000000000000000e+00 0.000000000000000000e+00 0.000000000000000000e+00 0.000000000000000000e+00 1.000000000000000000e+00 1.000000000000000000e+00 0.000000000000000000e+00 0.000000000000000000e+00 0.000000000000000000e+00 0.000000000000000000e+00 0.000000000000000000e+00 0.000000000000000000e+00 0.000000000000000000e+00 0.000000000000000000e+00 0.000000000000000000e+00 0.000000000000000000e+00 0.000000000000000000e+00 0.000000000000000000e+00 0.000000000000000000e+00 1.000000000000000000e+00 0.000000000000000000e+00 0.000000000000000000e+00 0.000000000000000000e+00 0.000000000000000000e+00 0.000000000000000000e+00 0.000000000000000000e+00 0.000000000000000000e+00 0.000000000000000000e+00 0.000000000000000000e+00 0.000000000000000000e+00 0.000000000000000000e+00 0.000000000000000000e+00 0.000000000000000000e+00
0.000000000000000000e+00 0.000000000000000000e+00 0.000000000000000000e+00 7.000000000000000000e+00 2.270000000000000000e+02 7.920000000000000000e+02 1.660000000000000000e+02 6.140000000000000000e+02 3.000000000000000000e+03 1.321000000000000000e+03 7.370000000000000000e+02 1.541000000000000000e+03 2.365000000000000000e+03 3.500000000000000000e+01 1.076300000000000000e+04 1.540000000000000000e+02 1.220000000000000000e+02 1.380000000000000000e+02 5.050000000000000000e+02 5.900000000000000000e+01 4.050000000000000000e+02 7.100000000000000000e+01 6.560000000000000000e+02 6.060000000000000000e+02 1.237000000000000000e+03 2.555000000000000000e+03 7.690000000000000000e+02 7.260000000000000000e+02 2.901000000000000000e+03 2.003000000000000000e+03 1.216000000000000000e+03 3.258000000000000000e+03 6.790000000000000000e+02 5.900000000000000000e+01 6.330000000000000000e+02 3.200000000000000000e+01 2.550000000000000000e+02 2.360000000000000000e+02 9.898000000000000000e+03 1.870000000000000000e+02 0.000000000000000000e+00 5.710000000000000000e+02 1.876000000000000000e+03 3.500000000000000000e+02 1.700000000000000000e+01 9.350000000000000000e+02 0.000000000000000000e+00 0.000000000000000000e+00 1.000000000000000000e+00 0.000000000000000000e+00 0.000000000000000000e+00 1.000000000000000000e+00 4.000000000000000000e+00 2.000000000000000000e+00 4.000000000000000000e+00 0.000000000000000000e+00 0.000000000000000000e+00 2.000000000000000000e+00 1.000000000000000000e+00 7.000000000000000000e+00 7.000000000000000000e+00 1.200000000000000000e+01 0.000000000000000000e+00 0.000000000000000000e+00 2.000000000000000000e+00 0.000000000000000000e+00 0.000000000000000000e+00 0.000000000000000000e+00 0.000000000000000000e+00 0.000000000000000000e+00 0.000000000000000000e+00 0.000000000000000000e+00 0.000000000000000000e+00 0.000000000000000000e+00 1.000000000000000000e+00 3.000000000000000000e+00 0.000000000000000000e+00 0.000000000000000000e+00 0.000000000000000000e+00 0.000000000000000000e+00 2.000000000000000000e+00 7.000000000000000000e+00 0.000000000000000000e+00 0.000000000000000000e+00 1.100000000000000000e+01 3.000000000000000000e+00 0.000000000000000000e+00 0.000000000000000000e+00 1.000000000000000000e+00
0.000000000000000000e+00 0.000000000000000000e+00 0.000000000000000000e+00 5.000000000000000000e+00 8.030000000000000000e+02 7.110000000000000000e+02 2.600000000000000000e+01 8.430000000000000000e+02 5.410000000000000000e+02 2.135000000000000000e+03 2.160000000000000000e+02 2.650000000000000000e+03 6.000000000000000000e+01 1.700000000000000000e+01 1.540000000000000000e+02 4.479000000000000000e+03 1.845000000000000000e+03 9.880000000000000000e+02 1.299000000000000000e+03 0.000000000000000000e+00 1.000000000000000000e+00 3.000000000000000000e+00 1.000000000000000000e+00 1.000000000000000000e+00 1.000000000000000000e+00 1.200000000000000000e+01 1.000000000000000000e+00 7.000000000000000000e+00 2.600000000000000000e+01 4.600000000000000000e+01 2.100000000000000000e+01 3.220000000000000000e+02 4.030000000000000000e+02 5.000000000000000000e+00 9.000000000000000000e+00 1.000000000000000000e+00 7.000000000000000000e+00 1.079000000000000000e+03 3.374000000000000000e+03 8.000000000000000000e+01 0.000000000000000000e+00 1.600000000000000000e+01 1.400000000000000000e+01 1.500000000000000000e+01 3.450000000000000000e+02 3.200000000000000000e+01 0.000000000000000000e+00 1.000000000000000000e+00 2.900000000000000000e+01 2.000000000000000000e+00 1.600000000000000000e+01 5.000000000000000000e+00 3.500000000000000000e+01 4.000000000000000000e+00 2.800000000000000000e+01 0.000000000000000000e+00 0.000000000000000000e+00 1.000000000000000000e+00 2.600000000000000000e+01 6.700000000000000000e+01 1.600000000000000000e+01 1.500000000000000000e+01 0.000000000000000000e+00 0.000000000000000000e+00 0.000000000000000000e+00 0.000000000000000000e+00 0.000000000000000000e+00 0.000000000000000000e+00 0.000000000000000000e+00 0.000000000000000000e+00 0.000000000000000000e+00 0.000000000000000000e+00 3.000000000000000000e+00 1.000000000000000000e+00 2.000000000000000000e+00 5.000000000000000000e+00 0.000000000000000000e+00 0.000000000000000000e+00 0.000000000000000000e+00 0.000000000000000000e+00 3.300000000000000000e+01 6.000000000000000000e+01 0.000000000000000000e+00 0.000000000000000000e+00 0.000000000000000000e+00 0.000000000000000000e+00 0.000000000000000000e+00 2.000000000000000000e+00 0.000000000000000000e+00
0.000000000000000000e+00 0.000000000000000000e+00 0.000000000000000000e+00 2.000000000000000000e+00 8.300000000000000000e+01 5.700000000000000000e+01 5.000000000000000000e+00 3.500000000000000000e+01 1.720000000000000000e+02 5.270000000000000000e+02 2.380000000000000000e+02 2.464000000000000000e+03 1.010000000000000000e+02 4.900000000000000000e+01 1.220000000000000000e+02 1.845000000000000000e+03 1.802000000000000000e+03 2.391000000000000000e+03 1.530000000000000000e+03 0.000000000000000000e+00 1.000000000000000000e+00 2.000000000000000000e+00 0.000000000000000000e+00 0.000000000000000000e+00 2.000000000000000000e+00 1.600000000000000000e+01 2.000000000000000000e+00 1.200000000000000000e+01 2.100000000000000000e+01 4.900000000000000000e+01 2.300000000000000000e+01 3.340000000000000000e+02 6.340000000000000000e+02 2.000000000000000000e+00 6.000000000000000000e+00 1.000000000000000000e+00 6.000000000000000000e+00 1.680000000000000000e+02 6.860000000000000000e+02 6.100000000000000000e+01 0.000000000000000000e+00 2.000000000000000000e+01 1.300000000000000000e+01 5.000000000000000000e+00 0.000000000000000000e+00 2.200000000000000000e+01 0.000000000000000000e+00 1.000000000000000000e+00 7.000000000000000000e+00 0.000000000000000000e+00 4.000000000000000000e+00 1.100000000000000000e+01 3.300000000000000000e+01 5.000000000000000000e+00 2.400000000000000000e+01 2.000000000000000000e+00 2.000000000000000000e+00 0.000000000000000000e+00 3.000000000000000000e+01 5.400000000000000000e+01 4.800000000000000000e+01 2.200000000000000000e+01 0.000000000000000000e+00 0.000000000000000000e+00 0.000000000000000000e+00 0.000000000000000000e+00 0.000000000000000000e+00 0.000000000000000000e+00 0.000000000000000000e+00 0.000000000000000000e+00 0.000000000000000000e+00 1.000000000000000000e+00 2.000000000000000000e+00 0.000000000000000000e+00 2.000000000000000000e+00 1.100000000000000000e+01 0.000000000000000000e+00 0.000000000000000000e+00 0.000000000000000000e+00 0.000000000000000000e+00 1.800000000000000000e+01 3.300000000000000000e+01 2.000000000000000000e+00 0.000000000000000000e+00 0.000000000000000000e+00 0.000000000000000000e+00 0.000000000000000000e+00 2.000000000000000000e+00 1.000000000000000000e+00
