0.000000000000000000e+00 0.000000000000000000e+00 0.000000000000000000e+00 0.000000000000000000e+00 0.000000000000000000e+00 0.000000000000000000e+00 0.000000000000000000e+00 0.000000000000000000e+00 0.000000000000000000e+00 0.000000000000000000e+00 0.000000000000000000e+00 0.000000000000000000e+00 0.000000000000000000e+00 0.000000000000000000e+00 0.000000000000000000e+00 0.000000000000000000e+00 0.000000000000000000e+00 0.000000000000000000e+00 0.000000000000000000e+00 0.000000000000000000e+00 0.000000000000000000e+00 0.000000000000000000e+00 0.000000000000000000e+00 0.000000000000000000e+00 0.000000000000000000e+00 0.000000000000000000e+00 0.000000000000000000e+00 0.000000000000000000e+00 0.000000000000000000e+00 0.000000000000000000e+00 0.000000000000000000e+00 0.000000000000000000e+00 0.000000000000000000e+00 0.000000000000000000e+00 0.000000000000000000e+00 0.000000000000000000e+00 0.000000000000000000e+00 0.000000000000000000e+00 0.000000000000000000e+00 0.000000000000000000e+00 0.000000000000000000e+00 0.000000000000000000e+00 0.000000000000000000e+00 0.000000000000000000e+00 0.000000000000000000e+00 0.000000000000000000e+00 0.000000000000000000e+00 0.000000000000000000e+00 0.000000000000000000e+00 0.000000000000000000e+00 0.000000000000000000e+00 0.000000000000000000e+00 0.000000000000000000e+00 0.000000000000000000e+00 0.000000000000000000e+00 0.000000000000000000e+00 0.000000000000000000e+00 0.000000000000000000e+00 0.000000000000000000e+00 0.000000000000000000e+00 0.000000000000000000e+00 0.000000000000000000e+00 0.000000000000000000e+00 0.000000000000000000e+00 0.000000000000000000e+00 0.000000000000000000e+00 0.000000000000000000e+00 0.000000000000000000e+00 0.000000000000000000e+00 0.000000000000000000e+00 0.000000000000000000e+00 0.000000000000000000e+00 0.000000000000000000e+00 0.000000000000000000e+00 0.000000000000000000e+00 0.000000000000000000e+00 0.000000000000000000e+00 0.000000000000000000e+00 0.000000000000000000e+00 0.000000000000000000e+00 0.000000000000000000e+00 0.000000000000000000e+00 0.000000000000000000e+00 0.000000000000000000e+00 0.000000000000000000e+00 0.000000000000000000e+00 0.000000000000000000e+00 0.000000000000000000e+00 0.000000000000000000e+00
0.000000000000000000e+00 0.000000000000000000e+00 0.000000000000000000e+00 0.000000000000000000e+00 0.000000000000000000e+00 0.000000000000000000e+00 0.000000000000000000e+00 0.000000000000000000e+00 0.000000000000000000e+00 0.000000000000000000e+00 0.000000000000000000e+00 0.000000000000000000e+00 0.000000000000000000e+00 0.000000000000000000e+00 0.000000000000000000e+00 0.000000000000000000e+00 0.000000000000000000e+00 0.000000000000000000e+00 0.000000000000000000e+00 0.000000000000000000e+00 0.000000000000000000e+00 0.000000000000000000e+00 0.000000000000000000e+00 0.000000000000000000e+00 0.000000000000000000e+00 0.000000000000000000e+00 0.000000000000000000e+00 0.000000000000000000e+00 0.000000000000000000e+00 0.000000000000000000e+00 0.000000000000000000e+00 0.000000000000000000e+00 0.000000000000000000e+00 0.000000000000000000e+00 0.000000000000000000e+00 0.000000000000000000e+00 0.000000000000000000e+00 0.000000000000000000e+00 0.000000000000000000e+00 0.000000000000000000e+00 0.000000000000000000e+00 0.000000000000000000e+00 0.000000000000000000e+00 0.000000000000000000e+00 0.000000000000000000e+00 0.000000000000000000e+00 0.000000000000000000e+00 0.000000000000000000e+00 0.000000000000000000e+00 0.000000000000000000e+00 0.000000000000000000e+00 0.000000000000000000e+00 0.000000000000000000e+00 0.000000000000000000e+00 0.000000000000000000e+00 0.000000000000000000e+00 0.000000000000000000e+00 0.000000000000000000e+00 0.000000000000000000e+00 0.000000000000000000e+00 0.000000000000000000e+00 0.000000000000000000e+00 0.000000000000000000e+00 0.000000000000000000e+00 0.000000000000000000e+00 0.000000000000000000e+00 0.000000000000000000e+00 0.000000000000000000e+00 0.000000000000000000e+00 0.000000000000000000e+00 0.000000000000000000e+00 0.000000000000000000e+00 0.000000000000000000e+00 0.000000000000000000e+00 0.000000000000000000e+00 0.000000000000000000e+00 0.000000000000000000e+00 0.000000000000000000e+00 0.000000000000000000e+00 0.000000000000000000e+00 0.000000000000000000e+00 0.000000000000000000e+00 0.000000000000000000e+00 0.000000000000000000e+00 0.000000000000000000e+00 0.000000000000000000e+00 0.000000000000000000e+00 0.000000000000000000e+00 0.000000000000000000e+00
0.000000000000000000e+00 0.000000000000000000e+00 0.000000000000000000e+00 0.000000000000000000e+00 0.000000000000000000e+00 0.000000000000000000e+00 0.000000000000000000e+00 0.000000000000000000e+00 0.000000000000000000e+00 0.000000000000000000e+00 0.000000000000000000e+00 0.000000000000000000e+00 0.000000000000000000e+00 0.000000000000000000e+00 0.000000000000000000e+00 0.000000000000000000e+00 0.000000000000000000e+00 0.000000000000000000e+00 0.000000000000000000e+00 0.000000000000000000e+00 0.000000000000000000e+00 0.000000000000000000e+00 0.000000000000000000e+00 0.000000000000000000e+00 0.000000000000000000e+00 0.000000000000000000e+00 0.000000000000000000e+00 0.000000000000000000e+00 0.000000000000000000e+00 0.000000000000000000e+00 0.000000000000000000e+00 0.000000000000000000e+00 0.000000000000000000e+00 0.000000000000000000e+00 0.000000000000000000e+00 0.000000000000000000e+00 0.000000000000000000e+00 0.000000000000000000e+00 0.000000000000000000e+00 0.000000000000000000e+00 0.000000000000000000e+00 0.000000000000000000e+00 0.000000000000000000e+00 0.000000000000000000e+00 0.000000000000000000e+00 0.000000000000000000e+00 0.000000000000000000e+00 0.000000000000000000e+00 0.000000000000000000e+00 0.000000000000000000e+00 0.000000000000000000e+00 0.000000000000000000e+00 0.000000000000000000e+00 0.000000000000000000e+00 0.000000000000000000e+00 0.000000000000000000e+00 0.000000000000000000e+00 0.000000000000000000e+00 0.000000000000000000e+00 0.000000000000000000e+00 0.000000000000000000e+00 0.000000000000000000e+00 0.000000000000000000e+00 0.000000000000000000e+00 0.000000000000000000e+00 0.000000000000000000e+00 0.000000000000000000e+00 0.000000000000000000e+00 0.000000000000000000e+00 0.000000000000000000e+00 0.000000000000000000e+00 0.000000000000000000e+00 0.000000000000000000e+00 0.000000000000000000e+00 0.000000000000000000e+00 0.000000000000000000e+00 0.000000000000000000e+00 0.000000000000000000e+00 0.000000000000000000e+00 0.000000000000000000e+00 0.000000000000000000e+00 0.000000000000000000e+00 0.000000000000000000e+00 0.000000000000000000e+00 0.000000000000000000e+00 0.000000000000000000e+00 0.000000000000000000e+00 0.000000000000000000e+00 0.000000000000000000e+00
0.000000000000000000e+00 0.000000000000000000e+00 0.000000000000000000e+00 4.174551386623162053e+00 7.100971547536430784e+00 1.329117647058823160e+01 0.000000000000000000e+00 2.759999999999997300e+01 5.324999999999996447e+01 7.719135802469129004e+00 5.549999999999997158e+01 5.097725657427148782e+00 0.000000000000000000e+00 0.000000000000000000e+00 0.000000000000000000e+00 2.416666666666663232e+01 0.000000000000000000e+00 0.000000000000000000e+00 0.000000000000000000e+00 0.000000000000000000e+00 0.000000000000000000e+00 0.000000000000000000e+00 0.000000000000000000e+00 0.000000000000000000e+00 0.000000000000000000e+00 0.000000000000000000e+00 0.000000000000000000e+00 0.000000000000000000e+00 0.000000000000000000e+00 0.000000000000000000e+00 0.000000000000000000e+00 0.000000000000000000e+00 0.000000000000000000e+00 0.000000000000000000e+00 0.000000000000000000e+00 0.000000000000000000e+00 0.000000000000000000e+00 2.826666666666664085e+01 3.763157894736839637e+01 0.000000000000000000e+00 0.000000000000000000e+00 0.000000000000000000e+00 0.000000000000000000e+00 0.000000000000000000e+00 3.299999999999997868e+01 0.000000000000000000e+00 0.000000000000000000e+00 0.000000000000000000e+00 0.000000000000000000e+00 0.000000000000000000e+00 0.000000000000000000e+00 0.000000000000000000e+00 0.000000000000000000e+00 0.000000000000000000e+00 0.000000000000000000e+00 0.000000000000000000e+00 0.000000000000000000e+00 0.000000000000000000e+00 0.000000000000000000e+00 0.000000000000000000e+00 0.000000000000000000e+00 0.000000000000000000e+00 0.000000000000000000e+00 0.000000000000000000e+00 0.000000000000000000e+00 0.000000000000000000e+00 0.000000000000000000e+00 0.000000000000000000e+00 0.000000000000000000e+00 0.000000000000000000e+00 0.000000000000000000e+00 0.000000000000000000e+00 0.000000000000000000e+00 0.000000000000000000e+00 0.000000000000000000e+00 0.000000000000000000e+00 0.000000000000000000e+00 0.000000000000000000e+00 0.000000000000000000e+00 0.000000000000000000e+00 0.000000000000000000e+00 0.000000000000000000e+00 0.000000000000000000e+00 0.000000000000000000e+00 0.000000000000000000e+00 0.000000000000000000e+00 0.000000000000000000e+00 0.000000000000000000e+00 0.000000000000000000e+00
0.000000000000000000e+00 0.000000000000000000e+00 0.000000000000000000e+00 7.100971547536430784e+00 9.350154776473969420e+00 9.765512682805910671e+00 2.626470588235293491e+01 2.503603603603602679e+01 4.621874999999999289e+01 1.565651312530954975e+01 5.499999999999996447e+01 1.502734374999999467e+01 4.466666666666665009e+01 0.000000000000000000e+00 3.297058823529408755e+01 1.149939903846152944e+01 2.849999999999998934e+01 5.124999999999996447e+01 0.000000000000000000e+00 0.000000000000000000e+00 0.000000000000000000e+00 0.000000000000000000e+00 0.000000000000000000e+00 0.000000000000000000e+00 0.000000000000000000e+00 0.000000000000000000e+00 0.000000000000000000e+00 0.000000000000000000e+00 5.499999999999995026e+01 0.000000000000000000e+00 0.000000000000000000e+00 8.049999999999997158e+01 0.000000000000000000e+00 0.000000000000000000e+00 0.000000000000000000e+00 0.000000000000000000e+00 0.000000000000000000e+00 1.274276620370369884e+01 1.929763130792995440e+01 1.900000000000000000e+01 0.000000000000000000e+00 0.000000000000000000e+00 0.000000000000000000e+00 0.000000000000000000e+00 6.622090261282656876e+00 1.238888888888888928e+01 0.000000000000000000e+00 3.149999999999998224e+01 0.000000000000000000e+00 0.000000000000000000e+00 0.000000000000000000e+00 0.000000000000000000e+00 4.899999999999997158e+01 0.000000000000000000e+00 4.466666666666662877e+01 8.199999999999994316e+01 0.000000000000000000e+00 0.000000000000000000e+00 2.928571428571427404e+01 2.649999999999998934e+01 0.000000000000000000e+00 0.000000000000000000e+00 0.000000000000000000e+00 0.000000000000000000e+00 0.000000000000000000e+00 0.000000000000000000e+00 0.000000000000000000e+00 0.000000000000000000e+00 0.000000000000000000e+00 0.000000000000000000e+00 0.000000000000000000e+00 0.000000000000000000e+00 0.000000000000000000e+00 0.000000000000000000e+00 0.000000000000000000e+00 0.000000000000000000e+00 0.000000000000000000e+00 0.000000000000000000e+00 0.000000000000000000e+00 0.000000000000000000e+00 1.899999999999997868e+01 3.557142857142853387e+01 0.000000000000000000e+00 0.000000000000000000e+00 1.599999999999998046e+01 0.000000000000000000e+00 0.000000000000000000e+00 1.099999999999999289e+01 7.249999999999992895e+00
0.000000000000000000e+00 0.000000000000000000e+00 0.000000000000000000e+00 1.329117647058823160e+01 9.765512682805910671e+00 1.437433330214278548e+01 9.269625922023179143e+00 1.193097416576964065e+01 3.173643410852712421e+01 1.807037131555441078e+01 3.588888888888886441e+01 2.140137727496309950e+01 3.742857142857142350e+01 0.000000000000000000e+00 1.553151260504200870e+01 1.769385194479296430e+01 3.074999999999998934e+01 5.214285714285712459e+01 0.000000000000000000e+00 0.000000000000000000e+00 0.000000000000000000e+00 0.000000000000000000e+00 0.000000000000000000e+00 0.000000000000000000e+00 0.000000000000000000e+00 0.000000000000000000e+00 0.000000000000000000e+00 0.000000000000000000e+00 5.324999999999999289e+01 4.808333333333332149e+01 0.000000000000000000e+00 6.200000000000000000e+01 0.000000000000000000e+00 0.000000000000000000e+00 0.000000000000000000e+00 0.000000000000000000e+00 0.000000000000000000e+00 1.687925696594426839e+01 1.807782853127195111e+01 1.944827586206895731e+01 0.000000000000000000e+00 3.349999999999997158e+01 3.099999999999998934e+01 1.876470588235293846e+01 1.714869888475835680e+01 2.549999999999996447e+01 0.000000000000000000e+00 3.899999999999997158e+01 4.216666666666662877e+01 0.000000000000000000e+00 4.999999999999996447e+01 0.000000000000000000e+00 4.591666666666663588e+01 0.000000000000000000e+00 5.299999999999995737e+01 0.000000000000000000e+00 0.000000000000000000e+00 0.000000000000000000e+00 2.759999999999998010e+01 3.224999999999997158e+01 0.000000000000000000e+00 0.000000000000000000e+00 0.000000000000000000e+00 0.000000000000000000e+00 0.000000000000000000e+00 0.000000000000000000e+00 0.000000000000000000e+00 0.000000000000000000e+00 0.000000000000000000e+00 0.000000000000000000e+00 0.000000000000000000e+00 0.000000000000000000e+00 0.000000000000000000e+00 0.000000000000000000e+00 0.000000000000000000e+00 0.000000000000000000e+00 0.000000000000000000e+00 0.000000000000000000e+00 0.000000000000000000e+00 0.000000000000000000e+00 3.236363636363633134e+01 4.459999999999996589e+01 0.000000000000000000e+00 0.000000000000000000e+00 0.000000000000000000e+00 0.000000000000000000e+00 0.000000000000000000e+00 2.829999999999997229e+01 0.000000000000000000e+00
0.000000000000000000e+00 0.000000000000000000e+00 0.000000000000000000e+00 0.000000000000000000e+00 2.626470588235293491e+01 9.269625922023179143e+00 7.872760451227600598e+00 7.385610531093959708e+00 1.853846153846153300e+01 1.377204819277107894e+01 0.000000000000000000e+00 2.968131868131867179e+01 0.000000000000000000e+00 0.000000000000000000e+00 1.416666666666665186e+01 2.764999999999999858e+01 3.200000000000003553e+01 0.000000000000000000e+00 0.000000000000000000e+00 0.000000000000000000e+00 0.000000000000000000e+00 0.000000000000000000e+00 0.000000000000000000e+00 0.000000000000000000e+00 0.000000000000000000e+00 0.000000000000000000e+00 0.000000000000000000e+00 0.000000000000000000e+00 0.000000000000000000e+00 0.000000000000000000e+00 0.000000000000000000e+00 0.000000000000000000e+00 0.000000000000000000e+00 0.000000000000000000e+00 0.000000000000000000e+00 0.000000000000000000e+00 0.000000000000000000e+00 2.994444444444442510e+01 2.629999999999998295e+01 2.499999999999999645e+01 0.000000000000000000e+00 0.000000000000000000e+00 0.000000000000000000e+00 0.000000000000000000e+00 0.000000000000000000e+00 0.000000000000000000e+00 0.000000000000000000e+00 0.000000000000000000e+00 0.000000000000000000e+00 0.000000000000000000e+00 0.000000000000000000e+00 0.000000000000000000e+00 0.000000000000000000e+00 0.000000000000000000e+00 0.000000000000000000e+00 0.000000000000000000e+00 0.000000000000000000e+00 0.000000000000000000e+00 0.000000000000000000e+00 0.000000000000000000e+00 0.000000000000000000e+00 0.000000000000000000e+00 0.000000000000000000e+00 0.000000000000000000e+00 0.000000000000000000e+00 0.000000000000000000e+00 0.000000000000000000e+00 0.000000000000000000e+00 0.000000000000000000e+00 0.000000000000000000e+00 0.000000000000000000e+00 0.000000000000000000e+00 0.000000000000000000e+00 0.000000000000000000e+00 0.000000000000000000e+00 0.000000000000000000e+00 0.000000000000000000e+00 0.000000000000000000e+00 0.000000000000000000e+00 0.000000000000000000e+00 0.000000000000000000e+00 0.000000000000000000e+00 0.000000000000000000e+00 0.000000000000000000e+00 0.000000000000000000e+00 0.000000000000000000e+00 0.000000000000000000e+00 0.000000000000000000e+00 0.000000000000000000e+00
0.000000000000000000e+00 0.000000000000000000e+00 0.000000000000000000e+00 2.759999999999997300e+01 2.503603603603602679e+01 1.193097416576964065e+01 7.385610531093959708e+00 8.410649322015210316e+00 9.480517992207193601e+00 1.817297650130547737e+01 2.565476190476189444e+01 2.338206173558531376e+01 2.986184210526314686e+01 6.300000000000002842e+01 3.038288288288287120e+01 1.755900621118011529e+01 1.671428571428570820e+01 3.981249999999998579e+01 0.000000000000000000e+00 0.000000000000000000e+00 0.000000000000000000e+00 0.000000000000000000e+00 0.000000000000000000e+00 0.000000000000000000e+00 0.000000000000000000e+00 5.399999999999997158e+01 3.649999999999997158e+01 0.000000000000000000e+00 4.259090909090907218e+01 4.150000000000000000e+01 0.000000000000000000e+00 5.609999999999998010e+01 5.474999999999998579e+01 0.000000000000000000e+00 0.000000000000000000e+00 0.000000000000000000e+00 0.000000000000000000e+00 2.448170731707316250e+01 2.484256926952140176e+01 2.583333333333329662e+01 0.000000000000000000e+00 0.000000000000000000e+00 0.000000000000000000e+00 2.999999999999998224e+01 2.799999999999996803e+01 0.000000000000000000e+00 0.000000000000000000e+00 0.000000000000000000e+00 3.299999999999998579e+01 0.000000000000000000e+00 0.000000000000000000e+00 6.999999999999997158e+01 4.549999999999998579e+01 0.000000000000000000e+00 3.749999999999999289e+01 0.000000000000000000e+00 0.000000000000000000e+00 0.000000000000000000e+00 2.299999999999998224e+01 1.866666666666664653e+01 3.199999999999997868e+01 0.000000000000000000e+00 0.000000000000000000e+00 0.000000000000000000e+00 0.000000000000000000e+00 0.000000000000000000e+00 0.000000000000000000e+00 0.000000000000000000e+00 0.000000000000000000e+00 0.000000000000000000e+00 0.000000000000000000e+00 0.000000000000000000e+00 0.000000000000000000e+00 0.000000000000000000e+00 0.000000000000000000e+00 0.000000000000000000e+00 0.000000000000000000e+00 0.000000000000000000e+00 0.000000000000000000e+00 0.000000000000000000e+00 4.074999999999995737e+01 4.080769230769227107e+01 0.000000000000000000e+00 0.000000000000000000e+00 0.000000000000000000e+00 0.000000000000000000e+00 0.000000000000000000e+00 2.399999999999996447e+01 0.000000000000000000e+00
0.000000000000000000e+00 0.000000000000000000e+00 0.000000000000000000e+00 5.324999999999996447e+01 4.621874999999999289e+01 3.173643410852712421e+01 1.853846153846153300e+01 9.480517992207193601e+00 1.095836258952394360e+01 2.176966292134831349e+01 2.380769230769230660e+01 3.335310379492334931e+01 1.042937853107344459e+01 5.524999999999998579e+01 2.008765594221930328e+01 3.244534412955465541e+01 2.699934469200524134e+01 4.774137931034481142e+01 5.979999999999997584e+01 0.000000000000000000e+00 7.900000000000000000e+01 0.000000000000000000e+00 0.000000000000000000e+00 0.000000000000000000e+00 0.000000000000000000e+00 4.300000000000000711e+01 2.491666666666667496e+01 8.033333333333334281e+01 1.855057034220531875e+01 2.340835579514824971e+01 0.000000000000000000e+00 5.181355932203388903e+01 5.800000000000000711e+01 0.000000000000000000e+00 8.550000000000000000e+01 9.449999999999998579e+01 1.000000000000000000e+02 2.199783393501805051e+01 2.179686670207115995e+01 3.751666666666665861e+01 0.000000000000000000e+00 5.125000000000002842e+01 0.000000000000000000e+00 3.550000000000000711e+01 4.049999999999999289e+01 3.400000000000000000e+01 0.000000000000000000e+00 0.000000000000000000e+00 0.000000000000000000e+00 0.000000000000000000e+00 5.799999999999999289e+01 5.099999999999998579e+01 5.119999999999995310e+01 6.733333333333332860e+01 5.058333333333331439e+01 0.000000000000000000e+00 7.400000000000000000e+01 0.000000000000000000e+00 4.216666666666667140e+01 3.036842105263157165e+01 5.083333333333329307e+01 6.349999999999999289e+01 0.000000000000000000e+00 0.000000000000000000e+00 0.000000000000000000e+00 0.000000000000000000e+00 0.000000000000000000e+00 0.000000000000000000e+00 0.000000000000000000e+00 0.000000000000000000e+00 0.000000000000000000e+00 0.000000000000000000e+00 8.099999999999994316e+01 0.000000000000000000e+00 0.000000000000000000e+00 7.749999999999995737e+01 0.000000000000000000e+00 0.000000000000000000e+00 0.000000000000000000e+00 0.000000000000000000e+00 4.716666666666666430e+01 5.509999999999995168e+01 0.000000000000000000e+00 0.000000000000000000e+00 0.000000000000000000e+00 0.000000000000000000e+00 0.000000000000000000e+00 0.000000000000000000e+00 0.000000000000000000e+00
0.000000000000000000e+00 0.000000000000000000e+00 0.000000000000000000e+00 7.719135802469129004e+00 1.565651312530954975e+01 1.807037131555441078e+01 1.377204819277107894e+01 1.817297650130547737e+01 2.176966292134831349e+01 1.150899844239683034e+01 1.226040658276863127e+01 1.407702619886624262e+01 3.384460093896711896e+01 5.359090909090909349e+01 3.250214592274676306e+01 2.212361331220284200e+01 2.179467680608363622e+01 4.321604938271603658e+01 5.796874999999998579e+01 0.000000000000000000e+00 8.874999999999997158e+01 0.000000000000000000e+00 0.000000000000000000e+00 0.000000000000000000e+00 5.200000000000000000e+01 5.981818181818182012e+01 4.771428571428570109e+01 5.674999999999996447e+01 4.408579881656802968e+01 4.696357615894038418e+01 7.150000000000001421e+01 5.948484848484846310e+01 6.117391304347825098e+01 7.274999999999997158e+01 8.520588235294114554e+01 6.949999999999997158e+01 8.900000000000000000e+01 2.339344627730716653e+01 2.618967446023043877e+01 4.295070422535209786e+01 0.000000000000000000e+00 5.309090909090907218e+01 5.309999999999998010e+01 3.639999999999995595e+01 3.033913043478258587e+01 4.272499999999998721e+01 0.000000000000000000e+00 4.074999999999995737e+01 5.350000000000000000e+01 0.000000000000000000e+00 4.816666666666662167e+01 4.849999999999992895e+01 5.474999999999995737e+01 6.149999999999990052e+01 5.466666666666665719e+01 5.879999999999999005e+01 0.000000000000000000e+00 0.000000000000000000e+00 3.776923076923075229e+01 3.523529411764704378e+01 4.772727272727270531e+01 6.083333333333331439e+01 0.000000000000000000e+00 0.000000000000000000e+00 0.000000000000000000e+00 0.000000000000000000e+00 0.000000000000000000e+00 0.000000000000000000e+00 0.000000000000000000e+00 0.000000000000000000e+00 0.000000000000000000e+00 0.000000000000000000e+00 0.000000000000000000e+00 0.000000000000000000e+00 7.800000000000007105e+01 0.000000000000000000e+00 0.000000000000000000e+00 0.000000000000000000e+00 0.000000000000000000e+00 0.000000000000000000e+00 4.456249999999997158e+01 5.485294117647055145e+01 5.749999999999994316e+01 0.000000000000000000e+00 5.899999999999998579e+01 0.000000000000000000e+00 0.000000000000000000e+00 3.591666666666662877e+01 7.050000000000000000e+01
0.000000000000000000e+00 0.000000000000000000e+00 0.000000000000000000e+00 5.549999999999997158e+01 5.499999999999996447e+01 3.588888888888886441e+01 0.000000000000000000e+00 2.565476190476189444e+01 2.380769230769230660e+01 1.226040658276863127e+01 1.348963239935900482e+01 2.331869141701892900e+01 1.818892405063291307e+01 3.682113821138211307e+01 2.373551438707134764e+01 3.847368421052630083e+01 2.579830508474575623e+01 3.076470588235294201e+01 4.512941176470588545e+01 0.000000000000000000e+00 5.725730994152046804e+01 5.828571428571427759e+01 6.833333333333331439e+01 8.083333333333332860e+01 4.994520547945207056e+01 5.488842975206611641e+01 5.150000000000001421e+01 4.297734627831714960e+01 2.915376569037657006e+01 2.780898075552387638e+01 4.734472934472934469e+01 4.777092511013216125e+01 4.490115321252059744e+01 4.841891891891893351e+01 5.772456395348837077e+01 5.472727272727272663e+01 5.456049382716049223e+01 2.179708029197079711e+01 2.557013665594854857e+01 3.146202531645569778e+01 0.000000000000000000e+00 3.791666666666666430e+01 5.045000000000000284e+01 3.409374999999999289e+01 2.800000000000002487e+01 3.447826086956521863e+01 0.000000000000000000e+00 0.000000000000000000e+00 0.000000000000000000e+00 0.000000000000000000e+00 0.000000000000000000e+00 0.000000000000000000e+00 5.216666666666665009e+01 5.274999999999997158e+01 5.484999999999998721e+01 5.516666666666665719e+01 0.000000000000000000e+00 0.000000000000000000e+00 0.000000000000000000e+00 3.312499999999997868e+01 4.094999999999998153e+01 5.433333333333333570e+01 0.000000000000000000e+00 0.000000000000000000e+00 0.000000000000000000e+00 0.000000000000000000e+00 0.000000000000000000e+00 0.000000000000000000e+00 0.000000000000000000e+00 0.000000000000000000e+00 0.000000000000000000e+00 0.000000000000000000e+00 0.000000000000000000e+00 0.000000000000000000e+00 8.599999999999995737e+01 5.249999999999997158e+01 0.000000000000000000e+00 0.000000000000000000e+00 0.000000000000000000e+00 0.000000000000000000e+00 4.279999999999997584e+01 5.276666666666665151e+01 5.099999999999999289e+01 0.000000000000000000e+00 5.999999999999990763e+01 0.000000000000000000e+00 0.000000000000000000e+00 0.000000000000000000e+00 0.000000000000000000e+00
0.000000000000000000e+00 0.000000000000000000e+00 0.000000000000000000e+00 5.097725657427148782e+00 1.502734374999999467e+01 2.140137727496309950e+01 2.968131868131867179e+01 2.338206173558531376e+01 3.335310379492334931e+01 1.407702619886624262e+01 2.331869141701892900e+01 1.580238653059603493e+01 2.251089891975308532e+01 1.236777128005198634e+01 3.749598930481282366e+01 1.637098156879552846e+01 1.763604378420640728e+01 2.223129251700680342e+01 3.561983471074380958e+01 0.000000000000000000e+00 6.088461538461537259e+01 0.000000000000000000e+00 1.224999999999999858e+02 0.000000000000000000e+00 6.204545454545454675e+01 5.615178571428571530e+01 5.868749999999998579e+01 5.544329896907216693e+01 3.122666666666666657e+01 3.919860896445131715e+01 5.172500000000000142e+01 4.226065668202765124e+01 3.676145710928320653e+01 4.821739130434783505e+01 6.095402298850574851e+01 5.688461538461538680e+01 6.984482758620688969e+01 2.665456431535268678e+01 2.929800534453138638e+01 3.877508650519030908e+01 0.000000000000000000e+00 4.769285714285713595e+01 5.219230769230769340e+01 4.157500000000000284e+01 3.377586206896548759e+01 4.417105263157894512e+01 0.000000000000000000e+00 4.924999999999993605e+01 0.000000000000000000e+00 0.000000000000000000e+00 6.216666666666662877e+01 5.900000000000001421e+01 5.959523809523805937e+01 5.912499999999997158e+01 7.298076923076918909e+00 6.155555555555550740e+01 0.000000000000000000e+00 0.000000000000000000e+00 2.836206896551721712e+01 3.656818181818178459e+01 4.801515151515150137e+01 4.557142857142856940e+01 0.000000000000000000e+00 0.000000000000000000e+00 0.000000000000000000e+00 0.000000000000000000e+00 0.000000000000000000e+00 0.000000000000000000e+00 0.000000000000000000e+00 0.000000000000000000e+00 0.000000000000000000e+00 6.850000000000000000e+01 5.849999999999997868e+01 0.000000000000000000e+00 4.449999999999998579e+01 5.016666666666665719e+01 0.000000000000000000e+00 0.000000000000000000e+00 0.000000000000000000e+00 0.000000000000000000e+00 4.551999999999998181e+01 4.924418604651160791e+01 6.374999999999999289e+01 0.000000000000000000e+00 6.299999999999997868e+01 7.849999999999998579e+01 0.000000000000000000e+00 5.274999999999992895e+01 0.000000000000000000e+00
0.000000000000000000e+00 0.000000000000000000e+00 0.000000000000000000e+00 0.000000000000000000e+00 4.466666666666665009e+01 3.742857142857142350e+01 0.000000000000000000e+00 2.986184210526314686e+01 1.042937853107344459e+01 3.384460093896711896e+01 1.818892405063291307e+01 2.251089891975308532e+01 1.356395809678870634e+01 8.245259996245541956e+00 2.461862864077669855e+01 5.161999999999998323e+01 3.964761904761904532e+01 2.446274834437086199e+01 3.512929061784897300e+01 0.000000000000000000e+00 5.492293233082706649e+01 5.434782608695652328e+01 6.027777777777776436e+01 8.124999999999997158e+01 5.295723684210526017e+01 3.349692307692307480e+01 4.170689655172413524e+01 4.496569468267581726e+01 1.843181326214012472e+01 2.820204391658610632e+01 4.423780487804877737e+01 3.255682679193817108e+01 3.378180000000001115e+01 4.197812500000001279e+01 5.385550628233555415e+01 4.981428571428571672e+01 5.471317157712304891e+01 2.693894542090657040e+01 2.759461403228384313e+01 3.180000000000000426e+01 0.000000000000000000e+00 3.023058252427185266e+01 5.322527472527472270e+01 3.956578947368421240e+01 4.400000000000000711e+01 3.835443037974683733e+01 0.000000000000000000e+00 0.000000000000000000e+00 0.000000000000000000e+00 0.000000000000000000e+00 0.000000000000000000e+00 0.000000000000000000e+00 7.024999999999997158e+01 6.299999999999998579e+01 5.399999999999994316e+01 5.799999999999997158e+01 4.175000000000000000e+01 0.000000000000000000e+00 0.000000000000000000e+00 5.087499999999997158e+01 4.041666666666665719e+01 5.529999999999997584e+01 0.000000000000000000e+00 0.000000000000000000e+00 0.000000000000000000e+00 0.000000000000000000e+00 0.000000000000000000e+00 0.000000000000000000e+00 0.000000000000000000e+00 0.000000000000000000e+00 0.000000000000000000e+00 0.000000000000000000e+00 6.449999999999997158e+01 0.000000000000000000e+00 0.000000000000000000e+00 5.550000000000002132e+01 0.000000000000000000e+00 0.000000000000000000e+00 0.000000000000000000e+00 0.000000000000000000e+00 4.199999999999995737e+01 5.179999999999999005e+01 5.199999999999997158e+01 0.000000000000000000e+00 5.592857142857142350e+01 0.000000000000000000e+00 0.000000000000000000e+00 0.000000000000000000e+00 0.000000000000000000e+00
0.000000000000000000e+00 0.000000000000000000e+00 0.000000000000000000e+00 0.000000000000000000e+00 0.000000000000000000e+00 0.000000000000000000e+00 0.000000000000000000e+00 6.300000000000002842e+01 5.524999999999998579e+01 5.359090909090909349e+01 3.682113821138211307e+01 1.236777128005198634e+01 8.245259996245541956e+00 9.858483754512633368e+00 3.211666666666666714e+01 4.975000000000000711e+01 2.825000000000000000e+01 1.073714285714285666e+01 2.384444444444444855e+01 0.000000000000000000e+00 0.000000000000000000e+00 0.000000000000000000e+00 0.000000000000000000e+00 0.000000000000000000e+00 4.749999999999998579e+01 4.714285714285714590e+01 0.000000000000000000e+00 4.850000000000000000e+01 1.262954805025289673e+01 3.753719008264462786e+01 3.358333333333332149e+01 1.807692307692307665e+01 1.514347826086956594e+01 0.000000000000000000e+00 6.783333333333330017e+01 3.850000000000000711e+01 6.450000000000000000e+01 2.966666666666666075e+01 3.430158730158730407e+01 3.089999999999999147e+01 0.000000000000000000e+00 3.913636363636363313e+01 5.600000000000000000e+01 3.437499999999998579e+01 0.000000000000000000e+00 0.000000000000000000e+00 0.000000000000000000e+00 0.000000000000000000e+00 0.000000000000000000e+00 0.000000000000000000e+00 0.000000000000000000e+00 0.000000000000000000e+00 0.000000000000000000e+00 0.000000000000000000e+00 0.000000000000000000e+00 0.000000000000000000e+00 0.000000000000000000e+00 0.000000000000000000e+00 0.000000000000000000e+00 0.000000000000000000e+00 3.549999999999997868e+01 0.000000000000000000e+00 0.000000000000000000e+00 0.000000000000000000e+00 0.000000000000000000e+00 0.000000000000000000e+00 0.000000000000000000e+00 0.000000000000000000e+00 0.000000000000000000e+00 0.000000000000000000e+00 0.000000000000000000e+00 0.000000000000000000e+00 4.299999999999993605e+01 0.000000000000000000e+00 0.000000000000000000e+00 0.000000000000000000e+00 0.000000000000000000e+00 0.000000000000000000e+00 0.000000000000000000e+00 0.000000000000000000e+00 5.899999999999999289e+01 0.000000000000000000e+00 0.000000000000000000e+00 0.000000000000000000e+00 4.000000000000000711e+01 0.000000000000000000e+00 0.000000000000000000e+00 0.000000000000000000e+00 0.000000000000000000e+00
0.000000000000000000e+00 0.000000000000000000e+00 0.000000000000000000e+00 0.000000000000000000e+00 3.297058823529408755e+01 1.553151260504200870e+01 1.416666666666665186e+01 3.038288288288287120e+01 2.008765594221930328e+01 3.250214592274676306e+01 2.373551438707134764e+01 3.749598930481282366e+01 2.461862864077669855e+01 3.211666666666666714e+01 1.013260767790261774e+01 3.627472527472526309e+01 3.515639810426539213e+01 2.251146131805156969e+01 2.247789115646257940e+01 1.456666666666666998e+01 3.536104060913704927e+01 2.536363636363635976e+01 2.826953124999999289e+01 1.417965367965367740e+01 2.645531281032769755e+01 1.823509933774834479e+01 1.524914675767918126e+01 2.259410548086866655e+01 2.048868071818891323e+01 2.808323133414932826e+01 3.680786686838123245e+01 3.145809184128398073e+01 2.868335901386748432e+01 4.586842105263158231e+01 4.002987804878048905e+01 4.387096774193547333e+01 3.621515151515151842e+01 2.770689655172412813e+01 1.051050735514859902e+01 2.134868421052631149e+01 0.000000000000000000e+00 2.424023668639053142e+01 1.470820481184454565e+01 1.054265997490590223e+01 3.131249999999999289e+01 2.175688816855753771e+01 0.000000000000000000e+00 0.000000000000000000e+00 0.000000000000000000e+00 0.000000000000000000e+00 8.450000000000001421e+01 0.000000000000000000e+00 5.949999999999997158e+01 5.566666666666665009e+01 5.521428571428570820e+01 6.233333333333331439e+01 4.524999999999997158e+01 0.000000000000000000e+00 3.449999999999995737e+01 4.494444444444440734e+01 3.181578947368419819e+01 3.149999999999998224e+01 0.000000000000000000e+00 0.000000000000000000e+00 0.000000000000000000e+00 0.000000000000000000e+00 0.000000000000000000e+00 0.000000000000000000e+00 0.000000000000000000e+00 0.000000000000000000e+00 5.850000000000000000e+01 0.000000000000000000e+00 6.850000000000000000e+01 5.999999999999994316e+01 0.000000000000000000e+00 4.146153846153844569e+01 0.000000000000000000e+00 0.000000000000000000e+00 0.000000000000000000e+00 0.000000000000000000e+00 3.233333333333332149e+01 4.349999999999996447e+01 4.474999999999998579e+01 0.000000000000000000e+00 3.700000000000000711e+01 0.000000000000000000e+00 0.000000000000000000e+00 0.000000000000000000e+00 0.000000000000000000e+00
0.000000000000000000e+00 0.000000000000000000e+00 0.000000000000000000e+00 2.416666666666663232e+01 1.149939903846152944e+01 1.769385194479296430e+01 2.764999999999999858e+01 1.755900621118011529e+01 3.244534412955465541e+01 2.212361331220284200e+01 3.847368421052630083e+01 1.637098156879552846e+01 5.161999999999998323e+01 4.975000000000000711e+01 3.627472527472526309e+01 6.990999526290853083e+00 9.080632716049379383e+00 3.308823529411763076e+01 4.737349397590358535e+01 0.000000000000000000e+00 0.000000000000000000e+00 0.000000000000000000e+00 0.000000000000000000e+00 0.000000000000000000e+00 0.000000000000000000e+00 4.449999999999999289e+01 0.000000000000000000e+00 0.000000000000000000e+00 6.666666666666664298e+01 6.037499999999996447e+01 0.000000000000000000e+00 6.399999999999997868e+01 5.557692307692305889e+01 0.000000000000000000e+00 8.550000000000000000e+01 0.000000000000000000e+00 0.000000000000000000e+00 1.460215053763439741e+01 2.224205469327418783e+01 4.047368421052630083e+01 0.000000000000000000e+00 4.783333333333333570e+01 0.000000000000000000e+00 0.000000000000000000e+00 8.152811735941313032e+00 1.799999999999998579e+01 0.000000000000000000e+00 2.524999999999999289e+01 4.950000000000001421e+01 0.000000000000000000e+00 3.257142857142851256e+01 3.724999999999995026e+01 3.758823529411761655e+01 3.866666666666663588e+01 3.127777777777775725e+01 5.974999999999995737e+01 0.000000000000000000e+00 0.000000000000000000e+00 1.398214285714285232e+01 2.068478260869565233e+01 3.834210526315787604e+01 4.879999999999996874e+01 0.000000000000000000e+00 0.000000000000000000e+00 0.000000000000000000e+00 0.000000000000000000e+00 0.000000000000000000e+00 0.000000000000000000e+00 0.000000000000000000e+00 0.000000000000000000e+00 0.000000000000000000e+00 6.399999999999994316e+01 6.249999999999988631e+01 0.000000000000000000e+00 0.000000000000000000e+00 6.112499999999997158e+01 0.000000000000000000e+00 0.000000000000000000e+00 0.000000000000000000e+00 0.000000000000000000e+00 2.529166666666664653e+01 3.395588235294115265e+01 5.200000000000000000e+01 0.000000000000000000e+00 6.737499999999998579e+01 7.150000000000000000e+01 0.000000000000000000e+00 1.618749999999998934e+01 2.100000000000001066e+01
0.000000000000000000e+00 0.000000000000000000e+00 0.000000000000000000e+00 0.000000000000000000e+00 2.849999999999998934e+01 3.074999999999998934e+01 3.200000000000003553e+01 1.671428571428570820e+01 2.699934469200524134e+01 2.179467680608363622e+01 2.579830508474575623e+01 1.763604378420640728e+01 3.964761904761904532e+01 2.825000000000000000e+01 3.515639810426539213e+01 9.080632716049379383e+00 7.525423728813556146e+00 2.001915945611865766e+01 3.357344632768361237e+01 0.000000000000000000e+00 0.000000000000000000e+00 0.000000000000000000e+00 0.000000000000000000e+00 0.000000000000000000e+00 0.000000000000000000e+00 7.133333333333331439e+01 0.000000000000000000e+00 0.000000000000000000e+00 4.787499999999998579e+01 4.854651162790696617e+01 6.099999999999998579e+01 5.566363636363634981e+01 4.014473684210526017e+01 0.000000000000000000e+00 7.824999999999998579e+01 7.699999999999997158e+01 8.199999999999998579e+01 1.827545691906004421e+01 2.316157855547281130e+01 3.860227272727271952e+01 0.000000000000000000e+00 4.303333333333333854e+01 4.712499999999998579e+01 0.000000000000000000e+00 2.912499999999999289e+01 3.009999999999998366e+01 0.000000000000000000e+00 0.000000000000000000e+00 2.766666666666665719e+01 0.000000000000000000e+00 3.269999999999996732e+01 2.914285714285709972e+01 3.102777777777775370e+01 3.437499999999997158e+01 2.517647058823527573e+01 4.812499999999996447e+01 4.149999999999995026e+01 0.000000000000000000e+00 1.677272727272726627e+01 1.245522388059701235e+01 2.175490196078430571e+01 3.665624999999998579e+01 0.000000000000000000e+00 0.000000000000000000e+00 0.000000000000000000e+00 0.000000000000000000e+00 0.000000000000000000e+00 0.000000000000000000e+00 7.799999999999998579e+01 0.000000000000000000e+00 0.000000000000000000e+00 4.799999999999997158e+01 6.109999999999994458e+01 0.000000000000000000e+00 6.150000000000003553e+01 6.474999999999997158e+01 0.000000000000000000e+00 0.000000000000000000e+00 0.000000000000000000e+00 0.000000000000000000e+00 2.383333333333331794e+01 3.498076923076920508e+01 3.709999999999998721e+01 0.000000000000000000e+00 4.239999999999999147e+01 0.000000000000000000e+00 4.449999999999998579e+01 2.100000000000001421e+01 0.000000000000000000e+00
