0.000000000000000000e+00 0.000000000000000000e+00 0.000000000000000000e+00 0.000000000000000000e+00 0.000000000000000000e+00 0.000000000000000000e+00 0.000000000000000000e+00 0.000000000000000000e+00 0.000000000000000000e+00 0.000000000000000000e+00 0.000000000000000000e+00 0.000000000000000000e+00 0.000000000000000000e+00 0.000000000000000000e+00 0.000000000000000000e+00 0.000000000000000000e+00 0.000000000000000000e+00 0.000000000000000000e+00 0.000000000000000000e+00 0.000000000000000000e+00 0.000000000000000000e+00 0.000000000000000000e+00 0.000000000000000000e+00 0.000000000000000000e+00 0.000000000000000000e+00 0.000000000000000000e+00 0.000000000000000000e+00 0.000000000000000000e+00 0.000000000000000000e+00 0.000000000000000000e+00 0.000000000000000000e+00 0.000000000000000000e+00 0.000000000000000000e+00 0.000000000000000000e+00 0.000000000000000000e+00 0.000000000000000000e+00 0.000000000000000000e+00 0.000000000000000000e+00 0.000000000000000000e+00 0.000000000000000000e+00 0.000000000000000000e+00 0.000000000000000000e+00 0.000000000000000000e+00 0.000000000000000000e+00 0.000000000000000000e+00 0.000000000000000000e+00 0.000000000000000000e+00 0.000000000000000000e+00 0.000000000000000000e+00 0.000000000000000000e+00 0.000000000000000000e+00 0.000000000000000000e+00 0.000000000000000000e+00 0.000000000000000000e+00 0.000000000000000000e+00 0.000000000000000000e+00 0.000000000000000000e+00 0.000000000000000000e+00 0.000000000000000000e+00 0.000000000000000000e+00 0.000000000000000000e+00 0.000000000000000000e+00 0.000000000000000000e+00 0.000000000000000000e+00 0.000000000000000000e+00 0.000000000000000000e+00 0.000000000000000000e+00 0.000000000000000000e+00 0.000000000000000000e+00 0.000000000000000000e+00 0.000000000000000000e+00 0.000000000000000000e+00 0.000000000000000000e+00 0.000000000000000000e+00 0.000000000000000000e+00 0.000000000000000000e+00 0.000000000000000000e+00 0.000000000000000000e+00 0.000000000000000000e+00 0.000000000000000000e+00 0.000000000000000000e+00 0.000000000000000000e+00 0.000000000000000000e+00 0.000000000000000000e+00 0.000000000000000000e+00 0.000000000000000000e+00 0.000000000000000000e+00 0.000000000000000000e+00 0.000000000000000000e+00
0.000000000000000000e+00 0.000000000000000000e+00 0.000000000000000000e+00 0.000000000000000000e+00 0.000000000000000000e+00 0.000000000000000000e+00 0.000000000000000000e+00 0.000000000000000000e+00 0.000000000000000000e+00 0.000000000000000000e+00 0.000000000000000000e+00 0.000000000000000000e+00 0.000000000000000000e+00 0.000000000000000000e+00 0.000000000000000000e+00 0.000000000000000000e+00 0.000000000000000000e+00 0.000000000000000000e+00 0.000000000000000000e+00 0.000000000000000000e+00 0.000000000000000000e+00 0.000000000000000000e+00 0.000000000000000000e+00 0.000000000000000000e+00 0.000000000000000000e+00 0.000000000000000000e+00 0.000000000000000000e+00 0.000000000000000000e+00 0.000000000000000000e+00 0.000000000000000000e+00 0.000000000000000000e+00 0.000000000000000000e+00 0.000000000000000000e+00 0.000000000000000000e+00 0.000000000000000000e+00 0.000000000000000000e+00 0.000000000000000000e+00 0.000000000000000000e+00 0.000000000000000000e+00 0.000000000000000000e+00 0.000000000000000000e+00 0.000000000000000000e+00 0.000000000000000000e+00 0.000000000000000000e+00 0.000000000000000000e+00 0.000000000000000000e+00 0.000000000000000000e+00 0.000000000000000000e+00 0.000000000000000000e+00 0.000000000000000000e+00 0.000000000000000000e+00 0.000000000000000000e+00 0.000000000000000000e+00 0.000000000000000000e+00 0.000000000000000000e+00 0.000000000000000000e+00 0.000000000000000000e+00 0.000000000000000000e+00 0.000000000000000000e+00 0.000000000000000000e+00 0.000000000000000000e+00 0.000000000000000000e+00 0.000000000000000000e+00 0.000000000000000000e+00 0.000000000000000000e+00 0.000000000000000000e+00 0.000000000000000000e+00 0.000000000000000000e+00 0.000000000000000000e+00 0.000000000000000000e+00 0.000000000000000000e+00 0.000000000000000000e+00 0.000000000000000000e+00 0.000000000000000000e+00 0.000000000000000000e+00 0.000000000000000000e+00 0.000000000000000000e+00 0.000000000000000000e+00 0.000000000000000000e+00 0.000000000000000000e+00 0.000000000000000000e+00 0.000000000000000000e+00 0.000000000000000000e+00 0.000000000000000000e+00 0.000000000000000000e+00 0.000000000000000000e+00 0.000000000000000000e+00 0.000000000000000000e+00 0.000000000000000000e+00
0.000000000000000000e+00 0.000000000000000000e+00 0.000000000000000000e+00 0.000000000000000000e+00 0.000000000000000000e+00 0.000000000000000000e+00 0.000000000000000000e+00 0.000000000000000000e+00 0.000000000000000000e+00 0.000000000000000000e+00 0.000000000000000000e+00 0.000000000000000000e+00 0.000000000000000000e+00 0.000000000000000000e+00 0.000000000000000000e+00 0.000000000000000000e+00 0.000000000000000000e+00 0.000000000000000000e+00 0.000000000000000000e+00 0.000000000000000000e+00 0.000000000000000000e+00 0.000000000000000000e+00 0.000000000000000000e+00 0.000000000000000000e+00 0.000000000000000000e+00 0.000000000000000000e+00 0.000000000000000000e+00 0.000000000000000000e+00 0.000000000000000000e+00 0.000000000000000000e+00 0.000000000000000000e+00 0.000000000000000000e+00 0.000000000000000000e+00 0.000000000000000000e+00 0.000000000000000000e+00 0.000000000000000000e+00 0.000000000000000000e+00 0.000000000000000000e+00 0.000000000000000000e+00 0.000000000000000000e+00 0.000000000000000000e+00 0.000000000000000000e+00 0.000000000000000000e+00 0.000000000000000000e+00 0.000000000000000000e+00 0.000000000000000000e+00 0.000000000000000000e+00 0.000000000000000000e+00 0.000000000000000000e+00 0.000000000000000000e+00 0.000000000000000000e+00 0.000000000000000000e+00 0.000000000000000000e+00 0.000000000000000000e+00 0.000000000000000000e+00 0.000000000000000000e+00 0.000000000000000000e+00 0.000000000000000000e+00 0.000000000000000000e+00 0.000000000000000000e+00 0.000000000000000000e+00 0.000000000000000000e+00 0.000000000000000000e+00 0.000000000000000000e+00 0.000000000000000000e+00 0.000000000000000000e+00 0.000000000000000000e+00 0.000000000000000000e+00 0.000000000000000000e+00 0.000000000000000000e+00 0.000000000000000000e+00 0.000000000000000000e+00 0.000000000000000000e+00 0.000000000000000000e+00 0.000000000000000000e+00 0.000000000000000000e+00 0.000000000000000000e+00 0.000000000000000000e+00 0.000000000000000000e+00 0.000000000000000000e+00 0.000000000000000000e+00 0.000000000000000000e+00 0.000000000000000000e+00 0.000000000000000000e+00 0.000000000000000000e+00 0.000000000000000000e+00 0.000000000000000000e+00 0.000000000000000000e+00 0.000000000000000000e+00
0.000000000000000000e+00 0.000000000000000000e+00 0.000000000000000000e+00 5.207641196013285345e+00 7.810104529616721969e+00 1.048714479025710133e+01 0.000000000000000000e+00 3.549999999999997868e+01 0.000000000000000000e+00 9.623076923076913758e+00 0.000000000000000000e+00 7.387425149700594496e+00 0.000000000000000000e+00 0.000000000000000000e+00 4.149999999999992184e+01 2.866666666666665719e+01 3.499999999999997158e+01 0.000000000000000000e+00 0.000000000000000000e+00 0.000000000000000000e+00 0.000000000000000000e+00 0.000000000000000000e+00 0.000000000000000000e+00 0.000000000000000000e+00 0.000000000000000000e+00 0.000000000000000000e+00 0.000000000000000000e+00 0.000000000000000000e+00 0.000000000000000000e+00 0.000000000000000000e+00 0.000000000000000000e+00 0.000000000000000000e+00 0.000000000000000000e+00 0.000000000000000000e+00 0.000000000000000000e+00 0.000000000000000000e+00 0.000000000000000000e+00 3.043137254901958855e+01 3.284705882352938744e+01 4.899999999999995026e+01 0.000000000000000000e+00 5.549999999999999289e+01 0.000000000000000000e+00 0.000000000000000000e+00 3.450000000000001421e+01 0.000000000000000000e+00 0.000000000000000000e+00 0.000000000000000000e+00 0.000000000000000000e+00 0.000000000000000000e+00 0.000000000000000000e+00 0.000000000000000000e+00 0.000000000000000000e+00 0.000000000000000000e+00 0.000000000000000000e+00 0.000000000000000000e+00 0.000000000000000000e+00 0.000000000000000000e+00 0.000000000000000000e+00 0.000000000000000000e+00 0.000000000000000000e+00 0.000000000000000000e+00 0.000000000000000000e+00 0.000000000000000000e+00 0.000000000000000000e+00 0.000000000000000000e+00 0.000000000000000000e+00 0.000000000000000000e+00 0.000000000000000000e+00 0.000000000000000000e+00 0.000000000000000000e+00 0.000000000000000000e+00 0.000000000000000000e+00 0.000000000000000000e+00 0.000000000000000000e+00 0.000000000000000000e+00 0.000000000000000000e+00 0.000000000000000000e+00 0.000000000000000000e+00 0.000000000000000000e+00 0.000000000000000000e+00 0.000000000000000000e+00 0.000000000000000000e+00 0.000000000000000000e+00 0.000000000000000000e+00 0.000000000000000000e+00 0.000000000000000000e+00 0.000000000000000000e+00 0.000000000000000000e+00
0.000000000000000000e+00 0.000000000000000000e+00 0.000000000000000000e+00 7.810104529616721969e+00 9.417342721567422359e+00 9.899466633589677045e+00 2.836111111111110361e+01 2.297580645161289681e+01 3.229577464788732044e+01 1.309423728813558796e+01 4.543478260869564167e+01 1.556436781609195030e+01 6.587499999999998579e+01 6.250000000000003553e+01 3.175999999999998025e+01 1.383139534883720323e+01 2.866666666666667140e+01 4.714285714285712459e+01 6.764705882352940591e+01 0.000000000000000000e+00 0.000000000000000000e+00 0.000000000000000000e+00 3.949999999999996447e+01 0.000000000000000000e+00 5.349999999999999289e+01 3.549999999999998579e+01 0.000000000000000000e+00 0.000000000000000000e+00 5.500000000000002132e+01 6.399999999999997158e+01 6.149999999999997868e+01 8.137500000000001421e+01 7.116666666666664298e+01 0.000000000000000000e+00 0.000000000000000000e+00 0.000000000000000000e+00 0.000000000000000000e+00 1.287367205542724413e+01 1.955038759689921335e+01 2.270588235294117041e+01 0.000000000000000000e+00 4.699999999999998579e+01 4.166666666666662877e+01 2.966666666666665364e+01 5.498132337246529389e+00 8.781250000000000000e+00 0.000000000000000000e+00 0.000000000000000000e+00 4.499999999999993605e+01 0.000000000000000000e+00 4.774999999999995737e+01 0.000000000000000000e+00 6.999999999999992895e+01 0.000000000000000000e+00 0.000000000000000000e+00 0.000000000000000000e+00 0.000000000000000000e+00 0.000000000000000000e+00 3.035714285714286120e+01 0.000000000000000000e+00 0.000000000000000000e+00 0.000000000000000000e+00 0.000000000000000000e+00 0.000000000000000000e+00 0.000000000000000000e+00 0.000000000000000000e+00 0.000000000000000000e+00 0.000000000000000000e+00 0.000000000000000000e+00 0.000000000000000000e+00 0.000000000000000000e+00 0.000000000000000000e+00 0.000000000000000000e+00 0.000000000000000000e+00 0.000000000000000000e+00 0.000000000000000000e+00 0.000000000000000000e+00 0.000000000000000000e+00 0.000000000000000000e+00 0.000000000000000000e+00 2.412499999999999289e+01 4.499999999999996447e+01 0.000000000000000000e+00 0.000000000000000000e+00 0.000000000000000000e+00 0.000000000000000000e+00 0.000000000000000000e+00 1.299999999999998757e+01 8.590909090909081058e+00
0.000000000000000000e+00 0.000000000000000000e+00 0.000000000000000000e+00 1.048714479025710133e+01 9.899466633589677045e+00 1.527372745948412813e+01 1.085042609462238694e+01 1.554580866313492926e+01 2.704755784061695678e+01 1.734178433889601223e+01 4.155882352941174673e+01 2.426157530601382462e+01 5.678947368421049902e+01 6.625000000000001421e+01 2.557090464547676234e+01 2.341973969631235164e+01 3.353333333333332433e+01 5.599999999999997158e+01 7.339999999999997726e+01 0.000000000000000000e+00 0.000000000000000000e+00 0.000000000000000000e+00 3.266666666666667851e+01 0.000000000000000000e+00 3.499999999999997158e+01 3.764705882352939881e+01 5.833333333333331439e+01 4.650000000000000711e+01 6.510714285714283278e+01 5.612068965517238439e+01 6.549999999999997158e+01 7.208333333333331439e+01 6.612499999999994316e+01 0.000000000000000000e+00 6.649999999999998579e+01 0.000000000000000000e+00 1.060000000000000284e+02 1.880499258526939599e+01 1.973823176423521630e+01 2.472881355932201686e+01 0.000000000000000000e+00 4.229166666666665009e+01 3.014285714285712103e+01 2.174838709677418436e+01 1.808415841584157135e+01 3.543749999999999289e+01 0.000000000000000000e+00 2.500000000000000711e+01 4.642857142857137376e+01 0.000000000000000000e+00 0.000000000000000000e+00 0.000000000000000000e+00 0.000000000000000000e+00 0.000000000000000000e+00 7.299999999999990052e+01 0.000000000000000000e+00 0.000000000000000000e+00 0.000000000000000000e+00 2.537499999999997158e+01 4.049999999999990763e+01 5.999999999999997158e+01 0.000000000000000000e+00 0.000000000000000000e+00 0.000000000000000000e+00 0.000000000000000000e+00 0.000000000000000000e+00 0.000000000000000000e+00 0.000000000000000000e+00 0.000000000000000000e+00 0.000000000000000000e+00 0.000000000000000000e+00 0.000000000000000000e+00 0.000000000000000000e+00 0.000000000000000000e+00 0.000000000000000000e+00 0.000000000000000000e+00 0.000000000000000000e+00 0.000000000000000000e+00 0.000000000000000000e+00 0.000000000000000000e+00 4.309999999999998010e+01 4.755555555555551450e+01 0.000000000000000000e+00 0.000000000000000000e+00 0.000000000000000000e+00 0.000000000000000000e+00 0.000000000000000000e+00 0.000000000000000000e+00 1.200000000000000888e+01
0.000000000000000000e+00 0.000000000000000000e+00 0.000000000000000000e+00 0.000000000000000000e+00 2.836111111111110361e+01 1.085042609462238694e+01 7.873870409536623427e+00 7.262446657183496690e+00 2.067005076142131514e+01 1.385430107526881294e+01 4.324999999999995026e+01 3.756249999999997868e+01 3.150000000000002132e+01 0.000000000000000000e+00 4.298837209302323714e+01 2.795454545454543904e+01 0.000000000000000000e+00 0.000000000000000000e+00 0.000000000000000000e+00 0.000000000000000000e+00 0.000000000000000000e+00 0.000000000000000000e+00 0.000000000000000000e+00 0.000000000000000000e+00 0.000000000000000000e+00 3.749999999999996447e+01 0.000000000000000000e+00 0.000000000000000000e+00 5.900000000000000000e+01 5.719999999999997442e+01 0.000000000000000000e+00 7.933333333333330017e+01 0.000000000000000000e+00 0.000000000000000000e+00 0.000000000000000000e+00 0.000000000000000000e+00 0.000000000000000000e+00 3.356249999999999289e+01 2.927272727272725916e+01 2.450000000000001776e+01 0.000000000000000000e+00 0.000000000000000000e+00 0.000000000000000000e+00 3.199999999999997868e+01 2.850000000000000711e+01 0.000000000000000000e+00 0.000000000000000000e+00 0.000000000000000000e+00 0.000000000000000000e+00 0.000000000000000000e+00 0.000000000000000000e+00 0.000000000000000000e+00 0.000000000000000000e+00 0.000000000000000000e+00 0.000000000000000000e+00 0.000000000000000000e+00 0.000000000000000000e+00 0.000000000000000000e+00 0.000000000000000000e+00 0.000000000000000000e+00 0.000000000000000000e+00 0.000000000000000000e+00 0.000000000000000000e+00 0.000000000000000000e+00 0.000000000000000000e+00 0.000000000000000000e+00 0.000000000000000000e+00 0.000000000000000000e+00 0.000000000000000000e+00 0.000000000000000000e+00 0.000000000000000000e+00 0.000000000000000000e+00 0.000000000000000000e+00 0.000000000000000000e+00 0.000000000000000000e+00 0.000000000000000000e+00 0.000000000000000000e+00 0.000000000000000000e+00 0.000000000000000000e+00 0.000000000000000000e+00 0.000000000000000000e+00 0.000000000000000000e+00 0.000000000000000000e+00 0.000000000000000000e+00 0.000000000000000000e+00 0.000000000000000000e+00 0.000000000000000000e+00 0.000000000000000000e+00 0.000000000000000000e+00
0.000000000000000000e+00 0.000000000000000000e+00 0.000000000000000000e+00 3.549999999999997868e+01 2.297580645161289681e+01 1.554580866313492926e+01 7.262446657183496690e+00 8.311160298229264498e+00 9.339836289222374077e+00 1.868537028623352469e+01 3.068248175182480963e+01 2.710799136069113757e+01 3.515999999999998948e+01 6.649999999999995737e+01 3.668710691823898173e+01 2.153200000000000003e+01 2.800000000000000355e+01 4.907142857142854098e+01 5.924444444444442581e+01 0.000000000000000000e+00 0.000000000000000000e+00 0.000000000000000000e+00 0.000000000000000000e+00 0.000000000000000000e+00 6.749999999999997158e+01 5.683333333333331439e+01 4.525000000000000711e+01 0.000000000000000000e+00 4.755882352941175384e+01 4.046034482758619788e+01 6.074999999999995737e+01 6.672857142857141355e+01 5.787499999999997868e+01 0.000000000000000000e+00 8.000000000000000000e+01 0.000000000000000000e+00 6.450000000000000000e+01 2.356770833333332504e+01 2.851890034364259918e+01 4.127777777777777146e+01 0.000000000000000000e+00 4.633333333333337123e+01 5.749999999999998579e+01 3.366666666666665719e+01 2.766666666666665364e+01 5.199999999999997158e+01 0.000000000000000000e+00 0.000000000000000000e+00 0.000000000000000000e+00 0.000000000000000000e+00 0.000000000000000000e+00 0.000000000000000000e+00 0.000000000000000000e+00 0.000000000000000000e+00 0.000000000000000000e+00 0.000000000000000000e+00 0.000000000000000000e+00 0.000000000000000000e+00 2.350000000000000000e+01 3.350000000000000711e+01 0.000000000000000000e+00 0.000000000000000000e+00 0.000000000000000000e+00 0.000000000000000000e+00 0.000000000000000000e+00 0.000000000000000000e+00 0.000000000000000000e+00 0.000000000000000000e+00 0.000000000000000000e+00 0.000000000000000000e+00 0.000000000000000000e+00 0.000000000000000000e+00 0.000000000000000000e+00 0.000000000000000000e+00 0.000000000000000000e+00 0.000000000000000000e+00 0.000000000000000000e+00 0.000000000000000000e+00 0.000000000000000000e+00 0.000000000000000000e+00 0.000000000000000000e+00 3.849999999999996447e+01 0.000000000000000000e+00 0.000000000000000000e+00 0.000000000000000000e+00 0.000000000000000000e+00 0.000000000000000000e+00 0.000000000000000000e+00 0.000000000000000000e+00
0.000000000000000000e+00 0.000000000000000000e+00 0.000000000000000000e+00 0.000000000000000000e+00 3.229577464788732044e+01 2.704755784061695678e+01 2.067005076142131514e+01 9.339836289222374077e+00 1.205561504961804786e+01 1.939577321337633009e+01 2.288132295719843867e+01 3.141597970830690656e+01 9.598101265822784001e+00 6.449999999999997158e+01 2.082456521739129940e+01 3.415625000000000000e+01 2.696036585365853711e+01 3.583333333333332860e+01 5.266666666666665009e+01 0.000000000000000000e+00 0.000000000000000000e+00 0.000000000000000000e+00 0.000000000000000000e+00 0.000000000000000000e+00 3.099999999999999645e+01 4.156250000000000000e+01 2.707142857142856229e+01 4.608333333333334281e+01 2.034107806691449483e+01 2.476366217175300477e+01 4.516666666666666430e+01 5.647321428571427049e+01 5.262499999999999289e+01 0.000000000000000000e+00 6.456666666666666288e+01 0.000000000000000000e+00 5.100000000000000000e+01 2.077768729641693923e+01 1.704148471615720695e+01 2.385294117647058698e+01 0.000000000000000000e+00 3.238888888888889284e+01 4.679999999999999005e+01 2.866666666666665719e+01 3.350000000000000711e+01 3.157142857142857295e+01 0.000000000000000000e+00 0.000000000000000000e+00 0.000000000000000000e+00 0.000000000000000000e+00 0.000000000000000000e+00 4.400000000000000000e+01 4.599999999999994316e+01 4.499999999999998579e+01 4.499999999999998579e+01 6.050000000000002132e+01 0.000000000000000000e+00 0.000000000000000000e+00 3.924999999999998579e+01 3.224999999999998579e+01 3.133333333333333215e+01 0.000000000000000000e+00 0.000000000000000000e+00 0.000000000000000000e+00 0.000000000000000000e+00 0.000000000000000000e+00 0.000000000000000000e+00 0.000000000000000000e+00 0.000000000000000000e+00 0.000000000000000000e+00 0.000000000000000000e+00 0.000000000000000000e+00 0.000000000000000000e+00 0.000000000000000000e+00 0.000000000000000000e+00 0.000000000000000000e+00 0.000000000000000000e+00 0.000000000000000000e+00 0.000000000000000000e+00 0.000000000000000000e+00 0.000000000000000000e+00 6.249999999999995026e+01 0.000000000000000000e+00 0.000000000000000000e+00 0.000000000000000000e+00 0.000000000000000000e+00 0.000000000000000000e+00 0.000000000000000000e+00 0.000000000000000000e+00
0.000000000000000000e+00 0.000000000000000000e+00 0.000000000000000000e+00 9.623076923076913758e+00 1.309423728813558796e+01 1.734178433889601223e+01 1.385430107526881294e+01 1.868537028623352469e+01 1.939577321337633009e+01 1.293174461533077846e+01 1.362493100275988667e+01 1.467567356501366227e+01 4.249999999999998579e+01 5.264285714285712459e+01 2.678473019517794640e+01 2.619779582366588500e+01 2.456683804627248335e+01 3.936776859504130499e+01 6.012349397590359246e+01 0.000000000000000000e+00 6.383333333333332149e+01 6.350000000000003553e+01 0.000000000000000000e+00 9.449999999999995737e+01 6.633333333333330017e+01 7.078571428571426338e+01 5.749999999999997868e+01 5.662500000000000000e+01 4.833568075117369034e+01 4.469099999999998829e+01 6.133333333333332149e+01 6.756655844155841351e+01 6.162337662337660049e+01 6.609999999999998010e+01 7.165384615384613198e+01 6.216666666666666430e+01 7.029999999999999716e+01 2.323212452959286267e+01 2.469237949762387530e+01 3.804444444444443718e+01 0.000000000000000000e+00 5.020833333333331439e+01 5.988888888888886441e+01 4.161538461538459188e+01 3.192307692307690559e+01 4.259210526315789025e+01 0.000000000000000000e+00 0.000000000000000000e+00 5.149999999999995737e+01 0.000000000000000000e+00 4.849999999999995026e+01 5.449999999999997158e+01 4.868749999999997158e+01 6.499999999999997158e+01 4.128571428571426338e+01 7.424999999999995737e+01 0.000000000000000000e+00 0.000000000000000000e+00 3.571428571428568688e+01 3.447727272727271952e+01 4.739999999999998437e+01 6.200000000000000000e+01 0.000000000000000000e+00 0.000000000000000000e+00 0.000000000000000000e+00 0.000000000000000000e+00 0.000000000000000000e+00 0.000000000000000000e+00 0.000000000000000000e+00 0.000000000000000000e+00 0.000000000000000000e+00 0.000000000000000000e+00 0.000000000000000000e+00 0.000000000000000000e+00 0.000000000000000000e+00 0.000000000000000000e+00 0.000000000000000000e+00 0.000000000000000000e+00 0.000000000000000000e+00 0.000000000000000000e+00 4.549999999999995737e+01 4.909999999999996589e+01 7.650000000000002842e+01 0.000000000000000000e+00 0.000000000000000000e+00 0.000000000000000000e+00 0.000000000000000000e+00 4.099999999999998579e+01 0.000000000000000000e+00
0.000000000000000000e+00 0.000000000000000000e+00 0.000000000000000000e+00 0.000000000000000000e+00 4.543478260869564167e+01 4.155882352941174673e+01 4.324999999999995026e+01 3.068248175182480963e+01 2.288132295719843867e+01 1.362493100275988667e+01 1.230715852849635183e+01 2.253279844824545819e+01 1.365427643450018103e+01 4.731818181818180591e+01 2.247781569965870219e+01 4.025877192982454744e+01 2.498798076923075939e+01 2.588888888888887863e+01 4.650297619047618980e+01 0.000000000000000000e+00 6.079999999999999716e+01 5.624999999999999289e+01 8.050000000000000000e+01 6.349999999999997158e+01 6.333333333333332149e+01 4.427551020408163396e+01 3.754999999999999716e+01 4.133333333333333570e+01 2.775465549348231065e+01 3.040092989985693706e+01 4.301630434782608603e+01 4.893292682926828974e+01 4.541372282608695343e+01 5.061224489795918657e+01 5.831568627450980102e+01 5.257692307692308020e+01 5.132716049382715084e+01 1.941989589358009738e+01 2.045824028584189236e+01 2.775595238095237960e+01 0.000000000000000000e+00 2.901851851851851904e+01 4.949999999999999289e+01 3.478813559322033200e+01 3.128571428571428470e+01 3.409516129032257936e+01 0.000000000000000000e+00 5.874999999999997158e+01 0.000000000000000000e+00 0.000000000000000000e+00 0.000000000000000000e+00 5.125000000000000711e+01 6.999999999999994316e+01 5.072222222222220012e+01 4.949999999999997158e+01 4.974999999999993605e+01 0.000000000000000000e+00 0.000000000000000000e+00 4.700000000000000000e+01 3.290909090909089230e+01 3.187499999999998579e+01 3.549999999999997868e+01 0.000000000000000000e+00 0.000000000000000000e+00 0.000000000000000000e+00 0.000000000000000000e+00 0.000000000000000000e+00 0.000000000000000000e+00 0.000000000000000000e+00 0.000000000000000000e+00 0.000000000000000000e+00 0.000000000000000000e+00 0.000000000000000000e+00 0.000000000000000000e+00 5.749999999999997868e+01 5.999999999999997868e+01 0.000000000000000000e+00 0.000000000000000000e+00 0.000000000000000000e+00 0.000000000000000000e+00 3.749999999999998579e+01 6.824999999999997158e+01 0.000000000000000000e+00 0.000000000000000000e+00 0.000000000000000000e+00 0.000000000000000000e+00 0.000000000000000000e+00 0.000000000000000000e+00 0.000000000000000000e+00
0.000000000000000000e+00 0.000000000000000000e+00 0.000000000000000000e+00 7.387425149700594496e+00 1.556436781609195030e+01 2.426157530601382462e+01 3.756249999999997868e+01 2.710799136069113757e+01 3.141597970830690656e+01 1.467567356501366227e+01 2.253279844824545819e+01 1.645975036780409084e+01 2.261820825004543067e+01 1.514236426366442778e+01 3.587837837837837185e+01 2.137345385347287774e+01 1.786776859504131565e+01 2.496653543307086665e+01 4.287266450040617372e+01 0.000000000000000000e+00 0.000000000000000000e+00 7.849999999999998579e+01 7.650000000000001421e+01 1.009999999999999432e+02 3.425000000000001421e+01 5.362499999999999289e+01 5.299999999999998579e+01 5.789999999999999858e+01 3.335384615384615614e+01 4.128016528925619610e+01 4.929032258064516014e+01 4.219381443298969003e+01 4.071936274509803866e+01 6.063636363636363313e+01 6.986842105263157521e+01 5.874999999999999289e+01 6.891666666666667140e+01 2.510903387703888967e+01 2.872691441441440574e+01 3.352881844380403464e+01 0.000000000000000000e+00 3.488679245283019270e+01 6.900000000000000000e+01 4.326717557251908630e+01 3.514285714285713169e+01 4.140584415584415723e+01 0.000000000000000000e+00 0.000000000000000000e+00 4.539999999999999147e+01 4.849999999999992184e+01 4.499999999999996447e+01 3.749999999999995737e+01 4.859999999999995879e+01 5.665384615384612488e+01 1.304347826086956097e+01 1.437500000000000533e+01 1.744444444444444287e+01 0.000000000000000000e+00 2.955263157894735215e+01 2.998484848484847021e+01 2.786082474226803285e+01 4.745454545454542483e+01 0.000000000000000000e+00 0.000000000000000000e+00 0.000000000000000000e+00 0.000000000000000000e+00 0.000000000000000000e+00 0.000000000000000000e+00 0.000000000000000000e+00 0.000000000000000000e+00 0.000000000000000000e+00 4.849999999999998579e+01 6.324999999999997158e+01 0.000000000000000000e+00 6.899999999999997158e+01 6.399999999999998579e+01 0.000000000000000000e+00 0.000000000000000000e+00 0.000000000000000000e+00 0.000000000000000000e+00 4.377272727272724495e+01 4.871999999999996334e+01 5.591666666666665719e+01 0.000000000000000000e+00 4.599999999999998579e+01 6.649999999999998579e+01 0.000000000000000000e+00 4.175000000000000000e+01 0.000000000000000000e+00
0.000000000000000000e+00 0.000000000000000000e+00 0.000000000000000000e+00 0.000000000000000000e+00 6.587499999999998579e+01 5.678947368421049902e+01 3.150000000000002132e+01 3.515999999999998948e+01 9.598101265822784001e+00 4.249999999999998579e+01 1.365427643450018103e+01 2.261820825004543067e+01 1.362531451701126706e+01 7.733752860411899022e+00 2.301608187134503325e+01 5.194642857142855519e+01 4.216216216216215429e+01 2.148897535667963510e+01 3.619696969696970257e+01 3.566666666666664298e+01 6.070000000000000284e+01 4.924999999999998579e+01 6.350000000000001421e+01 2.799999999999997513e+01 4.787500000000000000e+01 1.479787234042553123e+01 3.348275862068965836e+01 4.069117647058823195e+01 1.720218198700093026e+01 2.847529538131042059e+01 3.934782608695652328e+01 2.815280857354028043e+01 3.670503597122301898e+01 4.666666666666666430e+01 5.454545454545454675e+01 5.341666666666667851e+01 5.107777777777777573e+01 2.389488017429193789e+01 2.438328018223235816e+01 2.931804863756227064e+01 0.000000000000000000e+00 2.750337078651686085e+01 4.209677419354839145e+01 3.638591117917304985e+01 0.000000000000000000e+00 3.573658269441401814e+01 0.000000000000000000e+00 7.149999999999991473e+01 0.000000000000000000e+00 0.000000000000000000e+00 0.000000000000000000e+00 0.000000000000000000e+00 5.449999999999993605e+01 5.587499999999998579e+01 5.249999999999996447e+01 5.199999999999997868e+01 4.049999999999998579e+01 1.070000000000000000e+02 5.099999999999999289e+01 4.762499999999997158e+01 3.573333333333333428e+01 4.574999999999999289e+01 0.000000000000000000e+00 0.000000000000000000e+00 0.000000000000000000e+00 0.000000000000000000e+00 0.000000000000000000e+00 0.000000000000000000e+00 0.000000000000000000e+00 0.000000000000000000e+00 0.000000000000000000e+00 8.000000000000001421e+01 0.000000000000000000e+00 0.000000000000000000e+00 0.000000000000000000e+00 5.309999999999998721e+01 0.000000000000000000e+00 0.000000000000000000e+00 0.000000000000000000e+00 0.000000000000000000e+00 7.899999999999992895e+01 0.000000000000000000e+00 0.000000000000000000e+00 0.000000000000000000e+00 4.324999999999995737e+01 0.000000000000000000e+00 0.000000000000000000e+00 0.000000000000000000e+00 0.000000000000000000e+00
0.000000000000000000e+00 0.000000000000000000e+00 0.000000000000000000e+00 0.000000000000000000e+00 6.250000000000003553e+01 6.625000000000001421e+01 0.000000000000000000e+00 6.649999999999995737e+01 6.449999999999997158e+01 5.264285714285712459e+01 4.731818181818180591e+01 1.514236426366442778e+01 7.733752860411899022e+00 9.532978223405921270e+00 3.478124999999999289e+01 5.928571428571428470e+01 3.387500000000000000e+01 1.015217391304347672e+01 3.473529411764705799e+01 0.000000000000000000e+00 0.000000000000000000e+00 0.000000000000000000e+00 0.000000000000000000e+00 0.000000000000000000e+00 0.000000000000000000e+00 0.000000000000000000e+00 4.350000000000002132e+01 0.000000000000000000e+00 1.061082393483709474e+01 3.310769230769231086e+01 7.100000000000001421e+01 1.595006839945280497e+01 1.300793650793650436e+01 0.000000000000000000e+00 9.349999999999998579e+01 0.000000000000000000e+00 0.000000000000000000e+00 2.895238095238095610e+01 3.498437500000000711e+01 3.256451612903226334e+01 0.000000000000000000e+00 3.866666666666669983e+01 0.000000000000000000e+00 3.666666666666667140e+01 0.000000000000000000e+00 4.175000000000000711e+01 0.000000000000000000e+00 0.000000000000000000e+00 0.000000000000000000e+00 0.000000000000000000e+00 0.000000000000000000e+00 0.000000000000000000e+00 0.000000000000000000e+00 0.000000000000000000e+00 1.950000000000002487e+01 0.000000000000000000e+00 0.000000000000000000e+00 0.000000000000000000e+00 0.000000000000000000e+00 0.000000000000000000e+00 6.599999999999994316e+01 0.000000000000000000e+00 0.000000000000000000e+00 0.000000000000000000e+00 0.000000000000000000e+00 0.000000000000000000e+00 0.000000000000000000e+00 0.000000000000000000e+00 0.000000000000000000e+00 0.000000000000000000e+00 0.000000000000000000e+00 0.000000000000000000e+00 0.000000000000000000e+00 0.000000000000000000e+00 0.000000000000000000e+00 0.000000000000000000e+00 0.000000000000000000e+00 0.000000000000000000e+00 0.000000000000000000e+00 0.000000000000000000e+00 0.000000000000000000e+00 0.000000000000000000e+00 0.000000000000000000e+00 0.000000000000000000e+00 0.000000000000000000e+00 0.000000000000000000e+00 0.000000000000000000e+00 0.000000000000000000e+00 0.000000000000000000e+00
0.000000000000000000e+00 0.000000000000000000e+00 0.000000000000000000e+00 4.149999999999992184e+01 3.175999999999998025e+01 2.557090464547676234e+01 4.298837209302323714e+01 3.668710691823898173e+01 2.082456521739129940e+01 2.678473019517794640e+01 2.247781569965870219e+01 3.587837837837837185e+01 2.301608187134503325e+01 3.478124999999999289e+01 1.239720751083292960e+01 4.404761904761902258e+01 5.045945945945944544e+01 2.516470588235294059e+01 2.949657534246574997e+01 1.378308823529411420e+01 1.922280701754385390e+01 2.908064516129032384e+01 2.104494382022472010e+01 1.694217081850532836e+01 1.958881118881118866e+01 2.170213549337260517e+01 2.304255319148935399e+01 3.012151394422309991e+01 2.314411190631099657e+01 2.812330827067668793e+01 4.142716535433069680e+01 3.858179197693970508e+01 3.118767705382436262e+01 4.733333333333332149e+01 5.045779220779219543e+01 5.589999999999999147e+01 3.733333333333332149e+01 2.959627329192545986e+01 8.976821832962354364e+00 1.928504672897196315e+01 0.000000000000000000e+00 2.175318066157759844e+01 1.211061337008959349e+01 1.265805658056581073e+01 4.450000000000000000e+01 1.947112068965516940e+01 0.000000000000000000e+00 0.000000000000000000e+00 0.000000000000000000e+00 0.000000000000000000e+00 0.000000000000000000e+00 0.000000000000000000e+00 6.366666666666660745e+01 5.566666666666663588e+01 3.299999999999998579e+01 0.000000000000000000e+00 0.000000000000000000e+00 5.999999999999996447e+01 0.000000000000000000e+00 3.799999999999997868e+01 3.400000000000000000e+01 3.333333333333330728e+01 0.000000000000000000e+00 0.000000000000000000e+00 0.000000000000000000e+00 0.000000000000000000e+00 0.000000000000000000e+00 0.000000000000000000e+00 0.000000000000000000e+00 0.000000000000000000e+00 0.000000000000000000e+00 0.000000000000000000e+00 4.724999999999998579e+01 0.000000000000000000e+00 7.199999999999995737e+01 3.519999999999997442e+01 0.000000000000000000e+00 0.000000000000000000e+00 0.000000000000000000e+00 0.000000000000000000e+00 3.299999999999997868e+01 5.774999999999997158e+01 0.000000000000000000e+00 0.000000000000000000e+00 3.352272727272725916e+01 4.709999999999997300e+01 0.000000000000000000e+00 0.000000000000000000e+00 0.000000000000000000e+00
0.000000000000000000e+00 0.000000000000000000e+00 0.000000000000000000e+00 2.866666666666665719e+01 1.383139534883720323e+01 2.341973969631235164e+01 2.795454545454543904e+01 2.153200000000000003e+01 3.415625000000000000e+01 2.619779582366588500e+01 4.025877192982454744e+01 2.137345385347287774e+01 5.194642857142855519e+01 5.928571428571428470e+01 4.404761904761902258e+01 6.481915689698178440e+00 1.170166379804933854e+01 3.573513513513511697e+01 5.325331125827812428e+01 0.000000000000000000e+00 0.000000000000000000e+00 0.000000000000000000e+00 0.000000000000000000e+00 9.349999999999998579e+01 0.000000000000000000e+00 0.000000000000000000e+00 0.000000000000000000e+00 9.199999999999998579e+01 6.883333333333330017e+01 7.117307692307689138e+01 7.549999999999997158e+01 7.319166666666663446e+01 6.046052631578945125e+01 8.150000000000002842e+01 0.000000000000000000e+00 0.000000000000000000e+00 0.000000000000000000e+00 1.595667989417988508e+01 2.370274255381891493e+01 4.229411764705881183e+01 0.000000000000000000e+00 5.199999999999996447e+01 7.924999999999998579e+01 6.500000000000000000e+01 9.132930513595157507e+00 5.300000000000000000e+01 0.000000000000000000e+00 0.000000000000000000e+00 3.849999999999997158e+01 0.000000000000000000e+00 5.349999999999997158e+01 3.539999999999995595e+01 3.678571428571424207e+01 0.000000000000000000e+00 3.504166666666665009e+01 6.549999999999995737e+01 5.549999999999996447e+01 8.600000000000000000e+01 1.516666666666666430e+01 2.204255319148935754e+01 3.529545454545453254e+01 4.899999999999997868e+01 0.000000000000000000e+00 0.000000000000000000e+00 0.000000000000000000e+00 0.000000000000000000e+00 0.000000000000000000e+00 0.000000000000000000e+00 0.000000000000000000e+00 0.000000000000000000e+00 0.000000000000000000e+00 0.000000000000000000e+00 0.000000000000000000e+00 0.000000000000000000e+00 6.949999999999995737e+01 5.789999999999995595e+01 0.000000000000000000e+00 0.000000000000000000e+00 0.000000000000000000e+00 0.000000000000000000e+00 3.263333333333331154e+01 3.532608695652172770e+01 5.749999999999998579e+01 0.000000000000000000e+00 0.000000000000000000e+00 0.000000000000000000e+00 0.000000000000000000e+00 2.562499999999999645e+01 0.000000000000000000e+00
0.000000000000000000e+00 0.000000000000000000e+00 0.000000000000000000e+00 3.499999999999997158e+01 2.866666666666667140e+01 3.353333333333332433e+01 0.000000000000000000e+00 2.800000000000000355e+01 2.696036585365853711e+01 2.456683804627248335e+01 2.498798076923075939e+01 1.786776859504131565e+01 4.216216216216215429e+01 3.387500000000000000e+01 5.045945945945944544e+01 1.170166379804933854e+01 8.845272206303722129e+00 1.726119969627941586e+01 3.668011811023620794e+01 0.000000000000000000e+00 7.650000000000001421e+01 0.000000000000000000e+00 0.000000000000000000e+00 0.000000000000000000e+00 0.000000000000000000e+00 7.050000000000001421e+01 5.149999999999998579e+01 0.000000000000000000e+00 4.614285714285713169e+01 5.392105263157892381e+01 6.124999999999998579e+01 5.470718232044196583e+01 3.940624999999998579e+01 0.000000000000000000e+00 0.000000000000000000e+00 0.000000000000000000e+00 0.000000000000000000e+00 1.816867469879517216e+01 2.507986111111110006e+01 3.309259259259258812e+01 0.000000000000000000e+00 4.981249999999997868e+01 5.524999999999999289e+01 4.549999999999997868e+01 3.033333333333331439e+01 4.763157894736843190e+01 0.000000000000000000e+00 3.549999999999999289e+01 3.487499999999998579e+01 0.000000000000000000e+00 3.449999999999998579e+01 2.481249999999997158e+01 3.074444444444441515e+01 3.400000000000000000e+01 2.419841269841268883e+01 2.874999999999996447e+01 3.589999999999999858e+01 3.249999999999992184e+01 1.713888888888888573e+01 1.199180327868852025e+01 1.528289473684209909e+01 3.488888888888888573e+01 0.000000000000000000e+00 0.000000000000000000e+00 0.000000000000000000e+00 0.000000000000000000e+00 0.000000000000000000e+00 0.000000000000000000e+00 0.000000000000000000e+00 0.000000000000000000e+00 0.000000000000000000e+00 0.000000000000000000e+00 0.000000000000000000e+00 6.049999999999997158e+01 5.949999999999997158e+01 3.971428571428570109e+01 0.000000000000000000e+00 0.000000000000000000e+00 0.000000000000000000e+00 0.000000000000000000e+00 2.468749999999998224e+01 3.083695652173911128e+01 3.750000000000002132e+01 0.000000000000000000e+00 6.049999999999997158e+01 0.000000000000000000e+00 0.000000000000000000e+00 2.912500000000000711e+01 0.000000000000000000e+00
