0.000000000000000000e+00 0.000000000000000000e+00 0.000000000000000000e+00 0.000000000000000000e+00 0.000000000000000000e+00 0.000000000000000000e+00 0.000000000000000000e+00 0.000000000000000000e+00 0.000000000000000000e+00 0.000000000000000000e+00 0.000000000000000000e+00 0.000000000000000000e+00 0.000000000000000000e+00 0.000000000000000000e+00 0.000000000000000000e+00 0.000000000000000000e+00 0.000000000000000000e+00 0.000000000000000000e+00 0.000000000000000000e+00 0.000000000000000000e+00 0.000000000000000000e+00 0.000000000000000000e+00 0.000000000000000000e+00 0.000000000000000000e+00 0.000000000000000000e+00 0.000000000000000000e+00 0.000000000000000000e+00 0.000000000000000000e+00 0.000000000000000000e+00 0.000000000000000000e+00 0.000000000000000000e+00 0.000000000000000000e+00 0.000000000000000000e+00 0.000000000000000000e+00 0.000000000000000000e+00 0.000000000000000000e+00 0.000000000000000000e+00 0.000000000000000000e+00 0.000000000000000000e+00 0.000000000000000000e+00 0.000000000000000000e+00 0.000000000000000000e+00 0.000000000000000000e+00 0.000000000000000000e+00 0.000000000000000000e+00 0.000000000000000000e+00 0.000000000000000000e+00 0.000000000000000000e+00 0.000000000000000000e+00 0.000000000000000000e+00 0.000000000000000000e+00 0.000000000000000000e+00 0.000000000000000000e+00 0.000000000000000000e+00 0.000000000000000000e+00 0.000000000000000000e+00 0.000000000000000000e+00 0.000000000000000000e+00 0.000000000000000000e+00 0.000000000000000000e+00 0.000000000000000000e+00 0.000000000000000000e+00 0.000000000000000000e+00 0.000000000000000000e+00 0.000000000000000000e+00 0.000000000000000000e+00 0.000000000000000000e+00 0.000000000000000000e+00 0.000000000000000000e+00 0.000000000000000000e+00 0.000000000000000000e+00 0.000000000000000000e+00 0.000000000000000000e+00 0.000000000000000000e+00 0.000000000000000000e+00 0.000000000000000000e+00 0.000000000000000000e+00 0.000000000000000000e+00 0.000000000000000000e+00 0.000000000000000000e+00 0.000000000000000000e+00 0.000000000000000000e+00 0.000000000000000000e+00 0.000000000000000000e+00 0.000000000000000000e+00 0.000000000000000000e+00 0.000000000000000000e+00 0.000000000000000000e+00 0.000000000000000000e+00
0.000000000000000000e+00 0.000000000000000000e+00 0.000000000000000000e+00 0.000000000000000000e+00 0.000000000000000000e+00 0.000000000000000000e+00 0.000000000000000000e+00 0.000000000000000000e+00 0.000000000000000000e+00 0.000000000000000000e+00 0.000000000000000000e+00 0.000000000000000000e+00 0.000000000000000000e+00 0.000000000000000000e+00 0.000000000000000000e+00 0.000000000000000000e+00 0.000000000000000000e+00 0.000000000000000000e+00 0.000000000000000000e+00 0.000000000000000000e+00 0.000000000000000000e+00 0.000000000000000000e+00 0.000000000000000000e+00 0.000000000000000000e+00 0.000000000000000000e+00 0.000000000000000000e+00 0.000000000000000000e+00 0.000000000000000000e+00 0.000000000000000000e+00 0.000000000000000000e+00 0.000000000000000000e+00 0.000000000000000000e+00 0.000000000000000000e+00 0.000000000000000000e+00 0.000000000000000000e+00 0.000000000000000000e+00 0.000000000000000000e+00 0.000000000000000000e+00 0.000000000000000000e+00 0.000000000000000000e+00 0.000000000000000000e+00 0.000000000000000000e+00 0.000000000000000000e+00 0.000000000000000000e+00 0.000000000000000000e+00 0.000000000000000000e+00 0.000000000000000000e+00 0.000000000000000000e+00 0.000000000000000000e+00 0.000000000000000000e+00 0.000000000000000000e+00 0.000000000000000000e+00 0.000000000000000000e+00 0.000000000000000000e+00 0.000000000000000000e+00 0.000000000000000000e+00 0.000000000000000000e+00 0.000000000000000000e+00 0.000000000000000000e+00 0.000000000000000000e+00 0.000000000000000000e+00 0.000000000000000000e+00 0.000000000000000000e+00 0.000000000000000000e+00 0.000000000000000000e+00 0.000000000000000000e+00 0.000000000000000000e+00 0.000000000000000000e+00 0.000000000000000000e+00 0.000000000000000000e+00 0.000000000000000000e+00 0.000000000000000000e+00 0.000000000000000000e+00 0.000000000000000000e+00 0.000000000000000000e+00 0.000000000000000000e+00 0.000000000000000000e+00 0.000000000000000000e+00 0.000000000000000000e+00 0.000000000000000000e+00 0.000000000000000000e+00 0.000000000000000000e+00 0.000000000000000000e+00 0.000000000000000000e+00 0.000000000000000000e+00 0.000000000000000000e+00 0.000000000000000000e+00 0.000000000000000000e+00 0.000000000000000000e+00
0.000000000000000000e+00 0.000000000000000000e+00 0.000000000000000000e+00 0.000000000000000000e+00 0.000000000000000000e+00 0.000000000000000000e+00 0.000000000000000000e+00 0.000000000000000000e+00 0.000000000000000000e+00 0.000000000000000000e+00 0.000000000000000000e+00 0.000000000000000000e+00 0.000000000000000000e+00 0.000000000000000000e+00 0.000000000000000000e+00 0.000000000000000000e+00 0.000000000000000000e+00 0.000000000000000000e+00 0.000000000000000000e+00 0.000000000000000000e+00 0.000000000000000000e+00 0.000000000000000000e+00 0.000000000000000000e+00 0.000000000000000000e+00 0.000000000000000000e+00 0.000000000000000000e+00 0.000000000000000000e+00 0.000000000000000000e+00 0.000000000000000000e+00 0.000000000000000000e+00 0.000000000000000000e+00 0.000000000000000000e+00 0.000000000000000000e+00 0.000000000000000000e+00 0.000000000000000000e+00 0.000000000000000000e+00 0.000000000000000000e+00 0.000000000000000000e+00 0.000000000000000000e+00 0.000000000000000000e+00 0.000000000000000000e+00 0.000000000000000000e+00 0.000000000000000000e+00 0.000000000000000000e+00 0.000000000000000000e+00 0.000000000000000000e+00 0.000000000000000000e+00 0.000000000000000000e+00 0.000000000000000000e+00 0.000000000000000000e+00 0.000000000000000000e+00 0.000000000000000000e+00 0.000000000000000000e+00 0.000000000000000000e+00 0.000000000000000000e+00 0.000000000000000000e+00 0.000000000000000000e+00 0.000000000000000000e+00 0.000000000000000000e+00 0.000000000000000000e+00 0.000000000000000000e+00 0.000000000000000000e+00 0.000000000000000000e+00 0.000000000000000000e+00 0.000000000000000000e+00 0.000000000000000000e+00 0.000000000000000000e+00 0.000000000000000000e+00 0.000000000000000000e+00 0.000000000000000000e+00 0.000000000000000000e+00 0.000000000000000000e+00 0.000000000000000000e+00 0.000000000000000000e+00 0.000000000000000000e+00 0.000000000000000000e+00 0.000000000000000000e+00 0.000000000000000000e+00 0.000000000000000000e+00 0.000000000000000000e+00 0.000000000000000000e+00 0.000000000000000000e+00 0.000000000000000000e+00 0.000000000000000000e+00 0.000000000000000000e+00 0.000000000000000000e+00 0.000000000000000000e+00 0.000000000000000000e+00 0.000000000000000000e+00
0.000000000000000000e+00 0.000000000000000000e+00 0.000000000000000000e+00 4.473760932944602864e+00 6.568322981366455870e+00 9.110340479192933216e+00 0.000000000000000000e+00 3.349999999999997158e+01 0.000000000000000000e+00 8.571197411003231181e+00 0.000000000000000000e+00 6.514218009478669913e+00 6.399999999999997158e+01 0.000000000000000000e+00 4.100000000000000000e+01 2.837499999999997868e+01 3.950000000000001421e+01 0.000000000000000000e+00 0.000000000000000000e+00 0.000000000000000000e+00 0.000000000000000000e+00 0.000000000000000000e+00 0.000000000000000000e+00 0.000000000000000000e+00 0.000000000000000000e+00 0.000000000000000000e+00 0.000000000000000000e+00 0.000000000000000000e+00 0.000000000000000000e+00 0.000000000000000000e+00 0.000000000000000000e+00 0.000000000000000000e+00 0.000000000000000000e+00 0.000000000000000000e+00 0.000000000000000000e+00 0.000000000000000000e+00 0.000000000000000000e+00 2.887096774193546267e+01 3.109426229508193629e+01 0.000000000000000000e+00 0.000000000000000000e+00 0.000000000000000000e+00 0.000000000000000000e+00 0.000000000000000000e+00 3.516666666666665009e+01 0.000000000000000000e+00 0.000000000000000000e+00 0.000000000000000000e+00 0.000000000000000000e+00 0.000000000000000000e+00 0.000000000000000000e+00 0.000000000000000000e+00 0.000000000000000000e+00 0.000000000000000000e+00 0.000000000000000000e+00 0.000000000000000000e+00 0.000000000000000000e+00 0.000000000000000000e+00 0.000000000000000000e+00 0.000000000000000000e+00 0.000000000000000000e+00 0.000000000000000000e+00 0.000000000000000000e+00 0.000000000000000000e+00 0.000000000000000000e+00 0.000000000000000000e+00 0.000000000000000000e+00 0.000000000000000000e+00 0.000000000000000000e+00 0.000000000000000000e+00 0.000000000000000000e+00 0.000000000000000000e+00 0.000000000000000000e+00 0.000000000000000000e+00 0.000000000000000000e+00 0.000000000000000000e+00 0.000000000000000000e+00 0.000000000000000000e+00 0.000000000000000000e+00 0.000000000000000000e+00 0.000000000000000000e+00 0.000000000000000000e+00 0.000000000000000000e+00 0.000000000000000000e+00 0.000000000000000000e+00 0.000000000000000000e+00 0.000000000000000000e+00 0.000000000000000000e+00 0.000000000000000000e+00
0.000000000000000000e+00 0.000000000000000000e+00 0.000000000000000000e+00 6.568322981366455870e+00 9.032765011119343157e+00 9.072489129281999354e+00 2.366216216216215784e+01 2.333104395604394554e+01 3.669444444444444287e+01 1.787017846862405435e+01 4.431818181818179880e+01 1.508707009142358935e+01 5.937500000000000000e+01 6.599999999999997158e+01 2.629213483146065755e+01 1.381311881188118385e+01 2.876351351351351227e+01 5.507999999999998408e+01 6.374999999999994316e+01 0.000000000000000000e+00 0.000000000000000000e+00 0.000000000000000000e+00 0.000000000000000000e+00 0.000000000000000000e+00 0.000000000000000000e+00 3.749999999999997868e+01 0.000000000000000000e+00 0.000000000000000000e+00 6.549999999999998579e+01 5.449999999999998579e+01 0.000000000000000000e+00 9.000000000000000000e+01 6.299999999999995026e+01 0.000000000000000000e+00 0.000000000000000000e+00 0.000000000000000000e+00 0.000000000000000000e+00 1.235544747081711492e+01 1.940886033141696743e+01 3.217857142857141639e+01 0.000000000000000000e+00 4.919999999999997442e+01 0.000000000000000000e+00 3.250000000000000000e+01 5.432289034866091271e+00 6.736842105263153968e+00 0.000000000000000000e+00 0.000000000000000000e+00 3.749999999999997868e+01 0.000000000000000000e+00 0.000000000000000000e+00 0.000000000000000000e+00 4.216666666666665719e+01 0.000000000000000000e+00 3.766666666666661456e+01 0.000000000000000000e+00 0.000000000000000000e+00 0.000000000000000000e+00 3.449999999999997868e+01 3.099999999999997158e+01 5.949999999999999289e+01 5.349999999999999289e+01 0.000000000000000000e+00 0.000000000000000000e+00 0.000000000000000000e+00 0.000000000000000000e+00 0.000000000000000000e+00 0.000000000000000000e+00 0.000000000000000000e+00 0.000000000000000000e+00 0.000000000000000000e+00 0.000000000000000000e+00 0.000000000000000000e+00 0.000000000000000000e+00 0.000000000000000000e+00 0.000000000000000000e+00 0.000000000000000000e+00 0.000000000000000000e+00 0.000000000000000000e+00 0.000000000000000000e+00 1.833333333333331439e+01 5.387499999999997868e+01 0.000000000000000000e+00 0.000000000000000000e+00 0.000000000000000000e+00 0.000000000000000000e+00 0.000000000000000000e+00 2.399999999999997158e+01 6.999999999999995559e+00
0.000000000000000000e+00 0.000000000000000000e+00 0.000000000000000000e+00 9.110340479192933216e+00 9.072489129281999354e+00 1.345579146730461950e+01 1.003486884197056739e+01 1.474330449114132158e+01 2.700656167979001765e+01 1.626211996713228558e+01 4.477142857142855803e+01 2.308382553384823765e+01 5.950000000000000000e+01 0.000000000000000000e+00 2.075083056478404231e+01 1.901735647530038875e+01 3.115454545454544188e+01 5.443333333333330870e+01 6.442857142857137376e+01 0.000000000000000000e+00 0.000000000000000000e+00 0.000000000000000000e+00 4.466666666666665719e+01 0.000000000000000000e+00 3.741666666666662877e+01 3.126315789473683182e+01 0.000000000000000000e+00 5.433333333333331439e+01 0.000000000000000000e+00 6.828571428571423496e+01 7.083333333333332860e+01 7.733333333333332860e+01 6.774999999999997158e+01 0.000000000000000000e+00 0.000000000000000000e+00 0.000000000000000000e+00 0.000000000000000000e+00 1.733900279589934001e+01 1.934648511716274655e+01 2.610576923076922284e+01 0.000000000000000000e+00 4.828571428571428470e+01 2.662499999999998579e+01 2.328225806451612101e+01 2.111231884057969665e+01 3.960714285714283989e+01 0.000000000000000000e+00 0.000000000000000000e+00 3.199999999999997513e+01 0.000000000000000000e+00 0.000000000000000000e+00 0.000000000000000000e+00 5.264285714285709616e+01 6.300000000000002132e+01 4.429999999999994742e+01 0.000000000000000000e+00 0.000000000000000000e+00 0.000000000000000000e+00 3.919999999999997442e+01 2.900000000000000000e+01 0.000000000000000000e+00 6.450000000000000000e+01 0.000000000000000000e+00 0.000000000000000000e+00 0.000000000000000000e+00 0.000000000000000000e+00 0.000000000000000000e+00 0.000000000000000000e+00 0.000000000000000000e+00 0.000000000000000000e+00 0.000000000000000000e+00 0.000000000000000000e+00 0.000000000000000000e+00 0.000000000000000000e+00 0.000000000000000000e+00 0.000000000000000000e+00 0.000000000000000000e+00 0.000000000000000000e+00 0.000000000000000000e+00 0.000000000000000000e+00 4.138888888888885731e+01 4.714285714285712459e+01 0.000000000000000000e+00 0.000000000000000000e+00 0.000000000000000000e+00 0.000000000000000000e+00 0.000000000000000000e+00 5.599999999999997868e+01 2.750000000000000000e+01
0.000000000000000000e+00 0.000000000000000000e+00 0.000000000000000000e+00 0.000000000000000000e+00 2.366216216216215784e+01 1.003486884197056739e+01 8.475370811206735411e+00 7.936470215462608557e+00 2.081197771587742906e+01 1.476444689047880665e+01 4.949999999999996447e+01 3.122962962962961697e+01 6.049999999999997868e+01 0.000000000000000000e+00 2.679999999999998295e+01 2.941666666666665719e+01 3.450000000000000000e+01 0.000000000000000000e+00 0.000000000000000000e+00 0.000000000000000000e+00 0.000000000000000000e+00 0.000000000000000000e+00 0.000000000000000000e+00 0.000000000000000000e+00 0.000000000000000000e+00 0.000000000000000000e+00 0.000000000000000000e+00 0.000000000000000000e+00 0.000000000000000000e+00 6.250000000000002132e+01 0.000000000000000000e+00 0.000000000000000000e+00 0.000000000000000000e+00 0.000000000000000000e+00 0.000000000000000000e+00 0.000000000000000000e+00 0.000000000000000000e+00 2.762499999999998579e+01 2.891262135922329080e+01 0.000000000000000000e+00 0.000000000000000000e+00 0.000000000000000000e+00 2.549999999999998934e+01 0.000000000000000000e+00 4.049999999999994316e+01 4.349999999999998579e+01 0.000000000000000000e+00 0.000000000000000000e+00 0.000000000000000000e+00 0.000000000000000000e+00 0.000000000000000000e+00 0.000000000000000000e+00 5.249999999999992184e+01 0.000000000000000000e+00 0.000000000000000000e+00 0.000000000000000000e+00 0.000000000000000000e+00 0.000000000000000000e+00 0.000000000000000000e+00 0.000000000000000000e+00 0.000000000000000000e+00 0.000000000000000000e+00 0.000000000000000000e+00 0.000000000000000000e+00 0.000000000000000000e+00 0.000000000000000000e+00 0.000000000000000000e+00 0.000000000000000000e+00 0.000000000000000000e+00 0.000000000000000000e+00 0.000000000000000000e+00 0.000000000000000000e+00 0.000000000000000000e+00 0.000000000000000000e+00 0.000000000000000000e+00 0.000000000000000000e+00 0.000000000000000000e+00 0.000000000000000000e+00 0.000000000000000000e+00 0.000000000000000000e+00 0.000000000000000000e+00 0.000000000000000000e+00 0.000000000000000000e+00 0.000000000000000000e+00 0.000000000000000000e+00 0.000000000000000000e+00 0.000000000000000000e+00 0.000000000000000000e+00 0.000000000000000000e+00
0.000000000000000000e+00 0.000000000000000000e+00 0.000000000000000000e+00 3.349999999999997158e+01 2.333104395604394554e+01 1.474330449114132158e+01 7.936470215462608557e+00 8.569663855564792598e+00 9.070358480470835261e+00 1.860007936507935966e+01 3.465217391304345540e+01 2.404616087751369946e+01 3.884999999999999432e+01 6.300000000000000000e+01 3.007094594594593318e+01 1.978152492668621321e+01 2.533333333333331794e+01 5.021874999999996447e+01 5.366666666666668561e+01 0.000000000000000000e+00 0.000000000000000000e+00 0.000000000000000000e+00 0.000000000000000000e+00 0.000000000000000000e+00 5.749999999999995026e+01 2.699999999999998224e+01 0.000000000000000000e+00 0.000000000000000000e+00 4.284482758620689680e+01 3.756249999999998579e+01 6.366666666666665009e+01 5.742857142857142350e+01 6.549999999999998579e+01 0.000000000000000000e+00 0.000000000000000000e+00 0.000000000000000000e+00 7.249999999999998579e+01 2.806666666666665932e+01 2.641878172588830509e+01 3.449999999999998579e+01 0.000000000000000000e+00 4.599999999999996447e+01 0.000000000000000000e+00 2.649999999999998224e+01 3.245454545454543194e+01 5.249999999999997158e+01 0.000000000000000000e+00 0.000000000000000000e+00 0.000000000000000000e+00 0.000000000000000000e+00 5.349999999999994316e+01 0.000000000000000000e+00 4.337499999999997158e+01 5.399999999999997868e+01 4.399999999999998579e+01 0.000000000000000000e+00 0.000000000000000000e+00 0.000000000000000000e+00 2.533333333333333215e+01 2.574999999999996447e+01 0.000000000000000000e+00 0.000000000000000000e+00 0.000000000000000000e+00 0.000000000000000000e+00 0.000000000000000000e+00 0.000000000000000000e+00 0.000000000000000000e+00 0.000000000000000000e+00 0.000000000000000000e+00 0.000000000000000000e+00 0.000000000000000000e+00 0.000000000000000000e+00 0.000000000000000000e+00 0.000000000000000000e+00 0.000000000000000000e+00 0.000000000000000000e+00 0.000000000000000000e+00 0.000000000000000000e+00 0.000000000000000000e+00 0.000000000000000000e+00 3.499999999999997158e+01 5.299999999999992895e+01 0.000000000000000000e+00 0.000000000000000000e+00 0.000000000000000000e+00 0.000000000000000000e+00 0.000000000000000000e+00 0.000000000000000000e+00 0.000000000000000000e+00
0.000000000000000000e+00 0.000000000000000000e+00 0.000000000000000000e+00 0.000000000000000000e+00 3.669444444444444287e+01 2.700656167979001765e+01 2.081197771587742906e+01 9.070358480470835261e+00 1.406508875739644537e+01 1.904113166485309350e+01 2.197289156626505857e+01 2.934849545136459170e+01 9.427494908350306346e+00 4.450000000000002842e+01 1.986263736263735424e+01 3.364572864321607426e+01 2.752877697841725890e+01 4.298076923076921219e+01 5.977777777777775015e+01 0.000000000000000000e+00 6.799999999999998579e+01 5.949999999999997158e+01 5.949999999999999289e+01 8.059999999999998010e+01 5.224999999999997868e+01 5.497999999999998266e+01 6.149999999999997868e+01 4.533653846153845990e+01 2.403457446808510056e+01 2.556376903553298519e+01 4.748095238095238102e+01 5.039090909090909065e+01 5.568181818181817277e+01 5.434999999999998721e+01 6.222727272727272663e+01 5.649999999999997158e+01 6.191666666666665719e+01 2.352821522309710289e+01 1.668852013057670902e+01 2.147058823529411242e+01 0.000000000000000000e+00 4.366666666666665009e+01 6.674999999999997158e+01 3.331818181818182012e+01 3.745000000000000284e+01 2.988805970149254065e+01 0.000000000000000000e+00 0.000000000000000000e+00 0.000000000000000000e+00 0.000000000000000000e+00 0.000000000000000000e+00 0.000000000000000000e+00 4.624999999999992895e+01 0.000000000000000000e+00 4.119999999999997442e+01 0.000000000000000000e+00 0.000000000000000000e+00 0.000000000000000000e+00 3.549999999999997868e+01 3.349999999999999289e+01 5.724999999999995737e+01 0.000000000000000000e+00 0.000000000000000000e+00 0.000000000000000000e+00 0.000000000000000000e+00 0.000000000000000000e+00 0.000000000000000000e+00 0.000000000000000000e+00 0.000000000000000000e+00 0.000000000000000000e+00 0.000000000000000000e+00 0.000000000000000000e+00 0.000000000000000000e+00 0.000000000000000000e+00 0.000000000000000000e+00 6.749999999999997158e+01 0.000000000000000000e+00 0.000000000000000000e+00 0.000000000000000000e+00 0.000000000000000000e+00 3.349999999999999289e+01 5.299999999999995737e+01 0.000000000000000000e+00 0.000000000000000000e+00 0.000000000000000000e+00 0.000000000000000000e+00 0.000000000000000000e+00 4.850000000000003553e+01 0.000000000000000000e+00
0.000000000000000000e+00 0.000000000000000000e+00 0.000000000000000000e+00 8.571197411003231181e+00 1.787017846862405435e+01 1.626211996713228558e+01 1.476444689047880665e+01 1.860007936507935966e+01 1.904113166485309350e+01 1.205129540675579136e+01 1.316503038803178960e+01 1.589516061040384010e+01 3.552492211838005431e+01 5.079999999999996874e+01 2.696793002915450543e+01 2.224029850746267911e+01 2.541889312977098214e+01 4.399696969696967841e+01 5.588888888888888573e+01 0.000000000000000000e+00 7.999999999999997158e+01 0.000000000000000000e+00 0.000000000000000000e+00 0.000000000000000000e+00 6.449999999999997158e+01 6.874999999999997158e+01 7.099999999999998579e+01 6.344444444444442155e+01 4.416292134831458327e+01 3.755844155844153676e+01 6.091666666666664298e+01 5.903313253012048278e+01 5.632342657342655912e+01 6.278124999999998579e+01 6.738461538461537259e+01 0.000000000000000000e+00 5.899999999999997868e+01 2.537324414715716969e+01 2.781948860625328734e+01 3.978389830508473324e+01 0.000000000000000000e+00 4.340789473684209554e+01 5.689999999999997726e+01 4.416666666666666430e+01 3.221428571428568688e+01 4.343684210526314615e+01 0.000000000000000000e+00 0.000000000000000000e+00 5.433333333333329307e+01 0.000000000000000000e+00 0.000000000000000000e+00 4.249999999999992895e+01 4.707894736842100514e+01 6.474999999999992895e+01 4.711538461538456346e+01 6.899999999999991473e+01 0.000000000000000000e+00 7.199999999999995737e+01 3.430952380952379599e+01 3.137499999999998224e+01 4.599999999999998579e+01 6.249999999999992895e+01 0.000000000000000000e+00 0.000000000000000000e+00 0.000000000000000000e+00 0.000000000000000000e+00 0.000000000000000000e+00 0.000000000000000000e+00 0.000000000000000000e+00 0.000000000000000000e+00 0.000000000000000000e+00 0.000000000000000000e+00 8.499999999999995737e+01 0.000000000000000000e+00 7.950000000000000000e+01 0.000000000000000000e+00 0.000000000000000000e+00 0.000000000000000000e+00 0.000000000000000000e+00 0.000000000000000000e+00 3.889285714285711748e+01 4.732499999999996732e+01 0.000000000000000000e+00 0.000000000000000000e+00 0.000000000000000000e+00 0.000000000000000000e+00 0.000000000000000000e+00 3.674999999999997158e+01 3.750000000000002132e+01
0.000000000000000000e+00 0.000000000000000000e+00 0.000000000000000000e+00 0.000000000000000000e+00 4.431818181818179880e+01 4.477142857142855803e+01 4.949999999999996447e+01 3.465217391304345540e+01 2.197289156626505857e+01 1.316503038803178960e+01 1.303750441673817662e+01 2.017776994477734576e+01 1.596357996323529349e+01 3.247959183673470562e+01 2.162920592193808744e+01 3.929761904761903679e+01 2.568893129770991735e+01 2.925918367346938354e+01 5.133139534883721211e+01 0.000000000000000000e+00 6.210000000000000142e+01 4.799999999999997868e+01 6.783333333333332860e+01 8.399999999999997158e+01 6.583333333333332860e+01 5.587857142857142634e+01 8.474999999999997158e+01 4.800000000000000000e+01 2.962017994858611658e+01 3.537861736334404839e+01 4.576299112801014246e+01 4.671544515494343131e+01 4.637190082644627864e+01 4.975984251968503713e+01 5.920238095238094900e+01 5.230000000000001137e+01 5.469999999999998863e+01 2.286632653061223763e+01 2.297318196775254862e+01 2.762444771723122372e+01 0.000000000000000000e+00 2.849367088607595022e+01 6.343750000000000000e+01 3.546052631578945835e+01 3.889999999999999147e+01 3.501158940397350960e+01 0.000000000000000000e+00 0.000000000000000000e+00 0.000000000000000000e+00 0.000000000000000000e+00 0.000000000000000000e+00 5.549999999999998579e+01 6.219999999999996732e+01 5.531249999999999289e+01 4.339999999999997016e+01 0.000000000000000000e+00 0.000000000000000000e+00 0.000000000000000000e+00 0.000000000000000000e+00 3.263043478260868824e+01 3.036363636363634910e+01 6.337500000000000000e+01 0.000000000000000000e+00 0.000000000000000000e+00 0.000000000000000000e+00 0.000000000000000000e+00 0.000000000000000000e+00 0.000000000000000000e+00 0.000000000000000000e+00 0.000000000000000000e+00 0.000000000000000000e+00 6.949999999999995737e+01 6.850000000000000000e+01 0.000000000000000000e+00 0.000000000000000000e+00 0.000000000000000000e+00 0.000000000000000000e+00 0.000000000000000000e+00 0.000000000000000000e+00 0.000000000000000000e+00 4.428571428571425628e+01 4.833333333333331439e+01 0.000000000000000000e+00 0.000000000000000000e+00 5.599999999999994316e+01 0.000000000000000000e+00 0.000000000000000000e+00 0.000000000000000000e+00 0.000000000000000000e+00
0.000000000000000000e+00 0.000000000000000000e+00 0.000000000000000000e+00 6.514218009478669913e+00 1.508707009142358935e+01 2.308382553384823765e+01 3.122962962962961697e+01 2.404616087751369946e+01 2.934849545136459170e+01 1.589516061040384010e+01 2.017776994477734576e+01 1.554126904403147336e+01 2.389220075400565335e+01 1.318462837837837753e+01 2.944965277777777857e+01 1.973692468619245943e+01 1.864858096828045930e+01 2.542039053698835360e+01 3.888811188811187947e+01 0.000000000000000000e+00 8.400000000000000000e+01 0.000000000000000000e+00 1.005000000000000000e+02 9.399999999999997158e+01 7.849999999999994316e+01 6.058695652173911839e+01 5.199999999999999289e+01 5.875000000000000000e+01 3.063805185704274692e+01 4.207692307692308020e+01 5.586643835616438025e+01 4.710978428351310043e+01 4.119171405361494465e+01 5.721052631578947256e+01 7.300000000000000000e+01 0.000000000000000000e+00 6.650000000000000000e+01 2.819192377495461344e+01 3.013245997088790418e+01 3.673799999999999955e+01 0.000000000000000000e+00 3.609729729729729542e+01 7.149999999999998579e+01 4.292452830188679513e+01 3.573749999999997584e+01 4.312107623318385663e+01 0.000000000000000000e+00 4.933333333333330728e+01 4.474999999999997158e+01 0.000000000000000000e+00 4.042857142857138797e+01 3.799999999999995026e+01 4.840999999999997527e+01 5.312499999999995737e+01 1.444983277591972026e+01 3.900000000000001421e+01 1.709999999999999432e+01 4.549999999999997158e+01 2.879999999999999005e+01 2.820454545454543904e+01 4.145833333333330017e+01 4.477272727272725916e+01 0.000000000000000000e+00 0.000000000000000000e+00 0.000000000000000000e+00 0.000000000000000000e+00 0.000000000000000000e+00 0.000000000000000000e+00 0.000000000000000000e+00 0.000000000000000000e+00 0.000000000000000000e+00 0.000000000000000000e+00 6.349999999999995737e+01 8.550000000000002842e+01 7.599999999999997158e+01 6.089999999999996305e+01 0.000000000000000000e+00 0.000000000000000000e+00 0.000000000000000000e+00 0.000000000000000000e+00 3.878947368421049902e+01 4.775490196078428085e+01 0.000000000000000000e+00 0.000000000000000000e+00 4.400000000000001421e+01 0.000000000000000000e+00 0.000000000000000000e+00 4.039285714285712459e+01 0.000000000000000000e+00
0.000000000000000000e+00 0.000000000000000000e+00 0.000000000000000000e+00 6.399999999999997158e+01 5.937500000000000000e+01 5.950000000000000000e+01 6.049999999999997868e+01 3.884999999999999432e+01 9.427494908350306346e+00 3.552492211838005431e+01 1.596357996323529349e+01 2.389220075400565335e+01 1.383254877110397274e+01 7.645451106487612059e+00 2.200517092789429086e+01 5.203124999999997868e+01 3.777391304347824530e+01 2.323481781376518285e+01 3.816969696969697168e+01 6.750000000000000000e+01 5.958536585365852289e+01 5.933333333333332149e+01 5.634999999999998721e+01 6.238888888888886441e+01 4.880357142857143060e+01 2.549421965317919003e+01 3.978125000000000711e+01 4.035752688172043179e+01 1.804399494310998975e+01 2.826711266240062059e+01 4.220101137800252644e+01 3.202739354488744539e+01 3.693209435310937749e+01 4.775000000000000711e+01 5.580468750000000000e+01 4.566666666666666430e+01 5.050000000000000000e+01 2.455059797608096517e+01 2.406359227742704121e+01 2.750925354719309368e+01 0.000000000000000000e+00 2.746147798742139656e+01 4.927777777777777857e+01 3.682962962962963616e+01 0.000000000000000000e+00 3.511385350318471410e+01 0.000000000000000000e+00 0.000000000000000000e+00 0.000000000000000000e+00 0.000000000000000000e+00 0.000000000000000000e+00 0.000000000000000000e+00 5.524999999999992895e+01 5.674999999999999289e+01 7.224999999999992895e+01 6.099999999999994316e+01 0.000000000000000000e+00 0.000000000000000000e+00 5.199999999999992895e+01 4.966666666666665009e+01 4.516666666666665719e+01 4.383333333333333570e+01 0.000000000000000000e+00 0.000000000000000000e+00 0.000000000000000000e+00 0.000000000000000000e+00 0.000000000000000000e+00 0.000000000000000000e+00 0.000000000000000000e+00 0.000000000000000000e+00 0.000000000000000000e+00 0.000000000000000000e+00 0.000000000000000000e+00 0.000000000000000000e+00 0.000000000000000000e+00 0.000000000000000000e+00 0.000000000000000000e+00 0.000000000000000000e+00 0.000000000000000000e+00 0.000000000000000000e+00 4.799999999999996447e+01 5.320000000000000284e+01 0.000000000000000000e+00 0.000000000000000000e+00 4.599999999999998579e+01 0.000000000000000000e+00 0.000000000000000000e+00 0.000000000000000000e+00 0.000000000000000000e+00
0.000000000000000000e+00 0.000000000000000000e+00 0.000000000000000000e+00 0.000000000000000000e+00 6.599999999999997158e+01 0.000000000000000000e+00 0.000000000000000000e+00 6.300000000000000000e+01 4.450000000000002842e+01 5.079999999999996874e+01 3.247959183673470562e+01 1.318462837837837753e+01 7.645451106487612059e+00 8.209527157672701136e+00 3.276190476190475920e+01 5.189999999999996305e+01 3.363793103448274735e+01 1.175892857142856762e+01 1.884210526315790091e+01 0.000000000000000000e+00 6.099999999999999289e+01 0.000000000000000000e+00 0.000000000000000000e+00 0.000000000000000000e+00 0.000000000000000000e+00 2.449999999999999289e+01 5.750000000000000000e+01 0.000000000000000000e+00 1.061146365015864745e+01 3.234838709677419644e+01 4.280000000000000426e+01 1.405748373101952353e+01 1.251554404145077726e+01 6.550000000000000000e+01 0.000000000000000000e+00 0.000000000000000000e+00 0.000000000000000000e+00 2.599999999999999645e+01 3.560476190476190794e+01 3.860714285714284699e+01 0.000000000000000000e+00 3.114285714285714235e+01 0.000000000000000000e+00 0.000000000000000000e+00 0.000000000000000000e+00 4.687500000000000711e+01 0.000000000000000000e+00 0.000000000000000000e+00 0.000000000000000000e+00 0.000000000000000000e+00 0.000000000000000000e+00 0.000000000000000000e+00 0.000000000000000000e+00 0.000000000000000000e+00 2.699999999999998934e+01 0.000000000000000000e+00 0.000000000000000000e+00 0.000000000000000000e+00 0.000000000000000000e+00 0.000000000000000000e+00 0.000000000000000000e+00 0.000000000000000000e+00 0.000000000000000000e+00 0.000000000000000000e+00 0.000000000000000000e+00 0.000000000000000000e+00 0.000000000000000000e+00 0.000000000000000000e+00 0.000000000000000000e+00 0.000000000000000000e+00 0.000000000000000000e+00 0.000000000000000000e+00 0.000000000000000000e+00 0.000000000000000000e+00 0.000000000000000000e+00 0.000000000000000000e+00 0.000000000000000000e+00 0.000000000000000000e+00 0.000000000000000000e+00 0.000000000000000000e+00 0.000000000000000000e+00 0.000000000000000000e+00 0.000000000000000000e+00 0.000000000000000000e+00 0.000000000000000000e+00 0.000000000000000000e+00 0.000000000000000000e+00 0.000000000000000000e+00 0.000000000000000000e+00
0.000000000000000000e+00 0.000000000000000000e+00 0.000000000000000000e+00 4.100000000000000000e+01 2.629213483146065755e+01 2.075083056478404231e+01 2.679999999999998295e+01 3.007094594594593318e+01 1.986263736263735424e+01 2.696793002915450543e+01 2.162920592193808744e+01 2.944965277777777857e+01 2.200517092789429086e+01 3.276190476190475920e+01 1.062342554443790377e+01 3.564285714285712459e+01 2.884302325581394300e+01 2.450621118012421462e+01 2.543899289864428326e+01 1.275000000000000000e+01 3.377155172413792172e+01 3.453636363636361750e+01 2.352822580645161210e+01 1.572604790419160814e+01 2.158599999999999852e+01 2.271741552172298029e+01 2.171229586935638167e+01 2.683856502242151620e+01 1.813909195844555455e+01 2.158765501691093647e+01 4.444692518605560139e+01 3.462403474903474176e+01 3.468209562563581017e+01 4.539622641509432555e+01 5.168067226890755705e+01 5.583333333333334281e+01 3.332857142857141497e+01 1.566666666666666607e+01 8.192124814264486687e+00 1.850000000000000000e+01 0.000000000000000000e+00 2.125267584097858631e+01 1.455040733197555625e+01 1.057835400225479106e+01 2.745454545454543904e+01 2.147058823529411242e+01 0.000000000000000000e+00 8.349999999999995737e+01 7.449999999999994316e+01 0.000000000000000000e+00 4.849999999999993605e+01 0.000000000000000000e+00 5.549999999999995026e+01 5.208333333333331439e+01 5.466666666666662877e+01 3.900000000000000711e+01 0.000000000000000000e+00 6.400000000000001421e+01 7.249999999999991473e+01 3.785714285714284699e+01 3.524999999999999289e+01 4.089285714285712459e+01 0.000000000000000000e+00 0.000000000000000000e+00 0.000000000000000000e+00 9.250000000000001421e+01 0.000000000000000000e+00 0.000000000000000000e+00 0.000000000000000000e+00 7.250000000000000000e+01 7.199999999999995737e+01 0.000000000000000000e+00 4.883333333333331439e+01 0.000000000000000000e+00 0.000000000000000000e+00 4.683333333333331439e+01 0.000000000000000000e+00 0.000000000000000000e+00 0.000000000000000000e+00 0.000000000000000000e+00 4.174999999999997158e+01 5.416666666666665009e+01 5.816666666666662877e+01 0.000000000000000000e+00 3.634210526315787604e+01 4.449999999999998579e+01 5.500000000000000711e+01 0.000000000000000000e+00 0.000000000000000000e+00
0.000000000000000000e+00 0.000000000000000000e+00 0.000000000000000000e+00 2.837499999999997868e+01 1.381311881188118385e+01 1.901735647530038875e+01 2.941666666666665719e+01 1.978152492668621321e+01 3.364572864321607426e+01 2.224029850746267911e+01 3.929761904761903679e+01 1.973692468619245943e+01 5.203124999999997868e+01 5.189999999999996305e+01 3.564285714285712459e+01 7.590355912743969036e+00 1.104015240328252823e+01 3.846850393700785276e+01 4.954347826086954143e+01 0.000000000000000000e+00 9.649999999999997158e+01 0.000000000000000000e+00 0.000000000000000000e+00 0.000000000000000000e+00 0.000000000000000000e+00 0.000000000000000000e+00 0.000000000000000000e+00 0.000000000000000000e+00 5.874999999999995026e+01 5.892105263157892381e+01 7.274999999999995737e+01 6.755555555555552871e+01 5.165573770491801042e+01 7.999999999999997158e+01 0.000000000000000000e+00 0.000000000000000000e+00 0.000000000000000000e+00 1.558630952380951484e+01 2.437439935931658752e+01 4.062499999999999289e+01 0.000000000000000000e+00 4.412499999999998579e+01 0.000000000000000000e+00 5.219999999999996732e+01 9.731266149870792859e+00 4.795833333333331439e+01 0.000000000000000000e+00 2.599999999999998934e+01 3.566666666666663588e+01 0.000000000000000000e+00 3.357142857142851966e+01 3.100000000000000355e+01 3.349999999999995737e+01 5.333333333333333570e+01 2.832692307692305178e+01 5.299999999999996447e+01 4.549999999999992184e+01 0.000000000000000000e+00 1.515277777777777146e+01 1.986486486486486314e+01 3.699999999999997868e+01 4.844444444444442155e+01 0.000000000000000000e+00 0.000000000000000000e+00 0.000000000000000000e+00 0.000000000000000000e+00 0.000000000000000000e+00 0.000000000000000000e+00 0.000000000000000000e+00 0.000000000000000000e+00 0.000000000000000000e+00 0.000000000000000000e+00 0.000000000000000000e+00 0.000000000000000000e+00 0.000000000000000000e+00 4.699999999999995026e+01 0.000000000000000000e+00 0.000000000000000000e+00 0.000000000000000000e+00 0.000000000000000000e+00 2.087999999999997769e+01 3.310576923076920508e+01 6.600000000000000000e+01 0.000000000000000000e+00 0.000000000000000000e+00 0.000000000000000000e+00 0.000000000000000000e+00 2.974999999999997868e+01 0.000000000000000000e+00
0.000000000000000000e+00 0.000000000000000000e+00 0.000000000000000000e+00 3.950000000000001421e+01 2.876351351351351227e+01 3.115454545454544188e+01 3.450000000000000000e+01 2.533333333333331794e+01 2.752877697841725890e+01 2.541889312977098214e+01 2.568893129770991735e+01 1.864858096828045930e+01 3.777391304347824530e+01 3.363793103448274735e+01 2.884302325581394300e+01 1.104015240328252823e+01 8.453401677539604364e+00 2.295213737668979448e+01 3.430769230769229949e+01 0.000000000000000000e+00 0.000000000000000000e+00 0.000000000000000000e+00 0.000000000000000000e+00 0.000000000000000000e+00 0.000000000000000000e+00 6.299999999999997158e+01 5.199999999999997868e+01 0.000000000000000000e+00 4.328703703703701677e+01 5.137499999999998579e+01 6.861538461538459899e+01 5.231578947368419819e+01 3.707196969696968125e+01 0.000000000000000000e+00 0.000000000000000000e+00 0.000000000000000000e+00 0.000000000000000000e+00 1.888513513513512976e+01 2.605040770941436890e+01 3.277536231884056406e+01 0.000000000000000000e+00 2.969999999999998863e+01 0.000000000000000000e+00 5.219999999999997442e+01 3.112499999999998934e+01 4.029629629629629051e+01 0.000000000000000000e+00 2.824999999999998934e+01 3.520000000000000284e+01 0.000000000000000000e+00 2.989999999999997726e+01 2.637499999999996092e+01 3.038785046728969164e+01 3.522499999999998010e+01 2.492248062015501731e+01 4.349999999999996447e+01 2.849999999999997513e+01 2.224999999999998224e+01 1.724390243902438868e+01 1.005844155844155274e+01 2.076086956521738003e+01 3.498437499999998579e+01 0.000000000000000000e+00 0.000000000000000000e+00 0.000000000000000000e+00 0.000000000000000000e+00 0.000000000000000000e+00 0.000000000000000000e+00 0.000000000000000000e+00 0.000000000000000000e+00 0.000000000000000000e+00 0.000000000000000000e+00 5.499999999999998579e+01 0.000000000000000000e+00 6.149999999999998579e+01 3.204999999999999005e+01 0.000000000000000000e+00 0.000000000000000000e+00 0.000000000000000000e+00 0.000000000000000000e+00 2.371999999999997755e+01 3.446874999999997868e+01 4.749999999999998579e+01 0.000000000000000000e+00 4.300000000000001421e+01 0.000000000000000000e+00 0.000000000000000000e+00 2.294444444444443221e+01 4.000000000000002132e+01
