0.000000000000000000e+00 0.000000000000000000e+00 0.000000000000000000e+00 0.000000000000000000e+00 0.000000000000000000e+00 0.000000000000000000e+00 0.000000000000000000e+00 0.000000000000000000e+00 0.000000000000000000e+00 0.000000000000000000e+00 0.000000000000000000e+00 0.000000000000000000e+00 0.000000000000000000e+00 0.000000000000000000e+00 0.000000000000000000e+00 0.000000000000000000e+00 0.000000000000000000e+00 0.000000000000000000e+00 0.000000000000000000e+00 0.000000000000000000e+00 0.000000000000000000e+00 0.000000000000000000e+00 0.000000000000000000e+00 0.000000000000000000e+00 0.000000000000000000e+00 0.000000000000000000e+00 0.000000000000000000e+00 0.000000000000000000e+00 0.000000000000000000e+00 0.000000000000000000e+00 0.000000000000000000e+00 0.000000000000000000e+00 0.000000000000000000e+00 0.000000000000000000e+00 0.000000000000000000e+00 0.000000000000000000e+00 0.000000000000000000e+00 0.000000000000000000e+00 0.000000000000000000e+00 0.000000000000000000e+00 0.000000000000000000e+00 0.000000000000000000e+00 0.000000000000000000e+00 0.000000000000000000e+00 0.000000000000000000e+00 0.000000000000000000e+00 0.000000000000000000e+00 0.000000000000000000e+00 0.000000000000000000e+00 0.000000000000000000e+00 0.000000000000000000e+00 0.000000000000000000e+00 0.000000000000000000e+00 0.000000000000000000e+00 0.000000000000000000e+00 0.000000000000000000e+00 0.000000000000000000e+00 0.000000000000000000e+00 0.000000000000000000e+00 0.000000000000000000e+00 0.000000000000000000e+00 0.000000000000000000e+00 0.000000000000000000e+00 0.000000000000000000e+00 0.000000000000000000e+00 0.000000000000000000e+00 0.000000000000000000e+00 0.000000000000000000e+00 0.000000000000000000e+00 0.000000000000000000e+00 0.000000000000000000e+00 0.000000000000000000e+00 0.000000000000000000e+00 0.000000000000000000e+00 0.000000000000000000e+00 0.000000000000000000e+00 0.000000000000000000e+00 0.000000000000000000e+00 0.000000000000000000e+00 0.000000000000000000e+00 0.000000000000000000e+00 0.000000000000000000e+00 0.000000000000000000e+00 0.000000000000000000e+00 0.000000000000000000e+00 0.000000000000000000e+00 0.000000000000000000e+00 0.000000000000000000e+00 0.000000000000000000e+00
0.000000000000000000e+00 0.000000000000000000e+00 0.000000000000000000e+00 0.000000000000000000e+00 0.000000000000000000e+00 0.000000000000000000e+00 0.000000000000000000e+00 0.000000000000000000e+00 0.000000000000000000e+00 0.000000000000000000e+00 0.000000000000000000e+00 0.000000000000000000e+00 0.000000000000000000e+00 0.000000000000000000e+00 0.000000000000000000e+00 0.000000000000000000e+00 0.000000000000000000e+00 0.000000000000000000e+00 0.000000000000000000e+00 0.000000000000000000e+00 0.000000000000000000e+00 0.000000000000000000e+00 0.000000000000000000e+00 0.000000000000000000e+00 0.000000000000000000e+00 0.000000000000000000e+00 0.000000000000000000e+00 0.000000000000000000e+00 0.000000000000000000e+00 0.000000000000000000e+00 0.000000000000000000e+00 0.000000000000000000e+00 0.000000000000000000e+00 0.000000000000000000e+00 0.000000000000000000e+00 0.000000000000000000e+00 0.000000000000000000e+00 0.000000000000000000e+00 0.000000000000000000e+00 0.000000000000000000e+00 0.000000000000000000e+00 0.000000000000000000e+00 0.000000000000000000e+00 0.000000000000000000e+00 0.000000000000000000e+00 0.000000000000000000e+00 0.000000000000000000e+00 0.000000000000000000e+00 0.000000000000000000e+00 0.000000000000000000e+00 0.000000000000000000e+00 0.000000000000000000e+00 0.000000000000000000e+00 0.000000000000000000e+00 0.000000000000000000e+00 0.000000000000000000e+00 0.000000000000000000e+00 0.000000000000000000e+00 0.000000000000000000e+00 0.000000000000000000e+00 0.000000000000000000e+00 0.000000000000000000e+00 0.000000000000000000e+00 0.000000000000000000e+00 0.000000000000000000e+00 0.000000000000000000e+00 0.000000000000000000e+00 0.000000000000000000e+00 0.000000000000000000e+00 0.000000000000000000e+00 0.000000000000000000e+00 0.000000000000000000e+00 0.000000000000000000e+00 0.000000000000000000e+00 0.000000000000000000e+00 0.000000000000000000e+00 0.000000000000000000e+00 0.000000000000000000e+00 0.000000000000000000e+00 0.000000000000000000e+00 0.000000000000000000e+00 0.000000000000000000e+00 0.000000000000000000e+00 0.000000000000000000e+00 0.000000000000000000e+00 0.000000000000000000e+00 0.000000000000000000e+00 0.000000000000000000e+00 0.000000000000000000e+00
0.000000000000000000e+00 0.000000000000000000e+00 0.000000000000000000e+00 0.000000000000000000e+00 0.000000000000000000e+00 0.000000000000000000e+00 0.000000000000000000e+00 0.000000000000000000e+00 0.000000000000000000e+00 0.000000000000000000e+00 0.000000000000000000e+00 0.000000000000000000e+00 0.000000000000000000e+00 0.000000000000000000e+00 0.000000000000000000e+00 0.000000000000000000e+00 0.000000000000000000e+00 0.000000000000000000e+00 0.000000000000000000e+00 0.000000000000000000e+00 0.000000000000000000e+00 0.000000000000000000e+00 0.000000000000000000e+00 0.000000000000000000e+00 0.000000000000000000e+00 0.000000000000000000e+00 0.000000000000000000e+00 0.000000000000000000e+00 0.000000000000000000e+00 0.000000000000000000e+00 0.000000000000000000e+00 0.000000000000000000e+00 0.000000000000000000e+00 0.000000000000000000e+00 0.000000000000000000e+00 0.000000000000000000e+00 0.000000000000000000e+00 0.000000000000000000e+00 0.000000000000000000e+00 0.000000000000000000e+00 0.000000000000000000e+00 0.000000000000000000e+00 0.000000000000000000e+00 0.000000000000000000e+00 0.000000000000000000e+00 0.000000000000000000e+00 0.000000000000000000e+00 0.000000000000000000e+00 0.000000000000000000e+00 0.000000000000000000e+00 0.000000000000000000e+00 0.000000000000000000e+00 0.000000000000000000e+00 0.000000000000000000e+00 0.000000000000000000e+00 0.000000000000000000e+00 0.000000000000000000e+00 0.000000000000000000e+00 0.000000000000000000e+00 0.000000000000000000e+00 0.000000000000000000e+00 0.000000000000000000e+00 0.000000000000000000e+00 0.000000000000000000e+00 0.000000000000000000e+00 0.000000000000000000e+00 0.000000000000000000e+00 0.000000000000000000e+00 0.000000000000000000e+00 0.000000000000000000e+00 0.000000000000000000e+00 0.000000000000000000e+00 0.000000000000000000e+00 0.000000000000000000e+00 0.000000000000000000e+00 0.000000000000000000e+00 0.000000000000000000e+00 0.000000000000000000e+00 0.000000000000000000e+00 0.000000000000000000e+00 0.000000000000000000e+00 0.000000000000000000e+00 0.000000000000000000e+00 0.000000000000000000e+00 0.000000000000000000e+00 0.000000000000000000e+00 0.000000000000000000e+00 0.000000000000000000e+00 0.000000000000000000e+00
0.000000000000000000e+00 0.000000000000000000e+00 0.000000000000000000e+00 5.623931623931619939e+00 6.578197674418600371e+00 1.024444444444443647e+01 3.683333333333330728e+01 3.000000000000001066e+01 4.574999999999998579e+01 9.335276967930024483e+00 8.450000000000001421e+01 6.511111111111109295e+00 0.000000000000000000e+00 0.000000000000000000e+00 4.016666666666665009e+01 3.234999999999998010e+01 0.000000000000000000e+00 0.000000000000000000e+00 7.099999999999994316e+01 0.000000000000000000e+00 0.000000000000000000e+00 0.000000000000000000e+00 0.000000000000000000e+00 0.000000000000000000e+00 0.000000000000000000e+00 0.000000000000000000e+00 0.000000000000000000e+00 0.000000000000000000e+00 0.000000000000000000e+00 6.899999999999995737e+01 0.000000000000000000e+00 0.000000000000000000e+00 9.566666666666662877e+01 0.000000000000000000e+00 0.000000000000000000e+00 0.000000000000000000e+00 0.000000000000000000e+00 2.734482758620686838e+01 3.301612903225803564e+01 0.000000000000000000e+00 0.000000000000000000e+00 0.000000000000000000e+00 0.000000000000000000e+00 0.000000000000000000e+00 3.774999999999996447e+01 0.000000000000000000e+00 0.000000000000000000e+00 0.000000000000000000e+00 0.000000000000000000e+00 0.000000000000000000e+00 0.000000000000000000e+00 0.000000000000000000e+00 6.750000000000001421e+01 0.000000000000000000e+00 0.000000000000000000e+00 0.000000000000000000e+00 0.000000000000000000e+00 0.000000000000000000e+00 0.000000000000000000e+00 0.000000000000000000e+00 0.000000000000000000e+00 0.000000000000000000e+00 0.000000000000000000e+00 0.000000000000000000e+00 0.000000000000000000e+00 0.000000000000000000e+00 0.000000000000000000e+00 0.000000000000000000e+00 0.000000000000000000e+00 0.000000000000000000e+00 0.000000000000000000e+00 0.000000000000000000e+00 0.000000000000000000e+00 0.000000000000000000e+00 0.000000000000000000e+00 0.000000000000000000e+00 0.000000000000000000e+00 0.000000000000000000e+00 0.000000000000000000e+00 0.000000000000000000e+00 0.000000000000000000e+00 0.000000000000000000e+00 0.000000000000000000e+00 0.000000000000000000e+00 0.000000000000000000e+00 0.000000000000000000e+00 0.000000000000000000e+00 0.000000000000000000e+00 0.000000000000000000e+00
0.000000000000000000e+00 0.000000000000000000e+00 0.000000000000000000e+00 6.578197674418600371e+00 1.040049056346664180e+01 1.066027531956734897e+01 2.474999999999999289e+01 2.629722921914355993e+01 4.271428571428570820e+01 1.885894441849601932e+01 4.569999999999998153e+01 1.645149572649571823e+01 6.647368421052628662e+01 6.774999999999997158e+01 2.924137931034481497e+01 1.372628205128204470e+01 2.960714285714285054e+01 5.173030303030300558e+01 6.292058823529409750e+01 0.000000000000000000e+00 0.000000000000000000e+00 0.000000000000000000e+00 0.000000000000000000e+00 0.000000000000000000e+00 8.649999999999997158e+01 0.000000000000000000e+00 0.000000000000000000e+00 0.000000000000000000e+00 7.678571428571426338e+01 7.438888888888885731e+01 8.049999999999992895e+01 7.927999999999995850e+01 6.741666666666664298e+01 8.874999999999997158e+01 1.014999999999999716e+02 0.000000000000000000e+00 0.000000000000000000e+00 1.209652605459056574e+01 1.850120409391931275e+01 3.030769230769229594e+01 0.000000000000000000e+00 4.999999999999997158e+01 0.000000000000000000e+00 0.000000000000000000e+00 5.971231300345221982e+00 2.416666666666666430e+01 0.000000000000000000e+00 0.000000000000000000e+00 5.649999999999995737e+01 0.000000000000000000e+00 5.099999999999997868e+01 5.949999999999995026e+01 5.071428571428567267e+01 6.299999999999997868e+01 4.366666666666666430e+01 0.000000000000000000e+00 0.000000000000000000e+00 1.019999999999999858e+02 2.594999999999997797e+01 3.692857142857142350e+01 5.024999999999998579e+01 7.474999999999992895e+01 0.000000000000000000e+00 0.000000000000000000e+00 0.000000000000000000e+00 0.000000000000000000e+00 0.000000000000000000e+00 0.000000000000000000e+00 0.000000000000000000e+00 0.000000000000000000e+00 0.000000000000000000e+00 0.000000000000000000e+00 0.000000000000000000e+00 0.000000000000000000e+00 0.000000000000000000e+00 0.000000000000000000e+00 0.000000000000000000e+00 0.000000000000000000e+00 0.000000000000000000e+00 0.000000000000000000e+00 2.689999999999997726e+01 4.583333333333330728e+01 7.649999999999994316e+01 0.000000000000000000e+00 0.000000000000000000e+00 0.000000000000000000e+00 0.000000000000000000e+00 5.124999999999995737e+01 1.116666666666665719e+01
0.000000000000000000e+00 0.000000000000000000e+00 0.000000000000000000e+00 1.024444444444443647e+01 1.066027531956734897e+01 1.368129469675860577e+01 8.817828251400120720e+00 1.368491680085882223e+01 3.212951807228914447e+01 1.629439147504205820e+01 4.192279411764704378e+01 2.324700326916089921e+01 6.099999999999997868e+01 6.325000000000001421e+01 2.430629539951572937e+01 1.796520963425512107e+01 3.539393939393937671e+01 5.467741935483868332e+01 6.743820224719098633e+01 0.000000000000000000e+00 9.600000000000000000e+01 0.000000000000000000e+00 3.850000000000000711e+01 7.099999999999995737e+01 3.362499999999995026e+01 5.607142857142855519e+01 0.000000000000000000e+00 6.599999999999994316e+01 6.907407407407406197e+01 5.631578947368418397e+01 8.766666666666667140e+01 8.245370370370366686e+01 7.006363636363634839e+01 8.299999999999997158e+01 8.999999999999998579e+01 0.000000000000000000e+00 0.000000000000000000e+00 1.818569780853517059e+01 1.800985560394222773e+01 2.471568627450979605e+01 0.000000000000000000e+00 5.224999999999997158e+01 4.187499999999999289e+01 3.816666666666663588e+01 1.854924242424241498e+01 3.681818181818182012e+01 0.000000000000000000e+00 4.412499999999998579e+01 4.599999999999997868e+01 5.699999999999996447e+01 5.199999999999995737e+01 5.024999999999995737e+01 5.280555555555552871e+01 6.299999999999997158e+01 5.318749999999998579e+01 7.249999999999994316e+01 0.000000000000000000e+00 0.000000000000000000e+00 3.299999999999998579e+01 3.929999999999997584e+01 6.349999999999990052e+01 6.624999999999994316e+01 0.000000000000000000e+00 0.000000000000000000e+00 0.000000000000000000e+00 0.000000000000000000e+00 0.000000000000000000e+00 0.000000000000000000e+00 0.000000000000000000e+00 0.000000000000000000e+00 0.000000000000000000e+00 0.000000000000000000e+00 0.000000000000000000e+00 0.000000000000000000e+00 0.000000000000000000e+00 0.000000000000000000e+00 0.000000000000000000e+00 0.000000000000000000e+00 0.000000000000000000e+00 0.000000000000000000e+00 3.971428571428567267e+01 5.083333333333331439e+01 6.649999999999987210e+01 0.000000000000000000e+00 0.000000000000000000e+00 0.000000000000000000e+00 0.000000000000000000e+00 2.656249999999997158e+01 0.000000000000000000e+00
0.000000000000000000e+00 0.000000000000000000e+00 0.000000000000000000e+00 3.683333333333330728e+01 2.474999999999999289e+01 8.817828251400120720e+00 7.480390122432036826e+00 7.421778277996619266e+00 2.551162790697673444e+01 1.371367694805194226e+01 4.907692307692306599e+01 2.904477611940297166e+01 5.543749999999997158e+01 0.000000000000000000e+00 3.549999999999998579e+01 2.477380952380951840e+01 4.000000000000000000e+01 5.900000000000004974e+01 7.599999999999995737e+01 0.000000000000000000e+00 0.000000000000000000e+00 4.800000000000000711e+01 0.000000000000000000e+00 0.000000000000000000e+00 0.000000000000000000e+00 0.000000000000000000e+00 0.000000000000000000e+00 0.000000000000000000e+00 5.566666666666663588e+01 5.619999999999998863e+01 0.000000000000000000e+00 8.949999999999997158e+01 8.333333333333331439e+01 9.000000000000000000e+01 9.149999999999994316e+01 0.000000000000000000e+00 0.000000000000000000e+00 3.004545454545453254e+01 2.759313725490194358e+01 3.666666666666664298e+01 0.000000000000000000e+00 0.000000000000000000e+00 0.000000000000000000e+00 0.000000000000000000e+00 2.662499999999998224e+01 4.549999999999999289e+01 0.000000000000000000e+00 0.000000000000000000e+00 0.000000000000000000e+00 0.000000000000000000e+00 0.000000000000000000e+00 0.000000000000000000e+00 0.000000000000000000e+00 8.100000000000004263e+01 0.000000000000000000e+00 0.000000000000000000e+00 0.000000000000000000e+00 0.000000000000000000e+00 0.000000000000000000e+00 0.000000000000000000e+00 0.000000000000000000e+00 0.000000000000000000e+00 0.000000000000000000e+00 0.000000000000000000e+00 0.000000000000000000e+00 0.000000000000000000e+00 0.000000000000000000e+00 0.000000000000000000e+00 0.000000000000000000e+00 0.000000000000000000e+00 0.000000000000000000e+00 0.000000000000000000e+00 0.000000000000000000e+00 0.000000000000000000e+00 0.000000000000000000e+00 0.000000000000000000e+00 0.000000000000000000e+00 0.000000000000000000e+00 0.000000000000000000e+00 0.000000000000000000e+00 0.000000000000000000e+00 0.000000000000000000e+00 0.000000000000000000e+00 0.000000000000000000e+00 0.000000000000000000e+00 0.000000000000000000e+00 0.000000000000000000e+00 3.099999999999997868e+01 0.000000000000000000e+00
0.000000000000000000e+00 0.000000000000000000e+00 0.000000000000000000e+00 3.000000000000001066e+01 2.629722921914355993e+01 1.368491680085882223e+01 7.421778277996619266e+00 8.918404841672970207e+00 9.524531879592320394e+00 1.944831422214615202e+01 3.139837398373983035e+01 2.769211822660097511e+01 4.340312499999998863e+01 0.000000000000000000e+00 3.510930888575457232e+01 2.238160469667318253e+01 2.354310344827585411e+01 5.331818181818179880e+01 6.926190476190474499e+01 0.000000000000000000e+00 9.125000000000000000e+01 0.000000000000000000e+00 0.000000000000000000e+00 0.000000000000000000e+00 6.349999999999991473e+01 6.850000000000001421e+01 4.074999999999997158e+01 0.000000000000000000e+00 4.709523809523807358e+01 4.161401098901097129e+01 7.226923076923077360e+01 7.190298507462684086e+01 6.549137931034479720e+01 7.157142857142856940e+01 7.824999999999998579e+01 9.099999999999998579e+01 6.992307692307690559e+01 2.520093457943923809e+01 2.509985096870341792e+01 4.681818181818179880e+01 0.000000000000000000e+00 0.000000000000000000e+00 6.783333333333331439e+01 3.549999999999997158e+01 2.644999999999997797e+01 2.833333333333331083e+01 0.000000000000000000e+00 0.000000000000000000e+00 4.519999999999997442e+01 4.000000000000001421e+01 4.144444444444438602e+01 0.000000000000000000e+00 4.269999999999997442e+01 6.449999999999998579e+01 3.899999999999996447e+01 0.000000000000000000e+00 0.000000000000000000e+00 0.000000000000000000e+00 2.653846153846152944e+01 2.974999999999999289e+01 6.299999999999992895e+01 6.000000000000000711e+01 0.000000000000000000e+00 0.000000000000000000e+00 0.000000000000000000e+00 0.000000000000000000e+00 0.000000000000000000e+00 0.000000000000000000e+00 0.000000000000000000e+00 0.000000000000000000e+00 0.000000000000000000e+00 0.000000000000000000e+00 8.150000000000000000e+01 0.000000000000000000e+00 0.000000000000000000e+00 0.000000000000000000e+00 0.000000000000000000e+00 0.000000000000000000e+00 0.000000000000000000e+00 0.000000000000000000e+00 4.012499999999997158e+01 4.043749999999998579e+01 0.000000000000000000e+00 0.000000000000000000e+00 0.000000000000000000e+00 0.000000000000000000e+00 0.000000000000000000e+00 2.749999999999997158e+01 0.000000000000000000e+00
0.000000000000000000e+00 0.000000000000000000e+00 0.000000000000000000e+00 4.574999999999998579e+01 4.271428571428570820e+01 3.212951807228914447e+01 2.551162790697673444e+01 9.524531879592320394e+00 1.278946392135039822e+01 2.213335059554634299e+01 2.448617176128093220e+01 2.979576436222005498e+01 1.112037037037037024e+01 4.333333333333334281e+01 2.256186094069528991e+01 3.193864229765013008e+01 2.499061326658322812e+01 4.554464285714284699e+01 5.741666666666665719e+01 6.049999999999998579e+01 6.749999999999998579e+01 5.049999999999998579e+01 0.000000000000000000e+00 0.000000000000000000e+00 4.474999999999997158e+01 5.768181818181817277e+01 3.524999999999998579e+01 4.258333333333333570e+01 2.473793677204658792e+01 2.467781937295272954e+01 5.126086956521739069e+01 5.786868686868687206e+01 5.261111111111111427e+01 5.541666666666665719e+01 6.272916666666666430e+01 4.899999999999998579e+01 5.467105263157893802e+01 2.072190366972477094e+01 1.613375486381323043e+01 2.401524390243902474e+01 0.000000000000000000e+00 3.189999999999999858e+01 5.277777777777777146e+01 4.469444444444443576e+01 3.582692307692308020e+01 3.033887043189368882e+01 0.000000000000000000e+00 6.166666666666665009e+01 4.971428571428567977e+01 6.399999999999997158e+01 6.161111111111107164e+01 4.744999999999997442e+01 5.213095238095233697e+01 4.959999999999998010e+01 4.633783783783781018e+01 6.216666666666662167e+01 4.899999999999995737e+01 4.600000000000000711e+01 4.259999999999997300e+01 3.170370370370369528e+01 4.339999999999999147e+01 5.733333333333328596e+01 0.000000000000000000e+00 0.000000000000000000e+00 0.000000000000000000e+00 0.000000000000000000e+00 0.000000000000000000e+00 0.000000000000000000e+00 0.000000000000000000e+00 0.000000000000000000e+00 0.000000000000000000e+00 0.000000000000000000e+00 0.000000000000000000e+00 0.000000000000000000e+00 0.000000000000000000e+00 5.649999999999995737e+01 0.000000000000000000e+00 0.000000000000000000e+00 0.000000000000000000e+00 0.000000000000000000e+00 4.416666666666665009e+01 4.911363636363633134e+01 0.000000000000000000e+00 0.000000000000000000e+00 0.000000000000000000e+00 0.000000000000000000e+00 0.000000000000000000e+00 5.449999999999998579e+01 0.000000000000000000e+00
0.000000000000000000e+00 0.000000000000000000e+00 0.000000000000000000e+00 9.335276967930024483e+00 1.885894441849601932e+01 1.629439147504205820e+01 1.371367694805194226e+01 1.944831422214615202e+01 2.213335059554634299e+01 1.339784459494750379e+01 1.569979493188808739e+01 1.519307362210003376e+01 4.083726899383982101e+01 4.430208333333331439e+01 2.800452016689845891e+01 2.371975131516019530e+01 2.302757009345793193e+01 4.528815789473681974e+01 5.630138888888886584e+01 0.000000000000000000e+00 8.474999999999998579e+01 7.108333333333332860e+01 5.774999999999997158e+01 7.750000000000000000e+01 7.574999999999998579e+01 6.299999999999997868e+01 0.000000000000000000e+00 6.699999999999998579e+01 5.341397849462363467e+01 4.760554089709760461e+01 7.264705882352939170e+01 6.447820284697506565e+01 5.796727748691097304e+01 6.125000000000000000e+01 7.610679611650483878e+01 7.949999999999997158e+01 7.280645161290321710e+01 2.354410701373823045e+01 2.615774451351006391e+01 3.596350364963501534e+01 0.000000000000000000e+00 4.913636363636362603e+01 7.624999999999997158e+01 6.200000000000000000e+01 3.072851562499997158e+01 4.149479166666665009e+01 5.449999999999997868e+01 4.539999999999995595e+01 4.612162162162158552e+01 4.949999999999997158e+01 5.064655172413787909e+01 5.137499999999995737e+01 5.019298245614031373e+01 5.590909090909087098e+01 4.381999999999996476e+01 6.149999999999998579e+01 0.000000000000000000e+00 6.333333333333329307e+01 3.409782608695649486e+01 3.349999999999997868e+01 4.685714285714283278e+01 6.649999999999997158e+01 0.000000000000000000e+00 0.000000000000000000e+00 0.000000000000000000e+00 0.000000000000000000e+00 0.000000000000000000e+00 0.000000000000000000e+00 0.000000000000000000e+00 0.000000000000000000e+00 0.000000000000000000e+00 7.799999999999994316e+01 7.649999999999997158e+01 0.000000000000000000e+00 8.799999999999994316e+01 6.149999999999992895e+01 0.000000000000000000e+00 0.000000000000000000e+00 0.000000000000000000e+00 0.000000000000000000e+00 3.963513513513510134e+01 4.794827586206893244e+01 0.000000000000000000e+00 0.000000000000000000e+00 0.000000000000000000e+00 0.000000000000000000e+00 0.000000000000000000e+00 4.113888888888885020e+01 7.999999999999991473e+01
0.000000000000000000e+00 0.000000000000000000e+00 0.000000000000000000e+00 8.450000000000001421e+01 4.569999999999998153e+01 4.192279411764704378e+01 4.907692307692306599e+01 3.139837398373983035e+01 2.448617176128093220e+01 1.569979493188808739e+01 1.359922088763159032e+01 2.288193653376729131e+01 1.713405797101449224e+01 3.105128205128205110e+01 2.236950904392764983e+01 3.849796747967478439e+01 2.332127882599580104e+01 2.641097922848664226e+01 4.684728033472803332e+01 7.000000000000000000e+01 6.553846153846153300e+01 5.559999999999998721e+01 0.000000000000000000e+00 8.399999999999997158e+01 6.884999999999999432e+01 5.933333333333333570e+01 6.239999999999999858e+01 4.674444444444444713e+01 3.285066162570888793e+01 3.387832446808510412e+01 4.718471953578336553e+01 4.656716126513080667e+01 4.270635254522507296e+01 4.797222222222222854e+01 5.825939849624059974e+01 5.305714285714286405e+01 5.212500000000000000e+01 1.914032697547683526e+01 2.404790645039607355e+01 2.827519379844961378e+01 0.000000000000000000e+00 2.842537313432835688e+01 5.147222222222220722e+01 3.416400000000000148e+01 4.165384615384611777e+01 3.294028662420382148e+01 0.000000000000000000e+00 6.174999999999997868e+01 6.166666666666662167e+01 0.000000000000000000e+00 5.733333333333331439e+01 4.541666666666662877e+01 5.348484848484844889e+01 5.175925925925922400e+01 4.955882352941173252e+01 5.694999999999996732e+01 0.000000000000000000e+00 4.499999999999997868e+01 4.341666666666665009e+01 3.838095238095236539e+01 3.658823529411762365e+01 6.029999999999999005e+01 0.000000000000000000e+00 0.000000000000000000e+00 0.000000000000000000e+00 0.000000000000000000e+00 0.000000000000000000e+00 0.000000000000000000e+00 0.000000000000000000e+00 0.000000000000000000e+00 0.000000000000000000e+00 0.000000000000000000e+00 6.549999999999994316e+01 7.049999999999998579e+01 7.899999999999995737e+01 0.000000000000000000e+00 0.000000000000000000e+00 0.000000000000000000e+00 0.000000000000000000e+00 0.000000000000000000e+00 3.896666666666663303e+01 4.895454545454542483e+01 5.383333333333334281e+01 0.000000000000000000e+00 6.600000000000001421e+01 0.000000000000000000e+00 6.450000000000000000e+01 7.350000000000000000e+01 0.000000000000000000e+00
0.000000000000000000e+00 0.000000000000000000e+00 0.000000000000000000e+00 6.511111111111109295e+00 1.645149572649571823e+01 2.324700326916089921e+01 2.904477611940297166e+01 2.769211822660097511e+01 2.979576436222005498e+01 1.519307362210003376e+01 2.288193653376729131e+01 1.425159783310968464e+01 2.028495598135680922e+01 1.200705354280218096e+01 3.185951134380453809e+01 2.344438106103820729e+01 1.916098418277679016e+01 2.599701858996842674e+01 4.100912067352665957e+01 8.999999999999997158e+01 8.409999999999998010e+01 7.933333333333331439e+01 0.000000000000000000e+00 0.000000000000000000e+00 7.974999999999998579e+01 5.728947368421049902e+01 6.499999999999995737e+01 5.645000000000000284e+01 3.688165038002171769e+01 4.701762114537444859e+01 5.416279069767441712e+01 4.648550171690194333e+01 4.205540827147402183e+01 6.280434782608693922e+01 7.624324324324324209e+01 7.850000000000000000e+01 7.281249999999997158e+01 2.619976158038146252e+01 3.013398955403775048e+01 3.473958333333333570e+01 0.000000000000000000e+00 3.428070175438597289e+01 5.919230769230768630e+01 4.554819277108433795e+01 3.497385620915029136e+01 4.056187290969899806e+01 0.000000000000000000e+00 4.661764705882348636e+01 4.274999999999996447e+01 4.799999999999995026e+01 5.031395348837205006e+01 4.802631578947362812e+01 4.881097560975605631e+01 5.325999999999998380e+01 1.671666666666665790e+01 4.911111111111108585e+01 1.237499999999999645e+01 5.742857142857140929e+01 2.840972222222219301e+01 2.980612244897957197e+01 2.524999999999998934e+01 5.449999999999997868e+01 0.000000000000000000e+00 0.000000000000000000e+00 0.000000000000000000e+00 0.000000000000000000e+00 0.000000000000000000e+00 0.000000000000000000e+00 0.000000000000000000e+00 0.000000000000000000e+00 0.000000000000000000e+00 5.874999999999995737e+01 5.024999999999997868e+01 5.600000000000004263e+01 7.349999999999992895e+01 5.612499999999997868e+01 0.000000000000000000e+00 0.000000000000000000e+00 0.000000000000000000e+00 0.000000000000000000e+00 4.121666666666662593e+01 4.706329113924046936e+01 5.129999999999997584e+01 0.000000000000000000e+00 5.483333333333333570e+01 0.000000000000000000e+00 0.000000000000000000e+00 4.374999999999996447e+01 5.424999999999992895e+01
0.000000000000000000e+00 0.000000000000000000e+00 0.000000000000000000e+00 0.000000000000000000e+00 6.647368421052628662e+01 6.099999999999997868e+01 5.543749999999997158e+01 4.340312499999998863e+01 1.112037037037037024e+01 4.083726899383982101e+01 1.713405797101449224e+01 2.028495598135680922e+01 1.398814747980150131e+01 8.560409407665504844e+00 2.460988037217546065e+01 5.833653846153844569e+01 4.209036144578312388e+01 2.202470686767169283e+01 3.628688524590163667e+01 0.000000000000000000e+00 6.231818181818182012e+01 4.714285714285712459e+01 7.675000000000000000e+01 2.249999999999997868e+01 4.704999999999999716e+01 1.721161825726141004e+01 3.677777777777777857e+01 4.341666666666666430e+01 1.896532786885245869e+01 2.751417151162790731e+01 4.329316546762589724e+01 3.673451327433627966e+01 3.653862401931201731e+01 4.383333333333333570e+01 5.657219251336898225e+01 5.569444444444444287e+01 4.639516129032258362e+01 2.497609147609147584e+01 2.600514164734348910e+01 3.023085106382979603e+01 0.000000000000000000e+00 2.880898876404494402e+01 4.844736842105263008e+01 3.886500000000000199e+01 5.210000000000000142e+01 3.914261168384879852e+01 0.000000000000000000e+00 6.900000000000004263e+01 6.299999999999994316e+01 0.000000000000000000e+00 0.000000000000000000e+00 0.000000000000000000e+00 5.824999999999998579e+01 5.436666666666664582e+01 6.369999999999998863e+01 5.339285714285713169e+01 0.000000000000000000e+00 0.000000000000000000e+00 9.450000000000005684e+01 4.383333333333332149e+01 3.959374999999998579e+01 7.149999999999997158e+01 0.000000000000000000e+00 0.000000000000000000e+00 0.000000000000000000e+00 0.000000000000000000e+00 0.000000000000000000e+00 0.000000000000000000e+00 0.000000000000000000e+00 0.000000000000000000e+00 0.000000000000000000e+00 7.650000000000002842e+01 6.374999999999998579e+01 0.000000000000000000e+00 5.949999999999995737e+01 0.000000000000000000e+00 0.000000000000000000e+00 0.000000000000000000e+00 0.000000000000000000e+00 0.000000000000000000e+00 4.204999999999998295e+01 6.016666666666664298e+01 5.399999999999998579e+01 0.000000000000000000e+00 4.149999999999999289e+01 0.000000000000000000e+00 0.000000000000000000e+00 0.000000000000000000e+00 0.000000000000000000e+00
0.000000000000000000e+00 0.000000000000000000e+00 0.000000000000000000e+00 0.000000000000000000e+00 6.774999999999997158e+01 6.325000000000001421e+01 0.000000000000000000e+00 0.000000000000000000e+00 4.333333333333334281e+01 4.430208333333331439e+01 3.105128205128205110e+01 1.200705354280218096e+01 8.560409407665504844e+00 1.106360832690825013e+01 2.994444444444444287e+01 5.184615384615382538e+01 3.944999999999999574e+01 9.041401273885350420e+00 2.400000000000000711e+01 0.000000000000000000e+00 0.000000000000000000e+00 0.000000000000000000e+00 0.000000000000000000e+00 0.000000000000000000e+00 0.000000000000000000e+00 0.000000000000000000e+00 0.000000000000000000e+00 0.000000000000000000e+00 1.045963393870601621e+01 3.198469387755102034e+01 1.950000000000000000e+01 1.695104895104894638e+01 1.481938325991189487e+01 0.000000000000000000e+00 0.000000000000000000e+00 0.000000000000000000e+00 6.649999999999998579e+01 3.829032258064516014e+01 3.371505376344086358e+01 3.202777777777777857e+01 0.000000000000000000e+00 3.149999999999998934e+01 3.349999999999998579e+01 3.458333333333333570e+01 0.000000000000000000e+00 3.900000000000000711e+01 0.000000000000000000e+00 0.000000000000000000e+00 0.000000000000000000e+00 0.000000000000000000e+00 0.000000000000000000e+00 0.000000000000000000e+00 0.000000000000000000e+00 0.000000000000000000e+00 0.000000000000000000e+00 0.000000000000000000e+00 0.000000000000000000e+00 0.000000000000000000e+00 0.000000000000000000e+00 5.199999999999997158e+01 0.000000000000000000e+00 0.000000000000000000e+00 0.000000000000000000e+00 0.000000000000000000e+00 0.000000000000000000e+00 0.000000000000000000e+00 0.000000000000000000e+00 0.000000000000000000e+00 0.000000000000000000e+00 0.000000000000000000e+00 0.000000000000000000e+00 0.000000000000000000e+00 0.000000000000000000e+00 0.000000000000000000e+00 0.000000000000000000e+00 0.000000000000000000e+00 0.000000000000000000e+00 0.000000000000000000e+00 0.000000000000000000e+00 0.000000000000000000e+00 0.000000000000000000e+00 0.000000000000000000e+00 0.000000000000000000e+00 0.000000000000000000e+00 0.000000000000000000e+00 0.000000000000000000e+00 0.000000000000000000e+00 0.000000000000000000e+00 0.000000000000000000e+00
0.000000000000000000e+00 0.000000000000000000e+00 0.000000000000000000e+00 4.016666666666665009e+01 2.924137931034481497e+01 2.430629539951572937e+01 3.549999999999998579e+01 3.510930888575457232e+01 2.256186094069528991e+01 2.800452016689845891e+01 2.236950904392764983e+01 3.185951134380453809e+01 2.460988037217546065e+01 2.994444444444444287e+01 1.000262825904120767e+01 3.570418006430867308e+01 2.498623853211008239e+01 2.376268656716417382e+01 2.458282674772035747e+01 1.871428571428571175e+01 1.815343915343915171e+01 2.872307692307690985e+01 2.210082304526748942e+01 1.565027322404371013e+01 2.086519337016573772e+01 2.068947616800377531e+01 1.883480176211453028e+01 2.680859374999999289e+01 2.175527831094050057e+01 2.447289823008849652e+01 3.972139830508474034e+01 3.495433255269320227e+01 3.419658886894075067e+01 4.727906976744186096e+01 4.933037974683544036e+01 4.921739130434781373e+01 3.916666666666666430e+01 2.005913978494623251e+01 8.335262239368050885e+00 1.811854684512428193e+01 0.000000000000000000e+00 2.027919075144507843e+01 1.373441734417344051e+01 1.269151138716356364e+01 3.112499999999998579e+01 2.123851851851851436e+01 0.000000000000000000e+00 5.999999999999993605e+01 6.799999999999992895e+01 0.000000000000000000e+00 6.238888888888885020e+01 4.714285714285709616e+01 5.091666666666665009e+01 4.759999999999998721e+01 4.516129032258062637e+01 5.795454545454543194e+01 2.650000000000000000e+01 6.529999999999996874e+01 4.419999999999997442e+01 3.505263157894734150e+01 3.046874999999998579e+01 4.411111111111108585e+01 0.000000000000000000e+00 0.000000000000000000e+00 0.000000000000000000e+00 0.000000000000000000e+00 0.000000000000000000e+00 0.000000000000000000e+00 0.000000000000000000e+00 4.499999999999990052e+01 0.000000000000000000e+00 6.389999999999996305e+01 6.169999999999995310e+01 0.000000000000000000e+00 8.975000000000000000e+01 4.424999999999997868e+01 0.000000000000000000e+00 0.000000000000000000e+00 0.000000000000000000e+00 0.000000000000000000e+00 4.342857142857140218e+01 4.816666666666664298e+01 4.775000000000000711e+01 0.000000000000000000e+00 4.109999999999998721e+01 5.499999999999996447e+01 8.949999999999997158e+01 2.074999999999997513e+01 0.000000000000000000e+00
0.000000000000000000e+00 0.000000000000000000e+00 0.000000000000000000e+00 3.234999999999998010e+01 1.372628205128204470e+01 1.796520963425512107e+01 2.477380952380951840e+01 2.238160469667318253e+01 3.193864229765013008e+01 2.371975131516019530e+01 3.849796747967478439e+01 2.344438106103820729e+01 5.833653846153844569e+01 5.184615384615382538e+01 3.570418006430867308e+01 7.863707688858997180e+00 1.200528084493518577e+01 3.864738154613463195e+01 5.251985773562534376e+01 0.000000000000000000e+00 0.000000000000000000e+00 7.149999999999994316e+01 0.000000000000000000e+00 0.000000000000000000e+00 8.999999999999995737e+01 8.174999999999994316e+01 8.249999999999997158e+01 8.950000000000000000e+01 6.537037037037035248e+01 6.715131578947365654e+01 7.675000000000000000e+01 7.167088607594934047e+01 5.531859410430837443e+01 8.200000000000001421e+01 8.909999999999998010e+01 1.040000000000000000e+02 9.924999999999998579e+01 1.682103321033209298e+01 2.430564635958393538e+01 4.274175824175821958e+01 0.000000000000000000e+00 5.862499999999997158e+01 7.544999999999997442e+01 7.933333333333331439e+01 1.092258064516128258e+01 4.175806451612901782e+01 0.000000000000000000e+00 2.435714285714283989e+01 2.960869565217389265e+01 0.000000000000000000e+00 3.551562499999994316e+01 4.549999999999999289e+01 3.827777777777775015e+01 5.853846153846153300e+01 3.471428571428568688e+01 6.279999999999995453e+01 2.949999999999999289e+01 0.000000000000000000e+00 1.816304347826085319e+01 2.025833333333332575e+01 3.896551724137928829e+01 5.354166666666665719e+01 0.000000000000000000e+00 0.000000000000000000e+00 0.000000000000000000e+00 0.000000000000000000e+00 0.000000000000000000e+00 0.000000000000000000e+00 0.000000000000000000e+00 0.000000000000000000e+00 0.000000000000000000e+00 0.000000000000000000e+00 5.599999999999995737e+01 0.000000000000000000e+00 6.583333333333331439e+01 5.066666666666662167e+01 0.000000000000000000e+00 0.000000000000000000e+00 0.000000000000000000e+00 0.000000000000000000e+00 2.090624999999997158e+01 3.102941176470586271e+01 4.799999999999994316e+01 0.000000000000000000e+00 5.500000000000000000e+01 6.449999999999997158e+01 0.000000000000000000e+00 3.005555555555552516e+01 0.000000000000000000e+00
0.000000000000000000e+00 0.000000000000000000e+00 0.000000000000000000e+00 0.000000000000000000e+00 2.960714285714285054e+01 3.539393939393937671e+01 4.000000000000000000e+01 2.354310344827585411e+01 2.499061326658322812e+01 2.302757009345793193e+01 2.332127882599580104e+01 1.916098418277679016e+01 4.209036144578312388e+01 3.944999999999999574e+01 2.498623853211008239e+01 1.200528084493518577e+01 1.009739201303992928e+01 1.938488952245187491e+01 3.827621483375957467e+01 0.000000000000000000e+00 0.000000000000000000e+00 0.000000000000000000e+00 0.000000000000000000e+00 0.000000000000000000e+00 0.000000000000000000e+00 8.050000000000000000e+01 6.674999999999998579e+01 0.000000000000000000e+00 4.957812499999998579e+01 4.999999999999997868e+01 6.399999999999998579e+01 6.243010752688169873e+01 4.510416666666665009e+01 6.837499999999998579e+01 8.419999999999997442e+01 7.474999999999998579e+01 6.649999999999998579e+01 1.968797953964193326e+01 2.466577825159913928e+01 3.765384615384613909e+01 0.000000000000000000e+00 3.787499999999997868e+01 5.349999999999997158e+01 3.983333333333334281e+01 3.131034482758619930e+01 3.982758620689654094e+01 0.000000000000000000e+00 3.983333333333330017e+01 3.216666666666665009e+01 0.000000000000000000e+00 3.536956521739127624e+01 2.657142857142854453e+01 3.146825396825394350e+01 4.053030303030300274e+01 2.686885245901637020e+01 4.933333333333330728e+01 4.924999999999997158e+01 5.824999999999995737e+01 2.159999999999998366e+01 1.192063492063491736e+01 1.595555555555554861e+01 3.614285714285711748e+01 0.000000000000000000e+00 0.000000000000000000e+00 0.000000000000000000e+00 0.000000000000000000e+00 0.000000000000000000e+00 0.000000000000000000e+00 0.000000000000000000e+00 0.000000000000000000e+00 0.000000000000000000e+00 5.899999999999995737e+01 5.824999999999995737e+01 0.000000000000000000e+00 6.683333333333328596e+01 3.499999999999999289e+01 0.000000000000000000e+00 0.000000000000000000e+00 0.000000000000000000e+00 0.000000000000000000e+00 2.379411764705881183e+01 3.476999999999998181e+01 4.624999999999998579e+01 0.000000000000000000e+00 4.599999999999996447e+01 0.000000000000000000e+00 0.000000000000000000e+00 3.800000000000000711e+01 0.000000000000000000e+00
