0.000000000000000000e+00 0.000000000000000000e+00 0.000000000000000000e+00 0.000000000000000000e+00 0.000000000000000000e+00 0.000000000000000000e+00 0.000000000000000000e+00 0.000000000000000000e+00 0.000000000000000000e+00 0.000000000000000000e+00 0.000000000000000000e+00 0.000000000000000000e+00 0.000000000000000000e+00 0.000000000000000000e+00 0.000000000000000000e+00 0.000000000000000000e+00 0.000000000000000000e+00 0.000000000000000000e+00 0.000000000000000000e+00 0.000000000000000000e+00 0.000000000000000000e+00 0.000000000000000000e+00 0.000000000000000000e+00 0.000000000000000000e+00 0.000000000000000000e+00 0.000000000000000000e+00 0.000000000000000000e+00 0.000000000000000000e+00 0.000000000000000000e+00 0.000000000000000000e+00 0.000000000000000000e+00 0.000000000000000000e+00 0.000000000000000000e+00 0.000000000000000000e+00 0.000000000000000000e+00 0.000000000000000000e+00 0.000000000000000000e+00 0.000000000000000000e+00 0.000000000000000000e+00 0.000000000000000000e+00 0.000000000000000000e+00 0.000000000000000000e+00 0.000000000000000000e+00 0.000000000000000000e+00 0.000000000000000000e+00 0.000000000000000000e+00 0.000000000000000000e+00 0.000000000000000000e+00 0.000000000000000000e+00 0.000000000000000000e+00 0.000000000000000000e+00 0.000000000000000000e+00 0.000000000000000000e+00 0.000000000000000000e+00 0.000000000000000000e+00 0.000000000000000000e+00 0.000000000000000000e+00 0.000000000000000000e+00 0.000000000000000000e+00 0.000000000000000000e+00 0.000000000000000000e+00 0.000000000000000000e+00 0.000000000000000000e+00 0.000000000000000000e+00 0.000000000000000000e+00 0.000000000000000000e+00 0.000000000000000000e+00 0.000000000000000000e+00 0.000000000000000000e+00 0.000000000000000000e+00 0.000000000000000000e+00 0.000000000000000000e+00 0.000000000000000000e+00 0.000000000000000000e+00 0.000000000000000000e+00 0.000000000000000000e+00 0.000000000000000000e+00 0.000000000000000000e+00 0.000000000000000000e+00 0.000000000000000000e+00 0.000000000000000000e+00 0.000000000000000000e+00 0.000000000000000000e+00 0.000000000000000000e+00 0.000000000000000000e+00 0.000000000000000000e+00 0.000000000000000000e+00 0.000000000000000000e+00 0.000000000000000000e+00
0.000000000000000000e+00 0.000000000000000000e+00 0.000000000000000000e+00 0.000000000000000000e+00 0.000000000000000000e+00 0.000000000000000000e+00 0.000000000000000000e+00 0.000000000000000000e+00 0.000000000000000000e+00 0.000000000000000000e+00 0.000000000000000000e+00 0.000000000000000000e+00 0.000000000000000000e+00 0.000000000000000000e+00 0.000000000000000000e+00 0.000000000000000000e+00 0.000000000000000000e+00 0.000000000000000000e+00 0.000000000000000000e+00 0.000000000000000000e+00 0.000000000000000000e+00 0.000000000000000000e+00 0.000000000000000000e+00 0.000000000000000000e+00 0.000000000000000000e+00 0.000000000000000000e+00 0.000000000000000000e+00 0.000000000000000000e+00 0.000000000000000000e+00 0.000000000000000000e+00 0.000000000000000000e+00 0.000000000000000000e+00 0.000000000000000000e+00 0.000000000000000000e+00 0.000000000000000000e+00 0.000000000000000000e+00 0.000000000000000000e+00 0.000000000000000000e+00 0.000000000000000000e+00 0.000000000000000000e+00 0.000000000000000000e+00 0.000000000000000000e+00 0.000000000000000000e+00 0.000000000000000000e+00 0.000000000000000000e+00 0.000000000000000000e+00 0.000000000000000000e+00 0.000000000000000000e+00 0.000000000000000000e+00 0.000000000000000000e+00 0.000000000000000000e+00 0.000000000000000000e+00 0.000000000000000000e+00 0.000000000000000000e+00 0.000000000000000000e+00 0.000000000000000000e+00 0.000000000000000000e+00 0.000000000000000000e+00 0.000000000000000000e+00 0.000000000000000000e+00 0.000000000000000000e+00 0.000000000000000000e+00 0.000000000000000000e+00 0.000000000000000000e+00 0.000000000000000000e+00 0.000000000000000000e+00 0.000000000000000000e+00 0.000000000000000000e+00 0.000000000000000000e+00 0.000000000000000000e+00 0.000000000000000000e+00 0.000000000000000000e+00 0.000000000000000000e+00 0.000000000000000000e+00 0.000000000000000000e+00 0.000000000000000000e+00 0.000000000000000000e+00 0.000000000000000000e+00 0.000000000000000000e+00 0.000000000000000000e+00 0.000000000000000000e+00 0.000000000000000000e+00 0.000000000000000000e+00 0.000000000000000000e+00 0.000000000000000000e+00 0.000000000000000000e+00 0.000000000000000000e+00 0.000000000000000000e+00 0.000000000000000000e+00
0.000000000000000000e+00 0.000000000000000000e+00 0.000000000000000000e+00 0.000000000000000000e+00 0.000000000000000000e+00 0.000000000000000000e+00 0.000000000000000000e+00 0.000000000000000000e+00 0.000000000000000000e+00 0.000000000000000000e+00 0.000000000000000000e+00 0.000000000000000000e+00 0.000000000000000000e+00 0.000000000000000000e+00 0.000000000000000000e+00 0.000000000000000000e+00 0.000000000000000000e+00 0.000000000000000000e+00 0.000000000000000000e+00 0.000000000000000000e+00 0.000000000000000000e+00 0.000000000000000000e+00 0.000000000000000000e+00 0.000000000000000000e+00 0.000000000000000000e+00 0.000000000000000000e+00 0.000000000000000000e+00 0.000000000000000000e+00 0.000000000000000000e+00 0.000000000000000000e+00 0.000000000000000000e+00 0.000000000000000000e+00 0.000000000000000000e+00 0.000000000000000000e+00 0.000000000000000000e+00 0.000000000000000000e+00 0.000000000000000000e+00 0.000000000000000000e+00 0.000000000000000000e+00 0.000000000000000000e+00 0.000000000000000000e+00 0.000000000000000000e+00 0.000000000000000000e+00 0.000000000000000000e+00 0.000000000000000000e+00 0.000000000000000000e+00 0.000000000000000000e+00 0.000000000000000000e+00 0.000000000000000000e+00 0.000000000000000000e+00 0.000000000000000000e+00 0.000000000000000000e+00 0.000000000000000000e+00 0.000000000000000000e+00 0.000000000000000000e+00 0.000000000000000000e+00 0.000000000000000000e+00 0.000000000000000000e+00 0.000000000000000000e+00 0.000000000000000000e+00 0.000000000000000000e+00 0.000000000000000000e+00 0.000000000000000000e+00 0.000000000000000000e+00 0.000000000000000000e+00 0.000000000000000000e+00 0.000000000000000000e+00 0.000000000000000000e+00 0.000000000000000000e+00 0.000000000000000000e+00 0.000000000000000000e+00 0.000000000000000000e+00 0.000000000000000000e+00 0.000000000000000000e+00 0.000000000000000000e+00 0.000000000000000000e+00 0.000000000000000000e+00 0.000000000000000000e+00 0.000000000000000000e+00 0.000000000000000000e+00 0.000000000000000000e+00 0.000000000000000000e+00 0.000000000000000000e+00 0.000000000000000000e+00 0.000000000000000000e+00 0.000000000000000000e+00 0.000000000000000000e+00 0.000000000000000000e+00 0.000000000000000000e+00
0.000000000000000000e+00 0.000000000000000000e+00 0.000000000000000000e+00 7.340000000000000000e+02 1.566000000000000000e+03 1.283000000000000000e+03 3.000000000000000000e+00 2.200000000000000000e+01 2.000000000000000000e+00 2.390000000000000000e+02 2.000000000000000000e+00 1.384000000000000000e+03 0.000000000000000000e+00 1.000000000000000000e+00 2.000000000000000000e+00 2.300000000000000000e+01 3.000000000000000000e+00 2.000000000000000000e+00 2.000000000000000000e+00 0.000000000000000000e+00 0.000000000000000000e+00 0.000000000000000000e+00 0.000000000000000000e+00 0.000000000000000000e+00 0.000000000000000000e+00 0.000000000000000000e+00 0.000000000000000000e+00 0.000000000000000000e+00 0.000000000000000000e+00 0.000000000000000000e+00 0.000000000000000000e+00 0.000000000000000000e+00 1.000000000000000000e+00 0.000000000000000000e+00 0.000000000000000000e+00 0.000000000000000000e+00 0.000000000000000000e+00 9.300000000000000000e+01 1.030000000000000000e+02 1.000000000000000000e+00 0.000000000000000000e+00 0.000000000000000000e+00 0.000000000000000000e+00 0.000000000000000000e+00 3.300000000000000000e+01 0.000000000000000000e+00 0.000000000000000000e+00 0.000000000000000000e+00 0.000000000000000000e+00 0.000000000000000000e+00 0.000000000000000000e+00 0.000000000000000000e+00 0.000000000000000000e+00 0.000000000000000000e+00 0.000000000000000000e+00 0.000000000000000000e+00 0.000000000000000000e+00 0.000000000000000000e+00 0.000000000000000000e+00 0.000000000000000000e+00 0.000000000000000000e+00 0.000000000000000000e+00 0.000000000000000000e+00 0.000000000000000000e+00 0.000000000000000000e+00 0.000000000000000000e+00 0.000000000000000000e+00 0.000000000000000000e+00 0.000000000000000000e+00 0.000000000000000000e+00 0.000000000000000000e+00 0.000000000000000000e+00 0.000000000000000000e+00 0.000000000000000000e+00 0.000000000000000000e+00 0.000000000000000000e+00 0.000000000000000000e+00 0.000000000000000000e+00 0.000000000000000000e+00 0.000000000000000000e+00 0.000000000000000000e+00 0.000000000000000000e+00 0.000000000000000000e+00 0.000000000000000000e+00 0.000000000000000000e+00 0.000000000000000000e+00 0.000000000000000000e+00 0.000000000000000000e+00 0.000000000000000000e+00
0.000000000000000000e+00 0.000000000000000000e+00 0.000000000000000000e+00 1.566000000000000000e+03 1.413200000000000000e+04 9.938000000000000000e+03 8.300000000000000000e+01 6.260000000000000000e+02 6.600000000000000000e+01 1.697000000000000000e+03 3.300000000000000000e+01 1.837000000000000000e+03 9.000000000000000000e+00 9.000000000000000000e+00 1.000000000000000000e+02 8.670000000000000000e+02 6.000000000000000000e+01 1.100000000000000000e+01 1.500000000000000000e+01 0.000000000000000000e+00 0.000000000000000000e+00 0.000000000000000000e+00 0.000000000000000000e+00 0.000000000000000000e+00 0.000000000000000000e+00 2.000000000000000000e+00 0.000000000000000000e+00 0.000000000000000000e+00 6.000000000000000000e+00 5.000000000000000000e+00 0.000000000000000000e+00 1.200000000000000000e+01 7.000000000000000000e+00 0.000000000000000000e+00 0.000000000000000000e+00 0.000000000000000000e+00 0.000000000000000000e+00 1.940000000000000000e+03 1.936000000000000000e+03 1.300000000000000000e+01 0.000000000000000000e+00 0.000000000000000000e+00 1.000000000000000000e+00 4.000000000000000000e+00 2.145000000000000000e+03 2.500000000000000000e+01 0.000000000000000000e+00 1.000000000000000000e+00 2.000000000000000000e+00 0.000000000000000000e+00 2.000000000000000000e+00 0.000000000000000000e+00 2.000000000000000000e+00 0.000000000000000000e+00 2.000000000000000000e+00 0.000000000000000000e+00 0.000000000000000000e+00 0.000000000000000000e+00 3.000000000000000000e+00 3.000000000000000000e+00 0.000000000000000000e+00 0.000000000000000000e+00 0.000000000000000000e+00 0.000000000000000000e+00 0.000000000000000000e+00 0.000000000000000000e+00 0.000000000000000000e+00 0.000000000000000000e+00 0.000000000000000000e+00 0.000000000000000000e+00 0.000000000000000000e+00 0.000000000000000000e+00 0.000000000000000000e+00 0.000000000000000000e+00 0.000000000000000000e+00 0.000000000000000000e+00 0.000000000000000000e+00 0.000000000000000000e+00 0.000000000000000000e+00 0.000000000000000000e+00 1.400000000000000000e+01 7.000000000000000000e+00 0.000000000000000000e+00 0.000000000000000000e+00 0.000000000000000000e+00 0.000000000000000000e+00 0.000000000000000000e+00 4.000000000000000000e+00 1.100000000000000000e+01
0.000000000000000000e+00 0.000000000000000000e+00 0.000000000000000000e+00 1.283000000000000000e+03 9.938000000000000000e+03 2.375700000000000000e+04 3.848000000000000000e+03 4.841000000000000000e+03 3.260000000000000000e+02 6.047000000000000000e+03 1.520000000000000000e+02 2.502000000000000000e+03 7.400000000000000000e+01 1.600000000000000000e+01 6.220000000000000000e+02 1.042000000000000000e+03 7.000000000000000000e+01 2.500000000000000000e+01 1.900000000000000000e+01 0.000000000000000000e+00 0.000000000000000000e+00 0.000000000000000000e+00 1.000000000000000000e+00 0.000000000000000000e+00 9.000000000000000000e+00 2.400000000000000000e+01 3.000000000000000000e+00 2.000000000000000000e+00 1.700000000000000000e+01 4.300000000000000000e+01 2.000000000000000000e+00 5.100000000000000000e+01 3.500000000000000000e+01 0.000000000000000000e+00 8.000000000000000000e+00 0.000000000000000000e+00 3.000000000000000000e+00 2.428000000000000000e+03 8.456000000000000000e+03 9.400000000000000000e+01 0.000000000000000000e+00 1.300000000000000000e+01 1.400000000000000000e+01 6.000000000000000000e+01 6.550000000000000000e+02 8.000000000000000000e+00 0.000000000000000000e+00 0.000000000000000000e+00 2.000000000000000000e+00 0.000000000000000000e+00 4.000000000000000000e+00 0.000000000000000000e+00 1.100000000000000000e+01 0.000000000000000000e+00 9.000000000000000000e+00 0.000000000000000000e+00 0.000000000000000000e+00 0.000000000000000000e+00 1.200000000000000000e+01 5.000000000000000000e+00 2.000000000000000000e+00 0.000000000000000000e+00 0.000000000000000000e+00 0.000000000000000000e+00 0.000000000000000000e+00 0.000000000000000000e+00 0.000000000000000000e+00 0.000000000000000000e+00 0.000000000000000000e+00 0.000000000000000000e+00 0.000000000000000000e+00 0.000000000000000000e+00 0.000000000000000000e+00 0.000000000000000000e+00 0.000000000000000000e+00 0.000000000000000000e+00 0.000000000000000000e+00 0.000000000000000000e+00 0.000000000000000000e+00 0.000000000000000000e+00 8.000000000000000000e+00 1.100000000000000000e+01 0.000000000000000000e+00 0.000000000000000000e+00 0.000000000000000000e+00 0.000000000000000000e+00 0.000000000000000000e+00 4.000000000000000000e+00 5.000000000000000000e+00
0.000000000000000000e+00 0.000000000000000000e+00 0.000000000000000000e+00 3.000000000000000000e+00 8.300000000000000000e+01 3.848000000000000000e+03 4.792000000000000000e+03 3.002000000000000000e+03 1.910000000000000000e+02 1.893000000000000000e+03 4.000000000000000000e+00 1.350000000000000000e+02 8.000000000000000000e+00 0.000000000000000000e+00 7.400000000000000000e+01 4.700000000000000000e+01 4.000000000000000000e+00 1.000000000000000000e+00 0.000000000000000000e+00 0.000000000000000000e+00 0.000000000000000000e+00 1.000000000000000000e+00 0.000000000000000000e+00 0.000000000000000000e+00 0.000000000000000000e+00 0.000000000000000000e+00 1.000000000000000000e+00 0.000000000000000000e+00 5.000000000000000000e+00 8.000000000000000000e+00 0.000000000000000000e+00 4.000000000000000000e+00 1.000000000000000000e+00 0.000000000000000000e+00 0.000000000000000000e+00 0.000000000000000000e+00 0.000000000000000000e+00 1.600000000000000000e+01 1.790000000000000000e+02 2.000000000000000000e+00 0.000000000000000000e+00 0.000000000000000000e+00 0.000000000000000000e+00 2.000000000000000000e+00 7.000000000000000000e+00 0.000000000000000000e+00 0.000000000000000000e+00 0.000000000000000000e+00 0.000000000000000000e+00 0.000000000000000000e+00 0.000000000000000000e+00 0.000000000000000000e+00 0.000000000000000000e+00 0.000000000000000000e+00 0.000000000000000000e+00 0.000000000000000000e+00 0.000000000000000000e+00 0.000000000000000000e+00 1.000000000000000000e+00 0.000000000000000000e+00 0.000000000000000000e+00 0.000000000000000000e+00 0.000000000000000000e+00 0.000000000000000000e+00 0.000000000000000000e+00 0.000000000000000000e+00 0.000000000000000000e+00 0.000000000000000000e+00 0.000000000000000000e+00 0.000000000000000000e+00 0.000000000000000000e+00 0.000000000000000000e+00 0.000000000000000000e+00 0.000000000000000000e+00 0.000000000000000000e+00 0.000000000000000000e+00 0.000000000000000000e+00 0.000000000000000000e+00 0.000000000000000000e+00 0.000000000000000000e+00 0.000000000000000000e+00 0.000000000000000000e+00 0.000000000000000000e+00 0.000000000000000000e+00 0.000000000000000000e+00 0.000000000000000000e+00 0.000000000000000000e+00 0.000000000000000000e+00 0.000000000000000000e+00
0.000000000000000000e+00 0.000000000000000000e+00 0.000000000000000000e+00 2.200000000000000000e+01 6.260000000000000000e+02 4.841000000000000000e+03 3.002000000000000000e+03 1.098100000000000000e+04 3.282000000000000000e+03 6.467000000000000000e+03 8.100000000000000000e+01 2.968000000000000000e+03 1.250000000000000000e+02 4.000000000000000000e+00 1.182000000000000000e+03 1.196000000000000000e+03 1.460000000000000000e+02 1.600000000000000000e+01 2.100000000000000000e+01 0.000000000000000000e+00 0.000000000000000000e+00 0.000000000000000000e+00 0.000000000000000000e+00 0.000000000000000000e+00 0.000000000000000000e+00 6.000000000000000000e+00 3.000000000000000000e+00 1.000000000000000000e+00 1.220000000000000000e+02 3.940000000000000000e+02 9.000000000000000000e+00 2.900000000000000000e+01 4.100000000000000000e+01 2.000000000000000000e+00 1.300000000000000000e+01 0.000000000000000000e+00 9.000000000000000000e+00 1.370000000000000000e+02 7.580000000000000000e+02 1.000000000000000000e+01 0.000000000000000000e+00 5.000000000000000000e+00 2.000000000000000000e+00 5.000000000000000000e+00 1.040000000000000000e+02 4.000000000000000000e+00 0.000000000000000000e+00 2.000000000000000000e+00 6.000000000000000000e+00 0.000000000000000000e+00 5.000000000000000000e+00 2.000000000000000000e+00 1.300000000000000000e+01 0.000000000000000000e+00 9.000000000000000000e+00 0.000000000000000000e+00 0.000000000000000000e+00 0.000000000000000000e+00 2.200000000000000000e+01 8.000000000000000000e+00 0.000000000000000000e+00 1.000000000000000000e+00 0.000000000000000000e+00 0.000000000000000000e+00 0.000000000000000000e+00 0.000000000000000000e+00 0.000000000000000000e+00 0.000000000000000000e+00 0.000000000000000000e+00 0.000000000000000000e+00 0.000000000000000000e+00 1.000000000000000000e+00 0.000000000000000000e+00 0.000000000000000000e+00 0.000000000000000000e+00 0.000000000000000000e+00 0.000000000000000000e+00 0.000000000000000000e+00 0.000000000000000000e+00 0.000000000000000000e+00 7.000000000000000000e+00 1.700000000000000000e+01 0.000000000000000000e+00 0.000000000000000000e+00 0.000000000000000000e+00 0.000000000000000000e+00 0.000000000000000000e+00 1.000000000000000000e+00 0.000000000000000000e+00
0.000000000000000000e+00 0.000000000000000000e+00 0.000000000000000000e+00 2.000000000000000000e+00 6.600000000000000000e+01 3.260000000000000000e+02 1.910000000000000000e+02 3.282000000000000000e+03 1.449000000000000000e+04 4.476000000000000000e+03 4.760000000000000000e+02 2.638000000000000000e+03 3.340000000000000000e+03 2.000000000000000000e+00 9.160000000000000000e+02 5.960000000000000000e+02 7.980000000000000000e+02 4.200000000000000000e+01 4.300000000000000000e+01 0.000000000000000000e+00 1.200000000000000000e+01 0.000000000000000000e+00 1.000000000000000000e+00 0.000000000000000000e+00 0.000000000000000000e+00 1.400000000000000000e+01 3.000000000000000000e+00 1.400000000000000000e+01 1.129000000000000000e+03 1.946000000000000000e+03 7.100000000000000000e+01 1.280000000000000000e+02 1.390000000000000000e+02 6.000000000000000000e+00 9.900000000000000000e+01 1.000000000000000000e+00 4.200000000000000000e+01 8.120000000000000000e+02 1.934000000000000000e+03 9.500000000000000000e+01 0.000000000000000000e+00 5.000000000000000000e+00 1.000000000000000000e+00 4.000000000000000000e+00 2.500000000000000000e+01 7.400000000000000000e+01 0.000000000000000000e+00 0.000000000000000000e+00 2.000000000000000000e+00 1.000000000000000000e+00 3.000000000000000000e+00 1.500000000000000000e+01 3.200000000000000000e+01 7.000000000000000000e+00 3.200000000000000000e+01 3.000000000000000000e+00 1.000000000000000000e+00 0.000000000000000000e+00 4.000000000000000000e+00 2.900000000000000000e+01 7.000000000000000000e+00 1.000000000000000000e+00 0.000000000000000000e+00 0.000000000000000000e+00 0.000000000000000000e+00 0.000000000000000000e+00 0.000000000000000000e+00 0.000000000000000000e+00 0.000000000000000000e+00 0.000000000000000000e+00 0.000000000000000000e+00 0.000000000000000000e+00 0.000000000000000000e+00 2.000000000000000000e+00 1.000000000000000000e+00 3.000000000000000000e+00 0.000000000000000000e+00 0.000000000000000000e+00 0.000000000000000000e+00 0.000000000000000000e+00 1.600000000000000000e+01 1.000000000000000000e+01 1.000000000000000000e+00 0.000000000000000000e+00 0.000000000000000000e+00 0.000000000000000000e+00 0.000000000000000000e+00 0.000000000000000000e+00 0.000000000000000000e+00
0.000000000000000000e+00 0.000000000000000000e+00 0.000000000000000000e+00 2.390000000000000000e+02 1.697000000000000000e+03 6.047000000000000000e+03 1.893000000000000000e+03 6.467000000000000000e+03 4.476000000000000000e+03 5.780600000000000000e+04 5.294000000000000000e+03 1.520000000000000000e+04 5.960000000000000000e+02 5.900000000000000000e+01 2.586000000000000000e+03 1.862000000000000000e+03 1.353000000000000000e+03 1.500000000000000000e+02 1.520000000000000000e+02 0.000000000000000000e+00 4.000000000000000000e+00 2.000000000000000000e+00 0.000000000000000000e+00 0.000000000000000000e+00 0.000000000000000000e+00 1.000000000000000000e+01 1.000000000000000000e+00 1.200000000000000000e+01 1.670000000000000000e+02 8.030000000000000000e+02 6.700000000000000000e+01 9.910000000000000000e+02 8.730000000000000000e+02 1.900000000000000000e+01 1.400000000000000000e+02 6.000000000000000000e+00 2.700000000000000000e+01 1.517000000000000000e+03 6.055000000000000000e+03 8.400000000000000000e+01 0.000000000000000000e+00 1.800000000000000000e+01 7.000000000000000000e+00 9.000000000000000000e+00 1.450000000000000000e+02 1.500000000000000000e+01 0.000000000000000000e+00 1.000000000000000000e+00 1.100000000000000000e+01 0.000000000000000000e+00 1.000000000000000000e+01 1.400000000000000000e+01 3.500000000000000000e+01 4.000000000000000000e+00 6.300000000000000000e+01 1.000000000000000000e+00 1.000000000000000000e+00 1.000000000000000000e+00 3.800000000000000000e+01 6.300000000000000000e+01 9.000000000000000000e+00 1.000000000000000000e+00 0.000000000000000000e+00 0.000000000000000000e+00 0.000000000000000000e+00 0.000000000000000000e+00 0.000000000000000000e+00 0.000000000000000000e+00 0.000000000000000000e+00 0.000000000000000000e+00 0.000000000000000000e+00 1.000000000000000000e+00 1.000000000000000000e+00 0.000000000000000000e+00 2.000000000000000000e+00 2.000000000000000000e+00 0.000000000000000000e+00 0.000000000000000000e+00 0.000000000000000000e+00 0.000000000000000000e+00 1.100000000000000000e+01 4.100000000000000000e+01 0.000000000000000000e+00 0.000000000000000000e+00 0.000000000000000000e+00 0.000000000000000000e+00 1.000000000000000000e+00 4.000000000000000000e+00 0.000000000000000000e+00
0.000000000000000000e+00 0.000000000000000000e+00 0.000000000000000000e+00 2.000000000000000000e+00 3.300000000000000000e+01 1.520000000000000000e+02 4.000000000000000000e+00 8.100000000000000000e+01 4.760000000000000000e+02 5.294000000000000000e+03 2.211600000000000000e+04 8.397000000000000000e+03 4.259000000000000000e+03 4.000000000000000000e+01 7.570000000000000000e+02 1.820000000000000000e+02 5.950000000000000000e+02 6.060000000000000000e+02 2.640000000000000000e+02 1.000000000000000000e+00 1.190000000000000000e+02 8.000000000000000000e+00 3.000000000000000000e+00 1.000000000000000000e+00 1.100000000000000000e+01 2.030000000000000000e+02 8.000000000000000000e+00 1.940000000000000000e+02 4.100000000000000000e+02 2.238000000000000000e+03 8.530000000000000000e+02 3.354000000000000000e+03 3.300000000000000000e+03 2.710000000000000000e+02 2.640000000000000000e+03 6.100000000000000000e+01 3.070000000000000000e+02 1.078000000000000000e+03 2.081000000000000000e+03 2.240000000000000000e+02 0.000000000000000000e+00 1.490000000000000000e+02 4.200000000000000000e+01 1.040000000000000000e+02 4.000000000000000000e+00 1.830000000000000000e+02 0.000000000000000000e+00 0.000000000000000000e+00 1.000000000000000000e+00 0.000000000000000000e+00 1.000000000000000000e+00 1.000000000000000000e+00 1.400000000000000000e+01 9.000000000000000000e+00 1.800000000000000000e+01 4.000000000000000000e+00 0.000000000000000000e+00 0.000000000000000000e+00 3.000000000000000000e+00 2.200000000000000000e+01 3.900000000000000000e+01 2.000000000000000000e+00 0.000000000000000000e+00 0.000000000000000000e+00 0.000000000000000000e+00 0.000000000000000000e+00 0.000000000000000000e+00 0.000000000000000000e+00 0.000000000000000000e+00 0.000000000000000000e+00 0.000000000000000000e+00 2.000000000000000000e+00 0.000000000000000000e+00 0.000000000000000000e+00 1.000000000000000000e+00 2.000000000000000000e+00 0.000000000000000000e+00 0.000000000000000000e+00 0.000000000000000000e+00 0.000000000000000000e+00 4.000000000000000000e+00 4.000000000000000000e+00 3.000000000000000000e+00 0.000000000000000000e+00 0.000000000000000000e+00 0.000000000000000000e+00 0.000000000000000000e+00 0.000000000000000000e+00 0.000000000000000000e+00
0.000000000000000000e+00 0.000000000000000000e+00 0.000000000000000000e+00 1.384000000000000000e+03 1.837000000000000000e+03 2.502000000000000000e+03 1.350000000000000000e+02 2.968000000000000000e+03 2.638000000000000000e+03 1.520000000000000000e+04 8.397000000000000000e+03 1.044810000000000000e+05 5.771000000000000000e+03 6.071000000000000000e+03 1.235000000000000000e+03 2.589000000000000000e+03 2.661000000000000000e+03 1.875000000000000000e+03 1.576000000000000000e+03 0.000000000000000000e+00 4.000000000000000000e+00 0.000000000000000000e+00 0.000000000000000000e+00 0.000000000000000000e+00 2.000000000000000000e+00 1.000000000000000000e+01 2.000000000000000000e+00 3.000000000000000000e+00 1.391000000000000000e+03 7.120000000000000000e+02 4.600000000000000000e+01 1.589000000000000000e+03 1.314000000000000000e+03 2.600000000000000000e+01 1.160000000000000000e+02 3.000000000000000000e+00 1.500000000000000000e+01 1.787000000000000000e+03 5.475000000000000000e+03 2.550000000000000000e+02 0.000000000000000000e+00 1.120000000000000000e+02 2.000000000000000000e+00 5.700000000000000000e+01 2.170000000000000000e+02 9.500000000000000000e+01 0.000000000000000000e+00 0.000000000000000000e+00 1.400000000000000000e+01 2.000000000000000000e+00 1.000000000000000000e+01 1.700000000000000000e+01 5.800000000000000000e+01 1.400000000000000000e+01 2.980000000000000000e+02 1.100000000000000000e+01 5.000000000000000000e+00 0.000000000000000000e+00 7.400000000000000000e+01 1.020000000000000000e+02 7.500000000000000000e+01 6.000000000000000000e+00 0.000000000000000000e+00 0.000000000000000000e+00 0.000000000000000000e+00 0.000000000000000000e+00 0.000000000000000000e+00 0.000000000000000000e+00 0.000000000000000000e+00 0.000000000000000000e+00 0.000000000000000000e+00 2.000000000000000000e+00 2.000000000000000000e+00 0.000000000000000000e+00 0.000000000000000000e+00 2.000000000000000000e+00 0.000000000000000000e+00 0.000000000000000000e+00 0.000000000000000000e+00 0.000000000000000000e+00 2.900000000000000000e+01 5.600000000000000000e+01 2.000000000000000000e+00 0.000000000000000000e+00 1.000000000000000000e+00 0.000000000000000000e+00 0.000000000000000000e+00 8.000000000000000000e+00 0.000000000000000000e+00
0.000000000000000000e+00 0.000000000000000000e+00 0.000000000000000000e+00 0.000000000000000000e+00 9.000000000000000000e+00 7.400000000000000000e+01 8.000000000000000000e+00 1.250000000000000000e+02 3.340000000000000000e+03 5.960000000000000000e+02 4.259000000000000000e+03 5.771000000000000000e+03 4.428700000000000000e+04 1.133800000000000000e+04 1.167000000000000000e+03 6.500000000000000000e+01 2.110000000000000000e+02 1.271000000000000000e+03 4.750000000000000000e+02 0.000000000000000000e+00 1.000000000000000000e+02 1.000000000000000000e+01 2.000000000000000000e+00 1.000000000000000000e+00 1.800000000000000000e+01 3.910000000000000000e+02 4.000000000000000000e+00 1.740000000000000000e+02 1.184400000000000000e+04 7.436000000000000000e+03 6.990000000000000000e+02 4.158000000000000000e+03 1.807000000000000000e+03 9.100000000000000000e+01 1.362000000000000000e+03 2.400000000000000000e+01 2.470000000000000000e+02 1.134000000000000000e+03 6.432000000000000000e+03 1.665000000000000000e+03 0.000000000000000000e+00 3.070000000000000000e+02 3.400000000000000000e+01 2.600000000000000000e+02 2.000000000000000000e+00 2.630000000000000000e+02 0.000000000000000000e+00 0.000000000000000000e+00 0.000000000000000000e+00 0.000000000000000000e+00 0.000000000000000000e+00 1.000000000000000000e+00 3.000000000000000000e+00 3.000000000000000000e+00 6.000000000000000000e+00 7.000000000000000000e+00 0.000000000000000000e+00 0.000000000000000000e+00 3.000000000000000000e+00 9.000000000000000000e+00 2.100000000000000000e+01 0.000000000000000000e+00 0.000000000000000000e+00 0.000000000000000000e+00 0.000000000000000000e+00 0.000000000000000000e+00 0.000000000000000000e+00 0.000000000000000000e+00 1.000000000000000000e+00 0.000000000000000000e+00 0.000000000000000000e+00 3.000000000000000000e+00 1.000000000000000000e+00 0.000000000000000000e+00 1.000000000000000000e+00 1.000000000000000000e+00 0.000000000000000000e+00 0.000000000000000000e+00 0.000000000000000000e+00 0.000000000000000000e+00 0.000000000000000000e+00 3.000000000000000000e+00 1.000000000000000000e+00 0.000000000000000000e+00 0.000000000000000000e+00 0.000000000000000000e+00 0.000000000000000000e+00 0.000000000000000000e+00 0.000000000000000000e+00
0.000000000000000000e+00 0.000000000000000000e+00 0.000000000000000000e+00 1.000000000000000000e+00 9.000000000000000000e+00 1.600000000000000000e+01 0.000000000000000000e+00 4.000000000000000000e+00 2.000000000000000000e+00 5.900000000000000000e+01 4.000000000000000000e+01 6.071000000000000000e+03 1.133800000000000000e+04 7.747000000000000000e+03 1.500000000000000000e+01 6.000000000000000000e+00 5.000000000000000000e+01 2.020000000000000000e+02 2.500000000000000000e+01 0.000000000000000000e+00 0.000000000000000000e+00 0.000000000000000000e+00 0.000000000000000000e+00 0.000000000000000000e+00 0.000000000000000000e+00 1.000000000000000000e+00 0.000000000000000000e+00 0.000000000000000000e+00 6.189000000000000000e+03 1.480000000000000000e+02 2.000000000000000000e+00 5.190000000000000000e+02 2.000000000000000000e+02 0.000000000000000000e+00 0.000000000000000000e+00 0.000000000000000000e+00 0.000000000000000000e+00 2.700000000000000000e+01 1.140000000000000000e+02 4.800000000000000000e+01 0.000000000000000000e+00 1.100000000000000000e+01 2.000000000000000000e+00 4.000000000000000000e+00 0.000000000000000000e+00 5.000000000000000000e+00 0.000000000000000000e+00 0.000000000000000000e+00 0.000000000000000000e+00 0.000000000000000000e+00 0.000000000000000000e+00 1.000000000000000000e+00 1.000000000000000000e+00 0.000000000000000000e+00 1.000000000000000000e+00 0.000000000000000000e+00 0.000000000000000000e+00 0.000000000000000000e+00 0.000000000000000000e+00 0.000000000000000000e+00 3.000000000000000000e+00 0.000000000000000000e+00 0.000000000000000000e+00 0.000000000000000000e+00 0.000000000000000000e+00 0.000000000000000000e+00 0.000000000000000000e+00 0.000000000000000000e+00 0.000000000000000000e+00 0.000000000000000000e+00 0.000000000000000000e+00 0.000000000000000000e+00 0.000000000000000000e+00 0.000000000000000000e+00 0.000000000000000000e+00 1.000000000000000000e+00 0.000000000000000000e+00 0.000000000000000000e+00 0.000000000000000000e+00 0.000000000000000000e+00 2.000000000000000000e+00 0.000000000000000000e+00 0.000000000000000000e+00 0.000000000000000000e+00 0.000000000000000000e+00 0.000000000000000000e+00 0.000000000000000000e+00 0.000000000000000000e+00 0.000000000000000000e+00
0.000000000000000000e+00 0.000000000000000000e+00 0.000000000000000000e+00 2.000000000000000000e+00 1.000000000000000000e+02 6.220000000000000000e+02 7.400000000000000000e+01 1.182000000000000000e+03 9.160000000000000000e+02 2.586000000000000000e+03 7.570000000000000000e+02 1.235000000000000000e+03 1.167000000000000000e+03 1.500000000000000000e+01 9.890000000000000000e+03 4.120000000000000000e+02 2.380000000000000000e+02 1.110000000000000000e+02 8.320000000000000000e+02 6.100000000000000000e+01 2.090000000000000000e+02 4.000000000000000000e+01 1.660000000000000000e+02 3.290000000000000000e+02 6.190000000000000000e+02 2.865000000000000000e+03 7.980000000000000000e+02 2.770000000000000000e+02 1.128000000000000000e+03 6.380000000000000000e+02 3.990000000000000000e+02 2.172000000000000000e+03 5.620000000000000000e+02 2.200000000000000000e+01 8.640000000000000000e+02 1.700000000000000000e+01 2.380000000000000000e+02 3.820000000000000000e+02 1.042500000000000000e+04 2.940000000000000000e+02 0.000000000000000000e+00 8.680000000000000000e+02 1.207000000000000000e+03 6.020000000000000000e+02 2.100000000000000000e+01 7.460000000000000000e+02 0.000000000000000000e+00 0.000000000000000000e+00 1.000000000000000000e+00 0.000000000000000000e+00 1.000000000000000000e+00 5.000000000000000000e+00 8.000000000000000000e+00 2.000000000000000000e+00 1.000000000000000000e+01 2.000000000000000000e+00 1.000000000000000000e+00 0.000000000000000000e+00 3.000000000000000000e+00 1.000000000000000000e+01 3.000000000000000000e+00 3.600000000000000000e+01 0.000000000000000000e+00 0.000000000000000000e+00 0.000000000000000000e+00 0.000000000000000000e+00 0.000000000000000000e+00 0.000000000000000000e+00 1.000000000000000000e+00 1.000000000000000000e+00 0.000000000000000000e+00 3.000000000000000000e+00 4.000000000000000000e+00 0.000000000000000000e+00 4.000000000000000000e+00 1.700000000000000000e+01 0.000000000000000000e+00 0.000000000000000000e+00 0.000000000000000000e+00 0.000000000000000000e+00 2.000000000000000000e+00 9.000000000000000000e+00 0.000000000000000000e+00 0.000000000000000000e+00 8.000000000000000000e+00 3.000000000000000000e+00 1.000000000000000000e+00 0.000000000000000000e+00 0.000000000000000000e+00
0.000000000000000000e+00 0.000000000000000000e+00 0.000000000000000000e+00 2.300000000000000000e+01 8.670000000000000000e+02 1.042000000000000000e+03 4.700000000000000000e+01 1.196000000000000000e+03 5.960000000000000000e+02 1.862000000000000000e+03 1.820000000000000000e+02 2.589000000000000000e+03 6.500000000000000000e+01 6.000000000000000000e+00 4.120000000000000000e+02 4.483000000000000000e+03 2.086000000000000000e+03 3.540000000000000000e+02 5.890000000000000000e+02 1.000000000000000000e+00 0.000000000000000000e+00 0.000000000000000000e+00 0.000000000000000000e+00 0.000000000000000000e+00 0.000000000000000000e+00 0.000000000000000000e+00 1.000000000000000000e+00 1.000000000000000000e+00 2.300000000000000000e+01 6.100000000000000000e+01 1.000000000000000000e+00 6.900000000000000000e+01 1.730000000000000000e+02 2.000000000000000000e+00 5.000000000000000000e+00 0.000000000000000000e+00 3.000000000000000000e+00 9.950000000000000000e+02 3.807000000000000000e+03 2.800000000000000000e+01 0.000000000000000000e+00 5.000000000000000000e+00 1.000000000000000000e+00 3.000000000000000000e+00 8.300000000000000000e+02 3.000000000000000000e+00 0.000000000000000000e+00 1.000000000000000000e+00 9.000000000000000000e+00 0.000000000000000000e+00 1.500000000000000000e+01 5.000000000000000000e+00 5.900000000000000000e+01 4.000000000000000000e+00 3.200000000000000000e+01 1.000000000000000000e+00 0.000000000000000000e+00 2.000000000000000000e+00 4.200000000000000000e+01 4.200000000000000000e+01 8.000000000000000000e+00 1.000000000000000000e+00 0.000000000000000000e+00 0.000000000000000000e+00 0.000000000000000000e+00 0.000000000000000000e+00 0.000000000000000000e+00 0.000000000000000000e+00 1.000000000000000000e+00 0.000000000000000000e+00 0.000000000000000000e+00 0.000000000000000000e+00 0.000000000000000000e+00 0.000000000000000000e+00 1.000000000000000000e+00 1.000000000000000000e+00 0.000000000000000000e+00 0.000000000000000000e+00 0.000000000000000000e+00 0.000000000000000000e+00 2.200000000000000000e+01 3.000000000000000000e+01 0.000000000000000000e+00 0.000000000000000000e+00 0.000000000000000000e+00 0.000000000000000000e+00 0.000000000000000000e+00 2.000000000000000000e+00 0.000000000000000000e+00
0.000000000000000000e+00 0.000000000000000000e+00 0.000000000000000000e+00 3.000000000000000000e+00 6.000000000000000000e+01 7.000000000000000000e+01 4.000000000000000000e+00 1.460000000000000000e+02 7.980000000000000000e+02 1.353000000000000000e+03 5.950000000000000000e+02 2.661000000000000000e+03 2.110000000000000000e+02 5.000000000000000000e+01 2.380000000000000000e+02 2.086000000000000000e+03 2.131000000000000000e+03 3.108000000000000000e+03 1.952000000000000000e+03 0.000000000000000000e+00 0.000000000000000000e+00 0.000000000000000000e+00 0.000000000000000000e+00 0.000000000000000000e+00 0.000000000000000000e+00 0.000000000000000000e+00 1.000000000000000000e+00 2.000000000000000000e+00 7.200000000000000000e+01 8.000000000000000000e+01 8.000000000000000000e+00 4.080000000000000000e+02 8.780000000000000000e+02 2.000000000000000000e+00 1.900000000000000000e+01 1.000000000000000000e+00 7.000000000000000000e+00 2.740000000000000000e+02 8.700000000000000000e+02 1.800000000000000000e+01 0.000000000000000000e+00 5.000000000000000000e+00 2.000000000000000000e+00 3.000000000000000000e+00 2.800000000000000000e+01 1.000000000000000000e+01 0.000000000000000000e+00 2.000000000000000000e+00 9.000000000000000000e+00 0.000000000000000000e+00 1.300000000000000000e+01 2.300000000000000000e+01 1.050000000000000000e+02 2.200000000000000000e+01 8.700000000000000000e+01 6.000000000000000000e+00 3.000000000000000000e+00 2.000000000000000000e+00 4.800000000000000000e+01 8.300000000000000000e+01 1.100000000000000000e+02 1.700000000000000000e+01 0.000000000000000000e+00 0.000000000000000000e+00 0.000000000000000000e+00 0.000000000000000000e+00 0.000000000000000000e+00 0.000000000000000000e+00 0.000000000000000000e+00 0.000000000000000000e+00 0.000000000000000000e+00 2.000000000000000000e+00 2.000000000000000000e+00 0.000000000000000000e+00 6.000000000000000000e+00 1.200000000000000000e+01 0.000000000000000000e+00 0.000000000000000000e+00 0.000000000000000000e+00 0.000000000000000000e+00 2.200000000000000000e+01 4.200000000000000000e+01 1.000000000000000000e+00 0.000000000000000000e+00 0.000000000000000000e+00 0.000000000000000000e+00 0.000000000000000000e+00 9.000000000000000000e+00 0.000000000000000000e+00
