0.000000000000000000e+00 0.000000000000000000e+00 0.000000000000000000e+00 0.000000000000000000e+00 0.000000000000000000e+00 0.000000000000000000e+00 0.000000000000000000e+00 0.000000000000000000e+00 0.000000000000000000e+00 0.000000000000000000e+00 0.000000000000000000e+00 0.000000000000000000e+00 0.000000000000000000e+00 0.000000000000000000e+00 0.000000000000000000e+00 0.000000000000000000e+00 0.000000000000000000e+00 0.000000000000000000e+00 0.000000000000000000e+00 0.000000000000000000e+00 0.000000000000000000e+00 0.000000000000000000e+00 0.000000000000000000e+00 0.000000000000000000e+00 0.000000000000000000e+00 0.000000000000000000e+00 0.000000000000000000e+00 0.000000000000000000e+00 0.000000000000000000e+00 0.000000000000000000e+00 0.000000000000000000e+00 0.000000000000000000e+00 0.000000000000000000e+00 0.000000000000000000e+00 0.000000000000000000e+00 0.000000000000000000e+00 0.000000000000000000e+00 0.000000000000000000e+00 0.000000000000000000e+00 0.000000000000000000e+00 0.000000000000000000e+00 0.000000000000000000e+00 0.000000000000000000e+00 0.000000000000000000e+00 0.000000000000000000e+00 0.000000000000000000e+00 0.000000000000000000e+00 0.000000000000000000e+00 0.000000000000000000e+00 0.000000000000000000e+00 0.000000000000000000e+00 0.000000000000000000e+00 0.000000000000000000e+00 0.000000000000000000e+00 0.000000000000000000e+00 0.000000000000000000e+00 0.000000000000000000e+00 0.000000000000000000e+00 0.000000000000000000e+00 0.000000000000000000e+00 0.000000000000000000e+00 0.000000000000000000e+00 0.000000000000000000e+00 0.000000000000000000e+00 0.000000000000000000e+00 0.000000000000000000e+00 0.000000000000000000e+00 0.000000000000000000e+00 0.000000000000000000e+00 0.000000000000000000e+00 0.000000000000000000e+00 0.000000000000000000e+00 0.000000000000000000e+00 0.000000000000000000e+00 0.000000000000000000e+00 0.000000000000000000e+00 0.000000000000000000e+00 0.000000000000000000e+00 0.000000000000000000e+00 0.000000000000000000e+00 0.000000000000000000e+00 0.000000000000000000e+00 0.000000000000000000e+00 0.000000000000000000e+00 0.000000000000000000e+00 0.000000000000000000e+00 0.000000000000000000e+00 0.000000000000000000e+00 0.000000000000000000e+00
0.000000000000000000e+00 0.000000000000000000e+00 0.000000000000000000e+00 0.000000000000000000e+00 0.000000000000000000e+00 0.000000000000000000e+00 0.000000000000000000e+00 0.000000000000000000e+00 0.000000000000000000e+00 0.000000000000000000e+00 0.000000000000000000e+00 0.000000000000000000e+00 0.000000000000000000e+00 0.000000000000000000e+00 0.000000000000000000e+00 0.000000000000000000e+00 0.000000000000000000e+00 0.000000000000000000e+00 0.000000000000000000e+00 0.000000000000000000e+00 0.000000000000000000e+00 0.000000000000000000e+00 0.000000000000000000e+00 0.000000000000000000e+00 0.000000000000000000e+00 0.000000000000000000e+00 0.000000000000000000e+00 0.000000000000000000e+00 0.000000000000000000e+00 0.000000000000000000e+00 0.000000000000000000e+00 0.000000000000000000e+00 0.000000000000000000e+00 0.000000000000000000e+00 0.000000000000000000e+00 0.000000000000000000e+00 0.000000000000000000e+00 0.000000000000000000e+00 0.000000000000000000e+00 0.000000000000000000e+00 0.000000000000000000e+00 0.000000000000000000e+00 0.000000000000000000e+00 0.000000000000000000e+00 0.000000000000000000e+00 0.000000000000000000e+00 0.000000000000000000e+00 0.000000000000000000e+00 0.000000000000000000e+00 0.000000000000000000e+00 0.000000000000000000e+00 0.000000000000000000e+00 0.000000000000000000e+00 0.000000000000000000e+00 0.000000000000000000e+00 0.000000000000000000e+00 0.000000000000000000e+00 0.000000000000000000e+00 0.000000000000000000e+00 0.000000000000000000e+00 0.000000000000000000e+00 0.000000000000000000e+00 0.000000000000000000e+00 0.000000000000000000e+00 0.000000000000000000e+00 0.000000000000000000e+00 0.000000000000000000e+00 0.000000000000000000e+00 0.000000000000000000e+00 0.000000000000000000e+00 0.000000000000000000e+00 0.000000000000000000e+00 0.000000000000000000e+00 0.000000000000000000e+00 0.000000000000000000e+00 0.000000000000000000e+00 0.000000000000000000e+00 0.000000000000000000e+00 0.000000000000000000e+00 0.000000000000000000e+00 0.000000000000000000e+00 0.000000000000000000e+00 0.000000000000000000e+00 0.000000000000000000e+00 0.000000000000000000e+00 0.000000000000000000e+00 0.000000000000000000e+00 0.000000000000000000e+00 0.000000000000000000e+00
0.000000000000000000e+00 0.000000000000000000e+00 0.000000000000000000e+00 0.000000000000000000e+00 0.000000000000000000e+00 0.000000000000000000e+00 0.000000000000000000e+00 0.000000000000000000e+00 0.000000000000000000e+00 0.000000000000000000e+00 0.000000000000000000e+00 0.000000000000000000e+00 0.000000000000000000e+00 0.000000000000000000e+00 0.000000000000000000e+00 0.000000000000000000e+00 0.000000000000000000e+00 0.000000000000000000e+00 0.000000000000000000e+00 0.000000000000000000e+00 0.000000000000000000e+00 0.000000000000000000e+00 0.000000000000000000e+00 0.000000000000000000e+00 0.000000000000000000e+00 0.000000000000000000e+00 0.000000000000000000e+00 0.000000000000000000e+00 0.000000000000000000e+00 0.000000000000000000e+00 0.000000000000000000e+00 0.000000000000000000e+00 0.000000000000000000e+00 0.000000000000000000e+00 0.000000000000000000e+00 0.000000000000000000e+00 0.000000000000000000e+00 0.000000000000000000e+00 0.000000000000000000e+00 0.000000000000000000e+00 0.000000000000000000e+00 0.000000000000000000e+00 0.000000000000000000e+00 0.000000000000000000e+00 0.000000000000000000e+00 0.000000000000000000e+00 0.000000000000000000e+00 0.000000000000000000e+00 0.000000000000000000e+00 0.000000000000000000e+00 0.000000000000000000e+00 0.000000000000000000e+00 0.000000000000000000e+00 0.000000000000000000e+00 0.000000000000000000e+00 0.000000000000000000e+00 0.000000000000000000e+00 0.000000000000000000e+00 0.000000000000000000e+00 0.000000000000000000e+00 0.000000000000000000e+00 0.000000000000000000e+00 0.000000000000000000e+00 0.000000000000000000e+00 0.000000000000000000e+00 0.000000000000000000e+00 0.000000000000000000e+00 0.000000000000000000e+00 0.000000000000000000e+00 0.000000000000000000e+00 0.000000000000000000e+00 0.000000000000000000e+00 0.000000000000000000e+00 0.000000000000000000e+00 0.000000000000000000e+00 0.000000000000000000e+00 0.000000000000000000e+00 0.000000000000000000e+00 0.000000000000000000e+00 0.000000000000000000e+00 0.000000000000000000e+00 0.000000000000000000e+00 0.000000000000000000e+00 0.000000000000000000e+00 0.000000000000000000e+00 0.000000000000000000e+00 0.000000000000000000e+00 0.000000000000000000e+00 0.000000000000000000e+00
0.000000000000000000e+00 0.000000000000000000e+00 0.000000000000000000e+00 4.562670299727517254e+00 7.254469987228605810e+00 1.101753702260327117e+01 3.083333333333331439e+01 3.036363636363635266e+01 2.899999999999999289e+01 8.654811715481164569e+00 4.624999999999995737e+01 5.597904624277454388e+00 0.000000000000000000e+00 5.249999999999997158e+01 3.649999999999997158e+01 2.397826086956520797e+01 4.199999999999997868e+01 5.975000000000000000e+01 6.449999999999995737e+01 0.000000000000000000e+00 0.000000000000000000e+00 0.000000000000000000e+00 0.000000000000000000e+00 0.000000000000000000e+00 0.000000000000000000e+00 0.000000000000000000e+00 0.000000000000000000e+00 0.000000000000000000e+00 0.000000000000000000e+00 0.000000000000000000e+00 0.000000000000000000e+00 0.000000000000000000e+00 7.150000000000007105e+01 0.000000000000000000e+00 0.000000000000000000e+00 0.000000000000000000e+00 0.000000000000000000e+00 2.832795698924729066e+01 3.259223300970871406e+01 4.199999999999995737e+01 0.000000000000000000e+00 0.000000000000000000e+00 0.000000000000000000e+00 0.000000000000000000e+00 3.190909090909090295e+01 0.000000000000000000e+00 0.000000000000000000e+00 0.000000000000000000e+00 0.000000000000000000e+00 0.000000000000000000e+00 0.000000000000000000e+00 0.000000000000000000e+00 0.000000000000000000e+00 0.000000000000000000e+00 0.000000000000000000e+00 0.000000000000000000e+00 0.000000000000000000e+00 0.000000000000000000e+00 0.000000000000000000e+00 0.000000000000000000e+00 0.000000000000000000e+00 0.000000000000000000e+00 0.000000000000000000e+00 0.000000000000000000e+00 0.000000000000000000e+00 0.000000000000000000e+00 0.000000000000000000e+00 0.000000000000000000e+00 0.000000000000000000e+00 0.000000000000000000e+00 0.000000000000000000e+00 0.000000000000000000e+00 0.000000000000000000e+00 0.000000000000000000e+00 0.000000000000000000e+00 0.000000000000000000e+00 0.000000000000000000e+00 0.000000000000000000e+00 0.000000000000000000e+00 0.000000000000000000e+00 0.000000000000000000e+00 0.000000000000000000e+00 0.000000000000000000e+00 0.000000000000000000e+00 0.000000000000000000e+00 0.000000000000000000e+00 0.000000000000000000e+00 0.000000000000000000e+00 0.000000000000000000e+00
0.000000000000000000e+00 0.000000000000000000e+00 0.000000000000000000e+00 7.254469987228605810e+00 1.025608547976223583e+01 1.015204266452001747e+01 2.712650602409637557e+01 2.392492012779551658e+01 3.987121212121211045e+01 1.335886859163228735e+01 4.839393939393937671e+01 1.591344583560151982e+01 5.655555555555552871e+01 5.933333333333333570e+01 2.658999999999998920e+01 1.454498269896192930e+01 3.241666666666665719e+01 6.104545454545451122e+01 6.696666666666662593e+01 0.000000000000000000e+00 0.000000000000000000e+00 0.000000000000000000e+00 0.000000000000000000e+00 0.000000000000000000e+00 0.000000000000000000e+00 6.325000000000001421e+01 0.000000000000000000e+00 0.000000000000000000e+00 6.866666666666668561e+01 6.299999999999996447e+01 0.000000000000000000e+00 8.337499999999995737e+01 7.699999999999998579e+01 0.000000000000000000e+00 0.000000000000000000e+00 0.000000000000000000e+00 0.000000000000000000e+00 1.182087628865978957e+01 1.982928719008263130e+01 2.961538461538459899e+01 0.000000000000000000e+00 0.000000000000000000e+00 3.699999999999994316e+01 3.099999999999998224e+01 6.936829836829833340e+00 8.959999999999997300e+00 0.000000000000000000e+00 4.299999999999998579e+01 4.024999999999998579e+01 0.000000000000000000e+00 4.674999999999994316e+01 0.000000000000000000e+00 5.099999999999999289e+01 0.000000000000000000e+00 4.974999999999992895e+01 0.000000000000000000e+00 0.000000000000000000e+00 0.000000000000000000e+00 3.383333333333330728e+01 4.516666666666662877e+01 0.000000000000000000e+00 0.000000000000000000e+00 0.000000000000000000e+00 0.000000000000000000e+00 0.000000000000000000e+00 0.000000000000000000e+00 0.000000000000000000e+00 0.000000000000000000e+00 0.000000000000000000e+00 0.000000000000000000e+00 0.000000000000000000e+00 0.000000000000000000e+00 0.000000000000000000e+00 0.000000000000000000e+00 0.000000000000000000e+00 0.000000000000000000e+00 0.000000000000000000e+00 0.000000000000000000e+00 0.000000000000000000e+00 0.000000000000000000e+00 2.117857142857140573e+01 2.992857142857140929e+01 0.000000000000000000e+00 0.000000000000000000e+00 0.000000000000000000e+00 0.000000000000000000e+00 0.000000000000000000e+00 2.674999999999998934e+01 8.818181818181811238e+00
0.000000000000000000e+00 0.000000000000000000e+00 0.000000000000000000e+00 1.101753702260327117e+01 1.015204266452001747e+01 1.424796901965735607e+01 1.044009875259874853e+01 1.615688907250567397e+01 3.383128834355827053e+01 1.556383330577145152e+01 4.383552631578945835e+01 2.520463629096721903e+01 5.414864864864863847e+01 6.043749999999997158e+01 2.487861736334404128e+01 2.095921305182340788e+01 3.749285714285713311e+01 5.545999999999997954e+01 7.305263157894734150e+01 0.000000000000000000e+00 0.000000000000000000e+00 0.000000000000000000e+00 5.949999999999994316e+01 0.000000000000000000e+00 4.338888888888886441e+01 3.868749999999997868e+01 5.333333333333329307e+01 4.749999999999997158e+01 6.158823529411762365e+01 6.087209302325579330e+01 5.449999999999998579e+01 8.349999999999995737e+01 7.851428571428569114e+01 0.000000000000000000e+00 8.643749999999998579e+01 0.000000000000000000e+00 5.799999999999997158e+01 1.615259472817132291e+01 1.936843661305580611e+01 2.386170212765956578e+01 0.000000000000000000e+00 3.903846153846151168e+01 3.435714285714284699e+01 2.452499999999999147e+01 1.977480916030533109e+01 2.449999999999999289e+01 0.000000000000000000e+00 0.000000000000000000e+00 4.449999999999992895e+01 0.000000000000000000e+00 5.287499999999995737e+01 0.000000000000000000e+00 5.059090909090903665e+01 0.000000000000000000e+00 4.977777777777774304e+01 0.000000000000000000e+00 0.000000000000000000e+00 0.000000000000000000e+00 3.970833333333330728e+01 4.289999999999999147e+01 4.750000000000001421e+01 0.000000000000000000e+00 0.000000000000000000e+00 0.000000000000000000e+00 0.000000000000000000e+00 0.000000000000000000e+00 0.000000000000000000e+00 0.000000000000000000e+00 0.000000000000000000e+00 0.000000000000000000e+00 0.000000000000000000e+00 0.000000000000000000e+00 0.000000000000000000e+00 0.000000000000000000e+00 0.000000000000000000e+00 0.000000000000000000e+00 0.000000000000000000e+00 0.000000000000000000e+00 0.000000000000000000e+00 0.000000000000000000e+00 2.587499999999997513e+01 4.899999999999997158e+01 0.000000000000000000e+00 0.000000000000000000e+00 0.000000000000000000e+00 0.000000000000000000e+00 0.000000000000000000e+00 2.637499999999997158e+01 3.279999999999997584e+01
0.000000000000000000e+00 0.000000000000000000e+00 0.000000000000000000e+00 3.083333333333331439e+01 2.712650602409637557e+01 1.044009875259874853e+01 8.127712854757927374e+00 7.741505662891403183e+00 2.105235602094239766e+01 1.128790279978869115e+01 4.249999999999998579e+01 3.331481481481480245e+01 5.274999999999998579e+01 0.000000000000000000e+00 4.062162162162159973e+01 2.854255319148935754e+01 3.974999999999998579e+01 4.049999999999998579e+01 0.000000000000000000e+00 0.000000000000000000e+00 0.000000000000000000e+00 7.149999999999995737e+01 0.000000000000000000e+00 0.000000000000000000e+00 0.000000000000000000e+00 0.000000000000000000e+00 4.949999999999995737e+01 0.000000000000000000e+00 4.809999999999996589e+01 4.818749999999995737e+01 0.000000000000000000e+00 9.012500000000000000e+01 7.099999999999994316e+01 0.000000000000000000e+00 0.000000000000000000e+00 0.000000000000000000e+00 0.000000000000000000e+00 3.128124999999997513e+01 2.879888268156423692e+01 4.649999999999997158e+01 0.000000000000000000e+00 0.000000000000000000e+00 0.000000000000000000e+00 2.600000000000000000e+01 3.349999999999997868e+01 0.000000000000000000e+00 0.000000000000000000e+00 0.000000000000000000e+00 0.000000000000000000e+00 0.000000000000000000e+00 0.000000000000000000e+00 0.000000000000000000e+00 0.000000000000000000e+00 0.000000000000000000e+00 0.000000000000000000e+00 0.000000000000000000e+00 0.000000000000000000e+00 0.000000000000000000e+00 3.599999999999999289e+01 0.000000000000000000e+00 0.000000000000000000e+00 0.000000000000000000e+00 0.000000000000000000e+00 0.000000000000000000e+00 0.000000000000000000e+00 0.000000000000000000e+00 0.000000000000000000e+00 0.000000000000000000e+00 0.000000000000000000e+00 0.000000000000000000e+00 0.000000000000000000e+00 0.000000000000000000e+00 0.000000000000000000e+00 0.000000000000000000e+00 0.000000000000000000e+00 0.000000000000000000e+00 0.000000000000000000e+00 0.000000000000000000e+00 0.000000000000000000e+00 0.000000000000000000e+00 0.000000000000000000e+00 0.000000000000000000e+00 0.000000000000000000e+00 0.000000000000000000e+00 0.000000000000000000e+00 0.000000000000000000e+00 0.000000000000000000e+00 0.000000000000000000e+00 0.000000000000000000e+00
0.000000000000000000e+00 0.000000000000000000e+00 0.000000000000000000e+00 3.036363636363635266e+01 2.392492012779551658e+01 1.615688907250567397e+01 7.741505662891403183e+00 9.017940078317090880e+00 1.028244972577696004e+01 2.003626101747331845e+01 3.102469135802467903e+01 2.597388814016171565e+01 3.640400000000000347e+01 5.262499999999997158e+01 3.460659898477155849e+01 2.116471571906354043e+01 2.398972602739724636e+01 4.928124999999997158e+01 6.492857142857143060e+01 0.000000000000000000e+00 0.000000000000000000e+00 0.000000000000000000e+00 0.000000000000000000e+00 0.000000000000000000e+00 0.000000000000000000e+00 6.274999999999999289e+01 3.949999999999999289e+01 6.350000000000000711e+01 3.924180327868850782e+01 3.705964467005074425e+01 6.299999999999998579e+01 7.075862068965516016e+01 6.725609756097559000e+01 8.350000000000001421e+01 7.676923076923075939e+01 0.000000000000000000e+00 6.594444444444441444e+01 2.943795620437954241e+01 2.751517150395777023e+01 3.699999999999999289e+01 0.000000000000000000e+00 4.459999999999998010e+01 5.874999999999999289e+01 2.959999999999999432e+01 3.180288461538459899e+01 5.349999999999998579e+01 0.000000000000000000e+00 3.049999999999997868e+01 4.183333333333330017e+01 0.000000000000000000e+00 5.029999999999994031e+01 5.424999999999997868e+01 3.996153846153842437e+01 0.000000000000000000e+00 4.688888888888885020e+01 0.000000000000000000e+00 0.000000000000000000e+00 0.000000000000000000e+00 2.611363636363635266e+01 2.387499999999998934e+01 0.000000000000000000e+00 6.949999999999997158e+01 0.000000000000000000e+00 0.000000000000000000e+00 0.000000000000000000e+00 0.000000000000000000e+00 0.000000000000000000e+00 0.000000000000000000e+00 0.000000000000000000e+00 0.000000000000000000e+00 0.000000000000000000e+00 7.500000000000001421e+01 0.000000000000000000e+00 0.000000000000000000e+00 0.000000000000000000e+00 0.000000000000000000e+00 0.000000000000000000e+00 0.000000000000000000e+00 0.000000000000000000e+00 0.000000000000000000e+00 3.199999999999997513e+01 4.188235294117643548e+01 0.000000000000000000e+00 0.000000000000000000e+00 0.000000000000000000e+00 0.000000000000000000e+00 0.000000000000000000e+00 4.899999999999999289e+01 0.000000000000000000e+00
0.000000000000000000e+00 0.000000000000000000e+00 0.000000000000000000e+00 2.899999999999999289e+01 3.987121212121211045e+01 3.383128834355827053e+01 2.105235602094239766e+01 1.028244972577696004e+01 1.219627329192546306e+01 1.990884718498659112e+01 2.610294117647058698e+01 2.901080363912054594e+01 1.088622754491017908e+01 4.450000000000000000e+01 2.570305676855894461e+01 3.278775167785234146e+01 2.396365914786967366e+01 4.483333333333332149e+01 5.839534883720930480e+01 0.000000000000000000e+00 6.179166666666665009e+01 0.000000000000000000e+00 6.899999999999998579e+01 0.000000000000000000e+00 0.000000000000000000e+00 5.228571428571427049e+01 2.733333333333330373e+01 4.064285714285715301e+01 2.040212577502214231e+01 2.642471736896196433e+01 4.790845070422535201e+01 6.019531250000000000e+01 5.878057553956834624e+01 5.933333333333333570e+01 6.469696969696970257e+01 7.700000000000000000e+01 5.483333333333333570e+01 1.996490147783250890e+01 1.696070320579110557e+01 2.756315789473684674e+01 0.000000000000000000e+00 2.589999999999999858e+01 5.099999999999997158e+01 2.937500000000000000e+01 4.651999999999998181e+01 2.978378378378378244e+01 0.000000000000000000e+00 0.000000000000000000e+00 6.299999999999998579e+01 5.899999999999992895e+01 5.049999999999996447e+01 4.426666666666663019e+01 4.678124999999995737e+01 6.092857142857135244e+01 4.759374999999995737e+01 6.699999999999995737e+01 7.599999999999995737e+01 0.000000000000000000e+00 3.987499999999997868e+01 3.293103448275860501e+01 3.700000000000000000e+01 6.499999999999998579e+01 0.000000000000000000e+00 0.000000000000000000e+00 0.000000000000000000e+00 0.000000000000000000e+00 0.000000000000000000e+00 0.000000000000000000e+00 0.000000000000000000e+00 0.000000000000000000e+00 0.000000000000000000e+00 0.000000000000000000e+00 0.000000000000000000e+00 9.674999999999997158e+01 8.199999999999995737e+01 9.099999999999998579e+01 0.000000000000000000e+00 0.000000000000000000e+00 0.000000000000000000e+00 0.000000000000000000e+00 4.590624999999997158e+01 5.079999999999997584e+01 6.300000000000003553e+01 0.000000000000000000e+00 0.000000000000000000e+00 0.000000000000000000e+00 0.000000000000000000e+00 0.000000000000000000e+00 0.000000000000000000e+00
0.000000000000000000e+00 0.000000000000000000e+00 0.000000000000000000e+00 8.654811715481164569e+00 1.335886859163228735e+01 1.556383330577145152e+01 1.128790279978869115e+01 2.003626101747331845e+01 1.990884718498659112e+01 1.325678995260007653e+01 1.522034378541744815e+01 1.656973684210525377e+01 4.344379194630871410e+01 5.291525423728810296e+01 3.398781902552202894e+01 2.487352309344789703e+01 2.292498152254248822e+01 4.318666666666665321e+01 6.190789473684208133e+01 0.000000000000000000e+00 8.724999999999997158e+01 8.450000000000001421e+01 0.000000000000000000e+00 0.000000000000000000e+00 0.000000000000000000e+00 7.434999999999998010e+01 3.699999999999998579e+01 6.774999999999998579e+01 4.871856287425147514e+01 4.332503113325029176e+01 6.444776119402983738e+01 6.435015136226033405e+01 6.392153493699883882e+01 6.331578947368419819e+01 7.942499999999999716e+01 8.824999999999998579e+01 7.301851851851850483e+01 2.340177982860908656e+01 2.689331131296447452e+01 4.021428571428570109e+01 0.000000000000000000e+00 4.086111111111109295e+01 7.221428571428570820e+01 5.827777777777776436e+01 3.514137931034480999e+01 4.579999999999998295e+01 0.000000000000000000e+00 5.649999999999995026e+01 4.895454545454541062e+01 0.000000000000000000e+00 4.659999999999993037e+01 4.785714285714281147e+01 4.802857142857137518e+01 5.349999999999992895e+01 4.834920634920631954e+01 8.850000000000000000e+01 6.649999999999995737e+01 7.449999999999998579e+01 3.309210526315786893e+01 3.086507936507934247e+01 3.911111111111108585e+01 8.649999999999998579e+01 0.000000000000000000e+00 0.000000000000000000e+00 0.000000000000000000e+00 0.000000000000000000e+00 0.000000000000000000e+00 0.000000000000000000e+00 0.000000000000000000e+00 0.000000000000000000e+00 0.000000000000000000e+00 8.799999999999994316e+01 7.999999999999998579e+01 0.000000000000000000e+00 1.087500000000000000e+02 7.149999999999991473e+01 0.000000000000000000e+00 0.000000000000000000e+00 0.000000000000000000e+00 0.000000000000000000e+00 3.631818181818179170e+01 4.821951219512190789e+01 0.000000000000000000e+00 0.000000000000000000e+00 0.000000000000000000e+00 0.000000000000000000e+00 6.899999999999995737e+01 4.312499999999997158e+01 0.000000000000000000e+00
0.000000000000000000e+00 0.000000000000000000e+00 0.000000000000000000e+00 4.624999999999995737e+01 4.839393939393937671e+01 4.383552631578945835e+01 4.249999999999998579e+01 3.102469135802467903e+01 2.610294117647058698e+01 1.522034378541744815e+01 1.355398806294085645e+01 2.346725020840776565e+01 1.604179384832120192e+01 3.737500000000000000e+01 2.491875825627476715e+01 3.704945054945054039e+01 2.411512605042016233e+01 2.670214521452144751e+01 4.939962121212121104e+01 7.099999999999998579e+01 5.766386554621848859e+01 5.862499999999998579e+01 6.766666666666667140e+01 7.999999999999998579e+01 5.263636363636363313e+01 4.830295566502463345e+01 5.725000000000000000e+01 4.158247422680412342e+01 2.926951219512195124e+01 3.555808757819481514e+01 4.176670574443141959e+01 4.626952892069171241e+01 4.458545454545454589e+01 4.755535055350553364e+01 5.636287878787878469e+01 5.875409836065573899e+01 5.284527687296417042e+01 2.059740259740259205e+01 2.374339259971167593e+01 3.160937500000000000e+01 0.000000000000000000e+00 2.691610738255033652e+01 5.441666666666666430e+01 3.544711538461537259e+01 4.649999999999994316e+01 3.417759562841529686e+01 0.000000000000000000e+00 0.000000000000000000e+00 6.400000000000000000e+01 0.000000000000000000e+00 6.249999999999990763e+01 6.449999999999998579e+01 5.303571428571425628e+01 4.722222222222218591e+01 4.741666666666663588e+01 4.887499999999995737e+01 0.000000000000000000e+00 0.000000000000000000e+00 5.099999999999997868e+01 3.581818181818180591e+01 2.989743589743589069e+01 4.324999999999998579e+01 0.000000000000000000e+00 0.000000000000000000e+00 0.000000000000000000e+00 0.000000000000000000e+00 0.000000000000000000e+00 0.000000000000000000e+00 0.000000000000000000e+00 0.000000000000000000e+00 0.000000000000000000e+00 5.599999999999998579e+01 0.000000000000000000e+00 0.000000000000000000e+00 7.249999999999998579e+01 5.600000000000001421e+01 0.000000000000000000e+00 0.000000000000000000e+00 0.000000000000000000e+00 0.000000000000000000e+00 4.849999999999998579e+01 4.824999999999998579e+01 4.833333333333333570e+01 0.000000000000000000e+00 0.000000000000000000e+00 0.000000000000000000e+00 0.000000000000000000e+00 0.000000000000000000e+00 0.000000000000000000e+00
0.000000000000000000e+00 0.000000000000000000e+00 0.000000000000000000e+00 5.597904624277454388e+00 1.591344583560151982e+01 2.520463629096721903e+01 3.331481481481480245e+01 2.597388814016171565e+01 2.901080363912054594e+01 1.656973684210525377e+01 2.346725020840776565e+01 1.531998162345306547e+01 2.384898631086466736e+01 1.640800527096030237e+01 3.519757085020241760e+01 2.041212823483969885e+01 1.813171739947387806e+01 2.380559999999999121e+01 4.238134517766497567e+01 0.000000000000000000e+00 7.812499999999998579e+01 0.000000000000000000e+00 0.000000000000000000e+00 0.000000000000000000e+00 5.500000000000000711e+01 6.929999999999998295e+01 5.024999999999998579e+01 6.233333333333334991e+01 3.562113587347231913e+01 4.629424157303370890e+01 6.334782608695650907e+01 5.257866582756450669e+01 4.782001522070014943e+01 6.530769230769230660e+01 7.793103448275861922e+01 8.233333333333332860e+01 7.586666666666666003e+01 2.584667039731392535e+01 2.946867579908674628e+01 3.696078431372549034e+01 0.000000000000000000e+00 3.290178571428572241e+01 8.900000000000002842e+01 4.607894736842105488e+01 3.488940092165896800e+01 3.990526315789473699e+01 0.000000000000000000e+00 0.000000000000000000e+00 5.239285714285710327e+01 4.999999999999995737e+01 4.724999999999994316e+01 4.811764705882347926e+01 4.716379310344824205e+01 5.132142857142854808e+01 1.714597315436240521e+01 5.913636363636361892e+01 1.950000000000000355e+01 0.000000000000000000e+00 3.185135135135132600e+01 2.916176470588233371e+01 2.583999999999998920e+01 6.799999999999995737e+01 0.000000000000000000e+00 0.000000000000000000e+00 0.000000000000000000e+00 0.000000000000000000e+00 0.000000000000000000e+00 0.000000000000000000e+00 0.000000000000000000e+00 0.000000000000000000e+00 0.000000000000000000e+00 8.199999999999994316e+01 8.524999999999995737e+01 0.000000000000000000e+00 0.000000000000000000e+00 6.525000000000000000e+01 0.000000000000000000e+00 0.000000000000000000e+00 0.000000000000000000e+00 0.000000000000000000e+00 3.586206896551720291e+01 4.612499999999995737e+01 6.999999999999995737e+01 0.000000000000000000e+00 9.099999999999995737e+01 0.000000000000000000e+00 0.000000000000000000e+00 4.656249999999997868e+01 0.000000000000000000e+00
0.000000000000000000e+00 0.000000000000000000e+00 0.000000000000000000e+00 0.000000000000000000e+00 5.655555555555552871e+01 5.414864864864863847e+01 5.274999999999998579e+01 3.640400000000000347e+01 1.088622754491017908e+01 4.344379194630871410e+01 1.604179384832120192e+01 2.384898631086466736e+01 1.427856933185810817e+01 9.044452284353502236e+00 2.353898886032562743e+01 5.102307692307689280e+01 3.692654028436017910e+01 2.188591660110149562e+01 3.419052631578947654e+01 0.000000000000000000e+00 5.564500000000000313e+01 5.595000000000000284e+01 8.250000000000000000e+01 8.599999999999995737e+01 4.811111111111111427e+01 2.182097186700767111e+01 5.037500000000000000e+01 3.848275862068965836e+01 1.901958797703478865e+01 2.881650080688542204e+01 3.991201716738197547e+01 3.427080327080327038e+01 3.627061427780851943e+01 4.646153846153845990e+01 5.468832599118942994e+01 6.166666666666666430e+01 5.070040485829959209e+01 2.550308641975308888e+01 2.525077736318408839e+01 2.982732732732733538e+01 0.000000000000000000e+00 2.835993485342019582e+01 5.113235294117646390e+01 3.627692307692307594e+01 4.699999999999997158e+01 3.697908745247148232e+01 0.000000000000000000e+00 0.000000000000000000e+00 0.000000000000000000e+00 0.000000000000000000e+00 0.000000000000000000e+00 7.099999999999995737e+01 6.033333333333330728e+01 6.199999999999997868e+01 6.408333333333332860e+01 5.957142857142856229e+01 0.000000000000000000e+00 0.000000000000000000e+00 7.683333333333331439e+01 4.566666666666665719e+01 3.926190476190475209e+01 0.000000000000000000e+00 0.000000000000000000e+00 0.000000000000000000e+00 0.000000000000000000e+00 0.000000000000000000e+00 0.000000000000000000e+00 0.000000000000000000e+00 6.199999999999998579e+01 0.000000000000000000e+00 0.000000000000000000e+00 6.699999999999995737e+01 6.850000000000001421e+01 0.000000000000000000e+00 6.199999999999994316e+01 4.049999999999996447e+01 0.000000000000000000e+00 0.000000000000000000e+00 0.000000000000000000e+00 0.000000000000000000e+00 0.000000000000000000e+00 6.016666666666665009e+01 4.849999999999997868e+01 0.000000000000000000e+00 0.000000000000000000e+00 0.000000000000000000e+00 0.000000000000000000e+00 0.000000000000000000e+00 0.000000000000000000e+00
0.000000000000000000e+00 0.000000000000000000e+00 0.000000000000000000e+00 5.249999999999997158e+01 5.933333333333333570e+01 6.043749999999997158e+01 0.000000000000000000e+00 5.262499999999997158e+01 4.450000000000000000e+01 5.291525423728810296e+01 3.737500000000000000e+01 1.640800527096030237e+01 9.044452284353502236e+00 1.082160836452820263e+01 3.856666666666665577e+01 5.491666666666662877e+01 3.320999999999999375e+01 8.898514851485147759e+00 2.264000000000000057e+01 0.000000000000000000e+00 0.000000000000000000e+00 0.000000000000000000e+00 0.000000000000000000e+00 0.000000000000000000e+00 0.000000000000000000e+00 2.850000000000000355e+01 0.000000000000000000e+00 0.000000000000000000e+00 1.129802876070447581e+01 3.291216216216216139e+01 1.574999999999998401e+01 1.338631984585741819e+01 1.259249999999999936e+01 0.000000000000000000e+00 0.000000000000000000e+00 0.000000000000000000e+00 0.000000000000000000e+00 3.388888888888888573e+01 3.706578947368421240e+01 3.427083333333334281e+01 0.000000000000000000e+00 3.509090909090910770e+01 4.150000000000001421e+01 4.200000000000000000e+01 0.000000000000000000e+00 3.400000000000000000e+01 0.000000000000000000e+00 0.000000000000000000e+00 0.000000000000000000e+00 0.000000000000000000e+00 0.000000000000000000e+00 5.899999999999995026e+01 6.900000000000004263e+01 0.000000000000000000e+00 5.400000000000000711e+01 0.000000000000000000e+00 0.000000000000000000e+00 0.000000000000000000e+00 0.000000000000000000e+00 0.000000000000000000e+00 5.216666666666665719e+01 0.000000000000000000e+00 0.000000000000000000e+00 0.000000000000000000e+00 0.000000000000000000e+00 0.000000000000000000e+00 0.000000000000000000e+00 0.000000000000000000e+00 0.000000000000000000e+00 0.000000000000000000e+00 0.000000000000000000e+00 0.000000000000000000e+00 0.000000000000000000e+00 0.000000000000000000e+00 0.000000000000000000e+00 5.250000000000001421e+01 0.000000000000000000e+00 0.000000000000000000e+00 0.000000000000000000e+00 0.000000000000000000e+00 4.674999999999995737e+01 0.000000000000000000e+00 0.000000000000000000e+00 0.000000000000000000e+00 0.000000000000000000e+00 0.000000000000000000e+00 0.000000000000000000e+00 0.000000000000000000e+00 0.000000000000000000e+00
0.000000000000000000e+00 0.000000000000000000e+00 0.000000000000000000e+00 3.649999999999997158e+01 2.658999999999998920e+01 2.487861736334404128e+01 4.062162162162159973e+01 3.460659898477155849e+01 2.570305676855894461e+01 3.398781902552202894e+01 2.491875825627476715e+01 3.519757085020241760e+01 2.353898886032562743e+01 3.856666666666665577e+01 1.178210313447926971e+01 3.506067961165047109e+01 3.258193277310923008e+01 2.763063063063062330e+01 2.580408653846152944e+01 1.397540983606557319e+01 2.557177033492822460e+01 3.057499999999998863e+01 2.284638554216867590e+01 1.486626139817628278e+01 2.018982229402261197e+01 2.077102966841186671e+01 1.967794486215538541e+01 2.972202166064981910e+01 1.538918439716312037e+01 2.257523510971786962e+01 4.094736842105262298e+01 3.610888581952116283e+01 3.890836298932384096e+01 5.138636363636363313e+01 5.145601851851851904e+01 5.432352941176469585e+01 3.940966386554622147e+01 2.197513089005235187e+01 8.187338129496399830e+00 1.768877551020408134e+01 0.000000000000000000e+00 1.977995391705068684e+01 1.403189726594863274e+01 1.128737541528239419e+01 3.095238095238094189e+01 2.127546916890079842e+01 0.000000000000000000e+00 0.000000000000000000e+00 5.850000000000000000e+01 0.000000000000000000e+00 7.249999999999991473e+01 5.589999999999994174e+01 5.793749999999995026e+01 4.599999999999997158e+01 4.889999999999994884e+01 5.149999999999995026e+01 3.699999999999997158e+01 0.000000000000000000e+00 5.716666666666665719e+01 3.634999999999998010e+01 3.183333333333333215e+01 3.295833333333332149e+01 0.000000000000000000e+00 0.000000000000000000e+00 0.000000000000000000e+00 0.000000000000000000e+00 0.000000000000000000e+00 0.000000000000000000e+00 7.249999999999998579e+01 4.299999999999997868e+01 0.000000000000000000e+00 4.999999999999997868e+01 5.049999999999997868e+01 0.000000000000000000e+00 6.199999999999999289e+01 4.026470588235292780e+01 0.000000000000000000e+00 0.000000000000000000e+00 0.000000000000000000e+00 0.000000000000000000e+00 5.299999999999997158e+01 5.599999999999997868e+01 0.000000000000000000e+00 0.000000000000000000e+00 3.587499999999998579e+01 3.933333333333330728e+01 8.699999999999997158e+01 0.000000000000000000e+00 0.000000000000000000e+00
0.000000000000000000e+00 0.000000000000000000e+00 0.000000000000000000e+00 2.397826086956520797e+01 1.454498269896192930e+01 2.095921305182340788e+01 2.854255319148935754e+01 2.116471571906354043e+01 3.278775167785234146e+01 2.487352309344789703e+01 3.704945054945054039e+01 2.041212823483969885e+01 5.102307692307689280e+01 5.491666666666662877e+01 3.506067961165047109e+01 7.310283292438096048e+00 1.021452540747842441e+01 4.001836158192087112e+01 5.120713073005090621e+01 1.039999999999999432e+02 0.000000000000000000e+00 0.000000000000000000e+00 0.000000000000000000e+00 0.000000000000000000e+00 0.000000000000000000e+00 0.000000000000000000e+00 5.549999999999999289e+01 1.074999999999999574e+02 5.789130434782607892e+01 5.577868852459015159e+01 9.599999999999998579e+01 7.108695652173909707e+01 5.672543352601152833e+01 7.824999999999995737e+01 9.679999999999998295e+01 0.000000000000000000e+00 9.800000000000001421e+01 1.505979899497486585e+01 2.283648542159178874e+01 3.708928571428570109e+01 0.000000000000000000e+00 5.410000000000000853e+01 7.249999999999992895e+01 4.266666666666663588e+01 1.311084337349396911e+01 4.083333333333329307e+01 0.000000000000000000e+00 3.549999999999996447e+01 3.305555555555552161e+01 0.000000000000000000e+00 3.029999999999996163e+01 4.119999999999994600e+01 3.520338983050844206e+01 5.087499999999997158e+01 3.529687499999997868e+01 6.499999999999998579e+01 0.000000000000000000e+00 3.724999999999997868e+01 1.805952380952379954e+01 2.039285714285713169e+01 3.468749999999999289e+01 7.299999999999998579e+01 0.000000000000000000e+00 0.000000000000000000e+00 0.000000000000000000e+00 0.000000000000000000e+00 0.000000000000000000e+00 0.000000000000000000e+00 1.109999999999999147e+02 0.000000000000000000e+00 0.000000000000000000e+00 0.000000000000000000e+00 0.000000000000000000e+00 0.000000000000000000e+00 7.599999999999997158e+01 8.049999999999997158e+01 0.000000000000000000e+00 0.000000000000000000e+00 0.000000000000000000e+00 0.000000000000000000e+00 2.463636363636361537e+01 3.224999999999997158e+01 0.000000000000000000e+00 0.000000000000000000e+00 0.000000000000000000e+00 0.000000000000000000e+00 0.000000000000000000e+00 3.075000000000000355e+01 0.000000000000000000e+00
0.000000000000000000e+00 0.000000000000000000e+00 0.000000000000000000e+00 4.199999999999997868e+01 3.241666666666665719e+01 3.749285714285713311e+01 3.974999999999998579e+01 2.398972602739724636e+01 2.396365914786967366e+01 2.292498152254248822e+01 2.411512605042016233e+01 1.813171739947387806e+01 3.692654028436017910e+01 3.320999999999999375e+01 3.258193277310923008e+01 1.021452540747842441e+01 7.664946034725476309e+00 2.209025096525095222e+01 3.597643442622949550e+01 0.000000000000000000e+00 0.000000000000000000e+00 0.000000000000000000e+00 0.000000000000000000e+00 0.000000000000000000e+00 0.000000000000000000e+00 0.000000000000000000e+00 5.599999999999997868e+01 6.474999999999997158e+01 4.581249999999998579e+01 5.159375000000000000e+01 6.931250000000000000e+01 5.341911764705881183e+01 3.716685649202732122e+01 6.249999999999999289e+01 7.863157894736842479e+01 9.050000000000001421e+01 7.949999999999997158e+01 1.932481751824816740e+01 2.487126436781608518e+01 3.388888888888887152e+01 0.000000000000000000e+00 3.760000000000000142e+01 5.899999999999995737e+01 7.499999999999998579e+01 3.401785714285713880e+01 4.144999999999998863e+01 0.000000000000000000e+00 5.399999999999997158e+01 3.238888888888885731e+01 0.000000000000000000e+00 3.765384615384611777e+01 2.684782608695650197e+01 3.032857142857139365e+01 3.384090909090907218e+01 2.793678160919539266e+01 4.708333333333329307e+01 2.733333333333332860e+01 3.950000000000002842e+01 1.972916666666665719e+01 1.344578313253011537e+01 1.844999999999999218e+01 3.217647058823530415e+01 0.000000000000000000e+00 0.000000000000000000e+00 0.000000000000000000e+00 0.000000000000000000e+00 0.000000000000000000e+00 0.000000000000000000e+00 0.000000000000000000e+00 0.000000000000000000e+00 0.000000000000000000e+00 6.149999999999997158e+01 4.924999999999994316e+01 0.000000000000000000e+00 5.683333333333330728e+01 4.133333333333332149e+01 0.000000000000000000e+00 0.000000000000000000e+00 0.000000000000000000e+00 0.000000000000000000e+00 2.043181818181815501e+01 3.021428571428570464e+01 2.799999999999997513e+01 0.000000000000000000e+00 0.000000000000000000e+00 0.000000000000000000e+00 0.000000000000000000e+00 3.677777777777777146e+01 0.000000000000000000e+00
