0.000000000000000000e+00 0.000000000000000000e+00 0.000000000000000000e+00 0.000000000000000000e+00 0.000000000000000000e+00 0.000000000000000000e+00 0.000000000000000000e+00 0.000000000000000000e+00 0.000000000000000000e+00 0.000000000000000000e+00 0.000000000000000000e+00 0.000000000000000000e+00 0.000000000000000000e+00 0.000000000000000000e+00 0.000000000000000000e+00 0.000000000000000000e+00 0.000000000000000000e+00 0.000000000000000000e+00 0.000000000000000000e+00 0.000000000000000000e+00 0.000000000000000000e+00 0.000000000000000000e+00 0.000000000000000000e+00 0.000000000000000000e+00 0.000000000000000000e+00 0.000000000000000000e+00 0.000000000000000000e+00 0.000000000000000000e+00 0.000000000000000000e+00 0.000000000000000000e+00 0.000000000000000000e+00 0.000000000000000000e+00 0.000000000000000000e+00 0.000000000000000000e+00 0.000000000000000000e+00 0.000000000000000000e+00 0.000000000000000000e+00 0.000000000000000000e+00 0.000000000000000000e+00 0.000000000000000000e+00 0.000000000000000000e+00 0.000000000000000000e+00 0.000000000000000000e+00 0.000000000000000000e+00 0.000000000000000000e+00 0.000000000000000000e+00 0.000000000000000000e+00 0.000000000000000000e+00 0.000000000000000000e+00 0.000000000000000000e+00 0.000000000000000000e+00 0.000000000000000000e+00 0.000000000000000000e+00 0.000000000000000000e+00 0.000000000000000000e+00 0.000000000000000000e+00 0.000000000000000000e+00 0.000000000000000000e+00 0.000000000000000000e+00 0.000000000000000000e+00 0.000000000000000000e+00 0.000000000000000000e+00 0.000000000000000000e+00 0.000000000000000000e+00 0.000000000000000000e+00 0.000000000000000000e+00 0.000000000000000000e+00 0.000000000000000000e+00 0.000000000000000000e+00 0.000000000000000000e+00 0.000000000000000000e+00 0.000000000000000000e+00 0.000000000000000000e+00 0.000000000000000000e+00 0.000000000000000000e+00 0.000000000000000000e+00 0.000000000000000000e+00 0.000000000000000000e+00 0.000000000000000000e+00 0.000000000000000000e+00 0.000000000000000000e+00 0.000000000000000000e+00 0.000000000000000000e+00 0.000000000000000000e+00 0.000000000000000000e+00 0.000000000000000000e+00 0.000000000000000000e+00 0.000000000000000000e+00 0.000000000000000000e+00
0.000000000000000000e+00 0.000000000000000000e+00 0.000000000000000000e+00 0.000000000000000000e+00 0.000000000000000000e+00 0.000000000000000000e+00 0.000000000000000000e+00 0.000000000000000000e+00 0.000000000000000000e+00 0.000000000000000000e+00 0.000000000000000000e+00 0.000000000000000000e+00 0.000000000000000000e+00 0.000000000000000000e+00 0.000000000000000000e+00 0.000000000000000000e+00 0.000000000000000000e+00 0.000000000000000000e+00 0.000000000000000000e+00 0.000000000000000000e+00 0.000000000000000000e+00 0.000000000000000000e+00 0.000000000000000000e+00 0.000000000000000000e+00 0.000000000000000000e+00 0.000000000000000000e+00 0.000000000000000000e+00 0.000000000000000000e+00 0.000000000000000000e+00 0.000000000000000000e+00 0.000000000000000000e+00 0.000000000000000000e+00 0.000000000000000000e+00 0.000000000000000000e+00 0.000000000000000000e+00 0.000000000000000000e+00 0.000000000000000000e+00 0.000000000000000000e+00 0.000000000000000000e+00 0.000000000000000000e+00 0.000000000000000000e+00 0.000000000000000000e+00 0.000000000000000000e+00 0.000000000000000000e+00 0.000000000000000000e+00 0.000000000000000000e+00 0.000000000000000000e+00 0.000000000000000000e+00 0.000000000000000000e+00 0.000000000000000000e+00 0.000000000000000000e+00 0.000000000000000000e+00 0.000000000000000000e+00 0.000000000000000000e+00 0.000000000000000000e+00 0.000000000000000000e+00 0.000000000000000000e+00 0.000000000000000000e+00 0.000000000000000000e+00 0.000000000000000000e+00 0.000000000000000000e+00 0.000000000000000000e+00 0.000000000000000000e+00 0.000000000000000000e+00 0.000000000000000000e+00 0.000000000000000000e+00 0.000000000000000000e+00 0.000000000000000000e+00 0.000000000000000000e+00 0.000000000000000000e+00 0.000000000000000000e+00 0.000000000000000000e+00 0.000000000000000000e+00 0.000000000000000000e+00 0.000000000000000000e+00 0.000000000000000000e+00 0.000000000000000000e+00 0.000000000000000000e+00 0.000000000000000000e+00 0.000000000000000000e+00 0.000000000000000000e+00 0.000000000000000000e+00 0.000000000000000000e+00 0.000000000000000000e+00 0.000000000000000000e+00 0.000000000000000000e+00 0.000000000000000000e+00 0.000000000000000000e+00 0.000000000000000000e+00
0.000000000000000000e+00 0.000000000000000000e+00 0.000000000000000000e+00 0.000000000000000000e+00 0.000000000000000000e+00 0.000000000000000000e+00 0.000000000000000000e+00 0.000000000000000000e+00 0.000000000000000000e+00 0.000000000000000000e+00 0.000000000000000000e+00 0.000000000000000000e+00 0.000000000000000000e+00 0.000000000000000000e+00 0.000000000000000000e+00 0.000000000000000000e+00 0.000000000000000000e+00 0.000000000000000000e+00 0.000000000000000000e+00 0.000000000000000000e+00 0.000000000000000000e+00 0.000000000000000000e+00 0.000000000000000000e+00 0.000000000000000000e+00 0.000000000000000000e+00 0.000000000000000000e+00 0.000000000000000000e+00 0.000000000000000000e+00 0.000000000000000000e+00 0.000000000000000000e+00 0.000000000000000000e+00 0.000000000000000000e+00 0.000000000000000000e+00 0.000000000000000000e+00 0.000000000000000000e+00 0.000000000000000000e+00 0.000000000000000000e+00 0.000000000000000000e+00 0.000000000000000000e+00 0.000000000000000000e+00 0.000000000000000000e+00 0.000000000000000000e+00 0.000000000000000000e+00 0.000000000000000000e+00 0.000000000000000000e+00 0.000000000000000000e+00 0.000000000000000000e+00 0.000000000000000000e+00 0.000000000000000000e+00 0.000000000000000000e+00 0.000000000000000000e+00 0.000000000000000000e+00 0.000000000000000000e+00 0.000000000000000000e+00 0.000000000000000000e+00 0.000000000000000000e+00 0.000000000000000000e+00 0.000000000000000000e+00 0.000000000000000000e+00 0.000000000000000000e+00 0.000000000000000000e+00 0.000000000000000000e+00 0.000000000000000000e+00 0.000000000000000000e+00 0.000000000000000000e+00 0.000000000000000000e+00 0.000000000000000000e+00 0.000000000000000000e+00 0.000000000000000000e+00 0.000000000000000000e+00 0.000000000000000000e+00 0.000000000000000000e+00 0.000000000000000000e+00 0.000000000000000000e+00 0.000000000000000000e+00 0.000000000000000000e+00 0.000000000000000000e+00 0.000000000000000000e+00 0.000000000000000000e+00 0.000000000000000000e+00 0.000000000000000000e+00 0.000000000000000000e+00 0.000000000000000000e+00 0.000000000000000000e+00 0.000000000000000000e+00 0.000000000000000000e+00 0.000000000000000000e+00 0.000000000000000000e+00 0.000000000000000000e+00
0.000000000000000000e+00 0.000000000000000000e+00 0.000000000000000000e+00 4.561079545454540529e+00 6.517880794701984115e+00 1.026315789473683715e+01 2.400000000000000355e+01 2.891176470588233016e+01 0.000000000000000000e+00 8.558309037900867722e+00 5.299999999999995737e+01 6.354880413703940967e+00 6.799999999999995737e+01 0.000000000000000000e+00 5.899999999999993605e+01 2.174999999999999289e+01 0.000000000000000000e+00 0.000000000000000000e+00 0.000000000000000000e+00 0.000000000000000000e+00 0.000000000000000000e+00 0.000000000000000000e+00 0.000000000000000000e+00 0.000000000000000000e+00 0.000000000000000000e+00 0.000000000000000000e+00 0.000000000000000000e+00 0.000000000000000000e+00 0.000000000000000000e+00 0.000000000000000000e+00 0.000000000000000000e+00 0.000000000000000000e+00 0.000000000000000000e+00 0.000000000000000000e+00 0.000000000000000000e+00 0.000000000000000000e+00 0.000000000000000000e+00 2.953333333333332078e+01 3.511538461538461320e+01 0.000000000000000000e+00 0.000000000000000000e+00 0.000000000000000000e+00 0.000000000000000000e+00 0.000000000000000000e+00 0.000000000000000000e+00 0.000000000000000000e+00 0.000000000000000000e+00 0.000000000000000000e+00 0.000000000000000000e+00 0.000000000000000000e+00 0.000000000000000000e+00 0.000000000000000000e+00 0.000000000000000000e+00 0.000000000000000000e+00 0.000000000000000000e+00 0.000000000000000000e+00 0.000000000000000000e+00 0.000000000000000000e+00 0.000000000000000000e+00 0.000000000000000000e+00 0.000000000000000000e+00 0.000000000000000000e+00 0.000000000000000000e+00 0.000000000000000000e+00 0.000000000000000000e+00 0.000000000000000000e+00 0.000000000000000000e+00 0.000000000000000000e+00 0.000000000000000000e+00 0.000000000000000000e+00 0.000000000000000000e+00 0.000000000000000000e+00 0.000000000000000000e+00 0.000000000000000000e+00 0.000000000000000000e+00 0.000000000000000000e+00 0.000000000000000000e+00 0.000000000000000000e+00 0.000000000000000000e+00 0.000000000000000000e+00 0.000000000000000000e+00 0.000000000000000000e+00 0.000000000000000000e+00 0.000000000000000000e+00 0.000000000000000000e+00 0.000000000000000000e+00 0.000000000000000000e+00 0.000000000000000000e+00 0.000000000000000000e+00
0.000000000000000000e+00 0.000000000000000000e+00 0.000000000000000000e+00 6.517880794701984115e+00 1.025418863894265620e+01 9.470308058692474162e+00 2.723684210526314686e+01 2.314637904468412444e+01 3.796202531645568712e+01 1.960139049826186763e+01 4.393150684931504202e+01 1.675964493001023570e+01 5.855769230769227818e+01 0.000000000000000000e+00 3.541592920353981100e+01 1.246854304635760791e+01 2.882499999999999218e+01 4.980555555555552871e+01 6.716666666666664298e+01 0.000000000000000000e+00 0.000000000000000000e+00 0.000000000000000000e+00 0.000000000000000000e+00 3.599999999999997868e+01 0.000000000000000000e+00 7.299999999999994316e+01 0.000000000000000000e+00 1.395000000000000284e+02 6.609999999999996589e+01 5.884210526315786893e+01 7.877272727272725206e+01 7.958620689655168690e+01 8.345833333333331439e+01 9.599999999999997158e+01 0.000000000000000000e+00 0.000000000000000000e+00 0.000000000000000000e+00 1.210836219693220528e+01 1.757441655658298885e+01 4.054545454545453254e+01 0.000000000000000000e+00 0.000000000000000000e+00 6.299999999999996447e+01 3.124999999999996447e+01 5.870457460453182286e+00 9.185185185185181567e+00 0.000000000000000000e+00 0.000000000000000000e+00 0.000000000000000000e+00 0.000000000000000000e+00 0.000000000000000000e+00 6.399999999999995026e+01 5.719999999999995310e+01 7.199999999999990052e+01 4.769999999999994600e+01 0.000000000000000000e+00 0.000000000000000000e+00 3.199999999999996803e+01 2.795833333333331439e+01 3.478571428571426338e+01 4.316666666666662877e+01 0.000000000000000000e+00 0.000000000000000000e+00 0.000000000000000000e+00 0.000000000000000000e+00 0.000000000000000000e+00 0.000000000000000000e+00 0.000000000000000000e+00 0.000000000000000000e+00 0.000000000000000000e+00 0.000000000000000000e+00 8.249999999999995737e+01 0.000000000000000000e+00 1.009999999999999574e+02 0.000000000000000000e+00 0.000000000000000000e+00 0.000000000000000000e+00 0.000000000000000000e+00 0.000000000000000000e+00 0.000000000000000000e+00 2.492857142857140573e+01 3.726923076923073808e+01 1.474999999999998579e+01 0.000000000000000000e+00 1.800000000000000000e+01 0.000000000000000000e+00 0.000000000000000000e+00 1.672222222222220722e+01 1.324999999999999467e+01
0.000000000000000000e+00 0.000000000000000000e+00 0.000000000000000000e+00 1.026315789473683715e+01 9.470308058692474162e+00 1.332620960848007385e+01 1.001528893495723871e+01 1.470415518337926031e+01 3.084756097560974553e+01 1.568215444516546953e+01 4.291059602649004745e+01 2.378627643876044573e+01 5.791304347826085319e+01 0.000000000000000000e+00 3.002189781021895953e+01 2.058614232209736628e+01 3.635454545454544473e+01 5.126315789473682116e+01 7.690277777777775725e+01 0.000000000000000000e+00 0.000000000000000000e+00 0.000000000000000000e+00 6.299999999999991473e+01 0.000000000000000000e+00 4.562499999999997158e+01 5.357142857142854098e+01 0.000000000000000000e+00 5.599999999999997868e+01 6.624999999999997158e+01 6.022058823529409466e+01 7.540909090909089230e+01 8.142999999999997840e+01 7.912499999999997158e+01 8.649999999999995737e+01 0.000000000000000000e+00 0.000000000000000000e+00 0.000000000000000000e+00 1.663887355052456485e+01 1.840122726600620240e+01 2.431818181818180946e+01 0.000000000000000000e+00 3.149999999999999289e+01 3.199999999999998934e+01 2.213636363636362248e+01 1.823913043478259866e+01 4.624999999999997158e+01 0.000000000000000000e+00 4.124999999999999289e+01 4.799999999999996447e+01 0.000000000000000000e+00 5.699999999999994316e+01 5.749999999999987210e+01 5.408695652173908286e+01 6.824999999999997158e+01 5.949999999999995026e+01 9.149999999999995737e+01 0.000000000000000000e+00 0.000000000000000000e+00 3.228333333333331723e+01 3.871428571428567977e+01 6.449999999999992895e+01 5.849999999999996447e+01 0.000000000000000000e+00 0.000000000000000000e+00 0.000000000000000000e+00 0.000000000000000000e+00 0.000000000000000000e+00 0.000000000000000000e+00 0.000000000000000000e+00 0.000000000000000000e+00 0.000000000000000000e+00 0.000000000000000000e+00 0.000000000000000000e+00 0.000000000000000000e+00 0.000000000000000000e+00 0.000000000000000000e+00 0.000000000000000000e+00 0.000000000000000000e+00 0.000000000000000000e+00 0.000000000000000000e+00 3.027999999999996916e+01 4.823913043478256668e+01 5.949999999999997158e+01 0.000000000000000000e+00 0.000000000000000000e+00 0.000000000000000000e+00 0.000000000000000000e+00 4.274999999999998579e+01 3.749999999999998579e+01
0.000000000000000000e+00 0.000000000000000000e+00 0.000000000000000000e+00 2.400000000000000355e+01 2.723684210526314686e+01 1.001528893495723871e+01 7.930943129636168543e+00 7.400873362445411274e+00 1.881862745098039369e+01 1.173704735376044184e+01 4.549999999999997158e+01 3.518421052631578050e+01 3.924999999999997158e+01 0.000000000000000000e+00 4.429999999999999005e+01 3.243750000000000000e+01 0.000000000000000000e+00 0.000000000000000000e+00 8.324999999999994316e+01 0.000000000000000000e+00 0.000000000000000000e+00 0.000000000000000000e+00 0.000000000000000000e+00 0.000000000000000000e+00 0.000000000000000000e+00 5.749999999999999289e+01 0.000000000000000000e+00 0.000000000000000000e+00 5.174999999999993605e+01 4.947368421052628662e+01 0.000000000000000000e+00 9.374999999999994316e+01 8.049999999999995737e+01 0.000000000000000000e+00 0.000000000000000000e+00 0.000000000000000000e+00 0.000000000000000000e+00 2.862499999999998579e+01 2.657368421052630580e+01 4.599999999999997158e+01 0.000000000000000000e+00 0.000000000000000000e+00 0.000000000000000000e+00 0.000000000000000000e+00 3.049999999999998934e+01 0.000000000000000000e+00 0.000000000000000000e+00 0.000000000000000000e+00 0.000000000000000000e+00 0.000000000000000000e+00 0.000000000000000000e+00 0.000000000000000000e+00 0.000000000000000000e+00 0.000000000000000000e+00 0.000000000000000000e+00 0.000000000000000000e+00 0.000000000000000000e+00 0.000000000000000000e+00 4.049999999999992895e+01 4.050000000000001421e+01 0.000000000000000000e+00 0.000000000000000000e+00 0.000000000000000000e+00 0.000000000000000000e+00 0.000000000000000000e+00 0.000000000000000000e+00 0.000000000000000000e+00 0.000000000000000000e+00 0.000000000000000000e+00 0.000000000000000000e+00 0.000000000000000000e+00 0.000000000000000000e+00 0.000000000000000000e+00 0.000000000000000000e+00 0.000000000000000000e+00 0.000000000000000000e+00 0.000000000000000000e+00 0.000000000000000000e+00 0.000000000000000000e+00 0.000000000000000000e+00 0.000000000000000000e+00 6.149999999999992184e+01 0.000000000000000000e+00 0.000000000000000000e+00 0.000000000000000000e+00 0.000000000000000000e+00 0.000000000000000000e+00 0.000000000000000000e+00 0.000000000000000000e+00
0.000000000000000000e+00 0.000000000000000000e+00 0.000000000000000000e+00 2.891176470588233016e+01 2.314637904468412444e+01 1.470415518337926031e+01 7.400873362445411274e+00 8.840957674219749762e+00 9.289493670886075805e+00 1.947170175777476686e+01 3.099999999999998579e+01 2.847968127490038626e+01 3.817391304347825098e+01 0.000000000000000000e+00 3.662287104622869549e+01 2.161927480916030220e+01 2.530263157894736281e+01 5.035714285714281857e+01 6.799999999999998579e+01 0.000000000000000000e+00 0.000000000000000000e+00 0.000000000000000000e+00 0.000000000000000000e+00 0.000000000000000000e+00 7.699999999999995737e+01 0.000000000000000000e+00 3.774999999999998579e+01 6.399999999999995737e+01 4.501587301587299805e+01 3.978203240058908108e+01 7.049999999999998579e+01 7.603124999999998579e+01 6.562499999999997158e+01 0.000000000000000000e+00 7.650000000000000000e+01 0.000000000000000000e+00 8.050000000000000000e+01 1.822303921568626706e+01 2.295842450765862708e+01 3.583333333333331439e+01 0.000000000000000000e+00 0.000000000000000000e+00 5.099999999999995737e+01 5.250000000000004974e+01 2.711538461538460609e+01 4.449999999999992895e+01 0.000000000000000000e+00 3.999999999999995737e+01 3.866666666666663588e+01 0.000000000000000000e+00 3.299999999999991473e+01 0.000000000000000000e+00 4.368421052631575918e+01 0.000000000000000000e+00 4.318749999999997158e+01 0.000000000000000000e+00 0.000000000000000000e+00 0.000000000000000000e+00 2.373333333333332362e+01 5.349999999999995737e+01 5.349999999999997158e+01 5.899999999999995737e+01 0.000000000000000000e+00 0.000000000000000000e+00 0.000000000000000000e+00 0.000000000000000000e+00 0.000000000000000000e+00 0.000000000000000000e+00 0.000000000000000000e+00 0.000000000000000000e+00 0.000000000000000000e+00 0.000000000000000000e+00 0.000000000000000000e+00 0.000000000000000000e+00 0.000000000000000000e+00 7.300000000000001421e+01 0.000000000000000000e+00 0.000000000000000000e+00 0.000000000000000000e+00 0.000000000000000000e+00 2.831249999999996447e+01 3.943055555555552871e+01 4.749999999999994316e+01 0.000000000000000000e+00 0.000000000000000000e+00 0.000000000000000000e+00 0.000000000000000000e+00 0.000000000000000000e+00 0.000000000000000000e+00
0.000000000000000000e+00 0.000000000000000000e+00 0.000000000000000000e+00 0.000000000000000000e+00 3.796202531645568712e+01 3.084756097560974553e+01 1.881862745098039369e+01 9.289493670886075805e+00 1.194806843600749424e+01 1.836849352795372425e+01 2.388669064748201265e+01 3.367857142857143060e+01 8.887839433293978075e+00 3.600000000000002132e+01 1.964296636085626346e+01 3.415517241379309610e+01 2.761206896551723489e+01 4.095833333333331439e+01 6.285483870967741638e+01 0.000000000000000000e+00 0.000000000000000000e+00 0.000000000000000000e+00 0.000000000000000000e+00 8.399999999999998579e+01 5.949999999999998579e+01 4.274999999999997868e+01 4.325000000000002842e+01 5.041666666666665719e+01 2.407686882933709072e+01 2.650598184818480618e+01 5.290624999999999289e+01 5.739240506329112890e+01 6.330769230769229949e+01 7.824999999999994316e+01 5.820000000000000284e+01 0.000000000000000000e+00 5.125000000000001421e+01 2.294359999999999289e+01 1.503620639108765467e+01 2.441741741741741833e+01 0.000000000000000000e+00 2.950000000000000711e+01 9.174999999999998579e+01 5.768749999999997158e+01 2.879166666666666785e+01 3.302380952380952550e+01 0.000000000000000000e+00 3.900000000000000000e+01 6.649999999999994316e+01 0.000000000000000000e+00 0.000000000000000000e+00 0.000000000000000000e+00 6.280769230769227818e+01 5.083333333333329307e+01 4.524999999999997158e+01 0.000000000000000000e+00 0.000000000000000000e+00 5.749999999999991473e+01 4.105555555555554292e+01 3.464814814814813815e+01 4.050000000000000000e+01 7.599999999999994316e+01 0.000000000000000000e+00 0.000000000000000000e+00 0.000000000000000000e+00 0.000000000000000000e+00 0.000000000000000000e+00 0.000000000000000000e+00 0.000000000000000000e+00 0.000000000000000000e+00 0.000000000000000000e+00 0.000000000000000000e+00 0.000000000000000000e+00 0.000000000000000000e+00 1.010000000000000000e+02 7.449999999999997158e+01 0.000000000000000000e+00 0.000000000000000000e+00 0.000000000000000000e+00 0.000000000000000000e+00 4.724999999999994316e+01 5.971874999999997158e+01 0.000000000000000000e+00 0.000000000000000000e+00 0.000000000000000000e+00 0.000000000000000000e+00 0.000000000000000000e+00 5.599999999999990052e+01 0.000000000000000000e+00
0.000000000000000000e+00 0.000000000000000000e+00 0.000000000000000000e+00 8.558309037900867722e+00 1.960139049826186763e+01 1.568215444516546953e+01 1.173704735376044184e+01 1.947170175777476686e+01 1.836849352795372425e+01 1.239461621936800562e+01 1.496075846684241917e+01 1.692911338187602510e+01 4.333924050632909797e+01 5.914999999999999147e+01 3.511119347664935475e+01 2.324269889224570917e+01 2.240703052728953182e+01 4.553879310344826337e+01 6.342857142857140929e+01 0.000000000000000000e+00 7.199999999999995737e+01 0.000000000000000000e+00 7.949999999999998579e+01 9.199999999999995737e+01 1.079999999999999716e+02 7.934999999999998010e+01 5.200000000000001421e+01 7.339473684210524596e+01 5.081171548117153236e+01 4.278389154704942143e+01 6.710747663551400422e+01 6.847854785478546091e+01 6.565934065934064279e+01 7.219999999999998863e+01 7.525000000000000000e+01 7.700000000000001421e+01 7.208333333333331439e+01 1.971859154929576619e+01 2.574373705029193360e+01 3.739044943820223921e+01 0.000000000000000000e+00 5.335714285714281147e+01 6.324999999999998579e+01 5.555555555555553582e+01 3.039837398373981259e+01 4.662941176470586413e+01 0.000000000000000000e+00 4.399999999999994316e+01 5.512499999999997158e+01 0.000000000000000000e+00 4.816666666666657903e+01 5.149999999999995737e+01 4.930136986301364743e+01 6.319999999999997442e+01 4.421929824561399869e+01 6.900000000000000000e+01 0.000000000000000000e+00 4.974999999999996447e+01 3.090659340659338739e+01 2.769230769230767208e+01 3.759999999999998010e+01 5.816666666666665719e+01 0.000000000000000000e+00 0.000000000000000000e+00 0.000000000000000000e+00 0.000000000000000000e+00 0.000000000000000000e+00 0.000000000000000000e+00 0.000000000000000000e+00 0.000000000000000000e+00 0.000000000000000000e+00 8.349999999999990052e+01 0.000000000000000000e+00 1.319999999999999432e+02 0.000000000000000000e+00 0.000000000000000000e+00 0.000000000000000000e+00 0.000000000000000000e+00 0.000000000000000000e+00 0.000000000000000000e+00 4.114814814814810262e+01 4.774561403508766944e+01 0.000000000000000000e+00 0.000000000000000000e+00 0.000000000000000000e+00 0.000000000000000000e+00 0.000000000000000000e+00 3.449999999999997868e+01 5.199999999999999289e+01
0.000000000000000000e+00 0.000000000000000000e+00 0.000000000000000000e+00 5.299999999999995737e+01 4.393150684931504202e+01 4.291059602649004745e+01 4.549999999999997158e+01 3.099999999999998579e+01 2.388669064748201265e+01 1.496075846684241917e+01 1.326366544135198389e+01 2.359938030755106553e+01 1.541098216812906863e+01 3.875000000000000000e+01 2.414082278481012622e+01 4.029670329670327789e+01 2.696318289786222522e+01 2.936971830985914877e+01 4.790029761904761330e+01 0.000000000000000000e+00 6.369047619047618269e+01 5.712499999999998579e+01 7.112500000000000000e+01 7.374999999999997158e+01 7.220000000000000284e+01 5.377000000000000313e+01 5.729999999999999716e+01 4.586170212765957643e+01 3.018746389370306105e+01 3.097790507364975454e+01 4.722617743702080872e+01 4.990557841792409732e+01 4.756368330464715655e+01 5.458333333333333570e+01 5.837182203389830448e+01 6.100000000000000000e+01 5.436363636363636687e+01 2.156452599388378388e+01 2.334226988382484080e+01 2.932771822358344949e+01 0.000000000000000000e+00 3.770000000000000284e+01 5.497826086956521863e+01 4.638750000000000284e+01 3.638888888888888573e+01 3.442970822281166932e+01 0.000000000000000000e+00 0.000000000000000000e+00 0.000000000000000000e+00 0.000000000000000000e+00 0.000000000000000000e+00 5.025000000000001421e+01 5.676470588235292070e+01 5.768181818181815856e+01 4.943333333333330160e+01 6.800000000000001421e+01 0.000000000000000000e+00 0.000000000000000000e+00 4.438888888888886441e+01 3.686363636363634555e+01 2.937499999999998224e+01 0.000000000000000000e+00 0.000000000000000000e+00 0.000000000000000000e+00 0.000000000000000000e+00 0.000000000000000000e+00 0.000000000000000000e+00 0.000000000000000000e+00 0.000000000000000000e+00 0.000000000000000000e+00 0.000000000000000000e+00 0.000000000000000000e+00 0.000000000000000000e+00 0.000000000000000000e+00 1.025000000000000000e+02 0.000000000000000000e+00 0.000000000000000000e+00 0.000000000000000000e+00 0.000000000000000000e+00 0.000000000000000000e+00 5.137499999999997868e+01 6.029999999999997584e+01 5.199999999999997868e+01 0.000000000000000000e+00 0.000000000000000000e+00 0.000000000000000000e+00 0.000000000000000000e+00 0.000000000000000000e+00 0.000000000000000000e+00
0.000000000000000000e+00 0.000000000000000000e+00 0.000000000000000000e+00 6.354880413703940967e+00 1.675964493001023570e+01 2.378627643876044573e+01 3.518421052631578050e+01 2.847968127490038626e+01 3.367857142857143060e+01 1.692911338187602510e+01 2.359938030755106553e+01 1.543296052631578696e+01 2.425324675324674928e+01 1.355821205821205844e+01 3.681147540983605637e+01 1.907511380880120200e+01 1.829515989628348294e+01 2.398345954563570714e+01 4.326963141025640880e+01 0.000000000000000000e+00 8.825000000000000000e+01 6.721428571428570820e+01 7.699999999999995737e+01 9.200000000000000000e+01 8.107142857142858361e+01 6.906944444444444287e+01 7.170000000000000284e+01 6.547222222222222854e+01 3.827357032457496189e+01 5.179418886198545380e+01 6.002620967741933811e+01 5.368452120682115236e+01 4.495569620253164800e+01 5.984210526315789735e+01 7.324358974358973740e+01 7.412500000000000000e+01 7.250000000000000000e+01 2.410243741765479797e+01 2.972748321370686853e+01 3.667160278745644320e+01 0.000000000000000000e+00 4.273148148148148096e+01 5.432323232323232531e+01 5.437254901960784537e+01 3.405555555555554292e+01 4.112459546925566656e+01 0.000000000000000000e+00 3.108333333333332860e+01 4.713157894736839637e+01 5.299999999999999289e+01 4.333333333333328596e+01 4.349999999999996447e+01 4.743499999999996675e+01 4.953571428571427049e+01 1.828474114441415566e+01 5.841666666666663588e+01 4.749999999999997868e+01 4.899999999999995737e+01 3.072368421052630083e+01 2.661904761904760264e+01 2.168032786885244434e+01 4.867857142857143060e+01 0.000000000000000000e+00 0.000000000000000000e+00 0.000000000000000000e+00 0.000000000000000000e+00 0.000000000000000000e+00 0.000000000000000000e+00 0.000000000000000000e+00 0.000000000000000000e+00 0.000000000000000000e+00 0.000000000000000000e+00 0.000000000000000000e+00 0.000000000000000000e+00 0.000000000000000000e+00 5.424999999999998579e+01 0.000000000000000000e+00 0.000000000000000000e+00 0.000000000000000000e+00 0.000000000000000000e+00 4.311999999999998323e+01 4.435964912280699224e+01 4.083333333333332149e+01 0.000000000000000000e+00 5.125000000000000000e+01 0.000000000000000000e+00 6.099999999999995026e+01 4.199999999999995737e+01 0.000000000000000000e+00
0.000000000000000000e+00 0.000000000000000000e+00 0.000000000000000000e+00 6.799999999999995737e+01 5.855769230769227818e+01 5.791304347826085319e+01 3.924999999999997158e+01 3.817391304347825098e+01 8.887839433293978075e+00 4.333924050632909797e+01 1.541098216812906863e+01 2.425324675324674928e+01 1.500180452389944996e+01 8.947666390499861677e+00 2.434212730318257911e+01 5.336842105263154679e+01 4.291011235955053849e+01 1.919639376218323434e+01 3.398144329896906868e+01 0.000000000000000000e+00 6.812500000000000000e+01 5.999999999999998579e+01 6.399999999999995737e+01 8.662499999999998579e+01 4.914999999999999147e+01 1.171946564885496223e+01 3.060000000000000142e+01 4.629999999999999716e+01 1.895269117418954608e+01 2.501946677951756115e+01 4.446325878594249303e+01 3.507664813343923527e+01 3.365066964285714590e+01 5.225000000000000711e+01 5.478947368421052744e+01 5.966666666666666430e+01 4.659523809523808779e+01 2.519259818731117662e+01 2.493826020851434322e+01 2.954754285714286510e+01 0.000000000000000000e+00 2.689371257485029787e+01 4.806521739130435833e+01 3.861301369863013377e+01 5.174999999999998579e+01 3.706877323420074077e+01 0.000000000000000000e+00 0.000000000000000000e+00 0.000000000000000000e+00 0.000000000000000000e+00 0.000000000000000000e+00 5.399999999999991473e+01 0.000000000000000000e+00 5.200000000000002132e+01 6.229999999999997584e+01 6.199999999999997158e+01 0.000000000000000000e+00 0.000000000000000000e+00 7.349999999999994316e+01 4.918181818181817277e+01 3.299999999999997868e+01 3.707142857142857650e+01 0.000000000000000000e+00 0.000000000000000000e+00 0.000000000000000000e+00 0.000000000000000000e+00 0.000000000000000000e+00 0.000000000000000000e+00 0.000000000000000000e+00 0.000000000000000000e+00 0.000000000000000000e+00 6.599999999999997158e+01 0.000000000000000000e+00 0.000000000000000000e+00 5.666666666666662877e+01 3.449999999999997868e+01 0.000000000000000000e+00 0.000000000000000000e+00 0.000000000000000000e+00 0.000000000000000000e+00 0.000000000000000000e+00 5.833333333333332149e+01 4.899999999999999289e+01 0.000000000000000000e+00 3.850000000000000000e+01 0.000000000000000000e+00 0.000000000000000000e+00 0.000000000000000000e+00 0.000000000000000000e+00
0.000000000000000000e+00 0.000000000000000000e+00 0.000000000000000000e+00 0.000000000000000000e+00 0.000000000000000000e+00 0.000000000000000000e+00 0.000000000000000000e+00 0.000000000000000000e+00 3.600000000000002132e+01 5.914999999999999147e+01 3.875000000000000000e+01 1.355821205821205844e+01 8.947666390499861677e+00 9.707203266258384033e+00 4.095454545454546746e+01 5.529166666666662877e+01 3.564285714285713880e+01 9.993589743589740948e+00 2.391538461538461391e+01 0.000000000000000000e+00 0.000000000000000000e+00 0.000000000000000000e+00 0.000000000000000000e+00 0.000000000000000000e+00 0.000000000000000000e+00 5.350000000000001421e+01 0.000000000000000000e+00 0.000000000000000000e+00 1.050027601435274605e+01 3.722916666666666430e+01 3.212500000000000000e+01 1.646229508196721270e+01 1.440579710144927539e+01 4.824999999999998579e+01 0.000000000000000000e+00 0.000000000000000000e+00 0.000000000000000000e+00 2.605882352941176094e+01 3.404729729729729826e+01 3.125000000000000000e+01 0.000000000000000000e+00 3.324999999999997868e+01 4.050000000000000000e+01 3.862499999999999289e+01 0.000000000000000000e+00 4.575000000000000000e+01 0.000000000000000000e+00 0.000000000000000000e+00 0.000000000000000000e+00 0.000000000000000000e+00 0.000000000000000000e+00 0.000000000000000000e+00 0.000000000000000000e+00 0.000000000000000000e+00 2.799999999999997158e+01 0.000000000000000000e+00 0.000000000000000000e+00 0.000000000000000000e+00 0.000000000000000000e+00 0.000000000000000000e+00 0.000000000000000000e+00 0.000000000000000000e+00 0.000000000000000000e+00 0.000000000000000000e+00 0.000000000000000000e+00 0.000000000000000000e+00 0.000000000000000000e+00 0.000000000000000000e+00 0.000000000000000000e+00 0.000000000000000000e+00 0.000000000000000000e+00 0.000000000000000000e+00 0.000000000000000000e+00 0.000000000000000000e+00 0.000000000000000000e+00 0.000000000000000000e+00 0.000000000000000000e+00 0.000000000000000000e+00 0.000000000000000000e+00 0.000000000000000000e+00 0.000000000000000000e+00 0.000000000000000000e+00 0.000000000000000000e+00 0.000000000000000000e+00 0.000000000000000000e+00 0.000000000000000000e+00 0.000000000000000000e+00 0.000000000000000000e+00 0.000000000000000000e+00
0.000000000000000000e+00 0.000000000000000000e+00 0.000000000000000000e+00 5.899999999999993605e+01 3.541592920353981100e+01 3.002189781021895953e+01 4.429999999999999005e+01 3.662287104622869549e+01 1.964296636085626346e+01 3.511119347664935475e+01 2.414082278481012622e+01 3.681147540983605637e+01 2.434212730318257911e+01 4.095454545454546746e+01 1.083734881470730294e+01 4.497727272727271952e+01 2.759374999999998934e+01 2.686904761904761330e+01 2.919202898550723546e+01 1.184868421052631504e+01 2.535526315789472918e+01 2.922727272727271597e+01 2.398391089108910990e+01 1.584566326530611491e+01 2.287434161023325530e+01 2.066013628620102338e+01 1.915624999999999289e+01 2.731299524564182590e+01 2.122680131004366899e+01 2.478121137206426638e+01 3.959081562714186475e+01 3.838376835236540785e+01 3.964426877470355493e+01 5.359523809523808779e+01 4.672354497354496061e+01 5.190909090909089940e+01 3.822222222222221433e+01 2.583043478260868753e+01 8.210031347962379655e+00 2.066831683168316758e+01 0.000000000000000000e+00 2.024330357142857295e+01 1.379310344827586121e+01 1.228387096774193665e+01 2.274999999999998934e+01 2.058064516129031674e+01 0.000000000000000000e+00 0.000000000000000000e+00 4.649999999999992184e+01 0.000000000000000000e+00 0.000000000000000000e+00 0.000000000000000000e+00 4.608333333333329307e+01 6.116666666666662167e+01 4.952941176470585560e+01 8.249999999999997158e+01 0.000000000000000000e+00 0.000000000000000000e+00 2.299999999999997513e+01 3.016666666666664653e+01 3.172222222222218946e+01 3.721052631578945125e+01 0.000000000000000000e+00 0.000000000000000000e+00 0.000000000000000000e+00 0.000000000000000000e+00 0.000000000000000000e+00 0.000000000000000000e+00 0.000000000000000000e+00 0.000000000000000000e+00 0.000000000000000000e+00 0.000000000000000000e+00 6.149999999999993605e+01 6.449999999999998579e+01 7.379999999999996874e+01 3.624999999999997158e+01 0.000000000000000000e+00 0.000000000000000000e+00 0.000000000000000000e+00 0.000000000000000000e+00 3.433333333333331439e+01 5.264285714285710327e+01 4.049999999999998579e+01 0.000000000000000000e+00 0.000000000000000000e+00 4.133333333333331439e+01 0.000000000000000000e+00 0.000000000000000000e+00 0.000000000000000000e+00
0.000000000000000000e+00 0.000000000000000000e+00 0.000000000000000000e+00 2.174999999999999289e+01 1.246854304635760791e+01 2.058614232209736628e+01 3.243750000000000000e+01 2.161927480916030220e+01 3.415517241379309610e+01 2.324269889224570917e+01 4.029670329670327789e+01 1.907511380880120200e+01 5.336842105263154679e+01 5.529166666666662877e+01 4.497727272727271952e+01 6.777470455116918480e+00 1.004980964467004867e+01 3.599143835616435894e+01 5.357797427652730704e+01 0.000000000000000000e+00 1.069999999999999716e+02 6.899999999999997158e+01 0.000000000000000000e+00 0.000000000000000000e+00 9.500000000000000000e+01 8.231250000000000000e+01 0.000000000000000000e+00 9.199999999999997158e+01 6.847142857142854666e+01 6.826811594202895606e+01 7.774999999999997158e+01 7.511267605633800315e+01 6.804929577464785950e+01 8.474999999999998579e+01 8.824999999999998579e+01 0.000000000000000000e+00 1.000000000000000142e+02 1.068862911795960891e+01 2.281437389770721680e+01 6.186363636363634555e+01 0.000000000000000000e+00 6.879411764705881183e+01 6.624999999999997158e+01 8.962499999999997158e+01 8.921307506053262060e+00 5.512500000000000000e+01 0.000000000000000000e+00 2.416666666666665719e+01 3.338888888888887863e+01 3.049999999999996092e+01 3.499999999999996447e+01 3.714285714285710327e+01 3.827966101694912027e+01 4.633333333333330728e+01 3.664772727272724495e+01 6.549999999999995737e+01 0.000000000000000000e+00 0.000000000000000000e+00 1.688571428571427901e+01 2.057746478873239226e+01 2.974999999999997513e+01 5.064999999999999147e+01 0.000000000000000000e+00 0.000000000000000000e+00 0.000000000000000000e+00 0.000000000000000000e+00 0.000000000000000000e+00 0.000000000000000000e+00 0.000000000000000000e+00 0.000000000000000000e+00 0.000000000000000000e+00 0.000000000000000000e+00 7.600000000000000000e+01 1.035000000000000000e+02 8.749999999999997158e+01 5.174999999999997868e+01 0.000000000000000000e+00 0.000000000000000000e+00 0.000000000000000000e+00 0.000000000000000000e+00 2.070588235294115620e+01 3.123529411764704022e+01 7.099999999999998579e+01 0.000000000000000000e+00 0.000000000000000000e+00 0.000000000000000000e+00 0.000000000000000000e+00 2.312500000000000000e+01 4.799999999999992895e+01
0.000000000000000000e+00 0.000000000000000000e+00 0.000000000000000000e+00 0.000000000000000000e+00 2.882499999999999218e+01 3.635454545454544473e+01 0.000000000000000000e+00 2.530263157894736281e+01 2.761206896551723489e+01 2.240703052728953182e+01 2.696318289786222522e+01 1.829515989628348294e+01 4.291011235955053849e+01 3.564285714285713880e+01 2.759374999999998934e+01 1.004980964467004867e+01 7.690947368421049646e+00 1.830594978165937903e+01 3.943716970052846449e+01 0.000000000000000000e+00 0.000000000000000000e+00 6.149999999999997868e+01 1.047499999999999574e+02 9.649999999999995737e+01 0.000000000000000000e+00 6.174999999999997868e+01 7.050000000000000000e+01 6.989999999999997726e+01 5.246590909090907218e+01 5.985344827586204985e+01 6.716666666666667140e+01 5.952671755725188518e+01 4.179076086956520442e+01 0.000000000000000000e+00 8.412499999999998579e+01 0.000000000000000000e+00 6.016666666666662877e+01 1.950877192982455099e+01 2.401175548589340636e+01 3.675961538461537259e+01 0.000000000000000000e+00 5.406730769230767208e+01 5.378124999999997868e+01 6.946428571428570820e+01 3.044444444444443931e+01 3.867391304347825809e+01 0.000000000000000000e+00 2.916666666666665364e+01 3.261111111111110006e+01 0.000000000000000000e+00 3.016666666666662522e+01 2.684210526315785827e+01 3.170588235294114554e+01 3.480555555555554292e+01 2.887244897959182310e+01 4.224999999999997868e+01 5.849999999999997868e+01 0.000000000000000000e+00 1.806140350877192091e+01 1.341588785046728560e+01 1.363725490196077494e+01 3.995833333333332149e+01 0.000000000000000000e+00 0.000000000000000000e+00 0.000000000000000000e+00 0.000000000000000000e+00 0.000000000000000000e+00 0.000000000000000000e+00 0.000000000000000000e+00 0.000000000000000000e+00 0.000000000000000000e+00 5.450000000000000000e+01 0.000000000000000000e+00 7.199999999999998579e+01 6.829999999999998295e+01 3.650000000000000000e+01 0.000000000000000000e+00 0.000000000000000000e+00 0.000000000000000000e+00 0.000000000000000000e+00 2.345652173913041594e+01 3.156382978723402744e+01 3.400000000000001421e+01 0.000000000000000000e+00 3.149999999999996803e+01 0.000000000000000000e+00 0.000000000000000000e+00 2.974999999999997868e+01 3.550000000000000711e+01
