0.000000000000000000e+00 0.000000000000000000e+00 0.000000000000000000e+00 0.000000000000000000e+00 0.000000000000000000e+00 0.000000000000000000e+00 0.000000000000000000e+00 0.000000000000000000e+00 0.000000000000000000e+00 0.000000000000000000e+00 0.000000000000000000e+00 0.000000000000000000e+00 0.000000000000000000e+00 0.000000000000000000e+00 0.000000000000000000e+00 0.000000000000000000e+00 0.000000000000000000e+00 0.000000000000000000e+00 0.000000000000000000e+00 0.000000000000000000e+00 0.000000000000000000e+00 0.000000000000000000e+00 0.000000000000000000e+00 0.000000000000000000e+00 0.000000000000000000e+00 0.000000000000000000e+00 0.000000000000000000e+00 0.000000000000000000e+00 0.000000000000000000e+00 0.000000000000000000e+00 0.000000000000000000e+00 0.000000000000000000e+00 0.000000000000000000e+00 0.000000000000000000e+00 0.000000000000000000e+00 0.000000000000000000e+00 0.000000000000000000e+00 0.000000000000000000e+00 0.000000000000000000e+00 0.000000000000000000e+00 0.000000000000000000e+00 0.000000000000000000e+00 0.000000000000000000e+00 0.000000000000000000e+00 0.000000000000000000e+00 0.000000000000000000e+00 0.000000000000000000e+00 0.000000000000000000e+00 0.000000000000000000e+00 0.000000000000000000e+00 0.000000000000000000e+00 0.000000000000000000e+00 0.000000000000000000e+00 0.000000000000000000e+00 0.000000000000000000e+00 0.000000000000000000e+00 0.000000000000000000e+00 0.000000000000000000e+00 0.000000000000000000e+00 0.000000000000000000e+00 0.000000000000000000e+00 0.000000000000000000e+00 0.000000000000000000e+00 0.000000000000000000e+00 0.000000000000000000e+00 0.000000000000000000e+00 0.000000000000000000e+00 0.000000000000000000e+00 0.000000000000000000e+00 0.000000000000000000e+00 0.000000000000000000e+00 0.000000000000000000e+00 0.000000000000000000e+00 0.000000000000000000e+00 0.000000000000000000e+00 0.000000000000000000e+00 0.000000000000000000e+00 0.000000000000000000e+00 0.000000000000000000e+00 0.000000000000000000e+00 0.000000000000000000e+00 0.000000000000000000e+00 0.000000000000000000e+00 0.000000000000000000e+00 0.000000000000000000e+00 0.000000000000000000e+00 0.000000000000000000e+00 0.000000000000000000e+00 0.000000000000000000e+00
0.000000000000000000e+00 0.000000000000000000e+00 0.000000000000000000e+00 0.000000000000000000e+00 0.000000000000000000e+00 0.000000000000000000e+00 0.000000000000000000e+00 0.000000000000000000e+00 0.000000000000000000e+00 0.000000000000000000e+00 0.000000000000000000e+00 0.000000000000000000e+00 0.000000000000000000e+00 0.000000000000000000e+00 0.000000000000000000e+00 0.000000000000000000e+00 0.000000000000000000e+00 0.000000000000000000e+00 0.000000000000000000e+00 0.000000000000000000e+00 0.000000000000000000e+00 0.000000000000000000e+00 0.000000000000000000e+00 0.000000000000000000e+00 0.000000000000000000e+00 0.000000000000000000e+00 0.000000000000000000e+00 0.000000000000000000e+00 0.000000000000000000e+00 0.000000000000000000e+00 0.000000000000000000e+00 0.000000000000000000e+00 0.000000000000000000e+00 0.000000000000000000e+00 0.000000000000000000e+00 0.000000000000000000e+00 0.000000000000000000e+00 0.000000000000000000e+00 0.000000000000000000e+00 0.000000000000000000e+00 0.000000000000000000e+00 0.000000000000000000e+00 0.000000000000000000e+00 0.000000000000000000e+00 0.000000000000000000e+00 0.000000000000000000e+00 0.000000000000000000e+00 0.000000000000000000e+00 0.000000000000000000e+00 0.000000000000000000e+00 0.000000000000000000e+00 0.000000000000000000e+00 0.000000000000000000e+00 0.000000000000000000e+00 0.000000000000000000e+00 0.000000000000000000e+00 0.000000000000000000e+00 0.000000000000000000e+00 0.000000000000000000e+00 0.000000000000000000e+00 0.000000000000000000e+00 0.000000000000000000e+00 0.000000000000000000e+00 0.000000000000000000e+00 0.000000000000000000e+00 0.000000000000000000e+00 0.000000000000000000e+00 0.000000000000000000e+00 0.000000000000000000e+00 0.000000000000000000e+00 0.000000000000000000e+00 0.000000000000000000e+00 0.000000000000000000e+00 0.000000000000000000e+00 0.000000000000000000e+00 0.000000000000000000e+00 0.000000000000000000e+00 0.000000000000000000e+00 0.000000000000000000e+00 0.000000000000000000e+00 0.000000000000000000e+00 0.000000000000000000e+00 0.000000000000000000e+00 0.000000000000000000e+00 0.000000000000000000e+00 0.000000000000000000e+00 0.000000000000000000e+00 0.000000000000000000e+00 0.000000000000000000e+00
0.000000000000000000e+00 0.000000000000000000e+00 0.000000000000000000e+00 0.000000000000000000e+00 0.000000000000000000e+00 0.000000000000000000e+00 0.000000000000000000e+00 0.000000000000000000e+00 0.000000000000000000e+00 0.000000000000000000e+00 0.000000000000000000e+00 0.000000000000000000e+00 0.000000000000000000e+00 0.000000000000000000e+00 0.000000000000000000e+00 0.000000000000000000e+00 0.000000000000000000e+00 0.000000000000000000e+00 0.000000000000000000e+00 0.000000000000000000e+00 0.000000000000000000e+00 0.000000000000000000e+00 0.000000000000000000e+00 0.000000000000000000e+00 0.000000000000000000e+00 0.000000000000000000e+00 0.000000000000000000e+00 0.000000000000000000e+00 0.000000000000000000e+00 0.000000000000000000e+00 0.000000000000000000e+00 0.000000000000000000e+00 0.000000000000000000e+00 0.000000000000000000e+00 0.000000000000000000e+00 0.000000000000000000e+00 0.000000000000000000e+00 0.000000000000000000e+00 0.000000000000000000e+00 0.000000000000000000e+00 0.000000000000000000e+00 0.000000000000000000e+00 0.000000000000000000e+00 0.000000000000000000e+00 0.000000000000000000e+00 0.000000000000000000e+00 0.000000000000000000e+00 0.000000000000000000e+00 0.000000000000000000e+00 0.000000000000000000e+00 0.000000000000000000e+00 0.000000000000000000e+00 0.000000000000000000e+00 0.000000000000000000e+00 0.000000000000000000e+00 0.000000000000000000e+00 0.000000000000000000e+00 0.000000000000000000e+00 0.000000000000000000e+00 0.000000000000000000e+00 0.000000000000000000e+00 0.000000000000000000e+00 0.000000000000000000e+00 0.000000000000000000e+00 0.000000000000000000e+00 0.000000000000000000e+00 0.000000000000000000e+00 0.000000000000000000e+00 0.000000000000000000e+00 0.000000000000000000e+00 0.000000000000000000e+00 0.000000000000000000e+00 0.000000000000000000e+00 0.000000000000000000e+00 0.000000000000000000e+00 0.000000000000000000e+00 0.000000000000000000e+00 0.000000000000000000e+00 0.000000000000000000e+00 0.000000000000000000e+00 0.000000000000000000e+00 0.000000000000000000e+00 0.000000000000000000e+00 0.000000000000000000e+00 0.000000000000000000e+00 0.000000000000000000e+00 0.000000000000000000e+00 0.000000000000000000e+00 0.000000000000000000e+00
0.000000000000000000e+00 0.000000000000000000e+00 0.000000000000000000e+00 4.958461538461533813e+00 7.766167664670656556e+00 9.987439613526566617e+00 2.789999999999999503e+01 2.844736842105261942e+01 4.624999999999995737e+01 8.935439560439553119e+00 5.549999999999994316e+01 7.308080808080805291e+00 6.141666666666662167e+01 5.899999999999994316e+01 3.599999999999997158e+01 2.718749999999997158e+01 0.000000000000000000e+00 4.949999999999993605e+01 7.399999999999997158e+01 0.000000000000000000e+00 0.000000000000000000e+00 0.000000000000000000e+00 0.000000000000000000e+00 0.000000000000000000e+00 0.000000000000000000e+00 0.000000000000000000e+00 0.000000000000000000e+00 0.000000000000000000e+00 0.000000000000000000e+00 0.000000000000000000e+00 0.000000000000000000e+00 7.949999999999995737e+01 8.349999999999990052e+01 0.000000000000000000e+00 0.000000000000000000e+00 0.000000000000000000e+00 0.000000000000000000e+00 2.907894736842104066e+01 3.306521739130432991e+01 0.000000000000000000e+00 0.000000000000000000e+00 0.000000000000000000e+00 0.000000000000000000e+00 0.000000000000000000e+00 3.450000000000000000e+01 0.000000000000000000e+00 0.000000000000000000e+00 0.000000000000000000e+00 0.000000000000000000e+00 0.000000000000000000e+00 0.000000000000000000e+00 0.000000000000000000e+00 0.000000000000000000e+00 0.000000000000000000e+00 0.000000000000000000e+00 0.000000000000000000e+00 0.000000000000000000e+00 0.000000000000000000e+00 5.149999999999998579e+01 0.000000000000000000e+00 0.000000000000000000e+00 0.000000000000000000e+00 0.000000000000000000e+00 0.000000000000000000e+00 0.000000000000000000e+00 0.000000000000000000e+00 0.000000000000000000e+00 0.000000000000000000e+00 0.000000000000000000e+00 0.000000000000000000e+00 0.000000000000000000e+00 0.000000000000000000e+00 0.000000000000000000e+00 0.000000000000000000e+00 0.000000000000000000e+00 0.000000000000000000e+00 0.000000000000000000e+00 0.000000000000000000e+00 0.000000000000000000e+00 0.000000000000000000e+00 0.000000000000000000e+00 0.000000000000000000e+00 0.000000000000000000e+00 0.000000000000000000e+00 0.000000000000000000e+00 0.000000000000000000e+00 0.000000000000000000e+00 0.000000000000000000e+00 0.000000000000000000e+00
0.000000000000000000e+00 0.000000000000000000e+00 0.000000000000000000e+00 7.766167664670656556e+00 9.282537185354684084e+00 9.828767123287665441e+00 2.885087719298244835e+01 2.421287128712870285e+01 3.666666666666665009e+01 1.408781362007167459e+01 4.602564102564100068e+01 1.454550438596490558e+01 5.737499999999997158e+01 5.499999999999996447e+01 2.362499999999998934e+01 1.155793226381461025e+01 3.583333333333330728e+01 5.341666666666663588e+01 6.674999999999997158e+01 0.000000000000000000e+00 0.000000000000000000e+00 0.000000000000000000e+00 0.000000000000000000e+00 0.000000000000000000e+00 8.149999999999997158e+01 4.400000000000000000e+01 5.299999999999995026e+01 0.000000000000000000e+00 4.299999999999999289e+01 0.000000000000000000e+00 7.249999999999997158e+01 8.919999999999997442e+01 6.858333333333327175e+01 0.000000000000000000e+00 0.000000000000000000e+00 0.000000000000000000e+00 0.000000000000000000e+00 1.212542144302089930e+01 1.591009399264404145e+01 2.629166666666665364e+01 0.000000000000000000e+00 0.000000000000000000e+00 0.000000000000000000e+00 3.249999999999996447e+01 5.897525551371701980e+00 1.213333333333332931e+01 0.000000000000000000e+00 0.000000000000000000e+00 2.899999999999997513e+01 0.000000000000000000e+00 0.000000000000000000e+00 0.000000000000000000e+00 3.799999999999999289e+01 0.000000000000000000e+00 3.249999999999997158e+01 0.000000000000000000e+00 0.000000000000000000e+00 0.000000000000000000e+00 2.993749999999998579e+01 2.750000000000000355e+01 0.000000000000000000e+00 0.000000000000000000e+00 0.000000000000000000e+00 0.000000000000000000e+00 0.000000000000000000e+00 0.000000000000000000e+00 0.000000000000000000e+00 0.000000000000000000e+00 0.000000000000000000e+00 0.000000000000000000e+00 0.000000000000000000e+00 0.000000000000000000e+00 0.000000000000000000e+00 0.000000000000000000e+00 0.000000000000000000e+00 0.000000000000000000e+00 0.000000000000000000e+00 0.000000000000000000e+00 0.000000000000000000e+00 0.000000000000000000e+00 1.958333333333331083e+01 4.074999999999994316e+01 0.000000000000000000e+00 0.000000000000000000e+00 0.000000000000000000e+00 0.000000000000000000e+00 0.000000000000000000e+00 1.162500000000000178e+01 9.499999999999996447e+00
0.000000000000000000e+00 0.000000000000000000e+00 0.000000000000000000e+00 9.987439613526566617e+00 9.828767123287665441e+00 1.438395851204865394e+01 9.409054805401108723e+00 1.307430786267994982e+01 2.930223880597013419e+01 1.772892775229356843e+01 4.278947368421051323e+01 2.377473684210524851e+01 5.134615384615382538e+01 6.199999999999994316e+01 2.004711246200606922e+01 2.094040404040402947e+01 2.930952380952379954e+01 6.466666666666661456e+01 7.140909090909089230e+01 0.000000000000000000e+00 0.000000000000000000e+00 0.000000000000000000e+00 5.300000000000002132e+01 0.000000000000000000e+00 3.749999999999998579e+01 3.888095238095237249e+01 4.799999999999998579e+01 5.019999999999997442e+01 7.312499999999997158e+01 5.794444444444442155e+01 6.899999999999998579e+01 8.227272727272722364e+01 7.419999999999998863e+01 0.000000000000000000e+00 0.000000000000000000e+00 0.000000000000000000e+00 0.000000000000000000e+00 1.796908442330558131e+01 1.970997860338454544e+01 2.072093023255812483e+01 0.000000000000000000e+00 5.216666666666663588e+01 2.933333333333332504e+01 2.164999999999998437e+01 1.924836601307188388e+01 3.492857142857142350e+01 0.000000000000000000e+00 3.474999999999998579e+01 4.383333333333333570e+01 0.000000000000000000e+00 5.112499999999995737e+01 0.000000000000000000e+00 4.928571428571423496e+01 6.099999999999997868e+01 5.649999999999999289e+01 0.000000000000000000e+00 0.000000000000000000e+00 0.000000000000000000e+00 2.896874999999998934e+01 0.000000000000000000e+00 0.000000000000000000e+00 0.000000000000000000e+00 0.000000000000000000e+00 0.000000000000000000e+00 0.000000000000000000e+00 0.000000000000000000e+00 0.000000000000000000e+00 0.000000000000000000e+00 1.039999999999999147e+02 0.000000000000000000e+00 0.000000000000000000e+00 0.000000000000000000e+00 0.000000000000000000e+00 0.000000000000000000e+00 0.000000000000000000e+00 0.000000000000000000e+00 0.000000000000000000e+00 0.000000000000000000e+00 0.000000000000000000e+00 0.000000000000000000e+00 3.161111111111106808e+01 4.270588235294115265e+01 5.500000000000001421e+01 0.000000000000000000e+00 0.000000000000000000e+00 0.000000000000000000e+00 0.000000000000000000e+00 2.149999999999998224e+01 0.000000000000000000e+00
0.000000000000000000e+00 0.000000000000000000e+00 0.000000000000000000e+00 2.789999999999999503e+01 2.885087719298244835e+01 9.409054805401108723e+00 8.801660350117302301e+00 8.024073607259889940e+00 2.536486486486485248e+01 1.249606299212597804e+01 4.899999999999997158e+01 3.094628099173552371e+01 6.824999999999991473e+01 0.000000000000000000e+00 3.346153846153843858e+01 2.589130434782607537e+01 0.000000000000000000e+00 0.000000000000000000e+00 8.349999999999994316e+01 0.000000000000000000e+00 0.000000000000000000e+00 0.000000000000000000e+00 0.000000000000000000e+00 0.000000000000000000e+00 0.000000000000000000e+00 0.000000000000000000e+00 0.000000000000000000e+00 0.000000000000000000e+00 0.000000000000000000e+00 4.850000000000000000e+01 0.000000000000000000e+00 8.299999999999995737e+01 0.000000000000000000e+00 0.000000000000000000e+00 0.000000000000000000e+00 0.000000000000000000e+00 0.000000000000000000e+00 3.054999999999999005e+01 2.825555555555553511e+01 2.899999999999995737e+01 0.000000000000000000e+00 6.175000000000002842e+01 0.000000000000000000e+00 2.750000000000001066e+01 3.233333333333331439e+01 0.000000000000000000e+00 0.000000000000000000e+00 0.000000000000000000e+00 0.000000000000000000e+00 0.000000000000000000e+00 0.000000000000000000e+00 0.000000000000000000e+00 0.000000000000000000e+00 0.000000000000000000e+00 0.000000000000000000e+00 0.000000000000000000e+00 0.000000000000000000e+00 0.000000000000000000e+00 0.000000000000000000e+00 0.000000000000000000e+00 0.000000000000000000e+00 0.000000000000000000e+00 0.000000000000000000e+00 0.000000000000000000e+00 0.000000000000000000e+00 0.000000000000000000e+00 0.000000000000000000e+00 0.000000000000000000e+00 0.000000000000000000e+00 0.000000000000000000e+00 0.000000000000000000e+00 0.000000000000000000e+00 0.000000000000000000e+00 0.000000000000000000e+00 0.000000000000000000e+00 0.000000000000000000e+00 0.000000000000000000e+00 0.000000000000000000e+00 0.000000000000000000e+00 0.000000000000000000e+00 0.000000000000000000e+00 0.000000000000000000e+00 0.000000000000000000e+00 0.000000000000000000e+00 0.000000000000000000e+00 0.000000000000000000e+00 0.000000000000000000e+00 0.000000000000000000e+00 0.000000000000000000e+00
0.000000000000000000e+00 0.000000000000000000e+00 0.000000000000000000e+00 2.844736842105261942e+01 2.421287128712870285e+01 1.307430786267994982e+01 8.024073607259889940e+00 8.718609143593043953e+00 9.327057182705715377e+00 1.898925796129817911e+01 3.359016393442622217e+01 2.695766974015086959e+01 3.335829959514169474e+01 6.050000000000000711e+01 3.355016910935736973e+01 1.975084175084174376e+01 2.278571428571427049e+01 5.235714285714284699e+01 6.206666666666664867e+01 0.000000000000000000e+00 0.000000000000000000e+00 0.000000000000000000e+00 4.249999999999997158e+01 0.000000000000000000e+00 6.349999999999995737e+01 4.449999999999999289e+01 4.081250000000000000e+01 5.577777777777773593e+01 4.202651515151514872e+01 3.721964285714284415e+01 6.047826086956519731e+01 6.319090909090908070e+01 7.009999999999998010e+01 0.000000000000000000e+00 0.000000000000000000e+00 6.449999999999997158e+01 0.000000000000000000e+00 2.719014084507041318e+01 2.863829787234040225e+01 3.560714285714282568e+01 0.000000000000000000e+00 3.925000000000000000e+01 5.399999999999998579e+01 0.000000000000000000e+00 2.691666666666665719e+01 4.075000000000000000e+01 0.000000000000000000e+00 0.000000000000000000e+00 4.283333333333329307e+01 0.000000000000000000e+00 4.889999999999994174e+01 0.000000000000000000e+00 3.977499999999996305e+01 0.000000000000000000e+00 3.436842105263154679e+01 0.000000000000000000e+00 0.000000000000000000e+00 5.349999999999995026e+01 2.363095238095237605e+01 1.933333333333332504e+01 0.000000000000000000e+00 0.000000000000000000e+00 0.000000000000000000e+00 0.000000000000000000e+00 0.000000000000000000e+00 0.000000000000000000e+00 0.000000000000000000e+00 0.000000000000000000e+00 0.000000000000000000e+00 0.000000000000000000e+00 0.000000000000000000e+00 0.000000000000000000e+00 0.000000000000000000e+00 0.000000000000000000e+00 0.000000000000000000e+00 0.000000000000000000e+00 0.000000000000000000e+00 0.000000000000000000e+00 0.000000000000000000e+00 0.000000000000000000e+00 3.029999999999996163e+01 3.801923076923074518e+01 4.499999999999999289e+01 0.000000000000000000e+00 0.000000000000000000e+00 0.000000000000000000e+00 0.000000000000000000e+00 4.249999999999997868e+01 0.000000000000000000e+00
0.000000000000000000e+00 0.000000000000000000e+00 0.000000000000000000e+00 4.624999999999995737e+01 3.666666666666665009e+01 2.930223880597013419e+01 2.536486486486485248e+01 9.327057182705715377e+00 1.174176111595466310e+01 1.866593245227605991e+01 2.489327485380117011e+01 3.268933177022273640e+01 1.115529859484777475e+01 5.224999999999997868e+01 2.104677419354838008e+01 3.284368308351177745e+01 2.877830188679244472e+01 4.172222222222220012e+01 5.684374999999998579e+01 0.000000000000000000e+00 0.000000000000000000e+00 0.000000000000000000e+00 0.000000000000000000e+00 7.650000000000000000e+01 5.549999999999995737e+01 4.944999999999998153e+01 2.774999999999998579e+01 4.593902439024389395e+01 2.467461669505962263e+01 2.855337078651684379e+01 5.010294117647058698e+01 5.069018404907974684e+01 6.018918918918917882e+01 0.000000000000000000e+00 0.000000000000000000e+00 0.000000000000000000e+00 0.000000000000000000e+00 2.177823867262284452e+01 1.698812296227293928e+01 3.161999999999999034e+01 0.000000000000000000e+00 2.659999999999999432e+01 0.000000000000000000e+00 5.187499999999999289e+01 2.799999999999999289e+01 3.278571428571428470e+01 0.000000000000000000e+00 5.524999999999997158e+01 5.899999999999996447e+01 0.000000000000000000e+00 6.199999999999992895e+01 3.850000000000000000e+01 5.534782608695649486e+01 7.649999999999997158e+01 4.667857142857140929e+01 0.000000000000000000e+00 0.000000000000000000e+00 0.000000000000000000e+00 3.964705882352939881e+01 3.409090909090907218e+01 0.000000000000000000e+00 0.000000000000000000e+00 0.000000000000000000e+00 0.000000000000000000e+00 0.000000000000000000e+00 0.000000000000000000e+00 0.000000000000000000e+00 0.000000000000000000e+00 0.000000000000000000e+00 0.000000000000000000e+00 0.000000000000000000e+00 0.000000000000000000e+00 0.000000000000000000e+00 0.000000000000000000e+00 0.000000000000000000e+00 0.000000000000000000e+00 0.000000000000000000e+00 0.000000000000000000e+00 0.000000000000000000e+00 0.000000000000000000e+00 4.849999999999998579e+01 5.195454545454541062e+01 0.000000000000000000e+00 0.000000000000000000e+00 0.000000000000000000e+00 0.000000000000000000e+00 0.000000000000000000e+00 5.149999999999999289e+01 0.000000000000000000e+00
0.000000000000000000e+00 0.000000000000000000e+00 0.000000000000000000e+00 8.935439560439553119e+00 1.408781362007167459e+01 1.772892775229356843e+01 1.249606299212597804e+01 1.898925796129817911e+01 1.866593245227605991e+01 1.251301499741423839e+01 1.599114244396239570e+01 1.588542701817968528e+01 3.634378698224850979e+01 4.875806451612901782e+01 2.644250281848928097e+01 2.185592221567471327e+01 2.171695594125499085e+01 4.210294117647057277e+01 5.912662337662334977e+01 8.299999999999997158e+01 0.000000000000000000e+00 0.000000000000000000e+00 5.650000000000000000e+01 0.000000000000000000e+00 6.933333333333330017e+01 6.450000000000000000e+01 4.074999999999997158e+01 5.824137931034481142e+01 4.565402843601894034e+01 3.857005253940454281e+01 5.783707865168539541e+01 6.113380281690139384e+01 5.974999999999997868e+01 6.214285714285713169e+01 7.450000000000000000e+01 0.000000000000000000e+00 0.000000000000000000e+00 2.139499233520693977e+01 2.561205513074669682e+01 4.175263157894735855e+01 0.000000000000000000e+00 4.161363636363634555e+01 6.769999999999997442e+01 4.929166666666665009e+01 3.021428571428568688e+01 4.769512195121949816e+01 0.000000000000000000e+00 3.949999999999998579e+01 4.537499999999995026e+01 0.000000000000000000e+00 4.737499999999994316e+01 4.257142857142854098e+01 4.663414634146337789e+01 5.099999999999999289e+01 3.972033898305081578e+01 8.150000000000002842e+01 0.000000000000000000e+00 5.899999999999995737e+01 2.935810810810808391e+01 2.822222222222220367e+01 5.278571428571425628e+01 8.525000000000000000e+01 0.000000000000000000e+00 0.000000000000000000e+00 0.000000000000000000e+00 0.000000000000000000e+00 0.000000000000000000e+00 0.000000000000000000e+00 0.000000000000000000e+00 0.000000000000000000e+00 0.000000000000000000e+00 0.000000000000000000e+00 0.000000000000000000e+00 0.000000000000000000e+00 8.599999999999992895e+01 0.000000000000000000e+00 0.000000000000000000e+00 0.000000000000000000e+00 0.000000000000000000e+00 0.000000000000000000e+00 3.803333333333329591e+01 4.402985074626861461e+01 6.199999999999992184e+01 0.000000000000000000e+00 0.000000000000000000e+00 0.000000000000000000e+00 0.000000000000000000e+00 5.149999999999997158e+01 0.000000000000000000e+00
0.000000000000000000e+00 0.000000000000000000e+00 0.000000000000000000e+00 5.549999999999994316e+01 4.602564102564100068e+01 4.278947368421051323e+01 4.899999999999997158e+01 3.359016393442622217e+01 2.489327485380117011e+01 1.599114244396239570e+01 1.317356531499929773e+01 2.254324784087934930e+01 1.543373343335833958e+01 4.172222222222222854e+01 2.220284510010537460e+01 3.813855421686746183e+01 2.719168900804288569e+01 2.572527472527472625e+01 4.926923076923076650e+01 1.015000000000000142e+02 6.816666666666664298e+01 6.774999999999998579e+01 0.000000000000000000e+00 7.549999999999997158e+01 5.409090909090910060e+01 5.653125000000000000e+01 5.766666666666665719e+01 4.217156862745098067e+01 2.806501283147989767e+01 3.206438356164383663e+01 4.573719676549865909e+01 4.515531691985332685e+01 4.639916963226571767e+01 4.821428571428571530e+01 6.200000000000000711e+01 6.275000000000000000e+01 5.037500000000000000e+01 1.909504950495048448e+01 2.290895129442737854e+01 2.791715976331360949e+01 0.000000000000000000e+00 2.678571428571428470e+01 5.662499999999998579e+01 3.782352941176470296e+01 0.000000000000000000e+00 3.369693094629155894e+01 0.000000000000000000e+00 6.799999999999998579e+01 0.000000000000000000e+00 0.000000000000000000e+00 0.000000000000000000e+00 4.899999999999994316e+01 5.558333333333327886e+01 5.403846153846151168e+01 4.908823529411761655e+01 6.149999999999995026e+01 0.000000000000000000e+00 0.000000000000000000e+00 4.566666666666665009e+01 3.226562499999997868e+01 3.262499999999997868e+01 0.000000000000000000e+00 0.000000000000000000e+00 0.000000000000000000e+00 0.000000000000000000e+00 0.000000000000000000e+00 0.000000000000000000e+00 0.000000000000000000e+00 0.000000000000000000e+00 0.000000000000000000e+00 0.000000000000000000e+00 0.000000000000000000e+00 0.000000000000000000e+00 0.000000000000000000e+00 9.549999999999990052e+01 0.000000000000000000e+00 0.000000000000000000e+00 0.000000000000000000e+00 0.000000000000000000e+00 0.000000000000000000e+00 4.416666666666663588e+01 4.913157894736839637e+01 0.000000000000000000e+00 0.000000000000000000e+00 0.000000000000000000e+00 0.000000000000000000e+00 0.000000000000000000e+00 0.000000000000000000e+00 0.000000000000000000e+00
0.000000000000000000e+00 0.000000000000000000e+00 0.000000000000000000e+00 7.308080808080805291e+00 1.454550438596490558e+01 2.377473684210524851e+01 3.094628099173552371e+01 2.695766974015086959e+01 3.268933177022273640e+01 1.588542701817968528e+01 2.254324784087934930e+01 1.546806960186707691e+01 2.473672631270167344e+01 1.504840176715176803e+01 3.016497975708501755e+01 1.882682229633157434e+01 1.744033122260106339e+01 2.408761329305135490e+01 4.268450620934358142e+01 0.000000000000000000e+00 9.349999999999998579e+01 0.000000000000000000e+00 0.000000000000000000e+00 0.000000000000000000e+00 7.894999999999997442e+01 6.688888888888888573e+01 6.249999999999997158e+01 6.758695652173911128e+01 3.148455056179775369e+01 4.350764818355640529e+01 6.361111111111111427e+01 5.385170603674540502e+01 4.769690011481056047e+01 6.383333333333333570e+01 6.250000000000000000e+01 7.300000000000002842e+01 7.350000000000000000e+01 2.395134929684530078e+01 2.853100663397749059e+01 3.287777777777777999e+01 0.000000000000000000e+00 3.216285714285714192e+01 6.687499999999998579e+01 4.732258064516128826e+01 3.421052631578944414e+01 3.939547038327525996e+01 0.000000000000000000e+00 4.349999999999995026e+01 4.685714285714282568e+01 0.000000000000000000e+00 4.674999999999996447e+01 4.814285714285711038e+01 4.339999999999997016e+01 5.683333333333331439e+01 1.495382165605094649e+01 4.799999999999996447e+01 4.537499999999997158e+01 6.650000000000005684e+01 2.799999999999998224e+01 2.571951219512193632e+01 2.396153846153845279e+01 6.050000000000000000e+01 0.000000000000000000e+00 0.000000000000000000e+00 0.000000000000000000e+00 0.000000000000000000e+00 0.000000000000000000e+00 0.000000000000000000e+00 0.000000000000000000e+00 0.000000000000000000e+00 0.000000000000000000e+00 0.000000000000000000e+00 0.000000000000000000e+00 0.000000000000000000e+00 8.699999999999997158e+01 0.000000000000000000e+00 0.000000000000000000e+00 0.000000000000000000e+00 0.000000000000000000e+00 0.000000000000000000e+00 3.390476190476186957e+01 4.281012658227844980e+01 5.599999999999998579e+01 0.000000000000000000e+00 0.000000000000000000e+00 0.000000000000000000e+00 0.000000000000000000e+00 3.425000000000000000e+01 0.000000000000000000e+00
0.000000000000000000e+00 0.000000000000000000e+00 0.000000000000000000e+00 6.141666666666662167e+01 5.737499999999997158e+01 5.134615384615382538e+01 6.824999999999991473e+01 3.335829959514169474e+01 1.115529859484777475e+01 3.634378698224850979e+01 1.543373343335833958e+01 2.473672631270167344e+01 1.420834070405094707e+01 8.307993811242909032e+00 2.154283314669653393e+01 5.259090909090907218e+01 3.918181818181817988e+01 2.302098540145985694e+01 3.622443181818182723e+01 7.099999999999997158e+01 8.649999999999998579e+01 0.000000000000000000e+00 5.699999999999999289e+01 0.000000000000000000e+00 5.135714285714286831e+01 8.643617021276595480e+00 3.005555555555555713e+01 4.181060606060606233e+01 1.763655681479272275e+01 2.823244975240314503e+01 4.278260869565217206e+01 3.470490037695207519e+01 3.440856313497823749e+01 4.402000000000000313e+01 6.399999999999999289e+01 6.500000000000001421e+01 5.450000000000000711e+01 2.446178984414278901e+01 2.486457068867849074e+01 2.896874107907508744e+01 0.000000000000000000e+00 2.774765478424015086e+01 5.125000000000001421e+01 3.736676217765042907e+01 4.100000000000002842e+01 3.568308702791461684e+01 0.000000000000000000e+00 0.000000000000000000e+00 0.000000000000000000e+00 0.000000000000000000e+00 0.000000000000000000e+00 0.000000000000000000e+00 6.974999999999994316e+01 6.416666666666664298e+01 0.000000000000000000e+00 6.099999999999997158e+01 0.000000000000000000e+00 0.000000000000000000e+00 0.000000000000000000e+00 5.374999999999995737e+01 3.944444444444444287e+01 5.900000000000001421e+01 0.000000000000000000e+00 0.000000000000000000e+00 0.000000000000000000e+00 0.000000000000000000e+00 0.000000000000000000e+00 0.000000000000000000e+00 0.000000000000000000e+00 0.000000000000000000e+00 0.000000000000000000e+00 8.750000000000000000e+01 0.000000000000000000e+00 0.000000000000000000e+00 0.000000000000000000e+00 5.599999999999997868e+01 0.000000000000000000e+00 0.000000000000000000e+00 0.000000000000000000e+00 0.000000000000000000e+00 4.849999999999998579e+01 6.264285714285711748e+01 0.000000000000000000e+00 0.000000000000000000e+00 3.850000000000002132e+01 0.000000000000000000e+00 0.000000000000000000e+00 0.000000000000000000e+00 6.349999999999995737e+01
0.000000000000000000e+00 0.000000000000000000e+00 0.000000000000000000e+00 5.899999999999994316e+01 5.499999999999996447e+01 6.199999999999994316e+01 0.000000000000000000e+00 6.050000000000000711e+01 5.224999999999997868e+01 4.875806451612901782e+01 4.172222222222222854e+01 1.504840176715176803e+01 8.307993811242909032e+00 9.725623582766440123e+00 4.146428571428571530e+01 5.289999999999997726e+01 3.428571428571427759e+01 8.078947368421051323e+00 3.340000000000000568e+01 0.000000000000000000e+00 0.000000000000000000e+00 0.000000000000000000e+00 0.000000000000000000e+00 0.000000000000000000e+00 0.000000000000000000e+00 0.000000000000000000e+00 0.000000000000000000e+00 0.000000000000000000e+00 1.085252732240437190e+01 3.358552631578947256e+01 0.000000000000000000e+00 1.382833787465940034e+01 1.278963414634146289e+01 0.000000000000000000e+00 0.000000000000000000e+00 0.000000000000000000e+00 0.000000000000000000e+00 2.620000000000000639e+01 3.264529914529914834e+01 2.901086956521739069e+01 0.000000000000000000e+00 2.124999999999999289e+01 0.000000000000000000e+00 4.374999999999997868e+01 0.000000000000000000e+00 3.405882352941176805e+01 0.000000000000000000e+00 0.000000000000000000e+00 0.000000000000000000e+00 0.000000000000000000e+00 0.000000000000000000e+00 0.000000000000000000e+00 0.000000000000000000e+00 0.000000000000000000e+00 3.366666666666665009e+01 0.000000000000000000e+00 0.000000000000000000e+00 0.000000000000000000e+00 0.000000000000000000e+00 0.000000000000000000e+00 0.000000000000000000e+00 0.000000000000000000e+00 0.000000000000000000e+00 0.000000000000000000e+00 0.000000000000000000e+00 0.000000000000000000e+00 0.000000000000000000e+00 0.000000000000000000e+00 0.000000000000000000e+00 0.000000000000000000e+00 0.000000000000000000e+00 0.000000000000000000e+00 0.000000000000000000e+00 0.000000000000000000e+00 0.000000000000000000e+00 0.000000000000000000e+00 0.000000000000000000e+00 0.000000000000000000e+00 0.000000000000000000e+00 0.000000000000000000e+00 0.000000000000000000e+00 0.000000000000000000e+00 0.000000000000000000e+00 0.000000000000000000e+00 0.000000000000000000e+00 0.000000000000000000e+00 0.000000000000000000e+00 0.000000000000000000e+00 0.000000000000000000e+00
0.000000000000000000e+00 0.000000000000000000e+00 0.000000000000000000e+00 3.599999999999997158e+01 2.362499999999998934e+01 2.004711246200606922e+01 3.346153846153843858e+01 3.355016910935736973e+01 2.104677419354838008e+01 2.644250281848928097e+01 2.220284510010537460e+01 3.016497975708501755e+01 2.154283314669653393e+01 4.146428571428571530e+01 9.682168583343862878e+00 3.573563218390803797e+01 2.785326086956520797e+01 2.308223684210526017e+01 2.612721238938052792e+01 1.462323943661971448e+01 2.067777777777777004e+01 4.212499999999997158e+01 2.442875647668392958e+01 1.872379603399432924e+01 2.472066787003609889e+01 2.454437564499483670e+01 2.178426862925482155e+01 3.330338266384777768e+01 1.635577536694320244e+01 2.279229871645274130e+01 4.572629169391757387e+01 3.346653225806450394e+01 3.490954274353876485e+01 5.336842105263157521e+01 5.483763837638375094e+01 5.435714285714285410e+01 4.872784810126581334e+01 2.249271844660194120e+01 8.475041339396444329e+00 1.599690880989180819e+01 0.000000000000000000e+00 2.094339622641508569e+01 1.348587570621468856e+01 1.147456213511259726e+01 1.409999999999999432e+01 2.156391875746713893e+01 0.000000000000000000e+00 0.000000000000000000e+00 0.000000000000000000e+00 0.000000000000000000e+00 0.000000000000000000e+00 4.049999999999997868e+01 5.089999999999997016e+01 5.037499999999996447e+01 4.787499999999997868e+01 8.100000000000001421e+01 0.000000000000000000e+00 6.362499999999998579e+01 8.999999999999998579e+01 2.984999999999997655e+01 2.754999999999999361e+01 3.211764705882351478e+01 0.000000000000000000e+00 0.000000000000000000e+00 6.699999999999997158e+01 0.000000000000000000e+00 0.000000000000000000e+00 0.000000000000000000e+00 5.205555555555552161e+01 4.299999999999999289e+01 0.000000000000000000e+00 0.000000000000000000e+00 4.744444444444442155e+01 6.199999999999993605e+01 6.849999999999997158e+01 3.392857142857141639e+01 0.000000000000000000e+00 0.000000000000000000e+00 0.000000000000000000e+00 0.000000000000000000e+00 3.724999999999997158e+01 4.618749999999998579e+01 4.819999999999997442e+01 0.000000000000000000e+00 3.196666666666665790e+01 3.549999999999999289e+01 0.000000000000000000e+00 0.000000000000000000e+00 0.000000000000000000e+00
0.000000000000000000e+00 0.000000000000000000e+00 0.000000000000000000e+00 2.718749999999997158e+01 1.155793226381461025e+01 2.094040404040402947e+01 2.589130434782607537e+01 1.975084175084174376e+01 3.284368308351177745e+01 2.185592221567471327e+01 3.813855421686746183e+01 1.882682229633157434e+01 5.259090909090907218e+01 5.289999999999997726e+01 3.573563218390803797e+01 6.713613861386135362e+00 9.391736066623955992e+00 3.525803722504227977e+01 5.382808022922633739e+01 0.000000000000000000e+00 0.000000000000000000e+00 0.000000000000000000e+00 0.000000000000000000e+00 0.000000000000000000e+00 0.000000000000000000e+00 7.500000000000001421e+01 6.949999999999998579e+01 8.012499999999997158e+01 6.221874999999997158e+01 5.924999999999997158e+01 0.000000000000000000e+00 7.222368421052628662e+01 6.293650793650791542e+01 0.000000000000000000e+00 0.000000000000000000e+00 0.000000000000000000e+00 0.000000000000000000e+00 1.050986342943853558e+01 2.230983863738232742e+01 3.911904761904760619e+01 0.000000000000000000e+00 5.999999999999996447e+01 6.525000000000000000e+01 0.000000000000000000e+00 7.812169312169305435e+00 4.734615384615381117e+01 0.000000000000000000e+00 3.083333333333335347e+01 3.391666666666665009e+01 0.000000000000000000e+00 3.680769230769225686e+01 3.524999999999995026e+01 3.390740740740736925e+01 5.014285714285712459e+01 2.922388059701490448e+01 5.379999999999999005e+01 0.000000000000000000e+00 0.000000000000000000e+00 1.484523809523808424e+01 1.696296296296295480e+01 4.014999999999999147e+01 4.299999999999994316e+01 0.000000000000000000e+00 0.000000000000000000e+00 0.000000000000000000e+00 0.000000000000000000e+00 0.000000000000000000e+00 0.000000000000000000e+00 0.000000000000000000e+00 0.000000000000000000e+00 0.000000000000000000e+00 5.249999999999998579e+01 4.750000000000002132e+01 0.000000000000000000e+00 0.000000000000000000e+00 0.000000000000000000e+00 0.000000000000000000e+00 0.000000000000000000e+00 0.000000000000000000e+00 0.000000000000000000e+00 2.353571428571426694e+01 3.158024691358021840e+01 0.000000000000000000e+00 0.000000000000000000e+00 0.000000000000000000e+00 0.000000000000000000e+00 0.000000000000000000e+00 2.580000000000000071e+01 0.000000000000000000e+00
0.000000000000000000e+00 0.000000000000000000e+00 0.000000000000000000e+00 0.000000000000000000e+00 3.583333333333330728e+01 2.930952380952379954e+01 0.000000000000000000e+00 2.278571428571427049e+01 2.877830188679244472e+01 2.171695594125499085e+01 2.719168900804288569e+01 1.744033122260106339e+01 3.918181818181817988e+01 3.428571428571427759e+01 2.785326086956520797e+01 9.391736066623955992e+00 8.061962912709176976e+00 1.969229140194831729e+01 3.874273072060682210e+01 0.000000000000000000e+00 0.000000000000000000e+00 7.350000000000001421e+01 0.000000000000000000e+00 9.799999999999997158e+01 7.549999999999998579e+01 6.550000000000000000e+01 6.700000000000000000e+01 6.291666666666665009e+01 5.087500000000000000e+01 5.556000000000000227e+01 6.300000000000000000e+01 5.464784946236559193e+01 4.482300884955751030e+01 6.899999999999998579e+01 0.000000000000000000e+00 0.000000000000000000e+00 0.000000000000000000e+00 1.646506550218339981e+01 2.427873563218389918e+01 3.486538461538461320e+01 0.000000000000000000e+00 4.468749999999998579e+01 5.699999999999997868e+01 6.537499999999997158e+01 0.000000000000000000e+00 5.104166666666666430e+01 0.000000000000000000e+00 2.707142857142855874e+01 2.962499999999998579e+01 3.449999999999996447e+01 3.349999999999991473e+01 2.944999999999996021e+01 3.207432432432430147e+01 3.571874999999998579e+01 2.532894736842103001e+01 4.949999999999997868e+01 0.000000000000000000e+00 3.299999999999997158e+01 1.624999999999999645e+01 1.213281249999999289e+01 1.468367346938774887e+01 4.037499999999998579e+01 0.000000000000000000e+00 0.000000000000000000e+00 0.000000000000000000e+00 0.000000000000000000e+00 0.000000000000000000e+00 0.000000000000000000e+00 0.000000000000000000e+00 0.000000000000000000e+00 0.000000000000000000e+00 0.000000000000000000e+00 0.000000000000000000e+00 0.000000000000000000e+00 7.700000000000001421e+01 4.274999999999998579e+01 0.000000000000000000e+00 0.000000000000000000e+00 0.000000000000000000e+00 0.000000000000000000e+00 1.854285714285713027e+01 3.099056603773583163e+01 0.000000000000000000e+00 0.000000000000000000e+00 0.000000000000000000e+00 0.000000000000000000e+00 0.000000000000000000e+00 3.075000000000001421e+01 4.050000000000001421e+01
