0.000000000000000000e+00 0.000000000000000000e+00 0.000000000000000000e+00 0.000000000000000000e+00 0.000000000000000000e+00 0.000000000000000000e+00 0.000000000000000000e+00 0.000000000000000000e+00 0.000000000000000000e+00 0.000000000000000000e+00 0.000000000000000000e+00 0.000000000000000000e+00 0.000000000000000000e+00 0.000000000000000000e+00 0.000000000000000000e+00 0.000000000000000000e+00 0.000000000000000000e+00 0.000000000000000000e+00 0.000000000000000000e+00 0.000000000000000000e+00 0.000000000000000000e+00 0.000000000000000000e+00 0.000000000000000000e+00 0.000000000000000000e+00 0.000000000000000000e+00 0.000000000000000000e+00 0.000000000000000000e+00 0.000000000000000000e+00 0.000000000000000000e+00 0.000000000000000000e+00 0.000000000000000000e+00 0.000000000000000000e+00 0.000000000000000000e+00 0.000000000000000000e+00 0.000000000000000000e+00 0.000000000000000000e+00 0.000000000000000000e+00 0.000000000000000000e+00 0.000000000000000000e+00 0.000000000000000000e+00 0.000000000000000000e+00 0.000000000000000000e+00 0.000000000000000000e+00 0.000000000000000000e+00 0.000000000000000000e+00 0.000000000000000000e+00 0.000000000000000000e+00 0.000000000000000000e+00 0.000000000000000000e+00 0.000000000000000000e+00 0.000000000000000000e+00 0.000000000000000000e+00 0.000000000000000000e+00 0.000000000000000000e+00 0.000000000000000000e+00 0.000000000000000000e+00 0.000000000000000000e+00 0.000000000000000000e+00 0.000000000000000000e+00 0.000000000000000000e+00 0.000000000000000000e+00 0.000000000000000000e+00 0.000000000000000000e+00 0.000000000000000000e+00 0.000000000000000000e+00 0.000000000000000000e+00 0.000000000000000000e+00 0.000000000000000000e+00 0.000000000000000000e+00 0.000000000000000000e+00 0.000000000000000000e+00 0.000000000000000000e+00 0.000000000000000000e+00 0.000000000000000000e+00 0.000000000000000000e+00 0.000000000000000000e+00 0.000000000000000000e+00 0.000000000000000000e+00 0.000000000000000000e+00 0.000000000000000000e+00 0.000000000000000000e+00 0.000000000000000000e+00 0.000000000000000000e+00 0.000000000000000000e+00 0.000000000000000000e+00 0.000000000000000000e+00 0.000000000000000000e+00 0.000000000000000000e+00 0.000000000000000000e+00
0.000000000000000000e+00 0.000000000000000000e+00 0.000000000000000000e+00 0.000000000000000000e+00 0.000000000000000000e+00 0.000000000000000000e+00 0.000000000000000000e+00 0.000000000000000000e+00 0.000000000000000000e+00 0.000000000000000000e+00 0.000000000000000000e+00 0.000000000000000000e+00 0.000000000000000000e+00 0.000000000000000000e+00 0.000000000000000000e+00 0.000000000000000000e+00 0.000000000000000000e+00 0.000000000000000000e+00 0.000000000000000000e+00 0.000000000000000000e+00 0.000000000000000000e+00 0.000000000000000000e+00 0.000000000000000000e+00 0.000000000000000000e+00 0.000000000000000000e+00 0.000000000000000000e+00 0.000000000000000000e+00 0.000000000000000000e+00 0.000000000000000000e+00 0.000000000000000000e+00 0.000000000000000000e+00 0.000000000000000000e+00 0.000000000000000000e+00 0.000000000000000000e+00 0.000000000000000000e+00 0.000000000000000000e+00 0.000000000000000000e+00 0.000000000000000000e+00 0.000000000000000000e+00 0.000000000000000000e+00 0.000000000000000000e+00 0.000000000000000000e+00 0.000000000000000000e+00 0.000000000000000000e+00 0.000000000000000000e+00 0.000000000000000000e+00 0.000000000000000000e+00 0.000000000000000000e+00 0.000000000000000000e+00 0.000000000000000000e+00 0.000000000000000000e+00 0.000000000000000000e+00 0.000000000000000000e+00 0.000000000000000000e+00 0.000000000000000000e+00 0.000000000000000000e+00 0.000000000000000000e+00 0.000000000000000000e+00 0.000000000000000000e+00 0.000000000000000000e+00 0.000000000000000000e+00 0.000000000000000000e+00 0.000000000000000000e+00 0.000000000000000000e+00 0.000000000000000000e+00 0.000000000000000000e+00 0.000000000000000000e+00 0.000000000000000000e+00 0.000000000000000000e+00 0.000000000000000000e+00 0.000000000000000000e+00 0.000000000000000000e+00 0.000000000000000000e+00 0.000000000000000000e+00 0.000000000000000000e+00 0.000000000000000000e+00 0.000000000000000000e+00 0.000000000000000000e+00 0.000000000000000000e+00 0.000000000000000000e+00 0.000000000000000000e+00 0.000000000000000000e+00 0.000000000000000000e+00 0.000000000000000000e+00 0.000000000000000000e+00 0.000000000000000000e+00 0.000000000000000000e+00 0.000000000000000000e+00 0.000000000000000000e+00
0.000000000000000000e+00 0.000000000000000000e+00 0.000000000000000000e+00 0.000000000000000000e+00 0.000000000000000000e+00 0.000000000000000000e+00 0.000000000000000000e+00 0.000000000000000000e+00 0.000000000000000000e+00 0.000000000000000000e+00 0.000000000000000000e+00 0.000000000000000000e+00 0.000000000000000000e+00 0.000000000000000000e+00 0.000000000000000000e+00 0.000000000000000000e+00 0.000000000000000000e+00 0.000000000000000000e+00 0.000000000000000000e+00 0.000000000000000000e+00 0.000000000000000000e+00 0.000000000000000000e+00 0.000000000000000000e+00 0.000000000000000000e+00 0.000000000000000000e+00 0.000000000000000000e+00 0.000000000000000000e+00 0.000000000000000000e+00 0.000000000000000000e+00 0.000000000000000000e+00 0.000000000000000000e+00 0.000000000000000000e+00 0.000000000000000000e+00 0.000000000000000000e+00 0.000000000000000000e+00 0.000000000000000000e+00 0.000000000000000000e+00 0.000000000000000000e+00 0.000000000000000000e+00 0.000000000000000000e+00 0.000000000000000000e+00 0.000000000000000000e+00 0.000000000000000000e+00 0.000000000000000000e+00 0.000000000000000000e+00 0.000000000000000000e+00 0.000000000000000000e+00 0.000000000000000000e+00 0.000000000000000000e+00 0.000000000000000000e+00 0.000000000000000000e+00 0.000000000000000000e+00 0.000000000000000000e+00 0.000000000000000000e+00 0.000000000000000000e+00 0.000000000000000000e+00 0.000000000000000000e+00 0.000000000000000000e+00 0.000000000000000000e+00 0.000000000000000000e+00 0.000000000000000000e+00 0.000000000000000000e+00 0.000000000000000000e+00 0.000000000000000000e+00 0.000000000000000000e+00 0.000000000000000000e+00 0.000000000000000000e+00 0.000000000000000000e+00 0.000000000000000000e+00 0.000000000000000000e+00 0.000000000000000000e+00 0.000000000000000000e+00 0.000000000000000000e+00 0.000000000000000000e+00 0.000000000000000000e+00 0.000000000000000000e+00 0.000000000000000000e+00 0.000000000000000000e+00 0.000000000000000000e+00 0.000000000000000000e+00 0.000000000000000000e+00 0.000000000000000000e+00 0.000000000000000000e+00 0.000000000000000000e+00 0.000000000000000000e+00 0.000000000000000000e+00 0.000000000000000000e+00 0.000000000000000000e+00 0.000000000000000000e+00
0.000000000000000000e+00 0.000000000000000000e+00 0.000000000000000000e+00 4.648437499999996447e+00 6.608226837060700021e+00 1.075513196480938127e+01 2.599999999999998934e+01 2.850000000000000000e+01 4.849999999999997158e+01 8.095166163141987781e+00 5.049999999999995737e+01 7.181281094527361297e+00 0.000000000000000000e+00 7.100000000000000000e+01 3.574999999999998579e+01 2.487499999999998934e+01 3.499999999999998579e+01 6.499999999999995737e+01 0.000000000000000000e+00 0.000000000000000000e+00 0.000000000000000000e+00 0.000000000000000000e+00 0.000000000000000000e+00 0.000000000000000000e+00 0.000000000000000000e+00 0.000000000000000000e+00 0.000000000000000000e+00 0.000000000000000000e+00 0.000000000000000000e+00 0.000000000000000000e+00 0.000000000000000000e+00 0.000000000000000000e+00 0.000000000000000000e+00 0.000000000000000000e+00 0.000000000000000000e+00 0.000000000000000000e+00 0.000000000000000000e+00 2.894444444444442510e+01 3.156410256410254789e+01 0.000000000000000000e+00 0.000000000000000000e+00 0.000000000000000000e+00 0.000000000000000000e+00 0.000000000000000000e+00 3.299999999999987921e+01 7.700000000000000000e+01 0.000000000000000000e+00 0.000000000000000000e+00 0.000000000000000000e+00 0.000000000000000000e+00 0.000000000000000000e+00 0.000000000000000000e+00 0.000000000000000000e+00 0.000000000000000000e+00 0.000000000000000000e+00 0.000000000000000000e+00 0.000000000000000000e+00 0.000000000000000000e+00 0.000000000000000000e+00 0.000000000000000000e+00 0.000000000000000000e+00 0.000000000000000000e+00 0.000000000000000000e+00 0.000000000000000000e+00 0.000000000000000000e+00 0.000000000000000000e+00 0.000000000000000000e+00 0.000000000000000000e+00 0.000000000000000000e+00 0.000000000000000000e+00 0.000000000000000000e+00 0.000000000000000000e+00 0.000000000000000000e+00 0.000000000000000000e+00 0.000000000000000000e+00 0.000000000000000000e+00 0.000000000000000000e+00 0.000000000000000000e+00 0.000000000000000000e+00 0.000000000000000000e+00 0.000000000000000000e+00 0.000000000000000000e+00 0.000000000000000000e+00 0.000000000000000000e+00 0.000000000000000000e+00 0.000000000000000000e+00 0.000000000000000000e+00 0.000000000000000000e+00 0.000000000000000000e+00
0.000000000000000000e+00 0.000000000000000000e+00 0.000000000000000000e+00 6.608226837060700021e+00 9.474280286424075825e+00 9.908096637283705377e+00 2.680357142857142350e+01 2.280605381165919354e+01 3.858898305084746028e+01 1.664038461538460467e+01 4.072959183673468431e+01 1.682232591529073318e+01 5.492857142857143060e+01 6.111111111111107164e+01 3.116818181818181088e+01 1.398145025295108645e+01 2.554794520547944359e+01 5.388636363636361892e+01 6.724999999999995737e+01 0.000000000000000000e+00 0.000000000000000000e+00 0.000000000000000000e+00 0.000000000000000000e+00 0.000000000000000000e+00 4.249999999999998579e+01 5.899999999999994316e+01 0.000000000000000000e+00 0.000000000000000000e+00 5.224999999999997868e+01 5.971428571428570109e+01 0.000000000000000000e+00 7.784999999999998010e+01 6.816666666666664298e+01 0.000000000000000000e+00 0.000000000000000000e+00 0.000000000000000000e+00 0.000000000000000000e+00 1.282802690582959038e+01 1.998917378917377263e+01 4.124999999999997868e+01 0.000000000000000000e+00 0.000000000000000000e+00 4.700000000000001421e+01 3.099999999999999289e+01 5.973191046330033949e+00 1.143749999999999822e+01 0.000000000000000000e+00 3.899999999999990763e+01 4.129999999999996874e+01 0.000000000000000000e+00 0.000000000000000000e+00 0.000000000000000000e+00 5.237499999999997158e+01 0.000000000000000000e+00 4.133333333333332149e+01 0.000000000000000000e+00 0.000000000000000000e+00 6.949999999999991473e+01 2.939999999999999858e+01 2.524999999999998224e+01 0.000000000000000000e+00 0.000000000000000000e+00 0.000000000000000000e+00 0.000000000000000000e+00 0.000000000000000000e+00 0.000000000000000000e+00 0.000000000000000000e+00 0.000000000000000000e+00 0.000000000000000000e+00 0.000000000000000000e+00 0.000000000000000000e+00 0.000000000000000000e+00 0.000000000000000000e+00 0.000000000000000000e+00 0.000000000000000000e+00 0.000000000000000000e+00 0.000000000000000000e+00 0.000000000000000000e+00 0.000000000000000000e+00 0.000000000000000000e+00 1.889999999999998437e+01 4.446666666666662593e+01 0.000000000000000000e+00 0.000000000000000000e+00 0.000000000000000000e+00 0.000000000000000000e+00 0.000000000000000000e+00 1.849999999999997868e+01 8.916666666666655416e+00
0.000000000000000000e+00 0.000000000000000000e+00 0.000000000000000000e+00 1.075513196480938127e+01 9.908096637283705377e+00 1.433748707087621987e+01 1.037775157232704082e+01 1.501077276644641856e+01 3.256357388316150292e+01 1.818985429033998003e+01 4.134210526315787604e+01 2.641472602739725062e+01 5.273529411764704378e+01 6.135714285714284699e+01 2.334932432432431426e+01 2.273986486486485603e+01 3.299999999999999289e+01 5.549999999999998579e+01 7.387499999999997158e+01 0.000000000000000000e+00 2.549999999999999289e+01 0.000000000000000000e+00 5.124999999999997158e+01 4.350000000000000000e+01 4.899999999999998579e+01 3.249999999999998579e+01 0.000000000000000000e+00 5.474999999999998579e+01 5.372222222222220012e+01 6.146874999999998579e+01 0.000000000000000000e+00 7.823529411764702957e+01 7.583333333333330017e+01 0.000000000000000000e+00 0.000000000000000000e+00 0.000000000000000000e+00 0.000000000000000000e+00 1.762793914246195826e+01 1.982023763894210688e+01 2.232835820895520840e+01 0.000000000000000000e+00 5.712499999999998579e+01 3.545833333333331439e+01 2.521428571428570464e+01 2.220108695652172415e+01 4.064285714285714590e+01 0.000000000000000000e+00 0.000000000000000000e+00 4.121428571428568688e+01 0.000000000000000000e+00 0.000000000000000000e+00 0.000000000000000000e+00 4.769999999999996021e+01 0.000000000000000000e+00 4.829999999999999005e+01 0.000000000000000000e+00 0.000000000000000000e+00 6.049999999999995737e+01 3.186363636363633844e+01 3.949999999999998579e+01 0.000000000000000000e+00 0.000000000000000000e+00 0.000000000000000000e+00 0.000000000000000000e+00 0.000000000000000000e+00 0.000000000000000000e+00 0.000000000000000000e+00 0.000000000000000000e+00 0.000000000000000000e+00 0.000000000000000000e+00 0.000000000000000000e+00 0.000000000000000000e+00 0.000000000000000000e+00 0.000000000000000000e+00 0.000000000000000000e+00 0.000000000000000000e+00 0.000000000000000000e+00 0.000000000000000000e+00 0.000000000000000000e+00 0.000000000000000000e+00 3.740909090909087098e+01 4.642499999999996874e+01 0.000000000000000000e+00 0.000000000000000000e+00 0.000000000000000000e+00 0.000000000000000000e+00 0.000000000000000000e+00 0.000000000000000000e+00 0.000000000000000000e+00
0.000000000000000000e+00 0.000000000000000000e+00 0.000000000000000000e+00 2.599999999999998934e+01 2.680357142857142350e+01 1.037775157232704082e+01 8.218216986108666688e+00 7.971008737092928342e+00 2.168674698795179978e+01 1.625689139820656948e+01 4.630555555555554292e+01 3.506349206349204906e+01 4.043749999999997158e+01 0.000000000000000000e+00 4.033132530120479942e+01 2.592857142857141994e+01 5.039999999999998437e+01 5.725000000000000000e+01 0.000000000000000000e+00 0.000000000000000000e+00 0.000000000000000000e+00 0.000000000000000000e+00 0.000000000000000000e+00 0.000000000000000000e+00 0.000000000000000000e+00 0.000000000000000000e+00 4.599999999999995026e+01 7.299999999999998579e+01 5.115624999999998579e+01 4.806249999999996447e+01 0.000000000000000000e+00 6.649999999999998579e+01 7.175000000000000000e+01 0.000000000000000000e+00 0.000000000000000000e+00 0.000000000000000000e+00 0.000000000000000000e+00 3.006249999999997868e+01 2.959696969696968694e+01 3.683333333333333570e+01 0.000000000000000000e+00 0.000000000000000000e+00 4.199999999999996447e+01 7.300000000000000000e+01 0.000000000000000000e+00 0.000000000000000000e+00 0.000000000000000000e+00 0.000000000000000000e+00 0.000000000000000000e+00 0.000000000000000000e+00 0.000000000000000000e+00 0.000000000000000000e+00 0.000000000000000000e+00 0.000000000000000000e+00 0.000000000000000000e+00 0.000000000000000000e+00 0.000000000000000000e+00 0.000000000000000000e+00 0.000000000000000000e+00 0.000000000000000000e+00 4.649999999999999289e+01 0.000000000000000000e+00 0.000000000000000000e+00 0.000000000000000000e+00 0.000000000000000000e+00 0.000000000000000000e+00 0.000000000000000000e+00 0.000000000000000000e+00 0.000000000000000000e+00 0.000000000000000000e+00 0.000000000000000000e+00 0.000000000000000000e+00 0.000000000000000000e+00 0.000000000000000000e+00 0.000000000000000000e+00 0.000000000000000000e+00 0.000000000000000000e+00 0.000000000000000000e+00 0.000000000000000000e+00 0.000000000000000000e+00 0.000000000000000000e+00 0.000000000000000000e+00 0.000000000000000000e+00 0.000000000000000000e+00 0.000000000000000000e+00 0.000000000000000000e+00 0.000000000000000000e+00 0.000000000000000000e+00 0.000000000000000000e+00
0.000000000000000000e+00 0.000000000000000000e+00 0.000000000000000000e+00 2.850000000000000000e+01 2.280605381165919354e+01 1.501077276644641856e+01 7.971008737092928342e+00 8.315935977731385265e+00 9.817858160068352547e+00 1.845111404280268985e+01 2.878082191780821120e+01 2.507831325301204117e+01 2.665748031496061898e+01 0.000000000000000000e+00 3.238391224862887441e+01 2.071621621621621756e+01 2.316666666666665364e+01 5.166666666666665719e+01 6.500000000000000000e+01 0.000000000000000000e+00 0.000000000000000000e+00 0.000000000000000000e+00 0.000000000000000000e+00 0.000000000000000000e+00 4.499999999999997158e+01 4.533333333333331439e+01 4.837500000000000000e+01 4.449999999999993605e+01 3.881460674157302293e+01 3.839999999999998437e+01 5.100000000000002132e+01 6.108333333333333570e+01 6.124999999999997158e+01 0.000000000000000000e+00 0.000000000000000000e+00 0.000000000000000000e+00 6.799999999999994316e+01 2.971794871794870474e+01 2.792660550458714042e+01 3.899999999999998579e+01 0.000000000000000000e+00 0.000000000000000000e+00 0.000000000000000000e+00 0.000000000000000000e+00 2.878571428571427404e+01 0.000000000000000000e+00 0.000000000000000000e+00 0.000000000000000000e+00 0.000000000000000000e+00 0.000000000000000000e+00 5.099999999999992184e+01 0.000000000000000000e+00 0.000000000000000000e+00 0.000000000000000000e+00 0.000000000000000000e+00 0.000000000000000000e+00 0.000000000000000000e+00 0.000000000000000000e+00 2.549999999999998934e+01 0.000000000000000000e+00 0.000000000000000000e+00 0.000000000000000000e+00 0.000000000000000000e+00 0.000000000000000000e+00 0.000000000000000000e+00 0.000000000000000000e+00 0.000000000000000000e+00 0.000000000000000000e+00 0.000000000000000000e+00 0.000000000000000000e+00 0.000000000000000000e+00 0.000000000000000000e+00 0.000000000000000000e+00 0.000000000000000000e+00 0.000000000000000000e+00 0.000000000000000000e+00 0.000000000000000000e+00 0.000000000000000000e+00 0.000000000000000000e+00 0.000000000000000000e+00 0.000000000000000000e+00 0.000000000000000000e+00 0.000000000000000000e+00 0.000000000000000000e+00 0.000000000000000000e+00 0.000000000000000000e+00 0.000000000000000000e+00 0.000000000000000000e+00 0.000000000000000000e+00
0.000000000000000000e+00 0.000000000000000000e+00 0.000000000000000000e+00 4.849999999999997158e+01 3.858898305084746028e+01 3.256357388316150292e+01 2.168674698795179978e+01 9.817858160068352547e+00 1.111836146562371397e+01 2.232996608169886343e+01 2.592602040816326436e+01 3.173551147413457940e+01 1.122275501307759349e+01 5.111111111111110006e+01 2.242782348541510373e+01 3.393189368770762826e+01 2.662751004016064371e+01 4.052173913043476716e+01 5.914285714285713169e+01 0.000000000000000000e+00 0.000000000000000000e+00 0.000000000000000000e+00 0.000000000000000000e+00 0.000000000000000000e+00 8.350000000000000000e+01 3.658333333333333570e+01 3.062499999999999645e+01 5.900000000000000000e+01 1.929066374908825665e+01 2.369750231267344276e+01 5.666666666666665009e+01 5.792682926829267132e+01 6.408823529411765207e+01 6.900000000000002842e+01 6.349999999999999289e+01 0.000000000000000000e+00 0.000000000000000000e+00 1.926215644820295836e+01 2.262534818941503900e+01 2.770833333333333215e+01 0.000000000000000000e+00 3.323809523809524080e+01 3.733333333333332149e+01 3.411538461538461320e+01 3.850000000000000711e+01 3.065053763440861090e+01 0.000000000000000000e+00 0.000000000000000000e+00 0.000000000000000000e+00 0.000000000000000000e+00 0.000000000000000000e+00 4.649999999999996447e+01 0.000000000000000000e+00 6.199999999999999289e+01 3.979999999999996874e+01 7.300000000000000000e+01 0.000000000000000000e+00 0.000000000000000000e+00 5.299999999999994316e+01 3.111538461538460965e+01 0.000000000000000000e+00 0.000000000000000000e+00 0.000000000000000000e+00 0.000000000000000000e+00 0.000000000000000000e+00 0.000000000000000000e+00 0.000000000000000000e+00 0.000000000000000000e+00 0.000000000000000000e+00 0.000000000000000000e+00 0.000000000000000000e+00 0.000000000000000000e+00 0.000000000000000000e+00 0.000000000000000000e+00 0.000000000000000000e+00 0.000000000000000000e+00 0.000000000000000000e+00 0.000000000000000000e+00 0.000000000000000000e+00 0.000000000000000000e+00 4.083333333333328596e+01 5.524999999999997868e+01 0.000000000000000000e+00 0.000000000000000000e+00 0.000000000000000000e+00 0.000000000000000000e+00 0.000000000000000000e+00 0.000000000000000000e+00 0.000000000000000000e+00
0.000000000000000000e+00 0.000000000000000000e+00 0.000000000000000000e+00 8.095166163141987781e+00 1.664038461538460467e+01 1.818985429033998003e+01 1.625689139820656948e+01 1.845111404280268985e+01 2.232996608169886343e+01 1.327326526630681869e+01 1.761470635819446073e+01 1.559532122905027407e+01 4.075321888412015880e+01 5.267241379310343063e+01 2.860107247318816093e+01 2.092229484386345462e+01 2.285924369747897700e+01 4.363499999999998380e+01 6.180701754385963653e+01 0.000000000000000000e+00 0.000000000000000000e+00 7.200000000000001421e+01 0.000000000000000000e+00 0.000000000000000000e+00 6.059999999999998721e+01 5.700000000000001421e+01 6.219999999999997442e+01 6.437499999999997158e+01 4.439999999999999147e+01 4.122245762711862938e+01 6.883333333333330017e+01 6.747499999999998010e+01 6.608273381294962689e+01 0.000000000000000000e+00 7.825000000000001421e+01 0.000000000000000000e+00 7.324999999999997158e+01 2.418037518037515810e+01 2.515457825890841548e+01 3.966111111111109011e+01 0.000000000000000000e+00 4.887499999999997868e+01 6.399999999999997868e+01 4.371428571428568688e+01 3.056862745098036527e+01 4.885714285714283989e+01 4.749999999999996447e+01 4.649999999999995026e+01 4.566666666666659324e+01 4.099999999999997868e+01 0.000000000000000000e+00 5.049999999999997158e+01 4.916666666666661456e+01 6.424999999999998579e+01 4.360000000000000853e+01 0.000000000000000000e+00 0.000000000000000000e+00 4.899999999999994316e+01 2.757575757575754949e+01 3.172222222222219656e+01 4.164285714285711748e+01 6.450000000000000000e+01 0.000000000000000000e+00 0.000000000000000000e+00 0.000000000000000000e+00 0.000000000000000000e+00 0.000000000000000000e+00 0.000000000000000000e+00 0.000000000000000000e+00 0.000000000000000000e+00 0.000000000000000000e+00 0.000000000000000000e+00 0.000000000000000000e+00 0.000000000000000000e+00 0.000000000000000000e+00 0.000000000000000000e+00 0.000000000000000000e+00 0.000000000000000000e+00 0.000000000000000000e+00 0.000000000000000000e+00 4.262499999999997158e+01 4.514999999999996305e+01 6.099999999999999289e+01 0.000000000000000000e+00 7.700000000000002842e+01 0.000000000000000000e+00 0.000000000000000000e+00 0.000000000000000000e+00 0.000000000000000000e+00
0.000000000000000000e+00 0.000000000000000000e+00 0.000000000000000000e+00 5.049999999999995737e+01 4.072959183673468431e+01 4.134210526315787604e+01 4.630555555555554292e+01 2.878082191780821120e+01 2.592602040816326436e+01 1.761470635819446073e+01 1.422499999999999964e+01 2.299043443603029147e+01 1.542913930176287529e+01 4.396249999999999858e+01 2.443928398645379829e+01 4.035483870967740216e+01 2.606613756613756649e+01 2.812061403508771562e+01 4.767266187050359605e+01 0.000000000000000000e+00 7.528571428571429180e+01 5.856249999999998579e+01 0.000000000000000000e+00 9.049999999999998579e+01 5.500000000000000000e+01 6.339999999999999858e+01 6.550000000000001421e+01 4.687662337662337819e+01 3.159481361426255930e+01 3.180899308224442734e+01 5.417142857142857082e+01 5.285599006828056901e+01 4.695267901852778891e+01 5.166447368421054165e+01 6.219241192411924146e+01 5.992307692307693401e+01 5.371710526315789735e+01 2.089530132788559413e+01 2.615147893636092036e+01 3.444382022471910432e+01 0.000000000000000000e+00 3.321138211382113781e+01 5.366666666666666430e+01 4.211538461538461320e+01 4.399999999999997158e+01 3.586627906976744384e+01 0.000000000000000000e+00 0.000000000000000000e+00 0.000000000000000000e+00 0.000000000000000000e+00 0.000000000000000000e+00 5.449999999999996447e+01 5.374999999999995026e+01 5.333333333333332149e+01 5.212499999999996447e+01 5.099999999999998579e+01 0.000000000000000000e+00 0.000000000000000000e+00 6.399999999999992895e+01 3.762499999999997868e+01 3.227777777777777146e+01 0.000000000000000000e+00 0.000000000000000000e+00 0.000000000000000000e+00 0.000000000000000000e+00 0.000000000000000000e+00 0.000000000000000000e+00 0.000000000000000000e+00 0.000000000000000000e+00 0.000000000000000000e+00 0.000000000000000000e+00 7.499999999999995737e+01 0.000000000000000000e+00 0.000000000000000000e+00 0.000000000000000000e+00 0.000000000000000000e+00 0.000000000000000000e+00 0.000000000000000000e+00 0.000000000000000000e+00 0.000000000000000000e+00 3.799999999999997868e+01 4.942857142857140929e+01 4.399999999999997158e+01 0.000000000000000000e+00 5.150000000000000000e+01 0.000000000000000000e+00 0.000000000000000000e+00 0.000000000000000000e+00 0.000000000000000000e+00
0.000000000000000000e+00 0.000000000000000000e+00 0.000000000000000000e+00 7.181281094527361297e+00 1.682232591529073318e+01 2.641472602739725062e+01 3.506349206349204906e+01 2.507831325301204117e+01 3.173551147413457940e+01 1.559532122905027407e+01 2.299043443603029147e+01 1.611538787781683624e+01 2.350400078064012632e+01 1.460026772055074140e+01 3.465123739688359450e+01 1.806047092400998011e+01 1.647715404699738428e+01 2.432270408163265074e+01 3.930798192771084132e+01 0.000000000000000000e+00 8.449999999999998579e+01 6.409999999999998010e+01 8.149999999999997158e+01 1.159999999999999716e+02 6.870000000000000284e+01 5.784745762711864359e+01 5.850000000000000000e+01 5.830508474576271283e+01 3.473951048951048648e+01 4.146242977528089568e+01 5.716883116883116855e+01 4.150620525059665766e+01 4.054630294328786277e+01 6.211111111111112137e+01 7.161320754716980730e+01 7.000000000000002842e+01 6.532352941176471006e+01 2.751626016260161833e+01 2.979051263362487134e+01 3.634740259740259916e+01 0.000000000000000000e+00 3.455042016806722671e+01 7.704545454545454675e+01 4.513636363636363313e+01 3.386111111111107874e+01 4.407553956834532727e+01 0.000000000000000000e+00 4.312499999999998579e+01 4.599999999999996447e+01 0.000000000000000000e+00 1.069999999999999005e+02 5.533333333333331439e+01 4.499999999999996447e+01 5.139999999999997726e+01 7.344444444444443221e+00 1.464285714285715478e+01 1.267857142857142883e+01 0.000000000000000000e+00 2.566666666666666785e+01 2.542307692307691269e+01 3.174193548387096442e+01 5.109999999999998721e+01 0.000000000000000000e+00 0.000000000000000000e+00 0.000000000000000000e+00 0.000000000000000000e+00 0.000000000000000000e+00 0.000000000000000000e+00 0.000000000000000000e+00 0.000000000000000000e+00 0.000000000000000000e+00 3.449999999999994316e+01 0.000000000000000000e+00 0.000000000000000000e+00 0.000000000000000000e+00 5.699999999999994316e+01 0.000000000000000000e+00 0.000000000000000000e+00 0.000000000000000000e+00 0.000000000000000000e+00 4.262499999999997158e+01 4.792499999999998295e+01 4.850000000000001421e+01 0.000000000000000000e+00 3.349999999999998579e+01 0.000000000000000000e+00 0.000000000000000000e+00 0.000000000000000000e+00 0.000000000000000000e+00
0.000000000000000000e+00 0.000000000000000000e+00 0.000000000000000000e+00 0.000000000000000000e+00 5.492857142857143060e+01 5.273529411764704378e+01 4.043749999999997158e+01 2.665748031496061898e+01 1.122275501307759349e+01 4.075321888412015880e+01 1.542913930176287529e+01 2.350400078064012632e+01 1.264309901124204316e+01 8.083547939778132019e+00 2.449145891043398038e+01 5.146341463414633211e+01 3.376944444444444571e+01 2.130868167202573105e+01 4.080926430517711623e+01 6.099999999999998579e+01 6.260000000000000142e+01 5.314999999999999147e+01 6.981250000000000000e+01 7.649999999999995737e+01 5.464444444444444571e+01 2.729007633587786330e+01 5.126415094339622414e+01 4.282641509433962312e+01 1.797012475377544405e+01 2.845777371870634909e+01 4.218159806295399505e+01 3.308125996810208136e+01 3.778392434988180781e+01 4.650000000000001421e+01 5.791107871720116407e+01 5.625000000000001421e+01 4.956521739130435122e+01 2.422011541632317133e+01 2.523589579670769112e+01 3.121240601503759393e+01 0.000000000000000000e+00 2.929043280182232678e+01 5.344166666666666998e+01 3.571794871794871540e+01 4.549999999999998579e+01 3.624372384937238678e+01 0.000000000000000000e+00 6.449999999999994316e+01 8.049999999999992895e+01 0.000000000000000000e+00 0.000000000000000000e+00 0.000000000000000000e+00 6.349999999999992895e+01 0.000000000000000000e+00 5.233333333333329307e+01 5.183333333333328596e+01 0.000000000000000000e+00 0.000000000000000000e+00 0.000000000000000000e+00 6.024999999999998579e+01 3.393750000000000000e+01 0.000000000000000000e+00 0.000000000000000000e+00 0.000000000000000000e+00 0.000000000000000000e+00 0.000000000000000000e+00 0.000000000000000000e+00 0.000000000000000000e+00 0.000000000000000000e+00 0.000000000000000000e+00 0.000000000000000000e+00 0.000000000000000000e+00 5.099999999999997868e+01 0.000000000000000000e+00 0.000000000000000000e+00 3.900000000000001421e+01 0.000000000000000000e+00 0.000000000000000000e+00 0.000000000000000000e+00 0.000000000000000000e+00 4.509999999999998010e+01 5.014285714285713169e+01 0.000000000000000000e+00 0.000000000000000000e+00 0.000000000000000000e+00 0.000000000000000000e+00 0.000000000000000000e+00 0.000000000000000000e+00 0.000000000000000000e+00
0.000000000000000000e+00 0.000000000000000000e+00 0.000000000000000000e+00 7.100000000000000000e+01 6.111111111111107164e+01 6.135714285714284699e+01 0.000000000000000000e+00 0.000000000000000000e+00 5.111111111111110006e+01 5.267241379310343063e+01 4.396249999999999858e+01 1.460026772055074140e+01 8.083547939778132019e+00 9.092660550458715463e+00 3.776086956521739779e+01 5.269230769230766498e+01 3.148076923076922995e+01 7.971962616822429126e+00 4.108333333333333570e+01 0.000000000000000000e+00 0.000000000000000000e+00 0.000000000000000000e+00 0.000000000000000000e+00 0.000000000000000000e+00 0.000000000000000000e+00 7.325000000000000000e+01 3.750000000000003553e+01 4.699999999999996447e+01 1.048628544862854461e+01 4.069718309859155170e+01 5.350000000000000711e+01 1.076375598086124441e+01 1.524603174603174516e+01 0.000000000000000000e+00 8.425000000000002842e+01 0.000000000000000000e+00 0.000000000000000000e+00 3.950000000000000000e+01 4.113478260869565162e+01 3.614705882352941302e+01 0.000000000000000000e+00 4.516666666666667851e+01 0.000000000000000000e+00 5.149999999999998579e+01 0.000000000000000000e+00 5.083333333333334991e+01 0.000000000000000000e+00 0.000000000000000000e+00 0.000000000000000000e+00 0.000000000000000000e+00 0.000000000000000000e+00 0.000000000000000000e+00 0.000000000000000000e+00 0.000000000000000000e+00 1.950000000000001421e+01 0.000000000000000000e+00 0.000000000000000000e+00 0.000000000000000000e+00 0.000000000000000000e+00 0.000000000000000000e+00 0.000000000000000000e+00 0.000000000000000000e+00 0.000000000000000000e+00 0.000000000000000000e+00 0.000000000000000000e+00 0.000000000000000000e+00 0.000000000000000000e+00 0.000000000000000000e+00 0.000000000000000000e+00 0.000000000000000000e+00 0.000000000000000000e+00 0.000000000000000000e+00 0.000000000000000000e+00 0.000000000000000000e+00 0.000000000000000000e+00 0.000000000000000000e+00 0.000000000000000000e+00 0.000000000000000000e+00 0.000000000000000000e+00 0.000000000000000000e+00 0.000000000000000000e+00 0.000000000000000000e+00 0.000000000000000000e+00 0.000000000000000000e+00 0.000000000000000000e+00 0.000000000000000000e+00 0.000000000000000000e+00 0.000000000000000000e+00 0.000000000000000000e+00
0.000000000000000000e+00 0.000000000000000000e+00 0.000000000000000000e+00 3.574999999999998579e+01 3.116818181818181088e+01 2.334932432432431426e+01 4.033132530120479942e+01 3.238391224862887441e+01 2.242782348541510373e+01 2.860107247318816093e+01 2.443928398645379829e+01 3.465123739688359450e+01 2.449145891043398038e+01 3.776086956521739779e+01 9.933006353806707267e+00 3.856666666666664867e+01 3.531597222222220722e+01 2.260632183908046144e+01 2.366412556053811400e+01 1.444444444444444287e+01 2.830687830687829631e+01 3.315151515151513451e+01 2.174329501915708818e+01 1.599101307189541643e+01 2.197946544980443306e+01 1.727791970802919863e+01 1.464942528735632266e+01 2.177679362267493346e+01 1.964467408585055708e+01 2.354401864319005711e+01 3.942650918635169432e+01 3.095757918552036259e+01 2.899046610169491700e+01 4.633333333333332149e+01 4.711979166666665719e+01 5.099999999999999289e+01 3.719512195121950526e+01 2.561980609418282029e+01 8.510149672591202474e+00 1.775058275058275115e+01 0.000000000000000000e+00 2.063772175536881193e+01 1.350549450549450547e+01 1.122617449664429579e+01 2.013333333333333286e+01 2.182599580712787812e+01 0.000000000000000000e+00 0.000000000000000000e+00 0.000000000000000000e+00 0.000000000000000000e+00 0.000000000000000000e+00 6.450000000000000000e+01 5.099999999999995737e+01 4.599999999999998579e+01 3.750000000000000711e+01 5.349999999999997868e+01 0.000000000000000000e+00 6.274999999999997158e+01 0.000000000000000000e+00 5.079999999999999005e+01 2.899999999999998579e+01 3.113636363636362248e+01 0.000000000000000000e+00 0.000000000000000000e+00 0.000000000000000000e+00 0.000000000000000000e+00 0.000000000000000000e+00 0.000000000000000000e+00 0.000000000000000000e+00 0.000000000000000000e+00 6.149999999999998579e+01 9.599999999999992895e+01 4.649999999999997868e+01 0.000000000000000000e+00 0.000000000000000000e+00 4.264285714285712459e+01 0.000000000000000000e+00 0.000000000000000000e+00 0.000000000000000000e+00 6.349999999999998579e+01 0.000000000000000000e+00 5.657142857142854808e+01 4.549999999999996447e+01 0.000000000000000000e+00 5.566666666666665009e+01 4.574999999999998579e+01 0.000000000000000000e+00 0.000000000000000000e+00 0.000000000000000000e+00
0.000000000000000000e+00 0.000000000000000000e+00 0.000000000000000000e+00 2.487499999999998934e+01 1.398145025295108645e+01 2.273986486486485603e+01 2.592857142857141994e+01 2.071621621621621756e+01 3.393189368770762826e+01 2.092229484386345462e+01 4.035483870967740216e+01 1.806047092400998011e+01 5.146341463414633211e+01 5.269230769230766498e+01 3.856666666666664867e+01 6.418191461150886568e+00 9.225920125293654905e+00 3.712149532710277811e+01 4.958116385911176138e+01 0.000000000000000000e+00 0.000000000000000000e+00 0.000000000000000000e+00 0.000000000000000000e+00 0.000000000000000000e+00 0.000000000000000000e+00 6.433333333333330017e+01 0.000000000000000000e+00 7.758333333333328596e+01 5.470833333333333570e+01 6.049999999999998579e+01 7.224999999999997158e+01 6.953947368421050612e+01 5.815999999999997527e+01 0.000000000000000000e+00 0.000000000000000000e+00 0.000000000000000000e+00 0.000000000000000000e+00 1.308062880324542476e+01 2.298205128205126258e+01 3.677272727272725206e+01 0.000000000000000000e+00 6.924999999999995737e+01 6.349999999999997158e+01 8.650000000000000000e+01 8.339321357285422565e+00 4.099999999999997868e+01 0.000000000000000000e+00 2.250000000000002132e+01 3.364999999999996305e+01 0.000000000000000000e+00 0.000000000000000000e+00 3.437499999999995026e+01 4.621428571428567267e+01 0.000000000000000000e+00 3.135714285714283633e+01 6.399999999999987921e+01 0.000000000000000000e+00 0.000000000000000000e+00 1.649999999999999645e+01 1.894999999999999574e+01 3.549999999999995737e+01 4.507142857142851966e+01 0.000000000000000000e+00 0.000000000000000000e+00 0.000000000000000000e+00 0.000000000000000000e+00 0.000000000000000000e+00 0.000000000000000000e+00 0.000000000000000000e+00 0.000000000000000000e+00 0.000000000000000000e+00 7.699999999999998579e+01 0.000000000000000000e+00 0.000000000000000000e+00 0.000000000000000000e+00 0.000000000000000000e+00 0.000000000000000000e+00 0.000000000000000000e+00 0.000000000000000000e+00 0.000000000000000000e+00 2.256249999999997513e+01 4.106666666666663446e+01 0.000000000000000000e+00 0.000000000000000000e+00 0.000000000000000000e+00 0.000000000000000000e+00 0.000000000000000000e+00 1.949999999999997158e+01 0.000000000000000000e+00
0.000000000000000000e+00 0.000000000000000000e+00 0.000000000000000000e+00 3.499999999999998579e+01 2.554794520547944359e+01 3.299999999999999289e+01 5.039999999999998437e+01 2.316666666666665364e+01 2.662751004016064371e+01 2.285924369747897700e+01 2.606613756613756649e+01 1.647715404699738428e+01 3.376944444444444571e+01 3.148076923076922995e+01 3.531597222222220722e+01 9.225920125293654905e+00 7.423603793466803324e+00 2.211582568807338234e+01 3.603995299647472450e+01 0.000000000000000000e+00 0.000000000000000000e+00 7.300000000000000000e+01 0.000000000000000000e+00 0.000000000000000000e+00 6.450000000000000000e+01 5.570588235294115975e+01 5.531249999999998579e+01 6.046666666666666856e+01 4.020512820512820440e+01 4.694230769230768630e+01 6.258333333333334281e+01 5.313809523809521806e+01 3.817342342342340800e+01 0.000000000000000000e+00 7.549999999999998579e+01 0.000000000000000000e+00 8.400000000000000000e+01 1.742452830188678448e+01 2.434274952919019341e+01 3.493181818181817988e+01 0.000000000000000000e+00 3.569642857142856940e+01 6.325000000000000000e+01 3.524999999999998579e+01 0.000000000000000000e+00 3.867499999999999716e+01 0.000000000000000000e+00 2.949999999999999289e+01 0.000000000000000000e+00 0.000000000000000000e+00 0.000000000000000000e+00 2.528571428571424917e+01 3.087999999999996703e+01 3.818181818181815146e+01 2.443999999999998352e+01 4.466666666666667851e+01 4.774999999999995737e+01 3.900000000000000711e+01 1.953333333333333499e+01 1.128260869565216851e+01 1.896874999999998579e+01 3.133333333333332504e+01 0.000000000000000000e+00 0.000000000000000000e+00 0.000000000000000000e+00 0.000000000000000000e+00 0.000000000000000000e+00 0.000000000000000000e+00 0.000000000000000000e+00 0.000000000000000000e+00 0.000000000000000000e+00 0.000000000000000000e+00 0.000000000000000000e+00 0.000000000000000000e+00 4.899999999999997868e+01 3.099999999999997513e+01 0.000000000000000000e+00 0.000000000000000000e+00 0.000000000000000000e+00 0.000000000000000000e+00 2.236666666666665293e+01 2.949999999999998934e+01 3.499999999999997868e+01 0.000000000000000000e+00 0.000000000000000000e+00 0.000000000000000000e+00 0.000000000000000000e+00 2.350000000000000000e+01 0.000000000000000000e+00
