0.000000000000000000e+00 0.000000000000000000e+00 0.000000000000000000e+00 0.000000000000000000e+00 0.000000000000000000e+00 0.000000000000000000e+00 0.000000000000000000e+00 0.000000000000000000e+00 0.000000000000000000e+00 0.000000000000000000e+00 0.000000000000000000e+00 0.000000000000000000e+00 0.000000000000000000e+00 0.000000000000000000e+00 0.000000000000000000e+00 0.000000000000000000e+00 0.000000000000000000e+00 0.000000000000000000e+00 0.000000000000000000e+00 0.000000000000000000e+00 0.000000000000000000e+00 0.000000000000000000e+00 0.000000000000000000e+00 0.000000000000000000e+00 0.000000000000000000e+00 0.000000000000000000e+00 0.000000000000000000e+00 0.000000000000000000e+00 0.000000000000000000e+00 0.000000000000000000e+00 0.000000000000000000e+00 0.000000000000000000e+00 0.000000000000000000e+00 0.000000000000000000e+00 0.000000000000000000e+00 0.000000000000000000e+00 0.000000000000000000e+00 0.000000000000000000e+00 0.000000000000000000e+00 0.000000000000000000e+00 0.000000000000000000e+00 0.000000000000000000e+00 0.000000000000000000e+00 0.000000000000000000e+00 0.000000000000000000e+00 0.000000000000000000e+00 0.000000000000000000e+00 0.000000000000000000e+00 0.000000000000000000e+00 0.000000000000000000e+00 0.000000000000000000e+00 0.000000000000000000e+00 0.000000000000000000e+00 0.000000000000000000e+00 0.000000000000000000e+00 0.000000000000000000e+00 0.000000000000000000e+00 0.000000000000000000e+00 0.000000000000000000e+00 0.000000000000000000e+00 0.000000000000000000e+00 0.000000000000000000e+00 0.000000000000000000e+00 0.000000000000000000e+00 0.000000000000000000e+00 0.000000000000000000e+00 0.000000000000000000e+00 0.000000000000000000e+00 0.000000000000000000e+00 0.000000000000000000e+00 0.000000000000000000e+00 0.000000000000000000e+00 0.000000000000000000e+00 0.000000000000000000e+00 0.000000000000000000e+00 0.000000000000000000e+00 0.000000000000000000e+00 0.000000000000000000e+00 0.000000000000000000e+00 0.000000000000000000e+00 0.000000000000000000e+00 0.000000000000000000e+00 0.000000000000000000e+00 0.000000000000000000e+00 0.000000000000000000e+00 0.000000000000000000e+00 0.000000000000000000e+00 0.000000000000000000e+00 0.000000000000000000e+00
0.000000000000000000e+00 0.000000000000000000e+00 0.000000000000000000e+00 0.000000000000000000e+00 0.000000000000000000e+00 0.000000000000000000e+00 0.000000000000000000e+00 0.000000000000000000e+00 0.000000000000000000e+00 0.000000000000000000e+00 0.000000000000000000e+00 0.000000000000000000e+00 0.000000000000000000e+00 0.000000000000000000e+00 0.000000000000000000e+00 0.000000000000000000e+00 0.000000000000000000e+00 0.000000000000000000e+00 0.000000000000000000e+00 0.000000000000000000e+00 0.000000000000000000e+00 0.000000000000000000e+00 0.000000000000000000e+00 0.000000000000000000e+00 0.000000000000000000e+00 0.000000000000000000e+00 0.000000000000000000e+00 0.000000000000000000e+00 0.000000000000000000e+00 0.000000000000000000e+00 0.000000000000000000e+00 0.000000000000000000e+00 0.000000000000000000e+00 0.000000000000000000e+00 0.000000000000000000e+00 0.000000000000000000e+00 0.000000000000000000e+00 0.000000000000000000e+00 0.000000000000000000e+00 0.000000000000000000e+00 0.000000000000000000e+00 0.000000000000000000e+00 0.000000000000000000e+00 0.000000000000000000e+00 0.000000000000000000e+00 0.000000000000000000e+00 0.000000000000000000e+00 0.000000000000000000e+00 0.000000000000000000e+00 0.000000000000000000e+00 0.000000000000000000e+00 0.000000000000000000e+00 0.000000000000000000e+00 0.000000000000000000e+00 0.000000000000000000e+00 0.000000000000000000e+00 0.000000000000000000e+00 0.000000000000000000e+00 0.000000000000000000e+00 0.000000000000000000e+00 0.000000000000000000e+00 0.000000000000000000e+00 0.000000000000000000e+00 0.000000000000000000e+00 0.000000000000000000e+00 0.000000000000000000e+00 0.000000000000000000e+00 0.000000000000000000e+00 0.000000000000000000e+00 0.000000000000000000e+00 0.000000000000000000e+00 0.000000000000000000e+00 0.000000000000000000e+00 0.000000000000000000e+00 0.000000000000000000e+00 0.000000000000000000e+00 0.000000000000000000e+00 0.000000000000000000e+00 0.000000000000000000e+00 0.000000000000000000e+00 0.000000000000000000e+00 0.000000000000000000e+00 0.000000000000000000e+00 0.000000000000000000e+00 0.000000000000000000e+00 0.000000000000000000e+00 0.000000000000000000e+00 0.000000000000000000e+00 0.000000000000000000e+00
0.000000000000000000e+00 0.000000000000000000e+00 0.000000000000000000e+00 0.000000000000000000e+00 0.000000000000000000e+00 0.000000000000000000e+00 0.000000000000000000e+00 0.000000000000000000e+00 0.000000000000000000e+00 0.000000000000000000e+00 0.000000000000000000e+00 0.000000000000000000e+00 0.000000000000000000e+00 0.000000000000000000e+00 0.000000000000000000e+00 0.000000000000000000e+00 0.000000000000000000e+00 0.000000000000000000e+00 0.000000000000000000e+00 0.000000000000000000e+00 0.000000000000000000e+00 0.000000000000000000e+00 0.000000000000000000e+00 0.000000000000000000e+00 0.000000000000000000e+00 0.000000000000000000e+00 0.000000000000000000e+00 0.000000000000000000e+00 0.000000000000000000e+00 0.000000000000000000e+00 0.000000000000000000e+00 0.000000000000000000e+00 0.000000000000000000e+00 0.000000000000000000e+00 0.000000000000000000e+00 0.000000000000000000e+00 0.000000000000000000e+00 0.000000000000000000e+00 0.000000000000000000e+00 0.000000000000000000e+00 0.000000000000000000e+00 0.000000000000000000e+00 0.000000000000000000e+00 0.000000000000000000e+00 0.000000000000000000e+00 0.000000000000000000e+00 0.000000000000000000e+00 0.000000000000000000e+00 0.000000000000000000e+00 0.000000000000000000e+00 0.000000000000000000e+00 0.000000000000000000e+00 0.000000000000000000e+00 0.000000000000000000e+00 0.000000000000000000e+00 0.000000000000000000e+00 0.000000000000000000e+00 0.000000000000000000e+00 0.000000000000000000e+00 0.000000000000000000e+00 0.000000000000000000e+00 0.000000000000000000e+00 0.000000000000000000e+00 0.000000000000000000e+00 0.000000000000000000e+00 0.000000000000000000e+00 0.000000000000000000e+00 0.000000000000000000e+00 0.000000000000000000e+00 0.000000000000000000e+00 0.000000000000000000e+00 0.000000000000000000e+00 0.000000000000000000e+00 0.000000000000000000e+00 0.000000000000000000e+00 0.000000000000000000e+00 0.000000000000000000e+00 0.000000000000000000e+00 0.000000000000000000e+00 0.000000000000000000e+00 0.000000000000000000e+00 0.000000000000000000e+00 0.000000000000000000e+00 0.000000000000000000e+00 0.000000000000000000e+00 0.000000000000000000e+00 0.000000000000000000e+00 0.000000000000000000e+00 0.000000000000000000e+00
0.000000000000000000e+00 0.000000000000000000e+00 0.000000000000000000e+00 4.188095238095235651e+00 8.092105263157892026e+00 1.367153628652214259e+01 3.149999999999998579e+01 3.030357142857141284e+01 4.829999999999999005e+01 1.010582010582010071e+01 5.274999999999998579e+01 6.479834539813854377e+00 6.799999999999997158e+01 0.000000000000000000e+00 3.799999999999998579e+01 2.978571428571423851e+01 0.000000000000000000e+00 0.000000000000000000e+00 0.000000000000000000e+00 0.000000000000000000e+00 0.000000000000000000e+00 0.000000000000000000e+00 0.000000000000000000e+00 0.000000000000000000e+00 0.000000000000000000e+00 0.000000000000000000e+00 0.000000000000000000e+00 0.000000000000000000e+00 0.000000000000000000e+00 0.000000000000000000e+00 0.000000000000000000e+00 8.499999999999995737e+01 0.000000000000000000e+00 0.000000000000000000e+00 0.000000000000000000e+00 0.000000000000000000e+00 8.749999999999998579e+01 2.929629629629627985e+01 3.489814814814813104e+01 0.000000000000000000e+00 0.000000000000000000e+00 0.000000000000000000e+00 0.000000000000000000e+00 0.000000000000000000e+00 3.442857142857140929e+01 0.000000000000000000e+00 0.000000000000000000e+00 0.000000000000000000e+00 0.000000000000000000e+00 0.000000000000000000e+00 0.000000000000000000e+00 0.000000000000000000e+00 0.000000000000000000e+00 0.000000000000000000e+00 0.000000000000000000e+00 0.000000000000000000e+00 0.000000000000000000e+00 0.000000000000000000e+00 4.450000000000000711e+01 0.000000000000000000e+00 0.000000000000000000e+00 0.000000000000000000e+00 0.000000000000000000e+00 0.000000000000000000e+00 0.000000000000000000e+00 0.000000000000000000e+00 0.000000000000000000e+00 0.000000000000000000e+00 0.000000000000000000e+00 0.000000000000000000e+00 0.000000000000000000e+00 0.000000000000000000e+00 0.000000000000000000e+00 0.000000000000000000e+00 0.000000000000000000e+00 0.000000000000000000e+00 0.000000000000000000e+00 0.000000000000000000e+00 0.000000000000000000e+00 0.000000000000000000e+00 0.000000000000000000e+00 0.000000000000000000e+00 0.000000000000000000e+00 0.000000000000000000e+00 0.000000000000000000e+00 0.000000000000000000e+00 0.000000000000000000e+00 0.000000000000000000e+00 0.000000000000000000e+00
0.000000000000000000e+00 0.000000000000000000e+00 0.000000000000000000e+00 8.092105263157892026e+00 9.758097668155071958e+00 1.036599896390950803e+01 2.933870967741934876e+01 2.487988826815641374e+01 4.145312499999999289e+01 1.386659192825111475e+01 4.658823529411763076e+01 1.599375780274655945e+01 5.571874999999997158e+01 6.599999999999997158e+01 2.273684210526314331e+01 1.309293680297397167e+01 3.799999999999997868e+01 5.241111111111108301e+01 6.858333333333328596e+01 0.000000000000000000e+00 0.000000000000000000e+00 0.000000000000000000e+00 0.000000000000000000e+00 0.000000000000000000e+00 0.000000000000000000e+00 0.000000000000000000e+00 9.700000000000000000e+01 0.000000000000000000e+00 6.335714285714279725e+01 6.374999999999996447e+01 9.549999999999997158e+01 7.832352941176466743e+01 6.979166666666662877e+01 0.000000000000000000e+00 9.749999999999997158e+01 0.000000000000000000e+00 0.000000000000000000e+00 1.258810325476991387e+01 1.959234828496041203e+01 4.121794871794870119e+01 0.000000000000000000e+00 4.949999999999997868e+01 0.000000000000000000e+00 5.487500000000000000e+01 5.489017693715678270e+00 1.140163934426229098e+01 0.000000000000000000e+00 3.899999999999998579e+01 5.049999999999995026e+01 0.000000000000000000e+00 0.000000000000000000e+00 0.000000000000000000e+00 4.799999999999997868e+01 0.000000000000000000e+00 0.000000000000000000e+00 0.000000000000000000e+00 0.000000000000000000e+00 0.000000000000000000e+00 3.174999999999998579e+01 2.999999999999991829e+01 0.000000000000000000e+00 7.650000000000000000e+01 0.000000000000000000e+00 0.000000000000000000e+00 0.000000000000000000e+00 0.000000000000000000e+00 0.000000000000000000e+00 0.000000000000000000e+00 0.000000000000000000e+00 0.000000000000000000e+00 0.000000000000000000e+00 0.000000000000000000e+00 0.000000000000000000e+00 0.000000000000000000e+00 0.000000000000000000e+00 0.000000000000000000e+00 0.000000000000000000e+00 0.000000000000000000e+00 0.000000000000000000e+00 0.000000000000000000e+00 2.472727272727270531e+01 5.094999999999996021e+01 0.000000000000000000e+00 0.000000000000000000e+00 0.000000000000000000e+00 0.000000000000000000e+00 0.000000000000000000e+00 2.012499999999999645e+01 9.499999999999994671e+00
0.000000000000000000e+00 0.000000000000000000e+00 0.000000000000000000e+00 1.367153628652214259e+01 1.036599896390950803e+01 1.370030816640985627e+01 1.003928095872170090e+01 1.397535441657578481e+01 3.533290816326529438e+01 1.768166346011542700e+01 4.388611111111109153e+01 2.431555051078318996e+01 5.320779220779218122e+01 6.799999999999997158e+01 1.819749216300940020e+01 2.055329949238577569e+01 3.930555555555554292e+01 5.934999999999997300e+01 7.959999999999996589e+01 4.200000000000003553e+01 0.000000000000000000e+00 8.349999999999994316e+01 6.374999999999994316e+01 0.000000000000000000e+00 5.324999999999995737e+01 2.791666666666664653e+01 6.099999999999997158e+01 0.000000000000000000e+00 6.363636363636362603e+01 6.025862068965516016e+01 7.483333333333331439e+01 7.597826086956520442e+01 8.597499999999998010e+01 0.000000000000000000e+00 8.250000000000000000e+01 0.000000000000000000e+00 7.799999999999998579e+01 1.752260638297871509e+01 1.891081267217629502e+01 3.117006802721086700e+01 0.000000000000000000e+00 5.114285714285712459e+01 3.074999999999998224e+01 2.385185185185184409e+01 1.928913443830570174e+01 4.077999999999997982e+01 0.000000000000000000e+00 7.950000000000002842e+01 4.749999999999997158e+01 0.000000000000000000e+00 0.000000000000000000e+00 0.000000000000000000e+00 5.533333333333331439e+01 0.000000000000000000e+00 5.305555555555551450e+01 7.400000000000000000e+01 0.000000000000000000e+00 0.000000000000000000e+00 3.285714285714283278e+01 0.000000000000000000e+00 0.000000000000000000e+00 0.000000000000000000e+00 0.000000000000000000e+00 0.000000000000000000e+00 0.000000000000000000e+00 0.000000000000000000e+00 0.000000000000000000e+00 0.000000000000000000e+00 0.000000000000000000e+00 0.000000000000000000e+00 0.000000000000000000e+00 0.000000000000000000e+00 0.000000000000000000e+00 0.000000000000000000e+00 0.000000000000000000e+00 7.399999999999991473e+01 0.000000000000000000e+00 0.000000000000000000e+00 0.000000000000000000e+00 0.000000000000000000e+00 3.387499999999994316e+01 5.120833333333329307e+01 0.000000000000000000e+00 0.000000000000000000e+00 0.000000000000000000e+00 0.000000000000000000e+00 0.000000000000000000e+00 2.779999999999997229e+01 2.950000000000001776e+01
0.000000000000000000e+00 0.000000000000000000e+00 0.000000000000000000e+00 3.149999999999998579e+01 2.933870967741934876e+01 1.003928095872170090e+01 7.659000234686689446e+00 8.270657212980633943e+00 2.757317073170730737e+01 1.460046189376442705e+01 4.549999999999998579e+01 3.055045871559631721e+01 5.699999999999999289e+01 6.699999999999995737e+01 2.223684210526314686e+01 2.700000000000000000e+01 0.000000000000000000e+00 0.000000000000000000e+00 0.000000000000000000e+00 0.000000000000000000e+00 0.000000000000000000e+00 0.000000000000000000e+00 0.000000000000000000e+00 3.949999999999995737e+01 6.449999999999998579e+01 0.000000000000000000e+00 0.000000000000000000e+00 0.000000000000000000e+00 0.000000000000000000e+00 0.000000000000000000e+00 0.000000000000000000e+00 7.349999999999997158e+01 8.449999999999997158e+01 0.000000000000000000e+00 0.000000000000000000e+00 0.000000000000000000e+00 0.000000000000000000e+00 3.172222222222221077e+01 2.612096774193547333e+01 3.924999999999999289e+01 0.000000000000000000e+00 0.000000000000000000e+00 3.549999999999997158e+01 3.774999999999997868e+01 2.961111111111107874e+01 5.599999999999997158e+01 0.000000000000000000e+00 0.000000000000000000e+00 0.000000000000000000e+00 0.000000000000000000e+00 0.000000000000000000e+00 0.000000000000000000e+00 0.000000000000000000e+00 0.000000000000000000e+00 0.000000000000000000e+00 0.000000000000000000e+00 0.000000000000000000e+00 0.000000000000000000e+00 0.000000000000000000e+00 0.000000000000000000e+00 0.000000000000000000e+00 0.000000000000000000e+00 0.000000000000000000e+00 0.000000000000000000e+00 0.000000000000000000e+00 0.000000000000000000e+00 0.000000000000000000e+00 0.000000000000000000e+00 0.000000000000000000e+00 0.000000000000000000e+00 0.000000000000000000e+00 0.000000000000000000e+00 0.000000000000000000e+00 0.000000000000000000e+00 0.000000000000000000e+00 0.000000000000000000e+00 0.000000000000000000e+00 0.000000000000000000e+00 0.000000000000000000e+00 0.000000000000000000e+00 0.000000000000000000e+00 0.000000000000000000e+00 0.000000000000000000e+00 0.000000000000000000e+00 0.000000000000000000e+00 0.000000000000000000e+00 0.000000000000000000e+00 0.000000000000000000e+00 0.000000000000000000e+00
0.000000000000000000e+00 0.000000000000000000e+00 0.000000000000000000e+00 3.030357142857141284e+01 2.487988826815641374e+01 1.397535441657578481e+01 8.270657212980633943e+00 9.018558334276335131e+00 8.714100346020760668e+00 2.089330402434899270e+01 3.162931034482756942e+01 2.568298969072164084e+01 3.796124031007750688e+01 0.000000000000000000e+00 3.270854271356782306e+01 1.959939759036144125e+01 2.256382978723403454e+01 4.765624999999998579e+01 6.045901639344261014e+01 0.000000000000000000e+00 7.649999999999997158e+01 0.000000000000000000e+00 0.000000000000000000e+00 0.000000000000000000e+00 6.150000000000000000e+01 6.862500000000000000e+01 5.799999999999997868e+01 6.049999999999995026e+01 4.744214876033056072e+01 3.851973684210524596e+01 6.356999999999997897e+01 5.974853801169590639e+01 6.161764705882351478e+01 6.607142857142855519e+01 7.463461538461537259e+01 7.021428571428569398e+01 6.549999999999998579e+01 2.988311688311686964e+01 2.742499999999997939e+01 4.041666666666665719e+01 0.000000000000000000e+00 4.099999999999996447e+01 6.766666666666665719e+01 5.699999999999996447e+01 3.225925925925924531e+01 7.444444444444441444e+01 0.000000000000000000e+00 3.749999999999999289e+01 4.150000000000000711e+01 0.000000000000000000e+00 0.000000000000000000e+00 0.000000000000000000e+00 4.449999999999996447e+01 0.000000000000000000e+00 3.681249999999997868e+01 0.000000000000000000e+00 4.699999999999997158e+01 0.000000000000000000e+00 2.204347826086955919e+01 3.059999999999997300e+01 4.425000000000000000e+01 0.000000000000000000e+00 0.000000000000000000e+00 0.000000000000000000e+00 0.000000000000000000e+00 0.000000000000000000e+00 0.000000000000000000e+00 0.000000000000000000e+00 0.000000000000000000e+00 0.000000000000000000e+00 0.000000000000000000e+00 0.000000000000000000e+00 0.000000000000000000e+00 0.000000000000000000e+00 0.000000000000000000e+00 0.000000000000000000e+00 0.000000000000000000e+00 0.000000000000000000e+00 0.000000000000000000e+00 0.000000000000000000e+00 3.250000000000000000e+01 4.249999999999997158e+01 0.000000000000000000e+00 0.000000000000000000e+00 0.000000000000000000e+00 0.000000000000000000e+00 0.000000000000000000e+00 0.000000000000000000e+00 0.000000000000000000e+00
0.000000000000000000e+00 0.000000000000000000e+00 0.000000000000000000e+00 4.829999999999999005e+01 4.145312499999999289e+01 3.533290816326529438e+01 2.757317073170730737e+01 8.714100346020760668e+00 1.106093782276389170e+01 2.035905642484589606e+01 2.477251184834122455e+01 3.406421278882319825e+01 1.189617340112389599e+01 5.919999999999996732e+01 2.362805872756931791e+01 3.193742405832320941e+01 2.895394736842105132e+01 5.169444444444443576e+01 5.148076923076921929e+01 0.000000000000000000e+00 7.111111111111111427e+01 5.579999999999997584e+01 6.449999999999998579e+01 9.049999999999995737e+01 6.789999999999997726e+01 5.711428571428569967e+01 5.035714285714284699e+01 5.287499999999999289e+01 2.661845386533665092e+01 2.852023121387281890e+01 5.168458781362005539e+01 4.924367088607593956e+01 5.099459459459459509e+01 6.046874999999998579e+01 6.510849056603773022e+01 5.670454545454543194e+01 5.613736263736262089e+01 2.122360482654599778e+01 1.804533473906167629e+01 3.783962264150942190e+01 0.000000000000000000e+00 5.271428571428570820e+01 5.328571428571427759e+01 5.123529411764704378e+01 4.465999999999999659e+01 3.750666666666666771e+01 0.000000000000000000e+00 4.999999999999997868e+01 5.579999999999997584e+01 0.000000000000000000e+00 5.375000000000001421e+01 0.000000000000000000e+00 5.513636363636361892e+01 0.000000000000000000e+00 4.561538461538459188e+01 0.000000000000000000e+00 6.800000000000000000e+01 0.000000000000000000e+00 3.511363636363636687e+01 3.454054054054054035e+01 4.749999999999996447e+01 7.049999999999992895e+01 0.000000000000000000e+00 0.000000000000000000e+00 0.000000000000000000e+00 0.000000000000000000e+00 0.000000000000000000e+00 0.000000000000000000e+00 0.000000000000000000e+00 0.000000000000000000e+00 0.000000000000000000e+00 0.000000000000000000e+00 0.000000000000000000e+00 0.000000000000000000e+00 9.449999999999994316e+01 6.875000000000000000e+01 0.000000000000000000e+00 0.000000000000000000e+00 0.000000000000000000e+00 0.000000000000000000e+00 4.749999999999997158e+01 5.783333333333332149e+01 0.000000000000000000e+00 0.000000000000000000e+00 0.000000000000000000e+00 0.000000000000000000e+00 0.000000000000000000e+00 5.100000000000001421e+01 0.000000000000000000e+00
0.000000000000000000e+00 0.000000000000000000e+00 0.000000000000000000e+00 1.010582010582010071e+01 1.386659192825111475e+01 1.768166346011542700e+01 1.460046189376442705e+01 2.089330402434899270e+01 2.035905642484589606e+01 1.275700368759975412e+01 1.613606430369939559e+01 1.594827255278310219e+01 4.053720445062585043e+01 4.683606557377047608e+01 2.529690189328742278e+01 2.562308634415185793e+01 2.369198312236285986e+01 4.867293233082705228e+01 6.532022471910111960e+01 0.000000000000000000e+00 8.616666666666667140e+01 0.000000000000000000e+00 1.025000000000000142e+02 0.000000000000000000e+00 6.550000000000001421e+01 7.300000000000000000e+01 4.649999999999993605e+01 8.899999999999998579e+01 5.081043956043954068e+01 4.911486486486484182e+01 6.526315789473682116e+01 6.198031496062989731e+01 6.464259259259256396e+01 6.653846153846153300e+01 7.226923076923075939e+01 7.531249999999997158e+01 7.188461538461534417e+01 2.454730576441101420e+01 2.751751824817516479e+01 4.317137809187277497e+01 0.000000000000000000e+00 4.323863636363635266e+01 6.924999999999997158e+01 5.394318181818179880e+01 2.996456692913383435e+01 5.206640624999998579e+01 0.000000000000000000e+00 4.849999999999995026e+01 5.499999999999998579e+01 0.000000000000000000e+00 5.099999999999996447e+01 0.000000000000000000e+00 5.035714285714281857e+01 5.200000000000002842e+01 5.139999999999996305e+01 7.674999999999998579e+01 0.000000000000000000e+00 0.000000000000000000e+00 3.496153846153844569e+01 3.249999999999999289e+01 4.708333333333332149e+01 0.000000000000000000e+00 0.000000000000000000e+00 0.000000000000000000e+00 0.000000000000000000e+00 0.000000000000000000e+00 0.000000000000000000e+00 0.000000000000000000e+00 0.000000000000000000e+00 0.000000000000000000e+00 0.000000000000000000e+00 0.000000000000000000e+00 1.225000000000000000e+02 0.000000000000000000e+00 0.000000000000000000e+00 0.000000000000000000e+00 0.000000000000000000e+00 0.000000000000000000e+00 0.000000000000000000e+00 0.000000000000000000e+00 4.554545454545451122e+01 5.668749999999995026e+01 0.000000000000000000e+00 0.000000000000000000e+00 0.000000000000000000e+00 0.000000000000000000e+00 0.000000000000000000e+00 0.000000000000000000e+00 0.000000000000000000e+00
0.000000000000000000e+00 0.000000000000000000e+00 0.000000000000000000e+00 5.274999999999998579e+01 4.658823529411763076e+01 4.388611111111109153e+01 4.549999999999998579e+01 3.162931034482756942e+01 2.477251184834122455e+01 1.613606430369939559e+01 1.307379460895975676e+01 2.285010989010988069e+01 1.544463395434269160e+01 3.687027027027026804e+01 2.731855955678669901e+01 3.638759689922478913e+01 2.185316265060239971e+01 2.809437751004015382e+01 4.460213414634146289e+01 0.000000000000000000e+00 6.034782608695650907e+01 4.999999999999998579e+01 6.349999999999999289e+01 7.099999999999998579e+01 7.349999999999998579e+01 5.353846153846154010e+01 6.808333333333332860e+01 4.539999999999999147e+01 3.077700831024930750e+01 3.557014388489208301e+01 4.600269541778975935e+01 4.465609951845907233e+01 4.356123662306777788e+01 4.822916666666667140e+01 5.637106918238993813e+01 4.962903225806451957e+01 5.255263157894736992e+01 1.987158469945354611e+01 2.282928606119474679e+01 3.210576923076923350e+01 0.000000000000000000e+00 2.890865384615384670e+01 5.132142857142856940e+01 3.966883116883115434e+01 4.592857142857143060e+01 3.567307692307691980e+01 0.000000000000000000e+00 0.000000000000000000e+00 5.499999999999998579e+01 0.000000000000000000e+00 6.399999999999997868e+01 0.000000000000000000e+00 5.241666666666660745e+01 4.919999999999995310e+01 4.897058823529408755e+01 0.000000000000000000e+00 0.000000000000000000e+00 0.000000000000000000e+00 4.299999999999998579e+01 3.708333333333332149e+01 3.016666666666665364e+01 5.449999999999998579e+01 0.000000000000000000e+00 0.000000000000000000e+00 0.000000000000000000e+00 0.000000000000000000e+00 0.000000000000000000e+00 0.000000000000000000e+00 0.000000000000000000e+00 0.000000000000000000e+00 0.000000000000000000e+00 0.000000000000000000e+00 1.575000000000000000e+02 0.000000000000000000e+00 0.000000000000000000e+00 5.949999999999995737e+01 0.000000000000000000e+00 0.000000000000000000e+00 0.000000000000000000e+00 0.000000000000000000e+00 4.949999999999996447e+01 6.025000000000000711e+01 7.999999999999995737e+01 0.000000000000000000e+00 3.899999999999998579e+01 0.000000000000000000e+00 0.000000000000000000e+00 5.799999999999993605e+01 0.000000000000000000e+00
0.000000000000000000e+00 0.000000000000000000e+00 0.000000000000000000e+00 6.479834539813854377e+00 1.599375780274655945e+01 2.431555051078318996e+01 3.055045871559631721e+01 2.568298969072164084e+01 3.406421278882319825e+01 1.594827255278310219e+01 2.285010989010988069e+01 1.659144253774440969e+01 3.047361214836942267e+01 1.371165587419056386e+01 3.169465648854960804e+01 2.805920020909564627e+01 2.027920662598080526e+01 2.391716785128484801e+01 5.875842696629212725e+01 0.000000000000000000e+00 0.000000000000000000e+00 0.000000000000000000e+00 0.000000000000000000e+00 0.000000000000000000e+00 1.275000000000000000e+02 6.391666666666665009e+01 5.366666666666665009e+01 8.599999999999995737e+01 3.829102715466351725e+01 5.405528846153845279e+01 7.067647058823527573e+01 5.926216216216213439e+01 5.887556561085970941e+01 8.324999999999998579e+01 8.478846153846151878e+01 6.350000000000000000e+01 7.211111111111111427e+01 2.502436998061477880e+01 3.084439600618757993e+01 3.898198636806230155e+01 0.000000000000000000e+00 3.296606334841629149e+01 7.474999999999998579e+01 4.494148936170211783e+01 4.104878048780486921e+01 4.343123938879456603e+01 0.000000000000000000e+00 5.591666666666665009e+01 4.687499999999997868e+01 0.000000000000000000e+00 4.799999999999997868e+01 4.774999999999994316e+01 5.261290322580641288e+01 5.193749999999995737e+01 1.729118773946359511e+01 4.889999999999999147e+01 2.562500000000000711e+01 6.749999999999990052e+01 3.390909090909088519e+01 3.369999999999998863e+01 2.935576923076922284e+01 4.719999999999996732e+01 0.000000000000000000e+00 8.849999999999991473e+01 0.000000000000000000e+00 0.000000000000000000e+00 0.000000000000000000e+00 0.000000000000000000e+00 0.000000000000000000e+00 0.000000000000000000e+00 0.000000000000000000e+00 5.900000000000002842e+01 7.000000000000000000e+01 0.000000000000000000e+00 6.700000000000002842e+01 6.089999999999997726e+01 0.000000000000000000e+00 0.000000000000000000e+00 0.000000000000000000e+00 0.000000000000000000e+00 4.112500000000000000e+01 5.680555555555551450e+01 6.100000000000000711e+01 0.000000000000000000e+00 4.275000000000001421e+01 8.899999999999995737e+01 4.949999999999995737e+01 4.871428571428571530e+01 5.574999999999998579e+01
0.000000000000000000e+00 0.000000000000000000e+00 0.000000000000000000e+00 6.799999999999997158e+01 5.571874999999997158e+01 5.320779220779218122e+01 5.699999999999999289e+01 3.796124031007750688e+01 1.189617340112389599e+01 4.053720445062585043e+01 1.544463395434269160e+01 3.047361214836942267e+01 1.347413236108547174e+01 8.520522597286085187e+00 2.488736842105263136e+01 4.890518962075846332e+01 3.574835526315788314e+01 2.197027027027026946e+01 4.192814371257485107e+01 0.000000000000000000e+00 6.254166666666666430e+01 7.800000000000000000e+01 7.349999999999997158e+01 4.624999999999996447e+01 5.237500000000000711e+01 1.576870748299319658e+01 3.853488372093023173e+01 4.467073170731708132e+01 1.574602279844669894e+01 2.419430754066042155e+01 4.427292576419213788e+01 3.243709391612522097e+01 4.003265765765765849e+01 4.983870967741935942e+01 5.582999999999999829e+01 4.903999999999999915e+01 5.470714285714285552e+01 2.440039447731755473e+01 2.443072787427626480e+01 2.922834336561110291e+01 0.000000000000000000e+00 2.736616847826087806e+01 4.209374999999999289e+01 3.706803355079217255e+01 6.489285714285712459e+01 3.613906926406926345e+01 0.000000000000000000e+00 0.000000000000000000e+00 7.999999999999991473e+01 0.000000000000000000e+00 0.000000000000000000e+00 5.499999999999995737e+01 8.549999999999998579e+01 6.499999999999997158e+01 6.173076923076921219e+01 0.000000000000000000e+00 2.899999999999997868e+01 0.000000000000000000e+00 5.879999999999999716e+01 5.037499999999996447e+01 3.543333333333331581e+01 4.285714285714284699e+01 0.000000000000000000e+00 0.000000000000000000e+00 0.000000000000000000e+00 0.000000000000000000e+00 0.000000000000000000e+00 0.000000000000000000e+00 8.199999999999998579e+01 0.000000000000000000e+00 0.000000000000000000e+00 0.000000000000000000e+00 0.000000000000000000e+00 0.000000000000000000e+00 0.000000000000000000e+00 0.000000000000000000e+00 0.000000000000000000e+00 0.000000000000000000e+00 0.000000000000000000e+00 0.000000000000000000e+00 4.437499999999997158e+01 5.774999999999995737e+01 6.083333333333330728e+01 0.000000000000000000e+00 5.140000000000001279e+01 6.499999999999997158e+01 6.349999999999994316e+01 0.000000000000000000e+00 0.000000000000000000e+00
0.000000000000000000e+00 0.000000000000000000e+00 0.000000000000000000e+00 0.000000000000000000e+00 6.599999999999997158e+01 6.799999999999997158e+01 6.699999999999995737e+01 0.000000000000000000e+00 5.919999999999996732e+01 4.683606557377047608e+01 3.687027027027026804e+01 1.371165587419056386e+01 8.520522597286085187e+00 9.976564774381365908e+00 2.668918918918918592e+01 4.951408450704224151e+01 3.580681818181815856e+01 9.950354609929076943e+00 3.233928571428571530e+01 0.000000000000000000e+00 5.000000000000000000e+01 0.000000000000000000e+00 0.000000000000000000e+00 6.150000000000001421e+01 5.200000000000001421e+01 4.766666666666665719e+01 3.999999999999999289e+01 0.000000000000000000e+00 1.098335542789807029e+01 3.231666666666666998e+01 6.183333333333331439e+01 1.706088992974238749e+01 1.584756097560975618e+01 4.724999999999999289e+01 6.119999999999998863e+01 0.000000000000000000e+00 0.000000000000000000e+00 3.631249999999999289e+01 4.222222222222222143e+01 4.209756097560975263e+01 0.000000000000000000e+00 3.550000000000000000e+01 5.299999999999995026e+01 4.441935483870967971e+01 7.110000000000002274e+01 4.045522388059701768e+01 0.000000000000000000e+00 0.000000000000000000e+00 8.850000000000000000e+01 0.000000000000000000e+00 0.000000000000000000e+00 0.000000000000000000e+00 0.000000000000000000e+00 0.000000000000000000e+00 0.000000000000000000e+00 0.000000000000000000e+00 0.000000000000000000e+00 0.000000000000000000e+00 5.199999999999997158e+01 4.166666666666660745e+01 0.000000000000000000e+00 0.000000000000000000e+00 0.000000000000000000e+00 0.000000000000000000e+00 0.000000000000000000e+00 0.000000000000000000e+00 0.000000000000000000e+00 0.000000000000000000e+00 0.000000000000000000e+00 0.000000000000000000e+00 0.000000000000000000e+00 0.000000000000000000e+00 0.000000000000000000e+00 0.000000000000000000e+00 0.000000000000000000e+00 0.000000000000000000e+00 0.000000000000000000e+00 0.000000000000000000e+00 0.000000000000000000e+00 0.000000000000000000e+00 0.000000000000000000e+00 4.400000000000000000e+01 0.000000000000000000e+00 0.000000000000000000e+00 6.100000000000002132e+01 0.000000000000000000e+00 7.299999999999998579e+01 8.700000000000000000e+01 0.000000000000000000e+00
0.000000000000000000e+00 0.000000000000000000e+00 0.000000000000000000e+00 3.799999999999998579e+01 2.273684210526314331e+01 1.819749216300940020e+01 2.223684210526314686e+01 3.270854271356782306e+01 2.362805872756931791e+01 2.529690189328742278e+01 2.731855955678669901e+01 3.169465648854960804e+01 2.488736842105263136e+01 2.668918918918918592e+01 1.126691691183929933e+01 3.122897196261681430e+01 2.979629629629628695e+01 2.182075471698113134e+01 3.171120689655171532e+01 1.515909090909090473e+01 3.345987654320986593e+01 3.063333333333331865e+01 2.329511677282377846e+01 1.533061889250813437e+01 2.099509803921568007e+01 1.870375335120642646e+01 1.508225108225108002e+01 2.585544217687074209e+01 2.088323353293413120e+01 2.383731688511950253e+01 3.968194254445963765e+01 3.175032873109795162e+01 3.865299684542585368e+01 4.896153846153844569e+01 4.962468513853902152e+01 4.050537634408600951e+01 5.313461538461536549e+01 2.420333333333332959e+01 8.100367745986185142e+00 1.446963123644251681e+01 0.000000000000000000e+00 2.178855140186915307e+01 1.288474576271186400e+01 1.312023460410557263e+01 3.742857142857140218e+01 2.118289473684210122e+01 0.000000000000000000e+00 0.000000000000000000e+00 8.799999999999988631e+01 0.000000000000000000e+00 0.000000000000000000e+00 0.000000000000000000e+00 0.000000000000000000e+00 4.499999999999999289e+01 4.774999999999998579e+01 3.849999999999996447e+01 0.000000000000000000e+00 0.000000000000000000e+00 5.624999999999995737e+01 4.709999999999998010e+01 3.229999999999999005e+01 3.849999999999997158e+01 5.799999999999995737e+01 0.000000000000000000e+00 0.000000000000000000e+00 0.000000000000000000e+00 0.000000000000000000e+00 0.000000000000000000e+00 6.099999999999997158e+01 0.000000000000000000e+00 0.000000000000000000e+00 0.000000000000000000e+00 4.174999999999997158e+01 0.000000000000000000e+00 5.900000000000000000e+01 3.533333333333331439e+01 0.000000000000000000e+00 0.000000000000000000e+00 0.000000000000000000e+00 3.849999999999996447e+01 3.650000000000000000e+01 0.000000000000000000e+00 0.000000000000000000e+00 0.000000000000000000e+00 3.116666666666664298e+01 0.000000000000000000e+00 0.000000000000000000e+00 0.000000000000000000e+00 0.000000000000000000e+00
0.000000000000000000e+00 0.000000000000000000e+00 0.000000000000000000e+00 2.978571428571423851e+01 1.309293680297397167e+01 2.055329949238577569e+01 2.700000000000000000e+01 1.959939759036144125e+01 3.193742405832320941e+01 2.562308634415185793e+01 3.638759689922478913e+01 2.805920020909564627e+01 4.890518962075846332e+01 4.951408450704224151e+01 3.122897196261681430e+01 7.255437813720018170e+00 1.144660475914102804e+01 3.720956454121303381e+01 5.756393678160917204e+01 0.000000000000000000e+00 1.020000000000000284e+02 0.000000000000000000e+00 0.000000000000000000e+00 0.000000000000000000e+00 0.000000000000000000e+00 7.674999999999997158e+01 7.179999999999998295e+01 0.000000000000000000e+00 6.123109243697477666e+01 6.393548387096771535e+01 8.286666666666664582e+01 6.825221238938050305e+01 5.811458333333330017e+01 0.000000000000000000e+00 9.318181818181815856e+01 8.949999999999998579e+01 0.000000000000000000e+00 1.454315605928508148e+01 2.523510558069379428e+01 4.152813852813851270e+01 0.000000000000000000e+00 4.542857142857142350e+01 7.766666666666664298e+01 5.706896551724136657e+01 9.319204152249126238e+00 5.460655737704915680e+01 0.000000000000000000e+00 2.941666666666665719e+01 3.262499999999997158e+01 0.000000000000000000e+00 2.849999999999993250e+01 4.566666666666663588e+01 3.528947368421049902e+01 0.000000000000000000e+00 4.059999999999995879e+01 6.174999999999997158e+01 4.374999999999997868e+01 0.000000000000000000e+00 1.445348837209301252e+01 1.900735294117646745e+01 3.743103448275859080e+01 4.877272727272725916e+01 0.000000000000000000e+00 0.000000000000000000e+00 0.000000000000000000e+00 0.000000000000000000e+00 0.000000000000000000e+00 0.000000000000000000e+00 0.000000000000000000e+00 0.000000000000000000e+00 0.000000000000000000e+00 6.299999999999995026e+01 7.299999999999987210e+01 1.009999999999999716e+02 6.149999999999998579e+01 5.418181818181817988e+01 0.000000000000000000e+00 0.000000000000000000e+00 0.000000000000000000e+00 0.000000000000000000e+00 2.319999999999997087e+01 3.454999999999999005e+01 4.999999999999998579e+01 0.000000000000000000e+00 7.099999999999995737e+01 0.000000000000000000e+00 0.000000000000000000e+00 2.258333333333334281e+01 2.749999999999995737e+01
0.000000000000000000e+00 0.000000000000000000e+00 0.000000000000000000e+00 0.000000000000000000e+00 3.799999999999997868e+01 3.930555555555554292e+01 0.000000000000000000e+00 2.256382978723403454e+01 2.895394736842105132e+01 2.369198312236285986e+01 2.185316265060239971e+01 2.027920662598080526e+01 3.574835526315788314e+01 3.580681818181815856e+01 2.979629629629628695e+01 1.144660475914102804e+01 8.273354809019785705e+00 1.590655105973023709e+01 4.579464285714283989e+01 0.000000000000000000e+00 0.000000000000000000e+00 0.000000000000000000e+00 0.000000000000000000e+00 0.000000000000000000e+00 0.000000000000000000e+00 6.599999999999997158e+01 0.000000000000000000e+00 9.499999999999998579e+01 5.167499999999997584e+01 5.429411764705881183e+01 6.933333333333332860e+01 5.672815533980580938e+01 4.934210526315787604e+01 0.000000000000000000e+00 7.699999999999997158e+01 6.700000000000000000e+01 0.000000000000000000e+00 2.306185567010308191e+01 2.891666666666665364e+01 3.614285714285714590e+01 0.000000000000000000e+00 3.533333333333330728e+01 6.400000000000001421e+01 4.799999999999998579e+01 2.966666666666666785e+01 4.704999999999998295e+01 0.000000000000000000e+00 2.299999999999998579e+01 4.066666666666667851e+01 0.000000000000000000e+00 3.299999999999995026e+01 2.999999999999997158e+01 2.797777777777775654e+01 3.180769230769228528e+01 2.455940594059403992e+01 4.689999999999997726e+01 0.000000000000000000e+00 4.600000000000001421e+01 2.010576923076922284e+01 1.157142857142856762e+01 1.458219178082191192e+01 2.905555555555554292e+01 0.000000000000000000e+00 0.000000000000000000e+00 0.000000000000000000e+00 0.000000000000000000e+00 0.000000000000000000e+00 0.000000000000000000e+00 0.000000000000000000e+00 0.000000000000000000e+00 0.000000000000000000e+00 6.233333333333330728e+01 5.350000000000000000e+01 0.000000000000000000e+00 5.616666666666665009e+01 3.158333333333331794e+01 0.000000000000000000e+00 0.000000000000000000e+00 0.000000000000000000e+00 0.000000000000000000e+00 1.957142857142855874e+01 3.313333333333331865e+01 2.799999999999996803e+01 0.000000000000000000e+00 0.000000000000000000e+00 4.900000000000002842e+01 0.000000000000000000e+00 2.625000000000001066e+01 0.000000000000000000e+00
