0.000000000000000000e+00 0.000000000000000000e+00 0.000000000000000000e+00 0.000000000000000000e+00 0.000000000000000000e+00 0.000000000000000000e+00 0.000000000000000000e+00 0.000000000000000000e+00 0.000000000000000000e+00 0.000000000000000000e+00 0.000000000000000000e+00 0.000000000000000000e+00 0.000000000000000000e+00 0.000000000000000000e+00 0.000000000000000000e+00 0.000000000000000000e+00 0.000000000000000000e+00 0.000000000000000000e+00 0.000000000000000000e+00 0.000000000000000000e+00 0.000000000000000000e+00 0.000000000000000000e+00 0.000000000000000000e+00 0.000000000000000000e+00 0.000000000000000000e+00 0.000000000000000000e+00 0.000000000000000000e+00 0.000000000000000000e+00 0.000000000000000000e+00 0.000000000000000000e+00 0.000000000000000000e+00 0.000000000000000000e+00 0.000000000000000000e+00 0.000000000000000000e+00 0.000000000000000000e+00 0.000000000000000000e+00 0.000000000000000000e+00 0.000000000000000000e+00 0.000000000000000000e+00 0.000000000000000000e+00 0.000000000000000000e+00 0.000000000000000000e+00 0.000000000000000000e+00 0.000000000000000000e+00 0.000000000000000000e+00 0.000000000000000000e+00 0.000000000000000000e+00 0.000000000000000000e+00 0.000000000000000000e+00 0.000000000000000000e+00 0.000000000000000000e+00 0.000000000000000000e+00 0.000000000000000000e+00 0.000000000000000000e+00 0.000000000000000000e+00 0.000000000000000000e+00 0.000000000000000000e+00 0.000000000000000000e+00 0.000000000000000000e+00 0.000000000000000000e+00 0.000000000000000000e+00 0.000000000000000000e+00 0.000000000000000000e+00 0.000000000000000000e+00 0.000000000000000000e+00 0.000000000000000000e+00 0.000000000000000000e+00 0.000000000000000000e+00 0.000000000000000000e+00 0.000000000000000000e+00 0.000000000000000000e+00 0.000000000000000000e+00 0.000000000000000000e+00 0.000000000000000000e+00 0.000000000000000000e+00 0.000000000000000000e+00 0.000000000000000000e+00 0.000000000000000000e+00 0.000000000000000000e+00 0.000000000000000000e+00 0.000000000000000000e+00 0.000000000000000000e+00 0.000000000000000000e+00 0.000000000000000000e+00 0.000000000000000000e+00 0.000000000000000000e+00 0.000000000000000000e+00 0.000000000000000000e+00 0.000000000000000000e+00
0.000000000000000000e+00 0.000000000000000000e+00 0.000000000000000000e+00 0.000000000000000000e+00 0.000000000000000000e+00 0.000000000000000000e+00 0.000000000000000000e+00 0.000000000000000000e+00 0.000000000000000000e+00 0.000000000000000000e+00 0.000000000000000000e+00 0.000000000000000000e+00 0.000000000000000000e+00 0.000000000000000000e+00 0.000000000000000000e+00 0.000000000000000000e+00 0.000000000000000000e+00 0.000000000000000000e+00 0.000000000000000000e+00 0.000000000000000000e+00 0.000000000000000000e+00 0.000000000000000000e+00 0.000000000000000000e+00 0.000000000000000000e+00 0.000000000000000000e+00 0.000000000000000000e+00 0.000000000000000000e+00 0.000000000000000000e+00 0.000000000000000000e+00 0.000000000000000000e+00 0.000000000000000000e+00 0.000000000000000000e+00 0.000000000000000000e+00 0.000000000000000000e+00 0.000000000000000000e+00 0.000000000000000000e+00 0.000000000000000000e+00 0.000000000000000000e+00 0.000000000000000000e+00 0.000000000000000000e+00 0.000000000000000000e+00 0.000000000000000000e+00 0.000000000000000000e+00 0.000000000000000000e+00 0.000000000000000000e+00 0.000000000000000000e+00 0.000000000000000000e+00 0.000000000000000000e+00 0.000000000000000000e+00 0.000000000000000000e+00 0.000000000000000000e+00 0.000000000000000000e+00 0.000000000000000000e+00 0.000000000000000000e+00 0.000000000000000000e+00 0.000000000000000000e+00 0.000000000000000000e+00 0.000000000000000000e+00 0.000000000000000000e+00 0.000000000000000000e+00 0.000000000000000000e+00 0.000000000000000000e+00 0.000000000000000000e+00 0.000000000000000000e+00 0.000000000000000000e+00 0.000000000000000000e+00 0.000000000000000000e+00 0.000000000000000000e+00 0.000000000000000000e+00 0.000000000000000000e+00 0.000000000000000000e+00 0.000000000000000000e+00 0.000000000000000000e+00 0.000000000000000000e+00 0.000000000000000000e+00 0.000000000000000000e+00 0.000000000000000000e+00 0.000000000000000000e+00 0.000000000000000000e+00 0.000000000000000000e+00 0.000000000000000000e+00 0.000000000000000000e+00 0.000000000000000000e+00 0.000000000000000000e+00 0.000000000000000000e+00 0.000000000000000000e+00 0.000000000000000000e+00 0.000000000000000000e+00 0.000000000000000000e+00
0.000000000000000000e+00 0.000000000000000000e+00 0.000000000000000000e+00 0.000000000000000000e+00 0.000000000000000000e+00 0.000000000000000000e+00 0.000000000000000000e+00 0.000000000000000000e+00 0.000000000000000000e+00 0.000000000000000000e+00 0.000000000000000000e+00 0.000000000000000000e+00 0.000000000000000000e+00 0.000000000000000000e+00 0.000000000000000000e+00 0.000000000000000000e+00 0.000000000000000000e+00 0.000000000000000000e+00 0.000000000000000000e+00 0.000000000000000000e+00 0.000000000000000000e+00 0.000000000000000000e+00 0.000000000000000000e+00 0.000000000000000000e+00 0.000000000000000000e+00 0.000000000000000000e+00 0.000000000000000000e+00 0.000000000000000000e+00 0.000000000000000000e+00 0.000000000000000000e+00 0.000000000000000000e+00 0.000000000000000000e+00 0.000000000000000000e+00 0.000000000000000000e+00 0.000000000000000000e+00 0.000000000000000000e+00 0.000000000000000000e+00 0.000000000000000000e+00 0.000000000000000000e+00 0.000000000000000000e+00 0.000000000000000000e+00 0.000000000000000000e+00 0.000000000000000000e+00 0.000000000000000000e+00 0.000000000000000000e+00 0.000000000000000000e+00 0.000000000000000000e+00 0.000000000000000000e+00 0.000000000000000000e+00 0.000000000000000000e+00 0.000000000000000000e+00 0.000000000000000000e+00 0.000000000000000000e+00 0.000000000000000000e+00 0.000000000000000000e+00 0.000000000000000000e+00 0.000000000000000000e+00 0.000000000000000000e+00 0.000000000000000000e+00 0.000000000000000000e+00 0.000000000000000000e+00 0.000000000000000000e+00 0.000000000000000000e+00 0.000000000000000000e+00 0.000000000000000000e+00 0.000000000000000000e+00 0.000000000000000000e+00 0.000000000000000000e+00 0.000000000000000000e+00 0.000000000000000000e+00 0.000000000000000000e+00 0.000000000000000000e+00 0.000000000000000000e+00 0.000000000000000000e+00 0.000000000000000000e+00 0.000000000000000000e+00 0.000000000000000000e+00 0.000000000000000000e+00 0.000000000000000000e+00 0.000000000000000000e+00 0.000000000000000000e+00 0.000000000000000000e+00 0.000000000000000000e+00 0.000000000000000000e+00 0.000000000000000000e+00 0.000000000000000000e+00 0.000000000000000000e+00 0.000000000000000000e+00 0.000000000000000000e+00
0.000000000000000000e+00 0.000000000000000000e+00 0.000000000000000000e+00 3.944012441679624725e+00 6.021010789324244605e+00 1.059259259259258457e+01 3.300000000000000711e+01 3.073529411764704022e+01 4.537499999999999289e+01 9.915789473684204935e+00 4.683333333333329307e+01 5.943140132061627057e+00 0.000000000000000000e+00 0.000000000000000000e+00 3.600000000000000000e+01 3.408333333333333570e+01 2.950000000000001421e+01 5.149999999999997158e+01 7.799999999999997158e+01 0.000000000000000000e+00 0.000000000000000000e+00 0.000000000000000000e+00 0.000000000000000000e+00 0.000000000000000000e+00 0.000000000000000000e+00 0.000000000000000000e+00 0.000000000000000000e+00 0.000000000000000000e+00 0.000000000000000000e+00 0.000000000000000000e+00 0.000000000000000000e+00 8.149999999999997158e+01 0.000000000000000000e+00 0.000000000000000000e+00 0.000000000000000000e+00 0.000000000000000000e+00 0.000000000000000000e+00 2.769047619047615783e+01 3.162295081967210209e+01 0.000000000000000000e+00 0.000000000000000000e+00 0.000000000000000000e+00 5.149999999999991473e+01 0.000000000000000000e+00 3.458333333333330728e+01 0.000000000000000000e+00 0.000000000000000000e+00 0.000000000000000000e+00 0.000000000000000000e+00 0.000000000000000000e+00 0.000000000000000000e+00 7.099999999999992895e+01 0.000000000000000000e+00 0.000000000000000000e+00 0.000000000000000000e+00 0.000000000000000000e+00 0.000000000000000000e+00 0.000000000000000000e+00 4.449999999999997158e+01 4.199999999999996447e+01 0.000000000000000000e+00 0.000000000000000000e+00 0.000000000000000000e+00 0.000000000000000000e+00 0.000000000000000000e+00 0.000000000000000000e+00 0.000000000000000000e+00 0.000000000000000000e+00 0.000000000000000000e+00 0.000000000000000000e+00 0.000000000000000000e+00 0.000000000000000000e+00 0.000000000000000000e+00 0.000000000000000000e+00 0.000000000000000000e+00 0.000000000000000000e+00 0.000000000000000000e+00 0.000000000000000000e+00 0.000000000000000000e+00 0.000000000000000000e+00 0.000000000000000000e+00 0.000000000000000000e+00 0.000000000000000000e+00 0.000000000000000000e+00 0.000000000000000000e+00 0.000000000000000000e+00 0.000000000000000000e+00 0.000000000000000000e+00 0.000000000000000000e+00
0.000000000000000000e+00 0.000000000000000000e+00 0.000000000000000000e+00 6.021010789324244605e+00 9.259119156984592536e+00 9.656436363636359488e+00 2.494897959183672143e+01 2.338970588235292425e+01 3.865909090909089230e+01 1.407178464606180945e+01 4.264473684210523885e+01 1.359918754231549975e+01 6.279999999999996874e+01 6.374999999999999289e+01 2.387499999999998934e+01 1.231326530612244241e+01 2.576470588235293491e+01 4.827499999999997726e+01 6.249999999999994316e+01 0.000000000000000000e+00 0.000000000000000000e+00 0.000000000000000000e+00 0.000000000000000000e+00 4.149999999999994316e+01 4.049999999999995737e+01 5.883333333333332149e+01 0.000000000000000000e+00 0.000000000000000000e+00 6.687499999999997158e+01 7.674999999999997158e+01 8.750000000000000000e+01 8.031481481481479534e+01 7.549999999999997158e+01 0.000000000000000000e+00 0.000000000000000000e+00 0.000000000000000000e+00 0.000000000000000000e+00 1.205886699507388649e+01 1.986282410651715580e+01 3.252631578947367075e+01 0.000000000000000000e+00 5.809999999999998721e+01 4.130000000000001137e+01 3.363636363636362603e+01 6.121158690176319972e+00 3.134999999999998721e+01 0.000000000000000000e+00 0.000000000000000000e+00 0.000000000000000000e+00 0.000000000000000000e+00 0.000000000000000000e+00 0.000000000000000000e+00 5.049999999999995737e+01 0.000000000000000000e+00 0.000000000000000000e+00 0.000000000000000000e+00 0.000000000000000000e+00 0.000000000000000000e+00 2.324999999999998579e+01 3.310000000000000853e+01 4.899999999999995026e+01 0.000000000000000000e+00 0.000000000000000000e+00 0.000000000000000000e+00 0.000000000000000000e+00 0.000000000000000000e+00 0.000000000000000000e+00 0.000000000000000000e+00 0.000000000000000000e+00 0.000000000000000000e+00 0.000000000000000000e+00 0.000000000000000000e+00 0.000000000000000000e+00 0.000000000000000000e+00 0.000000000000000000e+00 0.000000000000000000e+00 0.000000000000000000e+00 0.000000000000000000e+00 0.000000000000000000e+00 0.000000000000000000e+00 1.911538461538459899e+01 0.000000000000000000e+00 0.000000000000000000e+00 0.000000000000000000e+00 0.000000000000000000e+00 0.000000000000000000e+00 0.000000000000000000e+00 0.000000000000000000e+00 6.999999999999981348e+00
0.000000000000000000e+00 0.000000000000000000e+00 0.000000000000000000e+00 1.059259259259258457e+01 9.656436363636359488e+00 1.389329473809428706e+01 9.471182510765149942e+00 1.347320908561443531e+01 2.942938931297708649e+01 1.632819094746033173e+01 4.225438596491226662e+01 2.416191275167784269e+01 5.571052631578943704e+01 8.174999999999998579e+01 2.186558044806516321e+01 2.022249190938510210e+01 3.554999999999998295e+01 5.967647058823526152e+01 7.044117647058820353e+01 3.012499999999997868e+01 3.311111111111109295e+01 0.000000000000000000e+00 4.360000000000000142e+01 3.912499999999996447e+01 4.099999999999999289e+01 3.849999999999997868e+01 6.266666666666662167e+01 0.000000000000000000e+00 6.699999999999997158e+01 6.414705882352939170e+01 6.271428571428570820e+01 8.159027777777775725e+01 7.543548387096772956e+01 0.000000000000000000e+00 8.266666666666665719e+01 0.000000000000000000e+00 7.283333333333331439e+01 1.631316725978646787e+01 1.947094903004943589e+01 2.573529411764704022e+01 0.000000000000000000e+00 3.889999999999997016e+01 3.444736842105261587e+01 2.368831168831167489e+01 1.524999999999999289e+01 3.770833333333331439e+01 0.000000000000000000e+00 5.549999999999995026e+01 0.000000000000000000e+00 0.000000000000000000e+00 0.000000000000000000e+00 0.000000000000000000e+00 0.000000000000000000e+00 0.000000000000000000e+00 5.550000000000000000e+01 0.000000000000000000e+00 0.000000000000000000e+00 0.000000000000000000e+00 4.591666666666665009e+01 4.012499999999995737e+01 0.000000000000000000e+00 0.000000000000000000e+00 0.000000000000000000e+00 0.000000000000000000e+00 0.000000000000000000e+00 0.000000000000000000e+00 0.000000000000000000e+00 0.000000000000000000e+00 0.000000000000000000e+00 0.000000000000000000e+00 0.000000000000000000e+00 7.849999999999998579e+01 0.000000000000000000e+00 0.000000000000000000e+00 0.000000000000000000e+00 0.000000000000000000e+00 0.000000000000000000e+00 0.000000000000000000e+00 0.000000000000000000e+00 0.000000000000000000e+00 2.733333333333330373e+01 5.812499999999994316e+01 0.000000000000000000e+00 0.000000000000000000e+00 0.000000000000000000e+00 0.000000000000000000e+00 0.000000000000000000e+00 5.649999999999995026e+01 0.000000000000000000e+00
0.000000000000000000e+00 0.000000000000000000e+00 0.000000000000000000e+00 3.300000000000000711e+01 2.494897959183672143e+01 9.471182510765149942e+00 8.170528683914508150e+00 7.827928994082836489e+00 2.209999999999998010e+01 1.037736900780378591e+01 4.633333333333331439e+01 3.099999999999998579e+01 4.300000000000001421e+01 0.000000000000000000e+00 2.844444444444442510e+01 2.578571428571426694e+01 0.000000000000000000e+00 0.000000000000000000e+00 0.000000000000000000e+00 0.000000000000000000e+00 0.000000000000000000e+00 0.000000000000000000e+00 0.000000000000000000e+00 0.000000000000000000e+00 0.000000000000000000e+00 3.500000000000002842e+01 0.000000000000000000e+00 0.000000000000000000e+00 0.000000000000000000e+00 3.899999999999992895e+01 5.999999999999995737e+01 7.499999999999992895e+01 7.449999999999998579e+01 0.000000000000000000e+00 0.000000000000000000e+00 0.000000000000000000e+00 0.000000000000000000e+00 2.842857142857140573e+01 2.475675675675673659e+01 2.674999999999999289e+01 0.000000000000000000e+00 4.799999999999997158e+01 0.000000000000000000e+00 2.699999999999997158e+01 2.649999999999995381e+01 0.000000000000000000e+00 0.000000000000000000e+00 0.000000000000000000e+00 0.000000000000000000e+00 0.000000000000000000e+00 0.000000000000000000e+00 0.000000000000000000e+00 0.000000000000000000e+00 0.000000000000000000e+00 0.000000000000000000e+00 0.000000000000000000e+00 0.000000000000000000e+00 0.000000000000000000e+00 0.000000000000000000e+00 0.000000000000000000e+00 0.000000000000000000e+00 0.000000000000000000e+00 0.000000000000000000e+00 0.000000000000000000e+00 0.000000000000000000e+00 0.000000000000000000e+00 0.000000000000000000e+00 0.000000000000000000e+00 0.000000000000000000e+00 0.000000000000000000e+00 0.000000000000000000e+00 0.000000000000000000e+00 0.000000000000000000e+00 0.000000000000000000e+00 0.000000000000000000e+00 0.000000000000000000e+00 0.000000000000000000e+00 0.000000000000000000e+00 0.000000000000000000e+00 0.000000000000000000e+00 0.000000000000000000e+00 0.000000000000000000e+00 0.000000000000000000e+00 0.000000000000000000e+00 0.000000000000000000e+00 0.000000000000000000e+00 0.000000000000000000e+00 0.000000000000000000e+00 0.000000000000000000e+00
0.000000000000000000e+00 0.000000000000000000e+00 0.000000000000000000e+00 3.073529411764704022e+01 2.338970588235292425e+01 1.347320908561443531e+01 7.827928994082836489e+00 8.277777777777775015e+00 9.279586248859139630e+00 1.665992689056430720e+01 2.536280487804877026e+01 2.146247113163970965e+01 3.409090909090908639e+01 0.000000000000000000e+00 3.013052208835340551e+01 2.094537815126048841e+01 3.116666666666665009e+01 4.929999999999999716e+01 5.987234042553191671e+01 0.000000000000000000e+00 6.999999999999995737e+01 6.349999999999999289e+01 7.875000000000000000e+01 0.000000000000000000e+00 6.325000000000000000e+01 6.566666666666664298e+01 0.000000000000000000e+00 6.016666666666662877e+01 4.566176470588232661e+01 4.104827586206895518e+01 5.720833333333332149e+01 6.572193877551018204e+01 5.990948275862068328e+01 0.000000000000000000e+00 7.227500000000000568e+01 6.799999999999997158e+01 6.674999999999998579e+01 2.380487804878046987e+01 2.396190476190474428e+01 5.375000000000000711e+01 0.000000000000000000e+00 8.199999999999994316e+01 6.466666666666664298e+01 3.449999999999993605e+01 2.387499999999998579e+01 6.874999999999997158e+01 0.000000000000000000e+00 0.000000000000000000e+00 0.000000000000000000e+00 0.000000000000000000e+00 0.000000000000000000e+00 0.000000000000000000e+00 0.000000000000000000e+00 0.000000000000000000e+00 0.000000000000000000e+00 0.000000000000000000e+00 0.000000000000000000e+00 0.000000000000000000e+00 0.000000000000000000e+00 3.399999999999996447e+01 0.000000000000000000e+00 0.000000000000000000e+00 0.000000000000000000e+00 0.000000000000000000e+00 0.000000000000000000e+00 0.000000000000000000e+00 0.000000000000000000e+00 0.000000000000000000e+00 0.000000000000000000e+00 0.000000000000000000e+00 0.000000000000000000e+00 0.000000000000000000e+00 0.000000000000000000e+00 0.000000000000000000e+00 0.000000000000000000e+00 0.000000000000000000e+00 0.000000000000000000e+00 0.000000000000000000e+00 0.000000000000000000e+00 0.000000000000000000e+00 0.000000000000000000e+00 3.600000000000000711e+01 0.000000000000000000e+00 0.000000000000000000e+00 0.000000000000000000e+00 0.000000000000000000e+00 0.000000000000000000e+00 0.000000000000000000e+00 0.000000000000000000e+00
0.000000000000000000e+00 0.000000000000000000e+00 0.000000000000000000e+00 4.537499999999999289e+01 3.865909090909089230e+01 2.942938931297708649e+01 2.209999999999998010e+01 9.279586248859139630e+00 1.232066094365196918e+01 1.918793706293706336e+01 2.704400000000000048e+01 2.972944162436547444e+01 1.034957805907172990e+01 5.239999999999997726e+01 2.355305232558138684e+01 3.382225063938618348e+01 2.487435897435896948e+01 4.504347826086954854e+01 4.944230769230769340e+01 7.583333333333332860e+01 6.615853658536585158e+01 6.249999999999999289e+01 7.472222222222220012e+01 8.205555555555551450e+01 6.984210526315787604e+01 5.485499999999998266e+01 4.821428571428570820e+01 4.857236842105262298e+01 2.626592082616178203e+01 3.298346424142206246e+01 4.998854447439352811e+01 5.330611010284331286e+01 5.024687500000000284e+01 6.163157894736841058e+01 6.399307159353348595e+01 6.579166666666667140e+01 6.021835443037973334e+01 1.973444206008583635e+01 1.612935323383084452e+01 2.998936170212765973e+01 0.000000000000000000e+00 5.138461538461536549e+01 6.109259259259257391e+01 4.335294117647058698e+01 4.637499999999998579e+01 3.301136363636363313e+01 0.000000000000000000e+00 0.000000000000000000e+00 0.000000000000000000e+00 0.000000000000000000e+00 0.000000000000000000e+00 4.349999999999997158e+01 5.045833333333329307e+01 5.316666666666665009e+01 4.154999999999996163e+01 0.000000000000000000e+00 0.000000000000000000e+00 0.000000000000000000e+00 4.041176470588234082e+01 3.017567567567566300e+01 4.674999999999995737e+01 5.700000000000001421e+01 0.000000000000000000e+00 0.000000000000000000e+00 0.000000000000000000e+00 0.000000000000000000e+00 0.000000000000000000e+00 0.000000000000000000e+00 0.000000000000000000e+00 0.000000000000000000e+00 0.000000000000000000e+00 0.000000000000000000e+00 0.000000000000000000e+00 0.000000000000000000e+00 0.000000000000000000e+00 0.000000000000000000e+00 0.000000000000000000e+00 0.000000000000000000e+00 0.000000000000000000e+00 0.000000000000000000e+00 4.787499999999996447e+01 5.406249999999998579e+01 5.000000000000002132e+01 0.000000000000000000e+00 0.000000000000000000e+00 0.000000000000000000e+00 0.000000000000000000e+00 0.000000000000000000e+00 0.000000000000000000e+00
0.000000000000000000e+00 0.000000000000000000e+00 0.000000000000000000e+00 9.915789473684204935e+00 1.407178464606180945e+01 1.632819094746033173e+01 1.037736900780378591e+01 1.665992689056430720e+01 1.918793706293706336e+01 1.282067226243647085e+01 1.912602535421326522e+01 1.579410789757188383e+01 4.792012779552713653e+01 5.369696969696967415e+01 2.145056179775279759e+01 2.339640950994661850e+01 2.178160328879751972e+01 4.753030303030300274e+01 6.375661375661373853e+01 8.099999999999995737e+01 8.320000000000001705e+01 0.000000000000000000e+00 0.000000000000000000e+00 7.049999999999997158e+01 0.000000000000000000e+00 7.494999999999997442e+01 6.849999999999994316e+01 7.583333333333332860e+01 5.656410256410254078e+01 6.263333333333331154e+01 6.690277777777775725e+01 6.888695376820770377e+01 6.570723684210524596e+01 6.199999999999996447e+01 8.442307692307690559e+01 7.400000000000004263e+01 0.000000000000000000e+00 2.054517543859648043e+01 2.637957762300604614e+01 4.216666666666665719e+01 0.000000000000000000e+00 5.608333333333331439e+01 7.324999999999994316e+01 6.518749999999998579e+01 3.058571428571426054e+01 5.111999999999998323e+01 0.000000000000000000e+00 0.000000000000000000e+00 5.999999999999997158e+01 0.000000000000000000e+00 7.049999999999995737e+01 4.924999999999996447e+01 5.025999999999996248e+01 6.299999999999997158e+01 4.511999999999996191e+01 0.000000000000000000e+00 0.000000000000000000e+00 5.349999999999997158e+01 3.052777777777776436e+01 2.806578947368419819e+01 2.849999999999998224e+01 0.000000000000000000e+00 0.000000000000000000e+00 0.000000000000000000e+00 0.000000000000000000e+00 0.000000000000000000e+00 0.000000000000000000e+00 0.000000000000000000e+00 0.000000000000000000e+00 0.000000000000000000e+00 0.000000000000000000e+00 0.000000000000000000e+00 0.000000000000000000e+00 0.000000000000000000e+00 0.000000000000000000e+00 0.000000000000000000e+00 0.000000000000000000e+00 0.000000000000000000e+00 0.000000000000000000e+00 0.000000000000000000e+00 4.621428571428571530e+01 5.095454545454543194e+01 0.000000000000000000e+00 0.000000000000000000e+00 0.000000000000000000e+00 0.000000000000000000e+00 0.000000000000000000e+00 0.000000000000000000e+00 0.000000000000000000e+00
0.000000000000000000e+00 0.000000000000000000e+00 0.000000000000000000e+00 4.683333333333329307e+01 4.264473684210523885e+01 4.225438596491226662e+01 4.633333333333331439e+01 2.536280487804877026e+01 2.704400000000000048e+01 1.912602535421326522e+01 1.367573601227849878e+01 2.364991455647039942e+01 1.488579287251853600e+01 4.154999999999999005e+01 2.445687984496123946e+01 3.879508196721310043e+01 2.555947955390334059e+01 2.745934959349592930e+01 4.757361963190182763e+01 5.350000000000000000e+01 6.218888888888887578e+01 7.899999999999995737e+01 6.829999999999999716e+01 7.849999999999998579e+01 6.322222222222220722e+01 4.753289473684210265e+01 4.479999999999999716e+01 4.769402985074626145e+01 3.092832861189801719e+01 3.372989510489510678e+01 4.144588045234248597e+01 4.339001189060642361e+01 4.476183644189383415e+01 5.071153846153845990e+01 5.411306532663316915e+01 5.468421052631578760e+01 6.041935483870967971e+01 1.873397435897435059e+01 2.172527722922679772e+01 2.691445427728613637e+01 0.000000000000000000e+00 2.776896551724138007e+01 6.559999999999999432e+01 3.801388888888888573e+01 4.949999999999997868e+01 3.394510385756676385e+01 0.000000000000000000e+00 0.000000000000000000e+00 0.000000000000000000e+00 0.000000000000000000e+00 5.500000000000000000e+01 4.324999999999996447e+01 5.019444444444441444e+01 5.307142857142854098e+01 4.526923076923071676e+01 6.999999999999987210e+01 0.000000000000000000e+00 0.000000000000000000e+00 4.409999999999998721e+01 3.082499999999998863e+01 3.809090909090907218e+01 1.164999999999999858e+02 0.000000000000000000e+00 0.000000000000000000e+00 0.000000000000000000e+00 0.000000000000000000e+00 0.000000000000000000e+00 0.000000000000000000e+00 0.000000000000000000e+00 0.000000000000000000e+00 0.000000000000000000e+00 0.000000000000000000e+00 0.000000000000000000e+00 0.000000000000000000e+00 8.749999999999997158e+01 0.000000000000000000e+00 0.000000000000000000e+00 0.000000000000000000e+00 0.000000000000000000e+00 0.000000000000000000e+00 3.899999999999995737e+01 5.287499999999997868e+01 0.000000000000000000e+00 0.000000000000000000e+00 0.000000000000000000e+00 0.000000000000000000e+00 0.000000000000000000e+00 0.000000000000000000e+00 5.899999999999997158e+01
0.000000000000000000e+00 0.000000000000000000e+00 0.000000000000000000e+00 5.943140132061627057e+00 1.359918754231549975e+01 2.416191275167784269e+01 3.099999999999998579e+01 2.146247113163970965e+01 2.972944162436547444e+01 1.579410789757188383e+01 2.364991455647039942e+01 1.532320436823306942e+01 2.067101134443639765e+01 1.613059915225111851e+01 2.880056577086278935e+01 1.998786039453716867e+01 1.680385684503126598e+01 2.276118026740432754e+01 4.169270833333333570e+01 9.150000000000000000e+01 8.280000000000002558e+01 7.649999999999997158e+01 0.000000000000000000e+00 0.000000000000000000e+00 6.400000000000000000e+01 6.762500000000000000e+01 5.599999999999998579e+01 5.750000000000000000e+01 3.229678515420805240e+01 3.774861878453040021e+01 5.969696969696970257e+01 4.930938752146536785e+01 4.194561688311686964e+01 5.562500000000000000e+01 7.478125000000000000e+01 0.000000000000000000e+00 6.650000000000000000e+01 2.296207792207791343e+01 2.830840840840839334e+01 3.063053613053612878e+01 0.000000000000000000e+00 3.136337209302325491e+01 5.731578947368421240e+01 4.213114754098360493e+01 3.487499999999997868e+01 3.936206896551723844e+01 0.000000000000000000e+00 3.499999999999997868e+01 4.024999999999995737e+01 0.000000000000000000e+00 0.000000000000000000e+00 4.563636363636359761e+01 5.007142857142851966e+01 4.799999999999997158e+01 8.341463414634141316e+00 2.066666666666666785e+01 1.881250000000001066e+01 0.000000000000000000e+00 3.107999999999998764e+01 2.788541666666664653e+01 2.748837209302324425e+01 3.516666666666667140e+01 0.000000000000000000e+00 0.000000000000000000e+00 0.000000000000000000e+00 0.000000000000000000e+00 0.000000000000000000e+00 0.000000000000000000e+00 0.000000000000000000e+00 0.000000000000000000e+00 0.000000000000000000e+00 6.599999999999998579e+01 0.000000000000000000e+00 0.000000000000000000e+00 8.899999999999994316e+01 6.950000000000001421e+01 0.000000000000000000e+00 0.000000000000000000e+00 0.000000000000000000e+00 0.000000000000000000e+00 4.049999999999996447e+01 4.674999999999996447e+01 0.000000000000000000e+00 0.000000000000000000e+00 5.566666666666666430e+01 0.000000000000000000e+00 0.000000000000000000e+00 3.783333333333333570e+01 0.000000000000000000e+00
0.000000000000000000e+00 0.000000000000000000e+00 0.000000000000000000e+00 0.000000000000000000e+00 6.279999999999996874e+01 5.571052631578943704e+01 4.300000000000001421e+01 3.409090909090908639e+01 1.034957805907172990e+01 4.792012779552713653e+01 1.488579287251853600e+01 2.067101134443639765e+01 1.190439957988096786e+01 8.482018193357308888e+00 2.271945525291829426e+01 5.118656716417907404e+01 3.830769230769229949e+01 2.006787762906309780e+01 3.900000000000000000e+01 5.762499999999998579e+01 6.186718749999998579e+01 5.987500000000000000e+01 6.821428571428569398e+01 6.957142857142854098e+01 5.477777777777779278e+01 1.655833333333333002e+01 3.446153846153846700e+01 4.595882352941176663e+01 1.707280502885408069e+01 2.872251263286286971e+01 4.224197530864197603e+01 3.256502890173410236e+01 3.312983425414364547e+01 5.575000000000000000e+01 5.757236842105263008e+01 6.199999999999998579e+01 5.535606060606060908e+01 2.328293736501079891e+01 2.497010137302708443e+01 2.919994093325458451e+01 0.000000000000000000e+00 2.689792387543253227e+01 5.138888888888887863e+01 3.781900452488687847e+01 6.624999999999992895e+01 3.597802197802197810e+01 0.000000000000000000e+00 0.000000000000000000e+00 0.000000000000000000e+00 0.000000000000000000e+00 0.000000000000000000e+00 7.100000000000001421e+01 6.908333333333330017e+01 6.249999999999997868e+01 6.083333333333330728e+01 0.000000000000000000e+00 0.000000000000000000e+00 0.000000000000000000e+00 4.950000000000002842e+01 4.737499999999995026e+01 3.849999999999998579e+01 6.200000000000000711e+01 0.000000000000000000e+00 0.000000000000000000e+00 0.000000000000000000e+00 0.000000000000000000e+00 0.000000000000000000e+00 0.000000000000000000e+00 0.000000000000000000e+00 0.000000000000000000e+00 0.000000000000000000e+00 0.000000000000000000e+00 0.000000000000000000e+00 0.000000000000000000e+00 0.000000000000000000e+00 4.699999999999999289e+01 0.000000000000000000e+00 0.000000000000000000e+00 0.000000000000000000e+00 0.000000000000000000e+00 4.187499999999997868e+01 5.581249999999997158e+01 0.000000000000000000e+00 0.000000000000000000e+00 5.200000000000000000e+01 0.000000000000000000e+00 0.000000000000000000e+00 0.000000000000000000e+00 0.000000000000000000e+00
0.000000000000000000e+00 0.000000000000000000e+00 0.000000000000000000e+00 0.000000000000000000e+00 6.374999999999999289e+01 8.174999999999998579e+01 0.000000000000000000e+00 0.000000000000000000e+00 5.239999999999997726e+01 5.369696969696967415e+01 4.154999999999999005e+01 1.613059915225111851e+01 8.482018193357308888e+00 9.272804653142289411e+00 2.656451612903225268e+01 4.780612244897957197e+01 4.189999999999997016e+01 8.669421487603305110e+00 2.563636363636364734e+01 0.000000000000000000e+00 8.200000000000000000e+01 0.000000000000000000e+00 0.000000000000000000e+00 0.000000000000000000e+00 0.000000000000000000e+00 5.299999999999997868e+01 2.250000000000000711e+01 0.000000000000000000e+00 1.138615463215258927e+01 3.533703703703703525e+01 6.049999999999998579e+01 1.636266666666666580e+01 1.391509433962264808e+01 0.000000000000000000e+00 7.200000000000001421e+01 0.000000000000000000e+00 0.000000000000000000e+00 3.310000000000000142e+01 2.983333333333333215e+01 2.973913043478260931e+01 0.000000000000000000e+00 3.003846153846154010e+01 3.250000000000003553e+01 3.542857142857142350e+01 0.000000000000000000e+00 3.579166666666666430e+01 0.000000000000000000e+00 6.949999999999998579e+01 0.000000000000000000e+00 0.000000000000000000e+00 0.000000000000000000e+00 0.000000000000000000e+00 0.000000000000000000e+00 0.000000000000000000e+00 3.624999999999997868e+01 0.000000000000000000e+00 0.000000000000000000e+00 0.000000000000000000e+00 0.000000000000000000e+00 4.849999999999997158e+01 0.000000000000000000e+00 0.000000000000000000e+00 0.000000000000000000e+00 0.000000000000000000e+00 0.000000000000000000e+00 0.000000000000000000e+00 0.000000000000000000e+00 0.000000000000000000e+00 0.000000000000000000e+00 0.000000000000000000e+00 0.000000000000000000e+00 0.000000000000000000e+00 0.000000000000000000e+00 0.000000000000000000e+00 0.000000000000000000e+00 0.000000000000000000e+00 0.000000000000000000e+00 0.000000000000000000e+00 0.000000000000000000e+00 0.000000000000000000e+00 0.000000000000000000e+00 0.000000000000000000e+00 0.000000000000000000e+00 0.000000000000000000e+00 0.000000000000000000e+00 0.000000000000000000e+00 0.000000000000000000e+00 0.000000000000000000e+00 0.000000000000000000e+00
0.000000000000000000e+00 0.000000000000000000e+00 0.000000000000000000e+00 3.600000000000000000e+01 2.387499999999998934e+01 2.186558044806516321e+01 2.844444444444442510e+01 3.013052208835340551e+01 2.355305232558138684e+01 2.145056179775279759e+01 2.445687984496123946e+01 2.880056577086278935e+01 2.271945525291829426e+01 2.656451612903225268e+01 1.181356670149773080e+01 2.822580645161288615e+01 3.132638888888887507e+01 2.200471698113207708e+01 2.693397626112759013e+01 1.744723618090451467e+01 2.043419170243203453e+01 3.445000000000000284e+01 2.065474552957358867e+01 1.959853528628494246e+01 1.986628733997154939e+01 1.684300858152448299e+01 1.604799301919720378e+01 2.209335443037974045e+01 2.119364331959976866e+01 2.783700440528633990e+01 4.429875195007797828e+01 3.443437566475217437e+01 3.002604920405209299e+01 4.612499999999998579e+01 5.477272727272725916e+01 5.831249999999997158e+01 4.308928571428570109e+01 2.332692307692307665e+01 8.304009407548434751e+00 1.851973684210526372e+01 0.000000000000000000e+00 2.233641160949867199e+01 1.314840379637618284e+01 1.414988558352402670e+01 1.714583333333332504e+01 2.145602294455066072e+01 0.000000000000000000e+00 0.000000000000000000e+00 0.000000000000000000e+00 0.000000000000000000e+00 4.449999999999992184e+01 0.000000000000000000e+00 4.366666666666665009e+01 0.000000000000000000e+00 4.349999999999995737e+01 0.000000000000000000e+00 0.000000000000000000e+00 0.000000000000000000e+00 5.166666666666660745e+01 5.724999999999997868e+01 0.000000000000000000e+00 2.584615384615383249e+01 0.000000000000000000e+00 0.000000000000000000e+00 4.399999999999997158e+01 0.000000000000000000e+00 0.000000000000000000e+00 0.000000000000000000e+00 0.000000000000000000e+00 4.799999999999997868e+01 0.000000000000000000e+00 0.000000000000000000e+00 4.428571428571426338e+01 0.000000000000000000e+00 4.449999999999992184e+01 3.899999999999998579e+01 0.000000000000000000e+00 0.000000000000000000e+00 0.000000000000000000e+00 0.000000000000000000e+00 0.000000000000000000e+00 5.012499999999995737e+01 5.299999999999998579e+01 0.000000000000000000e+00 3.432812499999998579e+01 3.724999999999998579e+01 0.000000000000000000e+00 0.000000000000000000e+00 0.000000000000000000e+00
0.000000000000000000e+00 0.000000000000000000e+00 0.000000000000000000e+00 3.408333333333333570e+01 1.231326530612244241e+01 2.022249190938510210e+01 2.578571428571426694e+01 2.094537815126048841e+01 3.382225063938618348e+01 2.339640950994661850e+01 3.879508196721310043e+01 1.998786039453716867e+01 5.118656716417907404e+01 4.780612244897957197e+01 2.822580645161288615e+01 7.035091907376460618e+00 1.228143992519868810e+01 3.868973684210523345e+01 5.297540431266842376e+01 0.000000000000000000e+00 9.249999999999997158e+01 7.650000000000002842e+01 0.000000000000000000e+00 0.000000000000000000e+00 8.100000000000001421e+01 8.157142857142854098e+01 8.024999999999998579e+01 9.683333333333331439e+01 6.346938775510200514e+01 7.038636363636361182e+01 7.174999999999998579e+01 7.429347826086953432e+01 6.060517799352746238e+01 6.549999999999998579e+01 1.009999999999999858e+02 0.000000000000000000e+00 8.333333333333334281e+01 1.233071895424835951e+01 2.514687693259120493e+01 4.465873015873015106e+01 0.000000000000000000e+00 5.972058823529408755e+01 6.758823529411760944e+01 5.887499999999996447e+01 7.463265306122443654e+00 5.009999999999998721e+01 0.000000000000000000e+00 2.049999999999999645e+01 2.316666666666665719e+01 3.549999999999999289e+01 2.809999999999995879e+01 4.524999999999994316e+01 3.583333333333330728e+01 6.149999999999992895e+01 3.826923076923074518e+01 6.024999999999997158e+01 0.000000000000000000e+00 0.000000000000000000e+00 1.608536585365853000e+01 1.694262295081967196e+01 3.382222222222220864e+01 5.026086956521736937e+01 0.000000000000000000e+00 0.000000000000000000e+00 0.000000000000000000e+00 0.000000000000000000e+00 0.000000000000000000e+00 0.000000000000000000e+00 0.000000000000000000e+00 0.000000000000000000e+00 0.000000000000000000e+00 0.000000000000000000e+00 0.000000000000000000e+00 0.000000000000000000e+00 6.749999999999997158e+01 5.124999999999996447e+01 0.000000000000000000e+00 0.000000000000000000e+00 0.000000000000000000e+00 8.450000000000001421e+01 1.657812499999998579e+01 3.553225806451611390e+01 7.024999999999994316e+01 0.000000000000000000e+00 0.000000000000000000e+00 0.000000000000000000e+00 0.000000000000000000e+00 2.199999999999998934e+01 0.000000000000000000e+00
0.000000000000000000e+00 0.000000000000000000e+00 0.000000000000000000e+00 2.950000000000001421e+01 2.576470588235293491e+01 3.554999999999998295e+01 0.000000000000000000e+00 3.116666666666665009e+01 2.487435897435896948e+01 2.178160328879751972e+01 2.555947955390334059e+01 1.680385684503126598e+01 3.830769230769229949e+01 4.189999999999997016e+01 3.132638888888887507e+01 1.228143992519868810e+01 7.976314542870674096e+00 1.945089845382364402e+01 3.747745664739883864e+01 0.000000000000000000e+00 9.274999999999997158e+01 0.000000000000000000e+00 0.000000000000000000e+00 0.000000000000000000e+00 8.049999999999997158e+01 5.666666666666666430e+01 5.983333333333331439e+01 0.000000000000000000e+00 4.881578947368419108e+01 5.067857142857142350e+01 6.016666666666662167e+01 5.666666666666664298e+01 4.108823529411763076e+01 0.000000000000000000e+00 0.000000000000000000e+00 0.000000000000000000e+00 6.800000000000001421e+01 2.009589041095890138e+01 2.511387900355870784e+01 3.364912280701753389e+01 0.000000000000000000e+00 4.130434782608693922e+01 6.278571428571427049e+01 5.568749999999997868e+01 3.214285714285714590e+01 4.065789473684210265e+01 0.000000000000000000e+00 2.724999999999998579e+01 3.692857142857142350e+01 0.000000000000000000e+00 3.624999999999996447e+01 2.526086956521737292e+01 3.176162790697671667e+01 3.713999999999997215e+01 2.870833333333331439e+01 5.049999999999995026e+01 0.000000000000000000e+00 0.000000000000000000e+00 1.837142857142856656e+01 1.025342465753424293e+01 2.099324324324323143e+01 4.063636363636362603e+01 0.000000000000000000e+00 0.000000000000000000e+00 0.000000000000000000e+00 0.000000000000000000e+00 0.000000000000000000e+00 0.000000000000000000e+00 0.000000000000000000e+00 0.000000000000000000e+00 0.000000000000000000e+00 5.300000000000000000e+01 6.649999999999997158e+01 0.000000000000000000e+00 6.199999999999997868e+01 4.149999999999998579e+01 0.000000000000000000e+00 0.000000000000000000e+00 0.000000000000000000e+00 0.000000000000000000e+00 2.017499999999998295e+01 2.993076923076921858e+01 2.799999999999998934e+01 0.000000000000000000e+00 0.000000000000000000e+00 0.000000000000000000e+00 0.000000000000000000e+00 2.150000000000001776e+01 0.000000000000000000e+00
