0.000000000000000000e+00 0.000000000000000000e+00 0.000000000000000000e+00 0.000000000000000000e+00 0.000000000000000000e+00 0.000000000000000000e+00 0.000000000000000000e+00 0.000000000000000000e+00 0.000000000000000000e+00 0.000000000000000000e+00 0.000000000000000000e+00 0.000000000000000000e+00 0.000000000000000000e+00 0.000000000000000000e+00 0.000000000000000000e+00 0.000000000000000000e+00 0.000000000000000000e+00 0.000000000000000000e+00 0.000000000000000000e+00 0.000000000000000000e+00 0.000000000000000000e+00 0.000000000000000000e+00 0.000000000000000000e+00 0.000000000000000000e+00 0.000000000000000000e+00 0.000000000000000000e+00 0.000000000000000000e+00 0.000000000000000000e+00 0.000000000000000000e+00 0.000000000000000000e+00 0.000000000000000000e+00 0.000000000000000000e+00 0.000000000000000000e+00 0.000000000000000000e+00 0.000000000000000000e+00 0.000000000000000000e+00 0.000000000000000000e+00 0.000000000000000000e+00 0.000000000000000000e+00 0.000000000000000000e+00 0.000000000000000000e+00 0.000000000000000000e+00 0.000000000000000000e+00 0.000000000000000000e+00 0.000000000000000000e+00 0.000000000000000000e+00 0.000000000000000000e+00 0.000000000000000000e+00 0.000000000000000000e+00 0.000000000000000000e+00 0.000000000000000000e+00 0.000000000000000000e+00 0.000000000000000000e+00 0.000000000000000000e+00 0.000000000000000000e+00 0.000000000000000000e+00 0.000000000000000000e+00 0.000000000000000000e+00 0.000000000000000000e+00 0.000000000000000000e+00 0.000000000000000000e+00 0.000000000000000000e+00 0.000000000000000000e+00 0.000000000000000000e+00 0.000000000000000000e+00 0.000000000000000000e+00 0.000000000000000000e+00 0.000000000000000000e+00 0.000000000000000000e+00 0.000000000000000000e+00 0.000000000000000000e+00 0.000000000000000000e+00 0.000000000000000000e+00 0.000000000000000000e+00 0.000000000000000000e+00 0.000000000000000000e+00 0.000000000000000000e+00 0.000000000000000000e+00 0.000000000000000000e+00 0.000000000000000000e+00 0.000000000000000000e+00 0.000000000000000000e+00 0.000000000000000000e+00 0.000000000000000000e+00 0.000000000000000000e+00 0.000000000000000000e+00 0.000000000000000000e+00 0.000000000000000000e+00 0.000000000000000000e+00
0.000000000000000000e+00 0.000000000000000000e+00 0.000000000000000000e+00 0.000000000000000000e+00 0.000000000000000000e+00 0.000000000000000000e+00 0.000000000000000000e+00 0.000000000000000000e+00 0.000000000000000000e+00 0.000000000000000000e+00 0.000000000000000000e+00 0.000000000000000000e+00 0.000000000000000000e+00 0.000000000000000000e+00 0.000000000000000000e+00 0.000000000000000000e+00 0.000000000000000000e+00 0.000000000000000000e+00 0.000000000000000000e+00 0.000000000000000000e+00 0.000000000000000000e+00 0.000000000000000000e+00 0.000000000000000000e+00 0.000000000000000000e+00 0.000000000000000000e+00 0.000000000000000000e+00 0.000000000000000000e+00 0.000000000000000000e+00 0.000000000000000000e+00 0.000000000000000000e+00 0.000000000000000000e+00 0.000000000000000000e+00 0.000000000000000000e+00 0.000000000000000000e+00 0.000000000000000000e+00 0.000000000000000000e+00 0.000000000000000000e+00 0.000000000000000000e+00 0.000000000000000000e+00 0.000000000000000000e+00 0.000000000000000000e+00 0.000000000000000000e+00 0.000000000000000000e+00 0.000000000000000000e+00 0.000000000000000000e+00 0.000000000000000000e+00 0.000000000000000000e+00 0.000000000000000000e+00 0.000000000000000000e+00 0.000000000000000000e+00 0.000000000000000000e+00 0.000000000000000000e+00 0.000000000000000000e+00 0.000000000000000000e+00 0.000000000000000000e+00 0.000000000000000000e+00 0.000000000000000000e+00 0.000000000000000000e+00 0.000000000000000000e+00 0.000000000000000000e+00 0.000000000000000000e+00 0.000000000000000000e+00 0.000000000000000000e+00 0.000000000000000000e+00 0.000000000000000000e+00 0.000000000000000000e+00 0.000000000000000000e+00 0.000000000000000000e+00 0.000000000000000000e+00 0.000000000000000000e+00 0.000000000000000000e+00 0.000000000000000000e+00 0.000000000000000000e+00 0.000000000000000000e+00 0.000000000000000000e+00 0.000000000000000000e+00 0.000000000000000000e+00 0.000000000000000000e+00 0.000000000000000000e+00 0.000000000000000000e+00 0.000000000000000000e+00 0.000000000000000000e+00 0.000000000000000000e+00 0.000000000000000000e+00 0.000000000000000000e+00 0.000000000000000000e+00 0.000000000000000000e+00 0.000000000000000000e+00 0.000000000000000000e+00
0.000000000000000000e+00 0.000000000000000000e+00 0.000000000000000000e+00 0.000000000000000000e+00 0.000000000000000000e+00 0.000000000000000000e+00 0.000000000000000000e+00 0.000000000000000000e+00 0.000000000000000000e+00 0.000000000000000000e+00 0.000000000000000000e+00 0.000000000000000000e+00 0.000000000000000000e+00 0.000000000000000000e+00 0.000000000000000000e+00 0.000000000000000000e+00 0.000000000000000000e+00 0.000000000000000000e+00 0.000000000000000000e+00 0.000000000000000000e+00 0.000000000000000000e+00 0.000000000000000000e+00 0.000000000000000000e+00 0.000000000000000000e+00 0.000000000000000000e+00 0.000000000000000000e+00 0.000000000000000000e+00 0.000000000000000000e+00 0.000000000000000000e+00 0.000000000000000000e+00 0.000000000000000000e+00 0.000000000000000000e+00 0.000000000000000000e+00 0.000000000000000000e+00 0.000000000000000000e+00 0.000000000000000000e+00 0.000000000000000000e+00 0.000000000000000000e+00 0.000000000000000000e+00 0.000000000000000000e+00 0.000000000000000000e+00 0.000000000000000000e+00 0.000000000000000000e+00 0.000000000000000000e+00 0.000000000000000000e+00 0.000000000000000000e+00 0.000000000000000000e+00 0.000000000000000000e+00 0.000000000000000000e+00 0.000000000000000000e+00 0.000000000000000000e+00 0.000000000000000000e+00 0.000000000000000000e+00 0.000000000000000000e+00 0.000000000000000000e+00 0.000000000000000000e+00 0.000000000000000000e+00 0.000000000000000000e+00 0.000000000000000000e+00 0.000000000000000000e+00 0.000000000000000000e+00 0.000000000000000000e+00 0.000000000000000000e+00 0.000000000000000000e+00 0.000000000000000000e+00 0.000000000000000000e+00 0.000000000000000000e+00 0.000000000000000000e+00 0.000000000000000000e+00 0.000000000000000000e+00 0.000000000000000000e+00 0.000000000000000000e+00 0.000000000000000000e+00 0.000000000000000000e+00 0.000000000000000000e+00 0.000000000000000000e+00 0.000000000000000000e+00 0.000000000000000000e+00 0.000000000000000000e+00 0.000000000000000000e+00 0.000000000000000000e+00 0.000000000000000000e+00 0.000000000000000000e+00 0.000000000000000000e+00 0.000000000000000000e+00 0.000000000000000000e+00 0.000000000000000000e+00 0.000000000000000000e+00 0.000000000000000000e+00
0.000000000000000000e+00 0.000000000000000000e+00 0.000000000000000000e+00 4.837662337662331780e+00 6.116485686080944006e+00 1.085209424083768859e+01 3.499999999999999289e+01 3.123529411764703312e+01 4.533333333333330728e+01 9.437499999999992895e+00 5.312499999999995737e+01 6.319496268656711102e+00 0.000000000000000000e+00 6.274999999999994316e+01 4.349999999999997868e+01 2.206249999999998579e+01 3.974999999999994316e+01 6.099999999999997158e+01 0.000000000000000000e+00 0.000000000000000000e+00 0.000000000000000000e+00 0.000000000000000000e+00 0.000000000000000000e+00 0.000000000000000000e+00 0.000000000000000000e+00 0.000000000000000000e+00 0.000000000000000000e+00 0.000000000000000000e+00 5.299999999999995026e+01 7.409999999999996589e+01 0.000000000000000000e+00 8.969999999999998863e+01 7.899999999999997158e+01 0.000000000000000000e+00 1.017500000000000000e+02 0.000000000000000000e+00 0.000000000000000000e+00 3.404999999999997584e+01 3.199230769230766569e+01 0.000000000000000000e+00 0.000000000000000000e+00 0.000000000000000000e+00 0.000000000000000000e+00 0.000000000000000000e+00 4.125000000000000000e+01 0.000000000000000000e+00 0.000000000000000000e+00 0.000000000000000000e+00 6.249999999999995737e+01 0.000000000000000000e+00 0.000000000000000000e+00 0.000000000000000000e+00 0.000000000000000000e+00 0.000000000000000000e+00 0.000000000000000000e+00 0.000000000000000000e+00 0.000000000000000000e+00 0.000000000000000000e+00 0.000000000000000000e+00 0.000000000000000000e+00 0.000000000000000000e+00 0.000000000000000000e+00 0.000000000000000000e+00 0.000000000000000000e+00 0.000000000000000000e+00 0.000000000000000000e+00 0.000000000000000000e+00 0.000000000000000000e+00 0.000000000000000000e+00 0.000000000000000000e+00 0.000000000000000000e+00 0.000000000000000000e+00 0.000000000000000000e+00 0.000000000000000000e+00 0.000000000000000000e+00 0.000000000000000000e+00 0.000000000000000000e+00 0.000000000000000000e+00 0.000000000000000000e+00 0.000000000000000000e+00 0.000000000000000000e+00 0.000000000000000000e+00 0.000000000000000000e+00 0.000000000000000000e+00 0.000000000000000000e+00 0.000000000000000000e+00 0.000000000000000000e+00 0.000000000000000000e+00 0.000000000000000000e+00
0.000000000000000000e+00 0.000000000000000000e+00 0.000000000000000000e+00 6.116485686080944006e+00 9.805966243621607958e+00 9.286011134634982511e+00 2.452631578947367075e+01 2.279535398230087750e+01 3.754545454545453964e+01 1.450979325353644711e+01 4.155670103092781886e+01 1.489368355222013385e+01 5.862499999999998579e+01 5.469999999999998863e+01 2.666666666666666430e+01 1.178044871794871362e+01 2.946938775510203001e+01 4.836486486486484182e+01 6.346341463414631789e+01 0.000000000000000000e+00 0.000000000000000000e+00 0.000000000000000000e+00 4.924999999999997868e+01 0.000000000000000000e+00 1.080000000000000000e+02 7.000000000000000000e+01 6.849999999999995737e+01 9.300000000000000000e+01 7.413157894736839637e+01 6.649999999999997158e+01 7.824999999999994316e+01 7.793442622950816201e+01 7.324193548387094665e+01 0.000000000000000000e+00 9.250000000000000000e+01 0.000000000000000000e+00 0.000000000000000000e+00 1.193965046422719389e+01 2.029770992366411164e+01 4.745000000000000284e+01 0.000000000000000000e+00 4.583333333333333570e+01 6.324999999999997158e+01 2.325000000000000000e+01 7.180121089808271684e+00 1.226666666666667105e+01 0.000000000000000000e+00 8.149999999999992895e+01 4.399999999999997158e+01 0.000000000000000000e+00 4.849999999999995737e+01 6.116666666666659324e+01 4.624999999999995026e+01 6.287499999999996447e+01 6.537500000000001421e+01 7.224999999999997158e+01 0.000000000000000000e+00 0.000000000000000000e+00 2.439999999999998437e+01 2.850000000000003197e+01 4.700000000000000711e+01 0.000000000000000000e+00 0.000000000000000000e+00 0.000000000000000000e+00 0.000000000000000000e+00 0.000000000000000000e+00 0.000000000000000000e+00 0.000000000000000000e+00 0.000000000000000000e+00 0.000000000000000000e+00 0.000000000000000000e+00 0.000000000000000000e+00 0.000000000000000000e+00 0.000000000000000000e+00 0.000000000000000000e+00 0.000000000000000000e+00 0.000000000000000000e+00 0.000000000000000000e+00 0.000000000000000000e+00 0.000000000000000000e+00 2.214999999999998437e+01 4.626470588235289227e+01 0.000000000000000000e+00 0.000000000000000000e+00 0.000000000000000000e+00 0.000000000000000000e+00 0.000000000000000000e+00 1.224999999999999112e+01 1.289999999999999503e+01
0.000000000000000000e+00 0.000000000000000000e+00 0.000000000000000000e+00 1.085209424083768859e+01 9.286011134634982511e+00 1.369178199948421870e+01 1.034008620689654734e+01 1.653647686832739794e+01 3.341876750700279075e+01 1.578557902403495561e+01 4.379999999999998295e+01 2.245843520782395331e+01 5.632222222222222285e+01 6.220833333333330728e+01 2.590129449838186204e+01 1.822258364312266821e+01 3.610447761194026839e+01 5.245652173913041594e+01 7.378333333333328881e+01 0.000000000000000000e+00 4.999999999999999289e+01 1.090000000000000142e+02 4.055555555555554292e+01 3.650000000000000000e+01 4.381818181818180591e+01 4.549999999999999289e+01 3.400000000000000711e+01 8.249999999999997158e+01 6.767105263157891670e+01 6.359693877551017493e+01 7.984615384615382538e+01 7.986165048543685430e+01 7.948404255319147182e+01 9.400000000000000000e+01 8.979545454545453254e+01 0.000000000000000000e+00 1.040000000000000000e+02 1.773293632615665416e+01 1.962536616623945918e+01 2.975396825396823530e+01 0.000000000000000000e+00 3.537499999999996447e+01 3.099999999999998579e+01 2.385714285714285054e+01 1.751046511627905744e+01 5.346874999999997158e+01 0.000000000000000000e+00 0.000000000000000000e+00 5.359999999999995168e+01 0.000000000000000000e+00 4.479999999999995453e+01 5.911111111111102190e+01 5.417241379310340221e+01 6.399999999999994316e+01 5.661538461538459188e+01 6.999999999999995737e+01 0.000000000000000000e+00 5.124999999999992184e+01 3.717741935483869042e+01 4.907142857142854808e+01 5.478571428571424207e+01 6.649999999999995737e+01 0.000000000000000000e+00 0.000000000000000000e+00 0.000000000000000000e+00 0.000000000000000000e+00 0.000000000000000000e+00 0.000000000000000000e+00 0.000000000000000000e+00 0.000000000000000000e+00 0.000000000000000000e+00 7.449999999999994316e+01 0.000000000000000000e+00 0.000000000000000000e+00 8.949999999999998579e+01 7.299999999999991473e+01 0.000000000000000000e+00 0.000000000000000000e+00 0.000000000000000000e+00 0.000000000000000000e+00 3.415789473684207422e+01 4.526829268292677710e+01 6.299999999999992895e+01 0.000000000000000000e+00 0.000000000000000000e+00 0.000000000000000000e+00 0.000000000000000000e+00 3.154166666666662877e+01 3.883333333333329307e+01
0.000000000000000000e+00 0.000000000000000000e+00 0.000000000000000000e+00 3.499999999999999289e+01 2.452631578947367075e+01 1.034008620689654734e+01 7.689359967386868888e+00 7.561001042752864443e+00 2.147651006711408783e+01 1.192002643754130453e+01 5.099999999999997868e+01 3.956578947368421240e+01 4.499999999999997158e+01 0.000000000000000000e+00 3.673599999999998289e+01 2.752499999999999503e+01 3.449999999999997158e+01 5.349999999999992184e+01 6.949999999999998579e+01 0.000000000000000000e+00 0.000000000000000000e+00 0.000000000000000000e+00 0.000000000000000000e+00 3.899999999999997868e+01 0.000000000000000000e+00 4.199999999999998579e+01 0.000000000000000000e+00 0.000000000000000000e+00 4.966666666666665009e+01 4.881578947368418397e+01 7.833333333333332860e+01 7.329999999999998295e+01 0.000000000000000000e+00 0.000000000000000000e+00 8.237499999999998579e+01 0.000000000000000000e+00 1.110000000000000000e+02 2.941463414634146289e+01 2.800333333333331964e+01 2.916666666666664653e+01 0.000000000000000000e+00 0.000000000000000000e+00 0.000000000000000000e+00 8.399999999999997158e+01 3.900000000000001421e+01 0.000000000000000000e+00 0.000000000000000000e+00 0.000000000000000000e+00 0.000000000000000000e+00 0.000000000000000000e+00 0.000000000000000000e+00 0.000000000000000000e+00 5.599999999999999289e+01 6.349999999999997158e+01 0.000000000000000000e+00 0.000000000000000000e+00 0.000000000000000000e+00 0.000000000000000000e+00 0.000000000000000000e+00 3.449999999999995026e+01 0.000000000000000000e+00 0.000000000000000000e+00 0.000000000000000000e+00 0.000000000000000000e+00 0.000000000000000000e+00 0.000000000000000000e+00 0.000000000000000000e+00 0.000000000000000000e+00 0.000000000000000000e+00 0.000000000000000000e+00 0.000000000000000000e+00 0.000000000000000000e+00 0.000000000000000000e+00 0.000000000000000000e+00 0.000000000000000000e+00 0.000000000000000000e+00 0.000000000000000000e+00 0.000000000000000000e+00 0.000000000000000000e+00 0.000000000000000000e+00 5.199999999999995737e+01 0.000000000000000000e+00 0.000000000000000000e+00 0.000000000000000000e+00 0.000000000000000000e+00 0.000000000000000000e+00 0.000000000000000000e+00 0.000000000000000000e+00 0.000000000000000000e+00
0.000000000000000000e+00 0.000000000000000000e+00 0.000000000000000000e+00 3.123529411764703312e+01 2.279535398230087750e+01 1.653647686832739794e+01 7.561001042752864443e+00 8.878875968992245404e+00 9.797580797580794254e+00 2.053013767629280295e+01 3.517153284671531566e+01 2.394574415131905809e+01 3.716788321167882003e+01 6.249999999999999289e+01 3.530964467005075136e+01 1.874999999999999289e+01 2.196153846153844924e+01 5.406818181818179880e+01 6.657142857142855519e+01 0.000000000000000000e+00 1.234999999999999858e+02 0.000000000000000000e+00 0.000000000000000000e+00 0.000000000000000000e+00 6.199999999999996447e+01 6.979999999999998295e+01 3.983333333333329307e+01 6.708333333333330017e+01 4.221481481481480103e+01 3.894227642276420198e+01 6.888235294117644969e+01 7.005925925925923536e+01 6.692028985507243988e+01 6.964999999999997726e+01 7.661486486486484182e+01 0.000000000000000000e+00 7.916666666666667140e+01 2.311682242990653791e+01 2.820222222222221120e+01 4.442857142857142350e+01 0.000000000000000000e+00 0.000000000000000000e+00 6.079999999999997584e+01 5.399999999999998579e+01 2.920833333333332504e+01 5.064285714285711748e+01 0.000000000000000000e+00 3.949999999999996447e+01 3.837499999999995026e+01 4.599999999999991473e+01 3.974999999999995737e+01 4.281249999999994316e+01 4.413999999999994373e+01 5.249999999999996447e+01 3.549999999999997158e+01 0.000000000000000000e+00 0.000000000000000000e+00 4.224999999999995026e+01 2.452586206896550181e+01 2.443749999999997868e+01 5.250000000000001421e+01 6.249999999999991473e+01 0.000000000000000000e+00 0.000000000000000000e+00 0.000000000000000000e+00 0.000000000000000000e+00 0.000000000000000000e+00 0.000000000000000000e+00 0.000000000000000000e+00 0.000000000000000000e+00 0.000000000000000000e+00 0.000000000000000000e+00 7.499999999999997158e+01 0.000000000000000000e+00 0.000000000000000000e+00 6.849999999999997158e+01 0.000000000000000000e+00 0.000000000000000000e+00 0.000000000000000000e+00 0.000000000000000000e+00 3.479999999999997584e+01 4.131481481481478113e+01 0.000000000000000000e+00 0.000000000000000000e+00 0.000000000000000000e+00 0.000000000000000000e+00 0.000000000000000000e+00 4.059999999999998010e+01 0.000000000000000000e+00
0.000000000000000000e+00 0.000000000000000000e+00 0.000000000000000000e+00 4.533333333333330728e+01 3.754545454545453964e+01 3.341876750700279075e+01 2.147651006711408783e+01 9.797580797580794254e+00 1.258500947606529330e+01 2.170223713646532104e+01 2.650865051903114278e+01 3.177305122494430734e+01 1.164182444061962052e+01 5.385294117647058698e+01 2.272948016415867656e+01 3.274588815789472562e+01 2.763913824057450341e+01 4.670454545454544615e+01 6.212121212121211045e+01 0.000000000000000000e+00 7.499999999999998579e+01 0.000000000000000000e+00 0.000000000000000000e+00 0.000000000000000000e+00 0.000000000000000000e+00 6.022727272727270531e+01 3.430769230769229239e+01 6.060714285714285410e+01 2.483501259445843701e+01 2.832125603864733421e+01 5.021604938271603658e+01 6.453962264150941053e+01 6.461160714285712459e+01 6.156250000000000000e+01 6.771333333333333826e+01 0.000000000000000000e+00 6.899999999999998579e+01 2.434900662251655490e+01 1.848930369127516826e+01 2.645277777777777928e+01 0.000000000000000000e+00 3.370588235294117396e+01 6.843749999999997158e+01 3.800000000000000000e+01 3.649999999999999289e+01 3.506499999999999773e+01 0.000000000000000000e+00 5.249999999999987921e+01 5.450000000000000711e+01 0.000000000000000000e+00 5.671428571428570109e+01 5.193617021276591572e+01 5.199090909090905654e+01 5.714285714285711038e+01 5.095999999999996533e+01 5.849999999999997868e+01 0.000000000000000000e+00 6.733333333333331439e+01 4.095833333333331439e+01 3.493902439024389395e+01 5.491666666666662877e+01 6.000000000000000711e+01 0.000000000000000000e+00 0.000000000000000000e+00 0.000000000000000000e+00 0.000000000000000000e+00 0.000000000000000000e+00 0.000000000000000000e+00 0.000000000000000000e+00 0.000000000000000000e+00 0.000000000000000000e+00 6.799999999999998579e+01 6.249999999999995737e+01 0.000000000000000000e+00 7.324999999999997158e+01 0.000000000000000000e+00 0.000000000000000000e+00 0.000000000000000000e+00 0.000000000000000000e+00 0.000000000000000000e+00 4.949999999999997868e+01 5.338888888888886441e+01 5.324999999999997158e+01 0.000000000000000000e+00 0.000000000000000000e+00 0.000000000000000000e+00 0.000000000000000000e+00 0.000000000000000000e+00 0.000000000000000000e+00
0.000000000000000000e+00 0.000000000000000000e+00 0.000000000000000000e+00 9.437499999999992895e+00 1.450979325353644711e+01 1.578557902403495561e+01 1.192002643754130453e+01 2.053013767629280295e+01 2.170223713646532104e+01 1.329917511706515398e+01 1.621653692804252245e+01 1.639309054348432682e+01 4.411199999999998766e+01 5.175862068965516016e+01 3.202248441674085910e+01 2.319528261793453794e+01 2.291384388807068007e+01 4.188867924528300080e+01 6.657344632768359816e+01 0.000000000000000000e+00 9.350000000000000000e+01 9.566666666666667140e+01 1.037499999999999716e+02 1.014999999999999716e+02 9.724999999999997158e+01 8.114150943396224136e+01 6.049999999999997158e+01 6.945238095238093479e+01 5.387681159420287713e+01 4.882200152788385594e+01 6.769672131147538607e+01 6.722752941176467800e+01 6.572242874845103699e+01 6.888596491228068430e+01 7.721199143468950865e+01 7.255882352941176805e+01 8.064102564102563520e+01 2.200582877959925909e+01 2.589997725463435430e+01 3.647368421052630794e+01 0.000000000000000000e+00 4.452083333333332149e+01 8.538095238095237960e+01 6.115151515151512740e+01 3.480508474576269862e+01 4.560526315789471852e+01 7.599999999999998579e+01 4.033333333333333570e+01 4.849999999999996447e+01 6.599999999999987210e+01 5.079687499999995026e+01 4.843749999999996447e+01 5.219629629629623935e+01 5.785810810810806970e+01 5.329081632653057454e+01 6.531249999999997158e+01 5.949999999999997868e+01 4.974999999999995026e+01 3.894999999999998153e+01 3.459859154929574743e+01 4.127499999999997726e+01 8.791666666666661456e+01 8.449999999999995737e+01 0.000000000000000000e+00 0.000000000000000000e+00 0.000000000000000000e+00 0.000000000000000000e+00 0.000000000000000000e+00 0.000000000000000000e+00 0.000000000000000000e+00 0.000000000000000000e+00 6.449999999999995737e+01 8.249999999999994316e+01 8.642857142857135955e+01 8.527777777777775725e+01 7.433333333333328596e+01 0.000000000000000000e+00 0.000000000000000000e+00 0.000000000000000000e+00 0.000000000000000000e+00 4.358571428571425344e+01 5.152352941176466317e+01 6.283333333333329307e+01 0.000000000000000000e+00 0.000000000000000000e+00 0.000000000000000000e+00 0.000000000000000000e+00 5.199999999999997868e+01 5.999999999999997868e+01
0.000000000000000000e+00 0.000000000000000000e+00 0.000000000000000000e+00 5.312499999999995737e+01 4.155670103092781886e+01 4.379999999999998295e+01 5.099999999999997868e+01 3.517153284671531566e+01 2.650865051903114278e+01 1.621653692804252245e+01 1.440797647643502088e+01 2.499086036283672385e+01 1.925437981779958108e+01 4.570289855072464036e+01 2.577177334732423830e+01 4.237462235649545761e+01 2.632812499999998934e+01 2.823597359735973100e+01 5.182283464566928899e+01 6.800000000000000000e+01 6.927500000000000568e+01 6.966666666666667140e+01 8.409999999999998010e+01 0.000000000000000000e+00 7.552380952380951840e+01 5.487867647058823195e+01 6.149999999999998579e+01 4.876470588235294201e+01 3.066842105263157947e+01 3.569531250000000000e+01 4.525565217391304174e+01 4.863231154207068840e+01 4.765366614664586820e+01 5.225238095238095326e+01 5.782826475849731906e+01 5.612500000000000000e+01 6.301960784313725839e+01 2.198504983388703593e+01 2.354059739167016474e+01 2.787391304347826093e+01 0.000000000000000000e+00 2.762420382165604948e+01 6.890740740740740478e+01 3.944444444444444287e+01 4.107142857142856229e+01 3.508761061946902515e+01 0.000000000000000000e+00 0.000000000000000000e+00 6.899999999999997158e+01 0.000000000000000000e+00 5.274999999999995737e+01 5.018181818181815146e+01 5.631944444444440734e+01 5.256666666666663446e+01 5.337142857142854524e+01 5.555882352941172542e+01 0.000000000000000000e+00 5.249999999999998579e+01 4.568749999999997158e+01 4.134782608695649486e+01 3.563999999999997925e+01 4.425000000000000000e+01 0.000000000000000000e+00 0.000000000000000000e+00 0.000000000000000000e+00 0.000000000000000000e+00 0.000000000000000000e+00 0.000000000000000000e+00 0.000000000000000000e+00 0.000000000000000000e+00 0.000000000000000000e+00 0.000000000000000000e+00 7.549999999999997158e+01 0.000000000000000000e+00 6.550000000000000000e+01 7.149999999999998579e+01 0.000000000000000000e+00 0.000000000000000000e+00 0.000000000000000000e+00 0.000000000000000000e+00 4.278571428571427049e+01 5.048333333333332007e+01 4.728571428571425628e+01 0.000000000000000000e+00 4.949999999999992184e+01 0.000000000000000000e+00 6.824999999999997158e+01 6.699999999999998579e+01 5.949999999999997158e+01
0.000000000000000000e+00 0.000000000000000000e+00 0.000000000000000000e+00 6.319496268656711102e+00 1.489368355222013385e+01 2.245843520782395331e+01 3.956578947368421240e+01 2.394574415131905809e+01 3.177305122494430734e+01 1.639309054348432682e+01 2.499086036283672385e+01 1.615564454226817404e+01 2.270374753451676497e+01 1.678743961352656910e+01 3.818226120857699613e+01 2.301361421610775793e+01 1.800971524288106096e+01 2.626315789473683182e+01 4.059173387096774377e+01 0.000000000000000000e+00 8.450000000000000000e+01 0.000000000000000000e+00 1.400000000000000000e+02 0.000000000000000000e+00 8.542857142857143060e+01 6.200735294117645680e+01 6.161538461538461320e+01 6.072499999999999432e+01 3.712207558488302084e+01 4.513493377483442259e+01 6.253636363636362461e+01 5.467218959731542327e+01 4.792932862190810539e+01 6.949999999999998579e+01 8.126449275362318758e+01 8.149999999999998579e+01 8.958333333333332860e+01 2.498830155979202061e+01 3.048053641273979153e+01 3.374040066777963176e+01 0.000000000000000000e+00 3.125000000000000000e+01 6.938888888888888573e+01 5.397692307692307168e+01 4.117187499999998579e+01 4.063895216400911181e+01 0.000000000000000000e+00 4.100000000000002132e+01 5.399999999999992895e+01 7.999999999999992895e+01 4.947222222222216459e+01 4.640517241379304636e+01 5.320833333333328596e+01 5.423846153846150031e+01 1.583050847457626276e+01 5.514285714285711038e+01 1.100000000000001421e+01 5.924999999999994316e+01 3.541836734693875144e+01 3.671296296296294770e+01 3.175641025641023774e+01 5.278571428571426338e+01 0.000000000000000000e+00 0.000000000000000000e+00 0.000000000000000000e+00 0.000000000000000000e+00 0.000000000000000000e+00 0.000000000000000000e+00 0.000000000000000000e+00 0.000000000000000000e+00 0.000000000000000000e+00 0.000000000000000000e+00 9.549999999999994316e+01 0.000000000000000000e+00 7.864999999999997726e+01 6.049999999999997158e+01 0.000000000000000000e+00 0.000000000000000000e+00 0.000000000000000000e+00 0.000000000000000000e+00 4.984999999999998010e+01 4.827777777777774304e+01 4.833333333333332149e+01 0.000000000000000000e+00 7.099999999999998579e+01 0.000000000000000000e+00 7.850000000000001421e+01 0.000000000000000000e+00 6.549999999999995737e+01
0.000000000000000000e+00 0.000000000000000000e+00 0.000000000000000000e+00 0.000000000000000000e+00 5.862499999999998579e+01 5.632222222222222285e+01 4.499999999999997158e+01 3.716788321167882003e+01 1.164182444061962052e+01 4.411199999999998766e+01 1.925437981779958108e+01 2.270374753451676497e+01 1.522260693243553398e+01 8.651091793438890676e+00 2.452366412213741498e+01 5.665671641791043101e+01 4.201369863013697881e+01 2.392088091353996759e+01 3.816049382716049365e+01 9.949999999999997158e+01 6.761111111111111427e+01 7.075000000000000000e+01 6.566666666666664298e+01 5.299999999999997868e+01 5.658333333333333570e+01 1.363687150837988860e+01 4.350000000000000000e+01 4.841860465116278789e+01 2.147710930800185025e+01 2.962880411487355303e+01 4.181944444444444287e+01 3.939388979814511771e+01 3.835009140767824221e+01 5.030555555555555713e+01 5.880588235294117538e+01 5.707142857142856940e+01 6.766666666666667140e+01 2.537140695915280020e+01 2.625013414416026691e+01 2.973202614379085418e+01 0.000000000000000000e+00 2.725854700854700852e+01 5.223333333333332718e+01 3.806366459627329135e+01 7.699999999999994316e+01 3.662960000000000349e+01 0.000000000000000000e+00 0.000000000000000000e+00 0.000000000000000000e+00 0.000000000000000000e+00 6.399999999999997868e+01 0.000000000000000000e+00 5.549999999999996447e+01 6.393749999999998579e+01 5.449999999999997158e+01 5.449999999999997868e+01 3.249999999999998579e+01 6.350000000000000000e+01 6.749999999999994316e+01 4.741666666666663588e+01 3.394736842105262298e+01 5.566666666666667851e+01 0.000000000000000000e+00 0.000000000000000000e+00 0.000000000000000000e+00 0.000000000000000000e+00 0.000000000000000000e+00 0.000000000000000000e+00 0.000000000000000000e+00 0.000000000000000000e+00 0.000000000000000000e+00 5.749999999999997868e+01 5.699999999999997158e+01 0.000000000000000000e+00 8.200000000000001421e+01 4.549999999999999289e+01 0.000000000000000000e+00 0.000000000000000000e+00 0.000000000000000000e+00 0.000000000000000000e+00 4.724999999999996447e+01 5.692307692307690559e+01 6.475000000000000000e+01 0.000000000000000000e+00 0.000000000000000000e+00 0.000000000000000000e+00 6.524999999999998579e+01 0.000000000000000000e+00 6.600000000000000000e+01
0.000000000000000000e+00 0.000000000000000000e+00 0.000000000000000000e+00 6.274999999999994316e+01 5.469999999999998863e+01 6.220833333333330728e+01 0.000000000000000000e+00 6.249999999999999289e+01 5.385294117647058698e+01 5.175862068965516016e+01 4.570289855072464036e+01 1.678743961352656910e+01 8.651091793438890676e+00 8.801018409714062685e+00 2.803521126760563220e+01 5.132575757575756370e+01 3.614285714285713169e+01 1.023444976076554980e+01 2.472950819672131573e+01 0.000000000000000000e+00 5.900000000000000000e+01 0.000000000000000000e+00 7.100000000000001421e+01 6.350000000000000000e+01 4.100000000000000711e+01 4.150000000000000000e+01 4.033333333333333570e+01 3.250000000000002842e+01 1.054188101833531199e+01 3.106071428571428683e+01 0.000000000000000000e+00 1.859667673716012004e+01 1.464492753623188470e+01 5.349999999999997868e+01 5.224999999999998579e+01 0.000000000000000000e+00 4.399999999999998579e+01 3.946153846153845279e+01 3.593478260869564878e+01 3.475000000000000000e+01 0.000000000000000000e+00 3.438461538461538680e+01 4.125000000000002132e+01 4.383333333333334281e+01 0.000000000000000000e+00 4.353571428571428470e+01 0.000000000000000000e+00 0.000000000000000000e+00 0.000000000000000000e+00 0.000000000000000000e+00 0.000000000000000000e+00 0.000000000000000000e+00 0.000000000000000000e+00 0.000000000000000000e+00 3.849999999999999289e+01 0.000000000000000000e+00 0.000000000000000000e+00 0.000000000000000000e+00 0.000000000000000000e+00 4.699999999999999289e+01 1.650000000000002132e+01 0.000000000000000000e+00 0.000000000000000000e+00 0.000000000000000000e+00 0.000000000000000000e+00 0.000000000000000000e+00 0.000000000000000000e+00 0.000000000000000000e+00 0.000000000000000000e+00 0.000000000000000000e+00 0.000000000000000000e+00 0.000000000000000000e+00 4.350000000000001421e+01 0.000000000000000000e+00 4.949999999999998579e+01 4.749999999999998579e+01 0.000000000000000000e+00 0.000000000000000000e+00 0.000000000000000000e+00 0.000000000000000000e+00 0.000000000000000000e+00 0.000000000000000000e+00 0.000000000000000000e+00 0.000000000000000000e+00 0.000000000000000000e+00 0.000000000000000000e+00 0.000000000000000000e+00 0.000000000000000000e+00 0.000000000000000000e+00
0.000000000000000000e+00 0.000000000000000000e+00 0.000000000000000000e+00 4.349999999999997868e+01 2.666666666666666430e+01 2.590129449838186204e+01 3.673599999999998289e+01 3.530964467005075136e+01 2.272948016415867656e+01 3.202248441674085910e+01 2.577177334732423830e+01 3.818226120857699613e+01 2.452366412213741498e+01 2.803521126760563220e+01 1.083583276528061390e+01 4.194664031620551725e+01 3.477816901408449723e+01 2.214627151051625376e+01 2.296419437340153280e+01 1.474137931034482563e+01 3.039200863930885532e+01 3.406976744186045636e+01 2.416629464285714235e+01 1.638258575197888334e+01 2.374895920066610699e+01 2.117417958889289409e+01 2.054457142857141960e+01 2.947905759162302886e+01 2.241271989174560275e+01 3.109988385598141747e+01 4.326111744583806740e+01 3.287484355444305351e+01 2.907923497267758250e+01 4.383749999999999858e+01 4.912890624999999289e+01 5.324999999999998579e+01 3.971800000000000352e+01 1.896078431372549034e+01 8.117953977880839389e+00 1.679779411764705799e+01 0.000000000000000000e+00 1.893061926605504652e+01 1.428773584905660421e+01 1.348661174047373912e+01 2.435714285714284699e+01 2.049387755102040742e+01 0.000000000000000000e+00 0.000000000000000000e+00 5.699999999999995737e+01 0.000000000000000000e+00 0.000000000000000000e+00 4.266666666666662167e+01 4.989999999999993463e+01 5.136538461538457767e+01 5.166666666666661456e+01 4.399999999999997158e+01 2.999999999999997868e+01 0.000000000000000000e+00 5.133333333333331439e+01 4.054166666666663588e+01 2.907142857142856229e+01 3.321428571428570109e+01 0.000000000000000000e+00 0.000000000000000000e+00 3.899999999999998579e+01 0.000000000000000000e+00 0.000000000000000000e+00 0.000000000000000000e+00 7.850000000000000000e+01 4.549999999999997158e+01 0.000000000000000000e+00 5.399999999999998579e+01 4.712499999999995737e+01 7.139999999999997726e+01 4.825000000000000000e+01 3.656666666666664867e+01 0.000000000000000000e+00 0.000000000000000000e+00 0.000000000000000000e+00 0.000000000000000000e+00 4.655555555555553582e+01 4.923999999999996646e+01 4.835714285714283989e+01 0.000000000000000000e+00 4.800000000000000000e+01 3.766666666666665719e+01 0.000000000000000000e+00 7.074999999999998579e+01 5.200000000000002842e+01
0.000000000000000000e+00 0.000000000000000000e+00 0.000000000000000000e+00 2.206249999999998579e+01 1.178044871794871362e+01 1.822258364312266821e+01 2.752499999999999503e+01 1.874999999999999289e+01 3.274588815789472562e+01 2.319528261793453794e+01 4.237462235649545761e+01 2.301361421610775793e+01 5.665671641791043101e+01 5.132575757575756370e+01 4.194664031620551725e+01 7.335704451583292318e+00 1.248546088979353996e+01 4.013139329805994748e+01 5.222360616844599690e+01 0.000000000000000000e+00 1.055000000000000000e+02 0.000000000000000000e+00 0.000000000000000000e+00 0.000000000000000000e+00 0.000000000000000000e+00 7.749999999999997158e+01 6.827272727272722364e+01 8.446153846153843858e+01 6.592517006802718527e+01 6.484355828220856210e+01 7.569999999999997442e+01 7.157829670329668659e+01 5.692561983471072296e+01 7.500000000000000000e+01 8.794230769230769340e+01 0.000000000000000000e+00 8.774999999999997158e+01 1.499613686534215518e+01 2.346907854050709474e+01 4.756060606060603391e+01 0.000000000000000000e+00 5.459999999999998721e+01 8.199999999999998579e+01 7.959090909090906507e+01 9.542521994134888885e+00 5.317391304347825098e+01 0.000000000000000000e+00 3.341666666666665009e+01 3.275000000000000711e+01 0.000000000000000000e+00 3.758695652173908996e+01 4.083333333333330017e+01 4.562765957446804777e+01 5.436538461538457767e+01 4.537499999999995737e+01 5.749999999999997868e+01 0.000000000000000000e+00 3.849999999999997158e+01 1.977659574468083648e+01 2.559090909090908639e+01 3.927777777777776436e+01 5.709374999999997158e+01 0.000000000000000000e+00 0.000000000000000000e+00 0.000000000000000000e+00 0.000000000000000000e+00 0.000000000000000000e+00 0.000000000000000000e+00 0.000000000000000000e+00 0.000000000000000000e+00 0.000000000000000000e+00 6.962500000000000000e+01 7.349999999999998579e+01 0.000000000000000000e+00 7.216666666666664298e+01 6.399999999999997158e+01 0.000000000000000000e+00 0.000000000000000000e+00 0.000000000000000000e+00 0.000000000000000000e+00 3.402941176470584850e+01 4.892391304347822967e+01 5.833333333333329307e+01 0.000000000000000000e+00 0.000000000000000000e+00 6.549999999999997158e+01 0.000000000000000000e+00 2.549999999999998224e+01 1.950000000000000000e+01
0.000000000000000000e+00 0.000000000000000000e+00 0.000000000000000000e+00 3.974999999999994316e+01 2.946938775510203001e+01 3.610447761194026839e+01 3.449999999999997158e+01 2.196153846153844924e+01 2.763913824057450341e+01 2.291384388807068007e+01 2.632812499999998934e+01 1.800971524288106096e+01 4.201369863013697881e+01 3.614285714285713169e+01 3.477816901408449723e+01 1.248546088979353996e+01 7.970275066548353493e+00 1.908655172413791945e+01 3.489688715953306541e+01 0.000000000000000000e+00 0.000000000000000000e+00 0.000000000000000000e+00 0.000000000000000000e+00 0.000000000000000000e+00 0.000000000000000000e+00 7.549999999999995737e+01 5.112499999999998579e+01 7.187499999999998579e+01 4.887349397590359956e+01 5.534999999999998721e+01 8.229999999999998295e+01 5.883139534883719080e+01 3.805929487179485449e+01 6.999999999999998579e+01 7.832499999999997442e+01 0.000000000000000000e+00 6.149999999999997158e+01 1.967768595041321689e+01 2.483112582781454947e+01 3.871666666666665435e+01 0.000000000000000000e+00 3.033333333333330373e+01 0.000000000000000000e+00 5.925000000000000711e+01 3.037037037037036669e+01 4.538461538461536549e+01 3.999999999999996447e+01 4.849999999999998579e+01 4.216666666666665719e+01 3.716666666666665009e+01 3.374074074074069785e+01 2.639473684210522464e+01 3.218867924528298374e+01 3.368181818181815856e+01 2.544230769230766853e+01 4.499999999999996447e+01 0.000000000000000000e+00 4.039999999999999147e+01 1.982022471910111960e+01 1.159374999999999112e+01 2.014999999999999503e+01 3.899999999999998579e+01 0.000000000000000000e+00 0.000000000000000000e+00 0.000000000000000000e+00 0.000000000000000000e+00 0.000000000000000000e+00 0.000000000000000000e+00 5.400000000000001421e+01 0.000000000000000000e+00 0.000000000000000000e+00 0.000000000000000000e+00 6.399999999999998579e+01 6.816666666666661456e+01 6.465384615384613198e+01 5.924999999999998579e+01 0.000000000000000000e+00 0.000000000000000000e+00 0.000000000000000000e+00 0.000000000000000000e+00 2.549999999999998224e+01 3.197142857142855732e+01 3.870000000000000284e+01 0.000000000000000000e+00 4.583333333333331439e+01 0.000000000000000000e+00 0.000000000000000000e+00 2.770000000000000639e+01 4.575000000000001421e+01
