0.000000000000000000e+00 0.000000000000000000e+00 0.000000000000000000e+00 0.000000000000000000e+00 0.000000000000000000e+00 0.000000000000000000e+00 0.000000000000000000e+00 0.000000000000000000e+00 0.000000000000000000e+00 0.000000000000000000e+00 0.000000000000000000e+00 0.000000000000000000e+00 0.000000000000000000e+00 0.000000000000000000e+00 0.000000000000000000e+00 0.000000000000000000e+00 0.000000000000000000e+00 0.000000000000000000e+00 0.000000000000000000e+00 0.000000000000000000e+00 0.000000000000000000e+00 0.000000000000000000e+00 0.000000000000000000e+00 0.000000000000000000e+00 0.000000000000000000e+00 0.000000000000000000e+00 0.000000000000000000e+00 0.000000000000000000e+00 0.000000000000000000e+00 0.000000000000000000e+00 0.000000000000000000e+00 0.000000000000000000e+00 0.000000000000000000e+00 0.000000000000000000e+00 0.000000000000000000e+00 0.000000000000000000e+00 0.000000000000000000e+00 0.000000000000000000e+00 0.000000000000000000e+00 0.000000000000000000e+00 0.000000000000000000e+00 0.000000000000000000e+00 0.000000000000000000e+00 0.000000000000000000e+00 0.000000000000000000e+00 0.000000000000000000e+00 0.000000000000000000e+00 0.000000000000000000e+00 0.000000000000000000e+00 0.000000000000000000e+00 0.000000000000000000e+00 0.000000000000000000e+00 0.000000000000000000e+00 0.000000000000000000e+00 0.000000000000000000e+00 0.000000000000000000e+00 0.000000000000000000e+00 0.000000000000000000e+00 0.000000000000000000e+00 0.000000000000000000e+00 0.000000000000000000e+00 0.000000000000000000e+00 0.000000000000000000e+00 0.000000000000000000e+00 0.000000000000000000e+00 0.000000000000000000e+00 0.000000000000000000e+00 0.000000000000000000e+00 0.000000000000000000e+00 0.000000000000000000e+00 0.000000000000000000e+00 0.000000000000000000e+00 0.000000000000000000e+00 0.000000000000000000e+00 0.000000000000000000e+00 0.000000000000000000e+00 0.000000000000000000e+00 0.000000000000000000e+00 0.000000000000000000e+00 0.000000000000000000e+00 0.000000000000000000e+00 0.000000000000000000e+00 0.000000000000000000e+00 0.000000000000000000e+00 0.000000000000000000e+00 0.000000000000000000e+00 0.000000000000000000e+00 0.000000000000000000e+00 0.000000000000000000e+00
0.000000000000000000e+00 0.000000000000000000e+00 0.000000000000000000e+00 0.000000000000000000e+00 0.000000000000000000e+00 0.000000000000000000e+00 0.000000000000000000e+00 0.000000000000000000e+00 0.000000000000000000e+00 0.000000000000000000e+00 0.000000000000000000e+00 0.000000000000000000e+00 0.000000000000000000e+00 0.000000000000000000e+00 0.000000000000000000e+00 0.000000000000000000e+00 0.000000000000000000e+00 0.000000000000000000e+00 0.000000000000000000e+00 0.000000000000000000e+00 0.000000000000000000e+00 0.000000000000000000e+00 0.000000000000000000e+00 0.000000000000000000e+00 0.000000000000000000e+00 0.000000000000000000e+00 0.000000000000000000e+00 0.000000000000000000e+00 0.000000000000000000e+00 0.000000000000000000e+00 0.000000000000000000e+00 0.000000000000000000e+00 0.000000000000000000e+00 0.000000000000000000e+00 0.000000000000000000e+00 0.000000000000000000e+00 0.000000000000000000e+00 0.000000000000000000e+00 0.000000000000000000e+00 0.000000000000000000e+00 0.000000000000000000e+00 0.000000000000000000e+00 0.000000000000000000e+00 0.000000000000000000e+00 0.000000000000000000e+00 0.000000000000000000e+00 0.000000000000000000e+00 0.000000000000000000e+00 0.000000000000000000e+00 0.000000000000000000e+00 0.000000000000000000e+00 0.000000000000000000e+00 0.000000000000000000e+00 0.000000000000000000e+00 0.000000000000000000e+00 0.000000000000000000e+00 0.000000000000000000e+00 0.000000000000000000e+00 0.000000000000000000e+00 0.000000000000000000e+00 0.000000000000000000e+00 0.000000000000000000e+00 0.000000000000000000e+00 0.000000000000000000e+00 0.000000000000000000e+00 0.000000000000000000e+00 0.000000000000000000e+00 0.000000000000000000e+00 0.000000000000000000e+00 0.000000000000000000e+00 0.000000000000000000e+00 0.000000000000000000e+00 0.000000000000000000e+00 0.000000000000000000e+00 0.000000000000000000e+00 0.000000000000000000e+00 0.000000000000000000e+00 0.000000000000000000e+00 0.000000000000000000e+00 0.000000000000000000e+00 0.000000000000000000e+00 0.000000000000000000e+00 0.000000000000000000e+00 0.000000000000000000e+00 0.000000000000000000e+00 0.000000000000000000e+00 0.000000000000000000e+00 0.000000000000000000e+00 0.000000000000000000e+00
0.000000000000000000e+00 0.000000000000000000e+00 0.000000000000000000e+00 0.000000000000000000e+00 0.000000000000000000e+00 0.000000000000000000e+00 0.000000000000000000e+00 0.000000000000000000e+00 0.000000000000000000e+00 0.000000000000000000e+00 0.000000000000000000e+00 0.000000000000000000e+00 0.000000000000000000e+00 0.000000000000000000e+00 0.000000000000000000e+00 0.000000000000000000e+00 0.000000000000000000e+00 0.000000000000000000e+00 0.000000000000000000e+00 0.000000000000000000e+00 0.000000000000000000e+00 0.000000000000000000e+00 0.000000000000000000e+00 0.000000000000000000e+00 0.000000000000000000e+00 0.000000000000000000e+00 0.000000000000000000e+00 0.000000000000000000e+00 0.000000000000000000e+00 0.000000000000000000e+00 0.000000000000000000e+00 0.000000000000000000e+00 0.000000000000000000e+00 0.000000000000000000e+00 0.000000000000000000e+00 0.000000000000000000e+00 0.000000000000000000e+00 0.000000000000000000e+00 0.000000000000000000e+00 0.000000000000000000e+00 0.000000000000000000e+00 0.000000000000000000e+00 0.000000000000000000e+00 0.000000000000000000e+00 0.000000000000000000e+00 0.000000000000000000e+00 0.000000000000000000e+00 0.000000000000000000e+00 0.000000000000000000e+00 0.000000000000000000e+00 0.000000000000000000e+00 0.000000000000000000e+00 0.000000000000000000e+00 0.000000000000000000e+00 0.000000000000000000e+00 0.000000000000000000e+00 0.000000000000000000e+00 0.000000000000000000e+00 0.000000000000000000e+00 0.000000000000000000e+00 0.000000000000000000e+00 0.000000000000000000e+00 0.000000000000000000e+00 0.000000000000000000e+00 0.000000000000000000e+00 0.000000000000000000e+00 0.000000000000000000e+00 0.000000000000000000e+00 0.000000000000000000e+00 0.000000000000000000e+00 0.000000000000000000e+00 0.000000000000000000e+00 0.000000000000000000e+00 0.000000000000000000e+00 0.000000000000000000e+00 0.000000000000000000e+00 0.000000000000000000e+00 0.000000000000000000e+00 0.000000000000000000e+00 0.000000000000000000e+00 0.000000000000000000e+00 0.000000000000000000e+00 0.000000000000000000e+00 0.000000000000000000e+00 0.000000000000000000e+00 0.000000000000000000e+00 0.000000000000000000e+00 0.000000000000000000e+00 0.000000000000000000e+00
0.000000000000000000e+00 0.000000000000000000e+00 0.000000000000000000e+00 6.160000000000000000e+02 1.013000000000000000e+03 3.820000000000000000e+02 5.000000000000000000e+00 3.400000000000000000e+01 6.000000000000000000e+00 4.320000000000000000e+02 4.000000000000000000e+00 1.072000000000000000e+03 0.000000000000000000e+00 2.000000000000000000e+00 5.000000000000000000e+00 8.000000000000000000e+00 2.000000000000000000e+00 1.000000000000000000e+00 0.000000000000000000e+00 0.000000000000000000e+00 0.000000000000000000e+00 0.000000000000000000e+00 0.000000000000000000e+00 0.000000000000000000e+00 0.000000000000000000e+00 0.000000000000000000e+00 0.000000000000000000e+00 0.000000000000000000e+00 1.000000000000000000e+00 5.000000000000000000e+00 0.000000000000000000e+00 5.000000000000000000e+00 2.000000000000000000e+00 0.000000000000000000e+00 2.000000000000000000e+00 0.000000000000000000e+00 0.000000000000000000e+00 1.000000000000000000e+01 6.500000000000000000e+01 0.000000000000000000e+00 0.000000000000000000e+00 0.000000000000000000e+00 0.000000000000000000e+00 0.000000000000000000e+00 2.000000000000000000e+00 0.000000000000000000e+00 0.000000000000000000e+00 0.000000000000000000e+00 1.000000000000000000e+00 0.000000000000000000e+00 0.000000000000000000e+00 0.000000000000000000e+00 0.000000000000000000e+00 0.000000000000000000e+00 0.000000000000000000e+00 0.000000000000000000e+00 0.000000000000000000e+00 0.000000000000000000e+00 0.000000000000000000e+00 0.000000000000000000e+00 0.000000000000000000e+00 0.000000000000000000e+00 0.000000000000000000e+00 0.000000000000000000e+00 0.000000000000000000e+00 0.000000000000000000e+00 0.000000000000000000e+00 0.000000000000000000e+00 0.000000000000000000e+00 0.000000000000000000e+00 0.000000000000000000e+00 0.000000000000000000e+00 0.000000000000000000e+00 0.000000000000000000e+00 0.000000000000000000e+00 0.000000000000000000e+00 0.000000000000000000e+00 0.000000000000000000e+00 0.000000000000000000e+00 0.000000000000000000e+00 0.000000000000000000e+00 0.000000000000000000e+00 0.000000000000000000e+00 0.000000000000000000e+00 0.000000000000000000e+00 0.000000000000000000e+00 0.000000000000000000e+00 0.000000000000000000e+00 0.000000000000000000e+00
0.000000000000000000e+00 0.000000000000000000e+00 0.000000000000000000e+00 1.013000000000000000e+03 1.528600000000000000e+04 1.275300000000000000e+04 5.700000000000000000e+01 4.520000000000000000e+02 9.900000000000000000e+01 1.838000000000000000e+03 9.700000000000000000e+01 1.599000000000000000e+03 1.600000000000000000e+01 5.000000000000000000e+00 1.260000000000000000e+02 9.360000000000000000e+02 4.900000000000000000e+01 3.700000000000000000e+01 4.100000000000000000e+01 0.000000000000000000e+00 0.000000000000000000e+00 0.000000000000000000e+00 2.000000000000000000e+00 0.000000000000000000e+00 1.000000000000000000e+00 4.000000000000000000e+00 3.000000000000000000e+00 2.000000000000000000e+00 1.900000000000000000e+01 3.400000000000000000e+01 2.000000000000000000e+00 6.100000000000000000e+01 3.100000000000000000e+01 0.000000000000000000e+00 6.000000000000000000e+00 0.000000000000000000e+00 0.000000000000000000e+00 1.831000000000000000e+03 2.489000000000000000e+03 1.000000000000000000e+01 0.000000000000000000e+00 3.000000000000000000e+00 2.000000000000000000e+00 2.000000000000000000e+00 1.982000000000000000e+03 1.500000000000000000e+01 0.000000000000000000e+00 1.000000000000000000e+00 2.000000000000000000e+00 0.000000000000000000e+00 5.000000000000000000e+00 3.000000000000000000e+00 2.000000000000000000e+00 4.000000000000000000e+00 4.000000000000000000e+00 2.000000000000000000e+00 0.000000000000000000e+00 0.000000000000000000e+00 5.000000000000000000e+00 1.000000000000000000e+00 1.000000000000000000e+00 0.000000000000000000e+00 0.000000000000000000e+00 0.000000000000000000e+00 0.000000000000000000e+00 0.000000000000000000e+00 0.000000000000000000e+00 0.000000000000000000e+00 0.000000000000000000e+00 0.000000000000000000e+00 0.000000000000000000e+00 0.000000000000000000e+00 0.000000000000000000e+00 0.000000000000000000e+00 0.000000000000000000e+00 0.000000000000000000e+00 0.000000000000000000e+00 0.000000000000000000e+00 0.000000000000000000e+00 0.000000000000000000e+00 2.000000000000000000e+01 1.700000000000000000e+01 0.000000000000000000e+00 0.000000000000000000e+00 0.000000000000000000e+00 0.000000000000000000e+00 0.000000000000000000e+00 4.000000000000000000e+00 5.000000000000000000e+00
0.000000000000000000e+00 0.000000000000000000e+00 0.000000000000000000e+00 3.820000000000000000e+02 1.275300000000000000e+04 2.326600000000000000e+04 3.480000000000000000e+03 5.620000000000000000e+03 3.570000000000000000e+02 6.865000000000000000e+03 2.050000000000000000e+02 2.045000000000000000e+03 4.500000000000000000e+01 1.200000000000000000e+01 6.180000000000000000e+02 1.076000000000000000e+03 6.700000000000000000e+01 4.600000000000000000e+01 3.000000000000000000e+01 0.000000000000000000e+00 2.000000000000000000e+00 1.000000000000000000e+00 9.000000000000000000e+00 3.000000000000000000e+00 1.100000000000000000e+01 2.800000000000000000e+01 1.000000000000000000e+00 5.000000000000000000e+00 3.800000000000000000e+01 9.800000000000000000e+01 1.300000000000000000e+01 2.060000000000000000e+02 9.400000000000000000e+01 1.000000000000000000e+00 2.200000000000000000e+01 0.000000000000000000e+00 3.000000000000000000e+00 2.183000000000000000e+03 1.092400000000000000e+04 6.300000000000000000e+01 0.000000000000000000e+00 4.000000000000000000e+00 9.000000000000000000e+00 5.600000000000000000e+01 4.300000000000000000e+02 1.600000000000000000e+01 0.000000000000000000e+00 0.000000000000000000e+00 5.000000000000000000e+00 0.000000000000000000e+00 1.000000000000000000e+01 9.000000000000000000e+00 2.900000000000000000e+01 3.000000000000000000e+00 1.300000000000000000e+01 3.000000000000000000e+00 0.000000000000000000e+00 6.000000000000000000e+00 3.100000000000000000e+01 7.000000000000000000e+00 7.000000000000000000e+00 1.000000000000000000e+00 0.000000000000000000e+00 0.000000000000000000e+00 0.000000000000000000e+00 0.000000000000000000e+00 0.000000000000000000e+00 0.000000000000000000e+00 0.000000000000000000e+00 0.000000000000000000e+00 0.000000000000000000e+00 1.000000000000000000e+00 0.000000000000000000e+00 0.000000000000000000e+00 1.000000000000000000e+00 1.000000000000000000e+00 0.000000000000000000e+00 0.000000000000000000e+00 0.000000000000000000e+00 0.000000000000000000e+00 1.900000000000000000e+01 4.100000000000000000e+01 1.000000000000000000e+00 0.000000000000000000e+00 0.000000000000000000e+00 0.000000000000000000e+00 0.000000000000000000e+00 1.200000000000000000e+01 3.000000000000000000e+00
0.000000000000000000e+00 0.000000000000000000e+00 0.000000000000000000e+00 5.000000000000000000e+00 5.700000000000000000e+01 3.480000000000000000e+03 4.906000000000000000e+03 3.836000000000000000e+03 2.980000000000000000e+02 1.513000000000000000e+03 1.200000000000000000e+01 3.800000000000000000e+01 8.000000000000000000e+00 0.000000000000000000e+00 1.250000000000000000e+02 2.000000000000000000e+01 2.000000000000000000e+00 1.000000000000000000e+00 3.000000000000000000e+00 0.000000000000000000e+00 0.000000000000000000e+00 0.000000000000000000e+00 0.000000000000000000e+00 1.000000000000000000e+00 0.000000000000000000e+00 1.000000000000000000e+00 0.000000000000000000e+00 0.000000000000000000e+00 6.000000000000000000e+00 3.800000000000000000e+01 3.000000000000000000e+00 5.000000000000000000e+00 0.000000000000000000e+00 0.000000000000000000e+00 4.000000000000000000e+00 0.000000000000000000e+00 1.000000000000000000e+00 4.100000000000000000e+01 1.500000000000000000e+02 3.000000000000000000e+00 0.000000000000000000e+00 0.000000000000000000e+00 0.000000000000000000e+00 1.000000000000000000e+00 1.000000000000000000e+00 0.000000000000000000e+00 0.000000000000000000e+00 0.000000000000000000e+00 0.000000000000000000e+00 0.000000000000000000e+00 0.000000000000000000e+00 0.000000000000000000e+00 1.000000000000000000e+00 1.000000000000000000e+00 0.000000000000000000e+00 0.000000000000000000e+00 0.000000000000000000e+00 0.000000000000000000e+00 0.000000000000000000e+00 1.000000000000000000e+00 0.000000000000000000e+00 0.000000000000000000e+00 0.000000000000000000e+00 0.000000000000000000e+00 0.000000000000000000e+00 0.000000000000000000e+00 0.000000000000000000e+00 0.000000000000000000e+00 0.000000000000000000e+00 0.000000000000000000e+00 0.000000000000000000e+00 0.000000000000000000e+00 0.000000000000000000e+00 0.000000000000000000e+00 0.000000000000000000e+00 0.000000000000000000e+00 0.000000000000000000e+00 0.000000000000000000e+00 0.000000000000000000e+00 0.000000000000000000e+00 2.000000000000000000e+00 0.000000000000000000e+00 0.000000000000000000e+00 0.000000000000000000e+00 0.000000000000000000e+00 0.000000000000000000e+00 0.000000000000000000e+00 0.000000000000000000e+00 0.000000000000000000e+00
0.000000000000000000e+00 0.000000000000000000e+00 0.000000000000000000e+00 3.400000000000000000e+01 4.520000000000000000e+02 5.620000000000000000e+03 3.836000000000000000e+03 1.032000000000000000e+04 5.291000000000000000e+03 5.956000000000000000e+03 1.370000000000000000e+02 2.009000000000000000e+03 1.370000000000000000e+02 1.000000000000000000e+00 5.910000000000000000e+02 9.040000000000000000e+02 1.430000000000000000e+02 2.200000000000000000e+01 2.100000000000000000e+01 0.000000000000000000e+00 1.000000000000000000e+00 0.000000000000000000e+00 0.000000000000000000e+00 0.000000000000000000e+00 3.000000000000000000e+00 5.000000000000000000e+00 3.000000000000000000e+00 6.000000000000000000e+00 1.350000000000000000e+02 6.150000000000000000e+02 3.400000000000000000e+01 1.350000000000000000e+02 6.900000000000000000e+01 1.000000000000000000e+01 7.400000000000000000e+01 0.000000000000000000e+00 3.000000000000000000e+00 1.070000000000000000e+02 4.500000000000000000e+02 7.000000000000000000e+00 0.000000000000000000e+00 0.000000000000000000e+00 5.000000000000000000e+00 2.000000000000000000e+00 1.200000000000000000e+01 7.000000000000000000e+00 0.000000000000000000e+00 3.000000000000000000e+00 4.000000000000000000e+00 1.000000000000000000e+00 1.400000000000000000e+01 1.600000000000000000e+01 2.500000000000000000e+01 1.000000000000000000e+00 2.200000000000000000e+01 0.000000000000000000e+00 0.000000000000000000e+00 4.000000000000000000e+00 5.800000000000000000e+01 8.000000000000000000e+00 2.000000000000000000e+00 1.000000000000000000e+00 0.000000000000000000e+00 0.000000000000000000e+00 0.000000000000000000e+00 0.000000000000000000e+00 0.000000000000000000e+00 0.000000000000000000e+00 0.000000000000000000e+00 0.000000000000000000e+00 0.000000000000000000e+00 0.000000000000000000e+00 1.000000000000000000e+00 0.000000000000000000e+00 0.000000000000000000e+00 4.000000000000000000e+00 0.000000000000000000e+00 0.000000000000000000e+00 0.000000000000000000e+00 0.000000000000000000e+00 1.000000000000000000e+01 2.700000000000000000e+01 0.000000000000000000e+00 0.000000000000000000e+00 0.000000000000000000e+00 0.000000000000000000e+00 0.000000000000000000e+00 5.000000000000000000e+00 0.000000000000000000e+00
0.000000000000000000e+00 0.000000000000000000e+00 0.000000000000000000e+00 6.000000000000000000e+00 9.900000000000000000e+01 3.570000000000000000e+02 2.980000000000000000e+02 5.291000000000000000e+03 1.635700000000000000e+04 4.470000000000000000e+03 5.780000000000000000e+02 2.245000000000000000e+03 2.905000000000000000e+03 1.700000000000000000e+01 1.462000000000000000e+03 6.080000000000000000e+02 5.570000000000000000e+02 4.400000000000000000e+01 3.300000000000000000e+01 0.000000000000000000e+00 1.000000000000000000e+00 0.000000000000000000e+00 0.000000000000000000e+00 0.000000000000000000e+00 0.000000000000000000e+00 1.100000000000000000e+01 1.300000000000000000e+01 1.400000000000000000e+01 7.940000000000000000e+02 1.656000000000000000e+03 8.100000000000000000e+01 2.650000000000000000e+02 1.120000000000000000e+02 8.000000000000000000e+00 7.500000000000000000e+01 0.000000000000000000e+00 6.000000000000000000e+00 7.550000000000000000e+02 2.384000000000000000e+03 1.800000000000000000e+02 0.000000000000000000e+00 1.700000000000000000e+01 8.000000000000000000e+00 1.300000000000000000e+01 2.200000000000000000e+01 1.000000000000000000e+02 0.000000000000000000e+00 1.000000000000000000e+00 2.000000000000000000e+00 0.000000000000000000e+00 1.400000000000000000e+01 4.700000000000000000e+01 5.500000000000000000e+01 1.400000000000000000e+01 2.500000000000000000e+01 3.000000000000000000e+00 0.000000000000000000e+00 3.000000000000000000e+00 2.400000000000000000e+01 4.100000000000000000e+01 6.000000000000000000e+00 1.000000000000000000e+00 0.000000000000000000e+00 0.000000000000000000e+00 0.000000000000000000e+00 0.000000000000000000e+00 0.000000000000000000e+00 0.000000000000000000e+00 0.000000000000000000e+00 0.000000000000000000e+00 0.000000000000000000e+00 1.000000000000000000e+00 1.000000000000000000e+00 0.000000000000000000e+00 2.000000000000000000e+00 0.000000000000000000e+00 0.000000000000000000e+00 0.000000000000000000e+00 0.000000000000000000e+00 0.000000000000000000e+00 1.200000000000000000e+01 2.700000000000000000e+01 2.000000000000000000e+00 0.000000000000000000e+00 0.000000000000000000e+00 0.000000000000000000e+00 0.000000000000000000e+00 0.000000000000000000e+00 0.000000000000000000e+00
0.000000000000000000e+00 0.000000000000000000e+00 0.000000000000000000e+00 4.320000000000000000e+02 1.838000000000000000e+03 6.865000000000000000e+03 1.513000000000000000e+03 5.956000000000000000e+03 4.470000000000000000e+03 6.449400000000000000e+04 5.267000000000000000e+03 1.790300000000000000e+04 5.000000000000000000e+02 5.800000000000000000e+01 2.246000000000000000e+03 2.353000000000000000e+03 1.358000000000000000e+03 2.650000000000000000e+02 1.770000000000000000e+02 0.000000000000000000e+00 1.400000000000000000e+01 3.000000000000000000e+00 2.000000000000000000e+00 2.000000000000000000e+00 1.000000000000000000e+01 5.300000000000000000e+01 1.100000000000000000e+01 4.200000000000000000e+01 2.760000000000000000e+02 1.309000000000000000e+03 1.830000000000000000e+02 2.125000000000000000e+03 8.070000000000000000e+02 5.700000000000000000e+01 4.670000000000000000e+02 1.700000000000000000e+01 3.900000000000000000e+01 2.745000000000000000e+03 8.793000000000000000e+03 1.710000000000000000e+02 0.000000000000000000e+00 2.400000000000000000e+01 2.100000000000000000e+01 3.300000000000000000e+01 5.900000000000000000e+01 1.140000000000000000e+02 1.000000000000000000e+00 3.000000000000000000e+00 1.200000000000000000e+01 1.000000000000000000e+00 3.200000000000000000e+01 9.600000000000000000e+01 1.350000000000000000e+02 7.400000000000000000e+01 9.800000000000000000e+01 1.600000000000000000e+01 2.000000000000000000e+00 6.000000000000000000e+00 6.000000000000000000e+01 7.100000000000000000e+01 2.000000000000000000e+01 6.000000000000000000e+00 1.000000000000000000e+00 0.000000000000000000e+00 0.000000000000000000e+00 0.000000000000000000e+00 0.000000000000000000e+00 0.000000000000000000e+00 0.000000000000000000e+00 0.000000000000000000e+00 0.000000000000000000e+00 2.000000000000000000e+00 2.000000000000000000e+00 7.000000000000000000e+00 9.000000000000000000e+00 3.000000000000000000e+00 0.000000000000000000e+00 0.000000000000000000e+00 0.000000000000000000e+00 0.000000000000000000e+00 3.500000000000000000e+01 8.500000000000000000e+01 3.000000000000000000e+00 0.000000000000000000e+00 0.000000000000000000e+00 0.000000000000000000e+00 0.000000000000000000e+00 1.000000000000000000e+00 2.000000000000000000e+00
0.000000000000000000e+00 0.000000000000000000e+00 0.000000000000000000e+00 4.000000000000000000e+00 9.700000000000000000e+01 2.050000000000000000e+02 1.200000000000000000e+01 1.370000000000000000e+02 5.780000000000000000e+02 5.267000000000000000e+03 2.414600000000000000e+04 7.276000000000000000e+03 4.281000000000000000e+03 6.900000000000000000e+01 9.530000000000000000e+02 3.310000000000000000e+02 3.840000000000000000e+02 3.030000000000000000e+02 2.540000000000000000e+02 1.000000000000000000e+00 2.000000000000000000e+01 6.000000000000000000e+00 5.000000000000000000e+00 0.000000000000000000e+00 2.100000000000000000e+01 1.360000000000000000e+02 1.000000000000000000e+01 1.020000000000000000e+02 7.600000000000000000e+02 1.984000000000000000e+03 5.750000000000000000e+02 3.197000000000000000e+03 1.282000000000000000e+03 1.050000000000000000e+02 1.118000000000000000e+03 2.800000000000000000e+01 5.100000000000000000e+01 1.204000000000000000e+03 2.377000000000000000e+03 6.900000000000000000e+02 0.000000000000000000e+00 1.570000000000000000e+02 2.700000000000000000e+01 1.080000000000000000e+02 7.000000000000000000e+00 5.650000000000000000e+02 0.000000000000000000e+00 0.000000000000000000e+00 1.000000000000000000e+00 0.000000000000000000e+00 2.000000000000000000e+00 1.100000000000000000e+01 3.600000000000000000e+01 6.000000000000000000e+01 3.500000000000000000e+01 1.700000000000000000e+01 0.000000000000000000e+00 1.000000000000000000e+00 8.000000000000000000e+00 2.300000000000000000e+01 2.500000000000000000e+01 2.000000000000000000e+00 0.000000000000000000e+00 0.000000000000000000e+00 0.000000000000000000e+00 0.000000000000000000e+00 0.000000000000000000e+00 0.000000000000000000e+00 0.000000000000000000e+00 0.000000000000000000e+00 0.000000000000000000e+00 0.000000000000000000e+00 2.000000000000000000e+00 0.000000000000000000e+00 1.000000000000000000e+00 2.000000000000000000e+00 0.000000000000000000e+00 0.000000000000000000e+00 0.000000000000000000e+00 0.000000000000000000e+00 7.000000000000000000e+00 3.000000000000000000e+01 7.000000000000000000e+00 0.000000000000000000e+00 1.000000000000000000e+00 0.000000000000000000e+00 2.000000000000000000e+00 1.000000000000000000e+00 1.000000000000000000e+00
0.000000000000000000e+00 0.000000000000000000e+00 0.000000000000000000e+00 1.072000000000000000e+03 1.599000000000000000e+03 2.045000000000000000e+03 3.800000000000000000e+01 2.009000000000000000e+03 2.245000000000000000e+03 1.790300000000000000e+04 7.276000000000000000e+03 1.081310000000000000e+05 5.070000000000000000e+03 6.417000000000000000e+03 1.026000000000000000e+03 3.489000000000000000e+03 2.985000000000000000e+03 1.425000000000000000e+03 9.920000000000000000e+02 0.000000000000000000e+00 1.000000000000000000e+00 0.000000000000000000e+00 1.000000000000000000e+00 0.000000000000000000e+00 7.000000000000000000e+00 6.800000000000000000e+01 1.300000000000000000e+01 6.000000000000000000e+01 1.667000000000000000e+03 1.208000000000000000e+03 1.100000000000000000e+02 2.384000000000000000e+03 1.415000000000000000e+03 2.500000000000000000e+01 1.380000000000000000e+02 1.000000000000000000e+00 1.200000000000000000e+01 2.308000000000000000e+03 5.369000000000000000e+03 5.990000000000000000e+02 0.000000000000000000e+00 1.320000000000000000e+02 9.000000000000000000e+00 6.500000000000000000e+01 3.200000000000000000e+01 4.390000000000000000e+02 0.000000000000000000e+00 1.000000000000000000e+00 4.000000000000000000e+00 1.000000000000000000e+00 1.800000000000000000e+01 5.800000000000000000e+01 7.200000000000000000e+01 6.500000000000000000e+01 2.950000000000000000e+02 1.400000000000000000e+01 6.000000000000000000e+00 4.000000000000000000e+00 4.900000000000000000e+01 5.400000000000000000e+01 3.900000000000000000e+01 7.000000000000000000e+00 0.000000000000000000e+00 0.000000000000000000e+00 0.000000000000000000e+00 0.000000000000000000e+00 0.000000000000000000e+00 0.000000000000000000e+00 0.000000000000000000e+00 0.000000000000000000e+00 0.000000000000000000e+00 0.000000000000000000e+00 1.000000000000000000e+00 0.000000000000000000e+00 1.000000000000000000e+01 6.000000000000000000e+00 0.000000000000000000e+00 0.000000000000000000e+00 0.000000000000000000e+00 0.000000000000000000e+00 3.000000000000000000e+01 5.400000000000000000e+01 9.000000000000000000e+00 0.000000000000000000e+00 1.000000000000000000e+00 0.000000000000000000e+00 1.000000000000000000e+00 0.000000000000000000e+00 3.000000000000000000e+00
0.000000000000000000e+00 0.000000000000000000e+00 0.000000000000000000e+00 0.000000000000000000e+00 1.600000000000000000e+01 4.500000000000000000e+01 8.000000000000000000e+00 1.370000000000000000e+02 2.905000000000000000e+03 5.000000000000000000e+02 4.281000000000000000e+03 5.070000000000000000e+03 5.227600000000000000e+04 9.663000000000000000e+03 3.275000000000000000e+03 6.700000000000000000e+01 7.300000000000000000e+01 6.130000000000000000e+02 2.430000000000000000e+02 1.000000000000000000e+00 9.000000000000000000e+00 2.000000000000000000e+00 3.000000000000000000e+00 2.000000000000000000e+00 6.000000000000000000e+00 3.580000000000000000e+02 3.200000000000000000e+01 4.300000000000000000e+01 1.515900000000000000e+04 6.999000000000000000e+03 1.800000000000000000e+02 1.833000000000000000e+03 5.470000000000000000e+02 1.800000000000000000e+01 1.700000000000000000e+02 7.000000000000000000e+00 9.000000000000000000e+00 1.322000000000000000e+03 1.118200000000000000e+04 2.601000000000000000e+03 0.000000000000000000e+00 7.020000000000000000e+02 1.500000000000000000e+01 3.220000000000000000e+02 1.000000000000000000e+00 6.250000000000000000e+02 0.000000000000000000e+00 0.000000000000000000e+00 0.000000000000000000e+00 0.000000000000000000e+00 1.000000000000000000e+00 0.000000000000000000e+00 2.000000000000000000e+00 8.000000000000000000e+00 2.000000000000000000e+00 7.000000000000000000e+00 1.000000000000000000e+00 2.000000000000000000e+00 2.000000000000000000e+00 6.000000000000000000e+00 1.900000000000000000e+01 3.000000000000000000e+00 0.000000000000000000e+00 0.000000000000000000e+00 0.000000000000000000e+00 0.000000000000000000e+00 0.000000000000000000e+00 0.000000000000000000e+00 0.000000000000000000e+00 0.000000000000000000e+00 0.000000000000000000e+00 1.000000000000000000e+00 2.000000000000000000e+00 0.000000000000000000e+00 1.000000000000000000e+00 2.000000000000000000e+00 0.000000000000000000e+00 0.000000000000000000e+00 0.000000000000000000e+00 0.000000000000000000e+00 4.000000000000000000e+00 1.300000000000000000e+01 2.000000000000000000e+00 0.000000000000000000e+00 0.000000000000000000e+00 0.000000000000000000e+00 2.000000000000000000e+00 0.000000000000000000e+00 1.000000000000000000e+00
0.000000000000000000e+00 0.000000000000000000e+00 0.000000000000000000e+00 2.000000000000000000e+00 5.000000000000000000e+00 1.200000000000000000e+01 0.000000000000000000e+00 1.000000000000000000e+00 1.700000000000000000e+01 5.800000000000000000e+01 6.900000000000000000e+01 6.417000000000000000e+03 9.663000000000000000e+03 7.659000000000000000e+03 7.100000000000000000e+01 6.600000000000000000e+01 7.000000000000000000e+01 2.090000000000000000e+02 6.100000000000000000e+01 0.000000000000000000e+00 1.000000000000000000e+00 0.000000000000000000e+00 1.000000000000000000e+00 1.000000000000000000e+00 1.000000000000000000e+00 2.000000000000000000e+00 3.000000000000000000e+00 1.000000000000000000e+00 7.581000000000000000e+03 1.400000000000000000e+02 0.000000000000000000e+00 3.310000000000000000e+02 2.760000000000000000e+02 1.000000000000000000e+00 2.000000000000000000e+00 0.000000000000000000e+00 2.000000000000000000e+00 2.600000000000000000e+01 1.150000000000000000e+02 4.200000000000000000e+01 0.000000000000000000e+00 1.300000000000000000e+01 2.000000000000000000e+00 9.000000000000000000e+00 0.000000000000000000e+00 1.400000000000000000e+01 0.000000000000000000e+00 0.000000000000000000e+00 0.000000000000000000e+00 0.000000000000000000e+00 0.000000000000000000e+00 0.000000000000000000e+00 0.000000000000000000e+00 0.000000000000000000e+00 6.000000000000000000e+00 0.000000000000000000e+00 0.000000000000000000e+00 0.000000000000000000e+00 0.000000000000000000e+00 1.000000000000000000e+00 1.000000000000000000e+00 0.000000000000000000e+00 0.000000000000000000e+00 0.000000000000000000e+00 0.000000000000000000e+00 0.000000000000000000e+00 0.000000000000000000e+00 0.000000000000000000e+00 0.000000000000000000e+00 0.000000000000000000e+00 0.000000000000000000e+00 0.000000000000000000e+00 1.000000000000000000e+00 0.000000000000000000e+00 1.000000000000000000e+00 1.000000000000000000e+00 0.000000000000000000e+00 0.000000000000000000e+00 0.000000000000000000e+00 0.000000000000000000e+00 0.000000000000000000e+00 0.000000000000000000e+00 0.000000000000000000e+00 0.000000000000000000e+00 0.000000000000000000e+00 0.000000000000000000e+00 0.000000000000000000e+00 0.000000000000000000e+00 0.000000000000000000e+00
0.000000000000000000e+00 0.000000000000000000e+00 0.000000000000000000e+00 5.000000000000000000e+00 1.260000000000000000e+02 6.180000000000000000e+02 1.250000000000000000e+02 5.910000000000000000e+02 1.462000000000000000e+03 2.246000000000000000e+03 9.530000000000000000e+02 1.026000000000000000e+03 3.275000000000000000e+03 7.100000000000000000e+01 8.802000000000000000e+03 2.530000000000000000e+02 1.420000000000000000e+02 5.230000000000000000e+02 1.173000000000000000e+03 1.160000000000000000e+02 4.630000000000000000e+02 4.300000000000000000e+01 4.480000000000000000e+02 3.790000000000000000e+02 1.201000000000000000e+03 2.773000000000000000e+03 8.750000000000000000e+02 3.820000000000000000e+02 2.956000000000000000e+03 8.610000000000000000e+02 8.770000000000000000e+02 3.995000000000000000e+03 1.281000000000000000e+03 8.000000000000000000e+01 2.304000000000000000e+03 7.000000000000000000e+01 2.500000000000000000e+02 4.590000000000000000e+02 1.121200000000000000e+04 4.080000000000000000e+02 0.000000000000000000e+00 8.720000000000000000e+02 1.378000000000000000e+03 9.710000000000000000e+02 2.100000000000000000e+01 9.800000000000000000e+02 0.000000000000000000e+00 0.000000000000000000e+00 2.000000000000000000e+00 0.000000000000000000e+00 0.000000000000000000e+00 3.000000000000000000e+00 2.000000000000000000e+01 2.600000000000000000e+01 9.000000000000000000e+00 4.000000000000000000e+00 1.000000000000000000e+00 0.000000000000000000e+00 6.000000000000000000e+00 1.200000000000000000e+01 7.000000000000000000e+00 2.100000000000000000e+01 0.000000000000000000e+00 0.000000000000000000e+00 1.000000000000000000e+00 0.000000000000000000e+00 0.000000000000000000e+00 0.000000000000000000e+00 1.000000000000000000e+00 2.000000000000000000e+00 0.000000000000000000e+00 1.000000000000000000e+00 4.000000000000000000e+00 5.000000000000000000e+00 6.000000000000000000e+00 1.500000000000000000e+01 0.000000000000000000e+00 0.000000000000000000e+00 0.000000000000000000e+00 0.000000000000000000e+00 9.000000000000000000e+00 2.500000000000000000e+01 7.000000000000000000e+00 0.000000000000000000e+00 2.000000000000000000e+00 9.000000000000000000e+00 0.000000000000000000e+00 2.000000000000000000e+00 1.000000000000000000e+00
0.000000000000000000e+00 0.000000000000000000e+00 0.000000000000000000e+00 8.000000000000000000e+00 9.360000000000000000e+02 1.076000000000000000e+03 2.000000000000000000e+01 9.040000000000000000e+02 6.080000000000000000e+02 2.353000000000000000e+03 3.310000000000000000e+02 3.489000000000000000e+03 6.700000000000000000e+01 6.600000000000000000e+01 2.530000000000000000e+02 4.358000000000000000e+03 3.439000000000000000e+03 1.701000000000000000e+03 1.686000000000000000e+03 0.000000000000000000e+00 1.000000000000000000e+00 0.000000000000000000e+00 0.000000000000000000e+00 0.000000000000000000e+00 0.000000000000000000e+00 2.000000000000000000e+01 1.100000000000000000e+01 1.300000000000000000e+01 1.470000000000000000e+02 1.630000000000000000e+02 1.500000000000000000e+01 3.640000000000000000e+02 6.050000000000000000e+02 2.000000000000000000e+00 2.600000000000000000e+01 0.000000000000000000e+00 2.000000000000000000e+00 9.060000000000000000e+02 3.234000000000000000e+03 3.300000000000000000e+01 0.000000000000000000e+00 5.000000000000000000e+00 2.000000000000000000e+00 1.100000000000000000e+01 6.820000000000000000e+02 2.300000000000000000e+01 0.000000000000000000e+00 6.000000000000000000e+00 2.000000000000000000e+00 0.000000000000000000e+00 2.300000000000000000e+01 2.100000000000000000e+01 4.700000000000000000e+01 2.600000000000000000e+01 3.200000000000000000e+01 4.000000000000000000e+00 0.000000000000000000e+00 5.000000000000000000e+00 4.700000000000000000e+01 2.200000000000000000e+01 1.800000000000000000e+01 1.600000000000000000e+01 0.000000000000000000e+00 0.000000000000000000e+00 0.000000000000000000e+00 0.000000000000000000e+00 0.000000000000000000e+00 0.000000000000000000e+00 0.000000000000000000e+00 0.000000000000000000e+00 0.000000000000000000e+00 4.000000000000000000e+00 3.000000000000000000e+00 0.000000000000000000e+00 3.000000000000000000e+00 4.000000000000000000e+00 0.000000000000000000e+00 0.000000000000000000e+00 0.000000000000000000e+00 0.000000000000000000e+00 1.700000000000000000e+01 4.600000000000000000e+01 3.000000000000000000e+00 0.000000000000000000e+00 0.000000000000000000e+00 2.000000000000000000e+00 0.000000000000000000e+00 8.000000000000000000e+00 1.000000000000000000e+00
0.000000000000000000e+00 0.000000000000000000e+00 0.000000000000000000e+00 2.000000000000000000e+00 4.900000000000000000e+01 6.700000000000000000e+01 2.000000000000000000e+00 1.430000000000000000e+02 5.570000000000000000e+02 1.358000000000000000e+03 3.840000000000000000e+02 2.985000000000000000e+03 7.300000000000000000e+01 7.000000000000000000e+01 1.420000000000000000e+02 3.439000000000000000e+03 2.254000000000000000e+03 1.450000000000000000e+03 5.140000000000000000e+02 0.000000000000000000e+00 0.000000000000000000e+00 0.000000000000000000e+00 0.000000000000000000e+00 0.000000000000000000e+00 0.000000000000000000e+00 3.000000000000000000e+00 4.000000000000000000e+00 4.000000000000000000e+00 8.300000000000000000e+01 6.000000000000000000e+01 5.000000000000000000e+00 1.720000000000000000e+02 3.120000000000000000e+02 1.000000000000000000e+00 2.000000000000000000e+01 0.000000000000000000e+00 1.000000000000000000e+00 2.420000000000000000e+02 7.550000000000000000e+02 3.000000000000000000e+01 0.000000000000000000e+00 3.000000000000000000e+00 0.000000000000000000e+00 6.000000000000000000e+00 2.700000000000000000e+01 1.300000000000000000e+01 1.000000000000000000e+00 5.000000000000000000e+00 3.000000000000000000e+00 3.000000000000000000e+00 2.700000000000000000e+01 9.500000000000000000e+01 1.060000000000000000e+02 4.400000000000000000e+01 7.800000000000000000e+01 7.000000000000000000e+00 0.000000000000000000e+00 5.000000000000000000e+00 8.900000000000000000e+01 6.400000000000000000e+01 3.000000000000000000e+01 9.000000000000000000e+00 0.000000000000000000e+00 0.000000000000000000e+00 0.000000000000000000e+00 0.000000000000000000e+00 0.000000000000000000e+00 0.000000000000000000e+00 1.000000000000000000e+00 0.000000000000000000e+00 0.000000000000000000e+00 0.000000000000000000e+00 2.000000000000000000e+00 3.000000000000000000e+00 1.300000000000000000e+01 2.000000000000000000e+00 0.000000000000000000e+00 0.000000000000000000e+00 0.000000000000000000e+00 0.000000000000000000e+00 3.500000000000000000e+01 3.500000000000000000e+01 5.000000000000000000e+00 0.000000000000000000e+00 3.000000000000000000e+00 0.000000000000000000e+00 0.000000000000000000e+00 1.000000000000000000e+01 2.000000000000000000e+00
