0.000000000000000000e+00 0.000000000000000000e+00 0.000000000000000000e+00 0.000000000000000000e+00 0.000000000000000000e+00 0.000000000000000000e+00 0.000000000000000000e+00 0.000000000000000000e+00 0.000000000000000000e+00 0.000000000000000000e+00 0.000000000000000000e+00 0.000000000000000000e+00 0.000000000000000000e+00 0.000000000000000000e+00 0.000000000000000000e+00 0.000000000000000000e+00 0.000000000000000000e+00 0.000000000000000000e+00 0.000000000000000000e+00 0.000000000000000000e+00 0.000000000000000000e+00 0.000000000000000000e+00 0.000000000000000000e+00 0.000000000000000000e+00 0.000000000000000000e+00 0.000000000000000000e+00 0.000000000000000000e+00 0.000000000000000000e+00 0.000000000000000000e+00 0.000000000000000000e+00 0.000000000000000000e+00 0.000000000000000000e+00 0.000000000000000000e+00 0.000000000000000000e+00 0.000000000000000000e+00 0.000000000000000000e+00 0.000000000000000000e+00 0.000000000000000000e+00 0.000000000000000000e+00 0.000000000000000000e+00 0.000000000000000000e+00 0.000000000000000000e+00 0.000000000000000000e+00 0.000000000000000000e+00 0.000000000000000000e+00 0.000000000000000000e+00 0.000000000000000000e+00 0.000000000000000000e+00 0.000000000000000000e+00 0.000000000000000000e+00 0.000000000000000000e+00 0.000000000000000000e+00 0.000000000000000000e+00 0.000000000000000000e+00 0.000000000000000000e+00 0.000000000000000000e+00 0.000000000000000000e+00 0.000000000000000000e+00 0.000000000000000000e+00 0.000000000000000000e+00 0.000000000000000000e+00 0.000000000000000000e+00 0.000000000000000000e+00 0.000000000000000000e+00 0.000000000000000000e+00 0.000000000000000000e+00 0.000000000000000000e+00 0.000000000000000000e+00 0.000000000000000000e+00 0.000000000000000000e+00 0.000000000000000000e+00 0.000000000000000000e+00 0.000000000000000000e+00 0.000000000000000000e+00 0.000000000000000000e+00 0.000000000000000000e+00 0.000000000000000000e+00 0.000000000000000000e+00 0.000000000000000000e+00 0.000000000000000000e+00 0.000000000000000000e+00 0.000000000000000000e+00 0.000000000000000000e+00 0.000000000000000000e+00 0.000000000000000000e+00 0.000000000000000000e+00 0.000000000000000000e+00 0.000000000000000000e+00 0.000000000000000000e+00
0.000000000000000000e+00 0.000000000000000000e+00 0.000000000000000000e+00 0.000000000000000000e+00 0.000000000000000000e+00 0.000000000000000000e+00 0.000000000000000000e+00 0.000000000000000000e+00 0.000000000000000000e+00 0.000000000000000000e+00 0.000000000000000000e+00 0.000000000000000000e+00 0.000000000000000000e+00 0.000000000000000000e+00 0.000000000000000000e+00 0.000000000000000000e+00 0.000000000000000000e+00 0.000000000000000000e+00 0.000000000000000000e+00 0.000000000000000000e+00 0.000000000000000000e+00 0.000000000000000000e+00 0.000000000000000000e+00 0.000000000000000000e+00 0.000000000000000000e+00 0.000000000000000000e+00 0.000000000000000000e+00 0.000000000000000000e+00 0.000000000000000000e+00 0.000000000000000000e+00 0.000000000000000000e+00 0.000000000000000000e+00 0.000000000000000000e+00 0.000000000000000000e+00 0.000000000000000000e+00 0.000000000000000000e+00 0.000000000000000000e+00 0.000000000000000000e+00 0.000000000000000000e+00 0.000000000000000000e+00 0.000000000000000000e+00 0.000000000000000000e+00 0.000000000000000000e+00 0.000000000000000000e+00 0.000000000000000000e+00 0.000000000000000000e+00 0.000000000000000000e+00 0.000000000000000000e+00 0.000000000000000000e+00 0.000000000000000000e+00 0.000000000000000000e+00 0.000000000000000000e+00 0.000000000000000000e+00 0.000000000000000000e+00 0.000000000000000000e+00 0.000000000000000000e+00 0.000000000000000000e+00 0.000000000000000000e+00 0.000000000000000000e+00 0.000000000000000000e+00 0.000000000000000000e+00 0.000000000000000000e+00 0.000000000000000000e+00 0.000000000000000000e+00 0.000000000000000000e+00 0.000000000000000000e+00 0.000000000000000000e+00 0.000000000000000000e+00 0.000000000000000000e+00 0.000000000000000000e+00 0.000000000000000000e+00 0.000000000000000000e+00 0.000000000000000000e+00 0.000000000000000000e+00 0.000000000000000000e+00 0.000000000000000000e+00 0.000000000000000000e+00 0.000000000000000000e+00 0.000000000000000000e+00 0.000000000000000000e+00 0.000000000000000000e+00 0.000000000000000000e+00 0.000000000000000000e+00 0.000000000000000000e+00 0.000000000000000000e+00 0.000000000000000000e+00 0.000000000000000000e+00 0.000000000000000000e+00 0.000000000000000000e+00
0.000000000000000000e+00 0.000000000000000000e+00 0.000000000000000000e+00 0.000000000000000000e+00 0.000000000000000000e+00 0.000000000000000000e+00 0.000000000000000000e+00 0.000000000000000000e+00 0.000000000000000000e+00 0.000000000000000000e+00 0.000000000000000000e+00 0.000000000000000000e+00 0.000000000000000000e+00 0.000000000000000000e+00 0.000000000000000000e+00 0.000000000000000000e+00 0.000000000000000000e+00 0.000000000000000000e+00 0.000000000000000000e+00 0.000000000000000000e+00 0.000000000000000000e+00 0.000000000000000000e+00 0.000000000000000000e+00 0.000000000000000000e+00 0.000000000000000000e+00 0.000000000000000000e+00 0.000000000000000000e+00 0.000000000000000000e+00 0.000000000000000000e+00 0.000000000000000000e+00 0.000000000000000000e+00 0.000000000000000000e+00 0.000000000000000000e+00 0.000000000000000000e+00 0.000000000000000000e+00 0.000000000000000000e+00 0.000000000000000000e+00 0.000000000000000000e+00 0.000000000000000000e+00 0.000000000000000000e+00 0.000000000000000000e+00 0.000000000000000000e+00 0.000000000000000000e+00 0.000000000000000000e+00 0.000000000000000000e+00 0.000000000000000000e+00 0.000000000000000000e+00 0.000000000000000000e+00 0.000000000000000000e+00 0.000000000000000000e+00 0.000000000000000000e+00 0.000000000000000000e+00 0.000000000000000000e+00 0.000000000000000000e+00 0.000000000000000000e+00 0.000000000000000000e+00 0.000000000000000000e+00 0.000000000000000000e+00 0.000000000000000000e+00 0.000000000000000000e+00 0.000000000000000000e+00 0.000000000000000000e+00 0.000000000000000000e+00 0.000000000000000000e+00 0.000000000000000000e+00 0.000000000000000000e+00 0.000000000000000000e+00 0.000000000000000000e+00 0.000000000000000000e+00 0.000000000000000000e+00 0.000000000000000000e+00 0.000000000000000000e+00 0.000000000000000000e+00 0.000000000000000000e+00 0.000000000000000000e+00 0.000000000000000000e+00 0.000000000000000000e+00 0.000000000000000000e+00 0.000000000000000000e+00 0.000000000000000000e+00 0.000000000000000000e+00 0.000000000000000000e+00 0.000000000000000000e+00 0.000000000000000000e+00 0.000000000000000000e+00 0.000000000000000000e+00 0.000000000000000000e+00 0.000000000000000000e+00 0.000000000000000000e+00
0.000000000000000000e+00 0.000000000000000000e+00 0.000000000000000000e+00 4.982068965517236769e+00 6.755201560468138133e+00 1.130911492734477442e+01 3.357142857142856940e+01 3.080645161290321710e+01 4.549999999999999289e+01 9.325581395348828906e+00 4.899999999999995737e+01 5.052985074626864304e+00 0.000000000000000000e+00 0.000000000000000000e+00 4.706249999999998579e+01 2.189285714285712814e+01 0.000000000000000000e+00 5.774999999999994316e+01 6.849999999999998579e+01 0.000000000000000000e+00 0.000000000000000000e+00 0.000000000000000000e+00 0.000000000000000000e+00 0.000000000000000000e+00 0.000000000000000000e+00 0.000000000000000000e+00 0.000000000000000000e+00 0.000000000000000000e+00 0.000000000000000000e+00 6.649999999999994316e+01 0.000000000000000000e+00 7.899999999999991473e+01 0.000000000000000000e+00 0.000000000000000000e+00 0.000000000000000000e+00 0.000000000000000000e+00 0.000000000000000000e+00 3.022727272727271242e+01 3.319791666666664298e+01 0.000000000000000000e+00 0.000000000000000000e+00 0.000000000000000000e+00 0.000000000000000000e+00 0.000000000000000000e+00 3.283333333333332149e+01 0.000000000000000000e+00 0.000000000000000000e+00 0.000000000000000000e+00 0.000000000000000000e+00 0.000000000000000000e+00 0.000000000000000000e+00 0.000000000000000000e+00 0.000000000000000000e+00 0.000000000000000000e+00 0.000000000000000000e+00 0.000000000000000000e+00 0.000000000000000000e+00 0.000000000000000000e+00 6.149999999999995026e+01 0.000000000000000000e+00 0.000000000000000000e+00 0.000000000000000000e+00 0.000000000000000000e+00 0.000000000000000000e+00 0.000000000000000000e+00 0.000000000000000000e+00 0.000000000000000000e+00 0.000000000000000000e+00 0.000000000000000000e+00 0.000000000000000000e+00 0.000000000000000000e+00 0.000000000000000000e+00 0.000000000000000000e+00 0.000000000000000000e+00 0.000000000000000000e+00 0.000000000000000000e+00 0.000000000000000000e+00 0.000000000000000000e+00 0.000000000000000000e+00 0.000000000000000000e+00 0.000000000000000000e+00 0.000000000000000000e+00 0.000000000000000000e+00 0.000000000000000000e+00 0.000000000000000000e+00 0.000000000000000000e+00 0.000000000000000000e+00 0.000000000000000000e+00 0.000000000000000000e+00
0.000000000000000000e+00 0.000000000000000000e+00 0.000000000000000000e+00 6.755201560468138133e+00 9.294653788600186317e+00 8.983757535164091479e+00 2.704621848739494538e+01 2.440399999999998926e+01 4.195945945945944544e+01 1.569758605274921059e+01 4.371874999999997868e+01 1.575641025641025195e+01 5.909999999999998010e+01 5.099999999999997158e+01 2.958433734939757898e+01 1.311161879895560389e+01 2.943999999999998707e+01 4.729090909090906791e+01 6.343023255813949390e+01 0.000000000000000000e+00 6.649999999999998579e+01 0.000000000000000000e+00 5.099999999999998579e+01 0.000000000000000000e+00 5.399999999999996447e+01 5.360000000000000142e+01 0.000000000000000000e+00 0.000000000000000000e+00 7.312499999999998579e+01 7.219999999999997442e+01 8.012499999999997158e+01 7.983333333333331439e+01 6.790909090909089230e+01 0.000000000000000000e+00 0.000000000000000000e+00 0.000000000000000000e+00 8.249999999999990052e+01 1.210671140939596668e+01 1.951864406779659689e+01 3.883333333333332860e+01 0.000000000000000000e+00 7.800000000000000000e+01 2.949999999999999645e+01 2.499999999999997158e+01 6.046286876907422503e+00 2.236666666666666003e+01 0.000000000000000000e+00 0.000000000000000000e+00 0.000000000000000000e+00 0.000000000000000000e+00 4.774999999999995026e+01 6.049999999999996447e+01 4.166666666666666430e+01 5.299999999999995026e+01 5.116666666666665009e+01 0.000000000000000000e+00 0.000000000000000000e+00 0.000000000000000000e+00 3.214285714285710327e+01 3.933333333333332149e+01 0.000000000000000000e+00 5.099999999999997158e+01 0.000000000000000000e+00 0.000000000000000000e+00 0.000000000000000000e+00 0.000000000000000000e+00 0.000000000000000000e+00 0.000000000000000000e+00 0.000000000000000000e+00 0.000000000000000000e+00 0.000000000000000000e+00 0.000000000000000000e+00 0.000000000000000000e+00 0.000000000000000000e+00 0.000000000000000000e+00 0.000000000000000000e+00 0.000000000000000000e+00 0.000000000000000000e+00 0.000000000000000000e+00 0.000000000000000000e+00 2.542857142857140573e+01 4.974999999999997158e+01 0.000000000000000000e+00 0.000000000000000000e+00 2.400000000000001421e+01 0.000000000000000000e+00 0.000000000000000000e+00 1.564999999999998614e+01 0.000000000000000000e+00
0.000000000000000000e+00 0.000000000000000000e+00 0.000000000000000000e+00 1.130911492734477442e+01 8.983757535164091479e+00 1.375634256879875750e+01 1.099646559849198546e+01 1.489049235993208242e+01 3.614660493827159371e+01 1.815980805583829394e+01 4.058593749999997868e+01 2.446181920269510712e+01 4.411764705882351478e+01 6.599999999999998579e+01 2.727025139664802822e+01 2.086587771203155128e+01 3.458441558441557362e+01 5.608333333333330728e+01 7.097222222222220012e+01 0.000000000000000000e+00 6.249999999999997158e+01 0.000000000000000000e+00 4.169999999999996021e+01 6.299999999999997868e+01 4.179999999999997584e+01 4.362499999999997868e+01 4.449999999999998579e+01 4.829999999999996874e+01 5.727499999999997726e+01 5.672727272727270531e+01 5.541666666666666430e+01 8.181249999999997158e+01 7.331818181818179880e+01 0.000000000000000000e+00 5.849999999999997158e+01 0.000000000000000000e+00 5.050000000000000000e+01 1.732474535650089109e+01 1.946448116186064681e+01 2.495982142857141284e+01 0.000000000000000000e+00 3.912499999999997868e+01 3.269230769230769340e+01 2.407692307692306244e+01 1.924999999999998579e+01 3.477499999999999147e+01 0.000000000000000000e+00 5.749999999999994316e+01 0.000000000000000000e+00 0.000000000000000000e+00 5.037499999999997158e+01 5.974999999999993605e+01 5.343749999999995737e+01 6.550000000000001421e+01 5.449999999999998579e+01 0.000000000000000000e+00 0.000000000000000000e+00 6.524999999999997158e+01 3.571428571428568688e+01 3.760000000000000142e+01 5.912499999999995737e+01 5.624999999999997158e+01 0.000000000000000000e+00 0.000000000000000000e+00 0.000000000000000000e+00 0.000000000000000000e+00 0.000000000000000000e+00 0.000000000000000000e+00 0.000000000000000000e+00 0.000000000000000000e+00 0.000000000000000000e+00 0.000000000000000000e+00 0.000000000000000000e+00 0.000000000000000000e+00 0.000000000000000000e+00 7.824999999999994316e+01 0.000000000000000000e+00 0.000000000000000000e+00 0.000000000000000000e+00 0.000000000000000000e+00 3.653124999999995026e+01 5.712499999999997158e+01 6.749999999999997158e+01 0.000000000000000000e+00 0.000000000000000000e+00 0.000000000000000000e+00 0.000000000000000000e+00 2.812499999999997158e+01 0.000000000000000000e+00
0.000000000000000000e+00 0.000000000000000000e+00 0.000000000000000000e+00 3.357142857142856940e+01 2.704621848739494538e+01 1.099646559849198546e+01 8.721294542950589701e+00 7.416264090177129731e+00 2.689393939393938027e+01 1.448747152619589507e+01 3.931249999999997158e+01 3.049074074074073337e+01 0.000000000000000000e+00 0.000000000000000000e+00 3.591249999999998721e+01 2.704545454545452543e+01 4.266666666666666430e+01 5.449999999999996447e+01 8.249999999999995737e+01 0.000000000000000000e+00 0.000000000000000000e+00 0.000000000000000000e+00 0.000000000000000000e+00 0.000000000000000000e+00 0.000000000000000000e+00 3.699999999999998579e+01 7.199999999999997158e+01 0.000000000000000000e+00 6.599999999999997158e+01 7.216666666666662877e+01 0.000000000000000000e+00 0.000000000000000000e+00 0.000000000000000000e+00 0.000000000000000000e+00 0.000000000000000000e+00 0.000000000000000000e+00 0.000000000000000000e+00 2.557499999999998153e+01 2.663259668508285216e+01 4.649999999999999289e+01 0.000000000000000000e+00 0.000000000000000000e+00 0.000000000000000000e+00 0.000000000000000000e+00 2.921428571428568688e+01 0.000000000000000000e+00 0.000000000000000000e+00 0.000000000000000000e+00 0.000000000000000000e+00 0.000000000000000000e+00 0.000000000000000000e+00 0.000000000000000000e+00 0.000000000000000000e+00 0.000000000000000000e+00 0.000000000000000000e+00 0.000000000000000000e+00 0.000000000000000000e+00 0.000000000000000000e+00 0.000000000000000000e+00 0.000000000000000000e+00 0.000000000000000000e+00 0.000000000000000000e+00 0.000000000000000000e+00 0.000000000000000000e+00 0.000000000000000000e+00 0.000000000000000000e+00 0.000000000000000000e+00 0.000000000000000000e+00 0.000000000000000000e+00 0.000000000000000000e+00 0.000000000000000000e+00 0.000000000000000000e+00 0.000000000000000000e+00 0.000000000000000000e+00 0.000000000000000000e+00 0.000000000000000000e+00 0.000000000000000000e+00 0.000000000000000000e+00 0.000000000000000000e+00 0.000000000000000000e+00 0.000000000000000000e+00 0.000000000000000000e+00 0.000000000000000000e+00 0.000000000000000000e+00 0.000000000000000000e+00 0.000000000000000000e+00 0.000000000000000000e+00 0.000000000000000000e+00 0.000000000000000000e+00
0.000000000000000000e+00 0.000000000000000000e+00 0.000000000000000000e+00 3.080645161290321710e+01 2.440399999999998926e+01 1.489049235993208242e+01 7.416264090177129731e+00 9.021231216674742370e+00 9.860040797824112246e+00 2.116537717601546476e+01 3.083035714285714235e+01 2.528602811950790397e+01 2.559047619047618483e+01 0.000000000000000000e+00 3.356499999999999062e+01 2.136432160804019276e+01 2.472399999999999309e+01 5.273913043478258800e+01 6.972727272727269110e+01 0.000000000000000000e+00 0.000000000000000000e+00 0.000000000000000000e+00 0.000000000000000000e+00 0.000000000000000000e+00 4.799999999999996447e+01 4.699999999999995737e+01 3.725000000000002842e+01 6.849999999999998579e+01 3.842176870748298967e+01 3.941666666666665009e+01 0.000000000000000000e+00 6.503571428571426338e+01 7.783333333333330017e+01 1.035000000000000000e+02 0.000000000000000000e+00 0.000000000000000000e+00 0.000000000000000000e+00 2.483482142857142350e+01 2.853888888888887365e+01 3.593749999999999289e+01 0.000000000000000000e+00 4.549999999999992184e+01 5.366666666666665009e+01 5.849999999999997158e+01 2.746153846153844569e+01 4.716666666666666430e+01 0.000000000000000000e+00 0.000000000000000000e+00 0.000000000000000000e+00 0.000000000000000000e+00 3.799999999999999289e+01 0.000000000000000000e+00 4.424999999999997158e+01 0.000000000000000000e+00 0.000000000000000000e+00 0.000000000000000000e+00 0.000000000000000000e+00 0.000000000000000000e+00 2.549999999999997513e+01 3.849999999999997868e+01 0.000000000000000000e+00 0.000000000000000000e+00 0.000000000000000000e+00 0.000000000000000000e+00 0.000000000000000000e+00 0.000000000000000000e+00 0.000000000000000000e+00 0.000000000000000000e+00 0.000000000000000000e+00 0.000000000000000000e+00 0.000000000000000000e+00 0.000000000000000000e+00 0.000000000000000000e+00 0.000000000000000000e+00 0.000000000000000000e+00 0.000000000000000000e+00 0.000000000000000000e+00 0.000000000000000000e+00 0.000000000000000000e+00 0.000000000000000000e+00 0.000000000000000000e+00 4.179999999999996874e+01 0.000000000000000000e+00 0.000000000000000000e+00 0.000000000000000000e+00 0.000000000000000000e+00 0.000000000000000000e+00 0.000000000000000000e+00 0.000000000000000000e+00
0.000000000000000000e+00 0.000000000000000000e+00 0.000000000000000000e+00 4.549999999999999289e+01 4.195945945945944544e+01 3.614660493827159371e+01 2.689393939393938027e+01 9.860040797824112246e+00 1.170051240560949246e+01 2.234864124710343347e+01 2.457030015797788280e+01 3.177404580152671443e+01 9.677711658101163295e+00 4.959999999999997300e+01 2.294354838709677225e+01 3.368194444444444002e+01 2.701510248112190027e+01 4.653030303030301695e+01 6.540909090909089230e+01 0.000000000000000000e+00 0.000000000000000000e+00 0.000000000000000000e+00 0.000000000000000000e+00 5.750000000000000000e+01 0.000000000000000000e+00 3.316666666666667851e+01 2.315789473684209909e+01 4.200000000000002842e+01 2.043377483443708442e+01 2.226116625310172736e+01 6.199999999999999289e+01 7.087499999999997158e+01 6.342307692307691980e+01 0.000000000000000000e+00 7.150000000000001421e+01 0.000000000000000000e+00 0.000000000000000000e+00 2.191309523809523796e+01 1.986301886792452720e+01 2.266560509554140523e+01 0.000000000000000000e+00 2.525000000000000711e+01 0.000000000000000000e+00 3.362500000000000711e+01 3.803846153846153300e+01 3.177142857142857224e+01 0.000000000000000000e+00 6.249999999999997868e+01 7.799999999999997158e+01 0.000000000000000000e+00 5.783333333333329307e+01 5.219999999999996732e+01 4.967499999999996874e+01 0.000000000000000000e+00 4.626315789473682116e+01 6.799999999999997158e+01 0.000000000000000000e+00 0.000000000000000000e+00 4.407142857142855519e+01 3.194791666666665719e+01 4.375000000000000711e+01 0.000000000000000000e+00 0.000000000000000000e+00 0.000000000000000000e+00 0.000000000000000000e+00 0.000000000000000000e+00 0.000000000000000000e+00 0.000000000000000000e+00 0.000000000000000000e+00 0.000000000000000000e+00 0.000000000000000000e+00 0.000000000000000000e+00 0.000000000000000000e+00 0.000000000000000000e+00 7.549999999999997158e+01 0.000000000000000000e+00 0.000000000000000000e+00 0.000000000000000000e+00 0.000000000000000000e+00 0.000000000000000000e+00 4.941666666666663588e+01 5.583333333333331439e+01 0.000000000000000000e+00 0.000000000000000000e+00 0.000000000000000000e+00 0.000000000000000000e+00 0.000000000000000000e+00 0.000000000000000000e+00 0.000000000000000000e+00
0.000000000000000000e+00 0.000000000000000000e+00 0.000000000000000000e+00 9.325581395348828906e+00 1.569758605274921059e+01 1.815980805583829394e+01 1.448747152619589507e+01 2.116537717601546476e+01 2.234864124710343347e+01 1.337416470875415797e+01 1.451380248833592290e+01 1.660988754879682361e+01 3.756122448979590445e+01 4.818333333333331581e+01 3.272580030487803526e+01 2.182776872964168291e+01 2.487664473684209199e+01 4.643999999999997641e+01 6.375728155339803749e+01 0.000000000000000000e+00 0.000000000000000000e+00 0.000000000000000000e+00 6.300000000000000000e+01 0.000000000000000000e+00 0.000000000000000000e+00 4.983333333333329307e+01 4.256249999999997158e+01 7.799999999999997158e+01 4.439115646258502323e+01 3.796268656716416245e+01 7.874999999999992895e+01 6.951136363636361182e+01 6.344927536231880083e+01 6.549999999999992895e+01 9.550000000000001421e+01 0.000000000000000000e+00 4.933333333333331439e+01 2.566082949308754380e+01 2.817244635193130975e+01 4.113709677419353028e+01 0.000000000000000000e+00 4.281818181818182723e+01 6.000000000000000000e+01 4.521428571428568688e+01 3.313380281690138673e+01 4.758749999999998437e+01 0.000000000000000000e+00 5.300000000000002842e+01 0.000000000000000000e+00 0.000000000000000000e+00 5.566666666666662167e+01 5.233333333333328596e+01 5.292499999999996874e+01 5.912499999999998579e+01 5.157499999999997442e+01 7.124999999999995737e+01 0.000000000000000000e+00 0.000000000000000000e+00 3.529411764705879051e+01 3.587499999999998579e+01 3.966666666666663588e+01 0.000000000000000000e+00 0.000000000000000000e+00 0.000000000000000000e+00 0.000000000000000000e+00 0.000000000000000000e+00 0.000000000000000000e+00 0.000000000000000000e+00 0.000000000000000000e+00 0.000000000000000000e+00 0.000000000000000000e+00 0.000000000000000000e+00 0.000000000000000000e+00 0.000000000000000000e+00 0.000000000000000000e+00 0.000000000000000000e+00 0.000000000000000000e+00 0.000000000000000000e+00 0.000000000000000000e+00 0.000000000000000000e+00 4.966666666666665009e+01 5.329166666666662877e+01 6.149999999999998579e+01 0.000000000000000000e+00 0.000000000000000000e+00 0.000000000000000000e+00 0.000000000000000000e+00 3.924999999999995737e+01 0.000000000000000000e+00
0.000000000000000000e+00 0.000000000000000000e+00 0.000000000000000000e+00 4.899999999999995737e+01 4.371874999999997868e+01 4.058593749999997868e+01 3.931249999999997158e+01 3.083035714285714235e+01 2.457030015797788280e+01 1.451380248833592290e+01 1.283441464123172260e+01 2.358578135479544002e+01 1.396989697359948757e+01 4.148076923076923350e+01 2.271817668642393429e+01 5.214462809917353781e+01 2.808874458874458213e+01 2.660245901639343558e+01 4.089331210191082988e+01 0.000000000000000000e+00 5.979166666666666430e+01 5.307142857142856940e+01 5.850000000000002132e+01 8.549999999999995737e+01 5.618750000000000000e+01 4.883035714285714590e+01 4.418750000000000000e+01 4.782000000000000028e+01 3.134729729729729897e+01 2.642592592592592737e+01 5.003488372093023173e+01 4.873606168446026032e+01 4.374963289280469780e+01 5.470833333333332149e+01 6.100666666666666771e+01 5.593750000000000000e+01 5.094392523364486181e+01 2.130688753269397751e+01 2.297273958686081841e+01 2.693298969072164795e+01 0.000000000000000000e+00 2.737500000000000000e+01 5.123529411764705088e+01 3.348437500000000000e+01 4.327272727272728048e+01 3.426956521739130324e+01 0.000000000000000000e+00 0.000000000000000000e+00 5.949999999999998579e+01 0.000000000000000000e+00 6.149999999999995737e+01 8.050000000000001421e+01 5.456249999999996447e+01 5.033333333333331439e+01 5.284999999999998010e+01 5.649999999999992895e+01 0.000000000000000000e+00 6.499999999999992895e+01 5.374999999999998579e+01 4.345833333333329307e+01 3.297058823529410176e+01 5.225000000000000000e+01 0.000000000000000000e+00 0.000000000000000000e+00 0.000000000000000000e+00 0.000000000000000000e+00 0.000000000000000000e+00 0.000000000000000000e+00 0.000000000000000000e+00 0.000000000000000000e+00 0.000000000000000000e+00 0.000000000000000000e+00 0.000000000000000000e+00 0.000000000000000000e+00 0.000000000000000000e+00 0.000000000000000000e+00 0.000000000000000000e+00 0.000000000000000000e+00 0.000000000000000000e+00 0.000000000000000000e+00 4.199999999999998579e+01 4.983333333333332149e+01 4.624999999999998579e+01 0.000000000000000000e+00 0.000000000000000000e+00 0.000000000000000000e+00 0.000000000000000000e+00 0.000000000000000000e+00 0.000000000000000000e+00
0.000000000000000000e+00 0.000000000000000000e+00 0.000000000000000000e+00 5.052985074626864304e+00 1.575641025641025195e+01 2.446181920269510712e+01 3.049074074074073337e+01 2.528602811950790397e+01 3.177404580152671443e+01 1.660988754879682361e+01 2.358578135479544002e+01 1.598896613547716150e+01 2.543863863863864339e+01 1.358735038981003740e+01 3.094221014492753241e+01 1.981109685695957978e+01 1.923984080435692690e+01 2.799879576107899126e+01 4.514740108611325553e+01 0.000000000000000000e+00 7.983333333333332860e+01 5.150000000000005684e+01 0.000000000000000000e+00 1.199999999999999716e+02 6.399999999999997158e+01 6.868750000000000000e+01 6.433333333333332860e+01 7.581250000000000000e+01 3.535858234885338192e+01 4.142949907235621509e+01 6.211290322580644840e+01 4.660347826086956502e+01 4.300981079187104683e+01 5.800000000000000000e+01 6.104166666666666430e+01 6.379999999999997584e+01 6.700000000000000000e+01 2.676785714285713524e+01 3.049569878242455445e+01 3.638666666666666316e+01 0.000000000000000000e+00 3.410691823899371400e+01 5.955555555555552871e+01 4.450735294117647101e+01 3.798809523809521949e+01 4.149545454545454248e+01 0.000000000000000000e+00 5.399999999999997868e+01 4.833333333333330728e+01 0.000000000000000000e+00 5.611111111111105743e+01 4.912499999999997158e+01 5.281666666666663446e+01 5.583333333333330017e+01 1.070767195767195368e+01 4.749999999999996447e+01 1.760000000000001208e+01 3.799999999999993605e+01 3.709999999999998721e+01 3.374038461538460609e+01 2.574218749999998579e+01 5.081250000000000000e+01 0.000000000000000000e+00 0.000000000000000000e+00 0.000000000000000000e+00 0.000000000000000000e+00 0.000000000000000000e+00 0.000000000000000000e+00 0.000000000000000000e+00 0.000000000000000000e+00 0.000000000000000000e+00 6.149999999999993605e+01 0.000000000000000000e+00 0.000000000000000000e+00 0.000000000000000000e+00 7.649999999999998579e+01 0.000000000000000000e+00 0.000000000000000000e+00 0.000000000000000000e+00 0.000000000000000000e+00 4.623333333333330586e+01 4.496249999999997016e+01 5.250000000000000711e+01 0.000000000000000000e+00 0.000000000000000000e+00 0.000000000000000000e+00 6.349999999999998579e+01 0.000000000000000000e+00 6.399999999999995737e+01
0.000000000000000000e+00 0.000000000000000000e+00 0.000000000000000000e+00 0.000000000000000000e+00 5.909999999999998010e+01 4.411764705882351478e+01 0.000000000000000000e+00 2.559047619047618483e+01 9.677711658101163295e+00 3.756122448979590445e+01 1.396989697359948757e+01 2.543863863863864339e+01 1.405854776097240233e+01 8.577087308076677630e+00 2.371159695817490842e+01 6.144594594594592252e+01 4.344354838709677580e+01 2.207645466847090532e+01 3.643027210884353906e+01 6.699999999999995737e+01 5.456716417910448058e+01 5.339999999999999147e+01 6.916666666666664298e+01 4.825000000000000000e+01 4.882142857142856940e+01 1.994470588235294173e+01 3.333928571428571530e+01 4.134615384615384670e+01 1.649365066360806154e+01 2.772050543407096868e+01 4.032191780821917604e+01 3.233573033707865108e+01 3.537787610619469092e+01 4.196691176470589113e+01 5.229675810473815289e+01 4.666176470588235503e+01 4.810789473684210549e+01 2.392084432717678055e+01 2.495932697403286582e+01 2.927912468513854805e+01 0.000000000000000000e+00 2.654749103942652155e+01 4.683749999999999858e+01 3.670533642691415110e+01 3.649999999999999289e+01 3.678278688524590478e+01 0.000000000000000000e+00 0.000000000000000000e+00 0.000000000000000000e+00 0.000000000000000000e+00 0.000000000000000000e+00 0.000000000000000000e+00 7.324999999999992895e+01 4.624999999999994316e+01 5.604999999999997584e+01 4.908333333333333570e+01 4.749999999999997868e+01 0.000000000000000000e+00 5.949999999999997868e+01 4.366666666666663588e+01 3.821428571428570820e+01 4.100000000000000711e+01 0.000000000000000000e+00 0.000000000000000000e+00 0.000000000000000000e+00 0.000000000000000000e+00 0.000000000000000000e+00 0.000000000000000000e+00 0.000000000000000000e+00 0.000000000000000000e+00 0.000000000000000000e+00 0.000000000000000000e+00 0.000000000000000000e+00 7.000000000000002842e+01 1.015000000000000284e+02 5.249999999999995737e+01 0.000000000000000000e+00 0.000000000000000000e+00 0.000000000000000000e+00 0.000000000000000000e+00 4.024999999999999289e+01 4.787499999999998579e+01 4.650000000000002842e+01 0.000000000000000000e+00 4.324999999999999289e+01 0.000000000000000000e+00 7.849999999999997158e+01 0.000000000000000000e+00 0.000000000000000000e+00
0.000000000000000000e+00 0.000000000000000000e+00 0.000000000000000000e+00 0.000000000000000000e+00 5.099999999999997158e+01 6.599999999999998579e+01 0.000000000000000000e+00 0.000000000000000000e+00 4.959999999999997300e+01 4.818333333333331581e+01 4.148076923076923350e+01 1.358735038981003740e+01 8.577087308076677630e+00 1.044031685331876602e+01 3.937500000000000000e+01 4.839999999999997016e+01 3.523076923076921219e+01 8.876033057851238084e+00 3.004000000000000981e+01 0.000000000000000000e+00 6.800000000000001421e+01 0.000000000000000000e+00 0.000000000000000000e+00 0.000000000000000000e+00 0.000000000000000000e+00 4.966666666666667851e+01 6.199999999999998579e+01 0.000000000000000000e+00 1.079735716468072049e+01 3.665168539325842545e+01 3.974999999999999289e+01 1.604565217391304444e+01 1.579230769230769305e+01 4.300000000000002132e+01 5.599999999999999289e+01 0.000000000000000000e+00 0.000000000000000000e+00 3.036363636363637752e+01 3.276265822784809956e+01 3.266304347826086740e+01 0.000000000000000000e+00 3.150000000000001421e+01 0.000000000000000000e+00 4.105555555555555003e+01 0.000000000000000000e+00 3.879999999999999716e+01 0.000000000000000000e+00 0.000000000000000000e+00 0.000000000000000000e+00 0.000000000000000000e+00 0.000000000000000000e+00 0.000000000000000000e+00 0.000000000000000000e+00 0.000000000000000000e+00 2.500000000000000000e+01 0.000000000000000000e+00 0.000000000000000000e+00 0.000000000000000000e+00 0.000000000000000000e+00 0.000000000000000000e+00 0.000000000000000000e+00 0.000000000000000000e+00 0.000000000000000000e+00 0.000000000000000000e+00 0.000000000000000000e+00 0.000000000000000000e+00 0.000000000000000000e+00 0.000000000000000000e+00 0.000000000000000000e+00 0.000000000000000000e+00 0.000000000000000000e+00 0.000000000000000000e+00 0.000000000000000000e+00 0.000000000000000000e+00 0.000000000000000000e+00 0.000000000000000000e+00 0.000000000000000000e+00 0.000000000000000000e+00 0.000000000000000000e+00 0.000000000000000000e+00 0.000000000000000000e+00 0.000000000000000000e+00 0.000000000000000000e+00 0.000000000000000000e+00 0.000000000000000000e+00 0.000000000000000000e+00 0.000000000000000000e+00 0.000000000000000000e+00 0.000000000000000000e+00
0.000000000000000000e+00 0.000000000000000000e+00 0.000000000000000000e+00 4.706249999999998579e+01 2.958433734939757898e+01 2.727025139664802822e+01 3.591249999999998721e+01 3.356499999999999062e+01 2.294354838709677225e+01 3.272580030487803526e+01 2.271817668642393429e+01 3.094221014492753241e+01 2.371159695817490842e+01 3.937500000000000000e+01 1.057183240787480827e+01 3.429065040650404939e+01 2.785888501742159207e+01 2.406213872832369915e+01 2.735619469026547534e+01 1.354132231404958375e+01 3.645711835334476092e+01 2.937499999999999289e+01 2.355607476635514175e+01 1.436036960985625832e+01 2.553641816623821015e+01 2.188926174496644350e+01 1.935624284077891843e+01 3.011414141414140744e+01 1.870504731861198877e+01 2.283825701624814997e+01 4.079503291442248525e+01 3.447878038730942052e+01 3.245672333848530400e+01 5.279166666666665009e+01 4.740228690228690311e+01 5.207258064516128115e+01 4.212394067796610386e+01 2.546341463414634276e+01 8.885600375234519177e+00 2.025669642857142705e+01 0.000000000000000000e+00 2.212048894062863624e+01 1.367799352750809128e+01 1.071275252525252775e+01 1.661999999999999034e+01 2.305852842809363779e+01 6.149999999999998579e+01 0.000000000000000000e+00 0.000000000000000000e+00 0.000000000000000000e+00 0.000000000000000000e+00 4.341666666666662167e+01 4.744444444444441444e+01 5.074999999999997158e+01 4.564102564102562098e+01 6.662499999999998579e+01 3.299999999999998579e+01 4.875000000000000000e+01 4.812500000000000000e+01 3.681578947368419108e+01 2.871428571428569398e+01 4.333333333333332149e+01 0.000000000000000000e+00 0.000000000000000000e+00 0.000000000000000000e+00 0.000000000000000000e+00 0.000000000000000000e+00 0.000000000000000000e+00 0.000000000000000000e+00 0.000000000000000000e+00 0.000000000000000000e+00 0.000000000000000000e+00 0.000000000000000000e+00 0.000000000000000000e+00 0.000000000000000000e+00 4.549999999999997868e+01 0.000000000000000000e+00 0.000000000000000000e+00 0.000000000000000000e+00 0.000000000000000000e+00 3.749999999999997158e+01 4.439130434782606471e+01 4.500000000000000000e+01 0.000000000000000000e+00 5.110000000000000142e+01 0.000000000000000000e+00 0.000000000000000000e+00 0.000000000000000000e+00 0.000000000000000000e+00
0.000000000000000000e+00 0.000000000000000000e+00 0.000000000000000000e+00 2.189285714285712814e+01 1.311161879895560389e+01 2.086587771203155128e+01 2.704545454545452543e+01 2.136432160804019276e+01 3.368194444444444002e+01 2.182776872964168291e+01 5.214462809917353781e+01 1.981109685695957978e+01 6.144594594594592252e+01 4.839999999999997016e+01 3.429065040650404939e+01 6.770230889934990337e+00 1.147638358778625545e+01 3.817415433403802183e+01 5.286005434782605050e+01 0.000000000000000000e+00 1.119999999999999716e+02 0.000000000000000000e+00 0.000000000000000000e+00 0.000000000000000000e+00 0.000000000000000000e+00 8.041666666666664298e+01 6.649999999999994316e+01 8.583333333333331439e+01 6.260416666666662877e+01 7.061940298507460056e+01 7.489130434782606471e+01 6.870446096654272594e+01 5.580187207488295087e+01 7.049999999999995737e+01 1.087500000000000000e+02 8.933333333333330017e+01 9.549999999999995737e+01 1.160431654676257907e+01 2.415624999999998934e+01 5.779310344827582924e+01 0.000000000000000000e+00 6.512499999999995737e+01 8.469999999999996021e+01 8.099999999999998579e+01 9.405500705218612367e+00 4.574999999999998579e+01 0.000000000000000000e+00 3.137499999999997868e+01 3.149999999999998934e+01 0.000000000000000000e+00 3.362499999999997158e+01 3.899999999999996447e+01 3.732926829268289026e+01 4.874999999999995026e+01 3.819444444444442155e+01 5.149999999999998579e+01 0.000000000000000000e+00 4.199999999999997158e+01 1.508490566037735192e+01 1.814150943396226268e+01 3.488636363636361182e+01 5.065999999999997527e+01 0.000000000000000000e+00 0.000000000000000000e+00 6.899999999999994316e+01 0.000000000000000000e+00 0.000000000000000000e+00 0.000000000000000000e+00 0.000000000000000000e+00 0.000000000000000000e+00 8.549999999999997158e+01 0.000000000000000000e+00 5.399999999999997158e+01 0.000000000000000000e+00 0.000000000000000000e+00 4.833333333333334281e+01 0.000000000000000000e+00 0.000000000000000000e+00 0.000000000000000000e+00 0.000000000000000000e+00 2.309090909090906862e+01 3.771276595744679128e+01 5.049999999999995737e+01 0.000000000000000000e+00 7.149999999999998579e+01 8.249999999999992895e+01 0.000000000000000000e+00 1.174999999999999289e+01 7.499999999999995737e+01
0.000000000000000000e+00 0.000000000000000000e+00 0.000000000000000000e+00 0.000000000000000000e+00 2.943999999999998707e+01 3.458441558441557362e+01 4.266666666666666430e+01 2.472399999999999309e+01 2.701510248112190027e+01 2.487664473684209199e+01 2.808874458874458213e+01 1.923984080435692690e+01 4.344354838709677580e+01 3.523076923076921219e+01 2.785888501742159207e+01 1.147638358778625545e+01 9.274441034633927217e+00 2.082951445717401739e+01 4.075897920604913338e+01 0.000000000000000000e+00 0.000000000000000000e+00 0.000000000000000000e+00 0.000000000000000000e+00 6.899999999999998579e+01 0.000000000000000000e+00 7.150000000000000000e+01 6.850000000000000000e+01 8.099999999999998579e+01 4.773684210526314331e+01 5.384374999999997868e+01 5.949999999999997868e+01 5.387387387387385473e+01 4.227472527472524888e+01 0.000000000000000000e+00 0.000000000000000000e+00 8.149999999999992895e+01 9.400000000000000000e+01 1.856910569105690101e+01 2.387654320987653378e+01 3.606451612903224913e+01 0.000000000000000000e+00 5.309999999999995168e+01 8.675000000000002842e+01 4.979999999999999716e+01 3.543749999999998579e+01 3.893749999999998579e+01 0.000000000000000000e+00 3.199999999999997868e+01 3.483333333333331439e+01 0.000000000000000000e+00 3.279999999999997584e+01 3.145555555555552374e+01 3.131707317073167829e+01 3.618749999999997158e+01 2.656967213114752369e+01 4.375000000000000000e+01 4.050000000000000711e+01 5.449999999999998579e+01 1.901470588235293491e+01 1.344485294117646390e+01 2.096666666666665790e+01 3.874999999999999289e+01 0.000000000000000000e+00 0.000000000000000000e+00 0.000000000000000000e+00 0.000000000000000000e+00 0.000000000000000000e+00 0.000000000000000000e+00 7.899999999999998579e+01 0.000000000000000000e+00 0.000000000000000000e+00 0.000000000000000000e+00 6.050000000000001421e+01 0.000000000000000000e+00 5.316666666666663588e+01 4.960000000000000142e+01 0.000000000000000000e+00 0.000000000000000000e+00 0.000000000000000000e+00 0.000000000000000000e+00 2.061627906976742608e+01 3.158904109589038711e+01 4.725000000000000000e+01 0.000000000000000000e+00 5.999999999999995737e+01 0.000000000000000000e+00 0.000000000000000000e+00 3.574999999999999289e+01 0.000000000000000000e+00
