0.000000000000000000e+00 0.000000000000000000e+00 0.000000000000000000e+00 0.000000000000000000e+00 0.000000000000000000e+00 0.000000000000000000e+00 0.000000000000000000e+00 0.000000000000000000e+00 0.000000000000000000e+00 0.000000000000000000e+00 0.000000000000000000e+00 0.000000000000000000e+00 0.000000000000000000e+00 0.000000000000000000e+00 0.000000000000000000e+00 0.000000000000000000e+00 0.000000000000000000e+00 0.000000000000000000e+00 0.000000000000000000e+00 0.000000000000000000e+00 0.000000000000000000e+00 0.000000000000000000e+00 0.000000000000000000e+00 0.000000000000000000e+00 0.000000000000000000e+00 0.000000000000000000e+00 0.000000000000000000e+00 0.000000000000000000e+00 0.000000000000000000e+00 0.000000000000000000e+00 0.000000000000000000e+00 0.000000000000000000e+00 0.000000000000000000e+00 0.000000000000000000e+00 0.000000000000000000e+00 0.000000000000000000e+00 0.000000000000000000e+00 0.000000000000000000e+00 0.000000000000000000e+00 0.000000000000000000e+00 0.000000000000000000e+00 0.000000000000000000e+00 0.000000000000000000e+00 0.000000000000000000e+00 0.000000000000000000e+00 0.000000000000000000e+00 0.000000000000000000e+00 0.000000000000000000e+00 0.000000000000000000e+00 0.000000000000000000e+00 0.000000000000000000e+00 0.000000000000000000e+00 0.000000000000000000e+00 0.000000000000000000e+00 0.000000000000000000e+00 0.000000000000000000e+00 0.000000000000000000e+00 0.000000000000000000e+00 0.000000000000000000e+00 0.000000000000000000e+00 0.000000000000000000e+00 0.000000000000000000e+00 0.000000000000000000e+00 0.000000000000000000e+00 0.000000000000000000e+00 0.000000000000000000e+00 0.000000000000000000e+00 0.000000000000000000e+00 0.000000000000000000e+00 0.000000000000000000e+00 0.000000000000000000e+00 0.000000000000000000e+00 0.000000000000000000e+00 0.000000000000000000e+00 0.000000000000000000e+00 0.000000000000000000e+00 0.000000000000000000e+00 0.000000000000000000e+00 0.000000000000000000e+00 0.000000000000000000e+00 0.000000000000000000e+00 0.000000000000000000e+00 0.000000000000000000e+00 0.000000000000000000e+00 0.000000000000000000e+00 0.000000000000000000e+00 0.000000000000000000e+00 0.000000000000000000e+00 0.000000000000000000e+00
0.000000000000000000e+00 0.000000000000000000e+00 0.000000000000000000e+00 0.000000000000000000e+00 0.000000000000000000e+00 0.000000000000000000e+00 0.000000000000000000e+00 0.000000000000000000e+00 0.000000000000000000e+00 0.000000000000000000e+00 0.000000000000000000e+00 0.000000000000000000e+00 0.000000000000000000e+00 0.000000000000000000e+00 0.000000000000000000e+00 0.000000000000000000e+00 0.000000000000000000e+00 0.000000000000000000e+00 0.000000000000000000e+00 0.000000000000000000e+00 0.000000000000000000e+00 0.000000000000000000e+00 0.000000000000000000e+00 0.000000000000000000e+00 0.000000000000000000e+00 0.000000000000000000e+00 0.000000000000000000e+00 0.000000000000000000e+00 0.000000000000000000e+00 0.000000000000000000e+00 0.000000000000000000e+00 0.000000000000000000e+00 0.000000000000000000e+00 0.000000000000000000e+00 0.000000000000000000e+00 0.000000000000000000e+00 0.000000000000000000e+00 0.000000000000000000e+00 0.000000000000000000e+00 0.000000000000000000e+00 0.000000000000000000e+00 0.000000000000000000e+00 0.000000000000000000e+00 0.000000000000000000e+00 0.000000000000000000e+00 0.000000000000000000e+00 0.000000000000000000e+00 0.000000000000000000e+00 0.000000000000000000e+00 0.000000000000000000e+00 0.000000000000000000e+00 0.000000000000000000e+00 0.000000000000000000e+00 0.000000000000000000e+00 0.000000000000000000e+00 0.000000000000000000e+00 0.000000000000000000e+00 0.000000000000000000e+00 0.000000000000000000e+00 0.000000000000000000e+00 0.000000000000000000e+00 0.000000000000000000e+00 0.000000000000000000e+00 0.000000000000000000e+00 0.000000000000000000e+00 0.000000000000000000e+00 0.000000000000000000e+00 0.000000000000000000e+00 0.000000000000000000e+00 0.000000000000000000e+00 0.000000000000000000e+00 0.000000000000000000e+00 0.000000000000000000e+00 0.000000000000000000e+00 0.000000000000000000e+00 0.000000000000000000e+00 0.000000000000000000e+00 0.000000000000000000e+00 0.000000000000000000e+00 0.000000000000000000e+00 0.000000000000000000e+00 0.000000000000000000e+00 0.000000000000000000e+00 0.000000000000000000e+00 0.000000000000000000e+00 0.000000000000000000e+00 0.000000000000000000e+00 0.000000000000000000e+00 0.000000000000000000e+00
0.000000000000000000e+00 0.000000000000000000e+00 0.000000000000000000e+00 0.000000000000000000e+00 0.000000000000000000e+00 0.000000000000000000e+00 0.000000000000000000e+00 0.000000000000000000e+00 0.000000000000000000e+00 0.000000000000000000e+00 0.000000000000000000e+00 0.000000000000000000e+00 0.000000000000000000e+00 0.000000000000000000e+00 0.000000000000000000e+00 0.000000000000000000e+00 0.000000000000000000e+00 0.000000000000000000e+00 0.000000000000000000e+00 0.000000000000000000e+00 0.000000000000000000e+00 0.000000000000000000e+00 0.000000000000000000e+00 0.000000000000000000e+00 0.000000000000000000e+00 0.000000000000000000e+00 0.000000000000000000e+00 0.000000000000000000e+00 0.000000000000000000e+00 0.000000000000000000e+00 0.000000000000000000e+00 0.000000000000000000e+00 0.000000000000000000e+00 0.000000000000000000e+00 0.000000000000000000e+00 0.000000000000000000e+00 0.000000000000000000e+00 0.000000000000000000e+00 0.000000000000000000e+00 0.000000000000000000e+00 0.000000000000000000e+00 0.000000000000000000e+00 0.000000000000000000e+00 0.000000000000000000e+00 0.000000000000000000e+00 0.000000000000000000e+00 0.000000000000000000e+00 0.000000000000000000e+00 0.000000000000000000e+00 0.000000000000000000e+00 0.000000000000000000e+00 0.000000000000000000e+00 0.000000000000000000e+00 0.000000000000000000e+00 0.000000000000000000e+00 0.000000000000000000e+00 0.000000000000000000e+00 0.000000000000000000e+00 0.000000000000000000e+00 0.000000000000000000e+00 0.000000000000000000e+00 0.000000000000000000e+00 0.000000000000000000e+00 0.000000000000000000e+00 0.000000000000000000e+00 0.000000000000000000e+00 0.000000000000000000e+00 0.000000000000000000e+00 0.000000000000000000e+00 0.000000000000000000e+00 0.000000000000000000e+00 0.000000000000000000e+00 0.000000000000000000e+00 0.000000000000000000e+00 0.000000000000000000e+00 0.000000000000000000e+00 0.000000000000000000e+00 0.000000000000000000e+00 0.000000000000000000e+00 0.000000000000000000e+00 0.000000000000000000e+00 0.000000000000000000e+00 0.000000000000000000e+00 0.000000000000000000e+00 0.000000000000000000e+00 0.000000000000000000e+00 0.000000000000000000e+00 0.000000000000000000e+00 0.000000000000000000e+00
0.000000000000000000e+00 0.000000000000000000e+00 0.000000000000000000e+00 4.754213483146064512e+00 7.229155008393954418e+00 1.219356955380576935e+01 3.035714285714284344e+01 3.120454545454544260e+01 4.628571428571428470e+01 8.992395437262350910e+00 4.474999999999997868e+01 7.849820143884891799e+00 6.199999999999992895e+01 6.137499999999998579e+01 0.000000000000000000e+00 2.342105263157893091e+01 2.500000000000000000e+01 5.450000000000002842e+01 7.049999999999998579e+01 0.000000000000000000e+00 0.000000000000000000e+00 0.000000000000000000e+00 0.000000000000000000e+00 0.000000000000000000e+00 0.000000000000000000e+00 0.000000000000000000e+00 0.000000000000000000e+00 0.000000000000000000e+00 0.000000000000000000e+00 1.045000000000000284e+02 0.000000000000000000e+00 0.000000000000000000e+00 8.299999999999994316e+01 0.000000000000000000e+00 0.000000000000000000e+00 0.000000000000000000e+00 0.000000000000000000e+00 2.918965517241377228e+01 3.304807692307689848e+01 0.000000000000000000e+00 0.000000000000000000e+00 0.000000000000000000e+00 0.000000000000000000e+00 0.000000000000000000e+00 3.324999999999995737e+01 0.000000000000000000e+00 0.000000000000000000e+00 4.449999999999995026e+01 0.000000000000000000e+00 0.000000000000000000e+00 0.000000000000000000e+00 0.000000000000000000e+00 0.000000000000000000e+00 0.000000000000000000e+00 0.000000000000000000e+00 0.000000000000000000e+00 0.000000000000000000e+00 0.000000000000000000e+00 0.000000000000000000e+00 1.475000000000000000e+02 0.000000000000000000e+00 0.000000000000000000e+00 0.000000000000000000e+00 0.000000000000000000e+00 0.000000000000000000e+00 0.000000000000000000e+00 0.000000000000000000e+00 0.000000000000000000e+00 0.000000000000000000e+00 0.000000000000000000e+00 0.000000000000000000e+00 0.000000000000000000e+00 0.000000000000000000e+00 0.000000000000000000e+00 0.000000000000000000e+00 0.000000000000000000e+00 0.000000000000000000e+00 0.000000000000000000e+00 0.000000000000000000e+00 0.000000000000000000e+00 0.000000000000000000e+00 0.000000000000000000e+00 0.000000000000000000e+00 0.000000000000000000e+00 0.000000000000000000e+00 0.000000000000000000e+00 0.000000000000000000e+00 0.000000000000000000e+00 0.000000000000000000e+00
0.000000000000000000e+00 0.000000000000000000e+00 0.000000000000000000e+00 7.229155008393954418e+00 1.001555962343095629e+01 9.677979217333621875e+00 2.485795454545453964e+01 2.307807570977917422e+01 3.671942446043163955e+01 1.877576601671308154e+01 4.440196078431370807e+01 1.939854238588415214e+01 6.129999999999996874e+01 5.895000000000000284e+01 3.073684210526314686e+01 1.251698513800423918e+01 2.645132743362831462e+01 4.562499999999997868e+01 6.361333333333330842e+01 0.000000000000000000e+00 0.000000000000000000e+00 0.000000000000000000e+00 0.000000000000000000e+00 0.000000000000000000e+00 0.000000000000000000e+00 3.549999999999995737e+01 0.000000000000000000e+00 8.850000000000000000e+01 6.659999999999999432e+01 7.962499999999997158e+01 6.999999999999998579e+01 7.817857142857143060e+01 6.622727272727271952e+01 0.000000000000000000e+00 0.000000000000000000e+00 0.000000000000000000e+00 0.000000000000000000e+00 1.250361087510619562e+01 1.931059631059629922e+01 3.762962962962961200e+01 0.000000000000000000e+00 4.874999999999994316e+01 7.599999999999994316e+01 0.000000000000000000e+00 6.140711462450590297e+00 5.571428571428571175e+00 0.000000000000000000e+00 0.000000000000000000e+00 5.999999999999992184e+01 0.000000000000000000e+00 4.733333333333327886e+01 5.425000000000000711e+01 4.674999999999994316e+01 6.024999999999992895e+01 4.292857142857139507e+01 0.000000000000000000e+00 0.000000000000000000e+00 0.000000000000000000e+00 2.874999999999997868e+01 3.308333333333332860e+01 5.099999999999997158e+01 0.000000000000000000e+00 0.000000000000000000e+00 0.000000000000000000e+00 0.000000000000000000e+00 0.000000000000000000e+00 0.000000000000000000e+00 0.000000000000000000e+00 0.000000000000000000e+00 0.000000000000000000e+00 0.000000000000000000e+00 0.000000000000000000e+00 0.000000000000000000e+00 0.000000000000000000e+00 0.000000000000000000e+00 0.000000000000000000e+00 0.000000000000000000e+00 0.000000000000000000e+00 0.000000000000000000e+00 0.000000000000000000e+00 2.371428571428569043e+01 4.392307692307689848e+01 0.000000000000000000e+00 0.000000000000000000e+00 8.299999999999997158e+01 0.000000000000000000e+00 0.000000000000000000e+00 1.924999999999998579e+01 7.833333333333325932e+00
0.000000000000000000e+00 0.000000000000000000e+00 0.000000000000000000e+00 1.219356955380576935e+01 9.677979217333621875e+00 1.414039691651631259e+01 9.401965790145515811e+00 1.526711941143179985e+01 3.103672985781989624e+01 1.814100640938223563e+01 4.208660130718952530e+01 2.767042525773194939e+01 5.632653061224488056e+01 6.692857142857141639e+01 2.118808193668528261e+01 1.954910714285713169e+01 3.334042553191488167e+01 4.969512195121949105e+01 7.266666666666664298e+01 0.000000000000000000e+00 6.899999999999998579e+01 0.000000000000000000e+00 0.000000000000000000e+00 0.000000000000000000e+00 0.000000000000000000e+00 4.506250000000000711e+01 0.000000000000000000e+00 0.000000000000000000e+00 6.327499999999997726e+01 7.556250000000000000e+01 6.649999999999997158e+01 7.772881355932200620e+01 7.755263157894735571e+01 9.100000000000002842e+01 0.000000000000000000e+00 0.000000000000000000e+00 8.925000000000000000e+01 1.759445683338642041e+01 1.999810366624524605e+01 2.870833333333331794e+01 0.000000000000000000e+00 4.865384615384613909e+01 3.839999999999999147e+01 2.766666666666665364e+01 1.947959183673468431e+01 4.388461538461538680e+01 0.000000000000000000e+00 3.050000000000000711e+01 4.916666666666660035e+01 6.299999999999997158e+01 4.856249999999994316e+01 0.000000000000000000e+00 4.484615384615379696e+01 0.000000000000000000e+00 4.804545454545451122e+01 0.000000000000000000e+00 0.000000000000000000e+00 0.000000000000000000e+00 3.288793103448273314e+01 4.212499999999997158e+01 5.783333333333326465e+01 6.899999999999997158e+01 0.000000000000000000e+00 0.000000000000000000e+00 0.000000000000000000e+00 0.000000000000000000e+00 0.000000000000000000e+00 0.000000000000000000e+00 0.000000000000000000e+00 0.000000000000000000e+00 0.000000000000000000e+00 0.000000000000000000e+00 0.000000000000000000e+00 0.000000000000000000e+00 0.000000000000000000e+00 0.000000000000000000e+00 0.000000000000000000e+00 0.000000000000000000e+00 0.000000000000000000e+00 0.000000000000000000e+00 4.086363636363633134e+01 5.026190476190473078e+01 0.000000000000000000e+00 0.000000000000000000e+00 0.000000000000000000e+00 0.000000000000000000e+00 0.000000000000000000e+00 3.966666666666665009e+01 0.000000000000000000e+00
0.000000000000000000e+00 0.000000000000000000e+00 0.000000000000000000e+00 3.035714285714284344e+01 2.485795454545453964e+01 9.401965790145515811e+00 7.859073359073356357e+00 8.354502369668244555e+00 2.084701492537312362e+01 1.194545454545454177e+01 4.566666666666665009e+01 3.323809523809521949e+01 4.266666666666665719e+01 0.000000000000000000e+00 3.789999999999997726e+01 2.627272727272726627e+01 4.599999999999995026e+01 4.249999999999992895e+01 7.716666666666665719e+01 0.000000000000000000e+00 0.000000000000000000e+00 0.000000000000000000e+00 0.000000000000000000e+00 0.000000000000000000e+00 0.000000000000000000e+00 0.000000000000000000e+00 0.000000000000000000e+00 0.000000000000000000e+00 0.000000000000000000e+00 0.000000000000000000e+00 0.000000000000000000e+00 8.149999999999994316e+01 8.024999999999997158e+01 0.000000000000000000e+00 0.000000000000000000e+00 0.000000000000000000e+00 0.000000000000000000e+00 3.368749999999998579e+01 2.931900452488686426e+01 4.364285714285713169e+01 0.000000000000000000e+00 0.000000000000000000e+00 0.000000000000000000e+00 6.699999999999998579e+01 2.874999999999998579e+01 0.000000000000000000e+00 0.000000000000000000e+00 0.000000000000000000e+00 0.000000000000000000e+00 0.000000000000000000e+00 0.000000000000000000e+00 0.000000000000000000e+00 0.000000000000000000e+00 0.000000000000000000e+00 5.599999999999994316e+01 0.000000000000000000e+00 0.000000000000000000e+00 0.000000000000000000e+00 0.000000000000000000e+00 0.000000000000000000e+00 0.000000000000000000e+00 0.000000000000000000e+00 0.000000000000000000e+00 0.000000000000000000e+00 0.000000000000000000e+00 0.000000000000000000e+00 0.000000000000000000e+00 0.000000000000000000e+00 0.000000000000000000e+00 0.000000000000000000e+00 0.000000000000000000e+00 0.000000000000000000e+00 0.000000000000000000e+00 0.000000000000000000e+00 0.000000000000000000e+00 0.000000000000000000e+00 0.000000000000000000e+00 0.000000000000000000e+00 0.000000000000000000e+00 0.000000000000000000e+00 0.000000000000000000e+00 0.000000000000000000e+00 0.000000000000000000e+00 0.000000000000000000e+00 0.000000000000000000e+00 0.000000000000000000e+00 0.000000000000000000e+00 0.000000000000000000e+00 0.000000000000000000e+00
0.000000000000000000e+00 0.000000000000000000e+00 0.000000000000000000e+00 3.120454545454544260e+01 2.307807570977917422e+01 1.526711941143179985e+01 8.354502369668244555e+00 8.909128331789647248e+00 8.619181946403385197e+00 2.072176918985994476e+01 3.622222222222220722e+01 2.514672364672363969e+01 3.057547169811319421e+01 8.499999999999992895e+01 3.210582010582009360e+01 2.089167862266857512e+01 2.353225806451612101e+01 5.162500000000001421e+01 6.870588235294114554e+01 0.000000000000000000e+00 0.000000000000000000e+00 0.000000000000000000e+00 0.000000000000000000e+00 0.000000000000000000e+00 0.000000000000000000e+00 4.099999999999998579e+01 0.000000000000000000e+00 0.000000000000000000e+00 4.745454545454544615e+01 4.181249999999998579e+01 7.420000000000000284e+01 7.174999999999998579e+01 7.343750000000000000e+01 0.000000000000000000e+00 7.699999999999997158e+01 0.000000000000000000e+00 0.000000000000000000e+00 2.817753623188404788e+01 2.615006002400958707e+01 2.722222222222221077e+01 0.000000000000000000e+00 5.399999999999992184e+01 0.000000000000000000e+00 0.000000000000000000e+00 2.717499999999998295e+01 2.999999999999993960e+01 0.000000000000000000e+00 3.150000000000001421e+01 3.250000000000004974e+01 0.000000000000000000e+00 0.000000000000000000e+00 0.000000000000000000e+00 3.424999999999996447e+01 0.000000000000000000e+00 3.966666666666662167e+01 0.000000000000000000e+00 0.000000000000000000e+00 0.000000000000000000e+00 2.735294117647057277e+01 3.749999999999999289e+01 0.000000000000000000e+00 0.000000000000000000e+00 0.000000000000000000e+00 0.000000000000000000e+00 0.000000000000000000e+00 0.000000000000000000e+00 0.000000000000000000e+00 0.000000000000000000e+00 0.000000000000000000e+00 0.000000000000000000e+00 0.000000000000000000e+00 0.000000000000000000e+00 0.000000000000000000e+00 0.000000000000000000e+00 0.000000000000000000e+00 0.000000000000000000e+00 0.000000000000000000e+00 0.000000000000000000e+00 0.000000000000000000e+00 0.000000000000000000e+00 3.834999999999998010e+01 4.908333333333331439e+01 0.000000000000000000e+00 0.000000000000000000e+00 0.000000000000000000e+00 0.000000000000000000e+00 0.000000000000000000e+00 3.099999999999997513e+01 0.000000000000000000e+00
0.000000000000000000e+00 0.000000000000000000e+00 0.000000000000000000e+00 4.628571428571428470e+01 3.671942446043163955e+01 3.103672985781989624e+01 2.084701492537312362e+01 8.619181946403385197e+00 1.190976427017812078e+01 2.061928306551297041e+01 2.426689189189189122e+01 3.207186234817813641e+01 8.503588516746411585e+00 4.850000000000002132e+01 2.199899328859059366e+01 3.305709342560552955e+01 2.589032258064515446e+01 5.004545454545454675e+01 5.405714285714285694e+01 6.899999999999997158e+01 6.562499999999998579e+01 0.000000000000000000e+00 0.000000000000000000e+00 8.300000000000002842e+01 5.949999999999998579e+01 4.321428571428572241e+01 2.999999999999999645e+01 4.416666666666665719e+01 1.989136125654449927e+01 2.576740740740740065e+01 5.132208588957055184e+01 5.674342105263158231e+01 4.950990099009901257e+01 5.391666666666666430e+01 5.814130434782608603e+01 6.275000000000000000e+01 5.828571428571428470e+01 2.235300668151447212e+01 1.696319746735258605e+01 2.443965517241379004e+01 0.000000000000000000e+00 2.500000000000000000e+01 6.224999999999998579e+01 3.499999999999998579e+01 3.731818181818179880e+01 3.533333333333332149e+01 0.000000000000000000e+00 5.250000000000003553e+01 0.000000000000000000e+00 0.000000000000000000e+00 0.000000000000000000e+00 6.150000000000000000e+01 5.766666666666663588e+01 0.000000000000000000e+00 4.637499999999997868e+01 0.000000000000000000e+00 0.000000000000000000e+00 0.000000000000000000e+00 4.054999999999998295e+01 3.059999999999998366e+01 0.000000000000000000e+00 7.399999999999997158e+01 0.000000000000000000e+00 0.000000000000000000e+00 0.000000000000000000e+00 0.000000000000000000e+00 0.000000000000000000e+00 0.000000000000000000e+00 0.000000000000000000e+00 0.000000000000000000e+00 0.000000000000000000e+00 0.000000000000000000e+00 0.000000000000000000e+00 0.000000000000000000e+00 0.000000000000000000e+00 0.000000000000000000e+00 0.000000000000000000e+00 0.000000000000000000e+00 0.000000000000000000e+00 0.000000000000000000e+00 4.999999999999995737e+01 4.616666666666665009e+01 0.000000000000000000e+00 0.000000000000000000e+00 8.250000000000004263e+01 0.000000000000000000e+00 0.000000000000000000e+00 4.850000000000001421e+01 0.000000000000000000e+00
0.000000000000000000e+00 0.000000000000000000e+00 0.000000000000000000e+00 8.992395437262350910e+00 1.877576601671308154e+01 1.814100640938223563e+01 1.194545454545454177e+01 2.072176918985994476e+01 2.061928306551297041e+01 1.269193267556587301e+01 1.706185931424531077e+01 1.540859554015536226e+01 4.319047619047617559e+01 5.279487179487177428e+01 3.614980988593154621e+01 2.369380440348181338e+01 2.540964912280700361e+01 4.448134328358207057e+01 6.167434210526314331e+01 0.000000000000000000e+00 8.200000000000000000e+01 0.000000000000000000e+00 0.000000000000000000e+00 0.000000000000000000e+00 8.683333333333331439e+01 6.899999999999998579e+01 4.524999999999999289e+01 5.549999999999997868e+01 4.979947916666665009e+01 5.324999999999997868e+01 6.260714285714284699e+01 6.598969072164945260e+01 6.241525423728811717e+01 6.675000000000000000e+01 6.964062500000000000e+01 6.049999999999998579e+01 6.856250000000000000e+01 2.387618873445499901e+01 2.697310142087210494e+01 3.937862318840578268e+01 0.000000000000000000e+00 4.157692307692307310e+01 8.471428571428569398e+01 5.479411764705879762e+01 3.033858267716533064e+01 4.934999999999998721e+01 0.000000000000000000e+00 4.150000000000000000e+01 4.774999999999996447e+01 0.000000000000000000e+00 4.687499999999995737e+01 5.316666666666662877e+01 4.894230769230765787e+01 6.574999999999994316e+01 4.674509803921564810e+01 6.799999999999995737e+01 0.000000000000000000e+00 6.299999999999995026e+01 3.144907407407405842e+01 3.084523809523808424e+01 4.584999999999998010e+01 8.899999999999995737e+01 0.000000000000000000e+00 0.000000000000000000e+00 0.000000000000000000e+00 0.000000000000000000e+00 0.000000000000000000e+00 0.000000000000000000e+00 0.000000000000000000e+00 0.000000000000000000e+00 0.000000000000000000e+00 0.000000000000000000e+00 0.000000000000000000e+00 0.000000000000000000e+00 0.000000000000000000e+00 5.899999999999995737e+01 0.000000000000000000e+00 0.000000000000000000e+00 0.000000000000000000e+00 0.000000000000000000e+00 4.339999999999997726e+01 5.139393939393935540e+01 6.449999999999995737e+01 0.000000000000000000e+00 7.199999999999995737e+01 0.000000000000000000e+00 0.000000000000000000e+00 5.683333333333327886e+01 0.000000000000000000e+00
0.000000000000000000e+00 0.000000000000000000e+00 0.000000000000000000e+00 4.474999999999997868e+01 4.440196078431370807e+01 4.208660130718952530e+01 4.566666666666665009e+01 3.622222222222220722e+01 2.426689189189189122e+01 1.706185931424531077e+01 1.200947313781468928e+01 2.242203608247422508e+01 1.626633544113218832e+01 4.012500000000000000e+01 2.518983050847457505e+01 3.856026785714283989e+01 2.477053140096617412e+01 2.528947368421051678e+01 4.605275779376498946e+01 7.537499999999997158e+01 6.483333333333332860e+01 6.574999999999998579e+01 6.424999999999997158e+01 8.539999999999999147e+01 6.824999999999998579e+01 5.683888888888888857e+01 5.266666666666666430e+01 5.054629629629629761e+01 2.840233722871452571e+01 3.264992614475627875e+01 4.583460304731354995e+01 4.360240000000001004e+01 4.479183955739973300e+01 4.790236686390532839e+01 5.502777777777777857e+01 5.469444444444444287e+01 5.884736842105262866e+01 2.032417239225483030e+01 2.016073968705547514e+01 2.663875968992248033e+01 0.000000000000000000e+00 2.656355932203389969e+01 5.796153846153845990e+01 3.446590909090909349e+01 4.058333333333332149e+01 3.441452991452990773e+01 0.000000000000000000e+00 8.450000000000001421e+01 6.100000000000002842e+01 0.000000000000000000e+00 5.524999999999991473e+01 6.199999999999995026e+01 5.819999999999996732e+01 5.449999999999997158e+01 5.137499999999997868e+01 5.549999999999998579e+01 5.133333333333328596e+01 5.849999999999992184e+01 5.222727272727269821e+01 3.836111111111107874e+01 3.315624999999997868e+01 4.150000000000002842e+01 0.000000000000000000e+00 0.000000000000000000e+00 0.000000000000000000e+00 0.000000000000000000e+00 0.000000000000000000e+00 0.000000000000000000e+00 0.000000000000000000e+00 0.000000000000000000e+00 0.000000000000000000e+00 0.000000000000000000e+00 0.000000000000000000e+00 0.000000000000000000e+00 0.000000000000000000e+00 4.699999999999998579e+01 0.000000000000000000e+00 0.000000000000000000e+00 0.000000000000000000e+00 0.000000000000000000e+00 4.649999999999996447e+01 5.024999999999997868e+01 4.824999999999998579e+01 0.000000000000000000e+00 4.925000000000000000e+01 0.000000000000000000e+00 5.949999999999997158e+01 0.000000000000000000e+00 0.000000000000000000e+00
0.000000000000000000e+00 0.000000000000000000e+00 0.000000000000000000e+00 7.849820143884891799e+00 1.939854238588415214e+01 2.767042525773194939e+01 3.323809523809521949e+01 2.514672364672363969e+01 3.207186234817813641e+01 1.540859554015536226e+01 2.242203608247422508e+01 1.610561628134522039e+01 2.166677089847821591e+01 1.539734154400720989e+01 4.023728813559321082e+01 2.087899769205406386e+01 1.808425467022492938e+01 2.333971818582121927e+01 4.505404699738903673e+01 0.000000000000000000e+00 7.500000000000000000e+01 7.250000000000000000e+01 6.699999999999997158e+01 8.799999999999997158e+01 6.779999999999999716e+01 5.717924528301885800e+01 8.316666666666667140e+01 5.891304347826086740e+01 3.208070678127984365e+01 4.051715374841168682e+01 5.242857142857143060e+01 3.983420593368237661e+01 4.702490421455938474e+01 5.816666666666666430e+01 7.058823529411765207e+01 0.000000000000000000e+00 7.007142857142856940e+01 2.482045454545453467e+01 3.009669920966990375e+01 3.625681341719077722e+01 0.000000000000000000e+00 3.439999999999999858e+01 6.316666666666666430e+01 4.429591836734693544e+01 3.632835820895519419e+01 4.062043795620437692e+01 5.499999999999997868e+01 4.805555555555552871e+01 4.537037037037033116e+01 4.899999999999992184e+01 4.558333333333327886e+01 4.580952380952376757e+01 4.481967213114751303e+01 4.888461538461536549e+01 2.042834394904456730e+01 3.999999999999997158e+01 4.299999999999999289e+01 0.000000000000000000e+00 2.862352941176468590e+01 2.808620689655170821e+01 3.004166666666666075e+01 4.449999999999998579e+01 0.000000000000000000e+00 0.000000000000000000e+00 0.000000000000000000e+00 0.000000000000000000e+00 0.000000000000000000e+00 0.000000000000000000e+00 0.000000000000000000e+00 0.000000000000000000e+00 0.000000000000000000e+00 0.000000000000000000e+00 0.000000000000000000e+00 0.000000000000000000e+00 8.699999999999997158e+01 6.716666666666664298e+01 0.000000000000000000e+00 0.000000000000000000e+00 0.000000000000000000e+00 0.000000000000000000e+00 3.657017543859646480e+01 4.412871287128709241e+01 5.287499999999997868e+01 0.000000000000000000e+00 3.449999999999997868e+01 0.000000000000000000e+00 7.374999999999998579e+01 3.971428571428570109e+01 4.849999999999999289e+01
0.000000000000000000e+00 0.000000000000000000e+00 0.000000000000000000e+00 6.199999999999992895e+01 6.129999999999996874e+01 5.632653061224488056e+01 4.266666666666665719e+01 3.057547169811319421e+01 8.503588516746411585e+00 4.319047619047617559e+01 1.626633544113218832e+01 2.166677089847821591e+01 1.298424086854064896e+01 8.655725190839694605e+00 2.181210478771454575e+01 5.768518518518516913e+01 4.149999999999998579e+01 2.051376651982378974e+01 3.314247311827958242e+01 6.712499999999998579e+01 5.831896551724138078e+01 5.956249999999998579e+01 6.557142857142856940e+01 6.963333333333331154e+01 5.691071428571428470e+01 2.114693877551020407e+01 3.671249999999999858e+01 4.291919191919191690e+01 1.612281385281385226e+01 2.917503826353137697e+01 4.287385620915032547e+01 3.163572961373390413e+01 3.587844488188976300e+01 4.694805194805195470e+01 5.203007518796993480e+01 5.175000000000000711e+01 5.182291666666666430e+01 2.409493670886076444e+01 2.377781520692974482e+01 2.936289920159681444e+01 0.000000000000000000e+00 2.723084112149533453e+01 5.108955223880597174e+01 3.757205240174672412e+01 4.499999999999999289e+01 3.645318352059926070e+01 0.000000000000000000e+00 0.000000000000000000e+00 0.000000000000000000e+00 0.000000000000000000e+00 0.000000000000000000e+00 5.750000000000000000e+01 7.499999999999995737e+01 0.000000000000000000e+00 5.524999999999995737e+01 5.199999999999996447e+01 0.000000000000000000e+00 6.300000000000000000e+01 6.099999999999997868e+01 5.667857142857140218e+01 3.602272727272726627e+01 3.270000000000000284e+01 0.000000000000000000e+00 0.000000000000000000e+00 0.000000000000000000e+00 0.000000000000000000e+00 0.000000000000000000e+00 0.000000000000000000e+00 0.000000000000000000e+00 0.000000000000000000e+00 0.000000000000000000e+00 0.000000000000000000e+00 6.099999999999995737e+01 0.000000000000000000e+00 9.250000000000000000e+01 0.000000000000000000e+00 0.000000000000000000e+00 0.000000000000000000e+00 0.000000000000000000e+00 0.000000000000000000e+00 4.571428571428570820e+01 5.399999999999998579e+01 5.775000000000000000e+01 0.000000000000000000e+00 4.416666666666665719e+01 4.849999999999999289e+01 0.000000000000000000e+00 0.000000000000000000e+00 5.799999999999998579e+01
0.000000000000000000e+00 0.000000000000000000e+00 0.000000000000000000e+00 6.137499999999998579e+01 5.895000000000000284e+01 6.692857142857141639e+01 0.000000000000000000e+00 8.499999999999992895e+01 4.850000000000002132e+01 5.279487179487177428e+01 4.012500000000000000e+01 1.539734154400720989e+01 8.655725190839694605e+00 1.022320252831182508e+01 3.761666666666666714e+01 5.227272727272724495e+01 3.147826086956520797e+01 1.052528089887640483e+01 2.412745098039215819e+01 0.000000000000000000e+00 0.000000000000000000e+00 0.000000000000000000e+00 0.000000000000000000e+00 0.000000000000000000e+00 7.150000000000000000e+01 0.000000000000000000e+00 2.850000000000000355e+01 5.525000000000001421e+01 1.040792166033323518e+01 3.286554621848739544e+01 5.421428571428572241e+01 1.669166666666666288e+01 1.645454545454545325e+01 0.000000000000000000e+00 5.450000000000002132e+01 0.000000000000000000e+00 0.000000000000000000e+00 2.678947368421052744e+01 3.443801652892562259e+01 3.218750000000000711e+01 0.000000000000000000e+00 2.658823529411765207e+01 4.125000000000000000e+01 4.334615384615384670e+01 0.000000000000000000e+00 3.403846153846154010e+01 0.000000000000000000e+00 0.000000000000000000e+00 0.000000000000000000e+00 0.000000000000000000e+00 7.649999999999994316e+01 0.000000000000000000e+00 0.000000000000000000e+00 5.199999999999997158e+01 0.000000000000000000e+00 0.000000000000000000e+00 0.000000000000000000e+00 0.000000000000000000e+00 6.499999999999995737e+01 0.000000000000000000e+00 0.000000000000000000e+00 0.000000000000000000e+00 0.000000000000000000e+00 0.000000000000000000e+00 0.000000000000000000e+00 0.000000000000000000e+00 0.000000000000000000e+00 0.000000000000000000e+00 0.000000000000000000e+00 0.000000000000000000e+00 0.000000000000000000e+00 0.000000000000000000e+00 0.000000000000000000e+00 0.000000000000000000e+00 0.000000000000000000e+00 0.000000000000000000e+00 0.000000000000000000e+00 0.000000000000000000e+00 0.000000000000000000e+00 0.000000000000000000e+00 0.000000000000000000e+00 0.000000000000000000e+00 0.000000000000000000e+00 0.000000000000000000e+00 4.150000000000000711e+01 0.000000000000000000e+00 0.000000000000000000e+00 0.000000000000000000e+00 0.000000000000000000e+00
0.000000000000000000e+00 0.000000000000000000e+00 0.000000000000000000e+00 0.000000000000000000e+00 3.073684210526314686e+01 2.118808193668528261e+01 3.789999999999997726e+01 3.210582010582009360e+01 2.199899328859059366e+01 3.614980988593154621e+01 2.518983050847457505e+01 4.023728813559321082e+01 2.181210478771454575e+01 3.761666666666666714e+01 1.070687752850312435e+01 4.623648648648646997e+01 3.743055555555555713e+01 2.639610389610389518e+01 2.583854166666666785e+01 1.463909774436090139e+01 4.143220338983050510e+01 3.366101694915253262e+01 2.324290220820188679e+01 2.047272727272726556e+01 2.216809815950920282e+01 2.223588829471182393e+01 1.857880724174653864e+01 2.868335684062058633e+01 2.131052631578947398e+01 2.688644366197182123e+01 4.456587166382735177e+01 3.677751714182605269e+01 3.065647743813682169e+01 4.382758620689655515e+01 4.658755980861243984e+01 5.103333333333333144e+01 4.066197183098590529e+01 2.285632183908045434e+01 8.718487782388194773e+00 1.568922018348623659e+01 0.000000000000000000e+00 2.033908045977011625e+01 1.422821428571428548e+01 1.152435064935065157e+01 2.645833333333332504e+01 1.968181818181817633e+01 0.000000000000000000e+00 0.000000000000000000e+00 0.000000000000000000e+00 0.000000000000000000e+00 0.000000000000000000e+00 0.000000000000000000e+00 0.000000000000000000e+00 4.750000000000002842e+01 6.233333333333328596e+01 0.000000000000000000e+00 0.000000000000000000e+00 0.000000000000000000e+00 6.133333333333330728e+01 3.533333333333327886e+01 0.000000000000000000e+00 4.924999999999998579e+01 0.000000000000000000e+00 0.000000000000000000e+00 0.000000000000000000e+00 0.000000000000000000e+00 0.000000000000000000e+00 0.000000000000000000e+00 0.000000000000000000e+00 0.000000000000000000e+00 0.000000000000000000e+00 0.000000000000000000e+00 4.675000000000000000e+01 0.000000000000000000e+00 4.549999999999999289e+01 4.575000000000000000e+01 0.000000000000000000e+00 0.000000000000000000e+00 0.000000000000000000e+00 5.549999999999997868e+01 4.933333333333334991e+01 6.049999999999995737e+01 6.369999999999996732e+01 0.000000000000000000e+00 3.988636363636362603e+01 0.000000000000000000e+00 0.000000000000000000e+00 2.149999999999997513e+01 6.649999999999995737e+01
0.000000000000000000e+00 0.000000000000000000e+00 0.000000000000000000e+00 2.342105263157893091e+01 1.251698513800423918e+01 1.954910714285713169e+01 2.627272727272726627e+01 2.089167862266857512e+01 3.305709342560552955e+01 2.369380440348181338e+01 3.856026785714283989e+01 2.087899769205406386e+01 5.768518518518516913e+01 5.227272727272724495e+01 4.623648648648646997e+01 6.990018570102131790e+00 1.145653514180024679e+01 3.608554572271384586e+01 5.466760828625232449e+01 0.000000000000000000e+00 8.949999999999995737e+01 0.000000000000000000e+00 0.000000000000000000e+00 4.000000000000000711e+01 0.000000000000000000e+00 9.449999999999995737e+01 0.000000000000000000e+00 0.000000000000000000e+00 5.824999999999997868e+01 7.144117647058821774e+01 7.799999999999998579e+01 7.590476190476188378e+01 6.285465116279067388e+01 8.250000000000001421e+01 8.549999999999994316e+01 0.000000000000000000e+00 1.029999999999999858e+02 1.460769230769229665e+01 2.266516347237879359e+01 3.964864864864863137e+01 0.000000000000000000e+00 4.314285714285713169e+01 6.949999999999997158e+01 5.866666666666662167e+01 9.031055900621112187e+00 4.934615384615383959e+01 0.000000000000000000e+00 2.649999999999998934e+01 3.173333333333330941e+01 4.374999999999997158e+01 4.039999999999996305e+01 4.065384615384611777e+01 3.672222222222220012e+01 5.162499999999995026e+01 3.082812499999996447e+01 0.000000000000000000e+00 0.000000000000000000e+00 3.749999999999995026e+01 1.543925233644858963e+01 1.870833333333333215e+01 3.805882352941173963e+01 5.293749999999997158e+01 0.000000000000000000e+00 0.000000000000000000e+00 8.149999999999988631e+01 0.000000000000000000e+00 0.000000000000000000e+00 0.000000000000000000e+00 0.000000000000000000e+00 0.000000000000000000e+00 0.000000000000000000e+00 0.000000000000000000e+00 0.000000000000000000e+00 0.000000000000000000e+00 8.874999999999998579e+01 0.000000000000000000e+00 0.000000000000000000e+00 0.000000000000000000e+00 0.000000000000000000e+00 0.000000000000000000e+00 2.110256410256408088e+01 3.326562499999997158e+01 3.624999999999997158e+01 0.000000000000000000e+00 0.000000000000000000e+00 0.000000000000000000e+00 0.000000000000000000e+00 1.141666666666666252e+01 5.449999999999999289e+01
0.000000000000000000e+00 0.000000000000000000e+00 0.000000000000000000e+00 2.500000000000000000e+01 2.645132743362831462e+01 3.334042553191488167e+01 4.599999999999995026e+01 2.353225806451612101e+01 2.589032258064515446e+01 2.540964912280700361e+01 2.477053140096617412e+01 1.808425467022492938e+01 4.149999999999998579e+01 3.147826086956520797e+01 3.743055555555555713e+01 1.145653514180024679e+01 8.650019976028760382e+00 1.729457104557640079e+01 3.720011567379987127e+01 0.000000000000000000e+00 8.316666666666665719e+01 0.000000000000000000e+00 0.000000000000000000e+00 0.000000000000000000e+00 7.499999999999997158e+01 7.337500000000000000e+01 7.099999999999995737e+01 6.087499999999999289e+01 4.634615384615384670e+01 5.366279069767441712e+01 6.492857142857141639e+01 5.597474747474745982e+01 4.289414414414412846e+01 6.849999999999997158e+01 6.550000000000000000e+01 0.000000000000000000e+00 8.650000000000004263e+01 1.942324561403507843e+01 2.414973730297721843e+01 3.258620689655170821e+01 0.000000000000000000e+00 3.679166666666665719e+01 6.004545454545452543e+01 3.299999999999999289e+01 2.939473684210525661e+01 4.318749999999998579e+01 4.249999999999996447e+01 3.599999999999996447e+01 3.733333333333330017e+01 3.974999999999995737e+01 3.427272727272723074e+01 2.951428571428568048e+01 3.088414634146338855e+01 3.316666666666663588e+01 2.894382022471907945e+01 0.000000000000000000e+00 3.450000000000000000e+01 3.424999999999999289e+01 1.742372881355931469e+01 1.496568627450979427e+01 1.591269841269840946e+01 3.836111111111108585e+01 0.000000000000000000e+00 0.000000000000000000e+00 0.000000000000000000e+00 0.000000000000000000e+00 0.000000000000000000e+00 0.000000000000000000e+00 7.749999999999995737e+01 0.000000000000000000e+00 0.000000000000000000e+00 5.699999999999997158e+01 5.649999999999994316e+01 0.000000000000000000e+00 7.124999999999997158e+01 3.849999999999997868e+01 0.000000000000000000e+00 0.000000000000000000e+00 0.000000000000000000e+00 0.000000000000000000e+00 2.263392857142854808e+01 2.956024096385540645e+01 4.499999999999996447e+01 0.000000000000000000e+00 3.399999999999999289e+01 0.000000000000000000e+00 5.550000000000001421e+01 3.574999999999995737e+01 5.625000000000002132e+01
