0.000000000000000000e+00 0.000000000000000000e+00 0.000000000000000000e+00 0.000000000000000000e+00 0.000000000000000000e+00 0.000000000000000000e+00 0.000000000000000000e+00 0.000000000000000000e+00 0.000000000000000000e+00 0.000000000000000000e+00 0.000000000000000000e+00 0.000000000000000000e+00 0.000000000000000000e+00 0.000000000000000000e+00 0.000000000000000000e+00 0.000000000000000000e+00 0.000000000000000000e+00 0.000000000000000000e+00 0.000000000000000000e+00 0.000000000000000000e+00 0.000000000000000000e+00 0.000000000000000000e+00 0.000000000000000000e+00 0.000000000000000000e+00 0.000000000000000000e+00 0.000000000000000000e+00 0.000000000000000000e+00 0.000000000000000000e+00 0.000000000000000000e+00 0.000000000000000000e+00 0.000000000000000000e+00 0.000000000000000000e+00 0.000000000000000000e+00 0.000000000000000000e+00 0.000000000000000000e+00 0.000000000000000000e+00 0.000000000000000000e+00 0.000000000000000000e+00 0.000000000000000000e+00 0.000000000000000000e+00 0.000000000000000000e+00 0.000000000000000000e+00 0.000000000000000000e+00 0.000000000000000000e+00 0.000000000000000000e+00 0.000000000000000000e+00 0.000000000000000000e+00 0.000000000000000000e+00 0.000000000000000000e+00 0.000000000000000000e+00 0.000000000000000000e+00 0.000000000000000000e+00 0.000000000000000000e+00 0.000000000000000000e+00 0.000000000000000000e+00 0.000000000000000000e+00 0.000000000000000000e+00 0.000000000000000000e+00 0.000000000000000000e+00 0.000000000000000000e+00 0.000000000000000000e+00 0.000000000000000000e+00 0.000000000000000000e+00 0.000000000000000000e+00 0.000000000000000000e+00 0.000000000000000000e+00 0.000000000000000000e+00 0.000000000000000000e+00 0.000000000000000000e+00 0.000000000000000000e+00 0.000000000000000000e+00 0.000000000000000000e+00 0.000000000000000000e+00 0.000000000000000000e+00 0.000000000000000000e+00 0.000000000000000000e+00 0.000000000000000000e+00 0.000000000000000000e+00 0.000000000000000000e+00 0.000000000000000000e+00 0.000000000000000000e+00 0.000000000000000000e+00 0.000000000000000000e+00 0.000000000000000000e+00 0.000000000000000000e+00 0.000000000000000000e+00 0.000000000000000000e+00 0.000000000000000000e+00 0.000000000000000000e+00
0.000000000000000000e+00 0.000000000000000000e+00 0.000000000000000000e+00 0.000000000000000000e+00 0.000000000000000000e+00 0.000000000000000000e+00 0.000000000000000000e+00 0.000000000000000000e+00 0.000000000000000000e+00 0.000000000000000000e+00 0.000000000000000000e+00 0.000000000000000000e+00 0.000000000000000000e+00 0.000000000000000000e+00 0.000000000000000000e+00 0.000000000000000000e+00 0.000000000000000000e+00 0.000000000000000000e+00 0.000000000000000000e+00 0.000000000000000000e+00 0.000000000000000000e+00 0.000000000000000000e+00 0.000000000000000000e+00 0.000000000000000000e+00 0.000000000000000000e+00 0.000000000000000000e+00 0.000000000000000000e+00 0.000000000000000000e+00 0.000000000000000000e+00 0.000000000000000000e+00 0.000000000000000000e+00 0.000000000000000000e+00 0.000000000000000000e+00 0.000000000000000000e+00 0.000000000000000000e+00 0.000000000000000000e+00 0.000000000000000000e+00 0.000000000000000000e+00 0.000000000000000000e+00 0.000000000000000000e+00 0.000000000000000000e+00 0.000000000000000000e+00 0.000000000000000000e+00 0.000000000000000000e+00 0.000000000000000000e+00 0.000000000000000000e+00 0.000000000000000000e+00 0.000000000000000000e+00 0.000000000000000000e+00 0.000000000000000000e+00 0.000000000000000000e+00 0.000000000000000000e+00 0.000000000000000000e+00 0.000000000000000000e+00 0.000000000000000000e+00 0.000000000000000000e+00 0.000000000000000000e+00 0.000000000000000000e+00 0.000000000000000000e+00 0.000000000000000000e+00 0.000000000000000000e+00 0.000000000000000000e+00 0.000000000000000000e+00 0.000000000000000000e+00 0.000000000000000000e+00 0.000000000000000000e+00 0.000000000000000000e+00 0.000000000000000000e+00 0.000000000000000000e+00 0.000000000000000000e+00 0.000000000000000000e+00 0.000000000000000000e+00 0.000000000000000000e+00 0.000000000000000000e+00 0.000000000000000000e+00 0.000000000000000000e+00 0.000000000000000000e+00 0.000000000000000000e+00 0.000000000000000000e+00 0.000000000000000000e+00 0.000000000000000000e+00 0.000000000000000000e+00 0.000000000000000000e+00 0.000000000000000000e+00 0.000000000000000000e+00 0.000000000000000000e+00 0.000000000000000000e+00 0.000000000000000000e+00 0.000000000000000000e+00
0.000000000000000000e+00 0.000000000000000000e+00 0.000000000000000000e+00 0.000000000000000000e+00 0.000000000000000000e+00 0.000000000000000000e+00 0.000000000000000000e+00 0.000000000000000000e+00 0.000000000000000000e+00 0.000000000000000000e+00 0.000000000000000000e+00 0.000000000000000000e+00 0.000000000000000000e+00 0.000000000000000000e+00 0.000000000000000000e+00 0.000000000000000000e+00 0.000000000000000000e+00 0.000000000000000000e+00 0.000000000000000000e+00 0.000000000000000000e+00 0.000000000000000000e+00 0.000000000000000000e+00 0.000000000000000000e+00 0.000000000000000000e+00 0.000000000000000000e+00 0.000000000000000000e+00 0.000000000000000000e+00 0.000000000000000000e+00 0.000000000000000000e+00 0.000000000000000000e+00 0.000000000000000000e+00 0.000000000000000000e+00 0.000000000000000000e+00 0.000000000000000000e+00 0.000000000000000000e+00 0.000000000000000000e+00 0.000000000000000000e+00 0.000000000000000000e+00 0.000000000000000000e+00 0.000000000000000000e+00 0.000000000000000000e+00 0.000000000000000000e+00 0.000000000000000000e+00 0.000000000000000000e+00 0.000000000000000000e+00 0.000000000000000000e+00 0.000000000000000000e+00 0.000000000000000000e+00 0.000000000000000000e+00 0.000000000000000000e+00 0.000000000000000000e+00 0.000000000000000000e+00 0.000000000000000000e+00 0.000000000000000000e+00 0.000000000000000000e+00 0.000000000000000000e+00 0.000000000000000000e+00 0.000000000000000000e+00 0.000000000000000000e+00 0.000000000000000000e+00 0.000000000000000000e+00 0.000000000000000000e+00 0.000000000000000000e+00 0.000000000000000000e+00 0.000000000000000000e+00 0.000000000000000000e+00 0.000000000000000000e+00 0.000000000000000000e+00 0.000000000000000000e+00 0.000000000000000000e+00 0.000000000000000000e+00 0.000000000000000000e+00 0.000000000000000000e+00 0.000000000000000000e+00 0.000000000000000000e+00 0.000000000000000000e+00 0.000000000000000000e+00 0.000000000000000000e+00 0.000000000000000000e+00 0.000000000000000000e+00 0.000000000000000000e+00 0.000000000000000000e+00 0.000000000000000000e+00 0.000000000000000000e+00 0.000000000000000000e+00 0.000000000000000000e+00 0.000000000000000000e+00 0.000000000000000000e+00 0.000000000000000000e+00
0.000000000000000000e+00 0.000000000000000000e+00 0.000000000000000000e+00 4.168498168498164347e+00 5.787996545768563372e+00 1.111499364675984225e+01 2.449999999999998224e+01 2.992857142857141639e+01 3.900000000000000000e+01 1.219366197183098244e+01 5.149999999999998579e+01 5.510101010101007724e+00 0.000000000000000000e+00 5.824999999999995737e+01 4.009999999999998010e+01 3.349999999999996447e+01 0.000000000000000000e+00 0.000000000000000000e+00 0.000000000000000000e+00 0.000000000000000000e+00 0.000000000000000000e+00 0.000000000000000000e+00 0.000000000000000000e+00 0.000000000000000000e+00 0.000000000000000000e+00 0.000000000000000000e+00 0.000000000000000000e+00 0.000000000000000000e+00 0.000000000000000000e+00 0.000000000000000000e+00 0.000000000000000000e+00 8.399999999999992895e+01 0.000000000000000000e+00 0.000000000000000000e+00 0.000000000000000000e+00 0.000000000000000000e+00 0.000000000000000000e+00 2.846551724137929540e+01 3.190697674418602503e+01 5.499999999999992895e+01 0.000000000000000000e+00 0.000000000000000000e+00 0.000000000000000000e+00 0.000000000000000000e+00 3.275000000000000000e+01 0.000000000000000000e+00 0.000000000000000000e+00 0.000000000000000000e+00 0.000000000000000000e+00 0.000000000000000000e+00 0.000000000000000000e+00 0.000000000000000000e+00 0.000000000000000000e+00 0.000000000000000000e+00 0.000000000000000000e+00 0.000000000000000000e+00 0.000000000000000000e+00 0.000000000000000000e+00 0.000000000000000000e+00 0.000000000000000000e+00 0.000000000000000000e+00 0.000000000000000000e+00 0.000000000000000000e+00 0.000000000000000000e+00 0.000000000000000000e+00 0.000000000000000000e+00 0.000000000000000000e+00 0.000000000000000000e+00 0.000000000000000000e+00 0.000000000000000000e+00 0.000000000000000000e+00 0.000000000000000000e+00 0.000000000000000000e+00 0.000000000000000000e+00 0.000000000000000000e+00 0.000000000000000000e+00 0.000000000000000000e+00 0.000000000000000000e+00 0.000000000000000000e+00 0.000000000000000000e+00 0.000000000000000000e+00 0.000000000000000000e+00 0.000000000000000000e+00 0.000000000000000000e+00 0.000000000000000000e+00 0.000000000000000000e+00 0.000000000000000000e+00 0.000000000000000000e+00 0.000000000000000000e+00
0.000000000000000000e+00 0.000000000000000000e+00 0.000000000000000000e+00 5.787996545768563372e+00 9.800465509944979559e+00 9.596549466990829558e+00 3.215624999999997868e+01 2.604736842105262085e+01 4.166037735849055679e+01 1.668160515524311194e+01 4.146874999999998579e+01 1.633353934899051652e+01 5.511111111111110716e+01 5.757142857142854808e+01 2.680555555555555003e+01 1.314810017271156362e+01 2.790999999999998948e+01 5.139622641509431133e+01 6.344444444444440734e+01 0.000000000000000000e+00 0.000000000000000000e+00 0.000000000000000000e+00 0.000000000000000000e+00 0.000000000000000000e+00 4.749999999999995026e+01 3.449999999999996447e+01 0.000000000000000000e+00 8.749999999999998579e+01 6.719999999999996021e+01 7.135294117647057988e+01 8.033333333333331439e+01 7.882608695652172059e+01 7.114285714285711038e+01 0.000000000000000000e+00 0.000000000000000000e+00 0.000000000000000000e+00 0.000000000000000000e+00 1.201793909052982201e+01 1.973045547246769260e+01 3.804545454545451832e+01 0.000000000000000000e+00 5.549999999999997868e+01 5.849999999999995737e+01 2.824999999999997513e+01 6.375192604006159947e+00 1.978124999999999645e+01 0.000000000000000000e+00 2.933333333333331439e+01 4.574999999999995737e+01 0.000000000000000000e+00 4.999999999999995737e+01 0.000000000000000000e+00 3.978571428571425628e+01 0.000000000000000000e+00 4.874999999999994316e+01 0.000000000000000000e+00 0.000000000000000000e+00 0.000000000000000000e+00 3.024999999999997868e+01 4.674999999999997868e+01 5.749999999999996447e+01 6.600000000000000000e+01 0.000000000000000000e+00 0.000000000000000000e+00 0.000000000000000000e+00 0.000000000000000000e+00 0.000000000000000000e+00 0.000000000000000000e+00 0.000000000000000000e+00 0.000000000000000000e+00 0.000000000000000000e+00 0.000000000000000000e+00 0.000000000000000000e+00 0.000000000000000000e+00 1.029999999999999432e+02 7.049999999999994316e+01 0.000000000000000000e+00 0.000000000000000000e+00 0.000000000000000000e+00 0.000000000000000000e+00 2.721428571428570109e+01 4.764285714285711038e+01 0.000000000000000000e+00 0.000000000000000000e+00 0.000000000000000000e+00 0.000000000000000000e+00 0.000000000000000000e+00 1.533333333333332327e+01 1.537499999999998579e+01
0.000000000000000000e+00 0.000000000000000000e+00 0.000000000000000000e+00 1.111499364675984225e+01 9.596549466990829558e+00 1.433578232454828161e+01 9.922148807813842453e+00 1.289273396183029874e+01 3.485044642857142350e+01 1.784579779488245777e+01 4.396428571428570109e+01 2.370359515435716347e+01 5.402325581395346887e+01 6.962499999999995737e+01 2.474790502793294422e+01 2.164480874316938852e+01 3.289583333333332860e+01 6.020833333333328596e+01 5.533333333333330728e+01 2.949999999999996447e+01 0.000000000000000000e+00 0.000000000000000000e+00 4.700000000000002842e+01 0.000000000000000000e+00 6.059999999999996589e+01 4.734999999999998010e+01 4.900000000000001421e+01 6.800000000000000000e+01 6.290322580645159434e+01 5.812135922330094218e+01 7.881944444444441444e+01 7.730180180180178695e+01 7.096874999999997158e+01 5.549999999999998579e+01 7.458333333333332860e+01 0.000000000000000000e+00 0.000000000000000000e+00 1.824513077351139501e+01 1.988802353755623287e+01 2.649999999999998224e+01 0.000000000000000000e+00 3.852499999999997016e+01 3.724999999999998579e+01 2.238194444444443221e+01 1.946996466431093964e+01 4.032142857142855519e+01 0.000000000000000000e+00 3.249999999999999289e+01 5.091666666666662167e+01 0.000000000000000000e+00 5.383333333333329307e+01 5.699999999999996447e+01 4.816666666666662877e+01 0.000000000000000000e+00 4.793749999999994316e+01 0.000000000000000000e+00 0.000000000000000000e+00 0.000000000000000000e+00 3.373684210526313620e+01 4.074999999999998579e+01 0.000000000000000000e+00 0.000000000000000000e+00 0.000000000000000000e+00 0.000000000000000000e+00 0.000000000000000000e+00 0.000000000000000000e+00 0.000000000000000000e+00 0.000000000000000000e+00 0.000000000000000000e+00 0.000000000000000000e+00 0.000000000000000000e+00 0.000000000000000000e+00 0.000000000000000000e+00 0.000000000000000000e+00 0.000000000000000000e+00 8.474999999999991473e+01 0.000000000000000000e+00 0.000000000000000000e+00 0.000000000000000000e+00 0.000000000000000000e+00 4.009090909090905797e+01 5.167499999999997584e+01 9.650000000000000000e+01 0.000000000000000000e+00 0.000000000000000000e+00 0.000000000000000000e+00 0.000000000000000000e+00 3.324999999999994316e+01 2.049999999999996803e+01
0.000000000000000000e+00 0.000000000000000000e+00 0.000000000000000000e+00 2.449999999999998224e+01 3.215624999999997868e+01 9.922148807813842453e+00 8.192178375508754939e+00 7.425598086124398201e+00 1.878749999999999076e+01 1.345678246484697560e+01 4.749999999999995026e+01 3.153636363636362105e+01 5.724999999999995737e+01 0.000000000000000000e+00 3.201999999999998892e+01 2.916666666666664653e+01 0.000000000000000000e+00 0.000000000000000000e+00 0.000000000000000000e+00 0.000000000000000000e+00 0.000000000000000000e+00 0.000000000000000000e+00 0.000000000000000000e+00 0.000000000000000000e+00 0.000000000000000000e+00 0.000000000000000000e+00 0.000000000000000000e+00 7.899999999999998579e+01 7.083333333333328596e+01 5.511538461538457057e+01 7.549999999999997158e+01 7.533333333333330017e+01 8.199999999999995737e+01 0.000000000000000000e+00 8.925000000000000000e+01 0.000000000000000000e+00 0.000000000000000000e+00 2.733333333333331794e+01 2.729268292682925789e+01 3.524999999999997158e+01 0.000000000000000000e+00 0.000000000000000000e+00 4.149999999999995737e+01 0.000000000000000000e+00 3.624999999999998579e+01 4.750000000000000000e+01 0.000000000000000000e+00 0.000000000000000000e+00 0.000000000000000000e+00 0.000000000000000000e+00 0.000000000000000000e+00 0.000000000000000000e+00 0.000000000000000000e+00 0.000000000000000000e+00 6.749999999999997158e+01 0.000000000000000000e+00 0.000000000000000000e+00 0.000000000000000000e+00 0.000000000000000000e+00 0.000000000000000000e+00 0.000000000000000000e+00 0.000000000000000000e+00 0.000000000000000000e+00 0.000000000000000000e+00 0.000000000000000000e+00 0.000000000000000000e+00 0.000000000000000000e+00 0.000000000000000000e+00 0.000000000000000000e+00 0.000000000000000000e+00 0.000000000000000000e+00 0.000000000000000000e+00 0.000000000000000000e+00 0.000000000000000000e+00 0.000000000000000000e+00 0.000000000000000000e+00 0.000000000000000000e+00 0.000000000000000000e+00 0.000000000000000000e+00 0.000000000000000000e+00 0.000000000000000000e+00 0.000000000000000000e+00 0.000000000000000000e+00 0.000000000000000000e+00 0.000000000000000000e+00 0.000000000000000000e+00 0.000000000000000000e+00 0.000000000000000000e+00 0.000000000000000000e+00
0.000000000000000000e+00 0.000000000000000000e+00 0.000000000000000000e+00 2.992857142857141639e+01 2.604736842105262085e+01 1.289273396183029874e+01 7.425598086124398201e+00 8.785440236104276934e+00 9.179623824451407899e+00 1.734981119121179916e+01 3.090677966101693386e+01 2.511477045908182149e+01 3.016015624999999289e+01 6.349999999999997868e+01 3.352170542635657569e+01 1.969337979094076019e+01 1.873148148148147740e+01 4.912499999999997868e+01 6.316666666666663588e+01 0.000000000000000000e+00 8.099999999999997158e+01 0.000000000000000000e+00 0.000000000000000000e+00 0.000000000000000000e+00 0.000000000000000000e+00 7.118749999999998579e+01 3.987499999999996447e+01 5.999999999999998579e+01 4.544262295081965419e+01 3.868022328548642008e+01 6.178070175438595157e+01 6.308064516129030608e+01 6.414285714285713880e+01 0.000000000000000000e+00 7.550000000000000000e+01 0.000000000000000000e+00 6.466666666666664298e+01 2.244117647058822840e+01 2.520023148148146319e+01 2.799999999999996092e+01 0.000000000000000000e+00 0.000000000000000000e+00 0.000000000000000000e+00 2.700000000000000355e+01 3.061904761904760264e+01 2.757142857142855519e+01 0.000000000000000000e+00 0.000000000000000000e+00 4.450000000000003553e+01 0.000000000000000000e+00 0.000000000000000000e+00 4.799999999999991473e+01 0.000000000000000000e+00 0.000000000000000000e+00 4.133333333333329307e+01 0.000000000000000000e+00 0.000000000000000000e+00 0.000000000000000000e+00 2.440909090909091006e+01 2.616666666666664653e+01 0.000000000000000000e+00 7.649999999999994316e+01 0.000000000000000000e+00 0.000000000000000000e+00 0.000000000000000000e+00 0.000000000000000000e+00 0.000000000000000000e+00 0.000000000000000000e+00 0.000000000000000000e+00 0.000000000000000000e+00 0.000000000000000000e+00 0.000000000000000000e+00 0.000000000000000000e+00 0.000000000000000000e+00 0.000000000000000000e+00 7.650000000000000000e+01 0.000000000000000000e+00 0.000000000000000000e+00 0.000000000000000000e+00 0.000000000000000000e+00 3.574999999999994316e+01 5.049999999999995737e+01 0.000000000000000000e+00 0.000000000000000000e+00 0.000000000000000000e+00 0.000000000000000000e+00 0.000000000000000000e+00 3.999999999999997158e+01 0.000000000000000000e+00
0.000000000000000000e+00 0.000000000000000000e+00 0.000000000000000000e+00 3.900000000000000000e+01 4.166037735849055679e+01 3.485044642857142350e+01 1.878749999999999076e+01 9.179623824451407899e+00 1.234231056237704038e+01 1.964991723811775159e+01 2.556118143459915615e+01 2.973540145985401395e+01 1.014024390243902474e+01 4.225000000000001421e+01 2.093143656716417311e+01 3.029629629629629761e+01 2.520379146919431435e+01 4.636111111111110006e+01 6.007142857142856229e+01 0.000000000000000000e+00 6.442857142857143060e+01 7.599999999999998579e+01 6.999999999999997158e+01 0.000000000000000000e+00 5.207142857142856940e+01 4.983333333333333570e+01 3.562499999999999289e+01 4.611290322580644840e+01 2.344264339152119803e+01 2.609469370146677392e+01 4.939516129032257652e+01 5.061788617886178798e+01 5.216249999999998721e+01 6.075000000000000000e+01 5.901923076923076650e+01 0.000000000000000000e+00 5.683333333333333570e+01 2.223237753882914447e+01 1.675045207956600279e+01 3.022857142857142065e+01 0.000000000000000000e+00 0.000000000000000000e+00 5.788888888888887863e+01 4.249999999999999289e+01 4.634782608695650907e+01 3.339523809523809206e+01 0.000000000000000000e+00 0.000000000000000000e+00 5.899999999999997158e+01 0.000000000000000000e+00 5.812499999999997158e+01 5.324999999999995737e+01 3.799999999999995026e+01 0.000000000000000000e+00 5.037499999999996447e+01 0.000000000000000000e+00 0.000000000000000000e+00 0.000000000000000000e+00 4.137499999999998579e+01 3.385714285714282568e+01 2.700000000000000355e+01 5.799999999999993605e+01 0.000000000000000000e+00 0.000000000000000000e+00 0.000000000000000000e+00 0.000000000000000000e+00 0.000000000000000000e+00 0.000000000000000000e+00 0.000000000000000000e+00 0.000000000000000000e+00 0.000000000000000000e+00 0.000000000000000000e+00 0.000000000000000000e+00 0.000000000000000000e+00 0.000000000000000000e+00 0.000000000000000000e+00 0.000000000000000000e+00 0.000000000000000000e+00 0.000000000000000000e+00 0.000000000000000000e+00 4.849999999999995737e+01 5.399999999999995737e+01 0.000000000000000000e+00 0.000000000000000000e+00 0.000000000000000000e+00 0.000000000000000000e+00 0.000000000000000000e+00 5.150000000000002132e+01 0.000000000000000000e+00
0.000000000000000000e+00 0.000000000000000000e+00 0.000000000000000000e+00 1.219366197183098244e+01 1.668160515524311194e+01 1.784579779488245777e+01 1.345678246484697560e+01 1.734981119121179916e+01 1.964991723811775159e+01 1.284583579444772639e+01 1.631121800689779988e+01 1.603030517095223928e+01 4.002593360995849281e+01 5.735483870967740927e+01 3.485778781038373353e+01 2.137910447761193211e+01 2.361486486486485958e+01 4.514682539682538476e+01 6.149324324324324209e+01 0.000000000000000000e+00 7.542857142857141639e+01 7.199999999999995737e+01 8.000000000000000000e+01 8.799999999999994316e+01 8.312499999999997158e+01 7.034848484848481576e+01 4.599999999999997868e+01 6.470967741935481854e+01 5.099864130434780662e+01 4.525072716695751751e+01 6.166439205955332881e+01 6.221428571428569398e+01 6.293709677419352744e+01 6.938461538461537259e+01 7.564705882352939170e+01 8.450000000000000000e+01 7.113999999999998636e+01 2.522731906218142583e+01 2.631561996779386092e+01 3.672702702702700606e+01 0.000000000000000000e+00 4.914999999999998437e+01 7.474999999999997158e+01 4.693333333333331581e+01 3.516981132075469674e+01 4.060365853658534974e+01 0.000000000000000000e+00 6.599999999999998579e+01 5.678571428571426338e+01 0.000000000000000000e+00 6.949999999999997158e+01 4.450000000000001421e+01 5.456249999999995737e+01 0.000000000000000000e+00 4.614999999999997016e+01 0.000000000000000000e+00 0.000000000000000000e+00 0.000000000000000000e+00 3.485714285714283278e+01 3.289999999999997726e+01 4.324999999999994316e+01 6.049999999999997158e+01 0.000000000000000000e+00 0.000000000000000000e+00 0.000000000000000000e+00 0.000000000000000000e+00 0.000000000000000000e+00 0.000000000000000000e+00 0.000000000000000000e+00 0.000000000000000000e+00 0.000000000000000000e+00 0.000000000000000000e+00 0.000000000000000000e+00 0.000000000000000000e+00 1.043333333333333002e+02 0.000000000000000000e+00 0.000000000000000000e+00 0.000000000000000000e+00 0.000000000000000000e+00 0.000000000000000000e+00 3.872727272727268399e+01 5.482142857142854808e+01 7.399999999999998579e+01 0.000000000000000000e+00 6.274999999999993605e+01 0.000000000000000000e+00 0.000000000000000000e+00 4.349999999999997158e+01 0.000000000000000000e+00
0.000000000000000000e+00 0.000000000000000000e+00 0.000000000000000000e+00 5.149999999999998579e+01 4.146874999999998579e+01 4.396428571428570109e+01 4.749999999999995026e+01 3.090677966101693386e+01 2.556118143459915615e+01 1.631121800689779988e+01 1.277386934673366881e+01 2.190957531414029091e+01 1.636109875444839901e+01 4.003508771929824661e+01 2.359704370179948540e+01 3.902556818181817277e+01 2.512219101123594456e+01 2.793003412969282806e+01 4.741666666666666430e+01 6.916666666666661456e+01 6.390624999999998579e+01 5.988888888888887863e+01 6.769999999999997442e+01 8.137499999999997158e+01 5.737142857142857366e+01 5.024545454545454248e+01 5.464285714285711748e+01 4.493540669856459147e+01 3.023901425178147306e+01 3.457043907020427298e+01 4.469505494505494170e+01 4.414630977130977385e+01 4.748560209424083922e+01 5.078947368421052744e+01 5.631900452488687847e+01 5.475000000000000000e+01 5.369696969696969546e+01 2.115983224603913726e+01 2.150106028476219322e+01 3.067943548387096087e+01 0.000000000000000000e+00 2.714655172413792172e+01 6.652380952380951840e+01 3.733636363636362887e+01 4.421052631578944414e+01 3.425000000000000000e+01 0.000000000000000000e+00 0.000000000000000000e+00 0.000000000000000000e+00 0.000000000000000000e+00 0.000000000000000000e+00 5.549999999999992895e+01 0.000000000000000000e+00 5.559999999999996589e+01 4.199999999999997158e+01 5.099999999999998579e+01 0.000000000000000000e+00 0.000000000000000000e+00 4.766666666666662877e+01 3.649999999999998579e+01 3.009090909090907928e+01 4.225000000000001421e+01 0.000000000000000000e+00 0.000000000000000000e+00 0.000000000000000000e+00 0.000000000000000000e+00 0.000000000000000000e+00 0.000000000000000000e+00 0.000000000000000000e+00 0.000000000000000000e+00 0.000000000000000000e+00 0.000000000000000000e+00 0.000000000000000000e+00 0.000000000000000000e+00 0.000000000000000000e+00 6.350000000000001421e+01 0.000000000000000000e+00 0.000000000000000000e+00 0.000000000000000000e+00 0.000000000000000000e+00 4.366666666666662167e+01 5.533333333333332149e+01 0.000000000000000000e+00 0.000000000000000000e+00 3.949999999999995026e+01 0.000000000000000000e+00 0.000000000000000000e+00 0.000000000000000000e+00 6.049999999999999289e+01
0.000000000000000000e+00 0.000000000000000000e+00 0.000000000000000000e+00 5.510101010101007724e+00 1.633353934899051652e+01 2.370359515435716347e+01 3.153636363636362105e+01 2.511477045908182149e+01 2.973540145985401395e+01 1.603030517095223928e+01 2.190957531414029091e+01 1.576259460508441457e+01 2.003159424724601934e+01 1.421380540688897831e+01 3.267309753483386459e+01 2.153889845094663613e+01 1.696393817973668661e+01 2.595143194567463141e+01 4.165799999999999415e+01 0.000000000000000000e+00 1.004999999999999858e+02 0.000000000000000000e+00 0.000000000000000000e+00 0.000000000000000000e+00 9.849999999999997158e+01 5.949999999999998579e+01 5.659999999999998721e+01 5.879999999999999716e+01 3.375701624815361868e+01 4.381463146314629853e+01 6.120655737704915822e+01 4.463662374821173273e+01 4.007723112128146425e+01 6.750000000000001421e+01 7.768518518518519045e+01 0.000000000000000000e+00 7.849999999999998579e+01 2.715105118829980668e+01 2.965447897623399243e+01 3.615632183908046215e+01 0.000000000000000000e+00 3.231333333333333258e+01 6.583333333333332860e+01 4.682075471698113489e+01 3.908881578947367075e+01 4.041928251121075988e+01 0.000000000000000000e+00 0.000000000000000000e+00 5.774999999999998579e+01 0.000000000000000000e+00 4.639999999999995595e+01 4.805555555555551450e+01 5.226923076923073097e+01 4.583333333333330728e+01 9.111587982832613619e+00 0.000000000000000000e+00 1.075000000000000533e+01 3.899999999999996447e+01 3.311206896551722423e+01 2.899999999999997868e+01 2.431372549019607732e+01 3.821428571428571530e+01 0.000000000000000000e+00 0.000000000000000000e+00 0.000000000000000000e+00 0.000000000000000000e+00 0.000000000000000000e+00 0.000000000000000000e+00 0.000000000000000000e+00 0.000000000000000000e+00 0.000000000000000000e+00 0.000000000000000000e+00 0.000000000000000000e+00 0.000000000000000000e+00 5.600000000000000000e+01 6.299999999999997158e+01 0.000000000000000000e+00 0.000000000000000000e+00 0.000000000000000000e+00 0.000000000000000000e+00 3.764705882352937749e+01 4.540384615384612488e+01 4.424999999999998579e+01 0.000000000000000000e+00 0.000000000000000000e+00 0.000000000000000000e+00 5.650000000000002132e+01 3.737500000000000000e+01 3.849999999999995737e+01
0.000000000000000000e+00 0.000000000000000000e+00 0.000000000000000000e+00 0.000000000000000000e+00 5.511111111111110716e+01 5.402325581395346887e+01 5.724999999999995737e+01 3.016015624999999289e+01 1.014024390243902474e+01 4.002593360995849281e+01 1.636109875444839901e+01 2.003159424724601934e+01 1.350199540189997016e+01 8.285205568145030952e+00 2.249050632911393066e+01 5.354687499999997868e+01 3.586363636363635266e+01 2.107011070110701212e+01 3.833486238532110235e+01 0.000000000000000000e+00 6.297826086956519731e+01 5.620000000000000284e+01 5.874999999999998579e+01 6.087499999999998579e+01 4.600000000000000711e+01 1.348813056379821873e+01 3.732500000000000284e+01 4.268539325842696286e+01 1.887884474551446345e+01 2.779570996978851838e+01 4.222686230248307027e+01 3.333105022831050235e+01 3.370825688073394844e+01 5.550000000000000000e+01 5.357142857142856940e+01 0.000000000000000000e+00 4.947916666666666430e+01 2.723333333333333428e+01 2.388257479447411669e+01 2.946857267568748640e+01 0.000000000000000000e+00 2.772597864768684062e+01 4.347058823529410887e+01 3.752845528455284807e+01 7.924999999999998579e+01 3.678306878306879213e+01 0.000000000000000000e+00 0.000000000000000000e+00 0.000000000000000000e+00 0.000000000000000000e+00 0.000000000000000000e+00 0.000000000000000000e+00 6.849999999999998579e+01 0.000000000000000000e+00 0.000000000000000000e+00 6.199999999999997158e+01 6.249999999999992895e+01 0.000000000000000000e+00 7.200000000000001421e+01 4.733333333333329307e+01 3.576666666666665861e+01 4.349999999999999289e+01 0.000000000000000000e+00 0.000000000000000000e+00 0.000000000000000000e+00 0.000000000000000000e+00 0.000000000000000000e+00 0.000000000000000000e+00 0.000000000000000000e+00 0.000000000000000000e+00 0.000000000000000000e+00 0.000000000000000000e+00 0.000000000000000000e+00 0.000000000000000000e+00 0.000000000000000000e+00 5.249999999999997868e+01 0.000000000000000000e+00 0.000000000000000000e+00 0.000000000000000000e+00 0.000000000000000000e+00 0.000000000000000000e+00 6.174999999999998579e+01 0.000000000000000000e+00 0.000000000000000000e+00 0.000000000000000000e+00 0.000000000000000000e+00 5.874999999999997158e+01 0.000000000000000000e+00 5.449999999999997158e+01
0.000000000000000000e+00 0.000000000000000000e+00 0.000000000000000000e+00 5.824999999999995737e+01 5.757142857142854808e+01 6.962499999999995737e+01 0.000000000000000000e+00 6.349999999999997868e+01 4.225000000000001421e+01 5.735483870967740927e+01 4.003508771929824661e+01 1.421380540688897831e+01 8.285205568145030952e+00 9.303789913458668792e+00 3.075000000000000000e+01 5.200000000000000000e+01 3.319642857142855519e+01 1.122289156626506035e+01 2.030952380952381020e+01 0.000000000000000000e+00 0.000000000000000000e+00 0.000000000000000000e+00 0.000000000000000000e+00 0.000000000000000000e+00 0.000000000000000000e+00 0.000000000000000000e+00 0.000000000000000000e+00 4.149999999999999289e+01 1.080035173573940988e+01 3.478481012658227911e+01 5.049999999999999289e+01 1.341679873217115748e+01 1.623697916666666430e+01 2.950000000000000000e+01 0.000000000000000000e+00 0.000000000000000000e+00 0.000000000000000000e+00 3.185000000000000142e+01 3.410062893081761359e+01 3.052542372881356059e+01 0.000000000000000000e+00 2.299999999999999289e+01 0.000000000000000000e+00 3.914285714285714590e+01 0.000000000000000000e+00 4.068750000000000000e+01 0.000000000000000000e+00 0.000000000000000000e+00 0.000000000000000000e+00 0.000000000000000000e+00 0.000000000000000000e+00 0.000000000000000000e+00 0.000000000000000000e+00 0.000000000000000000e+00 1.999999999999999289e+01 0.000000000000000000e+00 0.000000000000000000e+00 0.000000000000000000e+00 0.000000000000000000e+00 0.000000000000000000e+00 0.000000000000000000e+00 0.000000000000000000e+00 0.000000000000000000e+00 0.000000000000000000e+00 0.000000000000000000e+00 0.000000000000000000e+00 0.000000000000000000e+00 0.000000000000000000e+00 0.000000000000000000e+00 0.000000000000000000e+00 0.000000000000000000e+00 0.000000000000000000e+00 0.000000000000000000e+00 0.000000000000000000e+00 0.000000000000000000e+00 0.000000000000000000e+00 0.000000000000000000e+00 0.000000000000000000e+00 0.000000000000000000e+00 0.000000000000000000e+00 0.000000000000000000e+00 0.000000000000000000e+00 0.000000000000000000e+00 0.000000000000000000e+00 0.000000000000000000e+00 0.000000000000000000e+00 0.000000000000000000e+00 0.000000000000000000e+00 0.000000000000000000e+00
0.000000000000000000e+00 0.000000000000000000e+00 0.000000000000000000e+00 4.009999999999998010e+01 2.680555555555555003e+01 2.474790502793294422e+01 3.201999999999998892e+01 3.352170542635657569e+01 2.093143656716417311e+01 3.485778781038373353e+01 2.359704370179948540e+01 3.267309753483386459e+01 2.249050632911393066e+01 3.075000000000000000e+01 1.216133295572547546e+01 3.299246231155777309e+01 2.905978260869564167e+01 2.399371069182389959e+01 2.293439363817096677e+01 1.439032258064516157e+01 2.334351145038167630e+01 2.544047619047618980e+01 2.280707395498392387e+01 1.726543209876542306e+01 2.038961038961038952e+01 1.944372913686218496e+01 1.547341040462427664e+01 2.539062499999999289e+01 2.081065442936951371e+01 2.119982920580700281e+01 4.192546063651590060e+01 3.246201529939329333e+01 3.095274261603374200e+01 4.451428571428569825e+01 4.874127310061601293e+01 4.649999999999999289e+01 3.687837837837836474e+01 2.057174887892376347e+01 8.543734522040610457e+00 1.981454545454545624e+01 0.000000000000000000e+00 2.024696356275302733e+01 1.292137660884163353e+01 1.225122349102773178e+01 2.347368421052630438e+01 2.039856020942408321e+01 0.000000000000000000e+00 0.000000000000000000e+00 0.000000000000000000e+00 0.000000000000000000e+00 0.000000000000000000e+00 0.000000000000000000e+00 0.000000000000000000e+00 0.000000000000000000e+00 5.583333333333331439e+01 6.500000000000000000e+01 0.000000000000000000e+00 5.174999999999997868e+01 5.549999999999996447e+01 3.764285714285713169e+01 2.712499999999999289e+01 3.353999999999998494e+01 0.000000000000000000e+00 0.000000000000000000e+00 4.049999999999996447e+01 0.000000000000000000e+00 0.000000000000000000e+00 0.000000000000000000e+00 0.000000000000000000e+00 4.424999999999997868e+01 0.000000000000000000e+00 5.300000000000000711e+01 4.393749999999998579e+01 0.000000000000000000e+00 3.999999999999995737e+01 3.185714285714285054e+01 0.000000000000000000e+00 0.000000000000000000e+00 0.000000000000000000e+00 0.000000000000000000e+00 3.149999999999998224e+01 5.216666666666665009e+01 5.425000000000000000e+01 0.000000000000000000e+00 3.216666666666666430e+01 3.462499999999999289e+01 0.000000000000000000e+00 0.000000000000000000e+00 0.000000000000000000e+00
0.000000000000000000e+00 0.000000000000000000e+00 0.000000000000000000e+00 3.349999999999996447e+01 1.314810017271156362e+01 2.164480874316938852e+01 2.916666666666664653e+01 1.969337979094076019e+01 3.029629629629629761e+01 2.137910447761193211e+01 3.902556818181817277e+01 2.153889845094663613e+01 5.354687499999997868e+01 5.200000000000000000e+01 3.299246231155777309e+01 7.577783120942531703e+00 9.784309021113239524e+00 4.103158406219628773e+01 5.270667870036098179e+01 0.000000000000000000e+00 0.000000000000000000e+00 0.000000000000000000e+00 9.199999999999998579e+01 1.039999999999999858e+02 9.550000000000000000e+01 9.433333333333332860e+01 8.249999999999994316e+01 8.083333333333332860e+01 6.463636363636361182e+01 5.718333333333330870e+01 7.509523809523810201e+01 7.226666666666665151e+01 5.924999999999997158e+01 9.549999999999998579e+01 8.616666666666667140e+01 0.000000000000000000e+00 0.000000000000000000e+00 1.478383668903802395e+01 2.358349687778767034e+01 3.991176470588233371e+01 0.000000000000000000e+00 4.504545454545451832e+01 7.449999999999997158e+01 5.849999999999997868e+01 1.183358662613980883e+01 4.872499999999998010e+01 3.850000000000000711e+01 1.749999999999998579e+01 3.122222222222221077e+01 0.000000000000000000e+00 3.524999999999994316e+01 3.955555555555550740e+01 3.802631578947366364e+01 5.299999999999997868e+01 2.908823529411761655e+01 7.224999999999988631e+01 6.749999999999997158e+01 4.624999999999997158e+01 1.662025316455695645e+01 1.827777777777777146e+01 3.546666666666663303e+01 5.199999999999997868e+01 0.000000000000000000e+00 0.000000000000000000e+00 0.000000000000000000e+00 0.000000000000000000e+00 0.000000000000000000e+00 0.000000000000000000e+00 0.000000000000000000e+00 0.000000000000000000e+00 0.000000000000000000e+00 7.224999999999995737e+01 0.000000000000000000e+00 0.000000000000000000e+00 6.550000000000004263e+01 5.724999999999999289e+01 0.000000000000000000e+00 0.000000000000000000e+00 0.000000000000000000e+00 0.000000000000000000e+00 2.616666666666665009e+01 3.489583333333331439e+01 5.124999999999996447e+01 0.000000000000000000e+00 5.000000000000001421e+01 0.000000000000000000e+00 6.199999999999995737e+01 2.229999999999999361e+01 3.975000000000000000e+01
0.000000000000000000e+00 0.000000000000000000e+00 0.000000000000000000e+00 0.000000000000000000e+00 2.790999999999998948e+01 3.289583333333332860e+01 0.000000000000000000e+00 1.873148148148147740e+01 2.520379146919431435e+01 2.361486486486485958e+01 2.512219101123594456e+01 1.696393817973668661e+01 3.586363636363635266e+01 3.319642857142855519e+01 2.905978260869564167e+01 9.784309021113239524e+00 7.685851318944840749e+00 2.154622678783088574e+01 3.536238532110090205e+01 0.000000000000000000e+00 0.000000000000000000e+00 0.000000000000000000e+00 0.000000000000000000e+00 0.000000000000000000e+00 0.000000000000000000e+00 6.049999999999995737e+01 5.200000000000001421e+01 6.600000000000001421e+01 4.546428571428570109e+01 5.178378378378376112e+01 6.320588235294117396e+01 5.554819277108431663e+01 3.898492462311556039e+01 0.000000000000000000e+00 0.000000000000000000e+00 0.000000000000000000e+00 0.000000000000000000e+00 2.000350877192981613e+01 2.495267857142856016e+01 3.345783132530119275e+01 0.000000000000000000e+00 3.739999999999999147e+01 0.000000000000000000e+00 5.559999999999998010e+01 2.775652173913042731e+01 3.710000000000000142e+01 0.000000000000000000e+00 2.549999999999998934e+01 3.249999999999997868e+01 0.000000000000000000e+00 3.276315789473679985e+01 2.851351351351347674e+01 3.295714285714283420e+01 3.135714285714281502e+01 2.805932203389828317e+01 4.899999999999995026e+01 0.000000000000000000e+00 4.287499999999999289e+01 1.738235294117646035e+01 1.251162790697673621e+01 1.966666666666666075e+01 3.635999999999999233e+01 0.000000000000000000e+00 0.000000000000000000e+00 0.000000000000000000e+00 0.000000000000000000e+00 0.000000000000000000e+00 0.000000000000000000e+00 0.000000000000000000e+00 7.199999999999991473e+01 0.000000000000000000e+00 0.000000000000000000e+00 6.699999999999998579e+01 7.050000000000001421e+01 7.200000000000002842e+01 5.049999999999995737e+01 0.000000000000000000e+00 0.000000000000000000e+00 0.000000000000000000e+00 0.000000000000000000e+00 2.151724137931032033e+01 3.331914893617019402e+01 4.733333333333333570e+01 0.000000000000000000e+00 3.391666666666667851e+01 0.000000000000000000e+00 5.600000000000000000e+01 2.522222222222222143e+01 4.000000000000001421e+01
