0.000000000000000000e+00 0.000000000000000000e+00 0.000000000000000000e+00 0.000000000000000000e+00 0.000000000000000000e+00 0.000000000000000000e+00 0.000000000000000000e+00 0.000000000000000000e+00 0.000000000000000000e+00 0.000000000000000000e+00 0.000000000000000000e+00 0.000000000000000000e+00 0.000000000000000000e+00 0.000000000000000000e+00 0.000000000000000000e+00 0.000000000000000000e+00 0.000000000000000000e+00 0.000000000000000000e+00 0.000000000000000000e+00 0.000000000000000000e+00 0.000000000000000000e+00 0.000000000000000000e+00 0.000000000000000000e+00 0.000000000000000000e+00 0.000000000000000000e+00 0.000000000000000000e+00 0.000000000000000000e+00 0.000000000000000000e+00 0.000000000000000000e+00 0.000000000000000000e+00 0.000000000000000000e+00 0.000000000000000000e+00 0.000000000000000000e+00 0.000000000000000000e+00 0.000000000000000000e+00 0.000000000000000000e+00 0.000000000000000000e+00 0.000000000000000000e+00 0.000000000000000000e+00 0.000000000000000000e+00 0.000000000000000000e+00 0.000000000000000000e+00 0.000000000000000000e+00 0.000000000000000000e+00 0.000000000000000000e+00 0.000000000000000000e+00 0.000000000000000000e+00 0.000000000000000000e+00 0.000000000000000000e+00 0.000000000000000000e+00 0.000000000000000000e+00 0.000000000000000000e+00 0.000000000000000000e+00 0.000000000000000000e+00 0.000000000000000000e+00 0.000000000000000000e+00 0.000000000000000000e+00 0.000000000000000000e+00 0.000000000000000000e+00 0.000000000000000000e+00 0.000000000000000000e+00 0.000000000000000000e+00 0.000000000000000000e+00 0.000000000000000000e+00 0.000000000000000000e+00 0.000000000000000000e+00 0.000000000000000000e+00 0.000000000000000000e+00 0.000000000000000000e+00 0.000000000000000000e+00 0.000000000000000000e+00 0.000000000000000000e+00 0.000000000000000000e+00 0.000000000000000000e+00 0.000000000000000000e+00 0.000000000000000000e+00 0.000000000000000000e+00 0.000000000000000000e+00 0.000000000000000000e+00 0.000000000000000000e+00 0.000000000000000000e+00 0.000000000000000000e+00 0.000000000000000000e+00 0.000000000000000000e+00 0.000000000000000000e+00 0.000000000000000000e+00 0.000000000000000000e+00 0.000000000000000000e+00 0.000000000000000000e+00
0.000000000000000000e+00 0.000000000000000000e+00 0.000000000000000000e+00 0.000000000000000000e+00 0.000000000000000000e+00 0.000000000000000000e+00 0.000000000000000000e+00 0.000000000000000000e+00 0.000000000000000000e+00 0.000000000000000000e+00 0.000000000000000000e+00 0.000000000000000000e+00 0.000000000000000000e+00 0.000000000000000000e+00 0.000000000000000000e+00 0.000000000000000000e+00 0.000000000000000000e+00 0.000000000000000000e+00 0.000000000000000000e+00 0.000000000000000000e+00 0.000000000000000000e+00 0.000000000000000000e+00 0.000000000000000000e+00 0.000000000000000000e+00 0.000000000000000000e+00 0.000000000000000000e+00 0.000000000000000000e+00 0.000000000000000000e+00 0.000000000000000000e+00 0.000000000000000000e+00 0.000000000000000000e+00 0.000000000000000000e+00 0.000000000000000000e+00 0.000000000000000000e+00 0.000000000000000000e+00 0.000000000000000000e+00 0.000000000000000000e+00 0.000000000000000000e+00 0.000000000000000000e+00 0.000000000000000000e+00 0.000000000000000000e+00 0.000000000000000000e+00 0.000000000000000000e+00 0.000000000000000000e+00 0.000000000000000000e+00 0.000000000000000000e+00 0.000000000000000000e+00 0.000000000000000000e+00 0.000000000000000000e+00 0.000000000000000000e+00 0.000000000000000000e+00 0.000000000000000000e+00 0.000000000000000000e+00 0.000000000000000000e+00 0.000000000000000000e+00 0.000000000000000000e+00 0.000000000000000000e+00 0.000000000000000000e+00 0.000000000000000000e+00 0.000000000000000000e+00 0.000000000000000000e+00 0.000000000000000000e+00 0.000000000000000000e+00 0.000000000000000000e+00 0.000000000000000000e+00 0.000000000000000000e+00 0.000000000000000000e+00 0.000000000000000000e+00 0.000000000000000000e+00 0.000000000000000000e+00 0.000000000000000000e+00 0.000000000000000000e+00 0.000000000000000000e+00 0.000000000000000000e+00 0.000000000000000000e+00 0.000000000000000000e+00 0.000000000000000000e+00 0.000000000000000000e+00 0.000000000000000000e+00 0.000000000000000000e+00 0.000000000000000000e+00 0.000000000000000000e+00 0.000000000000000000e+00 0.000000000000000000e+00 0.000000000000000000e+00 0.000000000000000000e+00 0.000000000000000000e+00 0.000000000000000000e+00 0.000000000000000000e+00
0.000000000000000000e+00 0.000000000000000000e+00 0.000000000000000000e+00 0.000000000000000000e+00 0.000000000000000000e+00 0.000000000000000000e+00 0.000000000000000000e+00 0.000000000000000000e+00 0.000000000000000000e+00 0.000000000000000000e+00 0.000000000000000000e+00 0.000000000000000000e+00 0.000000000000000000e+00 0.000000000000000000e+00 0.000000000000000000e+00 0.000000000000000000e+00 0.000000000000000000e+00 0.000000000000000000e+00 0.000000000000000000e+00 0.000000000000000000e+00 0.000000000000000000e+00 0.000000000000000000e+00 0.000000000000000000e+00 0.000000000000000000e+00 0.000000000000000000e+00 0.000000000000000000e+00 0.000000000000000000e+00 0.000000000000000000e+00 0.000000000000000000e+00 0.000000000000000000e+00 0.000000000000000000e+00 0.000000000000000000e+00 0.000000000000000000e+00 0.000000000000000000e+00 0.000000000000000000e+00 0.000000000000000000e+00 0.000000000000000000e+00 0.000000000000000000e+00 0.000000000000000000e+00 0.000000000000000000e+00 0.000000000000000000e+00 0.000000000000000000e+00 0.000000000000000000e+00 0.000000000000000000e+00 0.000000000000000000e+00 0.000000000000000000e+00 0.000000000000000000e+00 0.000000000000000000e+00 0.000000000000000000e+00 0.000000000000000000e+00 0.000000000000000000e+00 0.000000000000000000e+00 0.000000000000000000e+00 0.000000000000000000e+00 0.000000000000000000e+00 0.000000000000000000e+00 0.000000000000000000e+00 0.000000000000000000e+00 0.000000000000000000e+00 0.000000000000000000e+00 0.000000000000000000e+00 0.000000000000000000e+00 0.000000000000000000e+00 0.000000000000000000e+00 0.000000000000000000e+00 0.000000000000000000e+00 0.000000000000000000e+00 0.000000000000000000e+00 0.000000000000000000e+00 0.000000000000000000e+00 0.000000000000000000e+00 0.000000000000000000e+00 0.000000000000000000e+00 0.000000000000000000e+00 0.000000000000000000e+00 0.000000000000000000e+00 0.000000000000000000e+00 0.000000000000000000e+00 0.000000000000000000e+00 0.000000000000000000e+00 0.000000000000000000e+00 0.000000000000000000e+00 0.000000000000000000e+00 0.000000000000000000e+00 0.000000000000000000e+00 0.000000000000000000e+00 0.000000000000000000e+00 0.000000000000000000e+00 0.000000000000000000e+00
0.000000000000000000e+00 0.000000000000000000e+00 0.000000000000000000e+00 4.813486370157813887e+00 6.412393162393160040e+00 1.356466512702077765e+01 0.000000000000000000e+00 2.935714285714285054e+01 4.516666666666663588e+01 1.036111111111110361e+01 0.000000000000000000e+00 5.498031496062989909e+00 6.199999999999991473e+01 0.000000000000000000e+00 4.037499999999998579e+01 2.466666666666665364e+01 0.000000000000000000e+00 0.000000000000000000e+00 0.000000000000000000e+00 0.000000000000000000e+00 0.000000000000000000e+00 0.000000000000000000e+00 0.000000000000000000e+00 0.000000000000000000e+00 0.000000000000000000e+00 0.000000000000000000e+00 0.000000000000000000e+00 0.000000000000000000e+00 0.000000000000000000e+00 0.000000000000000000e+00 0.000000000000000000e+00 0.000000000000000000e+00 6.749999999999998579e+01 0.000000000000000000e+00 0.000000000000000000e+00 0.000000000000000000e+00 0.000000000000000000e+00 2.863157894736839637e+01 3.179487179487177073e+01 0.000000000000000000e+00 0.000000000000000000e+00 0.000000000000000000e+00 0.000000000000000000e+00 0.000000000000000000e+00 3.457142857142854098e+01 0.000000000000000000e+00 0.000000000000000000e+00 0.000000000000000000e+00 0.000000000000000000e+00 0.000000000000000000e+00 0.000000000000000000e+00 0.000000000000000000e+00 0.000000000000000000e+00 0.000000000000000000e+00 0.000000000000000000e+00 0.000000000000000000e+00 0.000000000000000000e+00 0.000000000000000000e+00 0.000000000000000000e+00 0.000000000000000000e+00 0.000000000000000000e+00 0.000000000000000000e+00 0.000000000000000000e+00 0.000000000000000000e+00 0.000000000000000000e+00 0.000000000000000000e+00 0.000000000000000000e+00 0.000000000000000000e+00 0.000000000000000000e+00 0.000000000000000000e+00 0.000000000000000000e+00 0.000000000000000000e+00 0.000000000000000000e+00 0.000000000000000000e+00 0.000000000000000000e+00 0.000000000000000000e+00 0.000000000000000000e+00 0.000000000000000000e+00 0.000000000000000000e+00 0.000000000000000000e+00 0.000000000000000000e+00 0.000000000000000000e+00 0.000000000000000000e+00 0.000000000000000000e+00 0.000000000000000000e+00 0.000000000000000000e+00 0.000000000000000000e+00 0.000000000000000000e+00 0.000000000000000000e+00
0.000000000000000000e+00 0.000000000000000000e+00 0.000000000000000000e+00 6.412393162393160040e+00 9.463128453509781934e+00 9.179078694817649264e+00 2.469354838709676514e+01 2.494690265486724812e+01 4.188709677419355160e+01 1.449133663366336044e+01 4.285937500000000000e+01 1.495046728971962224e+01 5.888888888888886441e+01 6.174999999999996447e+01 2.522177419354838079e+01 1.353663003663002762e+01 3.404761904761902969e+01 5.235999999999997101e+01 6.567346938775507681e+01 0.000000000000000000e+00 0.000000000000000000e+00 0.000000000000000000e+00 0.000000000000000000e+00 0.000000000000000000e+00 4.849999999999999289e+01 3.550000000000001421e+01 0.000000000000000000e+00 9.599999999999998579e+01 6.816666666666664298e+01 6.774999999999995737e+01 8.787499999999997158e+01 8.137499999999997158e+01 6.799999999999997158e+01 0.000000000000000000e+00 0.000000000000000000e+00 0.000000000000000000e+00 0.000000000000000000e+00 1.425336114974500745e+01 2.034020011771628589e+01 3.704838709677417086e+01 0.000000000000000000e+00 2.050000000000001776e+01 6.674999999999994316e+01 5.974999999999997868e+01 6.246898854961828285e+00 1.709090909090908283e+01 0.000000000000000000e+00 0.000000000000000000e+00 5.574999999999998579e+01 0.000000000000000000e+00 6.399999999999994316e+01 0.000000000000000000e+00 4.549999999999994316e+01 0.000000000000000000e+00 3.949999999999990763e+01 0.000000000000000000e+00 0.000000000000000000e+00 0.000000000000000000e+00 2.371428571428568688e+01 3.599999999999995737e+01 4.099999999999995026e+01 0.000000000000000000e+00 0.000000000000000000e+00 0.000000000000000000e+00 0.000000000000000000e+00 0.000000000000000000e+00 0.000000000000000000e+00 0.000000000000000000e+00 0.000000000000000000e+00 0.000000000000000000e+00 0.000000000000000000e+00 0.000000000000000000e+00 0.000000000000000000e+00 0.000000000000000000e+00 0.000000000000000000e+00 0.000000000000000000e+00 0.000000000000000000e+00 0.000000000000000000e+00 0.000000000000000000e+00 0.000000000000000000e+00 2.112499999999997513e+01 4.162499999999996447e+01 0.000000000000000000e+00 0.000000000000000000e+00 8.650000000000000000e+01 0.000000000000000000e+00 0.000000000000000000e+00 1.439999999999998792e+01 1.229999999999999716e+01
0.000000000000000000e+00 0.000000000000000000e+00 0.000000000000000000e+00 1.356466512702077765e+01 9.179078694817649264e+00 1.312143826322930096e+01 1.028539548723034613e+01 1.416500746640119068e+01 2.750884955752211170e+01 1.751035031847132828e+01 4.202155172413791462e+01 2.308859784283512084e+01 5.449999999999997868e+01 6.424999999999998579e+01 2.354083665338644238e+01 2.003710462287103766e+01 4.068571428571427617e+01 5.303124999999995737e+01 6.634615384615382538e+01 0.000000000000000000e+00 0.000000000000000000e+00 0.000000000000000000e+00 4.475000000000001421e+01 2.350000000000002132e+01 3.850000000000004263e+01 5.091666666666662877e+01 4.799999999999997158e+01 4.849999999999994316e+01 6.202777777777776436e+01 5.727419354838708188e+01 7.109090909090903665e+01 7.716037735849054968e+01 7.145454545454543904e+01 0.000000000000000000e+00 0.000000000000000000e+00 0.000000000000000000e+00 5.350000000000000711e+01 1.799630723781386976e+01 1.898990527222273883e+01 2.590957446808508635e+01 0.000000000000000000e+00 4.212499999999999289e+01 2.999999999999999645e+01 2.718181818181817277e+01 1.822558139534882571e+01 4.153448275862067618e+01 0.000000000000000000e+00 4.099999999999997158e+01 0.000000000000000000e+00 0.000000000000000000e+00 5.399999999999991473e+01 0.000000000000000000e+00 4.979999999999996874e+01 0.000000000000000000e+00 5.124999999999995737e+01 0.000000000000000000e+00 0.000000000000000000e+00 0.000000000000000000e+00 3.408333333333332149e+01 4.174999999999998579e+01 6.249999999999995737e+01 6.749999999999994316e+01 0.000000000000000000e+00 0.000000000000000000e+00 0.000000000000000000e+00 0.000000000000000000e+00 0.000000000000000000e+00 0.000000000000000000e+00 0.000000000000000000e+00 0.000000000000000000e+00 0.000000000000000000e+00 0.000000000000000000e+00 0.000000000000000000e+00 0.000000000000000000e+00 0.000000000000000000e+00 0.000000000000000000e+00 0.000000000000000000e+00 0.000000000000000000e+00 0.000000000000000000e+00 0.000000000000000000e+00 3.418421052631575918e+01 4.487499999999997158e+01 0.000000000000000000e+00 0.000000000000000000e+00 0.000000000000000000e+00 0.000000000000000000e+00 0.000000000000000000e+00 2.981249999999996803e+01 3.299999999999997158e+01
0.000000000000000000e+00 0.000000000000000000e+00 0.000000000000000000e+00 0.000000000000000000e+00 2.469354838709676514e+01 1.028539548723034613e+01 7.706268958543981640e+00 7.402372881355929302e+00 1.988235294117646745e+01 1.488117373619988015e+01 4.249999999999997868e+01 3.538636363636363313e+01 4.924999999999998579e+01 0.000000000000000000e+00 3.300961538461537259e+01 2.466666666666665364e+01 3.474999999999997868e+01 5.749999999999997158e+01 0.000000000000000000e+00 0.000000000000000000e+00 0.000000000000000000e+00 0.000000000000000000e+00 0.000000000000000000e+00 0.000000000000000000e+00 0.000000000000000000e+00 6.725000000000002842e+01 0.000000000000000000e+00 0.000000000000000000e+00 6.349999999999997158e+01 5.091666666666666430e+01 0.000000000000000000e+00 7.649999999999997158e+01 7.699999999999997158e+01 0.000000000000000000e+00 0.000000000000000000e+00 0.000000000000000000e+00 0.000000000000000000e+00 2.762500000000000000e+01 2.909060402684562519e+01 4.283333333333334281e+01 0.000000000000000000e+00 4.849999999999993605e+01 0.000000000000000000e+00 3.549999999999997158e+01 3.099999999999998579e+01 5.083333333333333570e+01 0.000000000000000000e+00 0.000000000000000000e+00 0.000000000000000000e+00 0.000000000000000000e+00 0.000000000000000000e+00 0.000000000000000000e+00 0.000000000000000000e+00 0.000000000000000000e+00 0.000000000000000000e+00 0.000000000000000000e+00 0.000000000000000000e+00 0.000000000000000000e+00 0.000000000000000000e+00 7.049999999999998579e+01 0.000000000000000000e+00 0.000000000000000000e+00 0.000000000000000000e+00 0.000000000000000000e+00 0.000000000000000000e+00 0.000000000000000000e+00 0.000000000000000000e+00 0.000000000000000000e+00 0.000000000000000000e+00 0.000000000000000000e+00 0.000000000000000000e+00 0.000000000000000000e+00 0.000000000000000000e+00 0.000000000000000000e+00 0.000000000000000000e+00 0.000000000000000000e+00 0.000000000000000000e+00 0.000000000000000000e+00 0.000000000000000000e+00 0.000000000000000000e+00 0.000000000000000000e+00 0.000000000000000000e+00 0.000000000000000000e+00 0.000000000000000000e+00 0.000000000000000000e+00 0.000000000000000000e+00 0.000000000000000000e+00 0.000000000000000000e+00 0.000000000000000000e+00
0.000000000000000000e+00 0.000000000000000000e+00 0.000000000000000000e+00 2.935714285714285054e+01 2.494690265486724812e+01 1.416500746640119068e+01 7.402372881355929302e+00 8.972305240087665723e+00 9.130347054075865998e+00 1.899561781609194711e+01 3.251351351351350161e+01 2.203139269406391065e+01 3.287142857142856656e+01 0.000000000000000000e+00 3.446891191709843838e+01 1.875584795321636733e+01 1.878571428571428115e+01 4.705555555555552161e+01 5.889999999999997726e+01 0.000000000000000000e+00 0.000000000000000000e+00 0.000000000000000000e+00 0.000000000000000000e+00 0.000000000000000000e+00 0.000000000000000000e+00 0.000000000000000000e+00 3.633333333333329307e+01 6.000000000000000711e+01 4.733333333333332860e+01 4.027142857142855092e+01 6.183333333333329307e+01 6.046052631578945835e+01 6.572222222222222854e+01 6.800000000000002842e+01 6.900000000000001421e+01 7.150000000000000000e+01 0.000000000000000000e+00 2.123437499999999289e+01 2.401501501501500258e+01 2.830000000000000071e+01 0.000000000000000000e+00 0.000000000000000000e+00 4.349999999999996447e+01 4.162500000000000000e+01 2.835714285714283633e+01 3.287499999999999289e+01 0.000000000000000000e+00 0.000000000000000000e+00 0.000000000000000000e+00 0.000000000000000000e+00 0.000000000000000000e+00 4.749999999999994316e+01 4.599999999999990052e+01 0.000000000000000000e+00 3.559999999999998010e+01 0.000000000000000000e+00 0.000000000000000000e+00 0.000000000000000000e+00 0.000000000000000000e+00 2.049999999999997513e+01 0.000000000000000000e+00 0.000000000000000000e+00 0.000000000000000000e+00 0.000000000000000000e+00 0.000000000000000000e+00 0.000000000000000000e+00 0.000000000000000000e+00 0.000000000000000000e+00 0.000000000000000000e+00 0.000000000000000000e+00 0.000000000000000000e+00 0.000000000000000000e+00 0.000000000000000000e+00 0.000000000000000000e+00 0.000000000000000000e+00 0.000000000000000000e+00 0.000000000000000000e+00 0.000000000000000000e+00 0.000000000000000000e+00 0.000000000000000000e+00 3.283333333333330728e+01 0.000000000000000000e+00 0.000000000000000000e+00 0.000000000000000000e+00 0.000000000000000000e+00 0.000000000000000000e+00 0.000000000000000000e+00 0.000000000000000000e+00 0.000000000000000000e+00
0.000000000000000000e+00 0.000000000000000000e+00 0.000000000000000000e+00 4.516666666666663588e+01 4.188709677419355160e+01 2.750884955752211170e+01 1.988235294117646745e+01 9.130347054075865998e+00 1.186222419477554801e+01 2.140165276950564888e+01 2.545517241379310391e+01 2.937926439232408526e+01 9.626544365406212833e+00 5.749999999999998579e+01 2.294068877551019625e+01 3.206741573033706771e+01 2.527868852459015869e+01 4.199999999999999289e+01 5.911904761904760619e+01 6.599999999999997158e+01 7.299999999999997158e+01 6.075000000000001421e+01 0.000000000000000000e+00 0.000000000000000000e+00 6.612499999999998579e+01 4.728571428571427049e+01 2.791666666666664653e+01 5.250000000000000000e+01 2.226371681415928805e+01 2.666908212560385749e+01 5.191056910569106009e+01 5.645255474452554978e+01 6.063157894736841769e+01 7.725000000000000000e+01 6.429687500000000000e+01 0.000000000000000000e+00 5.463235294117645680e+01 2.101876996805111730e+01 1.538411669367908985e+01 2.472519083969465115e+01 0.000000000000000000e+00 3.261538461538461320e+01 5.887499999999999289e+01 3.009999999999998721e+01 3.176923076923075939e+01 3.145918367346938282e+01 0.000000000000000000e+00 4.949999999999998579e+01 6.249999999999996447e+01 0.000000000000000000e+00 6.149999999999998579e+01 4.847368421052626530e+01 5.381249999999994316e+01 5.899999999999995737e+01 4.459090909090905797e+01 6.949999999999997158e+01 0.000000000000000000e+00 0.000000000000000000e+00 4.374999999999999289e+01 3.089814814814813104e+01 4.314285714285712459e+01 5.566666666666665009e+01 0.000000000000000000e+00 0.000000000000000000e+00 0.000000000000000000e+00 0.000000000000000000e+00 0.000000000000000000e+00 0.000000000000000000e+00 0.000000000000000000e+00 0.000000000000000000e+00 0.000000000000000000e+00 0.000000000000000000e+00 0.000000000000000000e+00 9.149999999999991473e+01 0.000000000000000000e+00 5.350000000000002132e+01 0.000000000000000000e+00 0.000000000000000000e+00 0.000000000000000000e+00 0.000000000000000000e+00 4.175000000000000000e+01 5.575000000000000711e+01 0.000000000000000000e+00 0.000000000000000000e+00 0.000000000000000000e+00 0.000000000000000000e+00 0.000000000000000000e+00 6.249999999999990763e+01 0.000000000000000000e+00
0.000000000000000000e+00 0.000000000000000000e+00 0.000000000000000000e+00 1.036111111111110361e+01 1.449133663366336044e+01 1.751035031847132828e+01 1.488117373619988015e+01 1.899561781609194711e+01 2.140165276950564888e+01 1.293423704898205528e+01 1.669486404833836346e+01 1.417543927250307867e+01 4.001518324607328481e+01 4.823214285714282568e+01 3.119439868204282007e+01 2.238077769625824232e+01 2.138224368499255590e+01 4.452132701421798089e+01 5.893513513513510560e+01 0.000000000000000000e+00 0.000000000000000000e+00 0.000000000000000000e+00 0.000000000000000000e+00 1.019999999999999858e+02 6.599999999999997158e+01 8.762499999999998579e+01 6.799999999999995737e+01 6.331249999999997158e+01 5.126470588235292780e+01 4.504857819905211613e+01 6.429722222222220296e+01 6.060887487875847057e+01 6.197491039426520842e+01 7.031250000000000000e+01 7.810975609756094684e+01 8.050000000000001421e+01 7.223076923076919797e+01 2.843015521064299378e+01 2.739439361495033864e+01 3.992641509433960323e+01 0.000000000000000000e+00 4.944444444444444287e+01 7.929999999999994031e+01 5.145454545454543194e+01 3.293581081081078565e+01 4.175163398692808414e+01 7.599999999999997158e+01 4.599999999999995026e+01 4.550000000000001421e+01 0.000000000000000000e+00 5.019999999999995310e+01 5.333333333333332149e+01 5.040909090909088519e+01 0.000000000000000000e+00 4.607894736842100514e+01 0.000000000000000000e+00 0.000000000000000000e+00 0.000000000000000000e+00 3.096153846153843503e+01 3.067021276595742663e+01 4.246153846153845990e+01 5.637499999999997868e+01 0.000000000000000000e+00 0.000000000000000000e+00 0.000000000000000000e+00 0.000000000000000000e+00 0.000000000000000000e+00 0.000000000000000000e+00 0.000000000000000000e+00 0.000000000000000000e+00 0.000000000000000000e+00 7.149999999999997158e+01 0.000000000000000000e+00 0.000000000000000000e+00 0.000000000000000000e+00 7.500000000000000000e+01 0.000000000000000000e+00 0.000000000000000000e+00 0.000000000000000000e+00 0.000000000000000000e+00 3.868181818181812304e+01 4.842307692307689138e+01 6.949999999999997158e+01 0.000000000000000000e+00 0.000000000000000000e+00 0.000000000000000000e+00 0.000000000000000000e+00 3.549999999999994316e+01 0.000000000000000000e+00
0.000000000000000000e+00 0.000000000000000000e+00 0.000000000000000000e+00 0.000000000000000000e+00 4.285937500000000000e+01 4.202155172413791462e+01 4.249999999999997868e+01 3.251351351351350161e+01 2.545517241379310391e+01 1.669486404833836346e+01 1.334624466214518890e+01 2.157884187082404637e+01 1.475471990095945607e+01 3.694444444444444287e+01 2.324222585924713158e+01 3.617966101694914016e+01 2.597458703939008018e+01 2.845522388059700702e+01 5.181976744186045636e+01 0.000000000000000000e+00 6.344444444444444287e+01 5.700000000000000000e+01 7.429999999999999716e+01 1.065000000000000000e+02 6.025000000000000000e+01 5.386842105263158231e+01 5.824999999999998579e+01 4.987254901960784537e+01 2.813619631901840634e+01 3.475098425196850371e+01 4.415957446808510412e+01 4.379814511729405524e+01 4.753651115618661294e+01 5.369117647058823195e+01 5.688036809815950789e+01 5.046428571428571530e+01 5.157407407407407618e+01 2.325804375804374757e+01 2.407293926247288240e+01 2.980312500000000142e+01 0.000000000000000000e+00 3.441875000000000284e+01 5.775000000000000000e+01 4.153749999999998721e+01 3.362499999999999289e+01 3.741433566433566682e+01 0.000000000000000000e+00 6.150000000000000000e+01 0.000000000000000000e+00 6.899999999999992895e+01 6.499999999999994316e+01 4.912499999999997158e+01 5.307142857142851966e+01 5.299999999999997158e+01 4.964583333333329307e+01 0.000000000000000000e+00 0.000000000000000000e+00 0.000000000000000000e+00 4.649999999999999289e+01 3.620833333333331439e+01 3.204999999999998295e+01 8.549999999999992895e+01 0.000000000000000000e+00 0.000000000000000000e+00 0.000000000000000000e+00 0.000000000000000000e+00 0.000000000000000000e+00 0.000000000000000000e+00 0.000000000000000000e+00 0.000000000000000000e+00 0.000000000000000000e+00 1.049999999999999716e+02 0.000000000000000000e+00 0.000000000000000000e+00 0.000000000000000000e+00 0.000000000000000000e+00 0.000000000000000000e+00 0.000000000000000000e+00 0.000000000000000000e+00 0.000000000000000000e+00 4.187499999999995737e+01 4.533333333333329307e+01 0.000000000000000000e+00 0.000000000000000000e+00 5.300000000000000711e+01 0.000000000000000000e+00 0.000000000000000000e+00 0.000000000000000000e+00 0.000000000000000000e+00
0.000000000000000000e+00 0.000000000000000000e+00 0.000000000000000000e+00 5.498031496062989909e+00 1.495046728971962224e+01 2.308859784283512084e+01 3.538636363636363313e+01 2.203139269406391065e+01 2.937926439232408526e+01 1.417543927250307867e+01 2.157884187082404637e+01 1.704599194491359881e+01 2.495112299465240469e+01 2.032315039417828118e+01 3.159821428571428115e+01 2.134105341800522027e+01 1.865796310730058494e+01 2.362179129464285054e+01 4.416184701492536391e+01 5.349999999999997158e+01 0.000000000000000000e+00 0.000000000000000000e+00 9.374999999999994316e+01 0.000000000000000000e+00 6.200000000000000000e+01 6.136666666666666714e+01 7.699999999999998579e+01 7.179999999999999716e+01 3.657287117903930351e+01 4.388607594936708267e+01 6.359554140127388422e+01 5.831842737094836338e+01 4.448231511254017789e+01 6.983333333333331439e+01 7.140625000000000000e+01 0.000000000000000000e+00 7.031249999999998579e+01 2.974462750716330817e+01 2.991771949464255798e+01 3.634543325526931312e+01 0.000000000000000000e+00 3.866355140186915662e+01 6.574999999999998579e+01 4.327173913043477427e+01 3.727222222222219727e+01 4.336029411764705088e+01 0.000000000000000000e+00 4.933333333333330728e+01 5.529999999999997584e+01 4.749999999999994316e+01 4.833333333333325754e+01 4.307692307692304468e+01 4.326315789473679985e+01 4.999999999999997158e+01 1.555653021442494044e+01 2.962499999999999289e+01 1.306249999999999645e+01 4.649999999999997158e+01 3.443055555555553582e+01 2.711363636363634200e+01 2.678155339805824298e+01 4.330000000000000426e+01 0.000000000000000000e+00 0.000000000000000000e+00 0.000000000000000000e+00 0.000000000000000000e+00 0.000000000000000000e+00 0.000000000000000000e+00 0.000000000000000000e+00 0.000000000000000000e+00 0.000000000000000000e+00 6.675000000000001421e+01 8.075000000000000000e+01 9.650000000000002842e+01 8.074999999999997158e+01 5.183333333333330728e+01 0.000000000000000000e+00 0.000000000000000000e+00 0.000000000000000000e+00 0.000000000000000000e+00 3.622916666666662877e+01 4.659259259259257391e+01 5.850000000000001421e+01 0.000000000000000000e+00 7.599999999999997158e+01 0.000000000000000000e+00 6.349999999999998579e+01 3.166666666666664653e+01 0.000000000000000000e+00
0.000000000000000000e+00 0.000000000000000000e+00 0.000000000000000000e+00 6.199999999999991473e+01 5.888888888888886441e+01 5.449999999999997868e+01 4.924999999999998579e+01 3.287142857142856656e+01 9.626544365406212833e+00 4.001518324607328481e+01 1.475471990095945607e+01 2.495112299465240469e+01 1.318798356176963438e+01 8.085522764081339631e+00 2.271127204030227631e+01 5.116554054054051903e+01 3.795983935742970772e+01 2.011019108280254741e+01 3.700320512820513130e+01 9.100000000000004263e+01 4.325000000000000000e+01 5.687499999999998579e+01 0.000000000000000000e+00 6.799999999999997158e+01 4.102631578947368496e+01 1.626846590909091006e+01 3.490476190476190510e+01 4.211805555555555713e+01 1.832519726003641836e+01 2.741082977845053037e+01 3.965543644716692029e+01 3.481780583369612714e+01 3.441961130742049590e+01 5.088461538461538680e+01 5.309826589595375879e+01 4.811111111111111427e+01 4.630405405405405617e+01 2.541755319148936110e+01 2.278910835214447772e+01 2.821447076239823559e+01 0.000000000000000000e+00 2.661014263074485697e+01 4.167307692307691980e+01 3.613853503184713389e+01 4.339999999999998437e+01 3.552615694164990146e+01 0.000000000000000000e+00 7.599999999999998579e+01 6.699999999999997158e+01 0.000000000000000000e+00 0.000000000000000000e+00 0.000000000000000000e+00 0.000000000000000000e+00 6.224999999999995737e+01 5.208333333333331439e+01 0.000000000000000000e+00 0.000000000000000000e+00 0.000000000000000000e+00 4.950000000000000000e+01 4.612499999999997158e+01 3.488888888888887863e+01 4.449999999999995737e+01 0.000000000000000000e+00 0.000000000000000000e+00 0.000000000000000000e+00 0.000000000000000000e+00 0.000000000000000000e+00 0.000000000000000000e+00 0.000000000000000000e+00 0.000000000000000000e+00 0.000000000000000000e+00 0.000000000000000000e+00 0.000000000000000000e+00 0.000000000000000000e+00 0.000000000000000000e+00 0.000000000000000000e+00 0.000000000000000000e+00 0.000000000000000000e+00 0.000000000000000000e+00 0.000000000000000000e+00 5.316666666666665009e+01 6.349999999999998579e+01 7.999999999999992895e+01 0.000000000000000000e+00 0.000000000000000000e+00 0.000000000000000000e+00 0.000000000000000000e+00 0.000000000000000000e+00 6.649999999999997158e+01
0.000000000000000000e+00 0.000000000000000000e+00 0.000000000000000000e+00 0.000000000000000000e+00 6.174999999999996447e+01 6.424999999999998579e+01 0.000000000000000000e+00 0.000000000000000000e+00 5.749999999999998579e+01 4.823214285714282568e+01 3.694444444444444287e+01 2.032315039417828118e+01 8.085522764081339631e+00 1.120272621809744606e+01 2.986538461538461675e+01 5.072499999999998010e+01 3.905624999999998437e+01 1.032484076433120812e+01 3.513636363636363313e+01 0.000000000000000000e+00 0.000000000000000000e+00 0.000000000000000000e+00 0.000000000000000000e+00 0.000000000000000000e+00 0.000000000000000000e+00 0.000000000000000000e+00 3.649999999999997868e+01 0.000000000000000000e+00 1.028663594470046050e+01 3.121999999999999886e+01 0.000000000000000000e+00 1.647368421052631504e+01 1.242857142857143238e+01 0.000000000000000000e+00 0.000000000000000000e+00 0.000000000000000000e+00 0.000000000000000000e+00 2.577499999999999858e+01 3.590151515151514872e+01 3.280357142857143060e+01 0.000000000000000000e+00 2.250000000000000711e+01 4.625000000000001421e+01 4.725000000000002132e+01 0.000000000000000000e+00 3.166666666666667496e+01 0.000000000000000000e+00 0.000000000000000000e+00 0.000000000000000000e+00 0.000000000000000000e+00 0.000000000000000000e+00 0.000000000000000000e+00 0.000000000000000000e+00 0.000000000000000000e+00 2.821428571428570109e+01 0.000000000000000000e+00 0.000000000000000000e+00 0.000000000000000000e+00 0.000000000000000000e+00 5.574999999999994316e+01 3.899999999999997158e+01 0.000000000000000000e+00 0.000000000000000000e+00 0.000000000000000000e+00 0.000000000000000000e+00 0.000000000000000000e+00 0.000000000000000000e+00 0.000000000000000000e+00 0.000000000000000000e+00 0.000000000000000000e+00 0.000000000000000000e+00 0.000000000000000000e+00 0.000000000000000000e+00 0.000000000000000000e+00 0.000000000000000000e+00 0.000000000000000000e+00 0.000000000000000000e+00 0.000000000000000000e+00 0.000000000000000000e+00 0.000000000000000000e+00 5.299999999999995737e+01 0.000000000000000000e+00 0.000000000000000000e+00 0.000000000000000000e+00 3.499999999999995737e+01 0.000000000000000000e+00 0.000000000000000000e+00 0.000000000000000000e+00 0.000000000000000000e+00
0.000000000000000000e+00 0.000000000000000000e+00 0.000000000000000000e+00 4.037499999999998579e+01 2.522177419354838079e+01 2.354083665338644238e+01 3.300961538461537259e+01 3.446891191709843838e+01 2.294068877551019625e+01 3.119439868204282007e+01 2.324222585924713158e+01 3.159821428571428115e+01 2.271127204030227631e+01 2.986538461538461675e+01 1.256260940599836218e+01 3.226736111111110006e+01 2.902459016393441615e+01 2.377922077922077904e+01 3.251870748299318592e+01 1.439062500000000000e+01 2.285648148148147385e+01 3.528333333333332433e+01 2.196380090497736859e+01 1.660888252148996003e+01 2.207391910739190521e+01 2.283448709880427074e+01 2.180458793542905127e+01 3.282472324723246260e+01 2.264382752510336516e+01 2.682585644371940603e+01 4.081754772393537678e+01 3.598093587521663039e+01 3.811583577712608673e+01 5.564864864864863847e+01 5.003727008712486679e+01 4.772727272727271242e+01 4.075624999999998721e+01 2.355337690631807845e+01 8.189761767372843337e+00 1.759553349875930550e+01 0.000000000000000000e+00 2.230669144981412444e+01 1.471269095182138642e+01 1.155876865671641873e+01 2.864285714285713524e+01 2.245136778115501031e+01 0.000000000000000000e+00 6.299999999999998579e+01 0.000000000000000000e+00 0.000000000000000000e+00 0.000000000000000000e+00 5.049999999999992895e+01 5.099999999999997158e+01 4.699999999999995737e+01 4.958333333333330728e+01 3.849999999999997868e+01 0.000000000000000000e+00 6.441666666666664298e+01 4.399999999999999289e+01 3.417857142857142350e+01 3.083333333333332860e+01 3.638888888888887152e+01 0.000000000000000000e+00 0.000000000000000000e+00 0.000000000000000000e+00 0.000000000000000000e+00 0.000000000000000000e+00 0.000000000000000000e+00 0.000000000000000000e+00 4.749999999999997158e+01 0.000000000000000000e+00 0.000000000000000000e+00 5.349999999999997868e+01 8.750000000000000000e+01 8.349999999999997158e+01 3.822222222222220012e+01 8.699999999999995737e+01 0.000000000000000000e+00 0.000000000000000000e+00 0.000000000000000000e+00 3.549999999999996447e+01 6.433333333333327175e+01 4.889999999999997726e+01 0.000000000000000000e+00 3.761666666666665293e+01 3.224999999999997868e+01 0.000000000000000000e+00 2.199999999999997868e+01 4.599999999999997158e+01
0.000000000000000000e+00 0.000000000000000000e+00 0.000000000000000000e+00 2.466666666666665364e+01 1.353663003663002762e+01 2.003710462287103766e+01 2.466666666666665364e+01 1.875584795321636733e+01 3.206741573033706771e+01 2.238077769625824232e+01 3.617966101694914016e+01 2.134105341800522027e+01 5.116554054054051903e+01 5.072499999999998010e+01 3.226736111111110006e+01 7.364806866952786635e+00 1.102878411910669598e+01 3.834844013490722858e+01 5.197019423978564845e+01 0.000000000000000000e+00 9.450000000000000000e+01 0.000000000000000000e+00 0.000000000000000000e+00 0.000000000000000000e+00 0.000000000000000000e+00 7.599999999999998579e+01 7.149999999999998579e+01 8.069999999999998863e+01 6.333098591549293133e+01 6.843162393162390345e+01 7.594117647058820353e+01 6.915830721003132453e+01 5.374337221633082606e+01 0.000000000000000000e+00 1.022500000000000000e+02 0.000000000000000000e+00 0.000000000000000000e+00 1.569266862170087151e+01 2.441430192962540957e+01 3.791869918699185860e+01 0.000000000000000000e+00 5.707692307692304468e+01 6.713043478260865982e+01 7.030769230769229239e+01 1.006905158069882589e+01 4.370833333333332149e+01 0.000000000000000000e+00 2.881250000000000000e+01 3.081249999999997158e+01 0.000000000000000000e+00 2.619999999999994245e+01 4.149999999999992895e+01 2.999999999999996803e+01 5.349999999999994316e+01 4.186764705882348636e+01 6.416666666666661456e+01 0.000000000000000000e+00 4.049999999999996447e+01 2.266071428571427759e+01 2.104545454545453609e+01 3.636999999999998323e+01 4.972368421052629373e+01 0.000000000000000000e+00 0.000000000000000000e+00 0.000000000000000000e+00 0.000000000000000000e+00 0.000000000000000000e+00 0.000000000000000000e+00 0.000000000000000000e+00 0.000000000000000000e+00 0.000000000000000000e+00 8.283333333333328596e+01 0.000000000000000000e+00 0.000000000000000000e+00 7.599999999999995737e+01 6.399999999999999289e+01 0.000000000000000000e+00 0.000000000000000000e+00 0.000000000000000000e+00 0.000000000000000000e+00 2.068749999999997513e+01 3.201111111111108443e+01 3.999999999999997158e+01 0.000000000000000000e+00 7.699999999999994316e+01 7.299999999999995737e+01 0.000000000000000000e+00 2.958333333333332860e+01 2.749999999999997513e+01
0.000000000000000000e+00 0.000000000000000000e+00 0.000000000000000000e+00 0.000000000000000000e+00 3.404761904761902969e+01 4.068571428571427617e+01 3.474999999999997868e+01 1.878571428571428115e+01 2.527868852459015869e+01 2.138224368499255590e+01 2.597458703939008018e+01 1.865796310730058494e+01 3.795983935742970772e+01 3.905624999999998437e+01 2.902459016393441615e+01 1.102878411910669598e+01 9.950751879699240021e+00 2.333773804897006343e+01 4.086915204678361135e+01 0.000000000000000000e+00 8.324999999999998579e+01 0.000000000000000000e+00 0.000000000000000000e+00 0.000000000000000000e+00 0.000000000000000000e+00 6.499999999999997158e+01 0.000000000000000000e+00 7.074999999999997158e+01 5.007371794871793469e+01 5.662365591397847453e+01 6.673999999999998067e+01 5.985585585585583601e+01 4.215202702702700321e+01 0.000000000000000000e+00 0.000000000000000000e+00 8.899999999999997158e+01 7.875000000000000000e+01 1.916740576496673398e+01 2.450069930069929214e+01 3.398275862068964415e+01 0.000000000000000000e+00 4.309677419354837014e+01 5.743749999999997158e+01 5.055555555555552871e+01 3.387499999999998579e+01 4.246874999999997158e+01 0.000000000000000000e+00 3.657142857142854808e+01 4.049999999999997158e+01 3.649999999999992184e+01 3.483333333333327886e+01 2.979310344827581858e+01 3.179629629629626564e+01 2.969999999999997797e+01 2.908715596330272746e+01 3.699999999999995737e+01 0.000000000000000000e+00 5.374999999999996447e+01 2.107317073170730737e+01 1.405223880597013775e+01 2.144594594594593673e+01 3.921428571428568688e+01 0.000000000000000000e+00 0.000000000000000000e+00 0.000000000000000000e+00 0.000000000000000000e+00 0.000000000000000000e+00 0.000000000000000000e+00 0.000000000000000000e+00 0.000000000000000000e+00 0.000000000000000000e+00 5.499999999999996447e+01 4.650000000000000000e+01 0.000000000000000000e+00 6.950000000000000000e+01 6.266666666666662877e+01 0.000000000000000000e+00 0.000000000000000000e+00 7.149999999999997158e+01 0.000000000000000000e+00 2.482352941176468875e+01 3.040740740740738346e+01 3.939999999999999858e+01 0.000000000000000000e+00 5.024999999999998579e+01 5.199999999999999289e+01 0.000000000000000000e+00 2.200000000000001776e+01 4.300000000000002132e+01
