0.000000000000000000e+00 0.000000000000000000e+00 0.000000000000000000e+00 0.000000000000000000e+00 0.000000000000000000e+00 0.000000000000000000e+00 0.000000000000000000e+00 0.000000000000000000e+00 0.000000000000000000e+00 0.000000000000000000e+00 0.000000000000000000e+00 0.000000000000000000e+00 0.000000000000000000e+00 0.000000000000000000e+00 0.000000000000000000e+00 0.000000000000000000e+00 0.000000000000000000e+00 0.000000000000000000e+00 0.000000000000000000e+00 0.000000000000000000e+00 0.000000000000000000e+00 0.000000000000000000e+00 0.000000000000000000e+00 0.000000000000000000e+00 0.000000000000000000e+00 0.000000000000000000e+00 0.000000000000000000e+00 0.000000000000000000e+00 0.000000000000000000e+00 0.000000000000000000e+00 0.000000000000000000e+00 0.000000000000000000e+00 0.000000000000000000e+00 0.000000000000000000e+00 0.000000000000000000e+00 0.000000000000000000e+00 0.000000000000000000e+00 0.000000000000000000e+00 0.000000000000000000e+00 0.000000000000000000e+00 0.000000000000000000e+00 0.000000000000000000e+00 0.000000000000000000e+00 0.000000000000000000e+00 0.000000000000000000e+00 0.000000000000000000e+00 0.000000000000000000e+00 0.000000000000000000e+00 0.000000000000000000e+00 0.000000000000000000e+00 0.000000000000000000e+00 0.000000000000000000e+00 0.000000000000000000e+00 0.000000000000000000e+00 0.000000000000000000e+00 0.000000000000000000e+00 0.000000000000000000e+00 0.000000000000000000e+00 0.000000000000000000e+00 0.000000000000000000e+00 0.000000000000000000e+00 0.000000000000000000e+00 0.000000000000000000e+00 0.000000000000000000e+00 0.000000000000000000e+00 0.000000000000000000e+00 0.000000000000000000e+00 0.000000000000000000e+00 0.000000000000000000e+00 0.000000000000000000e+00 0.000000000000000000e+00 0.000000000000000000e+00 0.000000000000000000e+00 0.000000000000000000e+00 0.000000000000000000e+00 0.000000000000000000e+00 0.000000000000000000e+00 0.000000000000000000e+00 0.000000000000000000e+00 0.000000000000000000e+00 0.000000000000000000e+00 0.000000000000000000e+00 0.000000000000000000e+00 0.000000000000000000e+00 0.000000000000000000e+00 0.000000000000000000e+00 0.000000000000000000e+00 0.000000000000000000e+00 0.000000000000000000e+00
0.000000000000000000e+00 0.000000000000000000e+00 0.000000000000000000e+00 0.000000000000000000e+00 0.000000000000000000e+00 0.000000000000000000e+00 0.000000000000000000e+00 0.000000000000000000e+00 0.000000000000000000e+00 0.000000000000000000e+00 0.000000000000000000e+00 0.000000000000000000e+00 0.000000000000000000e+00 0.000000000000000000e+00 0.000000000000000000e+00 0.000000000000000000e+00 0.000000000000000000e+00 0.000000000000000000e+00 0.000000000000000000e+00 0.000000000000000000e+00 0.000000000000000000e+00 0.000000000000000000e+00 0.000000000000000000e+00 0.000000000000000000e+00 0.000000000000000000e+00 0.000000000000000000e+00 0.000000000000000000e+00 0.000000000000000000e+00 0.000000000000000000e+00 0.000000000000000000e+00 0.000000000000000000e+00 0.000000000000000000e+00 0.000000000000000000e+00 0.000000000000000000e+00 0.000000000000000000e+00 0.000000000000000000e+00 0.000000000000000000e+00 0.000000000000000000e+00 0.000000000000000000e+00 0.000000000000000000e+00 0.000000000000000000e+00 0.000000000000000000e+00 0.000000000000000000e+00 0.000000000000000000e+00 0.000000000000000000e+00 0.000000000000000000e+00 0.000000000000000000e+00 0.000000000000000000e+00 0.000000000000000000e+00 0.000000000000000000e+00 0.000000000000000000e+00 0.000000000000000000e+00 0.000000000000000000e+00 0.000000000000000000e+00 0.000000000000000000e+00 0.000000000000000000e+00 0.000000000000000000e+00 0.000000000000000000e+00 0.000000000000000000e+00 0.000000000000000000e+00 0.000000000000000000e+00 0.000000000000000000e+00 0.000000000000000000e+00 0.000000000000000000e+00 0.000000000000000000e+00 0.000000000000000000e+00 0.000000000000000000e+00 0.000000000000000000e+00 0.000000000000000000e+00 0.000000000000000000e+00 0.000000000000000000e+00 0.000000000000000000e+00 0.000000000000000000e+00 0.000000000000000000e+00 0.000000000000000000e+00 0.000000000000000000e+00 0.000000000000000000e+00 0.000000000000000000e+00 0.000000000000000000e+00 0.000000000000000000e+00 0.000000000000000000e+00 0.000000000000000000e+00 0.000000000000000000e+00 0.000000000000000000e+00 0.000000000000000000e+00 0.000000000000000000e+00 0.000000000000000000e+00 0.000000000000000000e+00 0.000000000000000000e+00
0.000000000000000000e+00 0.000000000000000000e+00 0.000000000000000000e+00 0.000000000000000000e+00 0.000000000000000000e+00 0.000000000000000000e+00 0.000000000000000000e+00 0.000000000000000000e+00 0.000000000000000000e+00 0.000000000000000000e+00 0.000000000000000000e+00 0.000000000000000000e+00 0.000000000000000000e+00 0.000000000000000000e+00 0.000000000000000000e+00 0.000000000000000000e+00 0.000000000000000000e+00 0.000000000000000000e+00 0.000000000000000000e+00 0.000000000000000000e+00 0.000000000000000000e+00 0.000000000000000000e+00 0.000000000000000000e+00 0.000000000000000000e+00 0.000000000000000000e+00 0.000000000000000000e+00 0.000000000000000000e+00 0.000000000000000000e+00 0.000000000000000000e+00 0.000000000000000000e+00 0.000000000000000000e+00 0.000000000000000000e+00 0.000000000000000000e+00 0.000000000000000000e+00 0.000000000000000000e+00 0.000000000000000000e+00 0.000000000000000000e+00 0.000000000000000000e+00 0.000000000000000000e+00 0.000000000000000000e+00 0.000000000000000000e+00 0.000000000000000000e+00 0.000000000000000000e+00 0.000000000000000000e+00 0.000000000000000000e+00 0.000000000000000000e+00 0.000000000000000000e+00 0.000000000000000000e+00 0.000000000000000000e+00 0.000000000000000000e+00 0.000000000000000000e+00 0.000000000000000000e+00 0.000000000000000000e+00 0.000000000000000000e+00 0.000000000000000000e+00 0.000000000000000000e+00 0.000000000000000000e+00 0.000000000000000000e+00 0.000000000000000000e+00 0.000000000000000000e+00 0.000000000000000000e+00 0.000000000000000000e+00 0.000000000000000000e+00 0.000000000000000000e+00 0.000000000000000000e+00 0.000000000000000000e+00 0.000000000000000000e+00 0.000000000000000000e+00 0.000000000000000000e+00 0.000000000000000000e+00 0.000000000000000000e+00 0.000000000000000000e+00 0.000000000000000000e+00 0.000000000000000000e+00 0.000000000000000000e+00 0.000000000000000000e+00 0.000000000000000000e+00 0.000000000000000000e+00 0.000000000000000000e+00 0.000000000000000000e+00 0.000000000000000000e+00 0.000000000000000000e+00 0.000000000000000000e+00 0.000000000000000000e+00 0.000000000000000000e+00 0.000000000000000000e+00 0.000000000000000000e+00 0.000000000000000000e+00 0.000000000000000000e+00
0.000000000000000000e+00 0.000000000000000000e+00 0.000000000000000000e+00 4.786577181208050646e+00 6.771564544913738715e+00 9.606115107913664630e+00 3.000000000000001421e+01 3.044565217391303236e+01 4.579411764705881893e+01 1.239414414414414090e+01 4.999999999999997158e+01 7.488036809815948658e+00 6.099999999999994316e+01 5.350000000000000000e+01 4.874999999999997158e+01 2.224999999999998934e+01 3.116666666666666075e+01 5.866666666666665719e+01 6.700000000000000000e+01 5.099999999999998579e+01 0.000000000000000000e+00 0.000000000000000000e+00 0.000000000000000000e+00 0.000000000000000000e+00 0.000000000000000000e+00 0.000000000000000000e+00 9.749999999999997158e+01 0.000000000000000000e+00 0.000000000000000000e+00 0.000000000000000000e+00 0.000000000000000000e+00 8.299999999999998579e+01 0.000000000000000000e+00 0.000000000000000000e+00 0.000000000000000000e+00 0.000000000000000000e+00 0.000000000000000000e+00 2.904838709677416730e+01 3.460752688172040337e+01 0.000000000000000000e+00 0.000000000000000000e+00 0.000000000000000000e+00 0.000000000000000000e+00 0.000000000000000000e+00 3.493749999999998579e+01 0.000000000000000000e+00 0.000000000000000000e+00 0.000000000000000000e+00 0.000000000000000000e+00 0.000000000000000000e+00 0.000000000000000000e+00 0.000000000000000000e+00 0.000000000000000000e+00 0.000000000000000000e+00 0.000000000000000000e+00 0.000000000000000000e+00 0.000000000000000000e+00 0.000000000000000000e+00 0.000000000000000000e+00 0.000000000000000000e+00 4.550000000000003553e+01 0.000000000000000000e+00 0.000000000000000000e+00 0.000000000000000000e+00 0.000000000000000000e+00 0.000000000000000000e+00 0.000000000000000000e+00 0.000000000000000000e+00 0.000000000000000000e+00 0.000000000000000000e+00 0.000000000000000000e+00 0.000000000000000000e+00 0.000000000000000000e+00 0.000000000000000000e+00 0.000000000000000000e+00 0.000000000000000000e+00 0.000000000000000000e+00 0.000000000000000000e+00 0.000000000000000000e+00 0.000000000000000000e+00 0.000000000000000000e+00 0.000000000000000000e+00 0.000000000000000000e+00 0.000000000000000000e+00 0.000000000000000000e+00 0.000000000000000000e+00 0.000000000000000000e+00 0.000000000000000000e+00 0.000000000000000000e+00
0.000000000000000000e+00 0.000000000000000000e+00 0.000000000000000000e+00 6.771564544913738715e+00 1.091062452661295090e+01 1.059504827708388319e+01 2.593999999999999062e+01 2.413143254520165826e+01 3.589932885906038962e+01 1.692019774011298239e+01 4.124999999999999289e+01 1.602184139784945671e+01 5.194444444444442865e+01 0.000000000000000000e+00 3.424117647058822200e+01 1.425186915887849359e+01 2.752777777777777146e+01 4.762499999999996447e+01 6.552499999999997726e+01 0.000000000000000000e+00 0.000000000000000000e+00 0.000000000000000000e+00 0.000000000000000000e+00 4.399999999999992895e+01 4.949999999999998579e+01 5.362499999999998579e+01 0.000000000000000000e+00 0.000000000000000000e+00 5.633333333333331439e+01 5.749999999999996447e+01 8.750000000000000000e+01 7.550000000000004263e+01 8.175000000000000000e+01 0.000000000000000000e+00 0.000000000000000000e+00 0.000000000000000000e+00 0.000000000000000000e+00 1.289388580090954406e+01 2.020684257602860967e+01 4.373076923076921219e+01 0.000000000000000000e+00 4.725000000000000000e+01 5.874999999999994316e+01 3.019999999999998863e+01 6.481062747314863870e+00 1.920967741935483275e+01 0.000000000000000000e+00 3.599999999999995026e+01 0.000000000000000000e+00 4.849999999999991473e+01 0.000000000000000000e+00 0.000000000000000000e+00 4.200000000000000000e+01 0.000000000000000000e+00 5.625000000000001421e+01 0.000000000000000000e+00 0.000000000000000000e+00 0.000000000000000000e+00 2.774999999999998934e+01 0.000000000000000000e+00 6.350000000000002842e+01 0.000000000000000000e+00 0.000000000000000000e+00 0.000000000000000000e+00 0.000000000000000000e+00 0.000000000000000000e+00 0.000000000000000000e+00 0.000000000000000000e+00 0.000000000000000000e+00 0.000000000000000000e+00 0.000000000000000000e+00 0.000000000000000000e+00 0.000000000000000000e+00 0.000000000000000000e+00 0.000000000000000000e+00 0.000000000000000000e+00 0.000000000000000000e+00 0.000000000000000000e+00 0.000000000000000000e+00 0.000000000000000000e+00 1.970312499999998224e+01 4.239999999999996305e+01 0.000000000000000000e+00 0.000000000000000000e+00 0.000000000000000000e+00 0.000000000000000000e+00 0.000000000000000000e+00 1.333333333333332860e+01 0.000000000000000000e+00
0.000000000000000000e+00 0.000000000000000000e+00 0.000000000000000000e+00 9.606115107913664630e+00 1.059504827708388319e+01 1.357025719150460752e+01 8.220460090623907590e+00 1.389227988090173760e+01 3.290147058823528425e+01 1.655243055555554932e+01 4.554347826086955564e+01 2.477074601844089230e+01 4.376562499999997868e+01 0.000000000000000000e+00 2.811557788944722702e+01 2.210893246187362493e+01 3.958928571428568688e+01 4.840909090909087098e+01 7.611764705882350768e+01 0.000000000000000000e+00 0.000000000000000000e+00 0.000000000000000000e+00 3.299999999999999289e+01 3.999999999999996447e+01 4.524999999999998579e+01 4.795833333333330728e+01 5.000000000000000000e+01 4.949999999999998579e+01 5.573529411764703667e+01 5.848275862068964415e+01 7.433333333333330017e+01 7.014285714285712459e+01 7.674999999999998579e+01 0.000000000000000000e+00 7.769999999999997442e+01 0.000000000000000000e+00 5.049999999999996447e+01 1.833617262918795277e+01 2.104657293497362502e+01 2.993749999999998579e+01 0.000000000000000000e+00 4.037499999999997868e+01 4.066666666666665719e+01 2.820689655172413168e+01 2.024221453287195871e+01 4.383333333333330728e+01 0.000000000000000000e+00 0.000000000000000000e+00 0.000000000000000000e+00 5.200000000000000000e+01 6.500000000000001421e+01 0.000000000000000000e+00 5.574999999999995026e+01 0.000000000000000000e+00 5.249999999999997868e+01 0.000000000000000000e+00 0.000000000000000000e+00 7.100000000000000000e+01 0.000000000000000000e+00 3.199999999999998934e+01 5.099999999999997158e+01 0.000000000000000000e+00 0.000000000000000000e+00 0.000000000000000000e+00 0.000000000000000000e+00 0.000000000000000000e+00 0.000000000000000000e+00 0.000000000000000000e+00 0.000000000000000000e+00 0.000000000000000000e+00 0.000000000000000000e+00 0.000000000000000000e+00 0.000000000000000000e+00 0.000000000000000000e+00 0.000000000000000000e+00 0.000000000000000000e+00 0.000000000000000000e+00 0.000000000000000000e+00 0.000000000000000000e+00 0.000000000000000000e+00 3.331249999999998579e+01 4.889999999999998437e+01 0.000000000000000000e+00 0.000000000000000000e+00 0.000000000000000000e+00 0.000000000000000000e+00 0.000000000000000000e+00 2.912499999999998224e+01 0.000000000000000000e+00
0.000000000000000000e+00 0.000000000000000000e+00 0.000000000000000000e+00 3.000000000000001421e+01 2.593999999999999062e+01 8.220460090623907590e+00 7.388487680543752489e+00 6.761920865742301778e+00 2.041489361702126359e+01 9.935340314136121620e+00 0.000000000000000000e+00 3.001612903225804985e+01 3.100000000000001776e+01 0.000000000000000000e+00 3.816666666666665009e+01 2.824999999999998579e+01 0.000000000000000000e+00 0.000000000000000000e+00 0.000000000000000000e+00 0.000000000000000000e+00 0.000000000000000000e+00 0.000000000000000000e+00 0.000000000000000000e+00 0.000000000000000000e+00 0.000000000000000000e+00 0.000000000000000000e+00 0.000000000000000000e+00 6.299999999999996447e+01 4.799999999999995737e+01 4.350000000000005684e+01 0.000000000000000000e+00 0.000000000000000000e+00 0.000000000000000000e+00 0.000000000000000000e+00 0.000000000000000000e+00 0.000000000000000000e+00 0.000000000000000000e+00 2.949999999999999289e+01 2.884782608695651263e+01 7.099999999999995737e+01 0.000000000000000000e+00 0.000000000000000000e+00 0.000000000000000000e+00 0.000000000000000000e+00 3.099999999999998224e+01 0.000000000000000000e+00 0.000000000000000000e+00 0.000000000000000000e+00 0.000000000000000000e+00 0.000000000000000000e+00 0.000000000000000000e+00 0.000000000000000000e+00 0.000000000000000000e+00 0.000000000000000000e+00 0.000000000000000000e+00 0.000000000000000000e+00 0.000000000000000000e+00 0.000000000000000000e+00 0.000000000000000000e+00 0.000000000000000000e+00 0.000000000000000000e+00 0.000000000000000000e+00 0.000000000000000000e+00 0.000000000000000000e+00 0.000000000000000000e+00 0.000000000000000000e+00 0.000000000000000000e+00 0.000000000000000000e+00 0.000000000000000000e+00 0.000000000000000000e+00 0.000000000000000000e+00 0.000000000000000000e+00 0.000000000000000000e+00 0.000000000000000000e+00 0.000000000000000000e+00 0.000000000000000000e+00 0.000000000000000000e+00 0.000000000000000000e+00 0.000000000000000000e+00 0.000000000000000000e+00 0.000000000000000000e+00 0.000000000000000000e+00 0.000000000000000000e+00 0.000000000000000000e+00 0.000000000000000000e+00 0.000000000000000000e+00 0.000000000000000000e+00 0.000000000000000000e+00 0.000000000000000000e+00
0.000000000000000000e+00 0.000000000000000000e+00 0.000000000000000000e+00 3.044565217391303236e+01 2.413143254520165826e+01 1.389227988090173760e+01 6.761920865742301778e+00 8.332507539853509115e+00 9.690361445783130634e+00 1.956217812784003840e+01 3.323026315789473983e+01 2.766602613374326225e+01 3.198536585365853213e+01 0.000000000000000000e+00 3.586506159014556516e+01 2.124350649350649078e+01 2.768749999999999289e+01 5.099999999999998579e+01 6.869999999999996021e+01 6.599999999999997158e+01 0.000000000000000000e+00 0.000000000000000000e+00 0.000000000000000000e+00 0.000000000000000000e+00 4.337499999999998579e+01 5.514285714285711748e+01 4.418181818181816567e+01 5.824999999999997868e+01 4.109292035398228649e+01 4.100552486187843471e+01 7.450000000000001421e+01 6.057142857142856940e+01 6.725000000000000000e+01 0.000000000000000000e+00 0.000000000000000000e+00 0.000000000000000000e+00 0.000000000000000000e+00 2.896710526315788314e+01 2.993836805555554292e+01 3.969999999999998153e+01 0.000000000000000000e+00 4.849999999999998579e+01 0.000000000000000000e+00 5.999999999999995737e+01 2.896428571428569398e+01 5.037499999999997868e+01 0.000000000000000000e+00 0.000000000000000000e+00 0.000000000000000000e+00 0.000000000000000000e+00 5.199999999999994316e+01 4.899999999999999289e+01 5.062499999999997868e+01 0.000000000000000000e+00 3.999999999999997158e+01 0.000000000000000000e+00 0.000000000000000000e+00 0.000000000000000000e+00 2.149999999999995737e+01 0.000000000000000000e+00 4.199999999999992184e+01 0.000000000000000000e+00 0.000000000000000000e+00 0.000000000000000000e+00 0.000000000000000000e+00 0.000000000000000000e+00 0.000000000000000000e+00 0.000000000000000000e+00 0.000000000000000000e+00 0.000000000000000000e+00 0.000000000000000000e+00 0.000000000000000000e+00 0.000000000000000000e+00 0.000000000000000000e+00 0.000000000000000000e+00 0.000000000000000000e+00 0.000000000000000000e+00 0.000000000000000000e+00 0.000000000000000000e+00 0.000000000000000000e+00 4.600000000000000000e+01 3.966666666666662877e+01 0.000000000000000000e+00 0.000000000000000000e+00 0.000000000000000000e+00 0.000000000000000000e+00 0.000000000000000000e+00 4.400000000000000711e+01 0.000000000000000000e+00
0.000000000000000000e+00 0.000000000000000000e+00 0.000000000000000000e+00 4.579411764705881893e+01 3.589932885906038962e+01 3.290147058823528425e+01 2.041489361702126359e+01 9.690361445783130634e+00 1.065154053463471406e+01 2.169330004161464132e+01 2.366782006920415071e+01 3.024203721223587848e+01 1.002395672333848609e+01 5.525000000000001421e+01 2.307755359394703731e+01 2.922943172179813232e+01 2.757379134860050129e+01 4.977272727272725916e+01 6.908064516129030608e+01 0.000000000000000000e+00 0.000000000000000000e+00 0.000000000000000000e+00 0.000000000000000000e+00 0.000000000000000000e+00 0.000000000000000000e+00 4.229999999999999716e+01 3.033333333333331439e+01 6.099999999999997158e+01 2.127534965034964642e+01 2.417927046263344337e+01 7.043750000000000000e+01 5.905357142857143060e+01 6.366666666666666430e+01 0.000000000000000000e+00 5.919999999999997442e+01 0.000000000000000000e+00 5.249999999999998579e+01 2.253187403993855753e+01 1.935184250378596715e+01 2.696153846153845990e+01 0.000000000000000000e+00 7.900000000000001421e+01 6.616666666666664298e+01 4.612500000000000000e+01 3.229999999999999716e+01 3.300000000000000000e+01 0.000000000000000000e+00 5.699999999999997158e+01 5.424999999999995026e+01 0.000000000000000000e+00 5.399999999999997158e+01 4.324999999999995737e+01 5.269999999999995310e+01 0.000000000000000000e+00 5.599999999999995026e+01 0.000000000000000000e+00 0.000000000000000000e+00 0.000000000000000000e+00 3.899999999999999289e+01 2.852777777777775725e+01 0.000000000000000000e+00 0.000000000000000000e+00 0.000000000000000000e+00 0.000000000000000000e+00 0.000000000000000000e+00 0.000000000000000000e+00 0.000000000000000000e+00 0.000000000000000000e+00 0.000000000000000000e+00 0.000000000000000000e+00 0.000000000000000000e+00 0.000000000000000000e+00 0.000000000000000000e+00 0.000000000000000000e+00 0.000000000000000000e+00 0.000000000000000000e+00 0.000000000000000000e+00 0.000000000000000000e+00 0.000000000000000000e+00 0.000000000000000000e+00 4.409999999999995879e+01 5.019999999999996021e+01 0.000000000000000000e+00 0.000000000000000000e+00 0.000000000000000000e+00 0.000000000000000000e+00 0.000000000000000000e+00 0.000000000000000000e+00 0.000000000000000000e+00
0.000000000000000000e+00 0.000000000000000000e+00 0.000000000000000000e+00 1.239414414414414090e+01 1.692019774011298239e+01 1.655243055555554932e+01 9.935340314136121620e+00 1.956217812784003840e+01 2.169330004161464132e+01 1.237213842924781559e+01 1.211316428378742849e+01 1.375414971258799390e+01 3.777341389728095322e+01 5.132142857142856940e+01 3.327418546365912988e+01 2.214340544312629433e+01 2.283046874999998721e+01 4.278448275862067618e+01 6.104166666666664298e+01 0.000000000000000000e+00 0.000000000000000000e+00 0.000000000000000000e+00 0.000000000000000000e+00 4.737499999999997868e+01 5.383333333333334281e+01 5.270588235294115975e+01 3.977777777777777146e+01 7.092857142857141639e+01 4.364722222222221149e+01 4.376285714285712913e+01 6.898484848484847021e+01 6.247448979591835894e+01 6.336842105263156100e+01 8.150000000000000000e+01 7.267857142857141639e+01 6.850000000000002842e+01 6.499999999999998579e+01 2.380532359081417937e+01 2.678165814877908701e+01 3.664344262295080767e+01 0.000000000000000000e+00 5.437499999999998579e+01 6.637499999999995737e+01 4.006666666666663446e+01 2.963414634146338855e+01 4.183552631578945125e+01 0.000000000000000000e+00 4.709999999999998721e+01 4.874999999999996447e+01 5.249999999999994316e+01 5.566666666666660745e+01 4.449999999999995737e+01 4.929999999999995453e+01 0.000000000000000000e+00 5.324999999999995026e+01 0.000000000000000000e+00 0.000000000000000000e+00 0.000000000000000000e+00 3.422916666666664298e+01 3.124999999999997158e+01 5.449999999999994316e+01 0.000000000000000000e+00 0.000000000000000000e+00 0.000000000000000000e+00 0.000000000000000000e+00 0.000000000000000000e+00 0.000000000000000000e+00 0.000000000000000000e+00 0.000000000000000000e+00 0.000000000000000000e+00 0.000000000000000000e+00 0.000000000000000000e+00 7.349999999999998579e+01 0.000000000000000000e+00 0.000000000000000000e+00 0.000000000000000000e+00 0.000000000000000000e+00 0.000000000000000000e+00 0.000000000000000000e+00 0.000000000000000000e+00 3.966666666666663588e+01 5.049999999999995737e+01 0.000000000000000000e+00 0.000000000000000000e+00 0.000000000000000000e+00 0.000000000000000000e+00 0.000000000000000000e+00 3.899999999999996447e+01 0.000000000000000000e+00
0.000000000000000000e+00 0.000000000000000000e+00 0.000000000000000000e+00 4.999999999999997158e+01 4.124999999999999289e+01 4.554347826086955564e+01 0.000000000000000000e+00 3.323026315789473983e+01 2.366782006920415071e+01 1.211316428378742849e+01 1.371777921797364463e+01 2.144891861126921029e+01 1.438472053462940536e+01 4.307575757575759212e+01 2.601798561151079170e+01 4.031952662721891301e+01 2.596193771626296609e+01 2.627179487179487083e+01 5.133505154639175316e+01 9.625000000000000000e+01 6.398192771084337238e+01 6.226666666666665861e+01 7.318181818181815856e+01 8.383333333333331439e+01 6.368749999999999289e+01 5.198529411764705799e+01 5.840909090909090651e+01 4.576358695652174191e+01 2.814081996434937594e+01 3.022695174578266020e+01 4.640487637362637230e+01 4.520700308959835212e+01 4.684764542936287768e+01 5.358737864077669855e+01 5.826219512195122263e+01 5.804166666666666430e+01 5.569010416666666430e+01 2.254902962206332617e+01 2.399842395587076282e+01 2.877981651376146743e+01 0.000000000000000000e+00 2.797499999999999432e+01 5.701562499999998579e+01 3.850000000000000000e+01 4.749999999999997158e+01 3.369827586206896797e+01 0.000000000000000000e+00 0.000000000000000000e+00 0.000000000000000000e+00 0.000000000000000000e+00 0.000000000000000000e+00 5.250000000000003553e+01 5.424999999999995026e+01 4.474999999999999289e+01 5.124999999999995737e+01 5.099999999999997158e+01 0.000000000000000000e+00 0.000000000000000000e+00 0.000000000000000000e+00 3.628571428571425628e+01 2.299999999999999289e+01 0.000000000000000000e+00 0.000000000000000000e+00 0.000000000000000000e+00 0.000000000000000000e+00 0.000000000000000000e+00 0.000000000000000000e+00 0.000000000000000000e+00 0.000000000000000000e+00 0.000000000000000000e+00 0.000000000000000000e+00 0.000000000000000000e+00 8.199999999999997158e+01 0.000000000000000000e+00 0.000000000000000000e+00 0.000000000000000000e+00 0.000000000000000000e+00 0.000000000000000000e+00 0.000000000000000000e+00 0.000000000000000000e+00 0.000000000000000000e+00 6.000000000000000000e+01 0.000000000000000000e+00 0.000000000000000000e+00 0.000000000000000000e+00 0.000000000000000000e+00 0.000000000000000000e+00 0.000000000000000000e+00 0.000000000000000000e+00
0.000000000000000000e+00 0.000000000000000000e+00 0.000000000000000000e+00 7.488036809815948658e+00 1.602184139784945671e+01 2.477074601844089230e+01 3.001612903225804985e+01 2.766602613374326225e+01 3.024203721223587848e+01 1.375414971258799390e+01 2.144891861126921029e+01 1.543000183811080639e+01 2.257325762636383715e+01 1.427827298050139682e+01 3.741935483870967971e+01 2.309167350287119547e+01 1.918696330991412324e+01 2.295535317636606010e+01 4.559573132454488587e+01 0.000000000000000000e+00 7.299999999999998579e+01 7.824999999999997158e+01 1.274999999999999716e+02 5.000000000000000000e+01 6.759999999999999432e+01 6.344117647058823195e+01 5.012500000000000711e+01 6.296428571428570820e+01 3.161984352773826856e+01 4.193063263041065625e+01 5.906770833333333570e+01 4.183686274509803837e+01 4.201016518424396651e+01 6.092857142857140929e+01 7.020000000000000284e+01 7.862500000000000000e+01 6.623076923076921219e+01 2.528014505893018082e+01 2.994077855775365293e+01 3.415198237885462618e+01 0.000000000000000000e+00 3.371904761904762182e+01 5.925806451612902492e+01 4.041509433962264097e+01 3.425179856115105537e+01 4.040603248259860436e+01 0.000000000000000000e+00 5.149999999999998579e+01 4.883333333333329307e+01 0.000000000000000000e+00 5.018749999999995737e+01 4.124999999999994316e+01 5.139473684210522464e+01 5.916666666666662877e+01 7.184385382059797820e+00 4.149999999999999289e+01 1.240909090909091717e+01 0.000000000000000000e+00 3.477272727272723785e+01 3.293939393939392346e+01 2.403968253968253421e+01 5.250000000000000000e+01 0.000000000000000000e+00 0.000000000000000000e+00 0.000000000000000000e+00 0.000000000000000000e+00 0.000000000000000000e+00 0.000000000000000000e+00 0.000000000000000000e+00 0.000000000000000000e+00 0.000000000000000000e+00 0.000000000000000000e+00 6.699999999999997158e+01 0.000000000000000000e+00 0.000000000000000000e+00 4.874999999999997158e+01 0.000000000000000000e+00 0.000000000000000000e+00 0.000000000000000000e+00 0.000000000000000000e+00 3.749999999999995737e+01 4.709523809523806648e+01 5.999999999999997158e+01 0.000000000000000000e+00 0.000000000000000000e+00 0.000000000000000000e+00 7.725000000000000000e+01 0.000000000000000000e+00 0.000000000000000000e+00
0.000000000000000000e+00 0.000000000000000000e+00 0.000000000000000000e+00 6.099999999999994316e+01 5.194444444444442865e+01 4.376562499999997868e+01 3.100000000000001776e+01 3.198536585365853213e+01 1.002395672333848609e+01 3.777341389728095322e+01 1.438472053462940536e+01 2.257325762636383715e+01 1.342938772190251484e+01 7.906234610459963896e+00 2.170739630184908364e+01 4.716666666666665009e+01 3.743258426966291808e+01 2.127941176470588402e+01 3.542291666666666572e+01 5.824999999999997158e+01 6.248275862068963704e+01 0.000000000000000000e+00 5.983333333333332149e+01 5.331249999999998579e+01 5.033333333333333570e+01 1.890353260869565233e+01 4.299999999999999289e+01 4.636931818181817988e+01 1.706648833061952431e+01 2.843109605911330107e+01 4.442732558139535115e+01 2.934681440443213418e+01 3.147226277372262615e+01 4.880357142857143771e+01 5.631587301587301653e+01 5.615217391304347672e+01 5.617142857142857082e+01 2.451701323251418430e+01 2.389146442646754309e+01 2.950025278058645739e+01 0.000000000000000000e+00 2.752516778523490615e+01 5.553333333333333144e+01 3.786497890295358815e+01 3.500000000000000000e+01 3.593124999999999858e+01 0.000000000000000000e+00 0.000000000000000000e+00 0.000000000000000000e+00 0.000000000000000000e+00 0.000000000000000000e+00 5.400000000000000711e+01 7.174999999999997158e+01 4.899999999999995737e+01 5.860000000000000142e+01 0.000000000000000000e+00 0.000000000000000000e+00 0.000000000000000000e+00 0.000000000000000000e+00 4.362499999999997868e+01 3.566666666666665719e+01 4.350000000000000711e+01 0.000000000000000000e+00 0.000000000000000000e+00 0.000000000000000000e+00 0.000000000000000000e+00 0.000000000000000000e+00 0.000000000000000000e+00 0.000000000000000000e+00 0.000000000000000000e+00 0.000000000000000000e+00 0.000000000000000000e+00 0.000000000000000000e+00 0.000000000000000000e+00 0.000000000000000000e+00 0.000000000000000000e+00 0.000000000000000000e+00 0.000000000000000000e+00 0.000000000000000000e+00 0.000000000000000000e+00 5.366666666666665009e+01 5.083333333333331439e+01 5.024999999999997868e+01 0.000000000000000000e+00 0.000000000000000000e+00 0.000000000000000000e+00 5.799999999999999289e+01 0.000000000000000000e+00 0.000000000000000000e+00
0.000000000000000000e+00 0.000000000000000000e+00 0.000000000000000000e+00 5.350000000000000000e+01 0.000000000000000000e+00 0.000000000000000000e+00 0.000000000000000000e+00 0.000000000000000000e+00 5.525000000000001421e+01 5.132142857142856940e+01 4.307575757575759212e+01 1.427827298050139682e+01 7.906234610459963896e+00 9.014634146341462539e+00 2.910714285714285765e+01 5.294444444444442865e+01 3.815384615384615330e+01 9.297297297297296481e+00 2.683333333333333215e+01 0.000000000000000000e+00 6.650000000000000000e+01 0.000000000000000000e+00 0.000000000000000000e+00 0.000000000000000000e+00 0.000000000000000000e+00 4.283333333333331439e+01 0.000000000000000000e+00 0.000000000000000000e+00 9.292095451155853780e+00 2.971987951807228967e+01 3.742857142857143060e+01 1.321694764862466798e+01 1.320621468926553632e+01 0.000000000000000000e+00 0.000000000000000000e+00 3.749999999999997868e+01 0.000000000000000000e+00 3.196000000000000085e+01 3.360431654676258972e+01 2.990816326530612201e+01 0.000000000000000000e+00 2.219999999999999574e+01 3.249999999999999289e+01 3.820000000000000284e+01 0.000000000000000000e+00 4.311538461538462741e+01 0.000000000000000000e+00 0.000000000000000000e+00 0.000000000000000000e+00 0.000000000000000000e+00 0.000000000000000000e+00 0.000000000000000000e+00 0.000000000000000000e+00 0.000000000000000000e+00 2.119999999999999574e+01 0.000000000000000000e+00 0.000000000000000000e+00 0.000000000000000000e+00 0.000000000000000000e+00 0.000000000000000000e+00 0.000000000000000000e+00 0.000000000000000000e+00 0.000000000000000000e+00 0.000000000000000000e+00 0.000000000000000000e+00 0.000000000000000000e+00 0.000000000000000000e+00 0.000000000000000000e+00 0.000000000000000000e+00 0.000000000000000000e+00 0.000000000000000000e+00 0.000000000000000000e+00 0.000000000000000000e+00 0.000000000000000000e+00 0.000000000000000000e+00 0.000000000000000000e+00 0.000000000000000000e+00 0.000000000000000000e+00 0.000000000000000000e+00 0.000000000000000000e+00 0.000000000000000000e+00 7.899999999999994316e+01 0.000000000000000000e+00 0.000000000000000000e+00 0.000000000000000000e+00 0.000000000000000000e+00 0.000000000000000000e+00 0.000000000000000000e+00 0.000000000000000000e+00
0.000000000000000000e+00 0.000000000000000000e+00 0.000000000000000000e+00 4.874999999999997158e+01 3.424117647058822200e+01 2.811557788944722702e+01 3.816666666666665009e+01 3.586506159014556516e+01 2.307755359394703731e+01 3.327418546365912988e+01 2.601798561151079170e+01 3.741935483870967971e+01 2.170739630184908364e+01 2.910714285714285765e+01 1.117033889931824575e+01 4.186084905660375455e+01 4.148717948717947479e+01 2.427099236641220870e+01 2.833934426229507508e+01 1.586428571428571033e+01 2.937735849056603143e+01 3.622916666666665009e+01 2.511451612903225339e+01 2.071714643304129311e+01 2.300049504950494494e+01 2.222090469916556188e+01 1.971127819548871685e+01 3.012214983713353789e+01 1.624893842887473383e+01 2.163743842364532100e+01 4.342595459236324729e+01 3.162617114303560228e+01 3.590948275862067618e+01 5.326315789473683537e+01 5.024586143470262556e+01 5.516666666666664298e+01 4.371894409937887360e+01 2.736691542288556889e+01 9.344004849019173164e+00 2.031939163498098821e+01 0.000000000000000000e+00 2.362444690265486003e+01 1.317944535073409540e+01 1.269966442953020191e+01 2.473913043478258800e+01 2.310684931506848372e+01 0.000000000000000000e+00 0.000000000000000000e+00 0.000000000000000000e+00 0.000000000000000000e+00 0.000000000000000000e+00 0.000000000000000000e+00 6.016666666666660745e+01 6.050000000000000711e+01 5.874999999999999289e+01 0.000000000000000000e+00 0.000000000000000000e+00 0.000000000000000000e+00 0.000000000000000000e+00 3.433333333333331439e+01 2.961111111111110361e+01 2.927777777777775725e+01 0.000000000000000000e+00 0.000000000000000000e+00 0.000000000000000000e+00 0.000000000000000000e+00 0.000000000000000000e+00 0.000000000000000000e+00 0.000000000000000000e+00 0.000000000000000000e+00 0.000000000000000000e+00 0.000000000000000000e+00 0.000000000000000000e+00 6.450000000000002842e+01 0.000000000000000000e+00 3.521428571428570820e+01 0.000000000000000000e+00 0.000000000000000000e+00 0.000000000000000000e+00 0.000000000000000000e+00 4.249999999999997868e+01 5.937499999999998579e+01 0.000000000000000000e+00 0.000000000000000000e+00 4.249999999999998579e+01 3.549999999999997158e+01 0.000000000000000000e+00 0.000000000000000000e+00 6.400000000000001421e+01
0.000000000000000000e+00 0.000000000000000000e+00 0.000000000000000000e+00 2.224999999999998934e+01 1.425186915887849359e+01 2.210893246187362493e+01 2.824999999999998579e+01 2.124350649350649078e+01 2.922943172179813232e+01 2.214340544312629433e+01 4.031952662721891301e+01 2.309167350287119547e+01 4.716666666666665009e+01 5.294444444444442865e+01 4.186084905660375455e+01 6.896142433234418334e+00 1.046611053180396134e+01 3.671074380165287465e+01 5.624910394265230451e+01 0.000000000000000000e+00 0.000000000000000000e+00 0.000000000000000000e+00 0.000000000000000000e+00 0.000000000000000000e+00 0.000000000000000000e+00 8.259999999999996589e+01 7.200000000000000000e+01 8.174999999999998579e+01 5.429999999999999005e+01 5.774999999999997868e+01 7.924999999999997158e+01 7.199999999999995737e+01 6.100892857142854808e+01 9.199999999999995737e+01 9.154999999999998295e+01 0.000000000000000000e+00 7.249999999999997158e+01 1.495514861995752831e+01 2.343749999999998579e+01 3.737931034482757298e+01 0.000000000000000000e+00 5.758823529411762365e+01 6.654166666666661456e+01 5.933333333333331439e+01 1.055289139633285522e+01 4.165217391304345540e+01 0.000000000000000000e+00 3.424999999999997868e+01 2.893749999999997868e+01 3.474999999999996447e+01 3.091666666666661101e+01 4.799999999999993605e+01 3.773684210526311489e+01 0.000000000000000000e+00 3.824137931034480431e+01 5.949999999999991473e+01 0.000000000000000000e+00 0.000000000000000000e+00 1.946969696969695818e+01 2.026923076923076295e+01 3.829166666666663588e+01 4.750000000000000000e+01 0.000000000000000000e+00 0.000000000000000000e+00 0.000000000000000000e+00 0.000000000000000000e+00 0.000000000000000000e+00 0.000000000000000000e+00 0.000000000000000000e+00 0.000000000000000000e+00 0.000000000000000000e+00 6.049999999999994316e+01 6.349999999999991473e+01 0.000000000000000000e+00 0.000000000000000000e+00 6.824999999999997158e+01 0.000000000000000000e+00 0.000000000000000000e+00 0.000000000000000000e+00 0.000000000000000000e+00 2.758333333333330017e+01 3.573529411764702957e+01 3.149999999999992895e+01 0.000000000000000000e+00 0.000000000000000000e+00 0.000000000000000000e+00 0.000000000000000000e+00 3.149999999999998224e+01 3.074999999999997158e+01
0.000000000000000000e+00 0.000000000000000000e+00 0.000000000000000000e+00 3.116666666666666075e+01 2.752777777777777146e+01 3.958928571428568688e+01 0.000000000000000000e+00 2.768749999999999289e+01 2.757379134860050129e+01 2.283046874999998721e+01 2.596193771626296609e+01 1.918696330991412324e+01 3.743258426966291808e+01 3.815384615384615330e+01 4.148717948717947479e+01 1.046611053180396134e+01 8.357882165605092339e+00 1.880518319928506443e+01 3.878380332610266379e+01 0.000000000000000000e+00 0.000000000000000000e+00 0.000000000000000000e+00 0.000000000000000000e+00 7.874999999999998579e+01 8.474999999999997158e+01 6.307142857142856229e+01 4.600000000000001421e+01 6.542857142857140218e+01 4.329629629629629051e+01 5.501639344262294173e+01 5.966666666666665009e+01 5.210233918128653130e+01 4.147147147147145319e+01 6.279999999999999716e+01 7.381249999999998579e+01 0.000000000000000000e+00 7.116666666666665719e+01 1.790092165898616727e+01 2.547115384615383959e+01 3.077678571428570109e+01 0.000000000000000000e+00 5.028947368421051323e+01 5.464583333333331439e+01 3.433333333333333570e+01 3.574999999999995737e+01 4.044230769230769340e+01 0.000000000000000000e+00 3.499999999999999289e+01 3.474999999999997158e+01 4.849999999999990052e+01 3.549999999999995026e+01 2.884999999999996589e+01 3.081034482758618864e+01 3.722727272727271242e+01 2.751754385964910554e+01 5.374999999999992895e+01 0.000000000000000000e+00 4.399999999999991473e+01 2.052631578947367075e+01 1.144545454545453467e+01 1.607142857142856229e+01 3.942105263157893802e+01 0.000000000000000000e+00 0.000000000000000000e+00 0.000000000000000000e+00 0.000000000000000000e+00 0.000000000000000000e+00 0.000000000000000000e+00 0.000000000000000000e+00 0.000000000000000000e+00 0.000000000000000000e+00 0.000000000000000000e+00 0.000000000000000000e+00 6.025000000000002842e+01 7.150000000000000000e+01 5.125000000000000711e+01 0.000000000000000000e+00 0.000000000000000000e+00 0.000000000000000000e+00 0.000000000000000000e+00 2.136956521739129045e+01 3.152380952380950774e+01 0.000000000000000000e+00 0.000000000000000000e+00 6.349999999999996447e+01 0.000000000000000000e+00 0.000000000000000000e+00 2.499999999999997158e+01 4.199999999999994316e+01
