0.000000000000000000e+00 0.000000000000000000e+00 0.000000000000000000e+00 0.000000000000000000e+00 0.000000000000000000e+00 0.000000000000000000e+00 0.000000000000000000e+00 0.000000000000000000e+00 0.000000000000000000e+00 0.000000000000000000e+00 0.000000000000000000e+00 0.000000000000000000e+00 0.000000000000000000e+00 0.000000000000000000e+00 0.000000000000000000e+00 0.000000000000000000e+00 0.000000000000000000e+00 0.000000000000000000e+00 0.000000000000000000e+00 0.000000000000000000e+00 0.000000000000000000e+00 0.000000000000000000e+00 0.000000000000000000e+00 0.000000000000000000e+00 0.000000000000000000e+00 0.000000000000000000e+00 0.000000000000000000e+00 0.000000000000000000e+00 0.000000000000000000e+00 0.000000000000000000e+00 0.000000000000000000e+00 0.000000000000000000e+00 0.000000000000000000e+00 0.000000000000000000e+00 0.000000000000000000e+00 0.000000000000000000e+00 0.000000000000000000e+00 0.000000000000000000e+00 0.000000000000000000e+00 0.000000000000000000e+00 0.000000000000000000e+00 0.000000000000000000e+00 0.000000000000000000e+00 0.000000000000000000e+00 0.000000000000000000e+00 0.000000000000000000e+00 0.000000000000000000e+00 0.000000000000000000e+00 0.000000000000000000e+00 0.000000000000000000e+00 0.000000000000000000e+00 0.000000000000000000e+00 0.000000000000000000e+00 0.000000000000000000e+00 0.000000000000000000e+00 0.000000000000000000e+00 0.000000000000000000e+00 0.000000000000000000e+00 0.000000000000000000e+00 0.000000000000000000e+00 0.000000000000000000e+00 0.000000000000000000e+00 0.000000000000000000e+00 0.000000000000000000e+00 0.000000000000000000e+00 0.000000000000000000e+00 0.000000000000000000e+00 0.000000000000000000e+00 0.000000000000000000e+00 0.000000000000000000e+00 0.000000000000000000e+00 0.000000000000000000e+00 0.000000000000000000e+00 0.000000000000000000e+00 0.000000000000000000e+00 0.000000000000000000e+00 0.000000000000000000e+00 0.000000000000000000e+00 0.000000000000000000e+00 0.000000000000000000e+00 0.000000000000000000e+00 0.000000000000000000e+00 0.000000000000000000e+00 0.000000000000000000e+00 0.000000000000000000e+00 0.000000000000000000e+00 0.000000000000000000e+00 0.000000000000000000e+00 0.000000000000000000e+00
0.000000000000000000e+00 0.000000000000000000e+00 0.000000000000000000e+00 0.000000000000000000e+00 0.000000000000000000e+00 0.000000000000000000e+00 0.000000000000000000e+00 0.000000000000000000e+00 0.000000000000000000e+00 0.000000000000000000e+00 0.000000000000000000e+00 0.000000000000000000e+00 0.000000000000000000e+00 0.000000000000000000e+00 0.000000000000000000e+00 0.000000000000000000e+00 0.000000000000000000e+00 0.000000000000000000e+00 0.000000000000000000e+00 0.000000000000000000e+00 0.000000000000000000e+00 0.000000000000000000e+00 0.000000000000000000e+00 0.000000000000000000e+00 0.000000000000000000e+00 0.000000000000000000e+00 0.000000000000000000e+00 0.000000000000000000e+00 0.000000000000000000e+00 0.000000000000000000e+00 0.000000000000000000e+00 0.000000000000000000e+00 0.000000000000000000e+00 0.000000000000000000e+00 0.000000000000000000e+00 0.000000000000000000e+00 0.000000000000000000e+00 0.000000000000000000e+00 0.000000000000000000e+00 0.000000000000000000e+00 0.000000000000000000e+00 0.000000000000000000e+00 0.000000000000000000e+00 0.000000000000000000e+00 0.000000000000000000e+00 0.000000000000000000e+00 0.000000000000000000e+00 0.000000000000000000e+00 0.000000000000000000e+00 0.000000000000000000e+00 0.000000000000000000e+00 0.000000000000000000e+00 0.000000000000000000e+00 0.000000000000000000e+00 0.000000000000000000e+00 0.000000000000000000e+00 0.000000000000000000e+00 0.000000000000000000e+00 0.000000000000000000e+00 0.000000000000000000e+00 0.000000000000000000e+00 0.000000000000000000e+00 0.000000000000000000e+00 0.000000000000000000e+00 0.000000000000000000e+00 0.000000000000000000e+00 0.000000000000000000e+00 0.000000000000000000e+00 0.000000000000000000e+00 0.000000000000000000e+00 0.000000000000000000e+00 0.000000000000000000e+00 0.000000000000000000e+00 0.000000000000000000e+00 0.000000000000000000e+00 0.000000000000000000e+00 0.000000000000000000e+00 0.000000000000000000e+00 0.000000000000000000e+00 0.000000000000000000e+00 0.000000000000000000e+00 0.000000000000000000e+00 0.000000000000000000e+00 0.000000000000000000e+00 0.000000000000000000e+00 0.000000000000000000e+00 0.000000000000000000e+00 0.000000000000000000e+00 0.000000000000000000e+00
0.000000000000000000e+00 0.000000000000000000e+00 0.000000000000000000e+00 0.000000000000000000e+00 0.000000000000000000e+00 0.000000000000000000e+00 0.000000000000000000e+00 0.000000000000000000e+00 0.000000000000000000e+00 0.000000000000000000e+00 0.000000000000000000e+00 0.000000000000000000e+00 0.000000000000000000e+00 0.000000000000000000e+00 0.000000000000000000e+00 0.000000000000000000e+00 0.000000000000000000e+00 0.000000000000000000e+00 0.000000000000000000e+00 0.000000000000000000e+00 0.000000000000000000e+00 0.000000000000000000e+00 0.000000000000000000e+00 0.000000000000000000e+00 0.000000000000000000e+00 0.000000000000000000e+00 0.000000000000000000e+00 0.000000000000000000e+00 0.000000000000000000e+00 0.000000000000000000e+00 0.000000000000000000e+00 0.000000000000000000e+00 0.000000000000000000e+00 0.000000000000000000e+00 0.000000000000000000e+00 0.000000000000000000e+00 0.000000000000000000e+00 0.000000000000000000e+00 0.000000000000000000e+00 0.000000000000000000e+00 0.000000000000000000e+00 0.000000000000000000e+00 0.000000000000000000e+00 0.000000000000000000e+00 0.000000000000000000e+00 0.000000000000000000e+00 0.000000000000000000e+00 0.000000000000000000e+00 0.000000000000000000e+00 0.000000000000000000e+00 0.000000000000000000e+00 0.000000000000000000e+00 0.000000000000000000e+00 0.000000000000000000e+00 0.000000000000000000e+00 0.000000000000000000e+00 0.000000000000000000e+00 0.000000000000000000e+00 0.000000000000000000e+00 0.000000000000000000e+00 0.000000000000000000e+00 0.000000000000000000e+00 0.000000000000000000e+00 0.000000000000000000e+00 0.000000000000000000e+00 0.000000000000000000e+00 0.000000000000000000e+00 0.000000000000000000e+00 0.000000000000000000e+00 0.000000000000000000e+00 0.000000000000000000e+00 0.000000000000000000e+00 0.000000000000000000e+00 0.000000000000000000e+00 0.000000000000000000e+00 0.000000000000000000e+00 0.000000000000000000e+00 0.000000000000000000e+00 0.000000000000000000e+00 0.000000000000000000e+00 0.000000000000000000e+00 0.000000000000000000e+00 0.000000000000000000e+00 0.000000000000000000e+00 0.000000000000000000e+00 0.000000000000000000e+00 0.000000000000000000e+00 0.000000000000000000e+00 0.000000000000000000e+00
0.000000000000000000e+00 0.000000000000000000e+00 0.000000000000000000e+00 4.865606936416179806e+00 6.224659606656578248e+00 1.004473684210525875e+01 2.830000000000001847e+01 2.964999999999997726e+01 6.399999999999998579e+01 9.726190476190470946e+00 4.549999999999997868e+01 6.840198321891683086e+00 0.000000000000000000e+00 0.000000000000000000e+00 3.999999999999998579e+01 3.012499999999998224e+01 0.000000000000000000e+00 5.199999999999996447e+01 0.000000000000000000e+00 0.000000000000000000e+00 0.000000000000000000e+00 0.000000000000000000e+00 0.000000000000000000e+00 0.000000000000000000e+00 0.000000000000000000e+00 0.000000000000000000e+00 0.000000000000000000e+00 0.000000000000000000e+00 0.000000000000000000e+00 7.599999999999998579e+01 0.000000000000000000e+00 0.000000000000000000e+00 8.149999999999998579e+01 0.000000000000000000e+00 0.000000000000000000e+00 0.000000000000000000e+00 0.000000000000000000e+00 2.888636363636361537e+01 3.195161290322578296e+01 4.300000000000000711e+01 0.000000000000000000e+00 0.000000000000000000e+00 0.000000000000000000e+00 0.000000000000000000e+00 3.262499999999996447e+01 0.000000000000000000e+00 0.000000000000000000e+00 0.000000000000000000e+00 0.000000000000000000e+00 0.000000000000000000e+00 0.000000000000000000e+00 0.000000000000000000e+00 0.000000000000000000e+00 0.000000000000000000e+00 0.000000000000000000e+00 0.000000000000000000e+00 0.000000000000000000e+00 0.000000000000000000e+00 0.000000000000000000e+00 0.000000000000000000e+00 0.000000000000000000e+00 0.000000000000000000e+00 0.000000000000000000e+00 0.000000000000000000e+00 0.000000000000000000e+00 0.000000000000000000e+00 0.000000000000000000e+00 0.000000000000000000e+00 0.000000000000000000e+00 0.000000000000000000e+00 0.000000000000000000e+00 0.000000000000000000e+00 0.000000000000000000e+00 0.000000000000000000e+00 0.000000000000000000e+00 0.000000000000000000e+00 0.000000000000000000e+00 0.000000000000000000e+00 0.000000000000000000e+00 0.000000000000000000e+00 0.000000000000000000e+00 0.000000000000000000e+00 0.000000000000000000e+00 0.000000000000000000e+00 0.000000000000000000e+00 0.000000000000000000e+00 0.000000000000000000e+00 0.000000000000000000e+00 0.000000000000000000e+00
0.000000000000000000e+00 0.000000000000000000e+00 0.000000000000000000e+00 6.224659606656578248e+00 9.542745930644015218e+00 1.035280801044840260e+01 2.681372549019607021e+01 2.463694267515922576e+01 3.848124999999999574e+01 1.733890436397399526e+01 4.207647058823528141e+01 1.521955818965517082e+01 5.717391304347825809e+01 5.395652173913041594e+01 2.941946308724831027e+01 1.362123115577888832e+01 2.491911764705882248e+01 5.198529411764703667e+01 6.416666666666665719e+01 0.000000000000000000e+00 0.000000000000000000e+00 0.000000000000000000e+00 0.000000000000000000e+00 0.000000000000000000e+00 0.000000000000000000e+00 8.316666666666664298e+01 0.000000000000000000e+00 5.549999999999995737e+01 6.521428571428569398e+01 7.999999999999997158e+01 7.650000000000000000e+01 7.570833333333332860e+01 6.554545454545450411e+01 0.000000000000000000e+00 8.175000000000000000e+01 0.000000000000000000e+00 0.000000000000000000e+00 1.276045016077169514e+01 1.900903041825093709e+01 2.844999999999998863e+01 0.000000000000000000e+00 4.624999999999996447e+01 3.687499999999998579e+01 2.375000000000000000e+01 6.271103896103891628e+00 8.403225806451608548e+00 0.000000000000000000e+00 0.000000000000000000e+00 4.212499999999998579e+01 0.000000000000000000e+00 7.949999999999997158e+01 6.549999999999991473e+01 4.919999999999997442e+01 0.000000000000000000e+00 5.974999999999993605e+01 0.000000000000000000e+00 0.000000000000000000e+00 0.000000000000000000e+00 2.637499999999999289e+01 4.037499999999994316e+01 0.000000000000000000e+00 0.000000000000000000e+00 0.000000000000000000e+00 0.000000000000000000e+00 0.000000000000000000e+00 0.000000000000000000e+00 0.000000000000000000e+00 0.000000000000000000e+00 0.000000000000000000e+00 0.000000000000000000e+00 0.000000000000000000e+00 0.000000000000000000e+00 0.000000000000000000e+00 0.000000000000000000e+00 0.000000000000000000e+00 0.000000000000000000e+00 0.000000000000000000e+00 0.000000000000000000e+00 0.000000000000000000e+00 0.000000000000000000e+00 2.418181818181815146e+01 2.116666666666663943e+01 1.399999999999999112e+01 0.000000000000000000e+00 1.599999999999999289e+01 0.000000000000000000e+00 0.000000000000000000e+00 1.983333333333333925e+01 9.041666666666658969e+00
0.000000000000000000e+00 0.000000000000000000e+00 0.000000000000000000e+00 1.004473684210525875e+01 1.035280801044840260e+01 1.619787636101861494e+01 1.088843058350100002e+01 1.374729640256013496e+01 3.337158469945353545e+01 1.882777404169467772e+01 4.353090909090907701e+01 2.444065407386522892e+01 5.623936170212763841e+01 6.088571428571425770e+01 3.383435582822085053e+01 2.225398155909470788e+01 3.094323144104802736e+01 5.671910112359548606e+01 6.884259259259258101e+01 2.949999999999997158e+01 6.149999999999998579e+01 0.000000000000000000e+00 3.610000000000000142e+01 3.450000000000002132e+01 4.364285714285712459e+01 4.199999999999999289e+01 5.083333333333331439e+01 6.600000000000002842e+01 6.690322580645158723e+01 7.131578947368419108e+01 8.016666666666662877e+01 8.029268292682924368e+01 7.334374999999997158e+01 0.000000000000000000e+00 5.900000000000000000e+01 0.000000000000000000e+00 4.725000000000000000e+01 1.805286970010339687e+01 2.043178997613363634e+01 2.353308823529410532e+01 0.000000000000000000e+00 4.056521739130432280e+01 3.823809523809521949e+01 2.441071428571427759e+01 1.946050269299818680e+01 3.641666666666664298e+01 0.000000000000000000e+00 4.949999999999995737e+01 4.937499999999996447e+01 0.000000000000000000e+00 4.624999999999994316e+01 6.799999999999998579e+01 5.439999999999997726e+01 7.216666666666662877e+01 4.962499999999996447e+01 0.000000000000000000e+00 0.000000000000000000e+00 0.000000000000000000e+00 2.927083333333331439e+01 3.885714285714283278e+01 4.699999999999995026e+01 0.000000000000000000e+00 0.000000000000000000e+00 0.000000000000000000e+00 0.000000000000000000e+00 0.000000000000000000e+00 0.000000000000000000e+00 0.000000000000000000e+00 0.000000000000000000e+00 0.000000000000000000e+00 0.000000000000000000e+00 0.000000000000000000e+00 0.000000000000000000e+00 0.000000000000000000e+00 0.000000000000000000e+00 0.000000000000000000e+00 0.000000000000000000e+00 0.000000000000000000e+00 0.000000000000000000e+00 0.000000000000000000e+00 3.108695652173909707e+01 5.109090909090907218e+01 0.000000000000000000e+00 0.000000000000000000e+00 4.599999999999989342e+01 0.000000000000000000e+00 0.000000000000000000e+00 2.827777777777775015e+01 4.649999999999995026e+01
0.000000000000000000e+00 0.000000000000000000e+00 0.000000000000000000e+00 2.830000000000001847e+01 2.681372549019607021e+01 1.088843058350100002e+01 8.872687918142458940e+00 7.721291123525758415e+00 2.424193548387095731e+01 1.476594048884165389e+01 4.589285714285713169e+01 3.104054054054052969e+01 5.068749999999997158e+01 0.000000000000000000e+00 4.151562499999998579e+01 2.931481481481480600e+01 3.516666666666663588e+01 4.774999999999997158e+01 0.000000000000000000e+00 0.000000000000000000e+00 0.000000000000000000e+00 0.000000000000000000e+00 0.000000000000000000e+00 0.000000000000000000e+00 6.599999999999997158e+01 7.349999999999997158e+01 0.000000000000000000e+00 0.000000000000000000e+00 5.628571428571425628e+01 6.450000000000007105e+01 0.000000000000000000e+00 0.000000000000000000e+00 7.849999999999998579e+01 0.000000000000000000e+00 8.150000000000001421e+01 0.000000000000000000e+00 0.000000000000000000e+00 3.467073170731706000e+01 2.919675090252706440e+01 4.883333333333333570e+01 0.000000000000000000e+00 5.349999999999997868e+01 5.299999999999995737e+01 0.000000000000000000e+00 2.762499999999999289e+01 4.519999999999997442e+01 0.000000000000000000e+00 0.000000000000000000e+00 0.000000000000000000e+00 0.000000000000000000e+00 0.000000000000000000e+00 0.000000000000000000e+00 6.299999999999995737e+01 0.000000000000000000e+00 5.300000000000000000e+01 0.000000000000000000e+00 0.000000000000000000e+00 0.000000000000000000e+00 0.000000000000000000e+00 0.000000000000000000e+00 0.000000000000000000e+00 0.000000000000000000e+00 0.000000000000000000e+00 0.000000000000000000e+00 0.000000000000000000e+00 0.000000000000000000e+00 0.000000000000000000e+00 0.000000000000000000e+00 0.000000000000000000e+00 0.000000000000000000e+00 0.000000000000000000e+00 0.000000000000000000e+00 0.000000000000000000e+00 0.000000000000000000e+00 0.000000000000000000e+00 0.000000000000000000e+00 0.000000000000000000e+00 0.000000000000000000e+00 0.000000000000000000e+00 0.000000000000000000e+00 0.000000000000000000e+00 4.599999999999995026e+01 0.000000000000000000e+00 0.000000000000000000e+00 0.000000000000000000e+00 0.000000000000000000e+00 0.000000000000000000e+00 0.000000000000000000e+00 0.000000000000000000e+00
0.000000000000000000e+00 0.000000000000000000e+00 0.000000000000000000e+00 2.964999999999997726e+01 2.463694267515922576e+01 1.374729640256013496e+01 7.721291123525758415e+00 8.107881433823528994e+00 8.766271409749670340e+00 1.733149251562272397e+01 3.374242424242422800e+01 2.299063231850115940e+01 3.133333333333333215e+01 4.049999999999999289e+01 3.330561330561329925e+01 2.319411764705881751e+01 2.519230769230768630e+01 5.256249999999998579e+01 7.033333333333327175e+01 0.000000000000000000e+00 0.000000000000000000e+00 0.000000000000000000e+00 0.000000000000000000e+00 0.000000000000000000e+00 0.000000000000000000e+00 5.750000000000002132e+01 4.699999999999998579e+01 6.012499999999995737e+01 5.057954545454544615e+01 5.471428571428570109e+01 6.433333333333332860e+01 6.357692307692305889e+01 7.059999999999998010e+01 0.000000000000000000e+00 6.850000000000001421e+01 0.000000000000000000e+00 0.000000000000000000e+00 2.543627450980392268e+01 2.418219633943426672e+01 3.400000000000002132e+01 0.000000000000000000e+00 4.349999999999999289e+01 3.869999999999997442e+01 3.099999999999998934e+01 2.731249999999998579e+01 3.875000000000000000e+01 4.649999999999993605e+01 0.000000000000000000e+00 4.939999999999996305e+01 0.000000000000000000e+00 0.000000000000000000e+00 0.000000000000000000e+00 4.668749999999995737e+01 0.000000000000000000e+00 4.239999999999999147e+01 0.000000000000000000e+00 0.000000000000000000e+00 0.000000000000000000e+00 3.118749999999998224e+01 2.450000000000000711e+01 0.000000000000000000e+00 0.000000000000000000e+00 0.000000000000000000e+00 0.000000000000000000e+00 0.000000000000000000e+00 0.000000000000000000e+00 0.000000000000000000e+00 0.000000000000000000e+00 0.000000000000000000e+00 0.000000000000000000e+00 0.000000000000000000e+00 0.000000000000000000e+00 0.000000000000000000e+00 0.000000000000000000e+00 0.000000000000000000e+00 0.000000000000000000e+00 0.000000000000000000e+00 0.000000000000000000e+00 0.000000000000000000e+00 0.000000000000000000e+00 4.124999999999997158e+01 4.959999999999998010e+01 0.000000000000000000e+00 0.000000000000000000e+00 0.000000000000000000e+00 0.000000000000000000e+00 0.000000000000000000e+00 0.000000000000000000e+00 0.000000000000000000e+00
0.000000000000000000e+00 0.000000000000000000e+00 0.000000000000000000e+00 6.399999999999998579e+01 3.848124999999999574e+01 3.337158469945353545e+01 2.424193548387095731e+01 8.766271409749670340e+00 1.179326484712175471e+01 2.027650334075723038e+01 2.460810810810810878e+01 2.946135458167329446e+01 1.092484734617191222e+01 5.925000000000000711e+01 2.075980941704035843e+01 3.196587301587301511e+01 2.592384105960264407e+01 4.206451612903225623e+01 6.549999999999998579e+01 0.000000000000000000e+00 0.000000000000000000e+00 0.000000000000000000e+00 0.000000000000000000e+00 0.000000000000000000e+00 4.249999999999999289e+01 3.811111111111112137e+01 3.433333333333334281e+01 4.812500000000001421e+01 1.944162436548223383e+01 2.926492537313432862e+01 0.000000000000000000e+00 4.944642857142856229e+01 6.469230769230766498e+01 0.000000000000000000e+00 7.725000000000000000e+01 0.000000000000000000e+00 6.674999999999997158e+01 2.156543778801843203e+01 1.652160919540229855e+01 2.345897435897436267e+01 0.000000000000000000e+00 3.654545454545454675e+01 0.000000000000000000e+00 4.350000000000000711e+01 2.878888888888888786e+01 3.155050505050505549e+01 0.000000000000000000e+00 5.450000000000001421e+01 5.800000000000002842e+01 6.283333333333328596e+01 7.449999999999998579e+01 4.719999999999996021e+01 5.192105263157890960e+01 5.941666666666660745e+01 4.646739130434779952e+01 0.000000000000000000e+00 0.000000000000000000e+00 7.099999999999997158e+01 3.994444444444442865e+01 2.946031746031744802e+01 4.799999999999998579e+01 6.474999999999997158e+01 0.000000000000000000e+00 0.000000000000000000e+00 0.000000000000000000e+00 0.000000000000000000e+00 0.000000000000000000e+00 0.000000000000000000e+00 0.000000000000000000e+00 0.000000000000000000e+00 0.000000000000000000e+00 0.000000000000000000e+00 0.000000000000000000e+00 0.000000000000000000e+00 0.000000000000000000e+00 0.000000000000000000e+00 0.000000000000000000e+00 0.000000000000000000e+00 0.000000000000000000e+00 0.000000000000000000e+00 3.889999999999997016e+01 5.570833333333330728e+01 6.150000000000004974e+01 0.000000000000000000e+00 0.000000000000000000e+00 0.000000000000000000e+00 0.000000000000000000e+00 0.000000000000000000e+00 0.000000000000000000e+00
0.000000000000000000e+00 0.000000000000000000e+00 0.000000000000000000e+00 9.726190476190470946e+00 1.733890436397399526e+01 1.882777404169467772e+01 1.476594048884165389e+01 1.733149251562272397e+01 2.027650334075723038e+01 1.225229504069816144e+01 1.524691103789126245e+01 1.627602825642040685e+01 4.098180242634314396e+01 4.499999999999998579e+01 3.475339537223339192e+01 2.268631516587676700e+01 2.371179208688904794e+01 3.984083044982696720e+01 6.002614379084965179e+01 0.000000000000000000e+00 0.000000000000000000e+00 5.449999999999997158e+01 4.900000000000001421e+01 0.000000000000000000e+00 3.850000000000002132e+01 5.841463414634144158e+01 4.977777777777775725e+01 6.544999999999997442e+01 4.936833333333331808e+01 4.965062761506275280e+01 6.289772727272727337e+01 6.003639846743293873e+01 5.966315789473681974e+01 0.000000000000000000e+00 7.029166666666667140e+01 0.000000000000000000e+00 6.850000000000000000e+01 2.412101747173688082e+01 2.663700013464384853e+01 4.872807017543858166e+01 0.000000000000000000e+00 4.499285714285713311e+01 5.266666666666665719e+01 5.074999999999998579e+01 3.263709677419352317e+01 4.477941176470587692e+01 0.000000000000000000e+00 5.199999999999998579e+01 4.792857142857138797e+01 0.000000000000000000e+00 5.099999999999985789e+01 4.932352941176466743e+01 5.523333333333330586e+01 6.373333333333328454e+01 4.702325581395344756e+01 7.899999999999995737e+01 7.750000000000000000e+01 0.000000000000000000e+00 3.773809523809521238e+01 3.346551724137928829e+01 4.313636363636361182e+01 7.399999999999998579e+01 0.000000000000000000e+00 0.000000000000000000e+00 0.000000000000000000e+00 0.000000000000000000e+00 0.000000000000000000e+00 0.000000000000000000e+00 0.000000000000000000e+00 0.000000000000000000e+00 0.000000000000000000e+00 0.000000000000000000e+00 7.999999999999994316e+01 9.450000000000001421e+01 7.449999999999997158e+01 5.949999999999998579e+01 0.000000000000000000e+00 0.000000000000000000e+00 0.000000000000000000e+00 0.000000000000000000e+00 4.561111111111108585e+01 5.451999999999998181e+01 0.000000000000000000e+00 0.000000000000000000e+00 0.000000000000000000e+00 0.000000000000000000e+00 0.000000000000000000e+00 3.499999999999996447e+01 0.000000000000000000e+00
0.000000000000000000e+00 0.000000000000000000e+00 0.000000000000000000e+00 4.549999999999997868e+01 4.207647058823528141e+01 4.353090909090907701e+01 4.589285714285713169e+01 3.374242424242422800e+01 2.460810810810810878e+01 1.524691103789126245e+01 1.284134228187919646e+01 2.105921461897356295e+01 1.535970706490522630e+01 3.707692307692308020e+01 2.296726652187403772e+01 3.935281385281383848e+01 2.505712365591396917e+01 2.583131720430106526e+01 5.193359375000000000e+01 0.000000000000000000e+00 6.326119402985074913e+01 5.921428571428571530e+01 6.449999999999998579e+01 0.000000000000000000e+00 5.555555555555555713e+01 4.935714285714285410e+01 6.024999999999999289e+01 5.056140350877193157e+01 2.748762376237623783e+01 3.133939601921757045e+01 4.805628415300546408e+01 4.821121441022661003e+01 4.788437499999999858e+01 5.443750000000000000e+01 5.772554169402494750e+01 5.729545454545454675e+01 5.513043478260869534e+01 2.037480974124809308e+01 2.499699879951980819e+01 3.243279569892472836e+01 0.000000000000000000e+00 3.049082568807339300e+01 5.917391304347825809e+01 3.645454545454545325e+01 3.269999999999999574e+01 3.334228187919462982e+01 0.000000000000000000e+00 0.000000000000000000e+00 0.000000000000000000e+00 0.000000000000000000e+00 6.049999999999999289e+01 4.895454545454542483e+01 5.499999999999995737e+01 5.239285714285711038e+01 4.786206896551721002e+01 4.993749999999995737e+01 0.000000000000000000e+00 7.650000000000005684e+01 4.724999999999995026e+01 3.375806451612901782e+01 3.137878787878785758e+01 5.574999999999992895e+01 0.000000000000000000e+00 0.000000000000000000e+00 0.000000000000000000e+00 0.000000000000000000e+00 0.000000000000000000e+00 0.000000000000000000e+00 0.000000000000000000e+00 0.000000000000000000e+00 0.000000000000000000e+00 0.000000000000000000e+00 5.499999999999993605e+01 6.974999999999995737e+01 0.000000000000000000e+00 0.000000000000000000e+00 0.000000000000000000e+00 0.000000000000000000e+00 0.000000000000000000e+00 0.000000000000000000e+00 4.561111111111107874e+01 4.679411764705879762e+01 6.249999999999995737e+01 0.000000000000000000e+00 3.849999999999995026e+01 0.000000000000000000e+00 0.000000000000000000e+00 0.000000000000000000e+00 6.449999999999997158e+01
0.000000000000000000e+00 0.000000000000000000e+00 0.000000000000000000e+00 6.840198321891683086e+00 1.521955818965517082e+01 2.444065407386522892e+01 3.104054054054052969e+01 2.299063231850115940e+01 2.946135458167329446e+01 1.627602825642040685e+01 2.105921461897356295e+01 1.580507308605039540e+01 2.348133373475839392e+01 1.780784097183876469e+01 3.791415662650601348e+01 2.018847926267280002e+01 1.803025751072960503e+01 2.559582182320441035e+01 4.186078595317725615e+01 0.000000000000000000e+00 0.000000000000000000e+00 0.000000000000000000e+00 0.000000000000000000e+00 0.000000000000000000e+00 4.600000000000000000e+01 6.094230769230768630e+01 5.374999999999997868e+01 6.527499999999999147e+01 3.366538830297219675e+01 4.510383386581469978e+01 5.384797297297297547e+01 4.174620617477760476e+01 4.023945409429280318e+01 4.556250000000000711e+01 6.933333333333332860e+01 8.900000000000000000e+01 6.425000000000000000e+01 2.576944917660419421e+01 2.886548530004026247e+01 3.966558441558441217e+01 0.000000000000000000e+00 3.431666666666666288e+01 7.029999999999998295e+01 4.676923076923075939e+01 3.374418604651161502e+01 4.111333333333333684e+01 0.000000000000000000e+00 0.000000000000000000e+00 5.369999999999996732e+01 5.350000000000002842e+01 5.149999999999992895e+01 5.087499999999997868e+01 5.533823529411760234e+01 4.589999999999997726e+01 1.113829787234041646e+01 4.829999999999999005e+01 1.900000000000000355e+01 4.649999999999994316e+01 3.129166666666664653e+01 2.858888888888887436e+01 2.522297297297295771e+01 4.442857142857140929e+01 0.000000000000000000e+00 0.000000000000000000e+00 0.000000000000000000e+00 0.000000000000000000e+00 0.000000000000000000e+00 0.000000000000000000e+00 0.000000000000000000e+00 0.000000000000000000e+00 0.000000000000000000e+00 0.000000000000000000e+00 6.614285714285711038e+01 0.000000000000000000e+00 7.899999999999997158e+01 5.750000000000002132e+01 0.000000000000000000e+00 0.000000000000000000e+00 0.000000000000000000e+00 0.000000000000000000e+00 4.006818181818178459e+01 4.741891891891889088e+01 4.633333333333328596e+01 0.000000000000000000e+00 7.200000000000001421e+01 0.000000000000000000e+00 0.000000000000000000e+00 4.769999999999997442e+01 0.000000000000000000e+00
0.000000000000000000e+00 0.000000000000000000e+00 0.000000000000000000e+00 0.000000000000000000e+00 5.717391304347825809e+01 5.623936170212763841e+01 5.068749999999997158e+01 3.133333333333333215e+01 1.092484734617191222e+01 4.098180242634314396e+01 1.535970706490522630e+01 2.348133373475839392e+01 1.424030304405026470e+01 8.222521606507370961e+00 2.371118644067796666e+01 5.401470588235292780e+01 3.978048780487804237e+01 2.508501683501683388e+01 3.982929515418501865e+01 0.000000000000000000e+00 5.675000000000000000e+01 5.550000000000002842e+01 6.400000000000001421e+01 2.649999999999999289e+01 5.950000000000000000e+01 2.328753180661577460e+01 4.064285714285714590e+01 4.575999999999999801e+01 1.808997310082552801e+01 2.776322534344884119e+01 3.731719924812030342e+01 2.900069173688844160e+01 3.589579129432114257e+01 4.194736842105263008e+01 5.141428571428571104e+01 4.721428571428571530e+01 5.258333333333334281e+01 2.452334732423924279e+01 2.370050000000000523e+01 2.964158075601375231e+01 0.000000000000000000e+00 2.760893512851897214e+01 5.070000000000000284e+01 3.471249999999999858e+01 4.249999999999999289e+01 3.541311475409835907e+01 0.000000000000000000e+00 0.000000000000000000e+00 0.000000000000000000e+00 0.000000000000000000e+00 0.000000000000000000e+00 7.449999999999994316e+01 7.233333333333330017e+01 5.399999999999997158e+01 5.111111111111109295e+01 5.554545454545452543e+01 4.199999999999997158e+01 5.649999999999995026e+01 5.799999999999997868e+01 4.979166666666665009e+01 3.441666666666665009e+01 5.850000000000000000e+01 0.000000000000000000e+00 0.000000000000000000e+00 0.000000000000000000e+00 0.000000000000000000e+00 0.000000000000000000e+00 0.000000000000000000e+00 0.000000000000000000e+00 0.000000000000000000e+00 0.000000000000000000e+00 5.674999999999995737e+01 5.949999999999997868e+01 0.000000000000000000e+00 7.099999999999997158e+01 8.349999999999998579e+01 0.000000000000000000e+00 0.000000000000000000e+00 0.000000000000000000e+00 0.000000000000000000e+00 4.199999999999996447e+01 5.099999999999999289e+01 6.799999999999995737e+01 0.000000000000000000e+00 4.049999999999997868e+01 0.000000000000000000e+00 0.000000000000000000e+00 0.000000000000000000e+00 5.349999999999999289e+01
0.000000000000000000e+00 0.000000000000000000e+00 0.000000000000000000e+00 0.000000000000000000e+00 5.395652173913041594e+01 6.088571428571425770e+01 0.000000000000000000e+00 4.049999999999999289e+01 5.925000000000000711e+01 4.499999999999998579e+01 3.707692307692308020e+01 1.780784097183876469e+01 8.222521606507370961e+00 8.807764853819554318e+00 3.559999999999999432e+01 5.041666666666665719e+01 3.256249999999997868e+01 9.646103896103895181e+00 2.661111111111111782e+01 0.000000000000000000e+00 0.000000000000000000e+00 0.000000000000000000e+00 0.000000000000000000e+00 0.000000000000000000e+00 0.000000000000000000e+00 5.349999999999995737e+01 0.000000000000000000e+00 3.449999999999997868e+01 1.129474467030243012e+01 3.300000000000000000e+01 2.756666666666665932e+01 1.871612903225806335e+01 1.690092165898617438e+01 6.000000000000000711e+01 5.049999999999997868e+01 0.000000000000000000e+00 0.000000000000000000e+00 2.699999999999999289e+01 3.263043478260868824e+01 3.172413793103448043e+01 0.000000000000000000e+00 2.736363636363636331e+01 0.000000000000000000e+00 3.550000000000000000e+01 0.000000000000000000e+00 4.174999999999998579e+01 0.000000000000000000e+00 0.000000000000000000e+00 0.000000000000000000e+00 0.000000000000000000e+00 0.000000000000000000e+00 0.000000000000000000e+00 0.000000000000000000e+00 0.000000000000000000e+00 2.050000000000001776e+01 0.000000000000000000e+00 0.000000000000000000e+00 0.000000000000000000e+00 0.000000000000000000e+00 4.299999999999997158e+01 0.000000000000000000e+00 0.000000000000000000e+00 0.000000000000000000e+00 0.000000000000000000e+00 0.000000000000000000e+00 0.000000000000000000e+00 0.000000000000000000e+00 0.000000000000000000e+00 0.000000000000000000e+00 0.000000000000000000e+00 0.000000000000000000e+00 0.000000000000000000e+00 0.000000000000000000e+00 0.000000000000000000e+00 0.000000000000000000e+00 0.000000000000000000e+00 0.000000000000000000e+00 0.000000000000000000e+00 0.000000000000000000e+00 0.000000000000000000e+00 4.499999999999995737e+01 4.850000000000000000e+01 0.000000000000000000e+00 0.000000000000000000e+00 0.000000000000000000e+00 0.000000000000000000e+00 0.000000000000000000e+00 0.000000000000000000e+00 0.000000000000000000e+00
0.000000000000000000e+00 0.000000000000000000e+00 0.000000000000000000e+00 3.999999999999998579e+01 2.941946308724831027e+01 3.383435582822085053e+01 4.151562499999998579e+01 3.330561330561329925e+01 2.075980941704035843e+01 3.475339537223339192e+01 2.296726652187403772e+01 3.791415662650601348e+01 2.371118644067796666e+01 3.559999999999999432e+01 9.742429682824653270e+00 4.157013574660631861e+01 3.655827067669171271e+01 2.298681541582149279e+01 2.035581534772181911e+01 1.200833333333333286e+01 3.889473684210526017e+01 2.539473684210526372e+01 2.335315533980582359e+01 1.333836858006041659e+01 2.523174258857555685e+01 1.886347065257017874e+01 1.514645669291338592e+01 2.733084862385320690e+01 2.018181818181818343e+01 2.831520644511580187e+01 3.611190878378377533e+01 3.029880212954747165e+01 2.594469424460431739e+01 4.871428571428571530e+01 4.392281420765027633e+01 4.681249999999999289e+01 3.381042654028436090e+01 2.140649350649350779e+01 8.418923933209647714e+00 1.865631262525050005e+01 0.000000000000000000e+00 1.725685339690107156e+01 1.404375000000000107e+01 9.719584569732941048e+00 2.033333333333332860e+01 1.992890624999999716e+01 0.000000000000000000e+00 0.000000000000000000e+00 9.050000000000000000e+01 0.000000000000000000e+00 7.724999999999991473e+01 5.449999999999998579e+01 6.262499999999996447e+01 5.205555555555552161e+01 5.383333333333330728e+01 4.955555555555552161e+01 2.799999999999997868e+01 1.184999999999999858e+02 5.174999999999998579e+01 4.142105263157893802e+01 3.639583333333331439e+01 2.773076923076922284e+01 0.000000000000000000e+00 0.000000000000000000e+00 3.899999999999999289e+01 0.000000000000000000e+00 0.000000000000000000e+00 0.000000000000000000e+00 4.549999999999997868e+01 4.349999999999999289e+01 0.000000000000000000e+00 0.000000000000000000e+00 4.692105263157890960e+01 6.124999999999996447e+01 4.918181818181813725e+01 3.174999999999999645e+01 0.000000000000000000e+00 0.000000000000000000e+00 0.000000000000000000e+00 0.000000000000000000e+00 5.349999999999997158e+01 5.212499999999997158e+01 4.924999999999996447e+01 0.000000000000000000e+00 3.383333333333332149e+01 3.242857142857140929e+01 0.000000000000000000e+00 2.300000000000000711e+01 0.000000000000000000e+00
0.000000000000000000e+00 0.000000000000000000e+00 0.000000000000000000e+00 3.012499999999998224e+01 1.362123115577888832e+01 2.225398155909470788e+01 2.931481481481480600e+01 2.319411764705881751e+01 3.196587301587301511e+01 2.268631516587676700e+01 3.935281385281383848e+01 2.018847926267280002e+01 5.401470588235292780e+01 5.041666666666665719e+01 4.157013574660631861e+01 6.869716558925904160e+00 1.028999362651369864e+01 3.728368794326239311e+01 5.371714743589740948e+01 0.000000000000000000e+00 0.000000000000000000e+00 0.000000000000000000e+00 0.000000000000000000e+00 0.000000000000000000e+00 6.900000000000002842e+01 6.616666666666662877e+01 6.150000000000000000e+01 8.749999999999995737e+01 5.728571428571426338e+01 6.578846153846151878e+01 7.507142857142856940e+01 7.234285714285711322e+01 5.997129186602867179e+01 0.000000000000000000e+00 7.809999999999995168e+01 0.000000000000000000e+00 7.499999999999994316e+01 1.687653736991484266e+01 2.318345716783215593e+01 4.379411764705880472e+01 0.000000000000000000e+00 5.524999999999996447e+01 6.299999999999991473e+01 4.824999999999998579e+01 1.016290983606556608e+01 4.921428571428570820e+01 0.000000000000000000e+00 2.599999999999999645e+01 3.283333333333333570e+01 0.000000000000000000e+00 4.024999999999996447e+01 3.699999999999998579e+01 4.365789473684205291e+01 5.668749999999995737e+01 3.387096774193545912e+01 7.124999999999997158e+01 0.000000000000000000e+00 0.000000000000000000e+00 1.698958333333332860e+01 2.575581395348836011e+01 4.628571428571426338e+01 5.962500000000000000e+01 0.000000000000000000e+00 0.000000000000000000e+00 0.000000000000000000e+00 0.000000000000000000e+00 0.000000000000000000e+00 0.000000000000000000e+00 0.000000000000000000e+00 0.000000000000000000e+00 0.000000000000000000e+00 0.000000000000000000e+00 0.000000000000000000e+00 0.000000000000000000e+00 6.999999999999997158e+01 7.350000000000001421e+01 0.000000000000000000e+00 0.000000000000000000e+00 0.000000000000000000e+00 0.000000000000000000e+00 3.114285714285712103e+01 3.639999999999996305e+01 0.000000000000000000e+00 0.000000000000000000e+00 4.066666666666663588e+01 7.099999999999997158e+01 0.000000000000000000e+00 1.716666666666665364e+01 2.399999999999997158e+01
0.000000000000000000e+00 0.000000000000000000e+00 0.000000000000000000e+00 0.000000000000000000e+00 2.491911764705882248e+01 3.094323144104802736e+01 3.516666666666663588e+01 2.519230769230768630e+01 2.592384105960264407e+01 2.371179208688904794e+01 2.505712365591396917e+01 1.803025751072960503e+01 3.978048780487804237e+01 3.256249999999997868e+01 3.655827067669171271e+01 1.028999362651369864e+01 8.340220385674925296e+00 1.825096277278561274e+01 3.758124215809284152e+01 0.000000000000000000e+00 0.000000000000000000e+00 0.000000000000000000e+00 0.000000000000000000e+00 0.000000000000000000e+00 5.799999999999997158e+01 6.016666666666665719e+01 0.000000000000000000e+00 7.074999999999998579e+01 4.777272727272726627e+01 5.243292682926828263e+01 6.158064516129030608e+01 5.505384615384612346e+01 4.447388059701490448e+01 0.000000000000000000e+00 6.606250000000000000e+01 6.349999999999997868e+01 5.499999999999999289e+01 1.884444444444443079e+01 2.377181440443211713e+01 3.696428571428570109e+01 0.000000000000000000e+00 4.086111111111109295e+01 5.274999999999997868e+01 4.974999999999998579e+01 3.149999999999996447e+01 4.231818181818182012e+01 0.000000000000000000e+00 4.774999999999994316e+01 3.744444444444440734e+01 4.299999999999996447e+01 3.166666666666662877e+01 2.687999999999996348e+01 3.684615384615381117e+01 3.596590909090905797e+01 2.735185185185182988e+01 4.259999999999995879e+01 4.449999999999997158e+01 4.450000000000001421e+01 2.062499999999999289e+01 1.299305555555554648e+01 1.891071428571427759e+01 3.684999999999998721e+01 0.000000000000000000e+00 0.000000000000000000e+00 0.000000000000000000e+00 0.000000000000000000e+00 0.000000000000000000e+00 0.000000000000000000e+00 0.000000000000000000e+00 0.000000000000000000e+00 0.000000000000000000e+00 5.449999999999993605e+01 6.337499999999996447e+01 0.000000000000000000e+00 5.174999999999997868e+01 5.824999999999998579e+01 0.000000000000000000e+00 8.699999999999998579e+01 0.000000000000000000e+00 0.000000000000000000e+00 2.210714285714285054e+01 3.156097560975608474e+01 0.000000000000000000e+00 0.000000000000000000e+00 4.712499999999999289e+01 0.000000000000000000e+00 5.599999999999994316e+01 2.991666666666666785e+01 0.000000000000000000e+00
