0.000000000000000000e+00 0.000000000000000000e+00 0.000000000000000000e+00 0.000000000000000000e+00 0.000000000000000000e+00 0.000000000000000000e+00 0.000000000000000000e+00 0.000000000000000000e+00 0.000000000000000000e+00 0.000000000000000000e+00 0.000000000000000000e+00 0.000000000000000000e+00 0.000000000000000000e+00 0.000000000000000000e+00 0.000000000000000000e+00 0.000000000000000000e+00 0.000000000000000000e+00 0.000000000000000000e+00 0.000000000000000000e+00 0.000000000000000000e+00 0.000000000000000000e+00 0.000000000000000000e+00 0.000000000000000000e+00 0.000000000000000000e+00 0.000000000000000000e+00 0.000000000000000000e+00 0.000000000000000000e+00 0.000000000000000000e+00 0.000000000000000000e+00 0.000000000000000000e+00 0.000000000000000000e+00 0.000000000000000000e+00 0.000000000000000000e+00 0.000000000000000000e+00 0.000000000000000000e+00 0.000000000000000000e+00 0.000000000000000000e+00 0.000000000000000000e+00 0.000000000000000000e+00 0.000000000000000000e+00 0.000000000000000000e+00 0.000000000000000000e+00 0.000000000000000000e+00 0.000000000000000000e+00 0.000000000000000000e+00 0.000000000000000000e+00 0.000000000000000000e+00 0.000000000000000000e+00 0.000000000000000000e+00 0.000000000000000000e+00 0.000000000000000000e+00 0.000000000000000000e+00 0.000000000000000000e+00 0.000000000000000000e+00 0.000000000000000000e+00 0.000000000000000000e+00 0.000000000000000000e+00 0.000000000000000000e+00 0.000000000000000000e+00 0.000000000000000000e+00 0.000000000000000000e+00 0.000000000000000000e+00 0.000000000000000000e+00 0.000000000000000000e+00 0.000000000000000000e+00 0.000000000000000000e+00 0.000000000000000000e+00 0.000000000000000000e+00 0.000000000000000000e+00 0.000000000000000000e+00 0.000000000000000000e+00 0.000000000000000000e+00 0.000000000000000000e+00 0.000000000000000000e+00 0.000000000000000000e+00 0.000000000000000000e+00 0.000000000000000000e+00 0.000000000000000000e+00 0.000000000000000000e+00 0.000000000000000000e+00 0.000000000000000000e+00 0.000000000000000000e+00 0.000000000000000000e+00 0.000000000000000000e+00 0.000000000000000000e+00 0.000000000000000000e+00 0.000000000000000000e+00 0.000000000000000000e+00 0.000000000000000000e+00
0.000000000000000000e+00 0.000000000000000000e+00 0.000000000000000000e+00 0.000000000000000000e+00 0.000000000000000000e+00 0.000000000000000000e+00 0.000000000000000000e+00 0.000000000000000000e+00 0.000000000000000000e+00 0.000000000000000000e+00 0.000000000000000000e+00 0.000000000000000000e+00 0.000000000000000000e+00 0.000000000000000000e+00 0.000000000000000000e+00 0.000000000000000000e+00 0.000000000000000000e+00 0.000000000000000000e+00 0.000000000000000000e+00 0.000000000000000000e+00 0.000000000000000000e+00 0.000000000000000000e+00 0.000000000000000000e+00 0.000000000000000000e+00 0.000000000000000000e+00 0.000000000000000000e+00 0.000000000000000000e+00 0.000000000000000000e+00 0.000000000000000000e+00 0.000000000000000000e+00 0.000000000000000000e+00 0.000000000000000000e+00 0.000000000000000000e+00 0.000000000000000000e+00 0.000000000000000000e+00 0.000000000000000000e+00 0.000000000000000000e+00 0.000000000000000000e+00 0.000000000000000000e+00 0.000000000000000000e+00 0.000000000000000000e+00 0.000000000000000000e+00 0.000000000000000000e+00 0.000000000000000000e+00 0.000000000000000000e+00 0.000000000000000000e+00 0.000000000000000000e+00 0.000000000000000000e+00 0.000000000000000000e+00 0.000000000000000000e+00 0.000000000000000000e+00 0.000000000000000000e+00 0.000000000000000000e+00 0.000000000000000000e+00 0.000000000000000000e+00 0.000000000000000000e+00 0.000000000000000000e+00 0.000000000000000000e+00 0.000000000000000000e+00 0.000000000000000000e+00 0.000000000000000000e+00 0.000000000000000000e+00 0.000000000000000000e+00 0.000000000000000000e+00 0.000000000000000000e+00 0.000000000000000000e+00 0.000000000000000000e+00 0.000000000000000000e+00 0.000000000000000000e+00 0.000000000000000000e+00 0.000000000000000000e+00 0.000000000000000000e+00 0.000000000000000000e+00 0.000000000000000000e+00 0.000000000000000000e+00 0.000000000000000000e+00 0.000000000000000000e+00 0.000000000000000000e+00 0.000000000000000000e+00 0.000000000000000000e+00 0.000000000000000000e+00 0.000000000000000000e+00 0.000000000000000000e+00 0.000000000000000000e+00 0.000000000000000000e+00 0.000000000000000000e+00 0.000000000000000000e+00 0.000000000000000000e+00 0.000000000000000000e+00
0.000000000000000000e+00 0.000000000000000000e+00 0.000000000000000000e+00 0.000000000000000000e+00 0.000000000000000000e+00 0.000000000000000000e+00 0.000000000000000000e+00 0.000000000000000000e+00 0.000000000000000000e+00 0.000000000000000000e+00 0.000000000000000000e+00 0.000000000000000000e+00 0.000000000000000000e+00 0.000000000000000000e+00 0.000000000000000000e+00 0.000000000000000000e+00 0.000000000000000000e+00 0.000000000000000000e+00 0.000000000000000000e+00 0.000000000000000000e+00 0.000000000000000000e+00 0.000000000000000000e+00 0.000000000000000000e+00 0.000000000000000000e+00 0.000000000000000000e+00 0.000000000000000000e+00 0.000000000000000000e+00 0.000000000000000000e+00 0.000000000000000000e+00 0.000000000000000000e+00 0.000000000000000000e+00 0.000000000000000000e+00 0.000000000000000000e+00 0.000000000000000000e+00 0.000000000000000000e+00 0.000000000000000000e+00 0.000000000000000000e+00 0.000000000000000000e+00 0.000000000000000000e+00 0.000000000000000000e+00 0.000000000000000000e+00 0.000000000000000000e+00 0.000000000000000000e+00 0.000000000000000000e+00 0.000000000000000000e+00 0.000000000000000000e+00 0.000000000000000000e+00 0.000000000000000000e+00 0.000000000000000000e+00 0.000000000000000000e+00 0.000000000000000000e+00 0.000000000000000000e+00 0.000000000000000000e+00 0.000000000000000000e+00 0.000000000000000000e+00 0.000000000000000000e+00 0.000000000000000000e+00 0.000000000000000000e+00 0.000000000000000000e+00 0.000000000000000000e+00 0.000000000000000000e+00 0.000000000000000000e+00 0.000000000000000000e+00 0.000000000000000000e+00 0.000000000000000000e+00 0.000000000000000000e+00 0.000000000000000000e+00 0.000000000000000000e+00 0.000000000000000000e+00 0.000000000000000000e+00 0.000000000000000000e+00 0.000000000000000000e+00 0.000000000000000000e+00 0.000000000000000000e+00 0.000000000000000000e+00 0.000000000000000000e+00 0.000000000000000000e+00 0.000000000000000000e+00 0.000000000000000000e+00 0.000000000000000000e+00 0.000000000000000000e+00 0.000000000000000000e+00 0.000000000000000000e+00 0.000000000000000000e+00 0.000000000000000000e+00 0.000000000000000000e+00 0.000000000000000000e+00 0.000000000000000000e+00 0.000000000000000000e+00
0.000000000000000000e+00 0.000000000000000000e+00 0.000000000000000000e+00 4.285060975609751743e+00 6.521710526315787071e+00 1.134816132858837001e+01 2.835714285714283989e+01 3.022058823529409821e+01 3.174999999999997158e+01 9.230366492146590218e+00 5.224999999999995737e+01 6.142325895875591968e+00 0.000000000000000000e+00 0.000000000000000000e+00 0.000000000000000000e+00 3.049999999999998934e+01 0.000000000000000000e+00 0.000000000000000000e+00 0.000000000000000000e+00 0.000000000000000000e+00 0.000000000000000000e+00 0.000000000000000000e+00 0.000000000000000000e+00 0.000000000000000000e+00 0.000000000000000000e+00 0.000000000000000000e+00 0.000000000000000000e+00 0.000000000000000000e+00 0.000000000000000000e+00 5.949999999999995737e+01 0.000000000000000000e+00 0.000000000000000000e+00 0.000000000000000000e+00 0.000000000000000000e+00 0.000000000000000000e+00 0.000000000000000000e+00 0.000000000000000000e+00 2.943749999999997868e+01 3.472297297297294705e+01 0.000000000000000000e+00 0.000000000000000000e+00 0.000000000000000000e+00 0.000000000000000000e+00 0.000000000000000000e+00 3.187499999999997868e+01 0.000000000000000000e+00 0.000000000000000000e+00 0.000000000000000000e+00 0.000000000000000000e+00 0.000000000000000000e+00 0.000000000000000000e+00 0.000000000000000000e+00 0.000000000000000000e+00 0.000000000000000000e+00 6.099999999999992895e+01 0.000000000000000000e+00 0.000000000000000000e+00 0.000000000000000000e+00 0.000000000000000000e+00 0.000000000000000000e+00 4.649999999999997158e+01 0.000000000000000000e+00 0.000000000000000000e+00 0.000000000000000000e+00 0.000000000000000000e+00 0.000000000000000000e+00 0.000000000000000000e+00 0.000000000000000000e+00 0.000000000000000000e+00 0.000000000000000000e+00 0.000000000000000000e+00 0.000000000000000000e+00 0.000000000000000000e+00 0.000000000000000000e+00 0.000000000000000000e+00 0.000000000000000000e+00 0.000000000000000000e+00 0.000000000000000000e+00 0.000000000000000000e+00 0.000000000000000000e+00 3.699999999999997868e+01 0.000000000000000000e+00 0.000000000000000000e+00 0.000000000000000000e+00 0.000000000000000000e+00 0.000000000000000000e+00 0.000000000000000000e+00 0.000000000000000000e+00 0.000000000000000000e+00
0.000000000000000000e+00 0.000000000000000000e+00 0.000000000000000000e+00 6.521710526315787071e+00 9.329248307801918827e+00 9.901576137615451856e+00 2.557142857142856229e+01 2.315723270440251014e+01 3.333999999999998920e+01 1.504181184668988713e+01 4.396153846153845279e+01 1.205841836734693473e+01 6.614285714285709616e+01 6.083333333333325754e+01 3.649999999999997868e+01 1.244163424124512929e+01 2.587037037037036313e+01 5.024999999999996447e+01 5.299999999999997158e+01 0.000000000000000000e+00 0.000000000000000000e+00 0.000000000000000000e+00 0.000000000000000000e+00 5.749999999999994316e+01 5.049999999999998579e+01 0.000000000000000000e+00 0.000000000000000000e+00 1.024999999999999716e+02 7.799999999999995737e+01 6.925000000000000000e+01 0.000000000000000000e+00 8.249999999999997158e+01 7.050000000000002842e+01 0.000000000000000000e+00 0.000000000000000000e+00 0.000000000000000000e+00 0.000000000000000000e+00 1.111965476657512397e+01 1.706029619181945378e+01 2.727272727272725561e+01 0.000000000000000000e+00 0.000000000000000000e+00 3.549999999999998579e+01 3.100000000000001066e+01 6.038396860986543935e+00 6.961538461538460787e+00 0.000000000000000000e+00 4.199999999999995737e+01 4.099999999999993605e+01 0.000000000000000000e+00 4.899999999999999289e+01 0.000000000000000000e+00 0.000000000000000000e+00 0.000000000000000000e+00 0.000000000000000000e+00 0.000000000000000000e+00 0.000000000000000000e+00 0.000000000000000000e+00 1.599999999999998579e+01 0.000000000000000000e+00 0.000000000000000000e+00 0.000000000000000000e+00 0.000000000000000000e+00 0.000000000000000000e+00 0.000000000000000000e+00 0.000000000000000000e+00 0.000000000000000000e+00 0.000000000000000000e+00 0.000000000000000000e+00 0.000000000000000000e+00 0.000000000000000000e+00 0.000000000000000000e+00 0.000000000000000000e+00 0.000000000000000000e+00 0.000000000000000000e+00 0.000000000000000000e+00 0.000000000000000000e+00 0.000000000000000000e+00 0.000000000000000000e+00 0.000000000000000000e+00 2.097499999999998010e+01 1.549999999999997513e+01 2.799999999999997513e+01 0.000000000000000000e+00 0.000000000000000000e+00 0.000000000000000000e+00 0.000000000000000000e+00 1.499999999999999645e+01 9.999999999999976907e+00
0.000000000000000000e+00 0.000000000000000000e+00 0.000000000000000000e+00 1.134816132858837001e+01 9.901576137615451856e+00 1.444505174499349387e+01 9.174840764331205989e+00 1.189496157130656862e+01 2.859171597633135065e+01 1.846299896319335687e+01 4.067741935483869753e+01 2.322105263157893518e+01 5.413793103448274024e+01 6.624999999999998579e+01 2.140434782608694775e+01 2.004740406320540558e+01 2.651923076923075584e+01 5.886842105263155389e+01 6.571212121212118973e+01 4.799999999999999289e+01 2.700000000000000711e+01 0.000000000000000000e+00 3.449999999999997868e+01 3.314999999999999147e+01 0.000000000000000000e+00 5.507142857142854808e+01 3.949999999999995737e+01 3.799999999999999289e+01 7.299999999999998579e+01 6.614999999999997726e+01 8.324999999999997158e+01 7.804999999999996874e+01 7.707499999999997442e+01 1.099999999999999432e+02 0.000000000000000000e+00 1.049999999999999574e+02 0.000000000000000000e+00 1.733319604612848863e+01 1.986793302124593197e+01 3.094117647058822484e+01 0.000000000000000000e+00 4.236666666666663872e+01 2.669444444444444642e+01 2.027173913043477427e+01 1.966447368421050967e+01 3.577777777777777146e+01 0.000000000000000000e+00 0.000000000000000000e+00 0.000000000000000000e+00 0.000000000000000000e+00 4.499999999999992895e+01 0.000000000000000000e+00 4.831249999999997158e+01 0.000000000000000000e+00 4.199999999999997868e+01 0.000000000000000000e+00 0.000000000000000000e+00 0.000000000000000000e+00 2.741666666666664653e+01 3.166666666666663943e+01 0.000000000000000000e+00 0.000000000000000000e+00 0.000000000000000000e+00 0.000000000000000000e+00 0.000000000000000000e+00 0.000000000000000000e+00 0.000000000000000000e+00 0.000000000000000000e+00 0.000000000000000000e+00 0.000000000000000000e+00 0.000000000000000000e+00 0.000000000000000000e+00 0.000000000000000000e+00 0.000000000000000000e+00 0.000000000000000000e+00 0.000000000000000000e+00 0.000000000000000000e+00 0.000000000000000000e+00 0.000000000000000000e+00 0.000000000000000000e+00 2.818181818181814435e+01 4.962499999999995026e+01 6.899999999999997158e+01 0.000000000000000000e+00 0.000000000000000000e+00 0.000000000000000000e+00 0.000000000000000000e+00 2.362499999999997513e+01 0.000000000000000000e+00
0.000000000000000000e+00 0.000000000000000000e+00 0.000000000000000000e+00 2.835714285714283989e+01 2.557142857142856229e+01 9.174840764331205989e+00 7.481112054329368988e+00 7.225408864659868868e+00 2.083606557377048318e+01 1.248709834469327795e+01 4.838888888888888573e+01 3.408024691358023262e+01 3.583333333333330728e+01 6.399999999999995737e+01 2.907142857142857295e+01 2.504237288135593076e+01 3.485714285714283989e+01 0.000000000000000000e+00 6.899999999999995737e+01 0.000000000000000000e+00 0.000000000000000000e+00 0.000000000000000000e+00 0.000000000000000000e+00 0.000000000000000000e+00 0.000000000000000000e+00 0.000000000000000000e+00 0.000000000000000000e+00 0.000000000000000000e+00 0.000000000000000000e+00 0.000000000000000000e+00 0.000000000000000000e+00 8.175000000000005684e+01 8.849999999999994316e+01 0.000000000000000000e+00 0.000000000000000000e+00 0.000000000000000000e+00 0.000000000000000000e+00 3.296153846153845279e+01 3.141666666666665009e+01 4.587499999999998579e+01 0.000000000000000000e+00 0.000000000000000000e+00 0.000000000000000000e+00 0.000000000000000000e+00 2.916666666666664653e+01 5.124999999999997158e+01 0.000000000000000000e+00 0.000000000000000000e+00 0.000000000000000000e+00 0.000000000000000000e+00 0.000000000000000000e+00 0.000000000000000000e+00 0.000000000000000000e+00 0.000000000000000000e+00 0.000000000000000000e+00 0.000000000000000000e+00 0.000000000000000000e+00 0.000000000000000000e+00 3.649999999999998579e+01 0.000000000000000000e+00 0.000000000000000000e+00 0.000000000000000000e+00 0.000000000000000000e+00 0.000000000000000000e+00 0.000000000000000000e+00 0.000000000000000000e+00 0.000000000000000000e+00 0.000000000000000000e+00 0.000000000000000000e+00 0.000000000000000000e+00 0.000000000000000000e+00 0.000000000000000000e+00 0.000000000000000000e+00 0.000000000000000000e+00 0.000000000000000000e+00 0.000000000000000000e+00 0.000000000000000000e+00 0.000000000000000000e+00 0.000000000000000000e+00 0.000000000000000000e+00 0.000000000000000000e+00 0.000000000000000000e+00 0.000000000000000000e+00 0.000000000000000000e+00 0.000000000000000000e+00 0.000000000000000000e+00 0.000000000000000000e+00 0.000000000000000000e+00 0.000000000000000000e+00
0.000000000000000000e+00 0.000000000000000000e+00 0.000000000000000000e+00 3.022058823529409821e+01 2.315723270440251014e+01 1.189496157130656862e+01 7.225408864659868868e+00 8.965561635017699871e+00 9.026834481120870279e+00 1.836843821323768822e+01 3.352597402597401555e+01 2.782428115015973447e+01 3.383333333333332149e+01 6.649999999999997158e+01 3.474719101123594100e+01 2.106179775280898525e+01 2.327586206896550536e+01 5.229999999999997584e+01 6.753846153846153300e+01 0.000000000000000000e+00 0.000000000000000000e+00 0.000000000000000000e+00 0.000000000000000000e+00 3.449999999999998579e+01 0.000000000000000000e+00 5.150000000000000000e+01 0.000000000000000000e+00 0.000000000000000000e+00 5.084285714285712743e+01 4.083823529411763076e+01 8.083333333333330017e+01 6.974999999999997158e+01 6.889999999999999147e+01 8.424999999999992895e+01 7.900000000000004263e+01 6.550000000000000000e+01 0.000000000000000000e+00 2.591592920353981100e+01 2.788107416879794087e+01 3.574999999999998579e+01 0.000000000000000000e+00 0.000000000000000000e+00 3.049999999999998579e+01 2.674999999999997513e+01 3.146428571428568688e+01 4.433333333333331439e+01 0.000000000000000000e+00 3.525000000000000000e+01 0.000000000000000000e+00 0.000000000000000000e+00 4.159999999999993747e+01 4.366666666666662877e+01 4.042857142857139507e+01 8.749999999999997158e+01 3.664999999999996305e+01 0.000000000000000000e+00 0.000000000000000000e+00 0.000000000000000000e+00 2.274999999999999645e+01 3.099999999999999645e+01 0.000000000000000000e+00 0.000000000000000000e+00 0.000000000000000000e+00 0.000000000000000000e+00 0.000000000000000000e+00 0.000000000000000000e+00 0.000000000000000000e+00 0.000000000000000000e+00 0.000000000000000000e+00 0.000000000000000000e+00 0.000000000000000000e+00 0.000000000000000000e+00 0.000000000000000000e+00 0.000000000000000000e+00 0.000000000000000000e+00 7.249999999999991473e+01 0.000000000000000000e+00 0.000000000000000000e+00 0.000000000000000000e+00 0.000000000000000000e+00 3.522727272727269821e+01 4.209999999999996589e+01 6.150000000000001421e+01 0.000000000000000000e+00 0.000000000000000000e+00 0.000000000000000000e+00 0.000000000000000000e+00 0.000000000000000000e+00 0.000000000000000000e+00
0.000000000000000000e+00 0.000000000000000000e+00 0.000000000000000000e+00 3.174999999999997158e+01 3.333999999999998920e+01 2.859171597633135065e+01 2.083606557377048318e+01 9.026834481120870279e+00 1.200334722317097835e+01 1.900235257214553997e+01 2.317229729729729115e+01 3.276804123711340111e+01 1.115284653465346487e+01 5.869230769230768630e+01 2.182351116625309118e+01 2.990894568690096023e+01 2.751075268817203323e+01 4.821052631578945835e+01 5.764285714285714590e+01 0.000000000000000000e+00 6.183333333333334281e+01 0.000000000000000000e+00 0.000000000000000000e+00 3.799999999999999289e+01 5.862500000000001421e+01 4.921428571428570820e+01 2.544999999999998863e+01 4.728571428571429180e+01 2.437860576923077005e+01 2.375691456668714707e+01 5.800000000000000000e+01 6.027192982456140413e+01 6.035454545454543762e+01 5.150000000000001421e+01 6.299999999999998579e+01 5.816666666666666430e+01 5.650000000000000000e+01 2.371269694161259878e+01 1.546364231903045727e+01 2.748697916666665719e+01 0.000000000000000000e+00 4.299999999999997158e+01 4.799999999999995737e+01 4.250000000000000000e+01 3.504347826086955564e+01 3.441085271317829353e+01 0.000000000000000000e+00 4.349999999999994316e+01 4.949999999999998579e+01 0.000000000000000000e+00 5.324999999999997158e+01 4.849999999999995026e+01 5.179166666666662167e+01 7.400000000000000000e+01 4.730769230769225686e+01 0.000000000000000000e+00 0.000000000000000000e+00 0.000000000000000000e+00 3.411111111111111427e+01 3.124999999999997513e+01 0.000000000000000000e+00 7.849999999999997158e+01 0.000000000000000000e+00 0.000000000000000000e+00 0.000000000000000000e+00 0.000000000000000000e+00 0.000000000000000000e+00 0.000000000000000000e+00 0.000000000000000000e+00 0.000000000000000000e+00 0.000000000000000000e+00 0.000000000000000000e+00 0.000000000000000000e+00 0.000000000000000000e+00 1.084999999999999858e+02 0.000000000000000000e+00 0.000000000000000000e+00 0.000000000000000000e+00 0.000000000000000000e+00 0.000000000000000000e+00 3.853571428571424207e+01 5.474999999999996447e+01 0.000000000000000000e+00 0.000000000000000000e+00 6.499999999999998579e+01 0.000000000000000000e+00 0.000000000000000000e+00 5.949999999999999289e+01 0.000000000000000000e+00
0.000000000000000000e+00 0.000000000000000000e+00 0.000000000000000000e+00 9.230366492146590218e+00 1.504181184668988713e+01 1.846299896319335687e+01 1.248709834469327795e+01 1.836843821323768822e+01 1.900235257214553997e+01 1.236908027957410638e+01 1.662583559168924552e+01 1.676190906898214550e+01 4.151890359168240252e+01 5.299999999999997868e+01 3.616666666666665009e+01 2.281888111888110870e+01 2.316935483870966550e+01 4.331321839080457892e+01 6.113405797101446382e+01 0.000000000000000000e+00 6.634999999999998010e+01 0.000000000000000000e+00 8.974999999999997158e+01 4.349999999999999289e+01 8.739999999999999147e+01 7.383928571428569398e+01 5.777777777777777857e+01 5.967499999999999716e+01 5.180645161290320999e+01 4.262003179650236007e+01 5.932733812949637553e+01 6.151342072409486406e+01 6.176700680272107036e+01 6.679310344827584345e+01 6.925490196078430927e+01 6.710344827586206407e+01 7.112500000000000000e+01 2.553655793025870580e+01 2.683331856446608654e+01 3.936091954022986528e+01 0.000000000000000000e+00 4.039772727272725206e+01 6.164999999999997726e+01 4.849999999999998579e+01 3.026315789473681761e+01 4.439166666666664440e+01 0.000000000000000000e+00 4.299999999999996447e+01 4.600000000000000711e+01 0.000000000000000000e+00 4.149999999999995026e+01 5.458333333333329307e+01 5.109999999999995168e+01 5.614285714285707485e+01 4.728333333333330302e+01 6.250000000000000000e+01 4.699999999999995026e+01 5.966666666666663588e+01 3.618181818181815146e+01 3.446551724137928829e+01 4.839473684210523885e+01 8.162499999999997158e+01 0.000000000000000000e+00 0.000000000000000000e+00 0.000000000000000000e+00 0.000000000000000000e+00 0.000000000000000000e+00 0.000000000000000000e+00 0.000000000000000000e+00 0.000000000000000000e+00 0.000000000000000000e+00 0.000000000000000000e+00 0.000000000000000000e+00 0.000000000000000000e+00 0.000000000000000000e+00 5.550000000000000000e+01 0.000000000000000000e+00 0.000000000000000000e+00 0.000000000000000000e+00 0.000000000000000000e+00 4.173076923076919797e+01 4.849999999999996447e+01 5.233333333333325754e+01 0.000000000000000000e+00 0.000000000000000000e+00 0.000000000000000000e+00 0.000000000000000000e+00 2.949999999999995381e+01 0.000000000000000000e+00
0.000000000000000000e+00 0.000000000000000000e+00 0.000000000000000000e+00 5.224999999999995737e+01 4.396153846153845279e+01 4.067741935483869753e+01 4.838888888888888573e+01 3.352597402597401555e+01 2.317229729729729115e+01 1.662583559168924552e+01 1.302711344161657436e+01 2.330293052354296535e+01 1.712184270952927534e+01 4.401724137931034164e+01 2.381101321585903108e+01 3.865064102564100779e+01 2.440430622009568395e+01 2.610835913312692469e+01 5.013450292397660490e+01 0.000000000000000000e+00 6.323046875000000000e+01 6.300000000000000000e+01 8.712499999999997158e+01 8.335714285714286120e+01 5.911864406779660897e+01 5.356889763779527414e+01 6.175000000000000000e+01 4.558803986710963585e+01 3.173152709359606050e+01 3.209347275031685598e+01 4.774302541847489323e+01 4.826376554174067479e+01 4.670873427091043339e+01 5.717622950819671956e+01 5.913523248199083326e+01 5.543016759776536162e+01 6.189234449760765244e+01 2.337131230925736958e+01 2.147280074603667899e+01 2.741924398625429049e+01 0.000000000000000000e+00 2.920108695652173836e+01 5.444594594594593673e+01 3.688271604938270798e+01 4.649999999999999289e+01 3.434629629629629477e+01 0.000000000000000000e+00 0.000000000000000000e+00 0.000000000000000000e+00 0.000000000000000000e+00 0.000000000000000000e+00 0.000000000000000000e+00 5.762499999999993605e+01 5.149999999999997868e+01 5.014285714285713169e+01 5.849999999999997158e+01 0.000000000000000000e+00 0.000000000000000000e+00 6.449999999999994316e+01 3.319230769230766498e+01 2.834615384615383604e+01 4.500000000000001421e+01 0.000000000000000000e+00 0.000000000000000000e+00 0.000000000000000000e+00 0.000000000000000000e+00 0.000000000000000000e+00 0.000000000000000000e+00 0.000000000000000000e+00 0.000000000000000000e+00 0.000000000000000000e+00 0.000000000000000000e+00 0.000000000000000000e+00 0.000000000000000000e+00 0.000000000000000000e+00 0.000000000000000000e+00 0.000000000000000000e+00 0.000000000000000000e+00 0.000000000000000000e+00 0.000000000000000000e+00 3.949999999999994316e+01 4.999999999999996447e+01 4.349999999999999289e+01 0.000000000000000000e+00 5.799999999999998579e+01 0.000000000000000000e+00 0.000000000000000000e+00 0.000000000000000000e+00 0.000000000000000000e+00
0.000000000000000000e+00 0.000000000000000000e+00 0.000000000000000000e+00 6.142325895875591968e+00 1.205841836734693473e+01 2.322105263157893518e+01 3.408024691358023262e+01 2.782428115015973447e+01 3.276804123711340111e+01 1.676190906898214550e+01 2.330293052354296535e+01 1.550522528863731608e+01 2.180386347475705122e+01 1.730114401076715680e+01 3.929991126885535380e+01 2.133556682361462009e+01 1.897734806629833315e+01 2.400747198007471539e+01 3.771532156368221678e+01 9.050000000000000000e+01 7.770000000000000284e+01 7.400000000000001421e+01 9.099999999999997158e+01 8.849999999999998579e+01 6.757692307692306599e+01 6.416470588235294770e+01 6.309375000000000000e+01 5.765384615384615330e+01 3.666833095577746349e+01 4.449072753209700437e+01 4.905392156862745168e+01 4.542463235294117396e+01 4.397093023255813904e+01 5.776470588235294201e+01 7.275000000000000000e+01 7.316666666666667140e+01 7.110526315789473983e+01 2.899602701628922219e+01 3.049916361735492742e+01 3.766939443535186882e+01 0.000000000000000000e+00 3.640740740740739767e+01 6.700000000000000000e+01 4.530882352941175384e+01 3.723214285714282568e+01 4.194202898550724967e+01 0.000000000000000000e+00 4.399999999999995737e+01 4.709999999999994458e+01 0.000000000000000000e+00 5.649999999999993605e+01 4.649999999999995737e+01 4.831578947368414845e+01 5.844444444444439313e+01 7.268924302788841274e+00 5.993749999999997158e+01 1.382000000000000028e+01 0.000000000000000000e+00 3.307142857142854808e+01 3.654411764705879762e+01 2.400555555555554577e+01 3.724999999999998579e+01 0.000000000000000000e+00 0.000000000000000000e+00 0.000000000000000000e+00 0.000000000000000000e+00 0.000000000000000000e+00 0.000000000000000000e+00 0.000000000000000000e+00 0.000000000000000000e+00 0.000000000000000000e+00 7.949999999999995737e+01 8.749999999999998579e+01 0.000000000000000000e+00 8.350000000000001421e+01 0.000000000000000000e+00 0.000000000000000000e+00 1.164999999999999574e+02 0.000000000000000000e+00 0.000000000000000000e+00 4.265624999999995026e+01 5.199999999999997158e+01 6.699999999999994316e+01 0.000000000000000000e+00 5.529999999999997584e+01 0.000000000000000000e+00 8.999999999999997158e+01 0.000000000000000000e+00 0.000000000000000000e+00
0.000000000000000000e+00 0.000000000000000000e+00 0.000000000000000000e+00 0.000000000000000000e+00 6.614285714285709616e+01 5.413793103448274024e+01 3.583333333333330728e+01 3.383333333333332149e+01 1.115284653465346487e+01 4.151890359168240252e+01 1.712184270952927534e+01 2.180386347475705122e+01 1.458944902966763379e+01 7.884255761239141513e+00 2.217469879518072418e+01 5.413829787234041646e+01 4.380555555555554292e+01 2.258658854166666785e+01 3.566959798994975017e+01 7.550000000000000000e+01 6.114166666666665861e+01 6.116666666666668561e+01 6.105555555555554292e+01 5.877777777777776436e+01 5.642727272727272947e+01 2.612546816479400746e+01 4.717441860465116577e+01 4.534888888888888658e+01 2.026758517820693939e+01 2.791446059678653313e+01 4.122431865828092157e+01 3.309235409194652533e+01 3.611433447098976046e+01 4.990151515151516293e+01 5.692105263157894512e+01 5.173275862068965836e+01 5.872159090909090651e+01 2.773211169284467559e+01 2.435605909363146893e+01 3.030878048780488498e+01 0.000000000000000000e+00 2.804565217391304799e+01 5.731081081081081408e+01 3.972887323943661642e+01 0.000000000000000000e+00 3.700278551532033333e+01 0.000000000000000000e+00 8.099999999999997158e+01 0.000000000000000000e+00 0.000000000000000000e+00 0.000000000000000000e+00 0.000000000000000000e+00 0.000000000000000000e+00 4.799999999999996447e+01 6.083333333333329307e+01 0.000000000000000000e+00 0.000000000000000000e+00 0.000000000000000000e+00 0.000000000000000000e+00 4.939999999999996305e+01 4.914285714285714590e+01 4.066666666666665009e+01 0.000000000000000000e+00 0.000000000000000000e+00 0.000000000000000000e+00 0.000000000000000000e+00 0.000000000000000000e+00 0.000000000000000000e+00 0.000000000000000000e+00 0.000000000000000000e+00 0.000000000000000000e+00 0.000000000000000000e+00 0.000000000000000000e+00 0.000000000000000000e+00 0.000000000000000000e+00 0.000000000000000000e+00 0.000000000000000000e+00 0.000000000000000000e+00 0.000000000000000000e+00 0.000000000000000000e+00 7.400000000000000000e+01 6.519999999999996021e+01 0.000000000000000000e+00 0.000000000000000000e+00 5.000000000000000000e+01 1.059999999999999574e+02 0.000000000000000000e+00 0.000000000000000000e+00 5.449999999999995737e+01
0.000000000000000000e+00 0.000000000000000000e+00 0.000000000000000000e+00 0.000000000000000000e+00 6.083333333333325754e+01 6.624999999999998579e+01 6.399999999999995737e+01 6.649999999999997158e+01 5.869230769230768630e+01 5.299999999999997868e+01 4.401724137931034164e+01 1.730114401076715680e+01 7.884255761239141513e+00 8.927555629914673219e+00 3.474074074074074048e+01 5.059999999999998721e+01 4.166417910447759709e+01 1.087134502923976420e+01 1.894444444444444287e+01 0.000000000000000000e+00 6.250000000000000711e+01 0.000000000000000000e+00 0.000000000000000000e+00 0.000000000000000000e+00 5.750000000000000711e+01 4.783333333333332149e+01 4.874999999999997868e+01 6.712500000000001421e+01 1.022100175746924400e+01 3.443243243243243512e+01 4.958333333333333570e+01 1.666818181818181799e+01 1.639393939393939448e+01 3.149999999999998579e+01 6.200000000000002132e+01 0.000000000000000000e+00 0.000000000000000000e+00 4.062500000000000000e+01 4.091666666666666430e+01 4.242105263157895934e+01 0.000000000000000000e+00 4.150000000000000711e+01 5.600000000000000711e+01 4.249999999999998579e+01 0.000000000000000000e+00 5.122222222222222143e+01 0.000000000000000000e+00 0.000000000000000000e+00 0.000000000000000000e+00 0.000000000000000000e+00 0.000000000000000000e+00 0.000000000000000000e+00 0.000000000000000000e+00 0.000000000000000000e+00 6.749999999999992895e+01 0.000000000000000000e+00 0.000000000000000000e+00 0.000000000000000000e+00 5.200000000000000000e+01 5.100000000000004263e+01 3.349999999999996447e+01 0.000000000000000000e+00 0.000000000000000000e+00 0.000000000000000000e+00 0.000000000000000000e+00 0.000000000000000000e+00 0.000000000000000000e+00 0.000000000000000000e+00 0.000000000000000000e+00 0.000000000000000000e+00 0.000000000000000000e+00 0.000000000000000000e+00 0.000000000000000000e+00 0.000000000000000000e+00 0.000000000000000000e+00 0.000000000000000000e+00 0.000000000000000000e+00 0.000000000000000000e+00 0.000000000000000000e+00 0.000000000000000000e+00 0.000000000000000000e+00 0.000000000000000000e+00 0.000000000000000000e+00 0.000000000000000000e+00 0.000000000000000000e+00 0.000000000000000000e+00 0.000000000000000000e+00 0.000000000000000000e+00 0.000000000000000000e+00
0.000000000000000000e+00 0.000000000000000000e+00 0.000000000000000000e+00 0.000000000000000000e+00 3.649999999999997868e+01 2.140434782608694775e+01 2.907142857142857295e+01 3.474719101123594100e+01 2.182351116625309118e+01 3.616666666666665009e+01 2.381101321585903108e+01 3.929991126885535380e+01 2.217469879518072418e+01 3.474074074074074048e+01 1.106624768184627783e+01 4.331699346405226692e+01 4.092187499999998579e+01 2.319999999999999929e+01 2.163852097130241958e+01 1.617543859649122950e+01 1.812156862745097996e+01 2.382926829268292224e+01 2.014189189189188767e+01 1.953785900783289264e+01 2.127014755959136849e+01 1.973882201203782571e+01 1.881257344300821543e+01 3.021779141104293487e+01 2.093423344947735032e+01 2.077478753541076628e+01 3.802543720190777776e+01 3.105565019875070831e+01 3.233545310015897911e+01 4.405714285714284983e+01 4.690553745928337293e+01 4.495192307692305889e+01 3.832258064516128115e+01 2.431777108433734469e+01 8.663810324886970449e+00 1.908730158730158877e+01 0.000000000000000000e+00 2.001617440225034628e+01 1.400613647520864014e+01 1.495604395604395620e+01 3.216666666666665719e+01 2.193929359823398784e+01 0.000000000000000000e+00 0.000000000000000000e+00 0.000000000000000000e+00 0.000000000000000000e+00 0.000000000000000000e+00 0.000000000000000000e+00 6.712499999999994316e+01 4.599999999999994316e+01 5.283333333333327886e+01 5.299999999999999289e+01 0.000000000000000000e+00 0.000000000000000000e+00 8.599999999999991473e+01 4.842857142857140218e+01 3.287499999999997868e+01 2.972499999999998721e+01 0.000000000000000000e+00 0.000000000000000000e+00 0.000000000000000000e+00 0.000000000000000000e+00 0.000000000000000000e+00 0.000000000000000000e+00 0.000000000000000000e+00 0.000000000000000000e+00 5.925000000000002132e+01 0.000000000000000000e+00 4.862499999999997868e+01 4.916666666666665719e+01 4.535714285714283989e+01 3.376666666666665861e+01 0.000000000000000000e+00 0.000000000000000000e+00 0.000000000000000000e+00 4.049999999999999289e+01 5.416666666666662877e+01 4.764285714285712459e+01 0.000000000000000000e+00 0.000000000000000000e+00 3.324999999999997868e+01 3.633333333333329307e+01 0.000000000000000000e+00 0.000000000000000000e+00 7.000000000000002842e+01
0.000000000000000000e+00 0.000000000000000000e+00 0.000000000000000000e+00 3.049999999999998934e+01 1.244163424124512929e+01 2.004740406320540558e+01 2.504237288135593076e+01 2.106179775280898525e+01 2.990894568690096023e+01 2.281888111888110870e+01 3.865064102564100779e+01 2.133556682361462009e+01 5.413829787234041646e+01 5.059999999999998721e+01 4.331699346405226692e+01 6.937554206418036884e+00 9.562385879488735085e+00 3.704906284454241217e+01 4.706102362204720890e+01 0.000000000000000000e+00 9.000000000000001421e+01 0.000000000000000000e+00 6.300000000000000000e+01 6.399999999999997158e+01 0.000000000000000000e+00 8.616666666666667140e+01 9.500000000000002842e+01 7.949999999999995737e+01 6.449999999999997158e+01 6.083720930232556157e+01 7.499999999999998579e+01 6.985526315789471141e+01 5.770224719101121735e+01 8.499999999999994316e+01 0.000000000000000000e+00 8.749999999999998579e+01 0.000000000000000000e+00 1.426867572156195685e+01 2.257543391188249160e+01 4.033823529411763076e+01 0.000000000000000000e+00 4.453846153846151878e+01 6.033333333333327886e+01 5.458333333333329307e+01 9.209427207637221002e+00 4.415909090909089940e+01 0.000000000000000000e+00 2.450000000000003197e+01 4.449999999999995026e+01 0.000000000000000000e+00 2.749999999999994316e+01 3.349999999999995026e+01 3.512903225806447693e+01 5.024999999999992895e+01 3.052941176470584850e+01 0.000000000000000000e+00 5.349999999999997868e+01 0.000000000000000000e+00 1.737499999999998579e+01 2.521428571428569398e+01 3.716666666666663588e+01 4.474999999999997158e+01 0.000000000000000000e+00 0.000000000000000000e+00 0.000000000000000000e+00 0.000000000000000000e+00 0.000000000000000000e+00 0.000000000000000000e+00 0.000000000000000000e+00 0.000000000000000000e+00 7.699999999999997158e+01 6.200000000000000000e+01 5.499999999999994316e+01 0.000000000000000000e+00 7.050000000000000000e+01 5.549999999999995737e+01 0.000000000000000000e+00 0.000000000000000000e+00 0.000000000000000000e+00 0.000000000000000000e+00 2.957142857142852677e+01 3.426666666666663730e+01 0.000000000000000000e+00 0.000000000000000000e+00 6.799999999999994316e+01 0.000000000000000000e+00 0.000000000000000000e+00 2.380000000000000426e+01 0.000000000000000000e+00
0.000000000000000000e+00 0.000000000000000000e+00 0.000000000000000000e+00 0.000000000000000000e+00 2.587037037037036313e+01 2.651923076923075584e+01 3.485714285714283989e+01 2.327586206896550536e+01 2.751075268817203323e+01 2.316935483870966550e+01 2.440430622009568395e+01 1.897734806629833315e+01 4.380555555555554292e+01 4.166417910447759709e+01 4.092187499999998579e+01 9.562385879488735085e+00 8.632808988764038460e+00 2.317834960070982930e+01 3.651358490566035186e+01 0.000000000000000000e+00 8.666666666666662877e+01 0.000000000000000000e+00 0.000000000000000000e+00 0.000000000000000000e+00 0.000000000000000000e+00 7.866666666666662877e+01 6.049999999999997868e+01 6.449999999999995737e+01 5.189473684210525306e+01 5.587179487179486870e+01 6.624999999999998579e+01 5.817528735632181736e+01 4.203703703703700967e+01 7.883333333333331439e+01 7.600000000000000000e+01 7.050000000000001421e+01 0.000000000000000000e+00 2.123039215686273451e+01 2.476929392446632505e+01 3.509210526315788314e+01 0.000000000000000000e+00 3.511111111111110716e+01 8.150000000000004263e+01 4.075000000000002132e+01 3.749999999999997158e+01 3.848214285714284699e+01 0.000000000000000000e+00 2.799999999999996092e+01 0.000000000000000000e+00 3.449999999999998579e+01 3.719999999999995310e+01 2.758333333333330017e+01 3.099999999999996803e+01 3.299999999999997868e+01 2.584745762711862227e+01 4.249999999999992184e+01 0.000000000000000000e+00 0.000000000000000000e+00 1.952631578947367075e+01 1.442857142857141461e+01 1.418749999999998934e+01 3.710714285714285410e+01 0.000000000000000000e+00 0.000000000000000000e+00 0.000000000000000000e+00 0.000000000000000000e+00 0.000000000000000000e+00 0.000000000000000000e+00 0.000000000000000000e+00 0.000000000000000000e+00 0.000000000000000000e+00 0.000000000000000000e+00 0.000000000000000000e+00 0.000000000000000000e+00 6.666666666666661456e+01 5.349999999999995026e+01 0.000000000000000000e+00 0.000000000000000000e+00 0.000000000000000000e+00 0.000000000000000000e+00 2.709999999999997300e+01 2.996874999999997868e+01 4.499999999999997158e+01 0.000000000000000000e+00 3.849999999999999289e+01 0.000000000000000000e+00 0.000000000000000000e+00 2.249999999999996803e+01 0.000000000000000000e+00
