0.000000000000000000e+00 0.000000000000000000e+00 0.000000000000000000e+00 0.000000000000000000e+00 0.000000000000000000e+00 0.000000000000000000e+00 0.000000000000000000e+00 0.000000000000000000e+00 0.000000000000000000e+00 0.000000000000000000e+00 0.000000000000000000e+00 0.000000000000000000e+00 0.000000000000000000e+00 0.000000000000000000e+00 0.000000000000000000e+00 0.000000000000000000e+00 0.000000000000000000e+00 0.000000000000000000e+00 0.000000000000000000e+00 0.000000000000000000e+00 0.000000000000000000e+00 0.000000000000000000e+00 0.000000000000000000e+00 0.000000000000000000e+00 0.000000000000000000e+00 0.000000000000000000e+00 0.000000000000000000e+00 0.000000000000000000e+00 0.000000000000000000e+00 0.000000000000000000e+00 0.000000000000000000e+00 0.000000000000000000e+00 0.000000000000000000e+00 0.000000000000000000e+00 0.000000000000000000e+00 0.000000000000000000e+00 0.000000000000000000e+00 0.000000000000000000e+00 0.000000000000000000e+00 0.000000000000000000e+00 0.000000000000000000e+00 0.000000000000000000e+00 0.000000000000000000e+00 0.000000000000000000e+00 0.000000000000000000e+00 0.000000000000000000e+00 0.000000000000000000e+00 0.000000000000000000e+00 0.000000000000000000e+00 0.000000000000000000e+00 0.000000000000000000e+00 0.000000000000000000e+00 0.000000000000000000e+00 0.000000000000000000e+00 0.000000000000000000e+00 0.000000000000000000e+00 0.000000000000000000e+00 0.000000000000000000e+00 0.000000000000000000e+00 0.000000000000000000e+00 0.000000000000000000e+00 0.000000000000000000e+00 0.000000000000000000e+00 0.000000000000000000e+00 0.000000000000000000e+00 0.000000000000000000e+00 0.000000000000000000e+00 0.000000000000000000e+00 0.000000000000000000e+00 0.000000000000000000e+00 0.000000000000000000e+00 0.000000000000000000e+00 0.000000000000000000e+00 0.000000000000000000e+00 0.000000000000000000e+00 0.000000000000000000e+00 0.000000000000000000e+00 0.000000000000000000e+00 0.000000000000000000e+00 0.000000000000000000e+00 0.000000000000000000e+00 0.000000000000000000e+00 0.000000000000000000e+00 0.000000000000000000e+00 0.000000000000000000e+00 0.000000000000000000e+00 0.000000000000000000e+00 0.000000000000000000e+00 0.000000000000000000e+00
0.000000000000000000e+00 0.000000000000000000e+00 0.000000000000000000e+00 0.000000000000000000e+00 0.000000000000000000e+00 0.000000000000000000e+00 0.000000000000000000e+00 0.000000000000000000e+00 0.000000000000000000e+00 0.000000000000000000e+00 0.000000000000000000e+00 0.000000000000000000e+00 0.000000000000000000e+00 0.000000000000000000e+00 0.000000000000000000e+00 0.000000000000000000e+00 0.000000000000000000e+00 0.000000000000000000e+00 0.000000000000000000e+00 0.000000000000000000e+00 0.000000000000000000e+00 0.000000000000000000e+00 0.000000000000000000e+00 0.000000000000000000e+00 0.000000000000000000e+00 0.000000000000000000e+00 0.000000000000000000e+00 0.000000000000000000e+00 0.000000000000000000e+00 0.000000000000000000e+00 0.000000000000000000e+00 0.000000000000000000e+00 0.000000000000000000e+00 0.000000000000000000e+00 0.000000000000000000e+00 0.000000000000000000e+00 0.000000000000000000e+00 0.000000000000000000e+00 0.000000000000000000e+00 0.000000000000000000e+00 0.000000000000000000e+00 0.000000000000000000e+00 0.000000000000000000e+00 0.000000000000000000e+00 0.000000000000000000e+00 0.000000000000000000e+00 0.000000000000000000e+00 0.000000000000000000e+00 0.000000000000000000e+00 0.000000000000000000e+00 0.000000000000000000e+00 0.000000000000000000e+00 0.000000000000000000e+00 0.000000000000000000e+00 0.000000000000000000e+00 0.000000000000000000e+00 0.000000000000000000e+00 0.000000000000000000e+00 0.000000000000000000e+00 0.000000000000000000e+00 0.000000000000000000e+00 0.000000000000000000e+00 0.000000000000000000e+00 0.000000000000000000e+00 0.000000000000000000e+00 0.000000000000000000e+00 0.000000000000000000e+00 0.000000000000000000e+00 0.000000000000000000e+00 0.000000000000000000e+00 0.000000000000000000e+00 0.000000000000000000e+00 0.000000000000000000e+00 0.000000000000000000e+00 0.000000000000000000e+00 0.000000000000000000e+00 0.000000000000000000e+00 0.000000000000000000e+00 0.000000000000000000e+00 0.000000000000000000e+00 0.000000000000000000e+00 0.000000000000000000e+00 0.000000000000000000e+00 0.000000000000000000e+00 0.000000000000000000e+00 0.000000000000000000e+00 0.000000000000000000e+00 0.000000000000000000e+00 0.000000000000000000e+00
0.000000000000000000e+00 0.000000000000000000e+00 0.000000000000000000e+00 0.000000000000000000e+00 0.000000000000000000e+00 0.000000000000000000e+00 0.000000000000000000e+00 0.000000000000000000e+00 0.000000000000000000e+00 0.000000000000000000e+00 0.000000000000000000e+00 0.000000000000000000e+00 0.000000000000000000e+00 0.000000000000000000e+00 0.000000000000000000e+00 0.000000000000000000e+00 0.000000000000000000e+00 0.000000000000000000e+00 0.000000000000000000e+00 0.000000000000000000e+00 0.000000000000000000e+00 0.000000000000000000e+00 0.000000000000000000e+00 0.000000000000000000e+00 0.000000000000000000e+00 0.000000000000000000e+00 0.000000000000000000e+00 0.000000000000000000e+00 0.000000000000000000e+00 0.000000000000000000e+00 0.000000000000000000e+00 0.000000000000000000e+00 0.000000000000000000e+00 0.000000000000000000e+00 0.000000000000000000e+00 0.000000000000000000e+00 0.000000000000000000e+00 0.000000000000000000e+00 0.000000000000000000e+00 0.000000000000000000e+00 0.000000000000000000e+00 0.000000000000000000e+00 0.000000000000000000e+00 0.000000000000000000e+00 0.000000000000000000e+00 0.000000000000000000e+00 0.000000000000000000e+00 0.000000000000000000e+00 0.000000000000000000e+00 0.000000000000000000e+00 0.000000000000000000e+00 0.000000000000000000e+00 0.000000000000000000e+00 0.000000000000000000e+00 0.000000000000000000e+00 0.000000000000000000e+00 0.000000000000000000e+00 0.000000000000000000e+00 0.000000000000000000e+00 0.000000000000000000e+00 0.000000000000000000e+00 0.000000000000000000e+00 0.000000000000000000e+00 0.000000000000000000e+00 0.000000000000000000e+00 0.000000000000000000e+00 0.000000000000000000e+00 0.000000000000000000e+00 0.000000000000000000e+00 0.000000000000000000e+00 0.000000000000000000e+00 0.000000000000000000e+00 0.000000000000000000e+00 0.000000000000000000e+00 0.000000000000000000e+00 0.000000000000000000e+00 0.000000000000000000e+00 0.000000000000000000e+00 0.000000000000000000e+00 0.000000000000000000e+00 0.000000000000000000e+00 0.000000000000000000e+00 0.000000000000000000e+00 0.000000000000000000e+00 0.000000000000000000e+00 0.000000000000000000e+00 0.000000000000000000e+00 0.000000000000000000e+00 0.000000000000000000e+00
0.000000000000000000e+00 0.000000000000000000e+00 0.000000000000000000e+00 4.852100840336130538e+00 6.273437499999997335e+00 8.950440528634358017e+00 3.124999999999997868e+01 2.909999999999999432e+01 5.799999999999998579e+01 8.441988950276238413e+00 4.424999999999995737e+01 6.339748334566984944e+00 6.049999999999994316e+01 0.000000000000000000e+00 5.024999999999997158e+01 0.000000000000000000e+00 3.100000000000000355e+01 6.349999999999998579e+01 0.000000000000000000e+00 0.000000000000000000e+00 0.000000000000000000e+00 0.000000000000000000e+00 0.000000000000000000e+00 0.000000000000000000e+00 0.000000000000000000e+00 0.000000000000000000e+00 0.000000000000000000e+00 0.000000000000000000e+00 0.000000000000000000e+00 6.349999999999988631e+01 0.000000000000000000e+00 8.149999999999998579e+01 7.249999999999992895e+01 0.000000000000000000e+00 0.000000000000000000e+00 0.000000000000000000e+00 0.000000000000000000e+00 3.187499999999996803e+01 3.234313725490193292e+01 0.000000000000000000e+00 0.000000000000000000e+00 0.000000000000000000e+00 0.000000000000000000e+00 0.000000000000000000e+00 3.199999999999998934e+01 0.000000000000000000e+00 0.000000000000000000e+00 0.000000000000000000e+00 0.000000000000000000e+00 0.000000000000000000e+00 0.000000000000000000e+00 0.000000000000000000e+00 0.000000000000000000e+00 0.000000000000000000e+00 0.000000000000000000e+00 0.000000000000000000e+00 0.000000000000000000e+00 0.000000000000000000e+00 0.000000000000000000e+00 0.000000000000000000e+00 0.000000000000000000e+00 0.000000000000000000e+00 0.000000000000000000e+00 0.000000000000000000e+00 0.000000000000000000e+00 0.000000000000000000e+00 0.000000000000000000e+00 0.000000000000000000e+00 0.000000000000000000e+00 0.000000000000000000e+00 0.000000000000000000e+00 0.000000000000000000e+00 0.000000000000000000e+00 0.000000000000000000e+00 0.000000000000000000e+00 0.000000000000000000e+00 0.000000000000000000e+00 0.000000000000000000e+00 0.000000000000000000e+00 0.000000000000000000e+00 0.000000000000000000e+00 0.000000000000000000e+00 0.000000000000000000e+00 0.000000000000000000e+00 0.000000000000000000e+00 0.000000000000000000e+00 0.000000000000000000e+00 0.000000000000000000e+00 0.000000000000000000e+00
0.000000000000000000e+00 0.000000000000000000e+00 0.000000000000000000e+00 6.273437499999997335e+00 9.686730604065267869e+00 9.310508016225606198e+00 2.674999999999998224e+01 2.573404255319147538e+01 3.837903225806449825e+01 1.674561819043106681e+01 3.794525547445254432e+01 1.589536056480080184e+01 5.122727272727270531e+01 5.639999999999997726e+01 3.258962264150942190e+01 1.309213483146067070e+01 3.109615384615383604e+01 4.718939393939390925e+01 6.008823529411760944e+01 0.000000000000000000e+00 0.000000000000000000e+00 0.000000000000000000e+00 0.000000000000000000e+00 0.000000000000000000e+00 5.999999999999997158e+01 0.000000000000000000e+00 5.800000000000000000e+01 8.949999999999994316e+01 6.510526315789471141e+01 6.630769230769229239e+01 7.787499999999995737e+01 7.148333333333332007e+01 6.716279069767439580e+01 0.000000000000000000e+00 0.000000000000000000e+00 0.000000000000000000e+00 0.000000000000000000e+00 1.255150631681243212e+01 1.933487784330242931e+01 3.835185185185183343e+01 0.000000000000000000e+00 3.999999999999999289e+01 4.474999999999998579e+01 2.183333333333333215e+01 6.613019169329069413e+00 9.359374999999996447e+00 0.000000000000000000e+00 0.000000000000000000e+00 0.000000000000000000e+00 0.000000000000000000e+00 0.000000000000000000e+00 0.000000000000000000e+00 0.000000000000000000e+00 0.000000000000000000e+00 5.349999999999991473e+01 0.000000000000000000e+00 0.000000000000000000e+00 0.000000000000000000e+00 3.699999999999997158e+01 1.975000000000000711e+01 0.000000000000000000e+00 1.174999999999999574e+02 0.000000000000000000e+00 0.000000000000000000e+00 0.000000000000000000e+00 0.000000000000000000e+00 0.000000000000000000e+00 0.000000000000000000e+00 0.000000000000000000e+00 0.000000000000000000e+00 0.000000000000000000e+00 0.000000000000000000e+00 0.000000000000000000e+00 0.000000000000000000e+00 0.000000000000000000e+00 0.000000000000000000e+00 0.000000000000000000e+00 0.000000000000000000e+00 0.000000000000000000e+00 0.000000000000000000e+00 3.385714285714282568e+01 2.949999999999998579e+01 1.416666666666664831e+01 0.000000000000000000e+00 0.000000000000000000e+00 0.000000000000000000e+00 0.000000000000000000e+00 8.166666666666651864e+00 9.249999999999989342e+00
0.000000000000000000e+00 0.000000000000000000e+00 0.000000000000000000e+00 8.950440528634358017e+00 9.310508016225606198e+00 1.327467149977344008e+01 8.863943028485754994e+00 1.380994859389173612e+01 2.980866425992778446e+01 1.791039925719590542e+01 4.029040404040402734e+01 2.465088339222613811e+01 5.439634146341461474e+01 6.354999999999997584e+01 2.213836898395721065e+01 2.259170305676854440e+01 3.354651162790696617e+01 4.964150943396224847e+01 6.786111111111108585e+01 3.899999999999997868e+01 0.000000000000000000e+00 0.000000000000000000e+00 3.316666666666662877e+01 3.906249999999997158e+01 4.502631578947366364e+01 3.982608695652172770e+01 4.335714285714285410e+01 6.469230769230769340e+01 7.106249999999998579e+01 5.210483870967740216e+01 6.762500000000000000e+01 7.696913580246909703e+01 7.337179487179484738e+01 0.000000000000000000e+00 8.362500000000000000e+01 7.424999999999998579e+01 7.874999999999998579e+01 1.645263975155278402e+01 1.861022267206476499e+01 2.454887218045111297e+01 0.000000000000000000e+00 4.230769230769229239e+01 3.936842105263156810e+01 2.220833333333332149e+01 1.607432432432431568e+01 3.854999999999997584e+01 0.000000000000000000e+00 0.000000000000000000e+00 0.000000000000000000e+00 0.000000000000000000e+00 0.000000000000000000e+00 4.699999999999999289e+01 0.000000000000000000e+00 7.850000000000001421e+01 4.787500000000000711e+01 0.000000000000000000e+00 0.000000000000000000e+00 0.000000000000000000e+00 2.250000000000000711e+01 3.449999999999996447e+01 4.383333333333329307e+01 0.000000000000000000e+00 0.000000000000000000e+00 0.000000000000000000e+00 0.000000000000000000e+00 0.000000000000000000e+00 0.000000000000000000e+00 0.000000000000000000e+00 0.000000000000000000e+00 0.000000000000000000e+00 0.000000000000000000e+00 0.000000000000000000e+00 0.000000000000000000e+00 0.000000000000000000e+00 0.000000000000000000e+00 0.000000000000000000e+00 0.000000000000000000e+00 0.000000000000000000e+00 0.000000000000000000e+00 0.000000000000000000e+00 3.199999999999998579e+01 5.499999999999995026e+01 0.000000000000000000e+00 0.000000000000000000e+00 0.000000000000000000e+00 0.000000000000000000e+00 0.000000000000000000e+00 2.749999999999995026e+01 0.000000000000000000e+00
0.000000000000000000e+00 0.000000000000000000e+00 0.000000000000000000e+00 3.124999999999997868e+01 2.674999999999998224e+01 8.863943028485754994e+00 8.308286038592505918e+00 7.202819107282691036e+00 1.819999999999999574e+01 1.150433369447453558e+01 4.783333333333331439e+01 3.289473684210525306e+01 6.699999999999988631e+01 0.000000000000000000e+00 3.963157894736840348e+01 3.824999999999997158e+01 4.649999999999995026e+01 0.000000000000000000e+00 0.000000000000000000e+00 0.000000000000000000e+00 0.000000000000000000e+00 0.000000000000000000e+00 0.000000000000000000e+00 0.000000000000000000e+00 0.000000000000000000e+00 3.300000000000000000e+01 0.000000000000000000e+00 0.000000000000000000e+00 4.599999999999997868e+01 4.510937499999997158e+01 6.849999999999995737e+01 7.174999999999995737e+01 6.799999999999995737e+01 0.000000000000000000e+00 0.000000000000000000e+00 0.000000000000000000e+00 0.000000000000000000e+00 2.745454545454543904e+01 2.856766917293231245e+01 2.924999999999997868e+01 0.000000000000000000e+00 5.249999999999995026e+01 0.000000000000000000e+00 2.399999999999997513e+01 0.000000000000000000e+00 4.674999999999995737e+01 0.000000000000000000e+00 0.000000000000000000e+00 0.000000000000000000e+00 0.000000000000000000e+00 0.000000000000000000e+00 0.000000000000000000e+00 0.000000000000000000e+00 0.000000000000000000e+00 0.000000000000000000e+00 0.000000000000000000e+00 0.000000000000000000e+00 0.000000000000000000e+00 0.000000000000000000e+00 0.000000000000000000e+00 0.000000000000000000e+00 0.000000000000000000e+00 0.000000000000000000e+00 0.000000000000000000e+00 0.000000000000000000e+00 0.000000000000000000e+00 0.000000000000000000e+00 0.000000000000000000e+00 0.000000000000000000e+00 0.000000000000000000e+00 0.000000000000000000e+00 0.000000000000000000e+00 0.000000000000000000e+00 0.000000000000000000e+00 0.000000000000000000e+00 0.000000000000000000e+00 0.000000000000000000e+00 0.000000000000000000e+00 0.000000000000000000e+00 0.000000000000000000e+00 0.000000000000000000e+00 0.000000000000000000e+00 0.000000000000000000e+00 0.000000000000000000e+00 0.000000000000000000e+00 0.000000000000000000e+00 0.000000000000000000e+00 0.000000000000000000e+00 0.000000000000000000e+00
0.000000000000000000e+00 0.000000000000000000e+00 0.000000000000000000e+00 2.909999999999999432e+01 2.573404255319147538e+01 1.380994859389173612e+01 7.202819107282691036e+00 8.567008086253368404e+00 9.074870677919957274e+00 1.613680704258862164e+01 3.554444444444443008e+01 2.425299401197603544e+01 3.068145161290321354e+01 4.999999999999997868e+01 3.555805243445691843e+01 2.218925233644858963e+01 2.263636363636362248e+01 5.141666666666663588e+01 6.249999999999999289e+01 4.099999999999997868e+01 0.000000000000000000e+00 0.000000000000000000e+00 0.000000000000000000e+00 4.500000000000002132e+01 0.000000000000000000e+00 5.349999999999994316e+01 4.344444444444442155e+01 7.549999999999995737e+01 4.262820512820511709e+01 3.816118721461184293e+01 6.370000000000000284e+01 6.787837837837837185e+01 6.251666666666665151e+01 0.000000000000000000e+00 7.487499999999998579e+01 0.000000000000000000e+00 7.583333333333332860e+01 2.046335078534029961e+01 2.510649350649348932e+01 2.872222222222218946e+01 0.000000000000000000e+00 4.299999999999997158e+01 5.449999999999997158e+01 2.533333333333331439e+01 2.849999999999996092e+01 4.349999999999999289e+01 0.000000000000000000e+00 0.000000000000000000e+00 4.200000000000000711e+01 0.000000000000000000e+00 4.099999999999998579e+01 0.000000000000000000e+00 5.299999999999997868e+01 0.000000000000000000e+00 9.149999999999997158e+01 0.000000000000000000e+00 0.000000000000000000e+00 0.000000000000000000e+00 3.299999999999998579e+01 3.399999999999997868e+01 0.000000000000000000e+00 0.000000000000000000e+00 0.000000000000000000e+00 0.000000000000000000e+00 0.000000000000000000e+00 0.000000000000000000e+00 0.000000000000000000e+00 0.000000000000000000e+00 0.000000000000000000e+00 0.000000000000000000e+00 0.000000000000000000e+00 0.000000000000000000e+00 0.000000000000000000e+00 0.000000000000000000e+00 0.000000000000000000e+00 0.000000000000000000e+00 0.000000000000000000e+00 0.000000000000000000e+00 0.000000000000000000e+00 0.000000000000000000e+00 3.449999999999997868e+01 3.974999999999998579e+01 0.000000000000000000e+00 0.000000000000000000e+00 0.000000000000000000e+00 0.000000000000000000e+00 0.000000000000000000e+00 0.000000000000000000e+00 0.000000000000000000e+00
0.000000000000000000e+00 0.000000000000000000e+00 0.000000000000000000e+00 5.799999999999998579e+01 3.837903225806449825e+01 2.980866425992778446e+01 1.819999999999999574e+01 9.074870677919957274e+00 1.186942313157146955e+01 1.772625913110341855e+01 2.199283667621776672e+01 2.865772669220944735e+01 9.065304948216340364e+00 4.649999999999999289e+01 1.981317204301074852e+01 3.687499999999998579e+01 2.971276595744679838e+01 3.564705882352939881e+01 4.960000000000000142e+01 0.000000000000000000e+00 6.650000000000000000e+01 6.674999999999998579e+01 0.000000000000000000e+00 0.000000000000000000e+00 4.879999999999999005e+01 5.090909090909089940e+01 2.548484848484847021e+01 4.812499999999998579e+01 2.535135135135134377e+01 2.556979458450045328e+01 5.169444444444444287e+01 5.442905405405405617e+01 5.411333333333333684e+01 5.599999999999997868e+01 6.265517241379310320e+01 6.650000000000000000e+01 5.516666666666666430e+01 2.158436944937832536e+01 1.627012987012987111e+01 2.822580645161291102e+01 0.000000000000000000e+00 3.252173913043478137e+01 6.749999999999998579e+01 3.699999999999994316e+01 3.041666666666666785e+01 3.342168674698795172e+01 0.000000000000000000e+00 0.000000000000000000e+00 0.000000000000000000e+00 0.000000000000000000e+00 0.000000000000000000e+00 0.000000000000000000e+00 5.649999999999997158e+01 0.000000000000000000e+00 6.299999999999993605e+01 0.000000000000000000e+00 0.000000000000000000e+00 0.000000000000000000e+00 4.124999999999997158e+01 3.749999999999996447e+01 4.449999999999997868e+01 0.000000000000000000e+00 0.000000000000000000e+00 0.000000000000000000e+00 0.000000000000000000e+00 0.000000000000000000e+00 0.000000000000000000e+00 0.000000000000000000e+00 0.000000000000000000e+00 0.000000000000000000e+00 0.000000000000000000e+00 0.000000000000000000e+00 0.000000000000000000e+00 0.000000000000000000e+00 0.000000000000000000e+00 0.000000000000000000e+00 0.000000000000000000e+00 0.000000000000000000e+00 0.000000000000000000e+00 0.000000000000000000e+00 0.000000000000000000e+00 0.000000000000000000e+00 0.000000000000000000e+00 0.000000000000000000e+00 0.000000000000000000e+00 0.000000000000000000e+00 0.000000000000000000e+00 0.000000000000000000e+00 0.000000000000000000e+00
0.000000000000000000e+00 0.000000000000000000e+00 0.000000000000000000e+00 8.441988950276238413e+00 1.674561819043106681e+01 1.791039925719590542e+01 1.150433369447453558e+01 1.613680704258862164e+01 1.772625913110341855e+01 1.278635449745391739e+01 1.601984460310793068e+01 1.702022512708786550e+01 4.017575757575755091e+01 5.277927927927925822e+01 2.599796195652172415e+01 2.303615635179152221e+01 2.527800829875517152e+01 4.106313993174059362e+01 6.001666666666665151e+01 0.000000000000000000e+00 8.912499999999998579e+01 0.000000000000000000e+00 5.700000000000000711e+01 4.299999999999997158e+01 7.066666666666664298e+01 7.196428571428570820e+01 0.000000000000000000e+00 6.423809523809521238e+01 5.003061224489793801e+01 4.631325301204817890e+01 6.119999999999997442e+01 6.087211291702307392e+01 6.103767660910516923e+01 6.531249999999998579e+01 7.317307692307690559e+01 8.249999999999998579e+01 8.369999999999994600e+01 2.184619655746805833e+01 2.810433741016263198e+01 3.879824561403508909e+01 0.000000000000000000e+00 4.617187499999998579e+01 6.074999999999998579e+01 4.749999999999997868e+01 3.080263157894735215e+01 3.827777777777776436e+01 0.000000000000000000e+00 4.474999999999997158e+01 0.000000000000000000e+00 0.000000000000000000e+00 4.899999999999992184e+01 0.000000000000000000e+00 5.277777777777775015e+01 5.199999999999997868e+01 5.416666666666660035e+01 0.000000000000000000e+00 0.000000000000000000e+00 0.000000000000000000e+00 3.049999999999996447e+01 3.515384615384613198e+01 4.149999999999998579e+01 6.749999999999997158e+01 0.000000000000000000e+00 0.000000000000000000e+00 0.000000000000000000e+00 0.000000000000000000e+00 0.000000000000000000e+00 0.000000000000000000e+00 0.000000000000000000e+00 0.000000000000000000e+00 0.000000000000000000e+00 0.000000000000000000e+00 0.000000000000000000e+00 0.000000000000000000e+00 0.000000000000000000e+00 0.000000000000000000e+00 0.000000000000000000e+00 0.000000000000000000e+00 0.000000000000000000e+00 0.000000000000000000e+00 3.766666666666662167e+01 5.262499999999995737e+01 0.000000000000000000e+00 0.000000000000000000e+00 0.000000000000000000e+00 0.000000000000000000e+00 0.000000000000000000e+00 0.000000000000000000e+00 0.000000000000000000e+00
0.000000000000000000e+00 0.000000000000000000e+00 0.000000000000000000e+00 4.424999999999995737e+01 3.794525547445254432e+01 4.029040404040402734e+01 4.783333333333331439e+01 3.554444444444443008e+01 2.199283667621776672e+01 1.601984460310793068e+01 1.343808249515548603e+01 2.317724618572235684e+01 1.619828251640293360e+01 3.463761467889908374e+01 2.043173076923076792e+01 3.780444444444442809e+01 2.639062499999999289e+01 2.619830508474576192e+01 4.778181818181818130e+01 0.000000000000000000e+00 7.574999999999997158e+01 7.170000000000000284e+01 7.283333333333332860e+01 8.899999999999997158e+01 5.870000000000000284e+01 5.448507462686566782e+01 5.375000000000001421e+01 5.014285714285714590e+01 2.919544592030360519e+01 3.369360131255127300e+01 4.472222222222222143e+01 4.614713896457765685e+01 4.604037267080746432e+01 5.121698113207547465e+01 5.626545454545454561e+01 5.533333333333334281e+01 5.607954545454545325e+01 2.271040189125294972e+01 2.191025121555915689e+01 2.944512195121951237e+01 0.000000000000000000e+00 3.086585365853658658e+01 6.337500000000000000e+01 5.273529411764705088e+01 4.066666666666667851e+01 3.758196721311475130e+01 0.000000000000000000e+00 0.000000000000000000e+00 6.499999999999994316e+01 0.000000000000000000e+00 0.000000000000000000e+00 5.400000000000003553e+01 5.574999999999994316e+01 0.000000000000000000e+00 0.000000000000000000e+00 0.000000000000000000e+00 0.000000000000000000e+00 0.000000000000000000e+00 4.849999999999998579e+01 3.949999999999999289e+01 0.000000000000000000e+00 5.099999999999996447e+01 0.000000000000000000e+00 0.000000000000000000e+00 0.000000000000000000e+00 0.000000000000000000e+00 0.000000000000000000e+00 0.000000000000000000e+00 0.000000000000000000e+00 0.000000000000000000e+00 0.000000000000000000e+00 0.000000000000000000e+00 0.000000000000000000e+00 0.000000000000000000e+00 0.000000000000000000e+00 0.000000000000000000e+00 0.000000000000000000e+00 0.000000000000000000e+00 0.000000000000000000e+00 0.000000000000000000e+00 0.000000000000000000e+00 0.000000000000000000e+00 0.000000000000000000e+00 0.000000000000000000e+00 0.000000000000000000e+00 0.000000000000000000e+00 0.000000000000000000e+00 0.000000000000000000e+00 0.000000000000000000e+00
0.000000000000000000e+00 0.000000000000000000e+00 0.000000000000000000e+00 6.339748334566984944e+00 1.589536056480080184e+01 2.465088339222613811e+01 3.289473684210525306e+01 2.425299401197603544e+01 2.865772669220944735e+01 1.702022512708786550e+01 2.317724618572235684e+01 1.551071145471952306e+01 2.240390321844327559e+01 1.841487869863973259e+01 2.863604100946371744e+01 2.058773550055410695e+01 1.803083528493363730e+01 2.812847965738757594e+01 4.038737623762376217e+01 9.550000000000000000e+01 7.316666666666667140e+01 7.700000000000001421e+01 6.949999999999998579e+01 9.499999999999998579e+01 6.183333333333334991e+01 6.504545454545454675e+01 5.199999999999999289e+01 6.445238095238093479e+01 3.550210336538461320e+01 4.046809815950920353e+01 5.903846153846154010e+01 5.447762711864405105e+01 4.382780082987549974e+01 6.192857142857143771e+01 7.325000000000000000e+01 6.966666666666667140e+01 6.700000000000000000e+01 2.548630705394189633e+01 3.002794990963077026e+01 3.381832797427652793e+01 0.000000000000000000e+00 3.698630136986301409e+01 6.674999999999997158e+01 4.542307692307693401e+01 3.209999999999998721e+01 4.445588235294117396e+01 0.000000000000000000e+00 0.000000000000000000e+00 5.249999999999995737e+01 4.649999999999996447e+01 0.000000000000000000e+00 5.866666666666660745e+01 4.977272727272725206e+01 6.799999999999997158e+01 6.850174216027871132e+00 0.000000000000000000e+00 0.000000000000000000e+00 5.983333333333328596e+01 3.379999999999997584e+01 2.785294117647057632e+01 3.099999999999998579e+01 4.487499999999998579e+01 0.000000000000000000e+00 0.000000000000000000e+00 0.000000000000000000e+00 0.000000000000000000e+00 0.000000000000000000e+00 0.000000000000000000e+00 0.000000000000000000e+00 0.000000000000000000e+00 0.000000000000000000e+00 0.000000000000000000e+00 0.000000000000000000e+00 0.000000000000000000e+00 7.799999999999997158e+01 0.000000000000000000e+00 0.000000000000000000e+00 0.000000000000000000e+00 0.000000000000000000e+00 0.000000000000000000e+00 3.739999999999997726e+01 5.122222222222220012e+01 4.949999999999999289e+01 0.000000000000000000e+00 0.000000000000000000e+00 0.000000000000000000e+00 0.000000000000000000e+00 0.000000000000000000e+00 0.000000000000000000e+00
0.000000000000000000e+00 0.000000000000000000e+00 0.000000000000000000e+00 6.049999999999994316e+01 5.122727272727270531e+01 5.439634146341461474e+01 6.699999999999988631e+01 3.068145161290321354e+01 9.065304948216340364e+00 4.017575757575755091e+01 1.619828251640293360e+01 2.240390321844327559e+01 1.332675078568413163e+01 8.563865979381446891e+00 2.247749273959342275e+01 4.945652173913041594e+01 4.031249999999998579e+01 2.384037558685446001e+01 4.011445783132530352e+01 7.624999999999997158e+01 6.692307692307691980e+01 5.905555555555555713e+01 7.024999999999997158e+01 7.733333333333330017e+01 5.654411764705881893e+01 1.553187919463087319e+01 3.662500000000002132e+01 4.641406250000000000e+01 1.897876392724502281e+01 2.726877545222085431e+01 4.377750000000000341e+01 3.594797086368366479e+01 3.391712707182320941e+01 5.379411764705884025e+01 5.671084337349397941e+01 5.192857142857143771e+01 5.433684210526315894e+01 2.506378865979381843e+01 2.515646026743889863e+01 2.945416882444330042e+01 0.000000000000000000e+00 2.691042345276872894e+01 5.683333333333333570e+01 3.757037037037036953e+01 6.324999999999995737e+01 3.756818181818182012e+01 0.000000000000000000e+00 0.000000000000000000e+00 0.000000000000000000e+00 0.000000000000000000e+00 0.000000000000000000e+00 6.899999999999995737e+01 6.550000000000002842e+01 0.000000000000000000e+00 2.312499999999999289e+01 0.000000000000000000e+00 0.000000000000000000e+00 0.000000000000000000e+00 0.000000000000000000e+00 4.199999999999997158e+01 4.166666666666665719e+01 0.000000000000000000e+00 0.000000000000000000e+00 0.000000000000000000e+00 0.000000000000000000e+00 0.000000000000000000e+00 0.000000000000000000e+00 0.000000000000000000e+00 0.000000000000000000e+00 0.000000000000000000e+00 0.000000000000000000e+00 0.000000000000000000e+00 0.000000000000000000e+00 0.000000000000000000e+00 0.000000000000000000e+00 0.000000000000000000e+00 0.000000000000000000e+00 0.000000000000000000e+00 0.000000000000000000e+00 0.000000000000000000e+00 0.000000000000000000e+00 0.000000000000000000e+00 0.000000000000000000e+00 0.000000000000000000e+00 5.100000000000000000e+01 0.000000000000000000e+00 0.000000000000000000e+00 0.000000000000000000e+00 0.000000000000000000e+00
0.000000000000000000e+00 0.000000000000000000e+00 0.000000000000000000e+00 0.000000000000000000e+00 5.639999999999997726e+01 6.354999999999997584e+01 0.000000000000000000e+00 4.999999999999997868e+01 4.649999999999999289e+01 5.277927927927925822e+01 3.463761467889908374e+01 1.841487869863973259e+01 8.563865979381446891e+00 8.204870824419943531e+00 3.325294117647058556e+01 5.388999999999997925e+01 4.211363636363634555e+01 2.094158878504672927e+01 3.529545454545454675e+01 0.000000000000000000e+00 0.000000000000000000e+00 0.000000000000000000e+00 0.000000000000000000e+00 0.000000000000000000e+00 0.000000000000000000e+00 4.150000000000001421e+01 2.350000000000000711e+01 5.049999999999999289e+01 1.040550501882057688e+01 3.840490797546011947e+01 6.800000000000000000e+01 1.441293929712460020e+01 1.385550458715595923e+01 5.250000000000000711e+01 0.000000000000000000e+00 0.000000000000000000e+00 0.000000000000000000e+00 3.589999999999999858e+01 3.787359550561797761e+01 3.357534246575342252e+01 0.000000000000000000e+00 2.449999999999999289e+01 0.000000000000000000e+00 4.260000000000000853e+01 0.000000000000000000e+00 4.350000000000004263e+01 0.000000000000000000e+00 0.000000000000000000e+00 0.000000000000000000e+00 0.000000000000000000e+00 0.000000000000000000e+00 0.000000000000000000e+00 0.000000000000000000e+00 0.000000000000000000e+00 2.374999999999999289e+01 0.000000000000000000e+00 0.000000000000000000e+00 0.000000000000000000e+00 0.000000000000000000e+00 6.249999999999998579e+01 3.749999999999996447e+01 0.000000000000000000e+00 0.000000000000000000e+00 0.000000000000000000e+00 0.000000000000000000e+00 0.000000000000000000e+00 0.000000000000000000e+00 0.000000000000000000e+00 0.000000000000000000e+00 0.000000000000000000e+00 0.000000000000000000e+00 0.000000000000000000e+00 0.000000000000000000e+00 0.000000000000000000e+00 0.000000000000000000e+00 0.000000000000000000e+00 0.000000000000000000e+00 0.000000000000000000e+00 0.000000000000000000e+00 0.000000000000000000e+00 7.349999999999997158e+01 0.000000000000000000e+00 0.000000000000000000e+00 0.000000000000000000e+00 0.000000000000000000e+00 0.000000000000000000e+00 0.000000000000000000e+00 0.000000000000000000e+00 0.000000000000000000e+00
0.000000000000000000e+00 0.000000000000000000e+00 0.000000000000000000e+00 5.024999999999997158e+01 3.258962264150942190e+01 2.213836898395721065e+01 3.963157894736840348e+01 3.555805243445691843e+01 1.981317204301074852e+01 2.599796195652172415e+01 2.043173076923076792e+01 2.863604100946371744e+01 2.247749273959342275e+01 3.325294117647058556e+01 1.213178053830227476e+01 3.341884816753924525e+01 2.391761363636362958e+01 2.287566844919786035e+01 2.816209262435677019e+01 1.827835051546390943e+01 2.892982456140349967e+01 3.344117647058822484e+01 2.255031446540880324e+01 1.767534456355282302e+01 2.171793478260869392e+01 1.758518902123252303e+01 1.639504716981131693e+01 2.448172514619882634e+01 2.117075130574528075e+01 2.143541518807665014e+01 4.069032258064514451e+01 3.086502976190476133e+01 3.091301169590642317e+01 5.468749999999999289e+01 5.007228915662649626e+01 5.983333333333332149e+01 4.249999999999998579e+01 1.778571428571428470e+01 8.357320906036628472e+00 1.805681818181818343e+01 0.000000000000000000e+00 2.144218608852754571e+01 1.424244060475161611e+01 1.188055555555555642e+01 1.279999999999999183e+01 2.070323014804844419e+01 0.000000000000000000e+00 0.000000000000000000e+00 0.000000000000000000e+00 0.000000000000000000e+00 0.000000000000000000e+00 0.000000000000000000e+00 4.849999999999997868e+01 0.000000000000000000e+00 6.099999999999998579e+01 0.000000000000000000e+00 0.000000000000000000e+00 5.224999999999998579e+01 3.749999999999994316e+01 2.662499999999999289e+01 2.633333333333332504e+01 2.994545454545452756e+01 0.000000000000000000e+00 0.000000000000000000e+00 0.000000000000000000e+00 0.000000000000000000e+00 0.000000000000000000e+00 0.000000000000000000e+00 5.666666666666665009e+01 4.549999999999996447e+01 7.799999999999997158e+01 0.000000000000000000e+00 4.649999999999998579e+01 6.350000000000000711e+01 7.399999999999998579e+01 3.699999999999997868e+01 3.049999999999998224e+01 0.000000000000000000e+00 5.499999999999997158e+01 0.000000000000000000e+00 3.699999999999998579e+01 5.383333333333331439e+01 0.000000000000000000e+00 0.000000000000000000e+00 3.319117647058822484e+01 3.683333333333333570e+01 0.000000000000000000e+00 0.000000000000000000e+00 4.474999999999998579e+01
0.000000000000000000e+00 0.000000000000000000e+00 0.000000000000000000e+00 0.000000000000000000e+00 1.309213483146067070e+01 2.259170305676854440e+01 3.824999999999997158e+01 2.218925233644858963e+01 3.687499999999998579e+01 2.303615635179152221e+01 3.780444444444442809e+01 2.058773550055410695e+01 4.945652173913041594e+01 5.388999999999997925e+01 3.341884816753924525e+01 7.269630023955280684e+00 1.309006653992395108e+01 3.946381578947367075e+01 5.201956521739128192e+01 0.000000000000000000e+00 0.000000000000000000e+00 0.000000000000000000e+00 0.000000000000000000e+00 0.000000000000000000e+00 0.000000000000000000e+00 5.666666666666662877e+01 5.299999999999997868e+01 8.724999999999997158e+01 6.568965517241377938e+01 6.211538461538459899e+01 0.000000000000000000e+00 7.109523809523805937e+01 6.069444444444441444e+01 0.000000000000000000e+00 9.599999999999998579e+01 0.000000000000000000e+00 0.000000000000000000e+00 1.176794258373204727e+01 2.605618387449833762e+01 4.301470588235292070e+01 0.000000000000000000e+00 4.150000000000000000e+01 0.000000000000000000e+00 4.933333333333329307e+01 7.597074468085100563e+00 4.675000000000000000e+01 0.000000000000000000e+00 2.725000000000000355e+01 3.412499999999999289e+01 0.000000000000000000e+00 2.674999999999997868e+01 4.683333333333329307e+01 3.451851851851849062e+01 5.999999999999996447e+01 3.122499999999998366e+01 0.000000000000000000e+00 0.000000000000000000e+00 0.000000000000000000e+00 1.344444444444443931e+01 2.118888888888887934e+01 3.268749999999998579e+01 6.299999999999996447e+01 0.000000000000000000e+00 0.000000000000000000e+00 0.000000000000000000e+00 0.000000000000000000e+00 0.000000000000000000e+00 0.000000000000000000e+00 0.000000000000000000e+00 0.000000000000000000e+00 0.000000000000000000e+00 0.000000000000000000e+00 0.000000000000000000e+00 0.000000000000000000e+00 0.000000000000000000e+00 0.000000000000000000e+00 0.000000000000000000e+00 0.000000000000000000e+00 0.000000000000000000e+00 0.000000000000000000e+00 1.857142857142855163e+01 3.589999999999995595e+01 0.000000000000000000e+00 0.000000000000000000e+00 0.000000000000000000e+00 0.000000000000000000e+00 0.000000000000000000e+00 1.850000000000000000e+01 3.300000000000002132e+01
0.000000000000000000e+00 0.000000000000000000e+00 0.000000000000000000e+00 3.100000000000000355e+01 3.109615384615383604e+01 3.354651162790696617e+01 4.649999999999995026e+01 2.263636363636362248e+01 2.971276595744679838e+01 2.527800829875517152e+01 2.639062499999999289e+01 1.803083528493363730e+01 4.031249999999998579e+01 4.211363636363634555e+01 2.391761363636362958e+01 1.309006653992395108e+01 8.708065994500454821e+00 2.036764013188883027e+01 3.135485391140432299e+01 0.000000000000000000e+00 7.900000000000001421e+01 0.000000000000000000e+00 0.000000000000000000e+00 0.000000000000000000e+00 0.000000000000000000e+00 0.000000000000000000e+00 0.000000000000000000e+00 6.350000000000000000e+01 4.695348837209300541e+01 5.449999999999999289e+01 7.450000000000000000e+01 5.153076923076920224e+01 3.449109792284865250e+01 0.000000000000000000e+00 0.000000000000000000e+00 0.000000000000000000e+00 0.000000000000000000e+00 1.475744308231172752e+01 2.368535620052769630e+01 2.962500000000000000e+01 0.000000000000000000e+00 2.541666666666665719e+01 6.350000000000001421e+01 4.689999999999999147e+01 3.162500000000000355e+01 3.733333333333331439e+01 0.000000000000000000e+00 2.942857142857142350e+01 3.337499999999998579e+01 0.000000000000000000e+00 0.000000000000000000e+00 2.539999999999996305e+01 3.112790697674415341e+01 3.099999999999998224e+01 2.779999999999997939e+01 5.733333333333328596e+01 4.099999999999998579e+01 3.099999999999997868e+01 1.977380952380951840e+01 1.187096774193548221e+01 1.531818181818180769e+01 3.036842105263156810e+01 0.000000000000000000e+00 0.000000000000000000e+00 0.000000000000000000e+00 0.000000000000000000e+00 0.000000000000000000e+00 0.000000000000000000e+00 0.000000000000000000e+00 0.000000000000000000e+00 0.000000000000000000e+00 0.000000000000000000e+00 0.000000000000000000e+00 0.000000000000000000e+00 5.824999999999997158e+01 4.816666666666663588e+01 0.000000000000000000e+00 0.000000000000000000e+00 0.000000000000000000e+00 0.000000000000000000e+00 1.912499999999998579e+01 3.287499999999999289e+01 0.000000000000000000e+00 0.000000000000000000e+00 0.000000000000000000e+00 0.000000000000000000e+00 0.000000000000000000e+00 2.275000000000001776e+01 0.000000000000000000e+00
