0.000000000000000000e+00 0.000000000000000000e+00 0.000000000000000000e+00 0.000000000000000000e+00 0.000000000000000000e+00 0.000000000000000000e+00 0.000000000000000000e+00 0.000000000000000000e+00 0.000000000000000000e+00 0.000000000000000000e+00 0.000000000000000000e+00 0.000000000000000000e+00 0.000000000000000000e+00 0.000000000000000000e+00 0.000000000000000000e+00 0.000000000000000000e+00 0.000000000000000000e+00 0.000000000000000000e+00 0.000000000000000000e+00 0.000000000000000000e+00 0.000000000000000000e+00 0.000000000000000000e+00 0.000000000000000000e+00 0.000000000000000000e+00 0.000000000000000000e+00 0.000000000000000000e+00 0.000000000000000000e+00 0.000000000000000000e+00 0.000000000000000000e+00 0.000000000000000000e+00 0.000000000000000000e+00 0.000000000000000000e+00 0.000000000000000000e+00 0.000000000000000000e+00 0.000000000000000000e+00 0.000000000000000000e+00 0.000000000000000000e+00 0.000000000000000000e+00 0.000000000000000000e+00 0.000000000000000000e+00 0.000000000000000000e+00 0.000000000000000000e+00 0.000000000000000000e+00 0.000000000000000000e+00 0.000000000000000000e+00 0.000000000000000000e+00 0.000000000000000000e+00 0.000000000000000000e+00 0.000000000000000000e+00 0.000000000000000000e+00 0.000000000000000000e+00 0.000000000000000000e+00 0.000000000000000000e+00 0.000000000000000000e+00 0.000000000000000000e+00 0.000000000000000000e+00 0.000000000000000000e+00 0.000000000000000000e+00 0.000000000000000000e+00 0.000000000000000000e+00 0.000000000000000000e+00 0.000000000000000000e+00 0.000000000000000000e+00 0.000000000000000000e+00 0.000000000000000000e+00 0.000000000000000000e+00 0.000000000000000000e+00 0.000000000000000000e+00 0.000000000000000000e+00 0.000000000000000000e+00 0.000000000000000000e+00 0.000000000000000000e+00 0.000000000000000000e+00 0.000000000000000000e+00 0.000000000000000000e+00 0.000000000000000000e+00 0.000000000000000000e+00 0.000000000000000000e+00 0.000000000000000000e+00 0.000000000000000000e+00 0.000000000000000000e+00 0.000000000000000000e+00 0.000000000000000000e+00 0.000000000000000000e+00 0.000000000000000000e+00 0.000000000000000000e+00 0.000000000000000000e+00 0.000000000000000000e+00 0.000000000000000000e+00
0.000000000000000000e+00 0.000000000000000000e+00 0.000000000000000000e+00 0.000000000000000000e+00 0.000000000000000000e+00 0.000000000000000000e+00 0.000000000000000000e+00 0.000000000000000000e+00 0.000000000000000000e+00 0.000000000000000000e+00 0.000000000000000000e+00 0.000000000000000000e+00 0.000000000000000000e+00 0.000000000000000000e+00 0.000000000000000000e+00 0.000000000000000000e+00 0.000000000000000000e+00 0.000000000000000000e+00 0.000000000000000000e+00 0.000000000000000000e+00 0.000000000000000000e+00 0.000000000000000000e+00 0.000000000000000000e+00 0.000000000000000000e+00 0.000000000000000000e+00 0.000000000000000000e+00 0.000000000000000000e+00 0.000000000000000000e+00 0.000000000000000000e+00 0.000000000000000000e+00 0.000000000000000000e+00 0.000000000000000000e+00 0.000000000000000000e+00 0.000000000000000000e+00 0.000000000000000000e+00 0.000000000000000000e+00 0.000000000000000000e+00 0.000000000000000000e+00 0.000000000000000000e+00 0.000000000000000000e+00 0.000000000000000000e+00 0.000000000000000000e+00 0.000000000000000000e+00 0.000000000000000000e+00 0.000000000000000000e+00 0.000000000000000000e+00 0.000000000000000000e+00 0.000000000000000000e+00 0.000000000000000000e+00 0.000000000000000000e+00 0.000000000000000000e+00 0.000000000000000000e+00 0.000000000000000000e+00 0.000000000000000000e+00 0.000000000000000000e+00 0.000000000000000000e+00 0.000000000000000000e+00 0.000000000000000000e+00 0.000000000000000000e+00 0.000000000000000000e+00 0.000000000000000000e+00 0.000000000000000000e+00 0.000000000000000000e+00 0.000000000000000000e+00 0.000000000000000000e+00 0.000000000000000000e+00 0.000000000000000000e+00 0.000000000000000000e+00 0.000000000000000000e+00 0.000000000000000000e+00 0.000000000000000000e+00 0.000000000000000000e+00 0.000000000000000000e+00 0.000000000000000000e+00 0.000000000000000000e+00 0.000000000000000000e+00 0.000000000000000000e+00 0.000000000000000000e+00 0.000000000000000000e+00 0.000000000000000000e+00 0.000000000000000000e+00 0.000000000000000000e+00 0.000000000000000000e+00 0.000000000000000000e+00 0.000000000000000000e+00 0.000000000000000000e+00 0.000000000000000000e+00 0.000000000000000000e+00 0.000000000000000000e+00
0.000000000000000000e+00 0.000000000000000000e+00 0.000000000000000000e+00 0.000000000000000000e+00 0.000000000000000000e+00 0.000000000000000000e+00 0.000000000000000000e+00 0.000000000000000000e+00 0.000000000000000000e+00 0.000000000000000000e+00 0.000000000000000000e+00 0.000000000000000000e+00 0.000000000000000000e+00 0.000000000000000000e+00 0.000000000000000000e+00 0.000000000000000000e+00 0.000000000000000000e+00 0.000000000000000000e+00 0.000000000000000000e+00 0.000000000000000000e+00 0.000000000000000000e+00 0.000000000000000000e+00 0.000000000000000000e+00 0.000000000000000000e+00 0.000000000000000000e+00 0.000000000000000000e+00 0.000000000000000000e+00 0.000000000000000000e+00 0.000000000000000000e+00 0.000000000000000000e+00 0.000000000000000000e+00 0.000000000000000000e+00 0.000000000000000000e+00 0.000000000000000000e+00 0.000000000000000000e+00 0.000000000000000000e+00 0.000000000000000000e+00 0.000000000000000000e+00 0.000000000000000000e+00 0.000000000000000000e+00 0.000000000000000000e+00 0.000000000000000000e+00 0.000000000000000000e+00 0.000000000000000000e+00 0.000000000000000000e+00 0.000000000000000000e+00 0.000000000000000000e+00 0.000000000000000000e+00 0.000000000000000000e+00 0.000000000000000000e+00 0.000000000000000000e+00 0.000000000000000000e+00 0.000000000000000000e+00 0.000000000000000000e+00 0.000000000000000000e+00 0.000000000000000000e+00 0.000000000000000000e+00 0.000000000000000000e+00 0.000000000000000000e+00 0.000000000000000000e+00 0.000000000000000000e+00 0.000000000000000000e+00 0.000000000000000000e+00 0.000000000000000000e+00 0.000000000000000000e+00 0.000000000000000000e+00 0.000000000000000000e+00 0.000000000000000000e+00 0.000000000000000000e+00 0.000000000000000000e+00 0.000000000000000000e+00 0.000000000000000000e+00 0.000000000000000000e+00 0.000000000000000000e+00 0.000000000000000000e+00 0.000000000000000000e+00 0.000000000000000000e+00 0.000000000000000000e+00 0.000000000000000000e+00 0.000000000000000000e+00 0.000000000000000000e+00 0.000000000000000000e+00 0.000000000000000000e+00 0.000000000000000000e+00 0.000000000000000000e+00 0.000000000000000000e+00 0.000000000000000000e+00 0.000000000000000000e+00 0.000000000000000000e+00
0.000000000000000000e+00 0.000000000000000000e+00 0.000000000000000000e+00 4.866571018651358216e+00 8.281957186544337546e+00 1.483823529411763964e+01 2.335714285714283633e+01 3.064999999999998437e+01 3.499999999999997868e+01 1.084888888888888125e+01 0.000000000000000000e+00 6.986563517915306498e+00 0.000000000000000000e+00 0.000000000000000000e+00 4.366666666666663588e+01 3.089999999999998437e+01 5.599999999999987921e+01 0.000000000000000000e+00 0.000000000000000000e+00 0.000000000000000000e+00 0.000000000000000000e+00 0.000000000000000000e+00 0.000000000000000000e+00 0.000000000000000000e+00 0.000000000000000000e+00 0.000000000000000000e+00 0.000000000000000000e+00 6.599999999999985789e+01 0.000000000000000000e+00 5.650000000000001421e+01 0.000000000000000000e+00 0.000000000000000000e+00 0.000000000000000000e+00 0.000000000000000000e+00 0.000000000000000000e+00 0.000000000000000000e+00 0.000000000000000000e+00 2.698351648351646404e+01 3.213888888888885731e+01 0.000000000000000000e+00 0.000000000000000000e+00 0.000000000000000000e+00 0.000000000000000000e+00 0.000000000000000000e+00 3.149999999999996092e+01 0.000000000000000000e+00 0.000000000000000000e+00 0.000000000000000000e+00 0.000000000000000000e+00 0.000000000000000000e+00 0.000000000000000000e+00 0.000000000000000000e+00 0.000000000000000000e+00 0.000000000000000000e+00 0.000000000000000000e+00 0.000000000000000000e+00 0.000000000000000000e+00 0.000000000000000000e+00 0.000000000000000000e+00 0.000000000000000000e+00 0.000000000000000000e+00 0.000000000000000000e+00 0.000000000000000000e+00 0.000000000000000000e+00 0.000000000000000000e+00 0.000000000000000000e+00 0.000000000000000000e+00 0.000000000000000000e+00 0.000000000000000000e+00 0.000000000000000000e+00 0.000000000000000000e+00 0.000000000000000000e+00 0.000000000000000000e+00 0.000000000000000000e+00 0.000000000000000000e+00 0.000000000000000000e+00 0.000000000000000000e+00 0.000000000000000000e+00 0.000000000000000000e+00 0.000000000000000000e+00 0.000000000000000000e+00 0.000000000000000000e+00 0.000000000000000000e+00 0.000000000000000000e+00 0.000000000000000000e+00 0.000000000000000000e+00 0.000000000000000000e+00 0.000000000000000000e+00 0.000000000000000000e+00
0.000000000000000000e+00 0.000000000000000000e+00 0.000000000000000000e+00 8.281957186544337546e+00 9.935833955097326253e+00 9.710954589202899001e+00 2.792857142857141639e+01 2.537445255474451500e+01 3.806666666666664867e+01 1.774469641550840038e+01 4.728787878787876053e+01 1.742420461634434758e+01 5.243749999999997868e+01 5.583333333333333570e+01 3.504918032786883941e+01 1.490778341793569517e+01 2.626470588235293491e+01 4.903448275862066907e+01 6.025999999999996248e+01 7.449999999999998579e+01 0.000000000000000000e+00 0.000000000000000000e+00 0.000000000000000000e+00 0.000000000000000000e+00 0.000000000000000000e+00 0.000000000000000000e+00 0.000000000000000000e+00 0.000000000000000000e+00 7.181249999999997158e+01 5.899999999999992895e+01 0.000000000000000000e+00 7.568749999999997158e+01 7.543749999999997158e+01 0.000000000000000000e+00 0.000000000000000000e+00 0.000000000000000000e+00 0.000000000000000000e+00 1.220509069631362564e+01 1.950482382550334037e+01 3.645833333333330728e+01 0.000000000000000000e+00 4.199999999999997158e+01 0.000000000000000000e+00 2.903333333333332078e+01 5.717927170868345677e+00 9.010752688172040337e+00 0.000000000000000000e+00 0.000000000000000000e+00 4.449999999999995026e+01 0.000000000000000000e+00 0.000000000000000000e+00 5.199999999999997158e+01 5.449999999999993605e+01 0.000000000000000000e+00 4.216666666666665719e+01 6.750000000000000000e+01 0.000000000000000000e+00 0.000000000000000000e+00 3.075000000000000000e+01 3.849999999999997158e+01 0.000000000000000000e+00 0.000000000000000000e+00 0.000000000000000000e+00 0.000000000000000000e+00 0.000000000000000000e+00 0.000000000000000000e+00 0.000000000000000000e+00 0.000000000000000000e+00 0.000000000000000000e+00 0.000000000000000000e+00 0.000000000000000000e+00 0.000000000000000000e+00 0.000000000000000000e+00 0.000000000000000000e+00 0.000000000000000000e+00 0.000000000000000000e+00 0.000000000000000000e+00 0.000000000000000000e+00 0.000000000000000000e+00 0.000000000000000000e+00 1.855769230769229594e+01 4.369999999999997442e+01 0.000000000000000000e+00 0.000000000000000000e+00 2.749999999999998224e+01 0.000000000000000000e+00 0.000000000000000000e+00 1.299999999999999112e+01 9.124999999999992895e+00
0.000000000000000000e+00 0.000000000000000000e+00 0.000000000000000000e+00 1.483823529411763964e+01 9.710954589202899001e+00 1.295879409662363102e+01 8.356671838634596838e+00 1.182473749227917992e+01 2.702558139534882997e+01 1.771148140822783290e+01 4.281756756756755067e+01 2.514010674799845901e+01 5.007575757575755659e+01 6.749999999999995737e+01 2.361111111111110006e+01 2.259897172236502882e+01 3.211956521739128334e+01 5.974999999999998579e+01 6.929999999999998295e+01 3.399999999999998579e+01 5.224999999999998579e+01 0.000000000000000000e+00 3.799999999999995737e+01 0.000000000000000000e+00 5.599999999999992184e+01 4.099999999999997868e+01 5.116666666666665009e+01 0.000000000000000000e+00 6.718749999999997158e+01 5.031249999999997158e+01 5.549999999999999289e+01 8.219999999999997442e+01 7.872727272727267689e+01 0.000000000000000000e+00 7.099999999999997158e+01 0.000000000000000000e+00 0.000000000000000000e+00 1.855643274853800051e+01 1.888133198789100575e+01 2.228666666666665463e+01 0.000000000000000000e+00 4.149999999999997158e+01 3.178124999999997513e+01 2.334466019417474314e+01 1.685567010309277336e+01 4.499999999999999289e+01 0.000000000000000000e+00 0.000000000000000000e+00 5.274999999999997158e+01 0.000000000000000000e+00 0.000000000000000000e+00 0.000000000000000000e+00 4.649999999999998579e+01 6.150000000000000000e+01 6.308333333333328596e+01 0.000000000000000000e+00 0.000000000000000000e+00 0.000000000000000000e+00 3.166666666666661811e+01 3.824999999999998579e+01 0.000000000000000000e+00 0.000000000000000000e+00 0.000000000000000000e+00 0.000000000000000000e+00 0.000000000000000000e+00 0.000000000000000000e+00 0.000000000000000000e+00 0.000000000000000000e+00 0.000000000000000000e+00 0.000000000000000000e+00 0.000000000000000000e+00 0.000000000000000000e+00 0.000000000000000000e+00 0.000000000000000000e+00 0.000000000000000000e+00 0.000000000000000000e+00 0.000000000000000000e+00 0.000000000000000000e+00 0.000000000000000000e+00 0.000000000000000000e+00 0.000000000000000000e+00 4.742857142857140218e+01 5.699999999999999289e+01 0.000000000000000000e+00 0.000000000000000000e+00 0.000000000000000000e+00 0.000000000000000000e+00 0.000000000000000000e+00 0.000000000000000000e+00
0.000000000000000000e+00 0.000000000000000000e+00 0.000000000000000000e+00 2.335714285714283633e+01 2.792857142857141639e+01 8.356671838634596838e+00 7.422337870296233930e+00 7.571896551724135449e+00 1.938970588235293846e+01 1.125242369838419698e+01 0.000000000000000000e+00 3.269512195121949816e+01 5.600000000000000000e+01 0.000000000000000000e+00 5.024999999999997158e+01 3.024999999999999645e+01 0.000000000000000000e+00 0.000000000000000000e+00 0.000000000000000000e+00 0.000000000000000000e+00 0.000000000000000000e+00 0.000000000000000000e+00 0.000000000000000000e+00 0.000000000000000000e+00 0.000000000000000000e+00 0.000000000000000000e+00 0.000000000000000000e+00 0.000000000000000000e+00 0.000000000000000000e+00 7.350000000000004263e+01 0.000000000000000000e+00 0.000000000000000000e+00 0.000000000000000000e+00 0.000000000000000000e+00 0.000000000000000000e+00 0.000000000000000000e+00 0.000000000000000000e+00 2.838888888888888928e+01 3.128571428571426694e+01 2.799999999999996447e+01 0.000000000000000000e+00 5.199999999999994316e+01 0.000000000000000000e+00 3.049999999999999645e+01 3.750000000000000711e+01 0.000000000000000000e+00 0.000000000000000000e+00 0.000000000000000000e+00 0.000000000000000000e+00 0.000000000000000000e+00 0.000000000000000000e+00 0.000000000000000000e+00 0.000000000000000000e+00 0.000000000000000000e+00 0.000000000000000000e+00 0.000000000000000000e+00 0.000000000000000000e+00 0.000000000000000000e+00 0.000000000000000000e+00 0.000000000000000000e+00 0.000000000000000000e+00 0.000000000000000000e+00 0.000000000000000000e+00 0.000000000000000000e+00 0.000000000000000000e+00 0.000000000000000000e+00 0.000000000000000000e+00 0.000000000000000000e+00 0.000000000000000000e+00 0.000000000000000000e+00 0.000000000000000000e+00 0.000000000000000000e+00 0.000000000000000000e+00 0.000000000000000000e+00 0.000000000000000000e+00 0.000000000000000000e+00 0.000000000000000000e+00 0.000000000000000000e+00 0.000000000000000000e+00 0.000000000000000000e+00 0.000000000000000000e+00 0.000000000000000000e+00 0.000000000000000000e+00 0.000000000000000000e+00 0.000000000000000000e+00 0.000000000000000000e+00 0.000000000000000000e+00 0.000000000000000000e+00 0.000000000000000000e+00
0.000000000000000000e+00 0.000000000000000000e+00 0.000000000000000000e+00 3.064999999999998437e+01 2.537445255474451500e+01 1.182473749227917992e+01 7.571896551724135449e+00 8.988504425796067565e+00 9.617860600193607112e+00 1.829027674820854088e+01 2.852247191011234762e+01 2.706772727272726087e+01 3.434306569343064552e+01 0.000000000000000000e+00 3.363799999999998391e+01 2.241999999999999105e+01 2.839999999999999503e+01 5.799999999999991473e+01 7.299999999999998579e+01 0.000000000000000000e+00 0.000000000000000000e+00 0.000000000000000000e+00 0.000000000000000000e+00 0.000000000000000000e+00 0.000000000000000000e+00 5.675000000000002842e+01 0.000000000000000000e+00 0.000000000000000000e+00 4.992307692307689848e+01 3.814814814814813104e+01 0.000000000000000000e+00 6.522499999999999432e+01 7.150000000000000000e+01 1.200000000000000000e+02 0.000000000000000000e+00 0.000000000000000000e+00 0.000000000000000000e+00 2.775242718446601131e+01 2.682512315270934167e+01 3.531818181818179880e+01 0.000000000000000000e+00 0.000000000000000000e+00 4.349999999999999289e+01 2.924999999999997513e+01 2.903846153846151523e+01 5.169999999999997442e+01 0.000000000000000000e+00 0.000000000000000000e+00 0.000000000000000000e+00 0.000000000000000000e+00 0.000000000000000000e+00 0.000000000000000000e+00 0.000000000000000000e+00 0.000000000000000000e+00 4.699999999999999289e+01 0.000000000000000000e+00 0.000000000000000000e+00 0.000000000000000000e+00 3.874999999999998579e+01 0.000000000000000000e+00 0.000000000000000000e+00 0.000000000000000000e+00 0.000000000000000000e+00 0.000000000000000000e+00 0.000000000000000000e+00 0.000000000000000000e+00 0.000000000000000000e+00 0.000000000000000000e+00 0.000000000000000000e+00 0.000000000000000000e+00 0.000000000000000000e+00 0.000000000000000000e+00 0.000000000000000000e+00 0.000000000000000000e+00 0.000000000000000000e+00 0.000000000000000000e+00 0.000000000000000000e+00 0.000000000000000000e+00 0.000000000000000000e+00 0.000000000000000000e+00 0.000000000000000000e+00 0.000000000000000000e+00 0.000000000000000000e+00 0.000000000000000000e+00 0.000000000000000000e+00 0.000000000000000000e+00 0.000000000000000000e+00 0.000000000000000000e+00 0.000000000000000000e+00
0.000000000000000000e+00 0.000000000000000000e+00 0.000000000000000000e+00 3.499999999999997868e+01 3.806666666666664867e+01 2.702558139534882997e+01 1.938970588235293846e+01 9.617860600193607112e+00 1.094973448752455170e+01 2.188411978221414955e+01 2.471094890510948971e+01 3.196706290242693882e+01 1.005684488836662815e+01 5.785714285714283278e+01 2.309219512195121382e+01 3.136926605504586618e+01 2.676760563380281610e+01 4.293999999999999773e+01 5.981818181818180591e+01 0.000000000000000000e+00 0.000000000000000000e+00 0.000000000000000000e+00 0.000000000000000000e+00 0.000000000000000000e+00 5.299999999999998579e+01 5.200000000000000000e+01 2.249999999999999289e+01 0.000000000000000000e+00 2.119069069069068689e+01 2.369154488517744639e+01 4.499999999999997868e+01 6.436931818181818699e+01 6.720370370370370949e+01 5.850000000000002842e+01 6.499999999999997158e+01 7.850000000000002842e+01 0.000000000000000000e+00 2.315055131467345362e+01 2.068421052631578405e+01 2.556097560975609184e+01 0.000000000000000000e+00 3.612500000000000711e+01 3.299999999999997868e+01 3.889999999999999858e+01 3.116666666666666785e+01 3.604375000000000284e+01 0.000000000000000000e+00 0.000000000000000000e+00 4.999999999999994316e+01 0.000000000000000000e+00 0.000000000000000000e+00 4.416666666666662167e+01 0.000000000000000000e+00 6.924999999999995737e+01 4.449999999999997158e+01 0.000000000000000000e+00 0.000000000000000000e+00 0.000000000000000000e+00 3.766666666666664298e+01 3.091666666666665719e+01 0.000000000000000000e+00 6.149999999999997868e+01 0.000000000000000000e+00 0.000000000000000000e+00 0.000000000000000000e+00 0.000000000000000000e+00 0.000000000000000000e+00 0.000000000000000000e+00 0.000000000000000000e+00 0.000000000000000000e+00 0.000000000000000000e+00 0.000000000000000000e+00 0.000000000000000000e+00 0.000000000000000000e+00 0.000000000000000000e+00 0.000000000000000000e+00 0.000000000000000000e+00 0.000000000000000000e+00 0.000000000000000000e+00 0.000000000000000000e+00 3.724999999999997158e+01 5.535714285714282568e+01 0.000000000000000000e+00 0.000000000000000000e+00 0.000000000000000000e+00 0.000000000000000000e+00 0.000000000000000000e+00 6.249999999999996447e+01 0.000000000000000000e+00
0.000000000000000000e+00 0.000000000000000000e+00 0.000000000000000000e+00 1.084888888888888125e+01 1.774469641550840038e+01 1.771148140822783290e+01 1.125242369838419698e+01 1.829027674820854088e+01 2.188411978221414955e+01 1.266079770032338914e+01 1.487980466288594350e+01 1.397767769084094525e+01 3.559649122807016397e+01 4.605319148936168006e+01 3.657993107104982755e+01 2.196236559139783751e+01 2.656995884773661842e+01 4.620300751879697998e+01 5.938181818181816851e+01 0.000000000000000000e+00 0.000000000000000000e+00 0.000000000000000000e+00 7.500000000000000000e+01 5.499999999999999289e+01 5.099999999999999289e+01 7.364285714285712459e+01 4.961111111111108585e+01 6.975000000000002842e+01 4.932561728395059220e+01 4.123359073359071658e+01 7.400000000000002842e+01 6.357436399217219503e+01 6.352216748768471888e+01 6.733333333333332860e+01 8.312499999999997158e+01 0.000000000000000000e+00 8.649999999999998579e+01 2.437067395264114822e+01 2.700711963224574674e+01 3.833333333333330728e+01 0.000000000000000000e+00 4.703846153846151878e+01 4.733333333333327886e+01 3.932978723404252719e+01 3.154867256637165340e+01 4.761046511627905176e+01 0.000000000000000000e+00 5.199999999999997158e+01 4.774999999999994316e+01 0.000000000000000000e+00 0.000000000000000000e+00 5.924999999999999289e+01 5.487499999999994316e+01 6.583333333333330017e+01 4.639999999999995595e+01 5.949999999999992895e+01 0.000000000000000000e+00 0.000000000000000000e+00 2.938461538461537259e+01 3.389999999999997726e+01 3.566666666666665719e+01 0.000000000000000000e+00 0.000000000000000000e+00 0.000000000000000000e+00 0.000000000000000000e+00 0.000000000000000000e+00 0.000000000000000000e+00 0.000000000000000000e+00 0.000000000000000000e+00 0.000000000000000000e+00 0.000000000000000000e+00 0.000000000000000000e+00 0.000000000000000000e+00 0.000000000000000000e+00 8.549999999999990052e+01 0.000000000000000000e+00 0.000000000000000000e+00 0.000000000000000000e+00 0.000000000000000000e+00 0.000000000000000000e+00 4.019999999999994600e+01 4.876923076923072387e+01 5.499999999999996447e+01 0.000000000000000000e+00 0.000000000000000000e+00 0.000000000000000000e+00 0.000000000000000000e+00 0.000000000000000000e+00 6.849999999999997158e+01
0.000000000000000000e+00 0.000000000000000000e+00 0.000000000000000000e+00 0.000000000000000000e+00 4.728787878787876053e+01 4.281756756756755067e+01 0.000000000000000000e+00 2.852247191011234762e+01 2.471094890510948971e+01 1.487980466288594350e+01 1.273817076394395897e+01 2.270938797375117346e+01 1.448793935217091722e+01 4.583333333333333570e+01 2.302417910447761074e+01 4.538671874999998579e+01 2.441648590021691945e+01 2.966447368421052744e+01 4.555476190476190368e+01 0.000000000000000000e+00 5.359999999999998721e+01 0.000000000000000000e+00 0.000000000000000000e+00 0.000000000000000000e+00 6.779999999999999716e+01 6.554761904761905100e+01 7.150000000000000000e+01 5.675000000000000000e+01 3.302376237623762023e+01 2.505524239007891651e+01 4.725555555555556708e+01 4.823940601231437597e+01 4.550517515923567657e+01 4.786440677966103152e+01 5.892622950819671956e+01 0.000000000000000000e+00 5.309090909090909349e+01 2.116902581182347376e+01 2.267057152999644742e+01 2.601575931232091676e+01 0.000000000000000000e+00 2.819642857142857295e+01 2.850000000000000000e+01 3.264189189189188767e+01 2.733333333333332504e+01 3.199410994764397742e+01 0.000000000000000000e+00 0.000000000000000000e+00 0.000000000000000000e+00 0.000000000000000000e+00 0.000000000000000000e+00 4.739999999999997016e+01 5.433333333333329307e+01 5.216666666666660745e+01 5.262499999999997868e+01 7.400000000000001421e+01 0.000000000000000000e+00 0.000000000000000000e+00 4.949999999999997158e+01 3.733333333333330017e+01 3.112499999999999289e+01 0.000000000000000000e+00 0.000000000000000000e+00 0.000000000000000000e+00 0.000000000000000000e+00 0.000000000000000000e+00 0.000000000000000000e+00 0.000000000000000000e+00 0.000000000000000000e+00 0.000000000000000000e+00 0.000000000000000000e+00 0.000000000000000000e+00 0.000000000000000000e+00 0.000000000000000000e+00 0.000000000000000000e+00 0.000000000000000000e+00 0.000000000000000000e+00 0.000000000000000000e+00 0.000000000000000000e+00 0.000000000000000000e+00 4.299999999999996447e+01 5.592857142857140929e+01 0.000000000000000000e+00 0.000000000000000000e+00 5.599999999999995026e+01 0.000000000000000000e+00 0.000000000000000000e+00 0.000000000000000000e+00 0.000000000000000000e+00
0.000000000000000000e+00 0.000000000000000000e+00 0.000000000000000000e+00 6.986563517915306498e+00 1.742420461634434758e+01 2.514010674799845901e+01 3.269512195121949816e+01 2.706772727272726087e+01 3.196706290242693882e+01 1.397767769084094525e+01 2.270938797375117346e+01 1.620815629668431868e+01 2.325242277407631875e+01 1.424006586169045008e+01 3.443761046306114793e+01 2.237805695142377616e+01 1.798264907135874324e+01 2.764642305712814618e+01 4.337306064880112189e+01 0.000000000000000000e+00 7.166666666666664298e+01 6.300000000000002842e+01 0.000000000000000000e+00 0.000000000000000000e+00 7.733333333333334281e+01 6.850000000000000000e+01 5.070000000000001705e+01 5.750000000000001421e+01 3.581886898096304606e+01 4.283566878980892056e+01 5.806250000000000000e+01 4.751942675159235563e+01 4.344415243101182966e+01 6.900000000000001421e+01 7.931818181818181301e+01 0.000000000000000000e+00 7.166666666666667140e+01 2.722774869109946394e+01 2.937062742920598879e+01 3.283127208480565429e+01 0.000000000000000000e+00 3.246774193548387188e+01 5.593750000000000000e+01 4.365671641791044522e+01 3.462179487179484738e+01 3.967080745341615255e+01 0.000000000000000000e+00 0.000000000000000000e+00 4.166666666666665719e+01 0.000000000000000000e+00 0.000000000000000000e+00 5.233333333333327886e+01 4.531249999999996447e+01 5.633333333333331439e+01 6.894088669950736659e+00 4.974999999999999289e+01 1.125000000000000888e+01 5.450000000000000000e+01 3.131818181818180946e+01 3.254545454545453254e+01 2.766666666666666785e+01 4.275000000000001421e+01 0.000000000000000000e+00 0.000000000000000000e+00 0.000000000000000000e+00 0.000000000000000000e+00 0.000000000000000000e+00 0.000000000000000000e+00 7.449999999999998579e+01 0.000000000000000000e+00 0.000000000000000000e+00 0.000000000000000000e+00 0.000000000000000000e+00 0.000000000000000000e+00 5.849999999999997868e+01 0.000000000000000000e+00 0.000000000000000000e+00 0.000000000000000000e+00 0.000000000000000000e+00 0.000000000000000000e+00 3.603448275862065486e+01 4.431632653061220850e+01 5.483333333333331439e+01 0.000000000000000000e+00 0.000000000000000000e+00 0.000000000000000000e+00 0.000000000000000000e+00 0.000000000000000000e+00 4.499999999999997158e+01
0.000000000000000000e+00 0.000000000000000000e+00 0.000000000000000000e+00 0.000000000000000000e+00 5.243749999999997868e+01 5.007575757575755659e+01 5.600000000000000000e+01 3.434306569343064552e+01 1.005684488836662815e+01 3.559649122807016397e+01 1.448793935217091722e+01 2.325242277407631875e+01 1.359975234557317769e+01 8.542354796808316664e+00 2.500747756729810689e+01 5.073287671232873919e+01 3.396850393700786697e+01 2.167774086378737408e+01 3.363468013468013851e+01 6.050000000000000000e+01 6.324358974358974450e+01 7.050000000000000000e+01 6.949999999999998579e+01 6.299999999999999289e+01 5.869047619047618980e+01 2.017500000000000071e+01 3.661320754716981440e+01 4.638095238095237960e+01 1.861939074905074065e+01 2.660767814882987281e+01 4.911261261261261524e+01 3.701826443335710337e+01 3.947622699386504763e+01 5.088961038961040373e+01 6.252870813397129268e+01 5.775000000000000000e+01 5.903508771929824661e+01 2.396978021978021900e+01 2.558689266433789555e+01 2.906709723717259664e+01 0.000000000000000000e+00 2.705570652173913615e+01 5.550000000000000000e+01 3.673677581863979924e+01 0.000000000000000000e+00 3.568994889267462156e+01 0.000000000000000000e+00 0.000000000000000000e+00 0.000000000000000000e+00 0.000000000000000000e+00 0.000000000000000000e+00 0.000000000000000000e+00 6.599999999999997158e+01 6.024999999999996447e+01 4.289999999999998437e+01 5.875000000000001421e+01 0.000000000000000000e+00 0.000000000000000000e+00 8.249999999999997158e+01 4.762499999999997868e+01 3.266666666666666430e+01 5.374999999999998579e+01 0.000000000000000000e+00 0.000000000000000000e+00 0.000000000000000000e+00 0.000000000000000000e+00 0.000000000000000000e+00 0.000000000000000000e+00 0.000000000000000000e+00 0.000000000000000000e+00 0.000000000000000000e+00 0.000000000000000000e+00 0.000000000000000000e+00 0.000000000000000000e+00 7.150000000000000000e+01 0.000000000000000000e+00 0.000000000000000000e+00 0.000000000000000000e+00 0.000000000000000000e+00 0.000000000000000000e+00 4.124999999999998579e+01 5.779999999999999716e+01 0.000000000000000000e+00 0.000000000000000000e+00 0.000000000000000000e+00 0.000000000000000000e+00 5.449999999999995737e+01 0.000000000000000000e+00 0.000000000000000000e+00
0.000000000000000000e+00 0.000000000000000000e+00 0.000000000000000000e+00 0.000000000000000000e+00 5.583333333333333570e+01 6.749999999999995737e+01 0.000000000000000000e+00 0.000000000000000000e+00 5.785714285714283278e+01 4.605319148936168006e+01 4.583333333333333570e+01 1.424006586169045008e+01 8.542354796808316664e+00 1.079645904980257320e+01 3.739189189189189477e+01 4.972727272727269821e+01 3.349999999999998579e+01 1.036148648648648418e+01 2.113749999999999929e+01 0.000000000000000000e+00 0.000000000000000000e+00 0.000000000000000000e+00 0.000000000000000000e+00 0.000000000000000000e+00 0.000000000000000000e+00 5.000000000000000711e+01 0.000000000000000000e+00 0.000000000000000000e+00 1.089937866758716112e+01 3.357692307692308020e+01 3.750000000000000000e+01 1.677272727272727337e+01 1.437751004016064194e+01 0.000000000000000000e+00 0.000000000000000000e+00 6.299999999999998579e+01 0.000000000000000000e+00 3.184782608695652328e+01 3.833435582822085763e+01 2.842647058823529349e+01 0.000000000000000000e+00 2.787500000000000000e+01 3.449999999999998579e+01 4.028571428571428470e+01 0.000000000000000000e+00 3.939999999999999858e+01 0.000000000000000000e+00 0.000000000000000000e+00 0.000000000000000000e+00 0.000000000000000000e+00 0.000000000000000000e+00 0.000000000000000000e+00 0.000000000000000000e+00 0.000000000000000000e+00 1.399999999999999112e+01 0.000000000000000000e+00 0.000000000000000000e+00 0.000000000000000000e+00 0.000000000000000000e+00 0.000000000000000000e+00 0.000000000000000000e+00 0.000000000000000000e+00 0.000000000000000000e+00 0.000000000000000000e+00 0.000000000000000000e+00 0.000000000000000000e+00 0.000000000000000000e+00 0.000000000000000000e+00 0.000000000000000000e+00 0.000000000000000000e+00 0.000000000000000000e+00 0.000000000000000000e+00 0.000000000000000000e+00 0.000000000000000000e+00 0.000000000000000000e+00 0.000000000000000000e+00 0.000000000000000000e+00 0.000000000000000000e+00 0.000000000000000000e+00 0.000000000000000000e+00 0.000000000000000000e+00 0.000000000000000000e+00 0.000000000000000000e+00 0.000000000000000000e+00 0.000000000000000000e+00 0.000000000000000000e+00 0.000000000000000000e+00 0.000000000000000000e+00 0.000000000000000000e+00
0.000000000000000000e+00 0.000000000000000000e+00 0.000000000000000000e+00 4.366666666666663588e+01 3.504918032786883941e+01 2.361111111111110006e+01 5.024999999999997158e+01 3.363799999999998391e+01 2.309219512195121382e+01 3.657993107104982755e+01 2.302417910447761074e+01 3.443761046306114793e+01 2.500747756729810689e+01 3.739189189189189477e+01 1.119781408938426281e+01 4.234114583333331439e+01 3.084475806451611390e+01 3.017391304347825809e+01 3.113503649635035231e+01 1.344690265486725700e+01 2.322779922779922401e+01 2.649999999999999289e+01 2.280769230769230660e+01 1.798058252427183490e+01 2.154900568181817633e+01 2.136911231884057472e+01 2.235122520420069137e+01 2.583224755700324948e+01 2.199078138718173747e+01 2.139667085427135618e+01 4.379496047430828298e+01 3.689561510353226481e+01 3.808171745152353083e+01 4.886486486486485603e+01 5.017128027681659574e+01 5.458333333333331439e+01 4.010784313725489625e+01 2.986178861788617311e+01 9.310641471904522959e+00 1.917301038062283780e+01 0.000000000000000000e+00 2.417241379310344129e+01 1.274759080800592947e+01 1.201843317972350711e+01 2.183333333333331794e+01 2.325796661608497118e+01 0.000000000000000000e+00 0.000000000000000000e+00 0.000000000000000000e+00 0.000000000000000000e+00 0.000000000000000000e+00 5.383333333333326465e+01 7.099999999999995737e+01 4.716666666666665009e+01 4.909999999999998010e+01 7.600000000000001421e+01 0.000000000000000000e+00 6.349999999999995026e+01 5.449999999999995026e+01 4.216666666666665009e+01 3.287500000000000000e+01 4.038461538461537259e+01 0.000000000000000000e+00 0.000000000000000000e+00 0.000000000000000000e+00 0.000000000000000000e+00 0.000000000000000000e+00 0.000000000000000000e+00 7.149999999999998579e+01 6.349999999999995737e+01 8.600000000000000000e+01 0.000000000000000000e+00 6.512499999999997158e+01 0.000000000000000000e+00 7.200000000000001421e+01 4.837499999999997158e+01 0.000000000000000000e+00 0.000000000000000000e+00 0.000000000000000000e+00 0.000000000000000000e+00 3.999999999999997868e+01 4.999999999999997868e+01 0.000000000000000000e+00 0.000000000000000000e+00 5.249999999999997868e+01 5.474999999999999289e+01 0.000000000000000000e+00 0.000000000000000000e+00 5.700000000000000000e+01
0.000000000000000000e+00 0.000000000000000000e+00 0.000000000000000000e+00 3.089999999999998437e+01 1.490778341793569517e+01 2.259897172236502882e+01 3.024999999999999645e+01 2.241999999999999105e+01 3.136926605504586618e+01 2.196236559139783751e+01 4.538671874999998579e+01 2.237805695142377616e+01 5.073287671232873919e+01 4.972727272727269821e+01 4.234114583333331439e+01 7.141817328011266675e+00 1.058373721055465388e+01 3.733205317577544236e+01 5.179487179487175297e+01 0.000000000000000000e+00 0.000000000000000000e+00 0.000000000000000000e+00 9.799999999999997158e+01 0.000000000000000000e+00 1.052499999999999716e+02 7.522222222222220012e+01 9.274999999999995737e+01 7.549999999999998579e+01 6.324999999999997868e+01 7.134146341463412000e+01 8.949999999999998579e+01 6.825260416666664298e+01 5.676478494623651727e+01 0.000000000000000000e+00 0.000000000000000000e+00 0.000000000000000000e+00 0.000000000000000000e+00 1.294344473007711116e+01 2.313810429114609946e+01 4.384782608695650197e+01 0.000000000000000000e+00 6.274999999999996447e+01 7.866666666666664298e+01 6.425000000000001421e+01 7.807017543859641862e+00 5.458333333333330728e+01 0.000000000000000000e+00 0.000000000000000000e+00 4.038888888888887863e+01 0.000000000000000000e+00 2.649999999999996803e+01 3.662499999999996447e+01 3.387499999999995737e+01 0.000000000000000000e+00 3.831249999999997158e+01 5.599999999999998579e+01 4.949999999999998579e+01 5.449999999999992895e+01 2.316666666666664653e+01 1.583962264150942900e+01 3.323809523809521949e+01 4.664999999999996305e+01 0.000000000000000000e+00 0.000000000000000000e+00 0.000000000000000000e+00 0.000000000000000000e+00 0.000000000000000000e+00 0.000000000000000000e+00 0.000000000000000000e+00 0.000000000000000000e+00 0.000000000000000000e+00 6.216666666666665009e+01 6.649999999999994316e+01 0.000000000000000000e+00 5.850000000000000711e+01 4.150000000000000711e+01 0.000000000000000000e+00 0.000000000000000000e+00 0.000000000000000000e+00 0.000000000000000000e+00 2.444999999999997442e+01 3.585185185185182632e+01 0.000000000000000000e+00 0.000000000000000000e+00 0.000000000000000000e+00 0.000000000000000000e+00 0.000000000000000000e+00 2.142857142857141994e+01 0.000000000000000000e+00
0.000000000000000000e+00 0.000000000000000000e+00 0.000000000000000000e+00 5.599999999999987921e+01 2.626470588235293491e+01 3.211956521739128334e+01 0.000000000000000000e+00 2.839999999999999503e+01 2.676760563380281610e+01 2.656995884773661842e+01 2.441648590021691945e+01 1.798264907135874324e+01 3.396850393700786697e+01 3.349999999999998579e+01 3.084475806451611390e+01 1.058373721055465388e+01 8.777023751817734976e+00 2.109994523548738954e+01 3.777285318559555805e+01 0.000000000000000000e+00 0.000000000000000000e+00 0.000000000000000000e+00 0.000000000000000000e+00 0.000000000000000000e+00 0.000000000000000000e+00 8.400000000000000000e+01 0.000000000000000000e+00 0.000000000000000000e+00 4.460465116279068809e+01 4.963414634146339210e+01 7.783333333333332860e+01 5.329999999999999716e+01 3.931746031746030923e+01 5.966666666666668561e+01 6.850000000000001421e+01 0.000000000000000000e+00 0.000000000000000000e+00 1.797656249999998934e+01 2.250027746947834828e+01 3.086585365853657592e+01 0.000000000000000000e+00 3.854999999999999005e+01 5.200000000000002842e+01 3.283333333333332860e+01 2.862499999999996803e+01 3.741891891891890509e+01 0.000000000000000000e+00 4.416666666666665009e+01 2.991666666666664653e+01 0.000000000000000000e+00 3.433333333333330728e+01 2.865384615384611422e+01 3.122916666666662877e+01 3.135714285714285054e+01 2.774999999999998224e+01 4.608333333333331439e+01 0.000000000000000000e+00 4.766666666666665719e+01 1.545652173913042660e+01 1.068269230769230305e+01 1.876027397260272878e+01 3.774999999999998579e+01 0.000000000000000000e+00 0.000000000000000000e+00 9.149999999999994316e+01 0.000000000000000000e+00 0.000000000000000000e+00 0.000000000000000000e+00 0.000000000000000000e+00 0.000000000000000000e+00 0.000000000000000000e+00 6.400000000000000000e+01 3.999999999999995026e+01 6.225000000000002132e+01 5.899999999999997158e+01 4.260000000000000853e+01 0.000000000000000000e+00 0.000000000000000000e+00 0.000000000000000000e+00 0.000000000000000000e+00 2.055681818181815856e+01 2.912499999999997868e+01 0.000000000000000000e+00 0.000000000000000000e+00 0.000000000000000000e+00 5.049999999999995026e+01 0.000000000000000000e+00 2.819999999999999574e+01 0.000000000000000000e+00
