0.000000000000000000e+00 0.000000000000000000e+00 0.000000000000000000e+00 0.000000000000000000e+00 0.000000000000000000e+00 0.000000000000000000e+00 0.000000000000000000e+00 0.000000000000000000e+00 0.000000000000000000e+00 0.000000000000000000e+00 0.000000000000000000e+00 0.000000000000000000e+00 0.000000000000000000e+00 0.000000000000000000e+00 0.000000000000000000e+00 0.000000000000000000e+00 0.000000000000000000e+00 0.000000000000000000e+00 0.000000000000000000e+00 0.000000000000000000e+00 0.000000000000000000e+00 0.000000000000000000e+00 0.000000000000000000e+00 0.000000000000000000e+00 0.000000000000000000e+00 0.000000000000000000e+00 0.000000000000000000e+00 0.000000000000000000e+00 0.000000000000000000e+00 0.000000000000000000e+00 0.000000000000000000e+00 0.000000000000000000e+00 0.000000000000000000e+00 0.000000000000000000e+00 0.000000000000000000e+00 0.000000000000000000e+00 0.000000000000000000e+00 0.000000000000000000e+00 0.000000000000000000e+00 0.000000000000000000e+00 0.000000000000000000e+00 0.000000000000000000e+00 0.000000000000000000e+00 0.000000000000000000e+00 0.000000000000000000e+00 0.000000000000000000e+00 0.000000000000000000e+00 0.000000000000000000e+00 0.000000000000000000e+00 0.000000000000000000e+00 0.000000000000000000e+00 0.000000000000000000e+00 0.000000000000000000e+00 0.000000000000000000e+00 0.000000000000000000e+00 0.000000000000000000e+00 0.000000000000000000e+00 0.000000000000000000e+00 0.000000000000000000e+00 0.000000000000000000e+00 0.000000000000000000e+00 0.000000000000000000e+00 0.000000000000000000e+00 0.000000000000000000e+00 0.000000000000000000e+00 0.000000000000000000e+00 0.000000000000000000e+00 0.000000000000000000e+00 0.000000000000000000e+00 0.000000000000000000e+00 0.000000000000000000e+00 0.000000000000000000e+00 0.000000000000000000e+00 0.000000000000000000e+00 0.000000000000000000e+00 0.000000000000000000e+00 0.000000000000000000e+00 0.000000000000000000e+00 0.000000000000000000e+00 0.000000000000000000e+00 0.000000000000000000e+00 0.000000000000000000e+00 0.000000000000000000e+00 0.000000000000000000e+00 0.000000000000000000e+00 0.000000000000000000e+00 0.000000000000000000e+00 0.000000000000000000e+00 0.000000000000000000e+00
0.000000000000000000e+00 0.000000000000000000e+00 0.000000000000000000e+00 0.000000000000000000e+00 0.000000000000000000e+00 0.000000000000000000e+00 0.000000000000000000e+00 0.000000000000000000e+00 0.000000000000000000e+00 0.000000000000000000e+00 0.000000000000000000e+00 0.000000000000000000e+00 0.000000000000000000e+00 0.000000000000000000e+00 0.000000000000000000e+00 0.000000000000000000e+00 0.000000000000000000e+00 0.000000000000000000e+00 0.000000000000000000e+00 0.000000000000000000e+00 0.000000000000000000e+00 0.000000000000000000e+00 0.000000000000000000e+00 0.000000000000000000e+00 0.000000000000000000e+00 0.000000000000000000e+00 0.000000000000000000e+00 0.000000000000000000e+00 0.000000000000000000e+00 0.000000000000000000e+00 0.000000000000000000e+00 0.000000000000000000e+00 0.000000000000000000e+00 0.000000000000000000e+00 0.000000000000000000e+00 0.000000000000000000e+00 0.000000000000000000e+00 0.000000000000000000e+00 0.000000000000000000e+00 0.000000000000000000e+00 0.000000000000000000e+00 0.000000000000000000e+00 0.000000000000000000e+00 0.000000000000000000e+00 0.000000000000000000e+00 0.000000000000000000e+00 0.000000000000000000e+00 0.000000000000000000e+00 0.000000000000000000e+00 0.000000000000000000e+00 0.000000000000000000e+00 0.000000000000000000e+00 0.000000000000000000e+00 0.000000000000000000e+00 0.000000000000000000e+00 0.000000000000000000e+00 0.000000000000000000e+00 0.000000000000000000e+00 0.000000000000000000e+00 0.000000000000000000e+00 0.000000000000000000e+00 0.000000000000000000e+00 0.000000000000000000e+00 0.000000000000000000e+00 0.000000000000000000e+00 0.000000000000000000e+00 0.000000000000000000e+00 0.000000000000000000e+00 0.000000000000000000e+00 0.000000000000000000e+00 0.000000000000000000e+00 0.000000000000000000e+00 0.000000000000000000e+00 0.000000000000000000e+00 0.000000000000000000e+00 0.000000000000000000e+00 0.000000000000000000e+00 0.000000000000000000e+00 0.000000000000000000e+00 0.000000000000000000e+00 0.000000000000000000e+00 0.000000000000000000e+00 0.000000000000000000e+00 0.000000000000000000e+00 0.000000000000000000e+00 0.000000000000000000e+00 0.000000000000000000e+00 0.000000000000000000e+00 0.000000000000000000e+00
0.000000000000000000e+00 0.000000000000000000e+00 0.000000000000000000e+00 0.000000000000000000e+00 0.000000000000000000e+00 0.000000000000000000e+00 0.000000000000000000e+00 0.000000000000000000e+00 0.000000000000000000e+00 0.000000000000000000e+00 0.000000000000000000e+00 0.000000000000000000e+00 0.000000000000000000e+00 0.000000000000000000e+00 0.000000000000000000e+00 0.000000000000000000e+00 0.000000000000000000e+00 0.000000000000000000e+00 0.000000000000000000e+00 0.000000000000000000e+00 0.000000000000000000e+00 0.000000000000000000e+00 0.000000000000000000e+00 0.000000000000000000e+00 0.000000000000000000e+00 0.000000000000000000e+00 0.000000000000000000e+00 0.000000000000000000e+00 0.000000000000000000e+00 0.000000000000000000e+00 0.000000000000000000e+00 0.000000000000000000e+00 0.000000000000000000e+00 0.000000000000000000e+00 0.000000000000000000e+00 0.000000000000000000e+00 0.000000000000000000e+00 0.000000000000000000e+00 0.000000000000000000e+00 0.000000000000000000e+00 0.000000000000000000e+00 0.000000000000000000e+00 0.000000000000000000e+00 0.000000000000000000e+00 0.000000000000000000e+00 0.000000000000000000e+00 0.000000000000000000e+00 0.000000000000000000e+00 0.000000000000000000e+00 0.000000000000000000e+00 0.000000000000000000e+00 0.000000000000000000e+00 0.000000000000000000e+00 0.000000000000000000e+00 0.000000000000000000e+00 0.000000000000000000e+00 0.000000000000000000e+00 0.000000000000000000e+00 0.000000000000000000e+00 0.000000000000000000e+00 0.000000000000000000e+00 0.000000000000000000e+00 0.000000000000000000e+00 0.000000000000000000e+00 0.000000000000000000e+00 0.000000000000000000e+00 0.000000000000000000e+00 0.000000000000000000e+00 0.000000000000000000e+00 0.000000000000000000e+00 0.000000000000000000e+00 0.000000000000000000e+00 0.000000000000000000e+00 0.000000000000000000e+00 0.000000000000000000e+00 0.000000000000000000e+00 0.000000000000000000e+00 0.000000000000000000e+00 0.000000000000000000e+00 0.000000000000000000e+00 0.000000000000000000e+00 0.000000000000000000e+00 0.000000000000000000e+00 0.000000000000000000e+00 0.000000000000000000e+00 0.000000000000000000e+00 0.000000000000000000e+00 0.000000000000000000e+00 0.000000000000000000e+00
0.000000000000000000e+00 0.000000000000000000e+00 0.000000000000000000e+00 6.330000000000000000e+02 1.384000000000000000e+03 3.960000000000000000e+02 8.000000000000000000e+00 3.800000000000000000e+01 8.000000000000000000e+00 2.570000000000000000e+02 4.000000000000000000e+00 1.200000000000000000e+03 2.000000000000000000e+00 0.000000000000000000e+00 2.000000000000000000e+00 4.000000000000000000e+00 2.000000000000000000e+00 0.000000000000000000e+00 0.000000000000000000e+00 0.000000000000000000e+00 0.000000000000000000e+00 0.000000000000000000e+00 0.000000000000000000e+00 0.000000000000000000e+00 0.000000000000000000e+00 0.000000000000000000e+00 0.000000000000000000e+00 0.000000000000000000e+00 2.000000000000000000e+00 0.000000000000000000e+00 0.000000000000000000e+00 4.000000000000000000e+00 2.000000000000000000e+00 0.000000000000000000e+00 0.000000000000000000e+00 0.000000000000000000e+00 0.000000000000000000e+00 4.700000000000000000e+01 5.900000000000000000e+01 1.000000000000000000e+00 0.000000000000000000e+00 0.000000000000000000e+00 0.000000000000000000e+00 0.000000000000000000e+00 6.000000000000000000e+00 0.000000000000000000e+00 0.000000000000000000e+00 0.000000000000000000e+00 1.000000000000000000e+00 0.000000000000000000e+00 0.000000000000000000e+00 0.000000000000000000e+00 0.000000000000000000e+00 0.000000000000000000e+00 0.000000000000000000e+00 0.000000000000000000e+00 0.000000000000000000e+00 0.000000000000000000e+00 0.000000000000000000e+00 0.000000000000000000e+00 0.000000000000000000e+00 0.000000000000000000e+00 0.000000000000000000e+00 0.000000000000000000e+00 0.000000000000000000e+00 0.000000000000000000e+00 0.000000000000000000e+00 0.000000000000000000e+00 0.000000000000000000e+00 0.000000000000000000e+00 0.000000000000000000e+00 0.000000000000000000e+00 0.000000000000000000e+00 0.000000000000000000e+00 0.000000000000000000e+00 0.000000000000000000e+00 0.000000000000000000e+00 0.000000000000000000e+00 0.000000000000000000e+00 0.000000000000000000e+00 1.000000000000000000e+00 0.000000000000000000e+00 0.000000000000000000e+00 0.000000000000000000e+00 0.000000000000000000e+00 0.000000000000000000e+00 0.000000000000000000e+00 0.000000000000000000e+00 0.000000000000000000e+00
0.000000000000000000e+00 0.000000000000000000e+00 0.000000000000000000e+00 1.384000000000000000e+03 1.391700000000000000e+04 1.071700000000000000e+04 6.700000000000000000e+01 6.770000000000000000e+02 1.440000000000000000e+02 1.865000000000000000e+03 1.220000000000000000e+02 2.731000000000000000e+03 3.500000000000000000e+01 2.500000000000000000e+01 9.100000000000000000e+01 6.140000000000000000e+02 9.600000000000000000e+01 1.010000000000000000e+02 9.700000000000000000e+01 0.000000000000000000e+00 0.000000000000000000e+00 0.000000000000000000e+00 0.000000000000000000e+00 0.000000000000000000e+00 0.000000000000000000e+00 1.000000000000000000e+00 0.000000000000000000e+00 0.000000000000000000e+00 2.200000000000000000e+01 1.400000000000000000e+01 6.000000000000000000e+00 8.600000000000000000e+01 6.000000000000000000e+01 1.000000000000000000e+00 0.000000000000000000e+00 0.000000000000000000e+00 0.000000000000000000e+00 2.235000000000000000e+03 2.413000000000000000e+03 3.400000000000000000e+01 0.000000000000000000e+00 6.000000000000000000e+00 0.000000000000000000e+00 0.000000000000000000e+00 2.199000000000000000e+03 2.000000000000000000e+01 0.000000000000000000e+00 2.000000000000000000e+00 3.000000000000000000e+00 0.000000000000000000e+00 1.000000000000000000e+00 1.000000000000000000e+00 5.000000000000000000e+00 2.000000000000000000e+00 6.000000000000000000e+00 0.000000000000000000e+00 0.000000000000000000e+00 0.000000000000000000e+00 2.000000000000000000e+00 4.000000000000000000e+00 4.000000000000000000e+00 1.000000000000000000e+00 0.000000000000000000e+00 0.000000000000000000e+00 0.000000000000000000e+00 0.000000000000000000e+00 0.000000000000000000e+00 0.000000000000000000e+00 0.000000000000000000e+00 0.000000000000000000e+00 0.000000000000000000e+00 0.000000000000000000e+00 0.000000000000000000e+00 0.000000000000000000e+00 0.000000000000000000e+00 0.000000000000000000e+00 0.000000000000000000e+00 0.000000000000000000e+00 0.000000000000000000e+00 0.000000000000000000e+00 1.700000000000000000e+01 3.000000000000000000e+00 1.000000000000000000e+00 0.000000000000000000e+00 1.000000000000000000e+00 0.000000000000000000e+00 0.000000000000000000e+00 5.000000000000000000e+00 1.000000000000000000e+00
0.000000000000000000e+00 0.000000000000000000e+00 0.000000000000000000e+00 3.960000000000000000e+02 1.071700000000000000e+04 2.104900000000000000e+04 3.815000000000000000e+03 4.831000000000000000e+03 2.980000000000000000e+02 9.113000000000000000e+03 1.730000000000000000e+02 3.447000000000000000e+03 8.800000000000000000e+01 3.900000000000000000e+01 6.190000000000000000e+02 5.750000000000000000e+02 7.200000000000000000e+01 4.700000000000000000e+01 2.000000000000000000e+01 0.000000000000000000e+00 0.000000000000000000e+00 0.000000000000000000e+00 0.000000000000000000e+00 0.000000000000000000e+00 3.000000000000000000e+00 1.200000000000000000e+01 0.000000000000000000e+00 3.000000000000000000e+00 4.700000000000000000e+01 3.600000000000000000e+01 2.300000000000000000e+01 1.720000000000000000e+02 1.120000000000000000e+02 5.000000000000000000e+00 5.000000000000000000e+00 0.000000000000000000e+00 0.000000000000000000e+00 2.736000000000000000e+03 9.098000000000000000e+03 8.600000000000000000e+01 0.000000000000000000e+00 1.400000000000000000e+01 4.000000000000000000e+00 1.300000000000000000e+01 5.080000000000000000e+02 1.700000000000000000e+01 0.000000000000000000e+00 4.000000000000000000e+00 6.000000000000000000e+00 0.000000000000000000e+00 1.000000000000000000e+00 1.000000000000000000e+00 5.000000000000000000e+00 3.000000000000000000e+00 1.100000000000000000e+01 1.000000000000000000e+00 0.000000000000000000e+00 1.000000000000000000e+00 2.000000000000000000e+01 4.000000000000000000e+00 0.000000000000000000e+00 0.000000000000000000e+00 0.000000000000000000e+00 0.000000000000000000e+00 0.000000000000000000e+00 0.000000000000000000e+00 0.000000000000000000e+00 0.000000000000000000e+00 0.000000000000000000e+00 0.000000000000000000e+00 0.000000000000000000e+00 0.000000000000000000e+00 0.000000000000000000e+00 0.000000000000000000e+00 2.000000000000000000e+00 0.000000000000000000e+00 0.000000000000000000e+00 0.000000000000000000e+00 0.000000000000000000e+00 0.000000000000000000e+00 3.100000000000000000e+01 5.000000000000000000e+00 0.000000000000000000e+00 0.000000000000000000e+00 0.000000000000000000e+00 0.000000000000000000e+00 0.000000000000000000e+00 8.000000000000000000e+00 0.000000000000000000e+00
0.000000000000000000e+00 0.000000000000000000e+00 0.000000000000000000e+00 8.000000000000000000e+00 6.700000000000000000e+01 3.815000000000000000e+03 5.788000000000000000e+03 3.076000000000000000e+03 2.400000000000000000e+02 2.764000000000000000e+03 2.000000000000000000e+01 7.600000000000000000e+01 6.700000000000000000e+01 0.000000000000000000e+00 2.360000000000000000e+02 2.100000000000000000e+01 6.000000000000000000e+00 3.000000000000000000e+00 1.000000000000000000e+01 0.000000000000000000e+00 1.000000000000000000e+00 0.000000000000000000e+00 0.000000000000000000e+00 0.000000000000000000e+00 0.000000000000000000e+00 5.000000000000000000e+00 1.000000000000000000e+00 2.000000000000000000e+00 6.100000000000000000e+01 5.100000000000000000e+01 2.800000000000000000e+01 1.460000000000000000e+02 1.100000000000000000e+02 2.000000000000000000e+00 1.000000000000000000e+00 0.000000000000000000e+00 1.000000000000000000e+00 2.600000000000000000e+01 2.300000000000000000e+02 5.000000000000000000e+00 0.000000000000000000e+00 2.000000000000000000e+00 0.000000000000000000e+00 0.000000000000000000e+00 7.000000000000000000e+00 0.000000000000000000e+00 0.000000000000000000e+00 0.000000000000000000e+00 0.000000000000000000e+00 0.000000000000000000e+00 1.000000000000000000e+00 0.000000000000000000e+00 2.000000000000000000e+00 1.000000000000000000e+00 0.000000000000000000e+00 0.000000000000000000e+00 0.000000000000000000e+00 0.000000000000000000e+00 0.000000000000000000e+00 0.000000000000000000e+00 0.000000000000000000e+00 0.000000000000000000e+00 0.000000000000000000e+00 0.000000000000000000e+00 0.000000000000000000e+00 0.000000000000000000e+00 0.000000000000000000e+00 0.000000000000000000e+00 0.000000000000000000e+00 0.000000000000000000e+00 0.000000000000000000e+00 0.000000000000000000e+00 0.000000000000000000e+00 0.000000000000000000e+00 0.000000000000000000e+00 0.000000000000000000e+00 0.000000000000000000e+00 0.000000000000000000e+00 0.000000000000000000e+00 0.000000000000000000e+00 1.000000000000000000e+00 0.000000000000000000e+00 0.000000000000000000e+00 0.000000000000000000e+00 0.000000000000000000e+00 0.000000000000000000e+00 0.000000000000000000e+00 0.000000000000000000e+00 0.000000000000000000e+00
0.000000000000000000e+00 0.000000000000000000e+00 0.000000000000000000e+00 3.800000000000000000e+01 6.770000000000000000e+02 4.831000000000000000e+03 3.076000000000000000e+03 9.138000000000000000e+03 4.552000000000000000e+03 7.053000000000000000e+03 7.800000000000000000e+01 1.337000000000000000e+03 2.310000000000000000e+02 1.200000000000000000e+01 8.630000000000000000e+02 5.730000000000000000e+02 4.700000000000000000e+01 1.500000000000000000e+01 4.500000000000000000e+01 0.000000000000000000e+00 1.000000000000000000e+00 0.000000000000000000e+00 3.000000000000000000e+00 0.000000000000000000e+00 3.000000000000000000e+00 6.000000000000000000e+00 1.000000000000000000e+00 4.000000000000000000e+00 1.920000000000000000e+02 1.720000000000000000e+02 7.800000000000000000e+01 4.280000000000000000e+02 3.080000000000000000e+02 4.000000000000000000e+00 5.000000000000000000e+00 3.000000000000000000e+00 2.000000000000000000e+00 1.520000000000000000e+02 7.010000000000000000e+02 1.200000000000000000e+01 0.000000000000000000e+00 3.000000000000000000e+00 0.000000000000000000e+00 3.000000000000000000e+00 3.600000000000000000e+01 3.000000000000000000e+00 0.000000000000000000e+00 4.000000000000000000e+00 1.000000000000000000e+01 0.000000000000000000e+00 9.000000000000000000e+00 4.000000000000000000e+00 1.500000000000000000e+01 4.000000000000000000e+00 1.300000000000000000e+01 1.000000000000000000e+00 1.000000000000000000e+00 1.000000000000000000e+00 2.100000000000000000e+01 1.000000000000000000e+01 1.000000000000000000e+00 1.000000000000000000e+00 0.000000000000000000e+00 0.000000000000000000e+00 0.000000000000000000e+00 0.000000000000000000e+00 0.000000000000000000e+00 0.000000000000000000e+00 0.000000000000000000e+00 0.000000000000000000e+00 0.000000000000000000e+00 0.000000000000000000e+00 0.000000000000000000e+00 0.000000000000000000e+00 1.000000000000000000e+00 0.000000000000000000e+00 0.000000000000000000e+00 0.000000000000000000e+00 0.000000000000000000e+00 0.000000000000000000e+00 6.000000000000000000e+00 2.800000000000000000e+01 0.000000000000000000e+00 0.000000000000000000e+00 0.000000000000000000e+00 0.000000000000000000e+00 0.000000000000000000e+00 1.000000000000000000e+00 0.000000000000000000e+00
0.000000000000000000e+00 0.000000000000000000e+00 0.000000000000000000e+00 8.000000000000000000e+00 1.440000000000000000e+02 2.980000000000000000e+02 2.400000000000000000e+02 4.552000000000000000e+03 1.702200000000000000e+04 2.648000000000000000e+03 4.920000000000000000e+02 9.460000000000000000e+02 2.859000000000000000e+03 9.000000000000000000e+00 1.685000000000000000e+03 3.630000000000000000e+02 1.590000000000000000e+02 4.500000000000000000e+01 2.000000000000000000e+01 0.000000000000000000e+00 5.000000000000000000e+00 0.000000000000000000e+00 1.000000000000000000e+00 2.000000000000000000e+00 4.000000000000000000e+00 4.300000000000000000e+01 5.000000000000000000e+00 3.100000000000000000e+01 5.500000000000000000e+02 1.401000000000000000e+03 1.900000000000000000e+02 2.690000000000000000e+02 1.260000000000000000e+02 1.100000000000000000e+01 1.600000000000000000e+01 4.000000000000000000e+00 3.000000000000000000e+00 7.430000000000000000e+02 2.580000000000000000e+03 9.100000000000000000e+01 0.000000000000000000e+00 1.700000000000000000e+01 1.000000000000000000e+00 3.000000000000000000e+00 1.300000000000000000e+01 5.600000000000000000e+01 0.000000000000000000e+00 3.000000000000000000e+00 6.000000000000000000e+00 0.000000000000000000e+00 6.000000000000000000e+00 7.000000000000000000e+00 4.200000000000000000e+01 3.000000000000000000e+00 1.900000000000000000e+01 5.000000000000000000e+00 0.000000000000000000e+00 0.000000000000000000e+00 2.100000000000000000e+01 3.000000000000000000e+01 4.000000000000000000e+00 2.000000000000000000e+00 0.000000000000000000e+00 0.000000000000000000e+00 0.000000000000000000e+00 0.000000000000000000e+00 0.000000000000000000e+00 0.000000000000000000e+00 0.000000000000000000e+00 0.000000000000000000e+00 0.000000000000000000e+00 0.000000000000000000e+00 0.000000000000000000e+00 0.000000000000000000e+00 1.000000000000000000e+00 1.000000000000000000e+00 0.000000000000000000e+00 0.000000000000000000e+00 0.000000000000000000e+00 0.000000000000000000e+00 5.000000000000000000e+00 1.100000000000000000e+01 1.000000000000000000e+00 0.000000000000000000e+00 0.000000000000000000e+00 0.000000000000000000e+00 1.000000000000000000e+00 6.000000000000000000e+00 0.000000000000000000e+00
0.000000000000000000e+00 0.000000000000000000e+00 0.000000000000000000e+00 2.570000000000000000e+02 1.865000000000000000e+03 9.113000000000000000e+03 2.764000000000000000e+03 7.053000000000000000e+03 2.648000000000000000e+03 6.258300000000000000e+04 6.821000000000000000e+03 1.657500000000000000e+04 1.346000000000000000e+03 2.480000000000000000e+02 1.171000000000000000e+03 1.495000000000000000e+03 9.740000000000000000e+02 2.540000000000000000e+02 2.380000000000000000e+02 0.000000000000000000e+00 4.000000000000000000e+00 1.000000000000000000e+00 0.000000000000000000e+00 2.000000000000000000e+00 4.000000000000000000e+00 7.500000000000000000e+01 2.000000000000000000e+00 2.800000000000000000e+01 1.080000000000000000e+03 1.137000000000000000e+03 3.880000000000000000e+02 3.809000000000000000e+03 2.199000000000000000e+03 1.110000000000000000e+02 3.300000000000000000e+01 1.000000000000000000e+01 5.000000000000000000e+00 2.563000000000000000e+03 9.041000000000000000e+03 2.550000000000000000e+02 0.000000000000000000e+00 2.800000000000000000e+01 4.000000000000000000e+00 1.000000000000000000e+01 1.430000000000000000e+02 3.200000000000000000e+01 0.000000000000000000e+00 6.000000000000000000e+00 2.600000000000000000e+01 0.000000000000000000e+00 2.100000000000000000e+01 1.800000000000000000e+01 1.410000000000000000e+02 1.900000000000000000e+01 8.800000000000000000e+01 6.000000000000000000e+00 2.000000000000000000e+00 0.000000000000000000e+00 4.500000000000000000e+01 6.200000000000000000e+01 1.900000000000000000e+01 8.000000000000000000e+00 0.000000000000000000e+00 0.000000000000000000e+00 0.000000000000000000e+00 0.000000000000000000e+00 0.000000000000000000e+00 0.000000000000000000e+00 0.000000000000000000e+00 0.000000000000000000e+00 0.000000000000000000e+00 4.000000000000000000e+00 1.000000000000000000e+00 0.000000000000000000e+00 3.000000000000000000e+00 7.000000000000000000e+00 0.000000000000000000e+00 0.000000000000000000e+00 0.000000000000000000e+00 0.000000000000000000e+00 2.500000000000000000e+01 3.600000000000000000e+01 2.000000000000000000e+00 0.000000000000000000e+00 0.000000000000000000e+00 0.000000000000000000e+00 0.000000000000000000e+00 5.000000000000000000e+00 0.000000000000000000e+00
0.000000000000000000e+00 0.000000000000000000e+00 0.000000000000000000e+00 4.000000000000000000e+00 1.220000000000000000e+02 1.730000000000000000e+02 2.000000000000000000e+01 7.800000000000000000e+01 4.920000000000000000e+02 6.821000000000000000e+03 2.147400000000000000e+04 9.180000000000000000e+03 2.715000000000000000e+03 1.720000000000000000e+02 9.870000000000000000e+02 4.320000000000000000e+02 8.330000000000000000e+02 4.520000000000000000e+02 8.500000000000000000e+01 0.000000000000000000e+00 2.300000000000000000e+01 1.000000000000000000e+00 1.000000000000000000e+00 2.000000000000000000e+00 1.900000000000000000e+01 1.260000000000000000e+02 4.000000000000000000e+00 1.200000000000000000e+02 8.700000000000000000e+02 1.518000000000000000e+03 1.147000000000000000e+03 2.324000000000000000e+03 9.280000000000000000e+02 9.000000000000000000e+01 7.300000000000000000e+01 2.800000000000000000e+01 3.300000000000000000e+01 1.240000000000000000e+03 3.052000000000000000e+03 1.580000000000000000e+02 0.000000000000000000e+00 5.300000000000000000e+01 1.200000000000000000e+01 2.600000000000000000e+01 6.000000000000000000e+00 7.100000000000000000e+01 0.000000000000000000e+00 1.000000000000000000e+00 6.000000000000000000e+00 0.000000000000000000e+00 0.000000000000000000e+00 9.000000000000000000e+00 4.600000000000000000e+01 2.700000000000000000e+01 7.400000000000000000e+01 8.000000000000000000e+00 0.000000000000000000e+00 1.000000000000000000e+00 1.100000000000000000e+01 3.300000000000000000e+01 3.600000000000000000e+01 5.000000000000000000e+00 0.000000000000000000e+00 0.000000000000000000e+00 0.000000000000000000e+00 0.000000000000000000e+00 0.000000000000000000e+00 0.000000000000000000e+00 0.000000000000000000e+00 0.000000000000000000e+00 0.000000000000000000e+00 4.000000000000000000e+00 0.000000000000000000e+00 1.000000000000000000e+00 8.000000000000000000e+00 4.000000000000000000e+00 0.000000000000000000e+00 0.000000000000000000e+00 0.000000000000000000e+00 0.000000000000000000e+00 1.100000000000000000e+01 2.500000000000000000e+01 3.000000000000000000e+00 0.000000000000000000e+00 0.000000000000000000e+00 0.000000000000000000e+00 1.000000000000000000e+00 1.000000000000000000e+00 0.000000000000000000e+00
0.000000000000000000e+00 0.000000000000000000e+00 0.000000000000000000e+00 1.200000000000000000e+03 2.731000000000000000e+03 3.447000000000000000e+03 7.600000000000000000e+01 1.337000000000000000e+03 9.460000000000000000e+02 1.657500000000000000e+04 9.180000000000000000e+03 9.989600000000000000e+04 6.516000000000000000e+03 7.297000000000000000e+03 4.650000000000000000e+02 3.683000000000000000e+03 2.648000000000000000e+03 2.341000000000000000e+03 6.850000000000000000e+02 0.000000000000000000e+00 2.000000000000000000e+00 0.000000000000000000e+00 0.000000000000000000e+00 2.000000000000000000e+00 2.000000000000000000e+00 3.700000000000000000e+01 1.000000000000000000e+00 1.300000000000000000e+01 3.294000000000000000e+03 8.490000000000000000e+02 1.720000000000000000e+02 2.363000000000000000e+03 7.890000000000000000e+02 2.400000000000000000e+01 5.000000000000000000e+00 3.000000000000000000e+00 1.000000000000000000e+00 2.949000000000000000e+03 6.045000000000000000e+03 3.600000000000000000e+02 0.000000000000000000e+00 7.300000000000000000e+01 3.000000000000000000e+00 2.000000000000000000e+01 6.700000000000000000e+01 7.500000000000000000e+01 0.000000000000000000e+00 6.000000000000000000e+00 1.600000000000000000e+01 0.000000000000000000e+00 1.200000000000000000e+01 8.000000000000000000e+00 7.700000000000000000e+01 2.500000000000000000e+01 3.460000000000000000e+02 1.600000000000000000e+01 5.000000000000000000e+00 2.000000000000000000e+00 6.400000000000000000e+01 7.200000000000000000e+01 9.800000000000000000e+01 7.000000000000000000e+00 0.000000000000000000e+00 0.000000000000000000e+00 0.000000000000000000e+00 0.000000000000000000e+00 0.000000000000000000e+00 0.000000000000000000e+00 0.000000000000000000e+00 0.000000000000000000e+00 0.000000000000000000e+00 3.000000000000000000e+00 1.000000000000000000e+00 3.000000000000000000e+00 5.000000000000000000e+00 8.000000000000000000e+00 0.000000000000000000e+00 0.000000000000000000e+00 0.000000000000000000e+00 0.000000000000000000e+00 2.000000000000000000e+01 3.400000000000000000e+01 5.000000000000000000e+00 0.000000000000000000e+00 1.000000000000000000e+00 1.000000000000000000e+00 0.000000000000000000e+00 6.000000000000000000e+00 1.000000000000000000e+00
0.000000000000000000e+00 0.000000000000000000e+00 0.000000000000000000e+00 2.000000000000000000e+00 3.500000000000000000e+01 8.800000000000000000e+01 6.700000000000000000e+01 2.310000000000000000e+02 2.859000000000000000e+03 1.346000000000000000e+03 2.715000000000000000e+03 6.516000000000000000e+03 4.559200000000000000e+04 8.947000000000000000e+03 2.557000000000000000e+03 1.380000000000000000e+02 9.900000000000000000e+01 7.740000000000000000e+02 1.090000000000000000e+02 0.000000000000000000e+00 6.000000000000000000e+00 0.000000000000000000e+00 3.000000000000000000e+00 5.000000000000000000e+00 1.700000000000000000e+01 3.610000000000000000e+02 1.800000000000000000e+01 7.600000000000000000e+01 1.161200000000000000e+04 5.345000000000000000e+03 4.530000000000000000e+02 3.070000000000000000e+03 4.440000000000000000e+02 2.100000000000000000e+01 2.400000000000000000e+01 7.000000000000000000e+00 5.000000000000000000e+00 1.105000000000000000e+03 1.289800000000000000e+04 3.751000000000000000e+03 0.000000000000000000e+00 3.730000000000000000e+02 7.000000000000000000e+00 1.680000000000000000e+02 0.000000000000000000e+00 1.570000000000000000e+02 0.000000000000000000e+00 0.000000000000000000e+00 1.000000000000000000e+00 0.000000000000000000e+00 0.000000000000000000e+00 0.000000000000000000e+00 6.000000000000000000e+00 9.000000000000000000e+00 6.000000000000000000e+00 9.000000000000000000e+00 0.000000000000000000e+00 0.000000000000000000e+00 0.000000000000000000e+00 6.000000000000000000e+00 2.800000000000000000e+01 6.000000000000000000e+00 0.000000000000000000e+00 0.000000000000000000e+00 0.000000000000000000e+00 0.000000000000000000e+00 0.000000000000000000e+00 0.000000000000000000e+00 0.000000000000000000e+00 0.000000000000000000e+00 0.000000000000000000e+00 0.000000000000000000e+00 0.000000000000000000e+00 0.000000000000000000e+00 1.000000000000000000e+00 1.000000000000000000e+00 0.000000000000000000e+00 0.000000000000000000e+00 0.000000000000000000e+00 0.000000000000000000e+00 9.000000000000000000e+00 3.000000000000000000e+00 5.000000000000000000e+00 0.000000000000000000e+00 1.000000000000000000e+00 0.000000000000000000e+00 1.000000000000000000e+00 0.000000000000000000e+00 1.000000000000000000e+00
0.000000000000000000e+00 0.000000000000000000e+00 0.000000000000000000e+00 0.000000000000000000e+00 2.500000000000000000e+01 3.900000000000000000e+01 0.000000000000000000e+00 1.200000000000000000e+01 9.000000000000000000e+00 2.480000000000000000e+02 1.720000000000000000e+02 7.297000000000000000e+03 8.947000000000000000e+03 6.541000000000000000e+03 2.500000000000000000e+01 1.140000000000000000e+02 6.900000000000000000e+01 1.480000000000000000e+02 3.600000000000000000e+01 0.000000000000000000e+00 0.000000000000000000e+00 0.000000000000000000e+00 0.000000000000000000e+00 0.000000000000000000e+00 0.000000000000000000e+00 2.000000000000000000e+00 0.000000000000000000e+00 0.000000000000000000e+00 6.267000000000000000e+03 9.500000000000000000e+01 3.000000000000000000e+00 1.700000000000000000e+02 1.570000000000000000e+02 0.000000000000000000e+00 0.000000000000000000e+00 0.000000000000000000e+00 0.000000000000000000e+00 1.110000000000000000e+02 1.540000000000000000e+02 1.100000000000000000e+02 0.000000000000000000e+00 3.000000000000000000e+00 0.000000000000000000e+00 1.000000000000000000e+01 1.000000000000000000e+00 8.000000000000000000e+00 0.000000000000000000e+00 1.000000000000000000e+00 0.000000000000000000e+00 0.000000000000000000e+00 0.000000000000000000e+00 0.000000000000000000e+00 3.000000000000000000e+00 1.000000000000000000e+00 1.000000000000000000e+00 0.000000000000000000e+00 0.000000000000000000e+00 0.000000000000000000e+00 1.000000000000000000e+00 2.000000000000000000e+00 1.000000000000000000e+00 0.000000000000000000e+00 0.000000000000000000e+00 0.000000000000000000e+00 0.000000000000000000e+00 0.000000000000000000e+00 0.000000000000000000e+00 0.000000000000000000e+00 0.000000000000000000e+00 0.000000000000000000e+00 0.000000000000000000e+00 0.000000000000000000e+00 0.000000000000000000e+00 0.000000000000000000e+00 0.000000000000000000e+00 0.000000000000000000e+00 0.000000000000000000e+00 0.000000000000000000e+00 0.000000000000000000e+00 0.000000000000000000e+00 2.000000000000000000e+00 0.000000000000000000e+00 0.000000000000000000e+00 0.000000000000000000e+00 0.000000000000000000e+00 0.000000000000000000e+00 0.000000000000000000e+00 0.000000000000000000e+00 0.000000000000000000e+00
0.000000000000000000e+00 0.000000000000000000e+00 0.000000000000000000e+00 2.000000000000000000e+00 9.100000000000000000e+01 6.190000000000000000e+02 2.360000000000000000e+02 8.630000000000000000e+02 1.685000000000000000e+03 1.171000000000000000e+03 9.870000000000000000e+02 4.650000000000000000e+02 2.557000000000000000e+03 2.500000000000000000e+01 1.125400000000000000e+04 8.800000000000000000e+01 4.000000000000000000e+01 1.250000000000000000e+02 4.630000000000000000e+02 2.000000000000000000e+01 1.660000000000000000e+02 1.100000000000000000e+01 8.800000000000000000e+01 3.170000000000000000e+02 7.300000000000000000e+02 1.515000000000000000e+03 5.560000000000000000e+02 4.090000000000000000e+02 2.139000000000000000e+03 1.035000000000000000e+03 1.572000000000000000e+03 2.407000000000000000e+03 7.120000000000000000e+02 7.900000000000000000e+01 3.660000000000000000e+02 8.800000000000000000e+01 1.750000000000000000e+02 2.840000000000000000e+02 1.071700000000000000e+04 4.330000000000000000e+02 0.000000000000000000e+00 5.330000000000000000e+02 6.500000000000000000e+02 4.150000000000000000e+02 1.000000000000000000e+01 4.260000000000000000e+02 0.000000000000000000e+00 0.000000000000000000e+00 1.000000000000000000e+00 0.000000000000000000e+00 0.000000000000000000e+00 1.000000000000000000e+00 1.500000000000000000e+01 1.000000000000000000e+01 1.600000000000000000e+01 4.000000000000000000e+00 0.000000000000000000e+00 0.000000000000000000e+00 2.000000000000000000e+00 6.000000000000000000e+00 9.000000000000000000e+00 7.000000000000000000e+00 0.000000000000000000e+00 0.000000000000000000e+00 0.000000000000000000e+00 0.000000000000000000e+00 0.000000000000000000e+00 0.000000000000000000e+00 0.000000000000000000e+00 0.000000000000000000e+00 0.000000000000000000e+00 3.000000000000000000e+00 0.000000000000000000e+00 1.000000000000000000e+00 3.000000000000000000e+00 4.000000000000000000e+00 0.000000000000000000e+00 0.000000000000000000e+00 0.000000000000000000e+00 0.000000000000000000e+00 2.000000000000000000e+00 2.000000000000000000e+00 1.000000000000000000e+00 0.000000000000000000e+00 0.000000000000000000e+00 2.000000000000000000e+00 0.000000000000000000e+00 0.000000000000000000e+00 0.000000000000000000e+00
0.000000000000000000e+00 0.000000000000000000e+00 0.000000000000000000e+00 4.000000000000000000e+00 6.140000000000000000e+02 5.750000000000000000e+02 2.100000000000000000e+01 5.730000000000000000e+02 3.630000000000000000e+02 1.495000000000000000e+03 4.320000000000000000e+02 3.683000000000000000e+03 1.380000000000000000e+02 1.140000000000000000e+02 8.800000000000000000e+01 4.117000000000000000e+03 1.843000000000000000e+03 2.089000000000000000e+03 1.695000000000000000e+03 0.000000000000000000e+00 0.000000000000000000e+00 0.000000000000000000e+00 0.000000000000000000e+00 0.000000000000000000e+00 1.000000000000000000e+00 7.000000000000000000e+00 4.000000000000000000e+00 0.000000000000000000e+00 8.500000000000000000e+01 6.700000000000000000e+01 1.700000000000000000e+01 5.030000000000000000e+02 5.420000000000000000e+02 2.000000000000000000e+00 0.000000000000000000e+00 0.000000000000000000e+00 4.000000000000000000e+00 1.378000000000000000e+03 2.148000000000000000e+03 7.800000000000000000e+01 0.000000000000000000e+00 1.700000000000000000e+01 0.000000000000000000e+00 6.000000000000000000e+00 4.720000000000000000e+02 6.000000000000000000e+00 1.000000000000000000e+00 1.000000000000000000e+00 1.000000000000000000e+01 0.000000000000000000e+00 2.000000000000000000e+00 3.000000000000000000e+00 3.500000000000000000e+01 7.000000000000000000e+00 3.000000000000000000e+01 3.000000000000000000e+00 1.000000000000000000e+00 0.000000000000000000e+00 3.300000000000000000e+01 4.100000000000000000e+01 3.400000000000000000e+01 8.000000000000000000e+00 0.000000000000000000e+00 0.000000000000000000e+00 0.000000000000000000e+00 0.000000000000000000e+00 0.000000000000000000e+00 0.000000000000000000e+00 0.000000000000000000e+00 0.000000000000000000e+00 0.000000000000000000e+00 2.000000000000000000e+00 0.000000000000000000e+00 0.000000000000000000e+00 6.000000000000000000e+00 2.000000000000000000e+00 0.000000000000000000e+00 0.000000000000000000e+00 0.000000000000000000e+00 0.000000000000000000e+00 1.800000000000000000e+01 2.300000000000000000e+01 2.000000000000000000e+00 0.000000000000000000e+00 0.000000000000000000e+00 0.000000000000000000e+00 0.000000000000000000e+00 1.200000000000000000e+01 0.000000000000000000e+00
0.000000000000000000e+00 0.000000000000000000e+00 0.000000000000000000e+00 2.000000000000000000e+00 9.600000000000000000e+01 7.200000000000000000e+01 6.000000000000000000e+00 4.700000000000000000e+01 1.590000000000000000e+02 9.740000000000000000e+02 8.330000000000000000e+02 2.648000000000000000e+03 9.900000000000000000e+01 6.900000000000000000e+01 4.000000000000000000e+01 1.843000000000000000e+03 2.400000000000000000e+03 1.691000000000000000e+03 3.280000000000000000e+02 0.000000000000000000e+00 0.000000000000000000e+00 0.000000000000000000e+00 0.000000000000000000e+00 0.000000000000000000e+00 0.000000000000000000e+00 2.000000000000000000e+00 0.000000000000000000e+00 1.000000000000000000e+00 5.000000000000000000e+01 6.000000000000000000e+01 1.100000000000000000e+01 1.560000000000000000e+02 1.630000000000000000e+02 2.000000000000000000e+00 0.000000000000000000e+00 0.000000000000000000e+00 0.000000000000000000e+00 2.430000000000000000e+02 5.180000000000000000e+02 4.000000000000000000e+01 0.000000000000000000e+00 4.000000000000000000e+00 0.000000000000000000e+00 4.000000000000000000e+00 7.000000000000000000e+00 9.000000000000000000e+00 0.000000000000000000e+00 4.000000000000000000e+00 5.000000000000000000e+00 0.000000000000000000e+00 1.300000000000000000e+01 2.900000000000000000e+01 1.270000000000000000e+02 2.100000000000000000e+01 1.120000000000000000e+02 1.000000000000000000e+01 0.000000000000000000e+00 0.000000000000000000e+00 3.400000000000000000e+01 5.900000000000000000e+01 1.020000000000000000e+02 2.600000000000000000e+01 0.000000000000000000e+00 0.000000000000000000e+00 0.000000000000000000e+00 0.000000000000000000e+00 0.000000000000000000e+00 0.000000000000000000e+00 0.000000000000000000e+00 0.000000000000000000e+00 0.000000000000000000e+00 4.000000000000000000e+00 2.000000000000000000e+00 0.000000000000000000e+00 2.000000000000000000e+00 9.000000000000000000e+00 0.000000000000000000e+00 0.000000000000000000e+00 0.000000000000000000e+00 0.000000000000000000e+00 1.900000000000000000e+01 2.600000000000000000e+01 3.000000000000000000e+00 0.000000000000000000e+00 0.000000000000000000e+00 0.000000000000000000e+00 0.000000000000000000e+00 6.000000000000000000e+00 0.000000000000000000e+00
