0.000000000000000000e+00 0.000000000000000000e+00 0.000000000000000000e+00 0.000000000000000000e+00 0.000000000000000000e+00 0.000000000000000000e+00 0.000000000000000000e+00 0.000000000000000000e+00 0.000000000000000000e+00 0.000000000000000000e+00 0.000000000000000000e+00 0.000000000000000000e+00 0.000000000000000000e+00 0.000000000000000000e+00 0.000000000000000000e+00 0.000000000000000000e+00 0.000000000000000000e+00 0.000000000000000000e+00 0.000000000000000000e+00 0.000000000000000000e+00 0.000000000000000000e+00 0.000000000000000000e+00 0.000000000000000000e+00 0.000000000000000000e+00 0.000000000000000000e+00 0.000000000000000000e+00 0.000000000000000000e+00 0.000000000000000000e+00 0.000000000000000000e+00 0.000000000000000000e+00 0.000000000000000000e+00 0.000000000000000000e+00 0.000000000000000000e+00 0.000000000000000000e+00 0.000000000000000000e+00 0.000000000000000000e+00 0.000000000000000000e+00 0.000000000000000000e+00 0.000000000000000000e+00 0.000000000000000000e+00 0.000000000000000000e+00 0.000000000000000000e+00 0.000000000000000000e+00 0.000000000000000000e+00 0.000000000000000000e+00 0.000000000000000000e+00 0.000000000000000000e+00 0.000000000000000000e+00 0.000000000000000000e+00 0.000000000000000000e+00 0.000000000000000000e+00 0.000000000000000000e+00 0.000000000000000000e+00 0.000000000000000000e+00 0.000000000000000000e+00 0.000000000000000000e+00 0.000000000000000000e+00 0.000000000000000000e+00 0.000000000000000000e+00 0.000000000000000000e+00 0.000000000000000000e+00 0.000000000000000000e+00 0.000000000000000000e+00 0.000000000000000000e+00 0.000000000000000000e+00 0.000000000000000000e+00 0.000000000000000000e+00 0.000000000000000000e+00 0.000000000000000000e+00 0.000000000000000000e+00 0.000000000000000000e+00 0.000000000000000000e+00 0.000000000000000000e+00 0.000000000000000000e+00 0.000000000000000000e+00 0.000000000000000000e+00 0.000000000000000000e+00 0.000000000000000000e+00 0.000000000000000000e+00 0.000000000000000000e+00 0.000000000000000000e+00 0.000000000000000000e+00 0.000000000000000000e+00 0.000000000000000000e+00 0.000000000000000000e+00 0.000000000000000000e+00 0.000000000000000000e+00 0.000000000000000000e+00 0.000000000000000000e+00
0.000000000000000000e+00 0.000000000000000000e+00 0.000000000000000000e+00 0.000000000000000000e+00 0.000000000000000000e+00 0.000000000000000000e+00 0.000000000000000000e+00 0.000000000000000000e+00 0.000000000000000000e+00 0.000000000000000000e+00 0.000000000000000000e+00 0.000000000000000000e+00 0.000000000000000000e+00 0.000000000000000000e+00 0.000000000000000000e+00 0.000000000000000000e+00 0.000000000000000000e+00 0.000000000000000000e+00 0.000000000000000000e+00 0.000000000000000000e+00 0.000000000000000000e+00 0.000000000000000000e+00 0.000000000000000000e+00 0.000000000000000000e+00 0.000000000000000000e+00 0.000000000000000000e+00 0.000000000000000000e+00 0.000000000000000000e+00 0.000000000000000000e+00 0.000000000000000000e+00 0.000000000000000000e+00 0.000000000000000000e+00 0.000000000000000000e+00 0.000000000000000000e+00 0.000000000000000000e+00 0.000000000000000000e+00 0.000000000000000000e+00 0.000000000000000000e+00 0.000000000000000000e+00 0.000000000000000000e+00 0.000000000000000000e+00 0.000000000000000000e+00 0.000000000000000000e+00 0.000000000000000000e+00 0.000000000000000000e+00 0.000000000000000000e+00 0.000000000000000000e+00 0.000000000000000000e+00 0.000000000000000000e+00 0.000000000000000000e+00 0.000000000000000000e+00 0.000000000000000000e+00 0.000000000000000000e+00 0.000000000000000000e+00 0.000000000000000000e+00 0.000000000000000000e+00 0.000000000000000000e+00 0.000000000000000000e+00 0.000000000000000000e+00 0.000000000000000000e+00 0.000000000000000000e+00 0.000000000000000000e+00 0.000000000000000000e+00 0.000000000000000000e+00 0.000000000000000000e+00 0.000000000000000000e+00 0.000000000000000000e+00 0.000000000000000000e+00 0.000000000000000000e+00 0.000000000000000000e+00 0.000000000000000000e+00 0.000000000000000000e+00 0.000000000000000000e+00 0.000000000000000000e+00 0.000000000000000000e+00 0.000000000000000000e+00 0.000000000000000000e+00 0.000000000000000000e+00 0.000000000000000000e+00 0.000000000000000000e+00 0.000000000000000000e+00 0.000000000000000000e+00 0.000000000000000000e+00 0.000000000000000000e+00 0.000000000000000000e+00 0.000000000000000000e+00 0.000000000000000000e+00 0.000000000000000000e+00 0.000000000000000000e+00
0.000000000000000000e+00 0.000000000000000000e+00 0.000000000000000000e+00 0.000000000000000000e+00 0.000000000000000000e+00 0.000000000000000000e+00 0.000000000000000000e+00 0.000000000000000000e+00 0.000000000000000000e+00 0.000000000000000000e+00 0.000000000000000000e+00 0.000000000000000000e+00 0.000000000000000000e+00 0.000000000000000000e+00 0.000000000000000000e+00 0.000000000000000000e+00 0.000000000000000000e+00 0.000000000000000000e+00 0.000000000000000000e+00 0.000000000000000000e+00 0.000000000000000000e+00 0.000000000000000000e+00 0.000000000000000000e+00 0.000000000000000000e+00 0.000000000000000000e+00 0.000000000000000000e+00 0.000000000000000000e+00 0.000000000000000000e+00 0.000000000000000000e+00 0.000000000000000000e+00 0.000000000000000000e+00 0.000000000000000000e+00 0.000000000000000000e+00 0.000000000000000000e+00 0.000000000000000000e+00 0.000000000000000000e+00 0.000000000000000000e+00 0.000000000000000000e+00 0.000000000000000000e+00 0.000000000000000000e+00 0.000000000000000000e+00 0.000000000000000000e+00 0.000000000000000000e+00 0.000000000000000000e+00 0.000000000000000000e+00 0.000000000000000000e+00 0.000000000000000000e+00 0.000000000000000000e+00 0.000000000000000000e+00 0.000000000000000000e+00 0.000000000000000000e+00 0.000000000000000000e+00 0.000000000000000000e+00 0.000000000000000000e+00 0.000000000000000000e+00 0.000000000000000000e+00 0.000000000000000000e+00 0.000000000000000000e+00 0.000000000000000000e+00 0.000000000000000000e+00 0.000000000000000000e+00 0.000000000000000000e+00 0.000000000000000000e+00 0.000000000000000000e+00 0.000000000000000000e+00 0.000000000000000000e+00 0.000000000000000000e+00 0.000000000000000000e+00 0.000000000000000000e+00 0.000000000000000000e+00 0.000000000000000000e+00 0.000000000000000000e+00 0.000000000000000000e+00 0.000000000000000000e+00 0.000000000000000000e+00 0.000000000000000000e+00 0.000000000000000000e+00 0.000000000000000000e+00 0.000000000000000000e+00 0.000000000000000000e+00 0.000000000000000000e+00 0.000000000000000000e+00 0.000000000000000000e+00 0.000000000000000000e+00 0.000000000000000000e+00 0.000000000000000000e+00 0.000000000000000000e+00 0.000000000000000000e+00 0.000000000000000000e+00
0.000000000000000000e+00 0.000000000000000000e+00 0.000000000000000000e+00 5.132701421800943464e+00 6.217124277456644421e+00 1.317424242424242031e+01 3.106249999999999645e+01 3.123684210526314686e+01 4.318749999999997158e+01 1.003112840466925348e+01 4.849999999999998579e+01 5.649583333333331403e+00 5.424999999999998579e+01 0.000000000000000000e+00 3.299999999999998579e+01 2.950000000000000000e+01 4.950000000000000000e+01 0.000000000000000000e+00 0.000000000000000000e+00 0.000000000000000000e+00 0.000000000000000000e+00 0.000000000000000000e+00 0.000000000000000000e+00 0.000000000000000000e+00 0.000000000000000000e+00 0.000000000000000000e+00 0.000000000000000000e+00 0.000000000000000000e+00 6.924999999999997158e+01 0.000000000000000000e+00 0.000000000000000000e+00 8.449999999999994316e+01 8.649999999999997158e+01 0.000000000000000000e+00 0.000000000000000000e+00 0.000000000000000000e+00 0.000000000000000000e+00 3.127659574468083292e+01 3.470338983050844917e+01 5.799999999999997868e+01 0.000000000000000000e+00 0.000000000000000000e+00 0.000000000000000000e+00 0.000000000000000000e+00 3.324999999999997158e+01 0.000000000000000000e+00 0.000000000000000000e+00 0.000000000000000000e+00 5.049999999999995737e+01 0.000000000000000000e+00 0.000000000000000000e+00 0.000000000000000000e+00 0.000000000000000000e+00 0.000000000000000000e+00 0.000000000000000000e+00 0.000000000000000000e+00 0.000000000000000000e+00 0.000000000000000000e+00 0.000000000000000000e+00 0.000000000000000000e+00 0.000000000000000000e+00 0.000000000000000000e+00 0.000000000000000000e+00 0.000000000000000000e+00 0.000000000000000000e+00 0.000000000000000000e+00 0.000000000000000000e+00 0.000000000000000000e+00 0.000000000000000000e+00 0.000000000000000000e+00 0.000000000000000000e+00 0.000000000000000000e+00 0.000000000000000000e+00 0.000000000000000000e+00 0.000000000000000000e+00 0.000000000000000000e+00 0.000000000000000000e+00 0.000000000000000000e+00 0.000000000000000000e+00 0.000000000000000000e+00 4.199999999999997868e+01 0.000000000000000000e+00 0.000000000000000000e+00 0.000000000000000000e+00 0.000000000000000000e+00 0.000000000000000000e+00 0.000000000000000000e+00 0.000000000000000000e+00 0.000000000000000000e+00
0.000000000000000000e+00 0.000000000000000000e+00 0.000000000000000000e+00 6.217124277456644421e+00 9.700007185456628989e+00 1.001478958663804697e+01 2.673134328358208123e+01 2.297858197932051993e+01 3.652777777777776436e+01 1.951474530831097809e+01 4.388524590163932970e+01 1.935774441596484152e+01 6.094285714285711464e+01 6.457999999999998408e+01 3.255494505494504409e+01 1.421091205211725850e+01 2.887500000000000000e+01 5.037623762376235703e+01 6.187113402061851986e+01 0.000000000000000000e+00 0.000000000000000000e+00 0.000000000000000000e+00 0.000000000000000000e+00 0.000000000000000000e+00 0.000000000000000000e+00 2.750000000000002132e+01 0.000000000000000000e+00 0.000000000000000000e+00 6.834090909090906507e+01 8.617857142857140218e+01 7.749999999999998579e+01 7.981395348837207848e+01 7.064999999999996305e+01 8.849999999999997158e+01 0.000000000000000000e+00 0.000000000000000000e+00 0.000000000000000000e+00 1.445615212527963500e+01 2.101326150020720007e+01 3.097058823529410532e+01 0.000000000000000000e+00 5.050000000000000000e+01 0.000000000000000000e+00 0.000000000000000000e+00 6.163938153706227219e+00 9.424999999999997158e+00 0.000000000000000000e+00 4.174999999999995737e+01 5.483333333333329307e+01 0.000000000000000000e+00 4.349999999999992184e+01 5.899999999999983658e+01 5.509999999999995168e+01 6.524999999999995737e+01 6.216666666666660745e+01 0.000000000000000000e+00 0.000000000000000000e+00 0.000000000000000000e+00 2.375000000000000711e+01 2.750000000000002132e+01 5.662499999999998579e+01 5.749999999999998579e+01 0.000000000000000000e+00 0.000000000000000000e+00 0.000000000000000000e+00 0.000000000000000000e+00 0.000000000000000000e+00 0.000000000000000000e+00 0.000000000000000000e+00 0.000000000000000000e+00 0.000000000000000000e+00 0.000000000000000000e+00 0.000000000000000000e+00 0.000000000000000000e+00 0.000000000000000000e+00 0.000000000000000000e+00 0.000000000000000000e+00 0.000000000000000000e+00 0.000000000000000000e+00 0.000000000000000000e+00 2.785294117647056211e+01 6.616666666666662877e+01 1.299999999999998224e+01 0.000000000000000000e+00 4.199999999999998579e+01 0.000000000000000000e+00 0.000000000000000000e+00 1.719999999999998153e+01 1.650000000000001776e+01
0.000000000000000000e+00 0.000000000000000000e+00 0.000000000000000000e+00 1.317424242424242031e+01 1.001478958663804697e+01 1.314594517554277608e+01 9.974442988204451410e+00 1.540022769612916065e+01 3.067449664429528866e+01 1.694623065949741658e+01 4.218786127167629019e+01 2.431404119524223262e+01 5.596590909090907218e+01 6.664102564102562098e+01 2.376575121163165250e+01 2.279391304347824843e+01 3.915277777777776436e+01 5.534042553191487457e+01 7.352499999999997726e+01 0.000000000000000000e+00 0.000000000000000000e+00 0.000000000000000000e+00 0.000000000000000000e+00 0.000000000000000000e+00 3.866666666666663588e+01 2.658333333333332860e+01 0.000000000000000000e+00 7.916666666666665719e+01 6.827659574468083292e+01 6.708333333333331439e+01 8.041304347826086030e+01 8.159302325581393234e+01 7.899553571428567977e+01 8.359999999999998010e+01 8.869999999999998863e+01 0.000000000000000000e+00 0.000000000000000000e+00 1.920266812865495965e+01 1.828753572213672030e+01 2.817441860465115866e+01 0.000000000000000000e+00 4.003571428571427049e+01 8.112499999999995737e+01 2.811538461538461675e+01 1.984448818897636357e+01 3.311764705882352189e+01 0.000000000000000000e+00 4.599999999999998579e+01 5.408333333333330728e+01 0.000000000000000000e+00 4.249999999999995737e+01 4.449999999999996447e+01 5.789999999999999858e+01 7.066666666666655772e+01 6.331818181818176328e+01 7.800000000000001421e+01 0.000000000000000000e+00 7.099999999999988631e+01 3.439999999999997726e+01 3.937499999999999289e+01 0.000000000000000000e+00 0.000000000000000000e+00 0.000000000000000000e+00 0.000000000000000000e+00 0.000000000000000000e+00 0.000000000000000000e+00 0.000000000000000000e+00 0.000000000000000000e+00 0.000000000000000000e+00 0.000000000000000000e+00 0.000000000000000000e+00 0.000000000000000000e+00 0.000000000000000000e+00 0.000000000000000000e+00 1.057499999999999716e+02 0.000000000000000000e+00 0.000000000000000000e+00 0.000000000000000000e+00 0.000000000000000000e+00 0.000000000000000000e+00 2.864516129032255165e+01 4.529999999999995453e+01 0.000000000000000000e+00 0.000000000000000000e+00 0.000000000000000000e+00 0.000000000000000000e+00 0.000000000000000000e+00 3.174999999999997513e+01 0.000000000000000000e+00
0.000000000000000000e+00 0.000000000000000000e+00 0.000000000000000000e+00 3.106249999999999645e+01 2.673134328358208123e+01 9.974442988204451410e+00 8.347097442985482729e+00 8.104031209362807076e+00 2.510833333333332718e+01 1.394084659913168878e+01 4.542499999999998295e+01 4.086842105263155389e+01 5.045522388059700347e+01 0.000000000000000000e+00 4.306567796610168131e+01 3.204761904761905100e+01 4.099999999999998579e+01 5.349999999999997868e+01 6.764999999999997726e+01 0.000000000000000000e+00 8.399999999999998579e+01 0.000000000000000000e+00 0.000000000000000000e+00 0.000000000000000000e+00 0.000000000000000000e+00 1.027000000000000028e+02 4.599999999999992895e+01 7.499999999999995737e+01 5.649180327868850782e+01 5.470588235294115975e+01 6.767857142857140218e+01 7.250342465753423937e+01 6.977272727272726627e+01 7.549999999999997158e+01 8.149999999999995737e+01 0.000000000000000000e+00 8.350000000000000000e+01 2.955769230769229949e+01 2.555434782608693922e+01 4.970000000000000284e+01 0.000000000000000000e+00 6.174999999999999289e+01 0.000000000000000000e+00 0.000000000000000000e+00 3.407142857142854098e+01 0.000000000000000000e+00 0.000000000000000000e+00 0.000000000000000000e+00 0.000000000000000000e+00 0.000000000000000000e+00 6.749999999999991473e+01 0.000000000000000000e+00 6.649999999999992895e+01 6.049999999999997868e+01 0.000000000000000000e+00 0.000000000000000000e+00 0.000000000000000000e+00 0.000000000000000000e+00 0.000000000000000000e+00 0.000000000000000000e+00 0.000000000000000000e+00 0.000000000000000000e+00 0.000000000000000000e+00 0.000000000000000000e+00 0.000000000000000000e+00 0.000000000000000000e+00 0.000000000000000000e+00 0.000000000000000000e+00 0.000000000000000000e+00 0.000000000000000000e+00 0.000000000000000000e+00 0.000000000000000000e+00 0.000000000000000000e+00 0.000000000000000000e+00 0.000000000000000000e+00 0.000000000000000000e+00 0.000000000000000000e+00 0.000000000000000000e+00 0.000000000000000000e+00 0.000000000000000000e+00 4.499999999999998579e+01 0.000000000000000000e+00 0.000000000000000000e+00 0.000000000000000000e+00 0.000000000000000000e+00 0.000000000000000000e+00 0.000000000000000000e+00 0.000000000000000000e+00 0.000000000000000000e+00
0.000000000000000000e+00 0.000000000000000000e+00 0.000000000000000000e+00 3.123684210526314686e+01 2.297858197932051993e+01 1.540022769612916065e+01 8.104031209362807076e+00 8.767892317793826606e+00 9.975285588752196730e+00 2.002488302849850399e+01 3.097435897435896379e+01 2.966192969334329632e+01 4.099134199134197587e+01 6.216666666666665009e+01 3.465816917728851365e+01 2.103752181500871998e+01 3.087234042553190605e+01 5.249999999999997158e+01 6.384444444444442723e+01 0.000000000000000000e+00 1.059999999999999858e+02 0.000000000000000000e+00 6.433333333333328596e+01 0.000000000000000000e+00 7.416666666666664298e+01 6.874999999999998579e+01 4.299999999999996447e+01 7.400000000000001421e+01 5.025781249999997868e+01 4.747093023255813193e+01 6.238461538461535838e+01 6.643574766355139616e+01 6.206006493506491495e+01 6.287499999999999289e+01 7.509999999999999432e+01 6.383333333333330728e+01 8.200000000000000000e+01 2.527302631578946901e+01 2.262624821683308696e+01 4.474999999999997868e+01 0.000000000000000000e+00 3.516666666666669272e+01 0.000000000000000000e+00 5.816666666666665009e+01 2.597222222222220722e+01 4.916666666666663588e+01 0.000000000000000000e+00 3.649999999999998579e+01 3.959999999999996589e+01 0.000000000000000000e+00 4.166666666666661456e+01 5.549999999999997158e+01 4.116666666666664298e+01 6.712499999999998579e+01 4.765384615384613909e+01 7.149999999999990052e+01 6.050000000000000000e+01 6.150000000000004974e+01 2.516666666666665719e+01 2.794999999999999574e+01 5.100000000000000711e+01 6.149999999999997868e+01 0.000000000000000000e+00 0.000000000000000000e+00 0.000000000000000000e+00 0.000000000000000000e+00 0.000000000000000000e+00 0.000000000000000000e+00 0.000000000000000000e+00 0.000000000000000000e+00 0.000000000000000000e+00 0.000000000000000000e+00 0.000000000000000000e+00 0.000000000000000000e+00 1.014999999999999432e+02 0.000000000000000000e+00 0.000000000000000000e+00 0.000000000000000000e+00 0.000000000000000000e+00 0.000000000000000000e+00 3.158333333333332504e+01 4.362499999999996447e+01 0.000000000000000000e+00 0.000000000000000000e+00 0.000000000000000000e+00 0.000000000000000000e+00 0.000000000000000000e+00 3.099999999999999645e+01 0.000000000000000000e+00
0.000000000000000000e+00 0.000000000000000000e+00 0.000000000000000000e+00 4.318749999999997158e+01 3.652777777777776436e+01 3.067449664429528866e+01 2.510833333333332718e+01 9.975285588752196730e+00 1.293296909881329881e+01 1.998243957703926910e+01 2.451219512195121908e+01 3.305708245243128118e+01 1.061822315494928226e+01 5.805555555555555713e+01 2.243264094955488730e+01 3.132920110192837626e+01 2.768553459119496196e+01 4.855555555555552871e+01 6.477499999999997726e+01 0.000000000000000000e+00 7.369999999999997442e+01 0.000000000000000000e+00 8.099999999999997158e+01 1.057499999999999858e+02 6.499999999999997158e+01 4.995348837209301252e+01 3.739999999999999147e+01 4.487096774193547333e+01 2.624636363636362901e+01 2.687794432548178847e+01 4.787631578947368638e+01 5.572118959107806546e+01 5.133333333333333570e+01 5.409090909090909349e+01 6.303125000000000000e+01 6.275000000000000000e+01 6.016666666666668561e+01 2.039636608344548918e+01 1.513604651162790482e+01 2.712637362637362770e+01 0.000000000000000000e+00 3.185294117647057988e+01 6.299999999999995737e+01 3.516666666666664298e+01 3.488461538461537259e+01 3.015178571428571530e+01 0.000000000000000000e+00 5.799999999999997158e+01 5.633333333333331439e+01 0.000000000000000000e+00 5.883333333333333570e+01 4.607142857142851966e+01 5.208333333333330017e+01 5.966666666666659324e+01 4.828947368421049191e+01 6.769999999999998863e+01 0.000000000000000000e+00 0.000000000000000000e+00 4.404761904761903679e+01 3.209999999999999432e+01 4.674999999999999289e+01 8.824999999999995737e+01 0.000000000000000000e+00 0.000000000000000000e+00 0.000000000000000000e+00 0.000000000000000000e+00 0.000000000000000000e+00 0.000000000000000000e+00 0.000000000000000000e+00 0.000000000000000000e+00 0.000000000000000000e+00 0.000000000000000000e+00 0.000000000000000000e+00 0.000000000000000000e+00 9.400000000000000000e+01 1.134999999999999432e+02 0.000000000000000000e+00 0.000000000000000000e+00 0.000000000000000000e+00 0.000000000000000000e+00 5.189999999999996305e+01 5.881818181818177749e+01 5.999999999999997158e+01 0.000000000000000000e+00 0.000000000000000000e+00 0.000000000000000000e+00 8.649999999999995737e+01 5.233333333333329307e+01 0.000000000000000000e+00
0.000000000000000000e+00 0.000000000000000000e+00 0.000000000000000000e+00 1.003112840466925348e+01 1.951474530831097809e+01 1.694623065949741658e+01 1.394084659913168878e+01 2.002488302849850399e+01 1.998243957703926910e+01 1.290439895818353300e+01 1.524695792405805150e+01 1.756461538461537586e+01 3.907986627043089101e+01 5.307459677419353028e+01 2.900640478223739294e+01 2.687591973244146359e+01 2.515195071868582488e+01 4.645275590551179334e+01 6.629831932773107894e+01 0.000000000000000000e+00 9.412499999999998579e+01 6.249999999999995026e+01 0.000000000000000000e+00 9.924999999999997158e+01 8.924999999999998579e+01 6.486666666666666003e+01 7.174999999999997158e+01 6.366071428571427759e+01 4.858981481481480103e+01 5.197097625329814008e+01 6.082731958762884972e+01 6.383171436072458249e+01 6.231900864029103104e+01 6.504504504504504325e+01 7.974242424242424931e+01 7.019999999999998863e+01 8.040000000000000568e+01 2.334939523995316435e+01 2.582557239243444513e+01 4.420784313725489056e+01 0.000000000000000000e+00 4.282142857142855519e+01 8.174999999999998579e+01 7.229999999999998295e+01 2.941958041958039516e+01 4.006249999999998579e+01 0.000000000000000000e+00 4.799999999999997868e+01 5.461538461538457767e+01 0.000000000000000000e+00 5.002380952380948287e+01 4.988888888888885020e+01 5.208510638297868667e+01 6.057894736842102645e+01 5.321590909090905086e+01 8.416666666666664298e+01 6.074999999999995737e+01 0.000000000000000000e+00 3.249999999999998579e+01 3.118548387096772245e+01 4.323684210526314331e+01 6.443749999999997158e+01 0.000000000000000000e+00 0.000000000000000000e+00 0.000000000000000000e+00 0.000000000000000000e+00 0.000000000000000000e+00 0.000000000000000000e+00 0.000000000000000000e+00 0.000000000000000000e+00 0.000000000000000000e+00 7.849999999999997158e+01 9.549999999999995737e+01 0.000000000000000000e+00 9.133333333333332860e+01 8.035714285714281857e+01 0.000000000000000000e+00 0.000000000000000000e+00 0.000000000000000000e+00 0.000000000000000000e+00 4.341999999999996618e+01 5.436111111111107874e+01 6.450000000000000000e+01 0.000000000000000000e+00 0.000000000000000000e+00 0.000000000000000000e+00 0.000000000000000000e+00 4.429999999999999716e+01 0.000000000000000000e+00
0.000000000000000000e+00 0.000000000000000000e+00 0.000000000000000000e+00 4.849999999999998579e+01 4.388524590163932970e+01 4.218786127167629019e+01 4.542499999999998295e+01 3.097435897435896379e+01 2.451219512195121908e+01 1.524695792405805150e+01 1.218371053366862178e+01 2.227581699346405131e+01 1.534585635359115940e+01 4.747674418604650981e+01 2.239614994934143866e+01 3.699999999999999289e+01 2.182713085234092887e+01 2.674557522123892994e+01 5.331176470588235361e+01 0.000000000000000000e+00 6.404347826086954854e+01 6.399999999999999289e+01 8.900000000000000000e+01 8.649999999999997158e+01 6.657894736842105488e+01 5.051190476190475920e+01 7.937500000000000000e+01 4.333333333333333570e+01 3.299712643678160617e+01 3.617028985507246119e+01 4.092458587619877619e+01 4.686919104991394391e+01 4.570204741379310320e+01 4.620555555555556282e+01 5.700684931506849296e+01 5.175000000000000000e+01 5.963636363636364024e+01 1.952903225806451104e+01 2.219429882044560998e+01 3.772784810126582045e+01 0.000000000000000000e+00 3.079245283018867951e+01 6.966666666666664298e+01 4.421153846153845279e+01 4.316666666666666430e+01 3.154929577464788792e+01 0.000000000000000000e+00 5.449999999999998579e+01 7.008333333333330017e+01 0.000000000000000000e+00 0.000000000000000000e+00 4.677777777777773593e+01 5.106521739130431570e+01 4.999999999999997158e+01 4.790540540540538217e+01 5.724999999999996447e+01 0.000000000000000000e+00 6.999999999999992895e+01 4.336363636363635976e+01 4.172727272727270531e+01 3.174999999999998579e+01 5.779999999999997584e+01 0.000000000000000000e+00 0.000000000000000000e+00 0.000000000000000000e+00 0.000000000000000000e+00 0.000000000000000000e+00 0.000000000000000000e+00 0.000000000000000000e+00 0.000000000000000000e+00 0.000000000000000000e+00 6.437499999999997158e+01 0.000000000000000000e+00 7.249999999999995737e+01 7.974999999999997158e+01 9.412499999999994316e+01 0.000000000000000000e+00 0.000000000000000000e+00 0.000000000000000000e+00 0.000000000000000000e+00 5.122727272727270531e+01 4.687999999999998124e+01 6.066666666666667851e+01 0.000000000000000000e+00 0.000000000000000000e+00 0.000000000000000000e+00 5.049999999999994316e+01 4.799999999999991473e+01 0.000000000000000000e+00
0.000000000000000000e+00 0.000000000000000000e+00 0.000000000000000000e+00 5.649583333333331403e+00 1.935774441596484152e+01 2.431404119524223262e+01 4.086842105263155389e+01 2.966192969334329632e+01 3.305708245243128118e+01 1.756461538461537586e+01 2.227581699346405131e+01 1.614037599103066967e+01 2.397429404542664244e+01 1.979930108263669553e+01 3.257634408602149989e+01 2.662177572631006583e+01 1.945789274924470647e+01 2.632742417770182897e+01 4.019562043795619388e+01 0.000000000000000000e+00 9.749999999999998579e+01 0.000000000000000000e+00 0.000000000000000000e+00 1.322500000000000000e+02 6.375000000000000000e+01 6.239189189189189477e+01 6.550000000000000000e+01 6.723076923076922640e+01 3.411262902246507878e+01 4.556301531213191680e+01 5.646802325581395365e+01 4.812124418112567525e+01 5.065779467680608406e+01 6.816666666666665719e+01 7.390000000000000568e+01 6.066666666666665719e+01 8.500000000000002842e+01 2.648965751102067401e+01 3.084789081885855211e+01 3.902638888888888147e+01 0.000000000000000000e+00 3.617808219178082396e+01 7.533333333333330017e+01 5.047499999999998721e+01 4.089552238805968898e+01 4.264666666666666828e+01 0.000000000000000000e+00 5.299999999999997868e+01 5.021874999999996447e+01 0.000000000000000000e+00 4.837499999999994316e+01 4.506249999999994316e+01 5.229870129870125339e+01 5.401999999999998181e+01 1.671820809248553985e+01 5.237499999999997868e+01 3.510000000000000142e+01 5.324999999999997868e+01 3.175781249999997868e+01 3.077083333333331439e+01 2.727040816326529793e+01 5.864285714285713169e+01 0.000000000000000000e+00 0.000000000000000000e+00 0.000000000000000000e+00 0.000000000000000000e+00 0.000000000000000000e+00 0.000000000000000000e+00 0.000000000000000000e+00 0.000000000000000000e+00 0.000000000000000000e+00 7.099999999999997158e+01 8.000000000000002842e+01 8.399999999999997158e+01 8.169999999999997442e+01 5.712499999999996447e+01 0.000000000000000000e+00 0.000000000000000000e+00 0.000000000000000000e+00 0.000000000000000000e+00 4.472499999999996589e+01 5.372058823529410176e+01 5.169999999999997442e+01 0.000000000000000000e+00 3.549999999999998579e+01 6.350000000000001421e+01 0.000000000000000000e+00 4.424999999999997158e+01 4.100000000000000000e+01
0.000000000000000000e+00 0.000000000000000000e+00 0.000000000000000000e+00 5.424999999999998579e+01 6.094285714285711464e+01 5.596590909090907218e+01 5.045522388059700347e+01 4.099134199134197587e+01 1.061822315494928226e+01 3.907986627043089101e+01 1.534585635359115940e+01 2.397429404542664244e+01 1.447117915423758561e+01 8.143958868894602077e+00 2.237192021900665040e+01 5.461956521739128334e+01 3.872727272727271242e+01 2.301937984496123946e+01 4.130275229357798139e+01 0.000000000000000000e+00 6.441666666666665719e+01 0.000000000000000000e+00 6.583333333333330017e+01 7.849999999999997158e+01 5.117647058823529704e+01 1.436980609418282562e+01 4.311111111111111427e+01 4.459868421052631504e+01 1.973019290389252589e+01 2.809775491113190071e+01 4.069867549668874318e+01 3.469511400651465749e+01 4.278490990990990639e+01 5.054761904761905100e+01 5.383333333333333570e+01 5.085714285714285410e+01 5.470000000000000284e+01 2.488099547511312082e+01 2.472170103892077364e+01 2.923567048786991052e+01 0.000000000000000000e+00 2.683512064343163672e+01 5.228571428571428470e+01 3.720535714285714590e+01 0.000000000000000000e+00 3.518152866242038357e+01 0.000000000000000000e+00 0.000000000000000000e+00 1.019999999999999858e+02 0.000000000000000000e+00 0.000000000000000000e+00 0.000000000000000000e+00 6.691666666666665719e+01 5.894444444444439313e+01 5.274999999999997158e+01 5.027777777777776436e+01 0.000000000000000000e+00 0.000000000000000000e+00 0.000000000000000000e+00 4.641666666666665719e+01 3.623214285714283989e+01 3.158333333333331794e+01 0.000000000000000000e+00 0.000000000000000000e+00 0.000000000000000000e+00 0.000000000000000000e+00 0.000000000000000000e+00 0.000000000000000000e+00 0.000000000000000000e+00 0.000000000000000000e+00 0.000000000000000000e+00 0.000000000000000000e+00 0.000000000000000000e+00 0.000000000000000000e+00 6.950000000000002842e+01 8.899999999999998579e+01 0.000000000000000000e+00 0.000000000000000000e+00 0.000000000000000000e+00 0.000000000000000000e+00 4.244444444444442865e+01 5.433333333333330728e+01 5.069999999999998863e+01 0.000000000000000000e+00 4.699999999999996447e+01 0.000000000000000000e+00 7.349999999999998579e+01 0.000000000000000000e+00 4.850000000000000000e+01
0.000000000000000000e+00 0.000000000000000000e+00 0.000000000000000000e+00 0.000000000000000000e+00 6.457999999999998408e+01 6.664102564102562098e+01 0.000000000000000000e+00 6.216666666666665009e+01 5.805555555555555713e+01 5.307459677419353028e+01 4.747674418604650981e+01 1.979930108263669553e+01 8.143958868894602077e+00 8.301024308209754565e+00 3.909999999999999432e+01 5.413157894736840348e+01 4.289855072463766561e+01 1.464189189189188944e+01 2.693055555555555713e+01 0.000000000000000000e+00 0.000000000000000000e+00 0.000000000000000000e+00 0.000000000000000000e+00 0.000000000000000000e+00 0.000000000000000000e+00 4.350000000000000000e+01 0.000000000000000000e+00 0.000000000000000000e+00 1.041925961385032728e+01 3.289999999999999858e+01 4.683333333333333570e+01 1.915294117647058414e+01 1.392675159235668758e+01 0.000000000000000000e+00 0.000000000000000000e+00 0.000000000000000000e+00 0.000000000000000000e+00 4.057207207207206068e+01 4.419155844155843482e+01 3.018636363636363740e+01 0.000000000000000000e+00 2.400000000000000000e+01 0.000000000000000000e+00 3.460000000000000142e+01 9.299999999999994316e+01 4.649999999999999289e+01 0.000000000000000000e+00 6.699999999999994316e+01 0.000000000000000000e+00 0.000000000000000000e+00 0.000000000000000000e+00 0.000000000000000000e+00 8.016666666666661456e+01 5.749999999999996447e+01 7.449999999999997158e+01 0.000000000000000000e+00 0.000000000000000000e+00 0.000000000000000000e+00 3.949999999999999289e+01 5.175000000000001421e+01 3.350000000000000711e+01 0.000000000000000000e+00 0.000000000000000000e+00 0.000000000000000000e+00 0.000000000000000000e+00 0.000000000000000000e+00 0.000000000000000000e+00 0.000000000000000000e+00 0.000000000000000000e+00 0.000000000000000000e+00 0.000000000000000000e+00 0.000000000000000000e+00 0.000000000000000000e+00 0.000000000000000000e+00 0.000000000000000000e+00 0.000000000000000000e+00 0.000000000000000000e+00 0.000000000000000000e+00 0.000000000000000000e+00 0.000000000000000000e+00 5.899999999999997158e+01 0.000000000000000000e+00 0.000000000000000000e+00 0.000000000000000000e+00 0.000000000000000000e+00 0.000000000000000000e+00 0.000000000000000000e+00 0.000000000000000000e+00 0.000000000000000000e+00
0.000000000000000000e+00 0.000000000000000000e+00 0.000000000000000000e+00 3.299999999999998579e+01 3.255494505494504409e+01 2.376575121163165250e+01 4.306567796610168131e+01 3.465816917728851365e+01 2.243264094955488730e+01 2.900640478223739294e+01 2.239614994934143866e+01 3.257634408602149989e+01 2.237192021900665040e+01 3.909999999999999432e+01 1.097867424915585133e+01 4.915340909090907218e+01 2.199999999999999289e+01 2.191999999999999105e+01 2.276349892008638776e+01 1.574999999999999112e+01 4.236144578313251685e+01 3.009090909090908639e+01 2.583522727272727337e+01 1.563406940063090644e+01 2.196506849315067811e+01 1.862970297029702493e+01 1.283723021582733637e+01 2.472738386308067859e+01 1.915310892940626530e+01 2.482995169082125386e+01 3.886895674300252779e+01 3.285459077690070728e+01 3.108707865168539186e+01 4.660759493670884979e+01 4.657923497267758250e+01 4.243181818181817277e+01 4.644571428571428129e+01 1.523063380281690193e+01 8.175095642437247179e+00 1.813856812933025253e+01 0.000000000000000000e+00 1.575046904315196628e+01 1.569153846153845677e+01 1.211807228915662726e+01 3.969999999999997442e+01 1.830399061032862917e+01 0.000000000000000000e+00 0.000000000000000000e+00 7.849999999999991473e+01 0.000000000000000000e+00 0.000000000000000000e+00 4.149999999999997868e+01 4.943333333333328028e+01 5.799999999999998579e+01 4.634374999999996447e+01 4.774999999999996447e+01 0.000000000000000000e+00 0.000000000000000000e+00 4.675000000000000000e+01 4.033333333333332860e+01 2.977777777777777857e+01 4.292857142857140218e+01 0.000000000000000000e+00 0.000000000000000000e+00 0.000000000000000000e+00 0.000000000000000000e+00 0.000000000000000000e+00 0.000000000000000000e+00 0.000000000000000000e+00 0.000000000000000000e+00 0.000000000000000000e+00 6.899999999999997158e+01 0.000000000000000000e+00 8.050000000000001421e+01 5.616666666666663588e+01 6.387499999999997868e+01 0.000000000000000000e+00 0.000000000000000000e+00 0.000000000000000000e+00 0.000000000000000000e+00 5.174999999999990052e+01 5.400000000000000711e+01 6.450000000000000000e+01 0.000000000000000000e+00 0.000000000000000000e+00 4.574999999999995737e+01 0.000000000000000000e+00 0.000000000000000000e+00 0.000000000000000000e+00
0.000000000000000000e+00 0.000000000000000000e+00 0.000000000000000000e+00 2.950000000000000000e+01 1.421091205211725850e+01 2.279391304347824843e+01 3.204761904761905100e+01 2.103752181500871998e+01 3.132920110192837626e+01 2.687591973244146359e+01 3.699999999999999289e+01 2.662177572631006583e+01 5.461956521739128334e+01 5.413157894736840348e+01 4.915340909090907218e+01 7.480932717998541648e+00 1.212642430819316175e+01 3.886261369076110128e+01 5.134188790560468618e+01 0.000000000000000000e+00 0.000000000000000000e+00 0.000000000000000000e+00 0.000000000000000000e+00 0.000000000000000000e+00 1.089999999999999716e+02 8.021428571428569398e+01 7.812499999999997158e+01 0.000000000000000000e+00 6.411764705882352189e+01 7.126865671641787969e+01 7.532352941176468164e+01 7.064413518886676968e+01 5.714022140221399582e+01 9.250000000000000000e+01 0.000000000000000000e+00 0.000000000000000000e+00 8.512499999999997158e+01 1.625036284470245818e+01 2.514478584729980071e+01 4.676282051282048968e+01 0.000000000000000000e+00 5.476470588235291359e+01 0.000000000000000000e+00 8.149999999999998579e+01 8.779661016949145136e+00 4.966666666666665719e+01 3.999999999999995737e+01 2.599999999999997513e+01 3.804999999999996874e+01 0.000000000000000000e+00 3.174999999999996092e+01 3.549999999999990052e+01 4.258571428571426054e+01 4.971428571428570109e+01 4.668333333333330160e+01 6.849999999999995737e+01 4.399999999999999289e+01 0.000000000000000000e+00 1.821212121212120394e+01 1.730487804878048053e+01 3.835294117647057277e+01 4.881249999999997158e+01 0.000000000000000000e+00 0.000000000000000000e+00 0.000000000000000000e+00 0.000000000000000000e+00 0.000000000000000000e+00 0.000000000000000000e+00 0.000000000000000000e+00 0.000000000000000000e+00 0.000000000000000000e+00 6.999999999999995737e+01 0.000000000000000000e+00 0.000000000000000000e+00 7.399999999999998579e+01 6.224999999999997158e+01 0.000000000000000000e+00 0.000000000000000000e+00 0.000000000000000000e+00 0.000000000000000000e+00 3.427777777777775015e+01 3.743478260869562035e+01 5.424999999999998579e+01 0.000000000000000000e+00 0.000000000000000000e+00 0.000000000000000000e+00 0.000000000000000000e+00 1.941666666666665719e+01 0.000000000000000000e+00
0.000000000000000000e+00 0.000000000000000000e+00 0.000000000000000000e+00 4.950000000000000000e+01 2.887500000000000000e+01 3.915277777777776436e+01 4.099999999999998579e+01 3.087234042553190605e+01 2.768553459119496196e+01 2.515195071868582488e+01 2.182713085234092887e+01 1.945789274924470647e+01 3.872727272727271242e+01 4.289855072463766561e+01 2.199999999999999289e+01 1.212642430819316175e+01 9.701666666666662664e+00 2.225783560023652896e+01 4.082012195121949105e+01 0.000000000000000000e+00 0.000000000000000000e+00 0.000000000000000000e+00 0.000000000000000000e+00 0.000000000000000000e+00 0.000000000000000000e+00 6.299999999999997158e+01 0.000000000000000000e+00 6.099999999999997158e+01 4.939999999999998437e+01 5.617499999999998295e+01 6.872727272727273373e+01 5.814423076923074518e+01 4.537730061349691368e+01 6.250000000000000000e+01 0.000000000000000000e+00 0.000000000000000000e+00 0.000000000000000000e+00 1.912345679012344846e+01 2.442084942084941446e+01 3.974999999999998579e+01 0.000000000000000000e+00 3.225000000000000000e+01 0.000000000000000000e+00 6.525000000000001421e+01 3.771428571428571530e+01 4.166666666666665719e+01 0.000000000000000000e+00 4.187499999999996447e+01 3.769999999999998863e+01 0.000000000000000000e+00 3.449999999999995026e+01 2.755172413793101072e+01 3.277559055118107523e+01 3.242857142857139507e+01 2.831696428571427049e+01 4.309999999999998010e+01 0.000000000000000000e+00 0.000000000000000000e+00 2.039705882352940947e+01 1.530508474576270572e+01 1.506862745098038303e+01 3.803846153846151878e+01 0.000000000000000000e+00 0.000000000000000000e+00 0.000000000000000000e+00 0.000000000000000000e+00 0.000000000000000000e+00 0.000000000000000000e+00 0.000000000000000000e+00 0.000000000000000000e+00 0.000000000000000000e+00 5.599999999999997158e+01 5.074999999999998579e+01 0.000000000000000000e+00 5.824999999999998579e+01 4.194444444444442155e+01 0.000000000000000000e+00 0.000000000000000000e+00 0.000000000000000000e+00 0.000000000000000000e+00 2.642105263157893091e+01 3.909615384615381828e+01 3.866666666666665009e+01 0.000000000000000000e+00 0.000000000000000000e+00 0.000000000000000000e+00 0.000000000000000000e+00 4.024999999999999289e+01 0.000000000000000000e+00
