0.000000000000000000e+00 0.000000000000000000e+00 0.000000000000000000e+00 0.000000000000000000e+00 0.000000000000000000e+00 0.000000000000000000e+00 0.000000000000000000e+00 0.000000000000000000e+00 0.000000000000000000e+00 0.000000000000000000e+00 0.000000000000000000e+00 0.000000000000000000e+00 0.000000000000000000e+00 0.000000000000000000e+00 0.000000000000000000e+00 0.000000000000000000e+00 0.000000000000000000e+00 0.000000000000000000e+00 0.000000000000000000e+00 0.000000000000000000e+00 0.000000000000000000e+00 0.000000000000000000e+00 0.000000000000000000e+00 0.000000000000000000e+00 0.000000000000000000e+00 0.000000000000000000e+00 0.000000000000000000e+00 0.000000000000000000e+00 0.000000000000000000e+00 0.000000000000000000e+00 0.000000000000000000e+00 0.000000000000000000e+00 0.000000000000000000e+00 0.000000000000000000e+00 0.000000000000000000e+00 0.000000000000000000e+00 0.000000000000000000e+00 0.000000000000000000e+00 0.000000000000000000e+00 0.000000000000000000e+00 0.000000000000000000e+00 0.000000000000000000e+00 0.000000000000000000e+00 0.000000000000000000e+00 0.000000000000000000e+00 0.000000000000000000e+00 0.000000000000000000e+00 0.000000000000000000e+00 0.000000000000000000e+00 0.000000000000000000e+00 0.000000000000000000e+00 0.000000000000000000e+00 0.000000000000000000e+00 0.000000000000000000e+00 0.000000000000000000e+00 0.000000000000000000e+00 0.000000000000000000e+00 0.000000000000000000e+00 0.000000000000000000e+00 0.000000000000000000e+00 0.000000000000000000e+00 0.000000000000000000e+00 0.000000000000000000e+00 0.000000000000000000e+00 0.000000000000000000e+00 0.000000000000000000e+00 0.000000000000000000e+00 0.000000000000000000e+00 0.000000000000000000e+00 0.000000000000000000e+00 0.000000000000000000e+00 0.000000000000000000e+00 0.000000000000000000e+00 0.000000000000000000e+00 0.000000000000000000e+00 0.000000000000000000e+00 0.000000000000000000e+00 0.000000000000000000e+00 0.000000000000000000e+00 0.000000000000000000e+00 0.000000000000000000e+00 0.000000000000000000e+00 0.000000000000000000e+00 0.000000000000000000e+00 0.000000000000000000e+00 0.000000000000000000e+00 0.000000000000000000e+00 0.000000000000000000e+00 0.000000000000000000e+00
0.000000000000000000e+00 0.000000000000000000e+00 0.000000000000000000e+00 0.000000000000000000e+00 0.000000000000000000e+00 0.000000000000000000e+00 0.000000000000000000e+00 0.000000000000000000e+00 0.000000000000000000e+00 0.000000000000000000e+00 0.000000000000000000e+00 0.000000000000000000e+00 0.000000000000000000e+00 0.000000000000000000e+00 0.000000000000000000e+00 0.000000000000000000e+00 0.000000000000000000e+00 0.000000000000000000e+00 0.000000000000000000e+00 0.000000000000000000e+00 0.000000000000000000e+00 0.000000000000000000e+00 0.000000000000000000e+00 0.000000000000000000e+00 0.000000000000000000e+00 0.000000000000000000e+00 0.000000000000000000e+00 0.000000000000000000e+00 0.000000000000000000e+00 0.000000000000000000e+00 0.000000000000000000e+00 0.000000000000000000e+00 0.000000000000000000e+00 0.000000000000000000e+00 0.000000000000000000e+00 0.000000000000000000e+00 0.000000000000000000e+00 0.000000000000000000e+00 0.000000000000000000e+00 0.000000000000000000e+00 0.000000000000000000e+00 0.000000000000000000e+00 0.000000000000000000e+00 0.000000000000000000e+00 0.000000000000000000e+00 0.000000000000000000e+00 0.000000000000000000e+00 0.000000000000000000e+00 0.000000000000000000e+00 0.000000000000000000e+00 0.000000000000000000e+00 0.000000000000000000e+00 0.000000000000000000e+00 0.000000000000000000e+00 0.000000000000000000e+00 0.000000000000000000e+00 0.000000000000000000e+00 0.000000000000000000e+00 0.000000000000000000e+00 0.000000000000000000e+00 0.000000000000000000e+00 0.000000000000000000e+00 0.000000000000000000e+00 0.000000000000000000e+00 0.000000000000000000e+00 0.000000000000000000e+00 0.000000000000000000e+00 0.000000000000000000e+00 0.000000000000000000e+00 0.000000000000000000e+00 0.000000000000000000e+00 0.000000000000000000e+00 0.000000000000000000e+00 0.000000000000000000e+00 0.000000000000000000e+00 0.000000000000000000e+00 0.000000000000000000e+00 0.000000000000000000e+00 0.000000000000000000e+00 0.000000000000000000e+00 0.000000000000000000e+00 0.000000000000000000e+00 0.000000000000000000e+00 0.000000000000000000e+00 0.000000000000000000e+00 0.000000000000000000e+00 0.000000000000000000e+00 0.000000000000000000e+00 0.000000000000000000e+00
0.000000000000000000e+00 0.000000000000000000e+00 0.000000000000000000e+00 0.000000000000000000e+00 0.000000000000000000e+00 0.000000000000000000e+00 0.000000000000000000e+00 0.000000000000000000e+00 0.000000000000000000e+00 0.000000000000000000e+00 0.000000000000000000e+00 0.000000000000000000e+00 0.000000000000000000e+00 0.000000000000000000e+00 0.000000000000000000e+00 0.000000000000000000e+00 0.000000000000000000e+00 0.000000000000000000e+00 0.000000000000000000e+00 0.000000000000000000e+00 0.000000000000000000e+00 0.000000000000000000e+00 0.000000000000000000e+00 0.000000000000000000e+00 0.000000000000000000e+00 0.000000000000000000e+00 0.000000000000000000e+00 0.000000000000000000e+00 0.000000000000000000e+00 0.000000000000000000e+00 0.000000000000000000e+00 0.000000000000000000e+00 0.000000000000000000e+00 0.000000000000000000e+00 0.000000000000000000e+00 0.000000000000000000e+00 0.000000000000000000e+00 0.000000000000000000e+00 0.000000000000000000e+00 0.000000000000000000e+00 0.000000000000000000e+00 0.000000000000000000e+00 0.000000000000000000e+00 0.000000000000000000e+00 0.000000000000000000e+00 0.000000000000000000e+00 0.000000000000000000e+00 0.000000000000000000e+00 0.000000000000000000e+00 0.000000000000000000e+00 0.000000000000000000e+00 0.000000000000000000e+00 0.000000000000000000e+00 0.000000000000000000e+00 0.000000000000000000e+00 0.000000000000000000e+00 0.000000000000000000e+00 0.000000000000000000e+00 0.000000000000000000e+00 0.000000000000000000e+00 0.000000000000000000e+00 0.000000000000000000e+00 0.000000000000000000e+00 0.000000000000000000e+00 0.000000000000000000e+00 0.000000000000000000e+00 0.000000000000000000e+00 0.000000000000000000e+00 0.000000000000000000e+00 0.000000000000000000e+00 0.000000000000000000e+00 0.000000000000000000e+00 0.000000000000000000e+00 0.000000000000000000e+00 0.000000000000000000e+00 0.000000000000000000e+00 0.000000000000000000e+00 0.000000000000000000e+00 0.000000000000000000e+00 0.000000000000000000e+00 0.000000000000000000e+00 0.000000000000000000e+00 0.000000000000000000e+00 0.000000000000000000e+00 0.000000000000000000e+00 0.000000000000000000e+00 0.000000000000000000e+00 0.000000000000000000e+00 0.000000000000000000e+00
0.000000000000000000e+00 0.000000000000000000e+00 0.000000000000000000e+00 4.382905982905977993e+00 7.838434520822876728e+00 1.320624999999999005e+01 3.337499999999999289e+01 3.198648648648647352e+01 4.342857142857139507e+01 1.039799999999999258e+01 4.000000000000000000e+01 6.576388888888886619e+00 7.074999999999992895e+01 6.099999999999995026e+01 4.337499999999997158e+01 3.189999999999997016e+01 3.579999999999996874e+01 5.850000000000001421e+01 6.199999999999995737e+01 0.000000000000000000e+00 0.000000000000000000e+00 0.000000000000000000e+00 0.000000000000000000e+00 0.000000000000000000e+00 0.000000000000000000e+00 0.000000000000000000e+00 0.000000000000000000e+00 0.000000000000000000e+00 0.000000000000000000e+00 6.649999999999998579e+01 0.000000000000000000e+00 9.549999999999997158e+01 0.000000000000000000e+00 0.000000000000000000e+00 0.000000000000000000e+00 0.000000000000000000e+00 0.000000000000000000e+00 2.852542372881353572e+01 3.283574879227050758e+01 4.049999999999993605e+01 0.000000000000000000e+00 0.000000000000000000e+00 0.000000000000000000e+00 0.000000000000000000e+00 3.299999999999992895e+01 0.000000000000000000e+00 0.000000000000000000e+00 0.000000000000000000e+00 0.000000000000000000e+00 0.000000000000000000e+00 0.000000000000000000e+00 0.000000000000000000e+00 0.000000000000000000e+00 0.000000000000000000e+00 0.000000000000000000e+00 0.000000000000000000e+00 0.000000000000000000e+00 0.000000000000000000e+00 0.000000000000000000e+00 0.000000000000000000e+00 0.000000000000000000e+00 0.000000000000000000e+00 0.000000000000000000e+00 0.000000000000000000e+00 0.000000000000000000e+00 0.000000000000000000e+00 0.000000000000000000e+00 0.000000000000000000e+00 0.000000000000000000e+00 0.000000000000000000e+00 0.000000000000000000e+00 0.000000000000000000e+00 0.000000000000000000e+00 0.000000000000000000e+00 0.000000000000000000e+00 0.000000000000000000e+00 0.000000000000000000e+00 0.000000000000000000e+00 0.000000000000000000e+00 0.000000000000000000e+00 0.000000000000000000e+00 0.000000000000000000e+00 0.000000000000000000e+00 0.000000000000000000e+00 0.000000000000000000e+00 0.000000000000000000e+00 0.000000000000000000e+00 0.000000000000000000e+00 0.000000000000000000e+00
0.000000000000000000e+00 0.000000000000000000e+00 0.000000000000000000e+00 7.838434520822876728e+00 9.393951749915045113e+00 1.001322241681260117e+01 2.395104895104894638e+01 2.245737327188939148e+01 3.515714285714285126e+01 1.492741281427411870e+01 4.048181818181816283e+01 1.514067278287461349e+01 5.516666666666665719e+01 5.612500000000000000e+01 3.214406779661015179e+01 1.271466666666665901e+01 3.135454545454543407e+01 5.121249999999997726e+01 6.483815028901732092e+01 0.000000000000000000e+00 0.000000000000000000e+00 0.000000000000000000e+00 0.000000000000000000e+00 0.000000000000000000e+00 0.000000000000000000e+00 1.019999999999999858e+02 8.449999999999997158e+01 0.000000000000000000e+00 6.927272727272725206e+01 6.774999999999997158e+01 7.950000000000001421e+01 7.727999999999998693e+01 7.060256410256407378e+01 0.000000000000000000e+00 9.325000000000000000e+01 0.000000000000000000e+00 0.000000000000000000e+00 1.253540399652475479e+01 1.860688089416694879e+01 4.024137931034482563e+01 0.000000000000000000e+00 7.975000000000002842e+01 0.000000000000000000e+00 5.225000000000000000e+01 5.758733624454145605e+00 1.829999999999999361e+01 0.000000000000000000e+00 4.399999999999994316e+01 4.174999999999997868e+01 0.000000000000000000e+00 4.749999999999995737e+01 0.000000000000000000e+00 5.266666666666661456e+01 0.000000000000000000e+00 4.862499999999996447e+01 0.000000000000000000e+00 0.000000000000000000e+00 0.000000000000000000e+00 2.834615384615382894e+01 4.399999999999998579e+01 6.649999999999995737e+01 6.539999999999997726e+01 0.000000000000000000e+00 0.000000000000000000e+00 0.000000000000000000e+00 0.000000000000000000e+00 0.000000000000000000e+00 0.000000000000000000e+00 0.000000000000000000e+00 0.000000000000000000e+00 0.000000000000000000e+00 0.000000000000000000e+00 0.000000000000000000e+00 1.014999999999999858e+02 0.000000000000000000e+00 7.449999999999992895e+01 0.000000000000000000e+00 0.000000000000000000e+00 0.000000000000000000e+00 0.000000000000000000e+00 2.516666666666665364e+01 4.959999999999995879e+01 3.433333333333332149e+01 0.000000000000000000e+00 1.699999999999997868e+01 7.500000000000002842e+01 0.000000000000000000e+00 1.735714285714284344e+01 6.999999999999988454e+00
0.000000000000000000e+00 0.000000000000000000e+00 0.000000000000000000e+00 1.320624999999999005e+01 1.001322241681260117e+01 1.538889578934292857e+01 1.028870171362183683e+01 1.523786816269283939e+01 3.008359621451102939e+01 1.694693749015901929e+01 4.188064516129031034e+01 2.419426094137075367e+01 6.006976744186044215e+01 6.600000000000001421e+01 2.154646840148698317e+01 2.088124362895003472e+01 3.683076923076921361e+01 5.595833333333330728e+01 7.195098039215682206e+01 0.000000000000000000e+00 0.000000000000000000e+00 0.000000000000000000e+00 0.000000000000000000e+00 0.000000000000000000e+00 3.049999999999997513e+01 4.666666666666665009e+01 0.000000000000000000e+00 0.000000000000000000e+00 6.235714285714284699e+01 5.954545454545454675e+01 7.087500000000000000e+01 8.046923076923076223e+01 7.523333333333330586e+01 8.650000000000001421e+01 8.949999999999995737e+01 0.000000000000000000e+00 6.975000000000000000e+01 1.914553876157970436e+01 1.905696833707303384e+01 2.607009345794390853e+01 0.000000000000000000e+00 5.711111111111110006e+01 5.349999999999996447e+01 3.385000000000000142e+01 1.747104247104245545e+01 4.028947368421052744e+01 0.000000000000000000e+00 5.199999999999994316e+01 4.749999999999995026e+01 0.000000000000000000e+00 4.399999999999994316e+01 0.000000000000000000e+00 4.772222222222215748e+01 0.000000000000000000e+00 5.316666666666662167e+01 0.000000000000000000e+00 0.000000000000000000e+00 0.000000000000000000e+00 3.177777777777776436e+01 3.929999999999998295e+01 5.550000000000001421e+01 0.000000000000000000e+00 0.000000000000000000e+00 0.000000000000000000e+00 0.000000000000000000e+00 0.000000000000000000e+00 0.000000000000000000e+00 0.000000000000000000e+00 0.000000000000000000e+00 0.000000000000000000e+00 0.000000000000000000e+00 0.000000000000000000e+00 0.000000000000000000e+00 0.000000000000000000e+00 0.000000000000000000e+00 0.000000000000000000e+00 0.000000000000000000e+00 0.000000000000000000e+00 0.000000000000000000e+00 0.000000000000000000e+00 2.909374999999997158e+01 4.578571428571424207e+01 0.000000000000000000e+00 0.000000000000000000e+00 0.000000000000000000e+00 0.000000000000000000e+00 0.000000000000000000e+00 3.474999999999996447e+01 0.000000000000000000e+00
0.000000000000000000e+00 0.000000000000000000e+00 0.000000000000000000e+00 3.337499999999999289e+01 2.395104895104894638e+01 1.028870171362183683e+01 7.426932964208025290e+00 7.567596566523603130e+00 2.106666666666665577e+01 1.326056603773584364e+01 4.037499999999997868e+01 3.085019455252916387e+01 5.144642857142856229e+01 7.199999999999991473e+01 3.840714285714284415e+01 2.538356164383560554e+01 3.449999999999997158e+01 0.000000000000000000e+00 6.800000000000002842e+01 0.000000000000000000e+00 0.000000000000000000e+00 0.000000000000000000e+00 0.000000000000000000e+00 0.000000000000000000e+00 0.000000000000000000e+00 0.000000000000000000e+00 0.000000000000000000e+00 0.000000000000000000e+00 5.974999999999997158e+01 5.261538461538460609e+01 0.000000000000000000e+00 7.339999999999994884e+01 7.372222222222222854e+01 7.350000000000004263e+01 8.350000000000000000e+01 0.000000000000000000e+00 7.049999999999997158e+01 2.941346153846153300e+01 2.438829787234040936e+01 2.449999999999996803e+01 0.000000000000000000e+00 0.000000000000000000e+00 6.850000000000002842e+01 3.050000000000000711e+01 0.000000000000000000e+00 3.599999999999999289e+01 0.000000000000000000e+00 0.000000000000000000e+00 0.000000000000000000e+00 0.000000000000000000e+00 0.000000000000000000e+00 0.000000000000000000e+00 0.000000000000000000e+00 0.000000000000000000e+00 0.000000000000000000e+00 0.000000000000000000e+00 0.000000000000000000e+00 0.000000000000000000e+00 0.000000000000000000e+00 0.000000000000000000e+00 0.000000000000000000e+00 0.000000000000000000e+00 0.000000000000000000e+00 0.000000000000000000e+00 0.000000000000000000e+00 0.000000000000000000e+00 0.000000000000000000e+00 0.000000000000000000e+00 0.000000000000000000e+00 0.000000000000000000e+00 0.000000000000000000e+00 0.000000000000000000e+00 0.000000000000000000e+00 0.000000000000000000e+00 0.000000000000000000e+00 0.000000000000000000e+00 0.000000000000000000e+00 0.000000000000000000e+00 0.000000000000000000e+00 0.000000000000000000e+00 0.000000000000000000e+00 0.000000000000000000e+00 0.000000000000000000e+00 0.000000000000000000e+00 0.000000000000000000e+00 0.000000000000000000e+00 0.000000000000000000e+00 0.000000000000000000e+00 0.000000000000000000e+00
0.000000000000000000e+00 0.000000000000000000e+00 0.000000000000000000e+00 3.198648648648647352e+01 2.245737327188939148e+01 1.523786816269283939e+01 7.567596566523603130e+00 7.952835132585681421e+00 9.220654345654345718e+00 2.129161920260373364e+01 2.977272727272725916e+01 2.559346733668340690e+01 4.213571428571428612e+01 5.524999999999998579e+01 3.443604651162790731e+01 2.111695278969956391e+01 2.637999999999998479e+01 5.668749999999998579e+01 6.324999999999999289e+01 8.600000000000000000e+01 7.250000000000001421e+01 7.533333333333331439e+01 0.000000000000000000e+00 0.000000000000000000e+00 0.000000000000000000e+00 0.000000000000000000e+00 0.000000000000000000e+00 5.800000000000006395e+01 4.921212121212121104e+01 4.096992481203005809e+01 7.025000000000001421e+01 6.749193548387096087e+01 6.415740740740739056e+01 6.750000000000002842e+01 7.703846153846151878e+01 6.299999999999997868e+01 6.274999999999999289e+01 2.368292682926828263e+01 2.630208333333331439e+01 3.389285714285713169e+01 0.000000000000000000e+00 6.074999999999995026e+01 0.000000000000000000e+00 2.599999999999999289e+01 2.399999999999997513e+01 4.624999999999995737e+01 0.000000000000000000e+00 4.675000000000001421e+01 0.000000000000000000e+00 0.000000000000000000e+00 0.000000000000000000e+00 0.000000000000000000e+00 4.339999999999996305e+01 0.000000000000000000e+00 5.299999999999991473e+01 0.000000000000000000e+00 0.000000000000000000e+00 0.000000000000000000e+00 2.850000000000000000e+01 5.099999999999995737e+01 0.000000000000000000e+00 0.000000000000000000e+00 0.000000000000000000e+00 0.000000000000000000e+00 0.000000000000000000e+00 0.000000000000000000e+00 0.000000000000000000e+00 0.000000000000000000e+00 0.000000000000000000e+00 0.000000000000000000e+00 0.000000000000000000e+00 0.000000000000000000e+00 0.000000000000000000e+00 0.000000000000000000e+00 0.000000000000000000e+00 7.899999999999994316e+01 0.000000000000000000e+00 0.000000000000000000e+00 0.000000000000000000e+00 0.000000000000000000e+00 3.249999999999997868e+01 5.400000000000000711e+01 8.749999999999994316e+01 0.000000000000000000e+00 0.000000000000000000e+00 0.000000000000000000e+00 0.000000000000000000e+00 0.000000000000000000e+00 0.000000000000000000e+00
0.000000000000000000e+00 0.000000000000000000e+00 0.000000000000000000e+00 4.342857142857139507e+01 3.515714285714285126e+01 3.008359621451102939e+01 2.106666666666665577e+01 9.220654345654345718e+00 1.137529646735738353e+01 2.107259133068331991e+01 2.495196850393700672e+01 3.182569421211106331e+01 1.108156260215756816e+01 5.487499999999998579e+01 2.175069637883007800e+01 3.131116389548692780e+01 2.732801161103047960e+01 4.629999999999998295e+01 5.536065573770491710e+01 7.749999999999997158e+01 6.730769230769230660e+01 5.899999999999998579e+01 7.928571428571424917e+01 8.979999999999998295e+01 5.612499999999998579e+01 6.495945945945945255e+01 4.016666666666665719e+01 4.945000000000000284e+01 2.538607594936708267e+01 2.881117340808969729e+01 5.283950617283950635e+01 5.814696485623003497e+01 5.259863945578231181e+01 6.184375000000000000e+01 6.473324022346368167e+01 5.950000000000000000e+01 5.702517985611510909e+01 2.225209497206703091e+01 1.509744268077601426e+01 3.189759036144577209e+01 0.000000000000000000e+00 5.692857142857140929e+01 5.773529411764704378e+01 6.112499999999999289e+01 3.255263157894735571e+01 3.282432432432432279e+01 0.000000000000000000e+00 5.049999999999995737e+01 5.799999999999996447e+01 0.000000000000000000e+00 5.833333333333333570e+01 6.599999999999992895e+01 5.124999999999997158e+01 4.799999999999994316e+01 4.941176470588231950e+01 0.000000000000000000e+00 0.000000000000000000e+00 0.000000000000000000e+00 5.316666666666666430e+01 3.076666666666665506e+01 5.199999999999995026e+01 1.029999999999999574e+02 0.000000000000000000e+00 0.000000000000000000e+00 0.000000000000000000e+00 0.000000000000000000e+00 0.000000000000000000e+00 0.000000000000000000e+00 0.000000000000000000e+00 0.000000000000000000e+00 0.000000000000000000e+00 0.000000000000000000e+00 0.000000000000000000e+00 0.000000000000000000e+00 8.649999999999995737e+01 8.999999999999997158e+01 0.000000000000000000e+00 0.000000000000000000e+00 0.000000000000000000e+00 0.000000000000000000e+00 4.999999999999994316e+01 0.000000000000000000e+00 0.000000000000000000e+00 0.000000000000000000e+00 0.000000000000000000e+00 1.204999999999999289e+02 0.000000000000000000e+00 5.499999999999994316e+01 7.300000000000004263e+01
0.000000000000000000e+00 0.000000000000000000e+00 0.000000000000000000e+00 1.039799999999999258e+01 1.492741281427411870e+01 1.694693749015901929e+01 1.326056603773584364e+01 2.129161920260373364e+01 2.107259133068331991e+01 1.252507179503726675e+01 1.586746184619943101e+01 1.388883044554454926e+01 4.117330210772831833e+01 5.102439024390241684e+01 2.612858422939066827e+01 2.395074224021591291e+01 2.662884160756499341e+01 4.889705882352939170e+01 6.233160621761657438e+01 0.000000000000000000e+00 7.633333333333330017e+01 6.559999999999999432e+01 0.000000000000000000e+00 0.000000000000000000e+00 7.599999999999998579e+01 7.392857142857140218e+01 5.666666666666665009e+01 7.149999999999998579e+01 5.149426605504585552e+01 4.383002832861188836e+01 6.417213114754096637e+01 6.378578431372547897e+01 6.179652996845423729e+01 6.870930232558139039e+01 7.500961538461537259e+01 6.858333333333331439e+01 6.639999999999999147e+01 2.542293233082704518e+01 2.696262808921034448e+01 4.182167832167830568e+01 0.000000000000000000e+00 5.819999999999998863e+01 6.633333333333332860e+01 6.722727272727270531e+01 3.153703703703700256e+01 4.805454545454544046e+01 0.000000000000000000e+00 4.974999999999992895e+01 7.216666666666665719e+01 0.000000000000000000e+00 5.599999999999994316e+01 5.174999999999993605e+01 5.649999999999996447e+01 5.649999999999993605e+01 5.183333333333329307e+01 0.000000000000000000e+00 0.000000000000000000e+00 0.000000000000000000e+00 3.259999999999998010e+01 2.974999999999998224e+01 4.600000000000000000e+01 6.099999999999992895e+01 0.000000000000000000e+00 0.000000000000000000e+00 0.000000000000000000e+00 0.000000000000000000e+00 0.000000000000000000e+00 0.000000000000000000e+00 1.015000000000000142e+02 0.000000000000000000e+00 0.000000000000000000e+00 0.000000000000000000e+00 0.000000000000000000e+00 9.949999999999997158e+01 0.000000000000000000e+00 9.449999999999998579e+01 0.000000000000000000e+00 0.000000000000000000e+00 0.000000000000000000e+00 0.000000000000000000e+00 4.624999999999995737e+01 4.887499999999995026e+01 7.149999999999995737e+01 0.000000000000000000e+00 0.000000000000000000e+00 0.000000000000000000e+00 0.000000000000000000e+00 4.324999999999997868e+01 0.000000000000000000e+00
0.000000000000000000e+00 0.000000000000000000e+00 0.000000000000000000e+00 4.000000000000000000e+01 4.048181818181816283e+01 4.188064516129031034e+01 4.037499999999997868e+01 2.977272727272725916e+01 2.495196850393700672e+01 1.586746184619943101e+01 1.276541887747651316e+01 2.330514042772481176e+01 1.752874061236279601e+01 4.000000000000000711e+01 2.167566241413150152e+01 3.904072398190043458e+01 2.516424682395642876e+01 2.937793427230046106e+01 4.738888888888888573e+01 7.249999999999997158e+01 6.960714285714286120e+01 5.991666666666665719e+01 0.000000000000000000e+00 8.974999999999998579e+01 6.187499999999997158e+01 6.548148148148148096e+01 3.750000000000001421e+01 6.264285714285714590e+01 3.465133531157270141e+01 3.535181451612903203e+01 4.877336448598131113e+01 4.940089766606822508e+01 4.520863526570048663e+01 5.220121951219512368e+01 5.651171393341553539e+01 5.770454545454545325e+01 4.925657894736841769e+01 2.000974710221284880e+01 2.127382236605537713e+01 2.474911868390129399e+01 0.000000000000000000e+00 2.864772727272727337e+01 4.652083333333333570e+01 3.695864661654135119e+01 3.113461538461537259e+01 3.250681596884128766e+01 0.000000000000000000e+00 5.899999999999995737e+01 6.700000000000001421e+01 0.000000000000000000e+00 0.000000000000000000e+00 0.000000000000000000e+00 6.142857142857138086e+01 4.976086956521736226e+01 5.124999999999995737e+01 5.466666666666662877e+01 4.499999999999997868e+01 6.199999999999994316e+01 5.749999999999996447e+01 3.441666666666665009e+01 3.753124999999998579e+01 7.633333333333330017e+01 0.000000000000000000e+00 0.000000000000000000e+00 0.000000000000000000e+00 0.000000000000000000e+00 0.000000000000000000e+00 0.000000000000000000e+00 0.000000000000000000e+00 0.000000000000000000e+00 0.000000000000000000e+00 0.000000000000000000e+00 6.399999999999997158e+01 0.000000000000000000e+00 0.000000000000000000e+00 4.499999999999997158e+01 0.000000000000000000e+00 0.000000000000000000e+00 0.000000000000000000e+00 0.000000000000000000e+00 3.629999999999996874e+01 4.737499999999997868e+01 4.524999999999998579e+01 0.000000000000000000e+00 6.950000000000001421e+01 0.000000000000000000e+00 0.000000000000000000e+00 0.000000000000000000e+00 5.500000000000000711e+01
0.000000000000000000e+00 0.000000000000000000e+00 0.000000000000000000e+00 6.576388888888886619e+00 1.514067278287461349e+01 2.419426094137075367e+01 3.085019455252916387e+01 2.559346733668340690e+01 3.182569421211106331e+01 1.388883044554454926e+01 2.330514042772481176e+01 1.515900151285930164e+01 2.678902099671135772e+01 1.344820495720795783e+01 3.071629901960783471e+01 2.442724333063862829e+01 1.944762323943661286e+01 2.957766781411358537e+01 5.043675751222919246e+01 0.000000000000000000e+00 9.874999999999995737e+01 8.066666666666667140e+01 0.000000000000000000e+00 1.159999999999999716e+02 6.437499999999997158e+01 6.595833333333331439e+01 5.958333333333331439e+01 7.525000000000001421e+01 3.807585385226369823e+01 4.873946360153257018e+01 6.819444444444444287e+01 5.890491384811742392e+01 5.385037406483790079e+01 7.085999999999999943e+01 7.888461538461538680e+01 8.816666666666664298e+01 7.641666666666665719e+01 2.618012982329605975e+01 3.006616076447441799e+01 3.228050541516245175e+01 0.000000000000000000e+00 3.692063492063491736e+01 7.269999999999997442e+01 4.445289855072463325e+01 3.669999999999996732e+01 3.904356435643564538e+01 0.000000000000000000e+00 5.989999999999997726e+01 5.324999999999997158e+01 0.000000000000000000e+00 6.549999999999992895e+01 0.000000000000000000e+00 5.781249999999994316e+01 5.360714285714283278e+01 1.227671755725190117e+01 5.279999999999999005e+01 1.175000000000001421e+01 4.400000000000001421e+01 3.333999999999998209e+01 3.217999999999999261e+01 2.512621359223299677e+01 4.366666666666666430e+01 0.000000000000000000e+00 0.000000000000000000e+00 0.000000000000000000e+00 0.000000000000000000e+00 0.000000000000000000e+00 0.000000000000000000e+00 0.000000000000000000e+00 0.000000000000000000e+00 0.000000000000000000e+00 3.874999999999995737e+01 4.949999999999995737e+01 1.110000000000000000e+02 7.749999999999994316e+01 5.049999999999998579e+01 0.000000000000000000e+00 0.000000000000000000e+00 0.000000000000000000e+00 0.000000000000000000e+00 3.996153846153845279e+01 4.974999999999996447e+01 5.066666666666665719e+01 0.000000000000000000e+00 5.933333333333333570e+01 4.700000000000001421e+01 4.749999999999999289e+01 4.312499999999996447e+01 0.000000000000000000e+00
0.000000000000000000e+00 0.000000000000000000e+00 0.000000000000000000e+00 7.074999999999992895e+01 5.516666666666665719e+01 6.006976744186044215e+01 5.144642857142856229e+01 4.213571428571428612e+01 1.108156260215756816e+01 4.117330210772831833e+01 1.752874061236279601e+01 2.678902099671135772e+01 1.473379834010241929e+01 8.874450348112862486e+00 2.559887987640015439e+01 5.399404761904759908e+01 4.176373626373625569e+01 2.313237774030353577e+01 3.992137096774193594e+01 8.474999999999997158e+01 6.750000000000000000e+01 6.076923076923075939e+01 5.437500000000000000e+01 8.762499999999997158e+01 4.984090909090909349e+01 2.142895442359249358e+01 4.161607142857143060e+01 4.390340909090909349e+01 1.828074544140091717e+01 2.738340128896488324e+01 4.838922155688622695e+01 4.015347610180012339e+01 3.958874098724349011e+01 5.102112676056339069e+01 5.860502793296089408e+01 5.676086956521738358e+01 5.294943820224719389e+01 2.637618203309692788e+01 2.491053524034209232e+01 2.988358458961474895e+01 0.000000000000000000e+00 2.854834605597964270e+01 4.985714285714285410e+01 3.753825779870511781e+01 4.449999999999997868e+01 3.663757039420756456e+01 0.000000000000000000e+00 0.000000000000000000e+00 0.000000000000000000e+00 0.000000000000000000e+00 0.000000000000000000e+00 0.000000000000000000e+00 5.649999999999997158e+01 5.419999999999997442e+01 4.977083333333331439e+01 5.274999999999997868e+01 0.000000000000000000e+00 6.649999999999997158e+01 6.549999999999998579e+01 4.099999999999995026e+01 4.005263157894734150e+01 4.799999999999998579e+01 0.000000000000000000e+00 0.000000000000000000e+00 0.000000000000000000e+00 0.000000000000000000e+00 0.000000000000000000e+00 0.000000000000000000e+00 0.000000000000000000e+00 0.000000000000000000e+00 0.000000000000000000e+00 5.749999999999997158e+01 0.000000000000000000e+00 0.000000000000000000e+00 6.899999999999997158e+01 4.349999999999998579e+01 0.000000000000000000e+00 0.000000000000000000e+00 0.000000000000000000e+00 0.000000000000000000e+00 4.633333333333331439e+01 4.858333333333331439e+01 5.187499999999997158e+01 0.000000000000000000e+00 4.231249999999999289e+01 0.000000000000000000e+00 5.999999999999998579e+01 0.000000000000000000e+00 0.000000000000000000e+00
0.000000000000000000e+00 0.000000000000000000e+00 0.000000000000000000e+00 6.099999999999995026e+01 5.612500000000000000e+01 6.600000000000001421e+01 7.199999999999991473e+01 5.524999999999998579e+01 5.487499999999998579e+01 5.102439024390241684e+01 4.000000000000000711e+01 1.344820495720795783e+01 8.874450348112862486e+00 9.298398426524304483e+00 3.742857142857143060e+01 5.418749999999997868e+01 3.416666666666665719e+01 9.105691056910567127e+00 3.146153846153847056e+01 0.000000000000000000e+00 0.000000000000000000e+00 0.000000000000000000e+00 0.000000000000000000e+00 0.000000000000000000e+00 0.000000000000000000e+00 0.000000000000000000e+00 0.000000000000000000e+00 0.000000000000000000e+00 1.008907009565626467e+01 3.743103448275861922e+01 0.000000000000000000e+00 1.432978723404255383e+01 1.335792349726775896e+01 0.000000000000000000e+00 8.800000000000002842e+01 0.000000000000000000e+00 0.000000000000000000e+00 3.362500000000000000e+01 4.070000000000000284e+01 3.708695652173913260e+01 0.000000000000000000e+00 3.183333333333332504e+01 0.000000000000000000e+00 3.729166666666665719e+01 0.000000000000000000e+00 2.774999999999999645e+01 0.000000000000000000e+00 0.000000000000000000e+00 0.000000000000000000e+00 0.000000000000000000e+00 0.000000000000000000e+00 0.000000000000000000e+00 0.000000000000000000e+00 0.000000000000000000e+00 0.000000000000000000e+00 0.000000000000000000e+00 0.000000000000000000e+00 0.000000000000000000e+00 0.000000000000000000e+00 0.000000000000000000e+00 4.849999999999997868e+01 0.000000000000000000e+00 0.000000000000000000e+00 0.000000000000000000e+00 0.000000000000000000e+00 0.000000000000000000e+00 0.000000000000000000e+00 0.000000000000000000e+00 0.000000000000000000e+00 0.000000000000000000e+00 0.000000000000000000e+00 0.000000000000000000e+00 0.000000000000000000e+00 0.000000000000000000e+00 0.000000000000000000e+00 0.000000000000000000e+00 0.000000000000000000e+00 0.000000000000000000e+00 0.000000000000000000e+00 0.000000000000000000e+00 0.000000000000000000e+00 0.000000000000000000e+00 0.000000000000000000e+00 0.000000000000000000e+00 0.000000000000000000e+00 0.000000000000000000e+00 0.000000000000000000e+00 0.000000000000000000e+00 0.000000000000000000e+00
0.000000000000000000e+00 0.000000000000000000e+00 0.000000000000000000e+00 4.337499999999997158e+01 3.214406779661015179e+01 2.154646840148698317e+01 3.840714285714284415e+01 3.443604651162790731e+01 2.175069637883007800e+01 2.612858422939066827e+01 2.167566241413150152e+01 3.071629901960783471e+01 2.559887987640015439e+01 3.742857142857143060e+01 1.100876608965823067e+01 3.606129032258062495e+01 2.320814479638008265e+01 2.254822335025380653e+01 2.708028169014083986e+01 1.177314814814814881e+01 2.655555555555554292e+01 2.283823529411764852e+01 2.261354581673306896e+01 1.907278481012657423e+01 1.938307493540051851e+01 2.089860788863108354e+01 2.157411385606873466e+01 2.691154791154790615e+01 2.071399999999999864e+01 1.873800259403372337e+01 4.235734072022158614e+01 3.261364887176664240e+01 3.468092105263158231e+01 5.047142857142856798e+01 5.162064965197215827e+01 5.283333333333332860e+01 4.058928571428570820e+01 3.019087136929460158e+01 8.655638784852264678e+00 1.645264317180616587e+01 0.000000000000000000e+00 2.190173053152039273e+01 1.295721925133689822e+01 1.262845528455284594e+01 3.199999999999999289e+01 2.346060171919770099e+01 0.000000000000000000e+00 0.000000000000000000e+00 0.000000000000000000e+00 0.000000000000000000e+00 0.000000000000000000e+00 5.700000000000001421e+01 5.199999999999997158e+01 4.873809523809521238e+01 4.369230769230768630e+01 5.633333333333331439e+01 3.750000000000001421e+01 6.300000000000001421e+01 5.699999999999994316e+01 3.241666666666666430e+01 3.526666666666665151e+01 3.934615384615383959e+01 0.000000000000000000e+00 0.000000000000000000e+00 0.000000000000000000e+00 0.000000000000000000e+00 0.000000000000000000e+00 0.000000000000000000e+00 0.000000000000000000e+00 0.000000000000000000e+00 0.000000000000000000e+00 6.399999999999995737e+01 0.000000000000000000e+00 7.599999999999995737e+01 4.649999999999998579e+01 4.991666666666665009e+01 0.000000000000000000e+00 0.000000000000000000e+00 0.000000000000000000e+00 0.000000000000000000e+00 4.078571428571427049e+01 5.292857142857139507e+01 4.609999999999998010e+01 0.000000000000000000e+00 3.589814814814813104e+01 0.000000000000000000e+00 0.000000000000000000e+00 1.104999999999999858e+02 0.000000000000000000e+00
0.000000000000000000e+00 0.000000000000000000e+00 0.000000000000000000e+00 3.189999999999997016e+01 1.271466666666665901e+01 2.088124362895003472e+01 2.538356164383560554e+01 2.111695278969956391e+01 3.131116389548692780e+01 2.395074224021591291e+01 3.904072398190043458e+01 2.442724333063862829e+01 5.399404761904759908e+01 5.418749999999997868e+01 3.606129032258062495e+01 7.180009363295877911e+00 1.214538714991762092e+01 3.693289569657182625e+01 5.588041305796134139e+01 0.000000000000000000e+00 9.750000000000004263e+01 0.000000000000000000e+00 0.000000000000000000e+00 0.000000000000000000e+00 9.249999999999994316e+01 8.241666666666664298e+01 7.589999999999996305e+01 0.000000000000000000e+00 6.642553191489359676e+01 6.617647058823526152e+01 7.949999999999997158e+01 7.103437499999998295e+01 5.872346368715081866e+01 0.000000000000000000e+00 9.049999999999998579e+01 8.249999999999995737e+01 8.150000000000001421e+01 1.383277310924368741e+01 2.405869385505647173e+01 4.215168539325840413e+01 0.000000000000000000e+00 6.627083333333330017e+01 6.833333333333328596e+01 7.739999999999994884e+01 9.446280991735530819e+00 4.502083333333331439e+01 5.099999999999994316e+01 5.977777777777774304e+01 3.507142857142856229e+01 5.949999999999997158e+01 3.322222222222217169e+01 4.074999999999993605e+01 3.509374999999995737e+01 5.399999999999995737e+01 3.409615384615381117e+01 5.914285714285708906e+01 0.000000000000000000e+00 9.900000000000000000e+01 1.696031746031745158e+01 2.217142857142856016e+01 3.245762711864404793e+01 5.511764705882350768e+01 0.000000000000000000e+00 8.299999999999995737e+01 0.000000000000000000e+00 0.000000000000000000e+00 0.000000000000000000e+00 0.000000000000000000e+00 0.000000000000000000e+00 0.000000000000000000e+00 0.000000000000000000e+00 6.699999999999997158e+01 7.450000000000000000e+01 0.000000000000000000e+00 7.662499999999997158e+01 7.099999999999997158e+01 0.000000000000000000e+00 0.000000000000000000e+00 0.000000000000000000e+00 0.000000000000000000e+00 2.602173913043476361e+01 4.056818181818178459e+01 5.524999999999997158e+01 0.000000000000000000e+00 7.649999999999997158e+01 0.000000000000000000e+00 0.000000000000000000e+00 2.358333333333331439e+01 2.099999999999997513e+01
0.000000000000000000e+00 0.000000000000000000e+00 0.000000000000000000e+00 3.579999999999996874e+01 3.135454545454543407e+01 3.683076923076921361e+01 3.449999999999997158e+01 2.637999999999998479e+01 2.732801161103047960e+01 2.662884160756499341e+01 2.516424682395642876e+01 1.944762323943661286e+01 4.176373626373625569e+01 3.416666666666665719e+01 2.320814479638008265e+01 1.214538714991762092e+01 1.015914684167349513e+01 1.910676779463242880e+01 4.002481389578163373e+01 0.000000000000000000e+00 0.000000000000000000e+00 0.000000000000000000e+00 0.000000000000000000e+00 0.000000000000000000e+00 1.179999999999999574e+02 5.849999999999998579e+01 4.750000000000001421e+01 0.000000000000000000e+00 5.195312499999998579e+01 5.727083333333331439e+01 8.766666666666667140e+01 6.202061855670103085e+01 4.577739726027395761e+01 0.000000000000000000e+00 8.000000000000001421e+01 0.000000000000000000e+00 7.399999999999997158e+01 1.607097457627117620e+01 2.323730606488010153e+01 2.924812030075186442e+01 0.000000000000000000e+00 5.029999999999999005e+01 5.100000000000000000e+01 3.768750000000000000e+01 3.049999999999999645e+01 3.915909090909089940e+01 0.000000000000000000e+00 2.592857142857142705e+01 3.974999999999997868e+01 4.649999999999996447e+01 3.433333333333327886e+01 3.429999999999994742e+01 3.205468749999997158e+01 3.810526315789470431e+01 2.774096385542167198e+01 5.183333333333330728e+01 3.499999999999997868e+01 0.000000000000000000e+00 1.998387096774192884e+01 1.043333333333332646e+01 1.485156249999998934e+01 3.877777777777777857e+01 0.000000000000000000e+00 0.000000000000000000e+00 0.000000000000000000e+00 0.000000000000000000e+00 0.000000000000000000e+00 0.000000000000000000e+00 0.000000000000000000e+00 0.000000000000000000e+00 0.000000000000000000e+00 0.000000000000000000e+00 6.374999999999998579e+01 0.000000000000000000e+00 7.449999999999990052e+01 4.883333333333332149e+01 0.000000000000000000e+00 0.000000000000000000e+00 0.000000000000000000e+00 0.000000000000000000e+00 2.230357142857141284e+01 3.605999999999998096e+01 4.059999999999996589e+01 0.000000000000000000e+00 5.449999999999997158e+01 0.000000000000000000e+00 0.000000000000000000e+00 3.199999999999998934e+01 4.025000000000000000e+01
