0.000000000000000000e+00 0.000000000000000000e+00 0.000000000000000000e+00 0.000000000000000000e+00 0.000000000000000000e+00 0.000000000000000000e+00 0.000000000000000000e+00 0.000000000000000000e+00 0.000000000000000000e+00 0.000000000000000000e+00 0.000000000000000000e+00 0.000000000000000000e+00 0.000000000000000000e+00 0.000000000000000000e+00 0.000000000000000000e+00 0.000000000000000000e+00 0.000000000000000000e+00 0.000000000000000000e+00 0.000000000000000000e+00 0.000000000000000000e+00 0.000000000000000000e+00 0.000000000000000000e+00 0.000000000000000000e+00 0.000000000000000000e+00 0.000000000000000000e+00 0.000000000000000000e+00 0.000000000000000000e+00 0.000000000000000000e+00 0.000000000000000000e+00 0.000000000000000000e+00 0.000000000000000000e+00 0.000000000000000000e+00 0.000000000000000000e+00 0.000000000000000000e+00 0.000000000000000000e+00 0.000000000000000000e+00 0.000000000000000000e+00 0.000000000000000000e+00 0.000000000000000000e+00 0.000000000000000000e+00 0.000000000000000000e+00 0.000000000000000000e+00 0.000000000000000000e+00 0.000000000000000000e+00 0.000000000000000000e+00 0.000000000000000000e+00 0.000000000000000000e+00 0.000000000000000000e+00 0.000000000000000000e+00 0.000000000000000000e+00 0.000000000000000000e+00 0.000000000000000000e+00 0.000000000000000000e+00 0.000000000000000000e+00 0.000000000000000000e+00 0.000000000000000000e+00 0.000000000000000000e+00 0.000000000000000000e+00 0.000000000000000000e+00 0.000000000000000000e+00 0.000000000000000000e+00 0.000000000000000000e+00 0.000000000000000000e+00 0.000000000000000000e+00 0.000000000000000000e+00 0.000000000000000000e+00 0.000000000000000000e+00 0.000000000000000000e+00 0.000000000000000000e+00 0.000000000000000000e+00 0.000000000000000000e+00 0.000000000000000000e+00 0.000000000000000000e+00 0.000000000000000000e+00 0.000000000000000000e+00 0.000000000000000000e+00 0.000000000000000000e+00 0.000000000000000000e+00 0.000000000000000000e+00 0.000000000000000000e+00 0.000000000000000000e+00 0.000000000000000000e+00 0.000000000000000000e+00 0.000000000000000000e+00 0.000000000000000000e+00 0.000000000000000000e+00 0.000000000000000000e+00 0.000000000000000000e+00 0.000000000000000000e+00
0.000000000000000000e+00 0.000000000000000000e+00 0.000000000000000000e+00 0.000000000000000000e+00 0.000000000000000000e+00 0.000000000000000000e+00 0.000000000000000000e+00 0.000000000000000000e+00 0.000000000000000000e+00 0.000000000000000000e+00 0.000000000000000000e+00 0.000000000000000000e+00 0.000000000000000000e+00 0.000000000000000000e+00 0.000000000000000000e+00 0.000000000000000000e+00 0.000000000000000000e+00 0.000000000000000000e+00 0.000000000000000000e+00 0.000000000000000000e+00 0.000000000000000000e+00 0.000000000000000000e+00 0.000000000000000000e+00 0.000000000000000000e+00 0.000000000000000000e+00 0.000000000000000000e+00 0.000000000000000000e+00 0.000000000000000000e+00 0.000000000000000000e+00 0.000000000000000000e+00 0.000000000000000000e+00 0.000000000000000000e+00 0.000000000000000000e+00 0.000000000000000000e+00 0.000000000000000000e+00 0.000000000000000000e+00 0.000000000000000000e+00 0.000000000000000000e+00 0.000000000000000000e+00 0.000000000000000000e+00 0.000000000000000000e+00 0.000000000000000000e+00 0.000000000000000000e+00 0.000000000000000000e+00 0.000000000000000000e+00 0.000000000000000000e+00 0.000000000000000000e+00 0.000000000000000000e+00 0.000000000000000000e+00 0.000000000000000000e+00 0.000000000000000000e+00 0.000000000000000000e+00 0.000000000000000000e+00 0.000000000000000000e+00 0.000000000000000000e+00 0.000000000000000000e+00 0.000000000000000000e+00 0.000000000000000000e+00 0.000000000000000000e+00 0.000000000000000000e+00 0.000000000000000000e+00 0.000000000000000000e+00 0.000000000000000000e+00 0.000000000000000000e+00 0.000000000000000000e+00 0.000000000000000000e+00 0.000000000000000000e+00 0.000000000000000000e+00 0.000000000000000000e+00 0.000000000000000000e+00 0.000000000000000000e+00 0.000000000000000000e+00 0.000000000000000000e+00 0.000000000000000000e+00 0.000000000000000000e+00 0.000000000000000000e+00 0.000000000000000000e+00 0.000000000000000000e+00 0.000000000000000000e+00 0.000000000000000000e+00 0.000000000000000000e+00 0.000000000000000000e+00 0.000000000000000000e+00 0.000000000000000000e+00 0.000000000000000000e+00 0.000000000000000000e+00 0.000000000000000000e+00 0.000000000000000000e+00 0.000000000000000000e+00
0.000000000000000000e+00 0.000000000000000000e+00 0.000000000000000000e+00 0.000000000000000000e+00 0.000000000000000000e+00 0.000000000000000000e+00 0.000000000000000000e+00 0.000000000000000000e+00 0.000000000000000000e+00 0.000000000000000000e+00 0.000000000000000000e+00 0.000000000000000000e+00 0.000000000000000000e+00 0.000000000000000000e+00 0.000000000000000000e+00 0.000000000000000000e+00 0.000000000000000000e+00 0.000000000000000000e+00 0.000000000000000000e+00 0.000000000000000000e+00 0.000000000000000000e+00 0.000000000000000000e+00 0.000000000000000000e+00 0.000000000000000000e+00 0.000000000000000000e+00 0.000000000000000000e+00 0.000000000000000000e+00 0.000000000000000000e+00 0.000000000000000000e+00 0.000000000000000000e+00 0.000000000000000000e+00 0.000000000000000000e+00 0.000000000000000000e+00 0.000000000000000000e+00 0.000000000000000000e+00 0.000000000000000000e+00 0.000000000000000000e+00 0.000000000000000000e+00 0.000000000000000000e+00 0.000000000000000000e+00 0.000000000000000000e+00 0.000000000000000000e+00 0.000000000000000000e+00 0.000000000000000000e+00 0.000000000000000000e+00 0.000000000000000000e+00 0.000000000000000000e+00 0.000000000000000000e+00 0.000000000000000000e+00 0.000000000000000000e+00 0.000000000000000000e+00 0.000000000000000000e+00 0.000000000000000000e+00 0.000000000000000000e+00 0.000000000000000000e+00 0.000000000000000000e+00 0.000000000000000000e+00 0.000000000000000000e+00 0.000000000000000000e+00 0.000000000000000000e+00 0.000000000000000000e+00 0.000000000000000000e+00 0.000000000000000000e+00 0.000000000000000000e+00 0.000000000000000000e+00 0.000000000000000000e+00 0.000000000000000000e+00 0.000000000000000000e+00 0.000000000000000000e+00 0.000000000000000000e+00 0.000000000000000000e+00 0.000000000000000000e+00 0.000000000000000000e+00 0.000000000000000000e+00 0.000000000000000000e+00 0.000000000000000000e+00 0.000000000000000000e+00 0.000000000000000000e+00 0.000000000000000000e+00 0.000000000000000000e+00 0.000000000000000000e+00 0.000000000000000000e+00 0.000000000000000000e+00 0.000000000000000000e+00 0.000000000000000000e+00 0.000000000000000000e+00 0.000000000000000000e+00 0.000000000000000000e+00 0.000000000000000000e+00
0.000000000000000000e+00 0.000000000000000000e+00 0.000000000000000000e+00 4.870175438596486828e+00 6.673127463863332665e+00 1.399591002044989274e+01 3.164285714285714235e+01 3.078571428571427049e+01 3.880769230769227818e+01 1.229577464788731511e+01 4.762499999999997158e+01 7.707974980453476732e+00 5.449999999999994316e+01 0.000000000000000000e+00 5.283333333333331439e+01 2.683333333333334281e+01 0.000000000000000000e+00 0.000000000000000000e+00 7.249999999999994316e+01 0.000000000000000000e+00 0.000000000000000000e+00 0.000000000000000000e+00 0.000000000000000000e+00 0.000000000000000000e+00 0.000000000000000000e+00 0.000000000000000000e+00 0.000000000000000000e+00 0.000000000000000000e+00 7.599999999999982947e+01 0.000000000000000000e+00 0.000000000000000000e+00 8.409999999999998010e+01 8.066666666666661456e+01 0.000000000000000000e+00 0.000000000000000000e+00 0.000000000000000000e+00 0.000000000000000000e+00 2.820833333333331083e+01 3.296923076923074802e+01 0.000000000000000000e+00 0.000000000000000000e+00 0.000000000000000000e+00 0.000000000000000000e+00 0.000000000000000000e+00 3.149999999999997868e+01 0.000000000000000000e+00 0.000000000000000000e+00 0.000000000000000000e+00 5.600000000000001421e+01 0.000000000000000000e+00 0.000000000000000000e+00 0.000000000000000000e+00 0.000000000000000000e+00 0.000000000000000000e+00 0.000000000000000000e+00 0.000000000000000000e+00 0.000000000000000000e+00 0.000000000000000000e+00 0.000000000000000000e+00 0.000000000000000000e+00 0.000000000000000000e+00 0.000000000000000000e+00 0.000000000000000000e+00 0.000000000000000000e+00 0.000000000000000000e+00 0.000000000000000000e+00 0.000000000000000000e+00 0.000000000000000000e+00 0.000000000000000000e+00 0.000000000000000000e+00 0.000000000000000000e+00 0.000000000000000000e+00 0.000000000000000000e+00 0.000000000000000000e+00 0.000000000000000000e+00 0.000000000000000000e+00 0.000000000000000000e+00 0.000000000000000000e+00 0.000000000000000000e+00 0.000000000000000000e+00 0.000000000000000000e+00 0.000000000000000000e+00 0.000000000000000000e+00 0.000000000000000000e+00 0.000000000000000000e+00 0.000000000000000000e+00 0.000000000000000000e+00 0.000000000000000000e+00 0.000000000000000000e+00
0.000000000000000000e+00 0.000000000000000000e+00 0.000000000000000000e+00 6.673127463863332665e+00 9.079757891510872980e+00 9.813869327073547311e+00 2.468918918918918237e+01 2.387999999999999190e+01 3.909146341463413421e+01 1.563998190863861559e+01 4.260588235294116544e+01 1.724453671328670623e+01 5.574137931034481142e+01 0.000000000000000000e+00 3.496666666666664725e+01 1.231847968545215721e+01 3.029999999999999716e+01 4.719999999999996021e+01 7.104999999999998295e+01 0.000000000000000000e+00 8.249999999999998579e+01 0.000000000000000000e+00 0.000000000000000000e+00 0.000000000000000000e+00 0.000000000000000000e+00 9.137499999999997158e+01 0.000000000000000000e+00 0.000000000000000000e+00 6.357142857142854098e+01 7.460526315789469720e+01 8.412499999999997158e+01 8.126923076923074518e+01 7.777941176470585560e+01 0.000000000000000000e+00 9.813636363636361182e+01 0.000000000000000000e+00 9.099999999999997158e+01 1.259743321110528314e+01 1.944968553459118255e+01 4.134285714285712743e+01 0.000000000000000000e+00 0.000000000000000000e+00 5.549999999999997868e+01 5.083333333333332149e+01 5.899848637739653512e+00 1.214814814814814525e+01 0.000000000000000000e+00 3.029999999999997229e+01 4.116666666666663588e+01 0.000000000000000000e+00 0.000000000000000000e+00 5.099999999999997158e+01 5.249999999999997158e+01 6.149999999999995737e+01 5.931249999999994316e+01 0.000000000000000000e+00 0.000000000000000000e+00 0.000000000000000000e+00 2.228124999999999289e+01 4.149999999999999289e+01 5.299999999999997158e+01 5.749999999999999289e+01 0.000000000000000000e+00 0.000000000000000000e+00 0.000000000000000000e+00 0.000000000000000000e+00 0.000000000000000000e+00 0.000000000000000000e+00 0.000000000000000000e+00 0.000000000000000000e+00 0.000000000000000000e+00 0.000000000000000000e+00 0.000000000000000000e+00 0.000000000000000000e+00 8.799999999999997158e+01 0.000000000000000000e+00 0.000000000000000000e+00 0.000000000000000000e+00 0.000000000000000000e+00 0.000000000000000000e+00 2.623529411764704733e+01 3.918421052631576629e+01 6.100000000000000711e+01 0.000000000000000000e+00 0.000000000000000000e+00 0.000000000000000000e+00 0.000000000000000000e+00 1.849999999999999645e+01 1.405555555555554292e+01
0.000000000000000000e+00 0.000000000000000000e+00 0.000000000000000000e+00 1.399591002044989274e+01 9.813869327073547311e+00 1.559020112560533278e+01 9.605628564344156572e+00 1.469276998725186090e+01 3.050632022471909011e+01 1.850380202774812588e+01 4.415658362989321972e+01 2.792785104732349666e+01 5.498591549295772296e+01 6.858333333333331439e+01 3.237544802867382288e+01 2.205849753694580428e+01 3.357777777777775441e+01 5.807142857142854808e+01 7.456617647058820353e+01 0.000000000000000000e+00 9.425000000000000000e+01 1.000000000000000000e+02 0.000000000000000000e+00 6.724999999999998579e+01 8.849999999999998579e+01 8.299999999999997158e+01 0.000000000000000000e+00 7.833333333333331439e+01 6.536111111111108585e+01 6.489690721649481020e+01 8.377272727272725206e+01 8.268580060422958411e+01 7.938461538461535838e+01 9.699999999999997158e+01 9.806818181818181301e+01 8.749999999999997158e+01 8.822222222222220012e+01 1.869954032595067872e+01 2.096462868117796319e+01 3.565714285714284415e+01 0.000000000000000000e+00 4.564285714285712459e+01 6.712499999999995737e+01 3.565151515151513451e+01 2.046172248803826932e+01 5.102564102564101489e+01 6.499999999999992895e+01 4.064285714285711748e+01 4.544736842105258745e+01 0.000000000000000000e+00 5.566666666666663588e+01 5.237499999999995737e+01 5.266666666666665009e+01 6.049999999999999289e+01 6.233333333333329307e+01 6.749999999999995737e+01 0.000000000000000000e+00 0.000000000000000000e+00 3.105555555555554292e+01 4.079999999999996163e+01 6.774999999999997158e+01 8.183333333333327175e+01 0.000000000000000000e+00 0.000000000000000000e+00 0.000000000000000000e+00 0.000000000000000000e+00 0.000000000000000000e+00 0.000000000000000000e+00 0.000000000000000000e+00 0.000000000000000000e+00 0.000000000000000000e+00 0.000000000000000000e+00 0.000000000000000000e+00 1.130000000000000142e+02 0.000000000000000000e+00 8.299999999999992895e+01 0.000000000000000000e+00 0.000000000000000000e+00 0.000000000000000000e+00 0.000000000000000000e+00 4.104347826086954143e+01 5.009999999999997300e+01 7.149999999999992895e+01 0.000000000000000000e+00 6.074999999999995026e+01 0.000000000000000000e+00 0.000000000000000000e+00 3.062500000000000355e+01 4.287499999999997158e+01
0.000000000000000000e+00 0.000000000000000000e+00 0.000000000000000000e+00 3.164285714285714235e+01 2.468918918918918237e+01 9.605628564344156572e+00 7.984787018255575575e+00 8.260655160267697639e+00 2.273986486486485958e+01 1.386066003143006498e+01 5.581249999999997868e+01 3.102697095435683039e+01 4.566666666666666430e+01 0.000000000000000000e+00 3.705208333333331439e+01 2.549999999999999289e+01 3.666666666666665009e+01 0.000000000000000000e+00 0.000000000000000000e+00 0.000000000000000000e+00 0.000000000000000000e+00 0.000000000000000000e+00 0.000000000000000000e+00 0.000000000000000000e+00 0.000000000000000000e+00 7.200000000000002842e+01 0.000000000000000000e+00 0.000000000000000000e+00 4.474999999999997158e+01 4.849999999999997868e+01 0.000000000000000000e+00 8.342857142857140218e+01 7.774999999999994316e+01 0.000000000000000000e+00 0.000000000000000000e+00 0.000000000000000000e+00 7.474999999999998579e+01 2.819999999999999218e+01 3.064416058394159137e+01 3.739999999999997726e+01 0.000000000000000000e+00 0.000000000000000000e+00 7.099999999999998579e+01 0.000000000000000000e+00 3.599999999999996447e+01 4.575000000000000000e+01 0.000000000000000000e+00 0.000000000000000000e+00 0.000000000000000000e+00 0.000000000000000000e+00 0.000000000000000000e+00 0.000000000000000000e+00 7.000000000000000000e+01 0.000000000000000000e+00 5.699999999999992895e+01 0.000000000000000000e+00 0.000000000000000000e+00 0.000000000000000000e+00 0.000000000000000000e+00 0.000000000000000000e+00 0.000000000000000000e+00 0.000000000000000000e+00 0.000000000000000000e+00 0.000000000000000000e+00 0.000000000000000000e+00 0.000000000000000000e+00 0.000000000000000000e+00 0.000000000000000000e+00 0.000000000000000000e+00 0.000000000000000000e+00 0.000000000000000000e+00 0.000000000000000000e+00 0.000000000000000000e+00 0.000000000000000000e+00 0.000000000000000000e+00 0.000000000000000000e+00 0.000000000000000000e+00 0.000000000000000000e+00 0.000000000000000000e+00 0.000000000000000000e+00 0.000000000000000000e+00 0.000000000000000000e+00 0.000000000000000000e+00 0.000000000000000000e+00 0.000000000000000000e+00 0.000000000000000000e+00 0.000000000000000000e+00 0.000000000000000000e+00 0.000000000000000000e+00
0.000000000000000000e+00 0.000000000000000000e+00 0.000000000000000000e+00 3.078571428571427049e+01 2.387999999999999190e+01 1.469276998725186090e+01 8.260655160267697639e+00 8.655551993160198521e+00 9.762794837561189709e+00 1.961308327751729763e+01 3.837142857142855945e+01 2.464413793103447148e+01 3.137666666666664739e+01 0.000000000000000000e+00 3.508912655971478500e+01 1.940433673469387088e+01 2.260416666666665364e+01 5.825000000000000000e+01 6.635714285714281857e+01 0.000000000000000000e+00 7.619999999999997442e+01 7.249999999999997158e+01 7.449999999999998579e+01 9.149999999999995737e+01 6.481249999999998579e+01 5.931481481481479534e+01 0.000000000000000000e+00 5.847368421052629373e+01 3.891810344827584345e+01 4.164840989399290549e+01 5.878571428571424207e+01 7.376271186440675365e+01 6.674999999999997158e+01 8.899999999999994316e+01 8.349999999999998579e+01 0.000000000000000000e+00 6.823333333333332007e+01 2.281623931623931156e+01 2.744657534246573505e+01 3.936666666666665293e+01 0.000000000000000000e+00 4.566666666666665009e+01 7.662499999999997158e+01 5.766666666666663588e+01 2.655555555555552161e+01 5.412499999999997868e+01 0.000000000000000000e+00 0.000000000000000000e+00 0.000000000000000000e+00 0.000000000000000000e+00 0.000000000000000000e+00 0.000000000000000000e+00 0.000000000000000000e+00 0.000000000000000000e+00 3.999999999999997158e+01 0.000000000000000000e+00 0.000000000000000000e+00 0.000000000000000000e+00 1.849999999999998224e+01 0.000000000000000000e+00 4.499999999999998579e+01 0.000000000000000000e+00 0.000000000000000000e+00 0.000000000000000000e+00 0.000000000000000000e+00 0.000000000000000000e+00 0.000000000000000000e+00 0.000000000000000000e+00 0.000000000000000000e+00 0.000000000000000000e+00 0.000000000000000000e+00 0.000000000000000000e+00 0.000000000000000000e+00 0.000000000000000000e+00 0.000000000000000000e+00 0.000000000000000000e+00 0.000000000000000000e+00 0.000000000000000000e+00 0.000000000000000000e+00 0.000000000000000000e+00 2.699999999999993960e+01 3.899999999999996447e+01 0.000000000000000000e+00 0.000000000000000000e+00 0.000000000000000000e+00 0.000000000000000000e+00 0.000000000000000000e+00 0.000000000000000000e+00 0.000000000000000000e+00
0.000000000000000000e+00 0.000000000000000000e+00 0.000000000000000000e+00 3.880769230769227818e+01 3.909146341463413421e+01 3.050632022471909011e+01 2.273986486486485958e+01 9.762794837561189709e+00 1.236367539716616371e+01 2.064429959100204215e+01 2.802313167259785942e+01 3.424778156996585921e+01 1.149241071428571459e+01 7.199999999999988631e+01 2.340247383444338070e+01 3.184495412844036721e+01 2.724273858921161207e+01 5.720833333333332149e+01 5.320192307692306599e+01 6.574999999999995737e+01 6.395312499999997868e+01 6.278571428571427049e+01 6.666666666666662877e+01 7.987499999999997158e+01 5.876190476190473788e+01 5.199152542372879537e+01 4.624999999999997158e+01 4.898051948051946880e+01 2.301622971285891595e+01 2.950420489296634941e+01 5.117857142857142350e+01 5.663364055299538080e+01 6.659574468085106957e+01 8.549999999999998579e+01 6.813513513513512976e+01 6.450000000000000000e+01 5.568041237113401820e+01 2.207604679802955516e+01 1.694575569358178058e+01 2.490154867256637061e+01 0.000000000000000000e+00 3.968965517241378649e+01 5.675675675675674370e+01 4.561764705882352189e+01 2.754166666666666785e+01 3.044597249508840875e+01 0.000000000000000000e+00 5.199999999999998579e+01 6.016666666666665719e+01 0.000000000000000000e+00 5.299999999999990763e+01 4.844444444444438602e+01 5.424999999999994316e+01 6.275000000000000000e+01 5.107692307692305178e+01 0.000000000000000000e+00 0.000000000000000000e+00 0.000000000000000000e+00 3.733333333333332860e+01 3.053571428571428470e+01 5.699999999999997868e+01 5.249999999999997868e+01 0.000000000000000000e+00 0.000000000000000000e+00 0.000000000000000000e+00 0.000000000000000000e+00 0.000000000000000000e+00 0.000000000000000000e+00 0.000000000000000000e+00 0.000000000000000000e+00 0.000000000000000000e+00 0.000000000000000000e+00 0.000000000000000000e+00 0.000000000000000000e+00 1.104999999999999716e+02 8.299999999999998579e+01 0.000000000000000000e+00 0.000000000000000000e+00 0.000000000000000000e+00 0.000000000000000000e+00 4.028571428571426338e+01 5.527272727272725206e+01 0.000000000000000000e+00 0.000000000000000000e+00 5.499999999999998579e+01 0.000000000000000000e+00 0.000000000000000000e+00 0.000000000000000000e+00 0.000000000000000000e+00
0.000000000000000000e+00 0.000000000000000000e+00 0.000000000000000000e+00 1.229577464788731511e+01 1.563998190863861559e+01 1.850380202774812588e+01 1.386066003143006498e+01 1.961308327751729763e+01 2.064429959100204215e+01 1.300223516662151191e+01 1.800434397163120082e+01 1.644759947692881852e+01 4.623924731182793835e+01 5.547619047619045318e+01 3.553365384615383249e+01 2.332793807178042655e+01 2.570777279521673009e+01 5.207142857142854808e+01 6.409029649595684930e+01 1.132500000000000000e+02 8.486956521739128334e+01 8.149999999999994316e+01 9.250000000000002842e+01 8.612499999999997158e+01 7.904999999999998295e+01 7.641111111111109722e+01 0.000000000000000000e+00 6.577272727272725206e+01 5.363265306122447384e+01 6.055604982206403264e+01 7.349999999999998579e+01 7.054456094364348928e+01 6.761327561327559010e+01 7.321428571428569398e+01 8.153409090909090651e+01 9.075000000000000000e+01 7.885185185185183343e+01 2.219926393270240794e+01 2.674271844660192698e+01 3.969095477386932913e+01 0.000000000000000000e+00 5.674999999999999289e+01 7.567857142857141639e+01 6.702631578947365654e+01 3.129577464788730623e+01 4.600344827586205554e+01 0.000000000000000000e+00 4.950000000000002842e+01 5.164285714285712459e+01 5.599999999999995026e+01 5.749999999999995026e+01 4.949999999999997158e+01 5.226666666666663019e+01 6.157142857142851256e+01 4.925757575757572937e+01 6.774999999999994316e+01 0.000000000000000000e+00 0.000000000000000000e+00 3.222222222222220012e+01 3.445454545454543194e+01 4.199999999999998579e+01 7.649999999999995737e+01 0.000000000000000000e+00 0.000000000000000000e+00 0.000000000000000000e+00 0.000000000000000000e+00 0.000000000000000000e+00 0.000000000000000000e+00 0.000000000000000000e+00 0.000000000000000000e+00 0.000000000000000000e+00 6.900000000000000000e+01 0.000000000000000000e+00 0.000000000000000000e+00 9.099999999999990052e+01 0.000000000000000000e+00 0.000000000000000000e+00 0.000000000000000000e+00 0.000000000000000000e+00 0.000000000000000000e+00 4.174999999999996447e+01 5.274999999999997158e+01 6.224999999999997158e+01 0.000000000000000000e+00 5.699999999999994316e+01 0.000000000000000000e+00 0.000000000000000000e+00 4.733333333333330728e+01 0.000000000000000000e+00
0.000000000000000000e+00 0.000000000000000000e+00 0.000000000000000000e+00 4.762499999999997158e+01 4.260588235294116544e+01 4.415658362989321972e+01 5.581249999999997868e+01 3.837142857142855945e+01 2.802313167259785942e+01 1.800434397163120082e+01 1.311646100116414360e+01 2.221158826068191772e+01 1.693559606620292612e+01 4.715000000000000568e+01 2.769830827067669077e+01 3.906574923547398726e+01 2.352557755775577064e+01 2.912992125984250791e+01 4.891457286432160600e+01 9.049999999999997158e+01 5.920192307692308020e+01 5.610869565217389976e+01 6.449999999999998579e+01 8.067857142857140218e+01 5.095384615384615046e+01 4.810606060606060908e+01 4.950000000000000000e+01 4.278947368421052744e+01 2.827928416485900343e+01 3.933723849372385217e+01 4.824571428571428555e+01 4.752528932704672116e+01 4.740807453416149286e+01 5.295212765957446521e+01 6.003758445945945965e+01 6.028787878787878896e+01 5.141680960548885082e+01 2.151966717095309534e+01 2.208913813459268027e+01 2.837412587412587328e+01 0.000000000000000000e+00 3.212727272727272521e+01 5.178723404255319451e+01 3.856428571428570962e+01 3.433333333333332149e+01 3.317261055634807576e+01 0.000000000000000000e+00 6.199999999999992895e+01 7.362499999999995737e+01 0.000000000000000000e+00 0.000000000000000000e+00 5.057142857142854098e+01 5.480434782608691791e+01 5.387499999999996447e+01 4.928333333333331012e+01 7.124999999999998579e+01 0.000000000000000000e+00 0.000000000000000000e+00 5.575000000000000000e+01 3.594736842105262298e+01 3.074999999999997868e+01 7.599999999999995737e+01 0.000000000000000000e+00 0.000000000000000000e+00 0.000000000000000000e+00 0.000000000000000000e+00 6.899999999999998579e+01 0.000000000000000000e+00 0.000000000000000000e+00 0.000000000000000000e+00 0.000000000000000000e+00 0.000000000000000000e+00 0.000000000000000000e+00 0.000000000000000000e+00 9.399999999999994316e+01 0.000000000000000000e+00 0.000000000000000000e+00 0.000000000000000000e+00 0.000000000000000000e+00 0.000000000000000000e+00 4.288888888888885731e+01 5.103124999999998579e+01 5.175000000000000000e+01 0.000000000000000000e+00 5.399999999999997868e+01 0.000000000000000000e+00 0.000000000000000000e+00 5.049999999999995026e+01 0.000000000000000000e+00
0.000000000000000000e+00 0.000000000000000000e+00 0.000000000000000000e+00 7.707974980453476732e+00 1.724453671328670623e+01 2.792785104732349666e+01 3.102697095435683039e+01 2.464413793103447148e+01 3.424778156996585921e+01 1.644759947692881852e+01 2.221158826068191772e+01 1.553095191646216655e+01 2.311352459016393013e+01 1.386959749257670715e+01 3.925796178343947673e+01 2.555380794701985891e+01 2.015587967183226326e+01 2.382635694572216423e+01 4.312500000000000000e+01 0.000000000000000000e+00 7.965384615384616041e+01 7.933333333333331439e+01 0.000000000000000000e+00 1.081666666666666430e+02 7.357142857142855519e+01 6.800000000000000000e+01 6.350000000000002132e+01 7.031249999999998579e+01 3.285845027455765432e+01 4.551580020387359582e+01 6.259567901234566989e+01 5.432227138643067121e+01 4.937733574442435014e+01 5.752857142857143202e+01 7.436757990867579338e+01 5.758333333333333570e+01 7.705714285714286405e+01 2.456219999999999359e+01 2.907905479667136817e+01 3.292229367631296810e+01 0.000000000000000000e+00 3.753100775193798455e+01 7.393750000000000000e+01 4.622477064220183252e+01 3.381666666666665577e+01 3.940387596899224576e+01 0.000000000000000000e+00 5.324999999999997868e+01 6.874999999999997158e+01 7.124999999999998579e+01 6.099999999999994316e+01 4.684374999999995026e+01 4.838636363636361892e+01 5.134999999999998010e+01 1.316587677725117800e+01 6.407142857142855519e+01 1.662500000000001421e+01 9.499999999999995737e+01 4.323611111111109295e+01 3.159374999999998224e+01 2.287847222222221433e+01 5.033333333333331439e+01 0.000000000000000000e+00 0.000000000000000000e+00 0.000000000000000000e+00 0.000000000000000000e+00 0.000000000000000000e+00 0.000000000000000000e+00 0.000000000000000000e+00 0.000000000000000000e+00 0.000000000000000000e+00 0.000000000000000000e+00 0.000000000000000000e+00 0.000000000000000000e+00 1.004999999999999716e+02 0.000000000000000000e+00 0.000000000000000000e+00 0.000000000000000000e+00 0.000000000000000000e+00 0.000000000000000000e+00 4.299999999999997868e+01 5.342307692307691269e+01 5.019999999999997442e+01 0.000000000000000000e+00 4.700000000000000000e+01 0.000000000000000000e+00 0.000000000000000000e+00 3.999999999999999289e+01 4.674999999999998579e+01
0.000000000000000000e+00 0.000000000000000000e+00 0.000000000000000000e+00 5.449999999999994316e+01 5.574137931034481142e+01 5.498591549295772296e+01 4.566666666666666430e+01 3.137666666666664739e+01 1.149241071428571459e+01 4.623924731182793835e+01 1.693559606620292612e+01 2.311352459016393013e+01 1.426813219679976008e+01 7.831561216970208683e+00 2.413081232492997330e+01 5.506172839506170646e+01 3.933035714285714590e+01 2.129460966542750811e+01 3.623943661971831887e+01 6.149999999999996447e+01 5.592079207920792072e+01 5.484090909090909349e+01 5.799999999999999289e+01 7.374999999999997158e+01 4.953333333333333144e+01 2.247155688622754610e+01 4.395652173913043725e+01 4.245390070921985881e+01 1.876457070213182021e+01 3.024851707915729193e+01 4.138454011741683303e+01 3.279562043795620241e+01 3.820373514431239670e+01 4.385000000000000853e+01 5.107633587786259710e+01 5.440476190476190510e+01 5.150000000000000000e+01 2.481815020862308785e+01 2.436361161524501284e+01 3.007104660045837363e+01 0.000000000000000000e+00 2.796145124716553454e+01 5.151724137931034164e+01 3.870461538461538709e+01 7.149999999999997158e+01 3.677948193592365556e+01 0.000000000000000000e+00 6.549999999999998579e+01 8.200000000000001421e+01 0.000000000000000000e+00 7.799999999999992895e+01 5.749999999999992895e+01 7.474999999999997158e+01 6.683333333333332860e+01 5.383333333333332149e+01 5.724999999999997158e+01 4.999999999999997868e+01 0.000000000000000000e+00 7.109999999999998010e+01 4.887499999999999289e+01 3.872727272727270531e+01 2.649999999999997868e+01 0.000000000000000000e+00 0.000000000000000000e+00 0.000000000000000000e+00 0.000000000000000000e+00 0.000000000000000000e+00 0.000000000000000000e+00 0.000000000000000000e+00 0.000000000000000000e+00 0.000000000000000000e+00 6.049999999999993605e+01 5.583333333333330728e+01 0.000000000000000000e+00 0.000000000000000000e+00 4.350000000000000000e+01 0.000000000000000000e+00 0.000000000000000000e+00 0.000000000000000000e+00 0.000000000000000000e+00 5.933333333333328596e+01 4.899999999999999289e+01 5.116666666666667851e+01 0.000000000000000000e+00 4.183333333333331439e+01 7.449999999999997158e+01 5.624999999999999289e+01 0.000000000000000000e+00 0.000000000000000000e+00
0.000000000000000000e+00 0.000000000000000000e+00 0.000000000000000000e+00 0.000000000000000000e+00 0.000000000000000000e+00 6.858333333333331439e+01 0.000000000000000000e+00 0.000000000000000000e+00 7.199999999999988631e+01 5.547619047619045318e+01 4.715000000000000568e+01 1.386959749257670715e+01 7.831561216970208683e+00 1.054487379245870748e+01 3.207142857142856940e+01 5.403124999999997868e+01 3.732142857142855519e+01 9.322784810126583110e+00 2.586000000000000298e+01 0.000000000000000000e+00 6.049999999999999289e+01 0.000000000000000000e+00 0.000000000000000000e+00 0.000000000000000000e+00 5.400000000000000000e+01 0.000000000000000000e+00 0.000000000000000000e+00 0.000000000000000000e+00 1.208402291534054740e+01 3.847727272727272663e+01 3.275000000000000000e+01 1.752826086956521578e+01 1.342608695652173800e+01 3.000000000000000000e+01 3.749999999999998579e+01 0.000000000000000000e+00 0.000000000000000000e+00 3.094117647058824261e+01 4.172807017543860297e+01 3.840000000000000568e+01 0.000000000000000000e+00 3.211111111111111427e+01 0.000000000000000000e+00 4.433333333333334991e+01 0.000000000000000000e+00 4.068181818181817988e+01 0.000000000000000000e+00 0.000000000000000000e+00 0.000000000000000000e+00 0.000000000000000000e+00 0.000000000000000000e+00 0.000000000000000000e+00 0.000000000000000000e+00 0.000000000000000000e+00 0.000000000000000000e+00 0.000000000000000000e+00 0.000000000000000000e+00 0.000000000000000000e+00 0.000000000000000000e+00 0.000000000000000000e+00 2.800000000000002487e+01 0.000000000000000000e+00 0.000000000000000000e+00 0.000000000000000000e+00 0.000000000000000000e+00 0.000000000000000000e+00 0.000000000000000000e+00 0.000000000000000000e+00 0.000000000000000000e+00 0.000000000000000000e+00 0.000000000000000000e+00 0.000000000000000000e+00 0.000000000000000000e+00 0.000000000000000000e+00 8.699999999999997158e+01 0.000000000000000000e+00 0.000000000000000000e+00 0.000000000000000000e+00 0.000000000000000000e+00 0.000000000000000000e+00 0.000000000000000000e+00 0.000000000000000000e+00 0.000000000000000000e+00 0.000000000000000000e+00 0.000000000000000000e+00 0.000000000000000000e+00 0.000000000000000000e+00 0.000000000000000000e+00 0.000000000000000000e+00
0.000000000000000000e+00 0.000000000000000000e+00 0.000000000000000000e+00 5.283333333333331439e+01 3.496666666666664725e+01 3.237544802867382288e+01 3.705208333333331439e+01 3.508912655971478500e+01 2.340247383444338070e+01 3.553365384615383249e+01 2.769830827067669077e+01 3.925796178343947673e+01 2.413081232492997330e+01 3.207142857142856940e+01 1.261897225842486847e+01 4.369879518072287539e+01 3.595762711864405503e+01 2.854999999999999361e+01 2.346839080459769278e+01 1.529999999999999538e+01 2.913602941176469585e+01 3.894230769230768630e+01 2.432291666666666075e+01 2.016325486182189408e+01 2.358472803347280333e+01 2.483436027546211733e+01 2.257308970099667178e+01 3.212691326530611491e+01 1.605108631826189125e+01 2.497005444646097416e+01 4.426485355648534181e+01 3.585655021834060108e+01 3.611472602739725346e+01 5.874285714285713311e+01 5.413450704225351018e+01 5.660937499999998579e+01 4.604676258992805060e+01 2.491881918819187902e+01 8.924968955965228545e+00 2.033909287257019471e+01 0.000000000000000000e+00 1.730138339920948454e+01 1.300591163658991967e+01 1.379484173505275457e+01 2.429999999999998650e+01 2.127865404837013585e+01 0.000000000000000000e+00 9.150000000000000000e+01 0.000000000000000000e+00 1.020000000000000000e+02 0.000000000000000000e+00 6.249999999999998579e+01 4.866666666666659324e+01 6.116666666666662877e+01 5.966666666666660745e+01 6.416666666666664298e+01 0.000000000000000000e+00 0.000000000000000000e+00 8.949999999999995737e+01 3.559999999999998721e+01 6.399999999999999289e+01 3.404411764705881183e+01 0.000000000000000000e+00 0.000000000000000000e+00 4.699999999999998579e+01 0.000000000000000000e+00 0.000000000000000000e+00 0.000000000000000000e+00 0.000000000000000000e+00 0.000000000000000000e+00 4.799999999999994316e+01 6.800000000000001421e+01 4.804999999999999005e+01 6.208333333333330728e+01 5.549999999999997868e+01 3.449999999999998579e+01 0.000000000000000000e+00 0.000000000000000000e+00 0.000000000000000000e+00 8.349999999999998579e+01 3.874999999999997158e+01 5.569999999999998863e+01 6.424999999999998579e+01 0.000000000000000000e+00 3.156249999999998579e+01 3.416666666666665009e+01 0.000000000000000000e+00 0.000000000000000000e+00 0.000000000000000000e+00
0.000000000000000000e+00 0.000000000000000000e+00 0.000000000000000000e+00 2.683333333333334281e+01 1.231847968545215721e+01 2.205849753694580428e+01 2.549999999999999289e+01 1.940433673469387088e+01 3.184495412844036721e+01 2.332793807178042655e+01 3.906574923547398726e+01 2.555380794701985891e+01 5.506172839506170646e+01 5.403124999999997868e+01 4.369879518072287539e+01 6.545736434108523127e+00 1.097845859262804780e+01 3.610535006605017116e+01 5.566194548369852413e+01 0.000000000000000000e+00 1.099999999999999716e+02 0.000000000000000000e+00 0.000000000000000000e+00 0.000000000000000000e+00 0.000000000000000000e+00 7.779999999999998295e+01 0.000000000000000000e+00 7.466666666666664298e+01 6.336666666666665293e+01 7.111643835616435183e+01 8.239999999999994884e+01 7.188713318284420950e+01 6.279787234042550637e+01 8.566666666666662877e+01 9.292499999999999716e+01 9.350000000000000000e+01 8.216666666666664298e+01 1.337177650429798348e+01 2.393479149632051062e+01 4.615340909090907218e+01 0.000000000000000000e+00 6.088571428571424349e+01 6.679999999999996874e+01 7.699999999999995737e+01 7.407651715039570206e+00 5.247058823529410176e+01 0.000000000000000000e+00 0.000000000000000000e+00 4.533333333333329307e+01 0.000000000000000000e+00 3.424999999999997158e+01 4.258333333333329307e+01 4.161111111111105743e+01 5.083333333333331439e+01 4.241666666666662877e+01 6.799999999999997158e+01 0.000000000000000000e+00 8.149999999999998579e+01 2.852941176470586981e+01 2.251923076923075939e+01 3.848275862068962994e+01 4.637931034482756587e+01 0.000000000000000000e+00 0.000000000000000000e+00 0.000000000000000000e+00 0.000000000000000000e+00 0.000000000000000000e+00 0.000000000000000000e+00 0.000000000000000000e+00 7.699999999999997158e+01 0.000000000000000000e+00 0.000000000000000000e+00 6.874999999999995737e+01 0.000000000000000000e+00 8.649999999999994316e+01 6.439999999999997726e+01 0.000000000000000000e+00 0.000000000000000000e+00 0.000000000000000000e+00 0.000000000000000000e+00 3.240909090909086387e+01 4.088095238095235828e+01 7.074999999999998579e+01 0.000000000000000000e+00 5.899999999999991473e+01 0.000000000000000000e+00 0.000000000000000000e+00 1.716666666666665364e+01 4.950000000000000711e+01
0.000000000000000000e+00 0.000000000000000000e+00 0.000000000000000000e+00 0.000000000000000000e+00 3.029999999999999716e+01 3.357777777777775441e+01 3.666666666666665009e+01 2.260416666666665364e+01 2.724273858921161207e+01 2.570777279521673009e+01 2.352557755775577064e+01 2.015587967183226326e+01 3.933035714285714590e+01 3.732142857142855519e+01 3.595762711864405503e+01 1.097845859262804780e+01 8.512949039264825046e+00 1.847700701480902907e+01 4.195289855072461904e+01 0.000000000000000000e+00 7.649999999999997158e+01 7.199999999999995737e+01 0.000000000000000000e+00 0.000000000000000000e+00 0.000000000000000000e+00 7.949999999999998579e+01 0.000000000000000000e+00 6.779999999999998295e+01 4.489583333333331439e+01 5.795270270270268043e+01 6.402222222222219727e+01 5.688313008130079851e+01 4.748536585365853568e+01 6.188888888888888573e+01 7.466666666666667140e+01 0.000000000000000000e+00 7.424999999999998579e+01 1.943601895734596141e+01 2.389931034482757610e+01 3.237662337662337109e+01 0.000000000000000000e+00 4.792857142857142350e+01 5.821428571428571530e+01 5.092857142857139507e+01 2.649999999999995381e+01 4.133035714285713169e+01 5.899999999999993605e+01 3.306249999999999289e+01 4.124999999999999289e+01 0.000000000000000000e+00 3.862499999999995026e+01 2.873913043478257379e+01 3.086363636363633844e+01 3.354545454545450411e+01 2.642592592592590961e+01 5.899999999999996447e+01 0.000000000000000000e+00 4.049999999999996447e+01 2.392682926829267132e+01 1.180701754385964541e+01 1.464062499999998757e+01 3.620454545454543904e+01 0.000000000000000000e+00 0.000000000000000000e+00 0.000000000000000000e+00 0.000000000000000000e+00 0.000000000000000000e+00 0.000000000000000000e+00 0.000000000000000000e+00 0.000000000000000000e+00 0.000000000000000000e+00 5.224999999999996447e+01 5.699999999999995026e+01 5.349999999999997868e+01 6.099999999999997868e+01 4.875000000000001421e+01 0.000000000000000000e+00 0.000000000000000000e+00 0.000000000000000000e+00 0.000000000000000000e+00 1.952777777777775370e+01 3.295312499999998579e+01 4.049999999999996447e+01 0.000000000000000000e+00 4.150000000000004263e+01 0.000000000000000000e+00 0.000000000000000000e+00 2.783333333333332504e+01 3.599999999999999289e+01
