0.000000000000000000e+00 0.000000000000000000e+00 0.000000000000000000e+00 0.000000000000000000e+00 0.000000000000000000e+00 0.000000000000000000e+00 0.000000000000000000e+00 0.000000000000000000e+00 0.000000000000000000e+00 0.000000000000000000e+00 0.000000000000000000e+00 0.000000000000000000e+00 0.000000000000000000e+00 0.000000000000000000e+00 0.000000000000000000e+00 0.000000000000000000e+00 0.000000000000000000e+00 0.000000000000000000e+00 0.000000000000000000e+00 0.000000000000000000e+00 0.000000000000000000e+00 0.000000000000000000e+00 0.000000000000000000e+00 0.000000000000000000e+00 0.000000000000000000e+00 0.000000000000000000e+00 0.000000000000000000e+00 0.000000000000000000e+00 0.000000000000000000e+00 0.000000000000000000e+00 0.000000000000000000e+00 0.000000000000000000e+00 0.000000000000000000e+00 0.000000000000000000e+00 0.000000000000000000e+00 0.000000000000000000e+00 0.000000000000000000e+00 0.000000000000000000e+00 0.000000000000000000e+00 0.000000000000000000e+00 0.000000000000000000e+00 0.000000000000000000e+00 0.000000000000000000e+00 0.000000000000000000e+00 0.000000000000000000e+00 0.000000000000000000e+00 0.000000000000000000e+00 0.000000000000000000e+00 0.000000000000000000e+00 0.000000000000000000e+00 0.000000000000000000e+00 0.000000000000000000e+00 0.000000000000000000e+00 0.000000000000000000e+00 0.000000000000000000e+00 0.000000000000000000e+00 0.000000000000000000e+00 0.000000000000000000e+00 0.000000000000000000e+00 0.000000000000000000e+00 0.000000000000000000e+00 0.000000000000000000e+00 0.000000000000000000e+00 0.000000000000000000e+00 0.000000000000000000e+00 0.000000000000000000e+00 0.000000000000000000e+00 0.000000000000000000e+00 0.000000000000000000e+00 0.000000000000000000e+00 0.000000000000000000e+00 0.000000000000000000e+00 0.000000000000000000e+00 0.000000000000000000e+00 0.000000000000000000e+00 0.000000000000000000e+00 0.000000000000000000e+00 0.000000000000000000e+00 0.000000000000000000e+00 0.000000000000000000e+00 0.000000000000000000e+00 0.000000000000000000e+00 0.000000000000000000e+00 0.000000000000000000e+00 0.000000000000000000e+00 0.000000000000000000e+00 0.000000000000000000e+00 0.000000000000000000e+00 0.000000000000000000e+00
0.000000000000000000e+00 0.000000000000000000e+00 0.000000000000000000e+00 0.000000000000000000e+00 0.000000000000000000e+00 0.000000000000000000e+00 0.000000000000000000e+00 0.000000000000000000e+00 0.000000000000000000e+00 0.000000000000000000e+00 0.000000000000000000e+00 0.000000000000000000e+00 0.000000000000000000e+00 0.000000000000000000e+00 0.000000000000000000e+00 0.000000000000000000e+00 0.000000000000000000e+00 0.000000000000000000e+00 0.000000000000000000e+00 0.000000000000000000e+00 0.000000000000000000e+00 0.000000000000000000e+00 0.000000000000000000e+00 0.000000000000000000e+00 0.000000000000000000e+00 0.000000000000000000e+00 0.000000000000000000e+00 0.000000000000000000e+00 0.000000000000000000e+00 0.000000000000000000e+00 0.000000000000000000e+00 0.000000000000000000e+00 0.000000000000000000e+00 0.000000000000000000e+00 0.000000000000000000e+00 0.000000000000000000e+00 0.000000000000000000e+00 0.000000000000000000e+00 0.000000000000000000e+00 0.000000000000000000e+00 0.000000000000000000e+00 0.000000000000000000e+00 0.000000000000000000e+00 0.000000000000000000e+00 0.000000000000000000e+00 0.000000000000000000e+00 0.000000000000000000e+00 0.000000000000000000e+00 0.000000000000000000e+00 0.000000000000000000e+00 0.000000000000000000e+00 0.000000000000000000e+00 0.000000000000000000e+00 0.000000000000000000e+00 0.000000000000000000e+00 0.000000000000000000e+00 0.000000000000000000e+00 0.000000000000000000e+00 0.000000000000000000e+00 0.000000000000000000e+00 0.000000000000000000e+00 0.000000000000000000e+00 0.000000000000000000e+00 0.000000000000000000e+00 0.000000000000000000e+00 0.000000000000000000e+00 0.000000000000000000e+00 0.000000000000000000e+00 0.000000000000000000e+00 0.000000000000000000e+00 0.000000000000000000e+00 0.000000000000000000e+00 0.000000000000000000e+00 0.000000000000000000e+00 0.000000000000000000e+00 0.000000000000000000e+00 0.000000000000000000e+00 0.000000000000000000e+00 0.000000000000000000e+00 0.000000000000000000e+00 0.000000000000000000e+00 0.000000000000000000e+00 0.000000000000000000e+00 0.000000000000000000e+00 0.000000000000000000e+00 0.000000000000000000e+00 0.000000000000000000e+00 0.000000000000000000e+00 0.000000000000000000e+00
0.000000000000000000e+00 0.000000000000000000e+00 0.000000000000000000e+00 0.000000000000000000e+00 0.000000000000000000e+00 0.000000000000000000e+00 0.000000000000000000e+00 0.000000000000000000e+00 0.000000000000000000e+00 0.000000000000000000e+00 0.000000000000000000e+00 0.000000000000000000e+00 0.000000000000000000e+00 0.000000000000000000e+00 0.000000000000000000e+00 0.000000000000000000e+00 0.000000000000000000e+00 0.000000000000000000e+00 0.000000000000000000e+00 0.000000000000000000e+00 0.000000000000000000e+00 0.000000000000000000e+00 0.000000000000000000e+00 0.000000000000000000e+00 0.000000000000000000e+00 0.000000000000000000e+00 0.000000000000000000e+00 0.000000000000000000e+00 0.000000000000000000e+00 0.000000000000000000e+00 0.000000000000000000e+00 0.000000000000000000e+00 0.000000000000000000e+00 0.000000000000000000e+00 0.000000000000000000e+00 0.000000000000000000e+00 0.000000000000000000e+00 0.000000000000000000e+00 0.000000000000000000e+00 0.000000000000000000e+00 0.000000000000000000e+00 0.000000000000000000e+00 0.000000000000000000e+00 0.000000000000000000e+00 0.000000000000000000e+00 0.000000000000000000e+00 0.000000000000000000e+00 0.000000000000000000e+00 0.000000000000000000e+00 0.000000000000000000e+00 0.000000000000000000e+00 0.000000000000000000e+00 0.000000000000000000e+00 0.000000000000000000e+00 0.000000000000000000e+00 0.000000000000000000e+00 0.000000000000000000e+00 0.000000000000000000e+00 0.000000000000000000e+00 0.000000000000000000e+00 0.000000000000000000e+00 0.000000000000000000e+00 0.000000000000000000e+00 0.000000000000000000e+00 0.000000000000000000e+00 0.000000000000000000e+00 0.000000000000000000e+00 0.000000000000000000e+00 0.000000000000000000e+00 0.000000000000000000e+00 0.000000000000000000e+00 0.000000000000000000e+00 0.000000000000000000e+00 0.000000000000000000e+00 0.000000000000000000e+00 0.000000000000000000e+00 0.000000000000000000e+00 0.000000000000000000e+00 0.000000000000000000e+00 0.000000000000000000e+00 0.000000000000000000e+00 0.000000000000000000e+00 0.000000000000000000e+00 0.000000000000000000e+00 0.000000000000000000e+00 0.000000000000000000e+00 0.000000000000000000e+00 0.000000000000000000e+00 0.000000000000000000e+00
0.000000000000000000e+00 0.000000000000000000e+00 0.000000000000000000e+00 4.599078341013821181e+00 6.852083333333329307e+00 1.107484662576686674e+01 2.524999999999997868e+01 3.274999999999998579e+01 0.000000000000000000e+00 7.390052356020937907e+00 0.000000000000000000e+00 6.268192968111200081e+00 0.000000000000000000e+00 0.000000000000000000e+00 0.000000000000000000e+00 2.581249999999998934e+01 0.000000000000000000e+00 0.000000000000000000e+00 0.000000000000000000e+00 0.000000000000000000e+00 0.000000000000000000e+00 0.000000000000000000e+00 0.000000000000000000e+00 0.000000000000000000e+00 0.000000000000000000e+00 0.000000000000000000e+00 0.000000000000000000e+00 0.000000000000000000e+00 0.000000000000000000e+00 0.000000000000000000e+00 0.000000000000000000e+00 0.000000000000000000e+00 0.000000000000000000e+00 0.000000000000000000e+00 0.000000000000000000e+00 0.000000000000000000e+00 0.000000000000000000e+00 2.949999999999997868e+01 3.311290322580643419e+01 0.000000000000000000e+00 0.000000000000000000e+00 0.000000000000000000e+00 0.000000000000000000e+00 0.000000000000000000e+00 3.124999999999996447e+01 0.000000000000000000e+00 0.000000000000000000e+00 0.000000000000000000e+00 0.000000000000000000e+00 0.000000000000000000e+00 0.000000000000000000e+00 0.000000000000000000e+00 0.000000000000000000e+00 0.000000000000000000e+00 0.000000000000000000e+00 0.000000000000000000e+00 0.000000000000000000e+00 0.000000000000000000e+00 0.000000000000000000e+00 0.000000000000000000e+00 0.000000000000000000e+00 0.000000000000000000e+00 0.000000000000000000e+00 0.000000000000000000e+00 0.000000000000000000e+00 0.000000000000000000e+00 0.000000000000000000e+00 0.000000000000000000e+00 0.000000000000000000e+00 0.000000000000000000e+00 0.000000000000000000e+00 0.000000000000000000e+00 0.000000000000000000e+00 0.000000000000000000e+00 0.000000000000000000e+00 0.000000000000000000e+00 0.000000000000000000e+00 0.000000000000000000e+00 0.000000000000000000e+00 0.000000000000000000e+00 0.000000000000000000e+00 0.000000000000000000e+00 0.000000000000000000e+00 0.000000000000000000e+00 0.000000000000000000e+00 0.000000000000000000e+00 0.000000000000000000e+00 0.000000000000000000e+00 0.000000000000000000e+00
0.000000000000000000e+00 0.000000000000000000e+00 0.000000000000000000e+00 6.852083333333329307e+00 9.948275862068959086e+00 8.686805947675509287e+00 1.749999999999999645e+01 2.837500000000000000e+01 4.152777777777777146e+01 1.159858490566037581e+01 4.415624999999997868e+01 1.421352074966532797e+01 5.624999999999996447e+01 5.749999999999994316e+01 2.060810810810810167e+01 1.106603773584905248e+01 2.828571428571427404e+01 5.434782608695649486e+01 6.319444444444440734e+01 0.000000000000000000e+00 0.000000000000000000e+00 0.000000000000000000e+00 0.000000000000000000e+00 3.399999999999998579e+01 0.000000000000000000e+00 4.050000000000002842e+01 0.000000000000000000e+00 0.000000000000000000e+00 0.000000000000000000e+00 6.499999999999998579e+01 0.000000000000000000e+00 6.550000000000001421e+01 7.924999999999997158e+01 0.000000000000000000e+00 0.000000000000000000e+00 0.000000000000000000e+00 0.000000000000000000e+00 1.206801831262262503e+01 1.817337234820774228e+01 3.257142857142854808e+01 0.000000000000000000e+00 2.475000000000000711e+01 0.000000000000000000e+00 4.874999999999996447e+01 7.419383259911890960e+00 1.232352941176470473e+01 0.000000000000000000e+00 0.000000000000000000e+00 0.000000000000000000e+00 0.000000000000000000e+00 0.000000000000000000e+00 0.000000000000000000e+00 4.899999999999992895e+01 5.449999999999997158e+01 0.000000000000000000e+00 0.000000000000000000e+00 0.000000000000000000e+00 0.000000000000000000e+00 0.000000000000000000e+00 0.000000000000000000e+00 0.000000000000000000e+00 0.000000000000000000e+00 0.000000000000000000e+00 0.000000000000000000e+00 0.000000000000000000e+00 0.000000000000000000e+00 0.000000000000000000e+00 0.000000000000000000e+00 0.000000000000000000e+00 0.000000000000000000e+00 0.000000000000000000e+00 0.000000000000000000e+00 0.000000000000000000e+00 0.000000000000000000e+00 0.000000000000000000e+00 0.000000000000000000e+00 0.000000000000000000e+00 0.000000000000000000e+00 0.000000000000000000e+00 0.000000000000000000e+00 2.085294117647056567e+01 0.000000000000000000e+00 5.549999999999994316e+01 0.000000000000000000e+00 0.000000000000000000e+00 0.000000000000000000e+00 0.000000000000000000e+00 1.616666666666665364e+01 7.999999999999987566e+00
0.000000000000000000e+00 0.000000000000000000e+00 0.000000000000000000e+00 1.107484662576686674e+01 8.686805947675509287e+00 1.212808510638297399e+01 8.478504389948527731e+00 1.119113372093022818e+01 3.256218905472636038e+01 1.665586833482274898e+01 4.122826086956519021e+01 2.118794914317301448e+01 5.431578947368417687e+01 7.183333333333331439e+01 2.271165048543688414e+01 1.800645161290321639e+01 3.424999999999998579e+01 5.649999999999996447e+01 6.631999999999996476e+01 0.000000000000000000e+00 0.000000000000000000e+00 0.000000000000000000e+00 4.100000000000000000e+01 3.766666666666665009e+01 3.050000000000000000e+01 3.329999999999998295e+01 3.699999999999997158e+01 4.299999999999996447e+01 0.000000000000000000e+00 4.944444444444442865e+01 7.899999999999992895e+01 7.452941176470585560e+01 7.309999999999998010e+01 0.000000000000000000e+00 7.600000000000002842e+01 9.449999999999997158e+01 0.000000000000000000e+00 1.584055615745755574e+01 1.743610020780418779e+01 2.251680672268906136e+01 0.000000000000000000e+00 4.822222222222219301e+01 2.424999999999998579e+01 2.549999999999998579e+01 1.597946428571427901e+01 3.629999999999999005e+01 0.000000000000000000e+00 0.000000000000000000e+00 0.000000000000000000e+00 0.000000000000000000e+00 0.000000000000000000e+00 0.000000000000000000e+00 0.000000000000000000e+00 8.199999999999995737e+01 0.000000000000000000e+00 5.999999999999995026e+01 0.000000000000000000e+00 0.000000000000000000e+00 3.249999999999995737e+01 4.300000000000001421e+01 0.000000000000000000e+00 0.000000000000000000e+00 0.000000000000000000e+00 0.000000000000000000e+00 0.000000000000000000e+00 0.000000000000000000e+00 0.000000000000000000e+00 0.000000000000000000e+00 0.000000000000000000e+00 0.000000000000000000e+00 0.000000000000000000e+00 0.000000000000000000e+00 0.000000000000000000e+00 0.000000000000000000e+00 8.549999999999992895e+01 0.000000000000000000e+00 0.000000000000000000e+00 0.000000000000000000e+00 0.000000000000000000e+00 0.000000000000000000e+00 3.459999999999995879e+01 0.000000000000000000e+00 0.000000000000000000e+00 0.000000000000000000e+00 0.000000000000000000e+00 0.000000000000000000e+00 0.000000000000000000e+00 2.606249999999996447e+01 3.600000000000002132e+01
0.000000000000000000e+00 0.000000000000000000e+00 0.000000000000000000e+00 2.524999999999997868e+01 1.749999999999999645e+01 8.478504389948527731e+00 8.168894053844661940e+00 7.945178071228488292e+00 2.513636363636362603e+01 1.439206414473683537e+01 3.888999999999998636e+01 3.758823529411763076e+01 4.968518518518516203e+01 7.249999999999997158e+01 4.420833333333331439e+01 3.612499999999999289e+01 3.349999999999997868e+01 4.874999999999995737e+01 6.499999999999995737e+01 0.000000000000000000e+00 9.150000000000001421e+01 0.000000000000000000e+00 0.000000000000000000e+00 0.000000000000000000e+00 0.000000000000000000e+00 0.000000000000000000e+00 4.775000000000000000e+01 0.000000000000000000e+00 5.442857142857139507e+01 4.617796610169488503e+01 0.000000000000000000e+00 7.699999999999997158e+01 7.499999999999997158e+01 7.449999999999998579e+01 8.624999999999997158e+01 0.000000000000000000e+00 0.000000000000000000e+00 3.647368421052630083e+01 2.731410256410255144e+01 3.983333333333332149e+01 0.000000000000000000e+00 0.000000000000000000e+00 0.000000000000000000e+00 0.000000000000000000e+00 0.000000000000000000e+00 6.069999999999995310e+01 0.000000000000000000e+00 0.000000000000000000e+00 0.000000000000000000e+00 0.000000000000000000e+00 0.000000000000000000e+00 0.000000000000000000e+00 0.000000000000000000e+00 0.000000000000000000e+00 0.000000000000000000e+00 0.000000000000000000e+00 0.000000000000000000e+00 0.000000000000000000e+00 0.000000000000000000e+00 0.000000000000000000e+00 0.000000000000000000e+00 0.000000000000000000e+00 0.000000000000000000e+00 0.000000000000000000e+00 0.000000000000000000e+00 0.000000000000000000e+00 0.000000000000000000e+00 0.000000000000000000e+00 0.000000000000000000e+00 0.000000000000000000e+00 0.000000000000000000e+00 0.000000000000000000e+00 0.000000000000000000e+00 0.000000000000000000e+00 0.000000000000000000e+00 0.000000000000000000e+00 0.000000000000000000e+00 0.000000000000000000e+00 0.000000000000000000e+00 0.000000000000000000e+00 0.000000000000000000e+00 0.000000000000000000e+00 0.000000000000000000e+00 0.000000000000000000e+00 0.000000000000000000e+00 0.000000000000000000e+00 0.000000000000000000e+00 0.000000000000000000e+00 0.000000000000000000e+00
0.000000000000000000e+00 0.000000000000000000e+00 0.000000000000000000e+00 3.274999999999998579e+01 2.837500000000000000e+01 1.119113372093022818e+01 7.945178071228488292e+00 8.093071354705273279e+00 8.789518276446377953e+00 1.821972426758576802e+01 3.067168674698794106e+01 2.474590163934425391e+01 3.499999999999999289e+01 6.216666666666665009e+01 3.549737302977231934e+01 2.098999999999999844e+01 2.714999999999997016e+01 4.887499999999997158e+01 6.246428571428567267e+01 0.000000000000000000e+00 8.349999999999998579e+01 0.000000000000000000e+00 0.000000000000000000e+00 0.000000000000000000e+00 0.000000000000000000e+00 4.049999999999998579e+01 3.862500000000000000e+01 6.099999999999994316e+01 4.390384615384613909e+01 3.821843003412967477e+01 6.566666666666664298e+01 6.737499999999998579e+01 6.869999999999997442e+01 0.000000000000000000e+00 7.543750000000000000e+01 0.000000000000000000e+00 7.449999999999997158e+01 2.367391304347825098e+01 2.392796610169490279e+01 3.262499999999998579e+01 0.000000000000000000e+00 5.399999999999997868e+01 0.000000000000000000e+00 4.200000000000000000e+01 3.318421052631577339e+01 4.674999999999997158e+01 0.000000000000000000e+00 0.000000000000000000e+00 0.000000000000000000e+00 0.000000000000000000e+00 0.000000000000000000e+00 0.000000000000000000e+00 4.799999999999996447e+01 0.000000000000000000e+00 6.999999999999995737e+01 0.000000000000000000e+00 0.000000000000000000e+00 0.000000000000000000e+00 2.300000000000000355e+01 0.000000000000000000e+00 0.000000000000000000e+00 0.000000000000000000e+00 0.000000000000000000e+00 0.000000000000000000e+00 0.000000000000000000e+00 0.000000000000000000e+00 0.000000000000000000e+00 0.000000000000000000e+00 0.000000000000000000e+00 0.000000000000000000e+00 0.000000000000000000e+00 0.000000000000000000e+00 0.000000000000000000e+00 0.000000000000000000e+00 0.000000000000000000e+00 0.000000000000000000e+00 0.000000000000000000e+00 0.000000000000000000e+00 0.000000000000000000e+00 0.000000000000000000e+00 0.000000000000000000e+00 0.000000000000000000e+00 0.000000000000000000e+00 0.000000000000000000e+00 0.000000000000000000e+00 0.000000000000000000e+00 0.000000000000000000e+00 0.000000000000000000e+00 0.000000000000000000e+00
0.000000000000000000e+00 0.000000000000000000e+00 0.000000000000000000e+00 0.000000000000000000e+00 4.152777777777777146e+01 3.256218905472636038e+01 2.513636363636362603e+01 8.789518276446377953e+00 1.146205686205686192e+01 2.179374624173180308e+01 2.616115702479338623e+01 3.285530445699936308e+01 9.864249271137024877e+00 6.650000000000002842e+01 2.113304949441191383e+01 3.086299615877080527e+01 2.741666666666666785e+01 5.283333333333332149e+01 6.007142857142855519e+01 0.000000000000000000e+00 6.287500000000000000e+01 5.316666666666666430e+01 0.000000000000000000e+00 7.950000000000001421e+01 0.000000000000000000e+00 4.486842105263156810e+01 2.665217391304346961e+01 4.495000000000000284e+01 2.693109540636041999e+01 2.678413424866512926e+01 4.602314814814814525e+01 5.056737588652480753e+01 6.033333333333333570e+01 6.200000000000000711e+01 6.012500000000000000e+01 0.000000000000000000e+00 6.249999999999997868e+01 2.291641025641025564e+01 1.617643229166666785e+01 2.404885057471264531e+01 0.000000000000000000e+00 3.085294117647057988e+01 0.000000000000000000e+00 3.338461538461538680e+01 4.110576923076921929e+01 3.072605363984674653e+01 0.000000000000000000e+00 0.000000000000000000e+00 0.000000000000000000e+00 0.000000000000000000e+00 0.000000000000000000e+00 4.749999999999997158e+01 5.362499999999995737e+01 4.849999999999995737e+01 5.366666666666662877e+01 0.000000000000000000e+00 0.000000000000000000e+00 6.699999999999991473e+01 3.199999999999996447e+01 3.209999999999998010e+01 0.000000000000000000e+00 0.000000000000000000e+00 0.000000000000000000e+00 0.000000000000000000e+00 0.000000000000000000e+00 0.000000000000000000e+00 0.000000000000000000e+00 0.000000000000000000e+00 0.000000000000000000e+00 0.000000000000000000e+00 0.000000000000000000e+00 7.249999999999994316e+01 0.000000000000000000e+00 0.000000000000000000e+00 0.000000000000000000e+00 0.000000000000000000e+00 0.000000000000000000e+00 0.000000000000000000e+00 0.000000000000000000e+00 0.000000000000000000e+00 0.000000000000000000e+00 5.999999999999995737e+01 0.000000000000000000e+00 0.000000000000000000e+00 0.000000000000000000e+00 0.000000000000000000e+00 0.000000000000000000e+00 0.000000000000000000e+00 0.000000000000000000e+00
0.000000000000000000e+00 0.000000000000000000e+00 0.000000000000000000e+00 7.390052356020937907e+00 1.159858490566037581e+01 1.665586833482274898e+01 1.439206414473683537e+01 1.821972426758576802e+01 2.179374624173180308e+01 1.387875132770446207e+01 2.121071063767692166e+01 1.606625364431486247e+01 4.437733887733886462e+01 5.598529411764703667e+01 3.032334273624822174e+01 2.494187358916477848e+01 2.760800970873785687e+01 4.511278195488719689e+01 6.020999999999997243e+01 0.000000000000000000e+00 7.200000000000000000e+01 6.425000000000002842e+01 0.000000000000000000e+00 7.099999999999995737e+01 6.733333333333332860e+01 7.911111111111111427e+01 4.816666666666660745e+01 5.747368421052630083e+01 4.821710526315788314e+01 4.530860534124627748e+01 5.844117647058823195e+01 6.170898437499997868e+01 6.350763358778624479e+01 6.873076923076922640e+01 7.095135135135134874e+01 6.383333333333331439e+01 7.199999999999998579e+01 2.597323661830914077e+01 2.611145345493384085e+01 4.023108108108106507e+01 0.000000000000000000e+00 4.343124999999997726e+01 7.399999999999998579e+01 5.154054054054051903e+01 3.294736842105260877e+01 4.663407821229048267e+01 0.000000000000000000e+00 0.000000000000000000e+00 0.000000000000000000e+00 0.000000000000000000e+00 0.000000000000000000e+00 4.549999999999992184e+01 5.411538461538456346e+01 5.783333333333327886e+01 5.303846153846151878e+01 0.000000000000000000e+00 0.000000000000000000e+00 0.000000000000000000e+00 2.914999999999997726e+01 3.203846153846151168e+01 4.859999999999998010e+01 0.000000000000000000e+00 0.000000000000000000e+00 0.000000000000000000e+00 0.000000000000000000e+00 0.000000000000000000e+00 0.000000000000000000e+00 0.000000000000000000e+00 0.000000000000000000e+00 0.000000000000000000e+00 0.000000000000000000e+00 9.824999999999995737e+01 8.349999999999998579e+01 8.799999999999992895e+01 8.942857142857140218e+01 7.699999999999997158e+01 0.000000000000000000e+00 0.000000000000000000e+00 0.000000000000000000e+00 0.000000000000000000e+00 4.074999999999995737e+01 4.531249999999997158e+01 6.499999999999990052e+01 0.000000000000000000e+00 0.000000000000000000e+00 0.000000000000000000e+00 0.000000000000000000e+00 5.200000000000000000e+01 0.000000000000000000e+00
0.000000000000000000e+00 0.000000000000000000e+00 0.000000000000000000e+00 0.000000000000000000e+00 4.415624999999997868e+01 4.122826086956519021e+01 3.888999999999998636e+01 3.067168674698794106e+01 2.616115702479338623e+01 2.121071063767692166e+01 1.434145807087692326e+01 2.192608364052370717e+01 1.611235170969992936e+01 4.279411764705882604e+01 2.438135593220339103e+01 3.897536945812806408e+01 2.480729166666666075e+01 2.597897196261681785e+01 4.929166666666666430e+01 9.550000000000001421e+01 5.944444444444444287e+01 6.024999999999998579e+01 7.428571428571426338e+01 8.949999999999998579e+01 5.738888888888888573e+01 5.064473684210526017e+01 4.175000000000000711e+01 4.130344827586206691e+01 2.637617135207496588e+01 3.412105522682445979e+01 4.353025641025641335e+01 4.387187681580476806e+01 4.774629324546952347e+01 5.487132352941176805e+01 5.658991049633849002e+01 5.622222222222222143e+01 5.642441860465116577e+01 2.124887169568020795e+01 2.167744662861974092e+01 2.908544303797468444e+01 0.000000000000000000e+00 2.793378995433790024e+01 6.397222222222220722e+01 3.747448979591836604e+01 4.172727272727270531e+01 3.448749999999999716e+01 0.000000000000000000e+00 0.000000000000000000e+00 0.000000000000000000e+00 0.000000000000000000e+00 0.000000000000000000e+00 0.000000000000000000e+00 5.566666666666662877e+01 5.596153846153842437e+01 5.449999999999997158e+01 6.449999999999992895e+01 0.000000000000000000e+00 0.000000000000000000e+00 5.049999999999997868e+01 3.773076923076921219e+01 3.053571428571427759e+01 4.849999999999997868e+01 0.000000000000000000e+00 0.000000000000000000e+00 0.000000000000000000e+00 0.000000000000000000e+00 0.000000000000000000e+00 0.000000000000000000e+00 0.000000000000000000e+00 0.000000000000000000e+00 0.000000000000000000e+00 0.000000000000000000e+00 0.000000000000000000e+00 8.399999999999995737e+01 0.000000000000000000e+00 6.049999999999999289e+01 0.000000000000000000e+00 0.000000000000000000e+00 0.000000000000000000e+00 0.000000000000000000e+00 6.449999999999992895e+01 4.606249999999995737e+01 0.000000000000000000e+00 0.000000000000000000e+00 0.000000000000000000e+00 0.000000000000000000e+00 0.000000000000000000e+00 0.000000000000000000e+00 5.900000000000000711e+01
0.000000000000000000e+00 0.000000000000000000e+00 0.000000000000000000e+00 6.268192968111200081e+00 1.421352074966532797e+01 2.118794914317301448e+01 3.758823529411763076e+01 2.474590163934425391e+01 3.285530445699936308e+01 1.606625364431486247e+01 2.192608364052370717e+01 1.768997136300707140e+01 2.356558726673984694e+01 1.544557044785877586e+01 3.568777292576418603e+01 2.261195476575120367e+01 1.745924908424907684e+01 2.718824110671935657e+01 4.706819693945440264e+01 0.000000000000000000e+00 7.707142857142856940e+01 0.000000000000000000e+00 0.000000000000000000e+00 7.399999999999992895e+01 5.849999999999999289e+01 5.908333333333332149e+01 7.899999999999995737e+01 6.450000000000000000e+01 3.340269151138716097e+01 4.976250000000000284e+01 6.192592592592592382e+01 4.817701149425287355e+01 4.367019230769229665e+01 6.970000000000000284e+01 7.109459459459459651e+01 0.000000000000000000e+00 6.975000000000000000e+01 2.632345234195872052e+01 2.843351362383915415e+01 3.801426533523537898e+01 0.000000000000000000e+00 3.383922261484099181e+01 4.837500000000001421e+01 4.451162790697674154e+01 3.728682170542634111e+01 4.181504424778761120e+01 0.000000000000000000e+00 4.537499999999998579e+01 5.549999999999995026e+01 0.000000000000000000e+00 0.000000000000000000e+00 4.166666666666662167e+01 4.979999999999996874e+01 5.411904761904758487e+01 9.375816993464045623e+00 6.983333333333330017e+01 1.100000000000001776e+01 0.000000000000000000e+00 3.277419354838707477e+01 2.877027027027024531e+01 2.305645161290321710e+01 5.299999999999996447e+01 0.000000000000000000e+00 0.000000000000000000e+00 0.000000000000000000e+00 0.000000000000000000e+00 0.000000000000000000e+00 0.000000000000000000e+00 0.000000000000000000e+00 0.000000000000000000e+00 0.000000000000000000e+00 0.000000000000000000e+00 8.050000000000000000e+01 0.000000000000000000e+00 7.883333333333328596e+01 4.399999999999997158e+01 0.000000000000000000e+00 0.000000000000000000e+00 0.000000000000000000e+00 0.000000000000000000e+00 3.949999999999996447e+01 5.515384615384611067e+01 0.000000000000000000e+00 0.000000000000000000e+00 0.000000000000000000e+00 0.000000000000000000e+00 0.000000000000000000e+00 2.649999999999998579e+01 0.000000000000000000e+00
0.000000000000000000e+00 0.000000000000000000e+00 0.000000000000000000e+00 0.000000000000000000e+00 5.624999999999996447e+01 5.431578947368417687e+01 4.968518518518516203e+01 3.499999999999999289e+01 9.864249271137024877e+00 4.437733887733886462e+01 1.611235170969992936e+01 2.356558726673984694e+01 1.441604983828604958e+01 8.407458059810357653e+00 2.189063162356931613e+01 5.223478260869563883e+01 4.088888888888887152e+01 2.115955766192733023e+01 3.250462962962963331e+01 0.000000000000000000e+00 5.950000000000000000e+01 5.366666666666666430e+01 5.999999999999998579e+01 6.633333333333332860e+01 4.941666666666666430e+01 1.574631268436578146e+01 3.819565217391304657e+01 4.185416666666666430e+01 1.936406566224420800e+01 2.635559149722735839e+01 4.047308488612836186e+01 3.288714073339940569e+01 3.320884520884521152e+01 4.887234042553192381e+01 5.362550607287449367e+01 5.930000000000001137e+01 5.162499999999998579e+01 2.574113767518549167e+01 2.476108887777223089e+01 3.000217609641781991e+01 0.000000000000000000e+00 2.837222222222222712e+01 4.473529411764705799e+01 3.868360277136258674e+01 5.849999999999996447e+01 3.665848527349228902e+01 0.000000000000000000e+00 0.000000000000000000e+00 0.000000000000000000e+00 0.000000000000000000e+00 0.000000000000000000e+00 0.000000000000000000e+00 5.349999999999995737e+01 0.000000000000000000e+00 0.000000000000000000e+00 0.000000000000000000e+00 0.000000000000000000e+00 0.000000000000000000e+00 6.700000000000000000e+01 5.849999999999999289e+01 3.608333333333332149e+01 0.000000000000000000e+00 0.000000000000000000e+00 0.000000000000000000e+00 0.000000000000000000e+00 0.000000000000000000e+00 0.000000000000000000e+00 0.000000000000000000e+00 0.000000000000000000e+00 0.000000000000000000e+00 0.000000000000000000e+00 0.000000000000000000e+00 0.000000000000000000e+00 0.000000000000000000e+00 0.000000000000000000e+00 0.000000000000000000e+00 0.000000000000000000e+00 0.000000000000000000e+00 0.000000000000000000e+00 0.000000000000000000e+00 0.000000000000000000e+00 0.000000000000000000e+00 0.000000000000000000e+00 0.000000000000000000e+00 4.449999999999997158e+01 0.000000000000000000e+00 0.000000000000000000e+00 0.000000000000000000e+00 4.749999999999995737e+01
0.000000000000000000e+00 0.000000000000000000e+00 0.000000000000000000e+00 0.000000000000000000e+00 5.749999999999994316e+01 7.183333333333331439e+01 7.249999999999997158e+01 6.216666666666665009e+01 6.650000000000002842e+01 5.598529411764703667e+01 4.279411764705882604e+01 1.544557044785877586e+01 8.407458059810357653e+00 9.994795539033457743e+00 3.879411764705882604e+01 4.858333333333332149e+01 3.704878048780485500e+01 1.266025641025640702e+01 2.713953488372093048e+01 0.000000000000000000e+00 0.000000000000000000e+00 0.000000000000000000e+00 0.000000000000000000e+00 0.000000000000000000e+00 0.000000000000000000e+00 0.000000000000000000e+00 0.000000000000000000e+00 0.000000000000000000e+00 1.106398718730933517e+01 3.436206896551723844e+01 2.300000000000000711e+01 1.746913580246913611e+01 1.625589225589225606e+01 0.000000000000000000e+00 0.000000000000000000e+00 0.000000000000000000e+00 0.000000000000000000e+00 3.813333333333333286e+01 3.772480620155038622e+01 3.359259259259259522e+01 0.000000000000000000e+00 3.727272727272728048e+01 4.749999999999999289e+01 4.278571428571427049e+01 5.024999999999997158e+01 4.068750000000000711e+01 0.000000000000000000e+00 0.000000000000000000e+00 0.000000000000000000e+00 0.000000000000000000e+00 0.000000000000000000e+00 0.000000000000000000e+00 6.749999999999995737e+01 0.000000000000000000e+00 0.000000000000000000e+00 0.000000000000000000e+00 0.000000000000000000e+00 0.000000000000000000e+00 5.349999999999997868e+01 0.000000000000000000e+00 3.050000000000001421e+01 1.349999999999998934e+01 0.000000000000000000e+00 0.000000000000000000e+00 0.000000000000000000e+00 0.000000000000000000e+00 0.000000000000000000e+00 0.000000000000000000e+00 0.000000000000000000e+00 0.000000000000000000e+00 0.000000000000000000e+00 0.000000000000000000e+00 0.000000000000000000e+00 0.000000000000000000e+00 0.000000000000000000e+00 0.000000000000000000e+00 0.000000000000000000e+00 0.000000000000000000e+00 0.000000000000000000e+00 0.000000000000000000e+00 0.000000000000000000e+00 0.000000000000000000e+00 0.000000000000000000e+00 0.000000000000000000e+00 0.000000000000000000e+00 0.000000000000000000e+00 0.000000000000000000e+00 0.000000000000000000e+00 0.000000000000000000e+00
0.000000000000000000e+00 0.000000000000000000e+00 0.000000000000000000e+00 0.000000000000000000e+00 2.060810810810810167e+01 2.271165048543688414e+01 4.420833333333331439e+01 3.549737302977231934e+01 2.113304949441191383e+01 3.032334273624822174e+01 2.438135593220339103e+01 3.568777292576418603e+01 2.189063162356931613e+01 3.879411764705882604e+01 1.158579509742300218e+01 4.329411764705881183e+01 4.213636363636363313e+01 2.675568181818181301e+01 2.950989010989010097e+01 1.250000000000000000e+01 4.034714285714284898e+01 3.473999999999998778e+01 2.434901960784312891e+01 1.914385964912279547e+01 2.015847860538826808e+01 2.333287530058398573e+01 2.420560058953573090e+01 2.993735498839906484e+01 2.089598010774968984e+01 2.329790145985401040e+01 4.402869166029073256e+01 3.641884605014827514e+01 3.907324364723466914e+01 5.319915254237286462e+01 5.008117647058823252e+01 5.160714285714283989e+01 3.675265957446807619e+01 2.683121019108279626e+01 8.135414680648231922e+00 2.281184668989546793e+01 0.000000000000000000e+00 2.288179669030731844e+01 1.342089843750000000e+01 1.157264957264957417e+01 1.581818181818181124e+01 2.214795918367346061e+01 0.000000000000000000e+00 0.000000000000000000e+00 0.000000000000000000e+00 0.000000000000000000e+00 0.000000000000000000e+00 0.000000000000000000e+00 0.000000000000000000e+00 0.000000000000000000e+00 5.749999999999998579e+01 0.000000000000000000e+00 0.000000000000000000e+00 4.249999999999997868e+01 0.000000000000000000e+00 6.349999999999997868e+01 0.000000000000000000e+00 3.295833333333332860e+01 0.000000000000000000e+00 0.000000000000000000e+00 0.000000000000000000e+00 0.000000000000000000e+00 0.000000000000000000e+00 0.000000000000000000e+00 0.000000000000000000e+00 4.999999999999998579e+01 0.000000000000000000e+00 0.000000000000000000e+00 5.149999999999999289e+01 0.000000000000000000e+00 5.249999999999995026e+01 3.439999999999998437e+01 0.000000000000000000e+00 0.000000000000000000e+00 0.000000000000000000e+00 0.000000000000000000e+00 0.000000000000000000e+00 6.174999999999997158e+01 0.000000000000000000e+00 0.000000000000000000e+00 3.189999999999999858e+01 3.399999999999998579e+01 0.000000000000000000e+00 0.000000000000000000e+00 0.000000000000000000e+00
0.000000000000000000e+00 0.000000000000000000e+00 0.000000000000000000e+00 2.581249999999998934e+01 1.106603773584905248e+01 1.800645161290321639e+01 3.612499999999999289e+01 2.098999999999999844e+01 3.086299615877080527e+01 2.494187358916477848e+01 3.897536945812806408e+01 2.261195476575120367e+01 5.223478260869563883e+01 4.858333333333332149e+01 4.329411764705881183e+01 6.728568091567388443e+00 1.010479041916167375e+01 3.779468690702083933e+01 5.185223097112857715e+01 0.000000000000000000e+00 0.000000000000000000e+00 0.000000000000000000e+00 0.000000000000000000e+00 9.049999999999997158e+01 0.000000000000000000e+00 7.787500000000000000e+01 0.000000000000000000e+00 7.849999999999995737e+01 6.003658536585361105e+01 6.432758620689654094e+01 7.209999999999996589e+01 6.856687898089170119e+01 5.680350877192978487e+01 0.000000000000000000e+00 9.774999999999995737e+01 8.749999999999998579e+01 1.040000000000000284e+02 1.522763507528785532e+01 2.558380149812732895e+01 4.199489795918365331e+01 0.000000000000000000e+00 5.046428571428570109e+01 7.177272727272723785e+01 5.587499999999997868e+01 1.056371191135733234e+01 5.006896551724136657e+01 0.000000000000000000e+00 0.000000000000000000e+00 5.166666666666663588e+01 0.000000000000000000e+00 0.000000000000000000e+00 3.549999999999997868e+01 3.544285714285710043e+01 4.699999999999997158e+01 3.839999999999996305e+01 7.050000000000001421e+01 0.000000000000000000e+00 0.000000000000000000e+00 1.443243243243242269e+01 1.792647058823528283e+01 3.339999999999998437e+01 4.525925925925924531e+01 0.000000000000000000e+00 0.000000000000000000e+00 0.000000000000000000e+00 0.000000000000000000e+00 9.849999999999997158e+01 0.000000000000000000e+00 0.000000000000000000e+00 0.000000000000000000e+00 0.000000000000000000e+00 0.000000000000000000e+00 0.000000000000000000e+00 0.000000000000000000e+00 8.249999999999994316e+01 7.599999999999992895e+01 0.000000000000000000e+00 0.000000000000000000e+00 0.000000000000000000e+00 0.000000000000000000e+00 2.578124999999996447e+01 3.385714285714282568e+01 7.099999999999997158e+01 0.000000000000000000e+00 0.000000000000000000e+00 0.000000000000000000e+00 0.000000000000000000e+00 2.800000000000000000e+01 2.200000000000001421e+01
0.000000000000000000e+00 0.000000000000000000e+00 0.000000000000000000e+00 0.000000000000000000e+00 2.828571428571427404e+01 3.424999999999998579e+01 3.349999999999997868e+01 2.714999999999997016e+01 2.741666666666666785e+01 2.760800970873785687e+01 2.480729166666666075e+01 1.745924908424907684e+01 4.088888888888887152e+01 3.704878048780485500e+01 4.213636363636363313e+01 1.010479041916167375e+01 8.346202800169701064e+00 2.340510252742010167e+01 4.196010638297870088e+01 0.000000000000000000e+00 0.000000000000000000e+00 0.000000000000000000e+00 0.000000000000000000e+00 0.000000000000000000e+00 0.000000000000000000e+00 0.000000000000000000e+00 0.000000000000000000e+00 7.449999999999991473e+01 4.791666666666665009e+01 5.524999999999997868e+01 0.000000000000000000e+00 5.546093749999998579e+01 4.412499999999997158e+01 0.000000000000000000e+00 7.599999999999997158e+01 0.000000000000000000e+00 0.000000000000000000e+00 1.969900497512437099e+01 2.508892128279882172e+01 3.336363636363636687e+01 0.000000000000000000e+00 3.426923076923075939e+01 8.649999999999995737e+01 3.941666666666667140e+01 3.354999999999998295e+01 3.871153846153845990e+01 0.000000000000000000e+00 2.500000000000002132e+01 0.000000000000000000e+00 0.000000000000000000e+00 3.349999999999997158e+01 2.633333333333330017e+01 3.128787878787876053e+01 3.505172413793100361e+01 2.911627906976741897e+01 3.699999999999996447e+01 0.000000000000000000e+00 0.000000000000000000e+00 2.047826086956521152e+01 1.230188679245282302e+01 1.734693877551019270e+01 3.254999999999997584e+01 0.000000000000000000e+00 0.000000000000000000e+00 0.000000000000000000e+00 0.000000000000000000e+00 0.000000000000000000e+00 0.000000000000000000e+00 0.000000000000000000e+00 0.000000000000000000e+00 0.000000000000000000e+00 4.750000000000000000e+01 0.000000000000000000e+00 6.349999999999995737e+01 5.974999999999998579e+01 4.658333333333330728e+01 0.000000000000000000e+00 0.000000000000000000e+00 0.000000000000000000e+00 0.000000000000000000e+00 1.928947368421050967e+01 2.669565217391302880e+01 4.874999999999997868e+01 0.000000000000000000e+00 2.900000000000001066e+01 0.000000000000000000e+00 5.149999999999997868e+01 2.460000000000000142e+01 0.000000000000000000e+00
