0.000000000000000000e+00 0.000000000000000000e+00 0.000000000000000000e+00 0.000000000000000000e+00 0.000000000000000000e+00 0.000000000000000000e+00 0.000000000000000000e+00 0.000000000000000000e+00 0.000000000000000000e+00 0.000000000000000000e+00 0.000000000000000000e+00 0.000000000000000000e+00 0.000000000000000000e+00 0.000000000000000000e+00 0.000000000000000000e+00 0.000000000000000000e+00 0.000000000000000000e+00 0.000000000000000000e+00 0.000000000000000000e+00 0.000000000000000000e+00 0.000000000000000000e+00 0.000000000000000000e+00 0.000000000000000000e+00 0.000000000000000000e+00 0.000000000000000000e+00 0.000000000000000000e+00 0.000000000000000000e+00 0.000000000000000000e+00 0.000000000000000000e+00 0.000000000000000000e+00 0.000000000000000000e+00 0.000000000000000000e+00 0.000000000000000000e+00 0.000000000000000000e+00 0.000000000000000000e+00 0.000000000000000000e+00 0.000000000000000000e+00 0.000000000000000000e+00 0.000000000000000000e+00 0.000000000000000000e+00 0.000000000000000000e+00 0.000000000000000000e+00 0.000000000000000000e+00 0.000000000000000000e+00 0.000000000000000000e+00 0.000000000000000000e+00 0.000000000000000000e+00 0.000000000000000000e+00 0.000000000000000000e+00 0.000000000000000000e+00 0.000000000000000000e+00 0.000000000000000000e+00 0.000000000000000000e+00 0.000000000000000000e+00 0.000000000000000000e+00 0.000000000000000000e+00 0.000000000000000000e+00 0.000000000000000000e+00 0.000000000000000000e+00 0.000000000000000000e+00 0.000000000000000000e+00 0.000000000000000000e+00 0.000000000000000000e+00 0.000000000000000000e+00 0.000000000000000000e+00 0.000000000000000000e+00 0.000000000000000000e+00 0.000000000000000000e+00 0.000000000000000000e+00 0.000000000000000000e+00 0.000000000000000000e+00 0.000000000000000000e+00 0.000000000000000000e+00 0.000000000000000000e+00 0.000000000000000000e+00 0.000000000000000000e+00 0.000000000000000000e+00 0.000000000000000000e+00 0.000000000000000000e+00 0.000000000000000000e+00 0.000000000000000000e+00 0.000000000000000000e+00 0.000000000000000000e+00 0.000000000000000000e+00 0.000000000000000000e+00 0.000000000000000000e+00 0.000000000000000000e+00 0.000000000000000000e+00 0.000000000000000000e+00
0.000000000000000000e+00 0.000000000000000000e+00 0.000000000000000000e+00 0.000000000000000000e+00 0.000000000000000000e+00 0.000000000000000000e+00 0.000000000000000000e+00 0.000000000000000000e+00 0.000000000000000000e+00 0.000000000000000000e+00 0.000000000000000000e+00 0.000000000000000000e+00 0.000000000000000000e+00 0.000000000000000000e+00 0.000000000000000000e+00 0.000000000000000000e+00 0.000000000000000000e+00 0.000000000000000000e+00 0.000000000000000000e+00 0.000000000000000000e+00 0.000000000000000000e+00 0.000000000000000000e+00 0.000000000000000000e+00 0.000000000000000000e+00 0.000000000000000000e+00 0.000000000000000000e+00 0.000000000000000000e+00 0.000000000000000000e+00 0.000000000000000000e+00 0.000000000000000000e+00 0.000000000000000000e+00 0.000000000000000000e+00 0.000000000000000000e+00 0.000000000000000000e+00 0.000000000000000000e+00 0.000000000000000000e+00 0.000000000000000000e+00 0.000000000000000000e+00 0.000000000000000000e+00 0.000000000000000000e+00 0.000000000000000000e+00 0.000000000000000000e+00 0.000000000000000000e+00 0.000000000000000000e+00 0.000000000000000000e+00 0.000000000000000000e+00 0.000000000000000000e+00 0.000000000000000000e+00 0.000000000000000000e+00 0.000000000000000000e+00 0.000000000000000000e+00 0.000000000000000000e+00 0.000000000000000000e+00 0.000000000000000000e+00 0.000000000000000000e+00 0.000000000000000000e+00 0.000000000000000000e+00 0.000000000000000000e+00 0.000000000000000000e+00 0.000000000000000000e+00 0.000000000000000000e+00 0.000000000000000000e+00 0.000000000000000000e+00 0.000000000000000000e+00 0.000000000000000000e+00 0.000000000000000000e+00 0.000000000000000000e+00 0.000000000000000000e+00 0.000000000000000000e+00 0.000000000000000000e+00 0.000000000000000000e+00 0.000000000000000000e+00 0.000000000000000000e+00 0.000000000000000000e+00 0.000000000000000000e+00 0.000000000000000000e+00 0.000000000000000000e+00 0.000000000000000000e+00 0.000000000000000000e+00 0.000000000000000000e+00 0.000000000000000000e+00 0.000000000000000000e+00 0.000000000000000000e+00 0.000000000000000000e+00 0.000000000000000000e+00 0.000000000000000000e+00 0.000000000000000000e+00 0.000000000000000000e+00 0.000000000000000000e+00
0.000000000000000000e+00 0.000000000000000000e+00 0.000000000000000000e+00 0.000000000000000000e+00 0.000000000000000000e+00 0.000000000000000000e+00 0.000000000000000000e+00 0.000000000000000000e+00 0.000000000000000000e+00 0.000000000000000000e+00 0.000000000000000000e+00 0.000000000000000000e+00 0.000000000000000000e+00 0.000000000000000000e+00 0.000000000000000000e+00 0.000000000000000000e+00 0.000000000000000000e+00 0.000000000000000000e+00 0.000000000000000000e+00 0.000000000000000000e+00 0.000000000000000000e+00 0.000000000000000000e+00 0.000000000000000000e+00 0.000000000000000000e+00 0.000000000000000000e+00 0.000000000000000000e+00 0.000000000000000000e+00 0.000000000000000000e+00 0.000000000000000000e+00 0.000000000000000000e+00 0.000000000000000000e+00 0.000000000000000000e+00 0.000000000000000000e+00 0.000000000000000000e+00 0.000000000000000000e+00 0.000000000000000000e+00 0.000000000000000000e+00 0.000000000000000000e+00 0.000000000000000000e+00 0.000000000000000000e+00 0.000000000000000000e+00 0.000000000000000000e+00 0.000000000000000000e+00 0.000000000000000000e+00 0.000000000000000000e+00 0.000000000000000000e+00 0.000000000000000000e+00 0.000000000000000000e+00 0.000000000000000000e+00 0.000000000000000000e+00 0.000000000000000000e+00 0.000000000000000000e+00 0.000000000000000000e+00 0.000000000000000000e+00 0.000000000000000000e+00 0.000000000000000000e+00 0.000000000000000000e+00 0.000000000000000000e+00 0.000000000000000000e+00 0.000000000000000000e+00 0.000000000000000000e+00 0.000000000000000000e+00 0.000000000000000000e+00 0.000000000000000000e+00 0.000000000000000000e+00 0.000000000000000000e+00 0.000000000000000000e+00 0.000000000000000000e+00 0.000000000000000000e+00 0.000000000000000000e+00 0.000000000000000000e+00 0.000000000000000000e+00 0.000000000000000000e+00 0.000000000000000000e+00 0.000000000000000000e+00 0.000000000000000000e+00 0.000000000000000000e+00 0.000000000000000000e+00 0.000000000000000000e+00 0.000000000000000000e+00 0.000000000000000000e+00 0.000000000000000000e+00 0.000000000000000000e+00 0.000000000000000000e+00 0.000000000000000000e+00 0.000000000000000000e+00 0.000000000000000000e+00 0.000000000000000000e+00 0.000000000000000000e+00
0.000000000000000000e+00 0.000000000000000000e+00 0.000000000000000000e+00 4.779456193353469828e+00 7.354578096947932409e+00 1.020742358078602230e+01 2.624999999999998579e+01 2.864285714285713169e+01 5.800000000000002842e+01 9.987603305785116348e+00 4.983333333333333570e+01 6.635386819484238252e+00 6.149999999999994316e+01 5.699999999999993605e+01 6.049999999999995026e+01 2.349999999999998224e+01 4.249999999999995737e+01 4.649999999999997868e+01 6.779999999999992610e+01 0.000000000000000000e+00 0.000000000000000000e+00 0.000000000000000000e+00 0.000000000000000000e+00 0.000000000000000000e+00 0.000000000000000000e+00 0.000000000000000000e+00 0.000000000000000000e+00 0.000000000000000000e+00 7.024999999999994316e+01 0.000000000000000000e+00 0.000000000000000000e+00 8.299999999999997158e+01 8.339999999999996305e+01 0.000000000000000000e+00 0.000000000000000000e+00 0.000000000000000000e+00 0.000000000000000000e+00 2.823684210526313265e+01 3.231818181818179170e+01 0.000000000000000000e+00 0.000000000000000000e+00 0.000000000000000000e+00 0.000000000000000000e+00 0.000000000000000000e+00 3.231250000000000000e+01 0.000000000000000000e+00 0.000000000000000000e+00 6.700000000000000000e+01 0.000000000000000000e+00 0.000000000000000000e+00 0.000000000000000000e+00 0.000000000000000000e+00 7.199999999999991473e+01 0.000000000000000000e+00 0.000000000000000000e+00 0.000000000000000000e+00 0.000000000000000000e+00 0.000000000000000000e+00 0.000000000000000000e+00 0.000000000000000000e+00 0.000000000000000000e+00 0.000000000000000000e+00 0.000000000000000000e+00 0.000000000000000000e+00 0.000000000000000000e+00 0.000000000000000000e+00 0.000000000000000000e+00 0.000000000000000000e+00 0.000000000000000000e+00 0.000000000000000000e+00 0.000000000000000000e+00 0.000000000000000000e+00 0.000000000000000000e+00 0.000000000000000000e+00 0.000000000000000000e+00 0.000000000000000000e+00 0.000000000000000000e+00 0.000000000000000000e+00 0.000000000000000000e+00 0.000000000000000000e+00 0.000000000000000000e+00 5.249999999999996447e+01 0.000000000000000000e+00 0.000000000000000000e+00 0.000000000000000000e+00 0.000000000000000000e+00 0.000000000000000000e+00 0.000000000000000000e+00 0.000000000000000000e+00
0.000000000000000000e+00 0.000000000000000000e+00 0.000000000000000000e+00 7.354578096947932409e+00 1.069643099470755132e+01 1.122709981740717566e+01 2.428666666666666174e+01 2.407434402332361145e+01 4.046913580246912545e+01 1.741834409418912699e+01 4.614285714285711748e+01 1.646294622684138531e+01 6.505882352941172542e+01 5.924999999999997158e+01 3.853409090909089230e+01 1.388384371700104758e+01 2.688596491228069141e+01 5.054999999999998295e+01 6.964999999999999147e+01 0.000000000000000000e+00 0.000000000000000000e+00 0.000000000000000000e+00 0.000000000000000000e+00 0.000000000000000000e+00 7.649999999999995737e+01 7.849999999999995737e+01 0.000000000000000000e+00 0.000000000000000000e+00 7.028571428571424917e+01 6.556249999999997158e+01 0.000000000000000000e+00 8.521212121212118973e+01 7.365384615384613198e+01 0.000000000000000000e+00 9.324999999999995737e+01 0.000000000000000000e+00 9.449999999999998579e+01 1.306058158319870088e+01 1.942826204656197930e+01 2.350000000000000000e+01 0.000000000000000000e+00 5.749999999999995026e+01 6.383333333333330728e+01 2.216666666666665719e+01 7.353309481216453669e+00 8.486111111111108940e+00 0.000000000000000000e+00 6.099999999999997158e+01 4.421428571428567977e+01 0.000000000000000000e+00 5.199999999999992895e+01 4.749999999999997868e+01 5.066666666666665009e+01 6.349999999999995026e+01 5.009999999999995879e+01 0.000000000000000000e+00 0.000000000000000000e+00 3.799999999999992184e+01 3.692857142857138797e+01 2.649999999999998579e+01 4.500000000000000000e+01 9.849999999999995737e+01 0.000000000000000000e+00 0.000000000000000000e+00 0.000000000000000000e+00 0.000000000000000000e+00 0.000000000000000000e+00 0.000000000000000000e+00 0.000000000000000000e+00 0.000000000000000000e+00 0.000000000000000000e+00 0.000000000000000000e+00 0.000000000000000000e+00 0.000000000000000000e+00 0.000000000000000000e+00 0.000000000000000000e+00 0.000000000000000000e+00 0.000000000000000000e+00 0.000000000000000000e+00 0.000000000000000000e+00 2.678124999999997158e+01 4.366666666666662877e+01 4.049999999999999289e+01 0.000000000000000000e+00 3.399999999999997868e+01 0.000000000000000000e+00 0.000000000000000000e+00 2.612499999999996447e+01 1.274999999999999467e+01
0.000000000000000000e+00 0.000000000000000000e+00 0.000000000000000000e+00 1.020742358078602230e+01 1.122709981740717566e+01 1.467296153309455775e+01 1.018468199462525625e+01 1.423603295819935077e+01 3.760135135135133311e+01 1.854351418342053748e+01 3.989393939393938382e+01 2.415002072109406583e+01 5.799107142857139507e+01 6.116666666666663588e+01 2.512557603686635233e+01 2.077090492554408740e+01 3.268656716417908825e+01 5.659999999999997300e+01 7.356730769230766498e+01 0.000000000000000000e+00 3.875000000000000000e+01 0.000000000000000000e+00 0.000000000000000000e+00 2.762499999999998934e+01 0.000000000000000000e+00 8.159999999999996589e+01 0.000000000000000000e+00 8.450000000000001421e+01 7.053448275862065486e+01 5.592857142857140218e+01 8.585714285714281857e+01 8.223529411764702957e+01 7.779473684210523743e+01 9.474999999999997158e+01 8.650000000000000000e+01 8.150000000000002842e+01 0.000000000000000000e+00 1.847671840354766815e+01 1.829034255055715263e+01 2.253061224489794867e+01 0.000000000000000000e+00 3.634210526315788314e+01 4.399999999999999289e+01 1.815517241379309965e+01 2.062658227848100267e+01 3.081818181818181657e+01 0.000000000000000000e+00 3.949999999999999289e+01 4.712499999999996447e+01 0.000000000000000000e+00 5.412499999999994316e+01 5.333333333333327886e+01 4.986363636363631002e+01 6.599999999999994316e+01 4.918749999999996447e+01 8.849999999999995737e+01 0.000000000000000000e+00 0.000000000000000000e+00 2.804545454545453609e+01 3.974999999999997868e+01 0.000000000000000000e+00 7.387499999999998579e+01 0.000000000000000000e+00 0.000000000000000000e+00 0.000000000000000000e+00 0.000000000000000000e+00 0.000000000000000000e+00 0.000000000000000000e+00 0.000000000000000000e+00 0.000000000000000000e+00 0.000000000000000000e+00 0.000000000000000000e+00 0.000000000000000000e+00 0.000000000000000000e+00 0.000000000000000000e+00 0.000000000000000000e+00 0.000000000000000000e+00 0.000000000000000000e+00 0.000000000000000000e+00 0.000000000000000000e+00 3.738888888888885731e+01 4.418333333333330160e+01 0.000000000000000000e+00 0.000000000000000000e+00 0.000000000000000000e+00 0.000000000000000000e+00 0.000000000000000000e+00 3.069999999999996732e+01 0.000000000000000000e+00
0.000000000000000000e+00 0.000000000000000000e+00 0.000000000000000000e+00 2.624999999999998579e+01 2.428666666666666174e+01 1.018468199462525625e+01 7.670938485804413176e+00 7.801555023923441468e+00 2.128787878787878185e+01 1.284320175438596046e+01 4.719999999999998153e+01 3.164285714285713169e+01 5.800000000000000711e+01 0.000000000000000000e+00 3.760526315789471141e+01 2.561702127659573591e+01 3.216666666666666430e+01 0.000000000000000000e+00 8.149999999999998579e+01 0.000000000000000000e+00 0.000000000000000000e+00 0.000000000000000000e+00 0.000000000000000000e+00 0.000000000000000000e+00 9.449999999999994316e+01 0.000000000000000000e+00 0.000000000000000000e+00 0.000000000000000000e+00 7.849999999999995737e+01 5.128571428571425628e+01 0.000000000000000000e+00 8.949999999999997158e+01 7.716666666666665719e+01 0.000000000000000000e+00 0.000000000000000000e+00 0.000000000000000000e+00 0.000000000000000000e+00 3.011538461538459188e+01 2.789593908629440833e+01 2.249999999999996447e+01 0.000000000000000000e+00 0.000000000000000000e+00 0.000000000000000000e+00 0.000000000000000000e+00 3.349999999999999289e+01 0.000000000000000000e+00 0.000000000000000000e+00 0.000000000000000000e+00 0.000000000000000000e+00 0.000000000000000000e+00 0.000000000000000000e+00 4.949999999999990052e+01 5.049999999999994316e+01 0.000000000000000000e+00 0.000000000000000000e+00 0.000000000000000000e+00 0.000000000000000000e+00 0.000000000000000000e+00 0.000000000000000000e+00 0.000000000000000000e+00 0.000000000000000000e+00 0.000000000000000000e+00 0.000000000000000000e+00 0.000000000000000000e+00 0.000000000000000000e+00 0.000000000000000000e+00 0.000000000000000000e+00 0.000000000000000000e+00 0.000000000000000000e+00 0.000000000000000000e+00 0.000000000000000000e+00 0.000000000000000000e+00 0.000000000000000000e+00 0.000000000000000000e+00 0.000000000000000000e+00 0.000000000000000000e+00 0.000000000000000000e+00 0.000000000000000000e+00 0.000000000000000000e+00 0.000000000000000000e+00 0.000000000000000000e+00 5.099999999999995026e+01 0.000000000000000000e+00 0.000000000000000000e+00 0.000000000000000000e+00 0.000000000000000000e+00 0.000000000000000000e+00 0.000000000000000000e+00 0.000000000000000000e+00
0.000000000000000000e+00 0.000000000000000000e+00 0.000000000000000000e+00 2.864285714285713169e+01 2.407434402332361145e+01 1.423603295819935077e+01 7.801555023923441468e+00 8.254479544277574021e+00 1.012097319216039359e+01 1.970770903818268849e+01 3.608333333333332149e+01 2.551494023904380981e+01 2.755504587155962426e+01 0.000000000000000000e+00 3.478217299578057720e+01 2.047339108910890104e+01 2.356849315068492601e+01 5.372727272727269821e+01 6.917307692307690559e+01 0.000000000000000000e+00 7.190000000000000568e+01 9.399999999999998579e+01 0.000000000000000000e+00 0.000000000000000000e+00 0.000000000000000000e+00 5.512499999999997868e+01 0.000000000000000000e+00 5.709999999999998721e+01 4.405102040816324660e+01 3.830671296296294770e+01 6.117241379310343063e+01 7.158928571428570820e+01 6.753030303030300274e+01 7.483333333333330017e+01 7.680769230769229239e+01 6.862500000000000000e+01 6.999999999999997158e+01 2.577777777777776436e+01 2.432349323493233584e+01 3.738888888888887152e+01 0.000000000000000000e+00 7.524999999999997158e+01 6.085714285714285410e+01 3.649999999999999289e+01 3.140909090909088874e+01 4.859999999999997300e+01 0.000000000000000000e+00 3.916666666666666430e+01 4.474999999999998579e+01 0.000000000000000000e+00 4.249999999999997868e+01 0.000000000000000000e+00 4.490476190476186247e+01 4.899999999999995026e+01 3.970833333333330728e+01 7.924999999999995737e+01 0.000000000000000000e+00 5.049999999999996447e+01 2.670312499999997868e+01 2.262499999999999289e+01 3.674999999999998579e+01 5.849999999999999289e+01 0.000000000000000000e+00 0.000000000000000000e+00 0.000000000000000000e+00 0.000000000000000000e+00 0.000000000000000000e+00 0.000000000000000000e+00 0.000000000000000000e+00 0.000000000000000000e+00 0.000000000000000000e+00 0.000000000000000000e+00 6.549999999999991473e+01 0.000000000000000000e+00 7.499999999999995737e+01 0.000000000000000000e+00 0.000000000000000000e+00 0.000000000000000000e+00 0.000000000000000000e+00 0.000000000000000000e+00 4.324999999999997158e+01 4.322368421052627951e+01 0.000000000000000000e+00 0.000000000000000000e+00 0.000000000000000000e+00 0.000000000000000000e+00 0.000000000000000000e+00 3.124999999999995381e+01 0.000000000000000000e+00
0.000000000000000000e+00 0.000000000000000000e+00 0.000000000000000000e+00 5.800000000000002842e+01 4.046913580246912545e+01 3.760135135135133311e+01 2.128787878787878185e+01 1.012097319216039359e+01 1.248991107022385449e+01 2.179050991501415879e+01 2.842460317460317398e+01 3.291782729805013474e+01 9.640473418703919606e+00 5.174999999999998579e+01 2.228441410693969615e+01 3.334330143540669411e+01 2.554370629370628620e+01 5.262999999999998124e+01 6.380555555555553582e+01 0.000000000000000000e+00 6.402941176470586981e+01 0.000000000000000000e+00 6.599999999999997158e+01 7.899999999999997158e+01 1.004999999999999858e+02 5.353333333333332433e+01 4.049999999999998579e+01 4.902631578947368496e+01 2.537663280116109732e+01 2.518236559139783992e+01 4.993859649122806843e+01 6.334677419354838435e+01 6.339534883720930480e+01 5.916666666666662877e+01 6.446666666666666856e+01 6.550000000000001421e+01 6.129545454545453254e+01 2.042244525547445377e+01 1.943805685193041910e+01 2.720338983050847403e+01 0.000000000000000000e+00 4.424999999999997868e+01 7.475000000000000000e+01 0.000000000000000000e+00 3.477272727272725916e+01 3.021428571428571530e+01 0.000000000000000000e+00 0.000000000000000000e+00 6.179999999999997584e+01 0.000000000000000000e+00 5.399999999999996447e+01 4.862222222222218448e+01 5.019736842105259456e+01 5.526666666666662309e+01 4.989215686274506822e+01 7.150000000000000000e+01 0.000000000000000000e+00 6.850000000000000000e+01 4.232142857142855519e+01 3.193137254901958855e+01 5.899999999999999289e+01 0.000000000000000000e+00 0.000000000000000000e+00 0.000000000000000000e+00 0.000000000000000000e+00 0.000000000000000000e+00 1.179999999999999147e+02 0.000000000000000000e+00 0.000000000000000000e+00 0.000000000000000000e+00 0.000000000000000000e+00 0.000000000000000000e+00 0.000000000000000000e+00 7.399999999999994316e+01 8.799999999999997158e+01 0.000000000000000000e+00 0.000000000000000000e+00 0.000000000000000000e+00 0.000000000000000000e+00 0.000000000000000000e+00 4.634374999999996447e+01 5.929166666666662877e+01 0.000000000000000000e+00 0.000000000000000000e+00 9.749999999999987210e+01 9.899999999999994316e+01 0.000000000000000000e+00 5.799999999999999289e+01 6.499999999999997158e+01
0.000000000000000000e+00 0.000000000000000000e+00 0.000000000000000000e+00 9.987603305785116348e+00 1.741834409418912699e+01 1.854351418342053748e+01 1.284320175438596046e+01 1.970770903818268849e+01 2.179050991501415879e+01 1.250698713366690562e+01 1.475385179750549902e+01 1.485878609887419799e+01 4.105978898007032285e+01 4.876562499999998579e+01 3.509596596281119929e+01 2.228097241701728493e+01 2.143724832214764220e+01 4.477560975609754479e+01 5.997318840579708166e+01 1.164999999999999574e+02 8.586206896551722423e+01 6.433333333333330017e+01 1.016666666666666430e+02 1.016428571428571246e+02 8.924999999999998579e+01 6.974637681159417468e+01 6.787500000000001421e+01 6.995652173913043725e+01 5.358737864077668434e+01 4.852792915531333051e+01 6.691025641025639459e+01 6.496604022420044089e+01 5.877862745098038033e+01 6.604166666666664298e+01 7.885123966942148854e+01 6.939062500000000000e+01 7.694594594594593673e+01 2.100961989676207153e+01 2.454928806133624164e+01 3.962499999999998579e+01 0.000000000000000000e+00 6.488235294117646390e+01 6.399999999999999289e+01 6.107692307692305889e+01 2.994405594405592552e+01 4.477499999999999858e+01 0.000000000000000000e+00 4.241666666666665009e+01 4.590909090909087809e+01 0.000000000000000000e+00 4.530952380952375336e+01 4.671527777777772883e+01 4.692376681614344847e+01 5.441428571428567551e+01 4.566216216216212587e+01 7.583333333333331439e+01 9.999999999999998579e+01 4.559999999999995168e+01 3.133333333333331794e+01 3.090099009900988136e+01 5.316666666666662877e+01 6.585714285714283278e+01 0.000000000000000000e+00 0.000000000000000000e+00 0.000000000000000000e+00 0.000000000000000000e+00 0.000000000000000000e+00 0.000000000000000000e+00 0.000000000000000000e+00 9.749999999999992895e+01 0.000000000000000000e+00 0.000000000000000000e+00 7.362499999999994316e+01 9.124999999999997158e+01 8.679999999999995453e+01 0.000000000000000000e+00 0.000000000000000000e+00 0.000000000000000000e+00 0.000000000000000000e+00 0.000000000000000000e+00 4.006603773584902228e+01 4.603144654088045939e+01 5.499999999999995737e+01 0.000000000000000000e+00 8.199999999999998579e+01 0.000000000000000000e+00 6.549999999999991473e+01 3.583333333333333570e+01 6.449999999999997158e+01
0.000000000000000000e+00 0.000000000000000000e+00 0.000000000000000000e+00 4.983333333333333570e+01 4.614285714285711748e+01 3.989393939393938382e+01 4.719999999999998153e+01 3.608333333333332149e+01 2.842460317460317398e+01 1.475385179750549902e+01 1.316088444814506353e+01 2.086663920922569559e+01 1.623504803222807524e+01 4.258823529411764497e+01 2.479083431257344472e+01 3.848587570621467080e+01 2.254611211573235607e+01 2.701470588235292780e+01 5.013461538461538680e+01 9.899999999999995737e+01 6.043301435406698374e+01 6.616666666666667140e+01 6.511111111111111427e+01 9.492857142857143060e+01 6.488888888888888573e+01 5.546341463414633921e+01 5.793749999999999289e+01 4.784027777777777857e+01 3.295996860282574659e+01 3.541031996394772108e+01 4.818408262454435231e+01 4.976291793313070144e+01 4.394929762949957563e+01 5.220679012345679126e+01 5.655795053003533468e+01 5.024917491749175014e+01 5.765409836065573757e+01 1.821198156682027047e+01 2.023134040501446407e+01 2.832365145228215653e+01 0.000000000000000000e+00 3.679999999999999716e+01 6.002702702702702453e+01 3.387999999999998835e+01 4.549999999999997868e+01 3.126241134751773032e+01 0.000000000000000000e+00 0.000000000000000000e+00 7.999999999999995737e+01 0.000000000000000000e+00 0.000000000000000000e+00 4.761842105263153968e+01 5.059420289855068376e+01 4.881944444444440734e+01 5.488157894736839637e+01 5.569999999999996732e+01 0.000000000000000000e+00 0.000000000000000000e+00 4.919999999999994600e+01 3.358999999999997499e+01 2.663636363636361537e+01 5.624999999999996447e+01 0.000000000000000000e+00 0.000000000000000000e+00 0.000000000000000000e+00 0.000000000000000000e+00 0.000000000000000000e+00 0.000000000000000000e+00 0.000000000000000000e+00 0.000000000000000000e+00 0.000000000000000000e+00 5.766666666666665719e+01 8.312499999999997158e+01 0.000000000000000000e+00 1.053333333333333144e+02 9.649999999999992895e+01 0.000000000000000000e+00 0.000000000000000000e+00 0.000000000000000000e+00 0.000000000000000000e+00 4.052941176470584139e+01 4.495762711864403371e+01 4.324999999999997158e+01 0.000000000000000000e+00 5.925000000000000000e+01 8.749999999999998579e+01 0.000000000000000000e+00 0.000000000000000000e+00 5.399999999999997158e+01
0.000000000000000000e+00 0.000000000000000000e+00 0.000000000000000000e+00 6.635386819484238252e+00 1.646294622684138531e+01 2.415002072109406583e+01 3.164285714285713169e+01 2.551494023904380981e+01 3.291782729805013474e+01 1.485878609887419799e+01 2.086663920922569559e+01 1.638240984706328263e+01 2.257303523035230342e+01 1.256599528605099714e+01 4.519444444444442155e+01 2.052934131736525813e+01 1.835184615384614659e+01 2.665983730039167554e+01 4.814001021972406846e+01 1.092499999999999716e+02 8.406521739130434412e+01 6.974999999999998579e+01 8.299999999999997158e+01 9.699999999999995737e+01 9.042857142857143060e+01 6.444594594594595094e+01 6.887499999999998579e+01 7.154999999999999716e+01 3.779049939098660360e+01 5.011136890951276257e+01 6.064583333333333570e+01 5.726523545706370300e+01 5.112842377260981408e+01 5.782222222222222285e+01 7.212371134020618513e+01 6.383333333333333570e+01 7.819696969696968836e+01 2.384345549738219106e+01 2.831173810460084894e+01 3.194699646643109503e+01 0.000000000000000000e+00 5.826428571428571246e+01 6.091911764705882604e+01 4.392592592592591672e+01 3.235567010309276270e+01 3.929999999999999716e+01 0.000000000000000000e+00 3.822222222222220012e+01 4.624999999999995737e+01 0.000000000000000000e+00 4.830952380952377467e+01 4.828888888888884168e+01 4.708389261744961374e+01 5.466666666666662877e+01 1.713927576601670211e+01 5.489999999999997016e+01 9.500000000000012434e+00 6.116666666666663588e+01 3.058407079646015347e+01 3.064583333333331083e+01 2.759523809523808069e+01 4.945833333333331439e+01 0.000000000000000000e+00 0.000000000000000000e+00 0.000000000000000000e+00 0.000000000000000000e+00 0.000000000000000000e+00 0.000000000000000000e+00 0.000000000000000000e+00 0.000000000000000000e+00 0.000000000000000000e+00 6.412499999999997158e+01 7.550000000000001421e+01 9.459999999999998010e+01 7.583333333333331439e+01 6.037499999999996447e+01 0.000000000000000000e+00 0.000000000000000000e+00 0.000000000000000000e+00 0.000000000000000000e+00 4.282222222222217312e+01 4.602702702702698190e+01 4.909999999999999432e+01 0.000000000000000000e+00 7.316666666666665719e+01 0.000000000000000000e+00 5.199999999999996447e+01 4.009999999999997300e+01 6.500000000000001421e+01
0.000000000000000000e+00 0.000000000000000000e+00 0.000000000000000000e+00 6.149999999999994316e+01 6.505882352941172542e+01 5.799107142857139507e+01 5.800000000000000711e+01 2.755504587155962426e+01 9.640473418703919606e+00 4.105978898007032285e+01 1.623504803222807524e+01 2.257303523035230342e+01 1.439162833295173094e+01 8.405116719786374091e+00 2.303330411919369780e+01 5.173611111111109295e+01 3.680434782608694633e+01 2.124786931818181657e+01 3.495056179775281890e+01 5.099999999999998579e+01 5.527522935779816748e+01 6.583333333333332860e+01 5.849999999999998579e+01 7.809999999999996589e+01 6.581666666666666288e+01 1.823378839590443690e+01 2.874999999999999645e+01 4.661320754716981440e+01 2.078887478465862770e+01 2.728087708830548763e+01 4.283199356913183209e+01 3.709023525620367678e+01 3.631398013750956011e+01 4.975735294117647811e+01 5.532549019607843377e+01 4.836249999999999716e+01 5.396706586826347518e+01 2.347110849056603854e+01 2.359595274980635793e+01 2.920897079276774022e+01 0.000000000000000000e+00 3.233050847457627697e+01 5.676923076923076650e+01 3.755925925925925668e+01 5.749999999999995737e+01 3.488461538461538680e+01 0.000000000000000000e+00 0.000000000000000000e+00 9.199999999999981526e+01 0.000000000000000000e+00 0.000000000000000000e+00 6.449999999999995737e+01 6.324999999999996447e+01 5.364705882352939170e+01 5.899999999999998579e+01 5.447058823529409466e+01 4.299999999999999289e+01 0.000000000000000000e+00 5.399999999999997158e+01 5.352499999999997726e+01 3.779999999999997584e+01 3.999999999999997868e+01 0.000000000000000000e+00 0.000000000000000000e+00 0.000000000000000000e+00 0.000000000000000000e+00 0.000000000000000000e+00 0.000000000000000000e+00 0.000000000000000000e+00 0.000000000000000000e+00 0.000000000000000000e+00 5.862500000000000711e+01 6.012499999999997868e+01 8.600000000000000000e+01 0.000000000000000000e+00 5.250000000000000000e+01 0.000000000000000000e+00 0.000000000000000000e+00 0.000000000000000000e+00 0.000000000000000000e+00 4.399999999999996447e+01 4.943181818181817277e+01 4.907142857142856229e+01 0.000000000000000000e+00 5.691666666666665009e+01 0.000000000000000000e+00 0.000000000000000000e+00 0.000000000000000000e+00 5.849999999999997868e+01
0.000000000000000000e+00 0.000000000000000000e+00 0.000000000000000000e+00 5.699999999999993605e+01 5.924999999999997158e+01 6.116666666666663588e+01 0.000000000000000000e+00 0.000000000000000000e+00 5.174999999999998579e+01 4.876562499999998579e+01 4.258823529411764497e+01 1.256599528605099714e+01 8.405116719786374091e+00 9.674297775612924255e+00 2.124999999999998934e+01 5.529999999999999716e+01 3.858823529411764497e+01 9.052173913043477071e+00 2.445454545454545325e+01 0.000000000000000000e+00 5.300000000000002132e+01 0.000000000000000000e+00 0.000000000000000000e+00 0.000000000000000000e+00 0.000000000000000000e+00 7.550000000000000000e+01 0.000000000000000000e+00 3.949999999999999289e+01 9.747889826743669772e+00 3.282692307692308020e+01 2.308333333333332860e+01 1.296097560975609753e+01 1.557499999999999929e+01 0.000000000000000000e+00 0.000000000000000000e+00 0.000000000000000000e+00 0.000000000000000000e+00 3.587500000000000000e+01 3.982857142857142918e+01 3.086274509803921617e+01 0.000000000000000000e+00 0.000000000000000000e+00 0.000000000000000000e+00 3.941666666666667851e+01 0.000000000000000000e+00 3.800000000000000000e+01 0.000000000000000000e+00 0.000000000000000000e+00 0.000000000000000000e+00 0.000000000000000000e+00 0.000000000000000000e+00 0.000000000000000000e+00 0.000000000000000000e+00 0.000000000000000000e+00 0.000000000000000000e+00 0.000000000000000000e+00 3.099999999999996803e+01 0.000000000000000000e+00 0.000000000000000000e+00 0.000000000000000000e+00 0.000000000000000000e+00 0.000000000000000000e+00 0.000000000000000000e+00 0.000000000000000000e+00 0.000000000000000000e+00 0.000000000000000000e+00 0.000000000000000000e+00 0.000000000000000000e+00 0.000000000000000000e+00 0.000000000000000000e+00 0.000000000000000000e+00 0.000000000000000000e+00 0.000000000000000000e+00 0.000000000000000000e+00 0.000000000000000000e+00 0.000000000000000000e+00 0.000000000000000000e+00 0.000000000000000000e+00 0.000000000000000000e+00 0.000000000000000000e+00 2.899999999999994671e+01 0.000000000000000000e+00 0.000000000000000000e+00 0.000000000000000000e+00 0.000000000000000000e+00 0.000000000000000000e+00 0.000000000000000000e+00 0.000000000000000000e+00 0.000000000000000000e+00
0.000000000000000000e+00 0.000000000000000000e+00 0.000000000000000000e+00 6.049999999999995026e+01 3.853409090909089230e+01 2.512557603686635233e+01 3.760526315789471141e+01 3.478217299578057720e+01 2.228441410693969615e+01 3.509596596281119929e+01 2.479083431257344472e+01 4.519444444444442155e+01 2.303330411919369780e+01 2.124999999999998934e+01 1.166838620926832881e+01 4.145906432748535764e+01 3.887288135593218641e+01 2.183050847457626986e+01 2.313180827886709778e+01 1.684302325581394655e+01 2.902493074792242922e+01 2.710937499999999289e+01 2.184357541899440847e+01 2.036342592592591672e+01 1.940896226415094361e+01 1.845407725321888037e+01 1.726416539050535448e+01 2.193385214007781414e+01 1.785332785538208711e+01 2.410045402951191562e+01 4.046052631578945835e+01 3.063112005365526613e+01 2.996883468834688458e+01 5.279999999999998295e+01 4.812794117647057845e+01 4.959649122807015686e+01 4.105252100840334606e+01 3.044418604651161786e+01 9.230902232002511809e+00 2.551293103448275446e+01 0.000000000000000000e+00 2.179009009009008224e+01 1.350186011904761862e+01 1.487591240875912391e+01 2.816666666666664653e+01 2.139911308203990359e+01 0.000000000000000000e+00 7.949999999999998579e+01 4.699999999999997868e+01 0.000000000000000000e+00 0.000000000000000000e+00 5.708333333333327886e+01 5.674999999999996447e+01 5.366666666666666430e+01 6.587499999999997158e+01 0.000000000000000000e+00 3.199999999999996803e+01 0.000000000000000000e+00 5.974999999999998579e+01 5.383333333333332149e+01 5.220000000000000284e+01 3.871052631578945835e+01 0.000000000000000000e+00 0.000000000000000000e+00 0.000000000000000000e+00 0.000000000000000000e+00 0.000000000000000000e+00 0.000000000000000000e+00 0.000000000000000000e+00 0.000000000000000000e+00 0.000000000000000000e+00 0.000000000000000000e+00 5.512499999999999289e+01 6.166666666666663588e+01 4.099999999999997158e+01 3.499999999999999289e+01 0.000000000000000000e+00 0.000000000000000000e+00 0.000000000000000000e+00 4.400000000000002842e+01 5.249999999999998579e+01 4.299999999999997158e+01 4.399999999999995026e+01 0.000000000000000000e+00 3.599999999999999289e+01 4.674999999999999289e+01 0.000000000000000000e+00 0.000000000000000000e+00 0.000000000000000000e+00
0.000000000000000000e+00 0.000000000000000000e+00 0.000000000000000000e+00 2.349999999999998224e+01 1.388384371700104758e+01 2.077090492554408740e+01 2.561702127659573591e+01 2.047339108910890104e+01 3.334330143540669411e+01 2.228097241701728493e+01 3.848587570621467080e+01 2.052934131736525813e+01 5.173611111111109295e+01 5.529999999999999716e+01 4.145906432748535764e+01 6.857967032967028587e+00 9.695421366954210640e+00 3.721032934131734038e+01 5.478783382789315226e+01 0.000000000000000000e+00 8.850000000000002842e+01 0.000000000000000000e+00 0.000000000000000000e+00 0.000000000000000000e+00 0.000000000000000000e+00 8.066666666666661456e+01 5.649999999999997158e+01 0.000000000000000000e+00 6.565217391304346961e+01 6.034999999999997300e+01 8.333333333333331439e+01 7.671999999999998465e+01 6.578640776699027981e+01 0.000000000000000000e+00 8.933333333333331439e+01 0.000000000000000000e+00 7.770000000000000284e+01 1.264559543230015493e+01 2.224364690147123014e+01 4.567647058823526862e+01 0.000000000000000000e+00 6.432051282051278918e+01 6.559999999999996589e+01 0.000000000000000000e+00 9.490740740740735149e+00 3.449999999999999289e+01 0.000000000000000000e+00 2.716666666666665719e+01 3.681249999999998579e+01 3.299999999999995026e+01 2.923333333333329520e+01 3.949999999999995026e+01 3.401249999999996732e+01 5.026470588235290649e+01 3.292499999999997584e+01 6.009999999999996589e+01 5.550000000000002842e+01 5.349999999999992895e+01 1.616406249999998934e+01 2.003749999999999432e+01 4.197058823529410176e+01 5.057142857142855519e+01 0.000000000000000000e+00 0.000000000000000000e+00 0.000000000000000000e+00 0.000000000000000000e+00 0.000000000000000000e+00 0.000000000000000000e+00 0.000000000000000000e+00 0.000000000000000000e+00 0.000000000000000000e+00 6.466666666666664298e+01 6.283333333333331439e+01 0.000000000000000000e+00 7.699999999999997158e+01 5.499999999999994316e+01 0.000000000000000000e+00 0.000000000000000000e+00 0.000000000000000000e+00 0.000000000000000000e+00 2.764473684210523885e+01 3.291121495327099211e+01 5.199999999999997158e+01 0.000000000000000000e+00 7.149999999999997158e+01 8.400000000000000000e+01 0.000000000000000000e+00 2.642857142857140573e+01 0.000000000000000000e+00
0.000000000000000000e+00 0.000000000000000000e+00 0.000000000000000000e+00 4.249999999999995737e+01 2.688596491228069141e+01 3.268656716417908825e+01 3.216666666666666430e+01 2.356849315068492601e+01 2.554370629370628620e+01 2.143724832214764220e+01 2.254611211573235607e+01 1.835184615384614659e+01 3.680434782608694633e+01 3.858823529411764497e+01 3.887288135593218641e+01 9.695421366954210640e+00 8.216290842153698648e+00 2.155868814729572946e+01 4.130225988700563988e+01 0.000000000000000000e+00 7.100000000000000000e+01 0.000000000000000000e+00 0.000000000000000000e+00 0.000000000000000000e+00 0.000000000000000000e+00 6.308333333333334281e+01 5.266666666666663588e+01 7.275000000000000000e+01 4.970967741935483986e+01 5.544117647058823195e+01 7.061111111111108585e+01 6.094736842105262298e+01 4.786635944700459078e+01 0.000000000000000000e+00 7.809999999999999432e+01 8.724999999999995737e+01 6.429999999999998295e+01 1.969207317073169961e+01 2.328348623853209531e+01 3.793478260869564878e+01 0.000000000000000000e+00 5.436619718309857063e+01 5.481666666666665577e+01 5.574999999999997868e+01 3.966666666666666430e+01 4.187499999999998579e+01 0.000000000000000000e+00 2.599999999999998579e+01 3.293749999999998579e+01 0.000000000000000000e+00 3.192857142857139507e+01 2.730645161290318867e+01 3.053846153846151168e+01 3.587962962962959779e+01 2.921333333333331339e+01 4.412499999999997158e+01 3.899999999999999289e+01 2.749999999999998579e+01 1.830555555555555003e+01 1.296938775510203889e+01 1.903225806451612101e+01 3.722058823529408755e+01 0.000000000000000000e+00 0.000000000000000000e+00 6.149999999999997868e+01 0.000000000000000000e+00 0.000000000000000000e+00 0.000000000000000000e+00 0.000000000000000000e+00 0.000000000000000000e+00 0.000000000000000000e+00 4.183333333333329307e+01 5.849999999999994316e+01 7.424999999999998579e+01 6.716666666666667140e+01 4.972727272727271952e+01 0.000000000000000000e+00 0.000000000000000000e+00 0.000000000000000000e+00 0.000000000000000000e+00 2.187499999999998224e+01 3.033870967741934166e+01 4.612499999999997868e+01 0.000000000000000000e+00 6.263333333333331865e+01 0.000000000000000000e+00 0.000000000000000000e+00 4.133333333333330728e+01 0.000000000000000000e+00
