0.000000000000000000e+00 0.000000000000000000e+00 0.000000000000000000e+00 0.000000000000000000e+00 0.000000000000000000e+00 0.000000000000000000e+00 0.000000000000000000e+00 0.000000000000000000e+00 0.000000000000000000e+00 0.000000000000000000e+00 0.000000000000000000e+00 0.000000000000000000e+00 0.000000000000000000e+00 0.000000000000000000e+00 0.000000000000000000e+00 0.000000000000000000e+00 0.000000000000000000e+00 0.000000000000000000e+00 0.000000000000000000e+00 0.000000000000000000e+00 0.000000000000000000e+00 0.000000000000000000e+00 0.000000000000000000e+00 0.000000000000000000e+00 0.000000000000000000e+00 0.000000000000000000e+00 0.000000000000000000e+00 0.000000000000000000e+00 0.000000000000000000e+00 0.000000000000000000e+00 0.000000000000000000e+00 0.000000000000000000e+00 0.000000000000000000e+00 0.000000000000000000e+00 0.000000000000000000e+00 0.000000000000000000e+00 0.000000000000000000e+00 0.000000000000000000e+00 0.000000000000000000e+00 0.000000000000000000e+00 0.000000000000000000e+00 0.000000000000000000e+00 0.000000000000000000e+00 0.000000000000000000e+00 0.000000000000000000e+00 0.000000000000000000e+00 0.000000000000000000e+00 0.000000000000000000e+00 0.000000000000000000e+00 0.000000000000000000e+00 0.000000000000000000e+00 0.000000000000000000e+00 0.000000000000000000e+00 0.000000000000000000e+00 0.000000000000000000e+00 0.000000000000000000e+00 0.000000000000000000e+00 0.000000000000000000e+00 0.000000000000000000e+00 0.000000000000000000e+00 0.000000000000000000e+00 0.000000000000000000e+00 0.000000000000000000e+00 0.000000000000000000e+00 0.000000000000000000e+00 0.000000000000000000e+00 0.000000000000000000e+00 0.000000000000000000e+00 0.000000000000000000e+00 0.000000000000000000e+00 0.000000000000000000e+00 0.000000000000000000e+00 0.000000000000000000e+00 0.000000000000000000e+00 0.000000000000000000e+00 0.000000000000000000e+00 0.000000000000000000e+00 0.000000000000000000e+00 0.000000000000000000e+00 0.000000000000000000e+00 0.000000000000000000e+00 0.000000000000000000e+00 0.000000000000000000e+00 0.000000000000000000e+00 0.000000000000000000e+00 0.000000000000000000e+00 0.000000000000000000e+00 0.000000000000000000e+00 0.000000000000000000e+00
0.000000000000000000e+00 0.000000000000000000e+00 0.000000000000000000e+00 0.000000000000000000e+00 0.000000000000000000e+00 0.000000000000000000e+00 0.000000000000000000e+00 0.000000000000000000e+00 0.000000000000000000e+00 0.000000000000000000e+00 0.000000000000000000e+00 0.000000000000000000e+00 0.000000000000000000e+00 0.000000000000000000e+00 0.000000000000000000e+00 0.000000000000000000e+00 0.000000000000000000e+00 0.000000000000000000e+00 0.000000000000000000e+00 0.000000000000000000e+00 0.000000000000000000e+00 0.000000000000000000e+00 0.000000000000000000e+00 0.000000000000000000e+00 0.000000000000000000e+00 0.000000000000000000e+00 0.000000000000000000e+00 0.000000000000000000e+00 0.000000000000000000e+00 0.000000000000000000e+00 0.000000000000000000e+00 0.000000000000000000e+00 0.000000000000000000e+00 0.000000000000000000e+00 0.000000000000000000e+00 0.000000000000000000e+00 0.000000000000000000e+00 0.000000000000000000e+00 0.000000000000000000e+00 0.000000000000000000e+00 0.000000000000000000e+00 0.000000000000000000e+00 0.000000000000000000e+00 0.000000000000000000e+00 0.000000000000000000e+00 0.000000000000000000e+00 0.000000000000000000e+00 0.000000000000000000e+00 0.000000000000000000e+00 0.000000000000000000e+00 0.000000000000000000e+00 0.000000000000000000e+00 0.000000000000000000e+00 0.000000000000000000e+00 0.000000000000000000e+00 0.000000000000000000e+00 0.000000000000000000e+00 0.000000000000000000e+00 0.000000000000000000e+00 0.000000000000000000e+00 0.000000000000000000e+00 0.000000000000000000e+00 0.000000000000000000e+00 0.000000000000000000e+00 0.000000000000000000e+00 0.000000000000000000e+00 0.000000000000000000e+00 0.000000000000000000e+00 0.000000000000000000e+00 0.000000000000000000e+00 0.000000000000000000e+00 0.000000000000000000e+00 0.000000000000000000e+00 0.000000000000000000e+00 0.000000000000000000e+00 0.000000000000000000e+00 0.000000000000000000e+00 0.000000000000000000e+00 0.000000000000000000e+00 0.000000000000000000e+00 0.000000000000000000e+00 0.000000000000000000e+00 0.000000000000000000e+00 0.000000000000000000e+00 0.000000000000000000e+00 0.000000000000000000e+00 0.000000000000000000e+00 0.000000000000000000e+00 0.000000000000000000e+00
0.000000000000000000e+00 0.000000000000000000e+00 0.000000000000000000e+00 0.000000000000000000e+00 0.000000000000000000e+00 0.000000000000000000e+00 0.000000000000000000e+00 0.000000000000000000e+00 0.000000000000000000e+00 0.000000000000000000e+00 0.000000000000000000e+00 0.000000000000000000e+00 0.000000000000000000e+00 0.000000000000000000e+00 0.000000000000000000e+00 0.000000000000000000e+00 0.000000000000000000e+00 0.000000000000000000e+00 0.000000000000000000e+00 0.000000000000000000e+00 0.000000000000000000e+00 0.000000000000000000e+00 0.000000000000000000e+00 0.000000000000000000e+00 0.000000000000000000e+00 0.000000000000000000e+00 0.000000000000000000e+00 0.000000000000000000e+00 0.000000000000000000e+00 0.000000000000000000e+00 0.000000000000000000e+00 0.000000000000000000e+00 0.000000000000000000e+00 0.000000000000000000e+00 0.000000000000000000e+00 0.000000000000000000e+00 0.000000000000000000e+00 0.000000000000000000e+00 0.000000000000000000e+00 0.000000000000000000e+00 0.000000000000000000e+00 0.000000000000000000e+00 0.000000000000000000e+00 0.000000000000000000e+00 0.000000000000000000e+00 0.000000000000000000e+00 0.000000000000000000e+00 0.000000000000000000e+00 0.000000000000000000e+00 0.000000000000000000e+00 0.000000000000000000e+00 0.000000000000000000e+00 0.000000000000000000e+00 0.000000000000000000e+00 0.000000000000000000e+00 0.000000000000000000e+00 0.000000000000000000e+00 0.000000000000000000e+00 0.000000000000000000e+00 0.000000000000000000e+00 0.000000000000000000e+00 0.000000000000000000e+00 0.000000000000000000e+00 0.000000000000000000e+00 0.000000000000000000e+00 0.000000000000000000e+00 0.000000000000000000e+00 0.000000000000000000e+00 0.000000000000000000e+00 0.000000000000000000e+00 0.000000000000000000e+00 0.000000000000000000e+00 0.000000000000000000e+00 0.000000000000000000e+00 0.000000000000000000e+00 0.000000000000000000e+00 0.000000000000000000e+00 0.000000000000000000e+00 0.000000000000000000e+00 0.000000000000000000e+00 0.000000000000000000e+00 0.000000000000000000e+00 0.000000000000000000e+00 0.000000000000000000e+00 0.000000000000000000e+00 0.000000000000000000e+00 0.000000000000000000e+00 0.000000000000000000e+00 0.000000000000000000e+00
0.000000000000000000e+00 0.000000000000000000e+00 0.000000000000000000e+00 4.251239669421483569e+00 6.670384138785621531e+00 9.722363405336716724e+00 0.000000000000000000e+00 3.179999999999997584e+01 4.616666666666662877e+01 9.060846560846552933e+00 4.816666666666663588e+01 5.767923133776790223e+00 6.950000000000001421e+01 0.000000000000000000e+00 3.829999999999996874e+01 1.929999999999997939e+01 3.549999999999997158e+01 0.000000000000000000e+00 0.000000000000000000e+00 0.000000000000000000e+00 0.000000000000000000e+00 0.000000000000000000e+00 0.000000000000000000e+00 0.000000000000000000e+00 0.000000000000000000e+00 0.000000000000000000e+00 0.000000000000000000e+00 0.000000000000000000e+00 7.549999999999991473e+01 8.599999999999994316e+01 0.000000000000000000e+00 0.000000000000000000e+00 0.000000000000000000e+00 0.000000000000000000e+00 0.000000000000000000e+00 0.000000000000000000e+00 0.000000000000000000e+00 2.957692307692307310e+01 3.263636363636361892e+01 0.000000000000000000e+00 0.000000000000000000e+00 0.000000000000000000e+00 0.000000000000000000e+00 4.300000000000002842e+01 3.199999999999997158e+01 0.000000000000000000e+00 0.000000000000000000e+00 0.000000000000000000e+00 0.000000000000000000e+00 0.000000000000000000e+00 0.000000000000000000e+00 0.000000000000000000e+00 0.000000000000000000e+00 0.000000000000000000e+00 0.000000000000000000e+00 0.000000000000000000e+00 0.000000000000000000e+00 0.000000000000000000e+00 0.000000000000000000e+00 0.000000000000000000e+00 0.000000000000000000e+00 0.000000000000000000e+00 0.000000000000000000e+00 0.000000000000000000e+00 0.000000000000000000e+00 0.000000000000000000e+00 0.000000000000000000e+00 0.000000000000000000e+00 0.000000000000000000e+00 0.000000000000000000e+00 0.000000000000000000e+00 0.000000000000000000e+00 0.000000000000000000e+00 0.000000000000000000e+00 0.000000000000000000e+00 0.000000000000000000e+00 0.000000000000000000e+00 0.000000000000000000e+00 0.000000000000000000e+00 0.000000000000000000e+00 0.000000000000000000e+00 0.000000000000000000e+00 0.000000000000000000e+00 0.000000000000000000e+00 0.000000000000000000e+00 0.000000000000000000e+00 0.000000000000000000e+00 0.000000000000000000e+00 0.000000000000000000e+00
0.000000000000000000e+00 0.000000000000000000e+00 0.000000000000000000e+00 6.670384138785621531e+00 9.889474053788351426e+00 9.387405391614926486e+00 3.033333333333331794e+01 2.635714285714285054e+01 4.182474226804123418e+01 1.404825367647058165e+01 4.390769230769229381e+01 1.501382823871906247e+01 5.884615384615382538e+01 7.050000000000001421e+01 3.027358490566036764e+01 1.236633663366335867e+01 2.789999999999999147e+01 4.903571428571427049e+01 6.193478260869564167e+01 0.000000000000000000e+00 0.000000000000000000e+00 0.000000000000000000e+00 0.000000000000000000e+00 0.000000000000000000e+00 3.799999999999996447e+01 0.000000000000000000e+00 0.000000000000000000e+00 0.000000000000000000e+00 5.149999999999995737e+01 7.133333333333331439e+01 0.000000000000000000e+00 8.949999999999992895e+01 7.899999999999997158e+01 0.000000000000000000e+00 0.000000000000000000e+00 0.000000000000000000e+00 0.000000000000000000e+00 1.296728368489022110e+01 2.025272785622591698e+01 3.204545454545453254e+01 0.000000000000000000e+00 6.624999999999997158e+01 4.624999999999996447e+01 2.537499999999998224e+01 7.071007259528125921e+00 1.233333333333333215e+01 0.000000000000000000e+00 0.000000000000000000e+00 0.000000000000000000e+00 0.000000000000000000e+00 0.000000000000000000e+00 4.599999999999995026e+01 5.350000000000000000e+01 6.850000000000000000e+01 5.749999999999999289e+01 0.000000000000000000e+00 0.000000000000000000e+00 4.649999999999993605e+01 3.249999999999997158e+01 5.266666666666660745e+01 4.149999999999999289e+01 0.000000000000000000e+00 0.000000000000000000e+00 0.000000000000000000e+00 0.000000000000000000e+00 0.000000000000000000e+00 0.000000000000000000e+00 0.000000000000000000e+00 0.000000000000000000e+00 0.000000000000000000e+00 0.000000000000000000e+00 0.000000000000000000e+00 0.000000000000000000e+00 0.000000000000000000e+00 0.000000000000000000e+00 0.000000000000000000e+00 0.000000000000000000e+00 0.000000000000000000e+00 0.000000000000000000e+00 0.000000000000000000e+00 2.999999999999997868e+01 2.633333333333333215e+01 0.000000000000000000e+00 0.000000000000000000e+00 0.000000000000000000e+00 0.000000000000000000e+00 0.000000000000000000e+00 1.724999999999997868e+01 6.299999999999996270e+00
0.000000000000000000e+00 0.000000000000000000e+00 0.000000000000000000e+00 9.722363405336716724e+00 9.387405391614926486e+00 1.256029425458608273e+01 8.759489732420654207e+00 1.315701654306901958e+01 3.615822784810125512e+01 1.545076872751062602e+01 4.120926966292132931e+01 2.578056593699945509e+01 5.618478260869564167e+01 5.849999999999992895e+01 2.523333333333331652e+01 1.967277486910993645e+01 3.373684210526315042e+01 4.919230769230767208e+01 6.803846153846151878e+01 0.000000000000000000e+00 0.000000000000000000e+00 0.000000000000000000e+00 0.000000000000000000e+00 0.000000000000000000e+00 4.699999999999997158e+01 4.405555555555554292e+01 4.483333333333330728e+01 3.699999999999998579e+01 6.188461538461536549e+01 5.795238095238092058e+01 5.649999999999996447e+01 7.961538461538459899e+01 6.803571428571426338e+01 0.000000000000000000e+00 0.000000000000000000e+00 0.000000000000000000e+00 4.149999999999997868e+01 1.754777777777777104e+01 1.944262141383835285e+01 2.473749999999999005e+01 0.000000000000000000e+00 4.607142857142854098e+01 3.687499999999998579e+01 2.605434782608694633e+01 1.907055961070558325e+01 4.233333333333332149e+01 0.000000000000000000e+00 3.850000000000002132e+01 0.000000000000000000e+00 0.000000000000000000e+00 4.149999999999997868e+01 0.000000000000000000e+00 5.162499999999995737e+01 5.749999999999993605e+01 0.000000000000000000e+00 0.000000000000000000e+00 0.000000000000000000e+00 0.000000000000000000e+00 3.969999999999997442e+01 4.169999999999998153e+01 5.699999999999995026e+01 0.000000000000000000e+00 0.000000000000000000e+00 0.000000000000000000e+00 0.000000000000000000e+00 0.000000000000000000e+00 0.000000000000000000e+00 0.000000000000000000e+00 0.000000000000000000e+00 0.000000000000000000e+00 0.000000000000000000e+00 0.000000000000000000e+00 0.000000000000000000e+00 0.000000000000000000e+00 0.000000000000000000e+00 6.749999999999995737e+01 0.000000000000000000e+00 0.000000000000000000e+00 0.000000000000000000e+00 0.000000000000000000e+00 3.108333333333330017e+01 4.316666666666665009e+01 0.000000000000000000e+00 0.000000000000000000e+00 6.900000000000007105e+01 0.000000000000000000e+00 0.000000000000000000e+00 2.739999999999998792e+01 0.000000000000000000e+00
0.000000000000000000e+00 0.000000000000000000e+00 0.000000000000000000e+00 0.000000000000000000e+00 3.033333333333331794e+01 8.759489732420654207e+00 7.991839906741788901e+00 7.393452039058008296e+00 2.484821428571427759e+01 1.038292682926828903e+01 4.034615384615381828e+01 3.235135135135134021e+01 4.218750000000000000e+01 0.000000000000000000e+00 4.166666666666664298e+01 2.599999999999996092e+01 3.250000000000000711e+01 4.400000000000000711e+01 0.000000000000000000e+00 0.000000000000000000e+00 0.000000000000000000e+00 0.000000000000000000e+00 0.000000000000000000e+00 0.000000000000000000e+00 0.000000000000000000e+00 0.000000000000000000e+00 0.000000000000000000e+00 0.000000000000000000e+00 5.499999999999997158e+01 4.522222222222220722e+01 0.000000000000000000e+00 6.149999999999999289e+01 7.400000000000002842e+01 0.000000000000000000e+00 0.000000000000000000e+00 0.000000000000000000e+00 0.000000000000000000e+00 2.783333333333331794e+01 2.681111111111109579e+01 2.962499999999996803e+01 0.000000000000000000e+00 3.849999999999997158e+01 0.000000000000000000e+00 2.675000000000000000e+01 0.000000000000000000e+00 0.000000000000000000e+00 0.000000000000000000e+00 0.000000000000000000e+00 0.000000000000000000e+00 0.000000000000000000e+00 0.000000000000000000e+00 0.000000000000000000e+00 0.000000000000000000e+00 7.849999999999998579e+01 0.000000000000000000e+00 0.000000000000000000e+00 0.000000000000000000e+00 0.000000000000000000e+00 0.000000000000000000e+00 0.000000000000000000e+00 0.000000000000000000e+00 0.000000000000000000e+00 0.000000000000000000e+00 0.000000000000000000e+00 0.000000000000000000e+00 0.000000000000000000e+00 0.000000000000000000e+00 0.000000000000000000e+00 0.000000000000000000e+00 0.000000000000000000e+00 0.000000000000000000e+00 0.000000000000000000e+00 0.000000000000000000e+00 0.000000000000000000e+00 0.000000000000000000e+00 0.000000000000000000e+00 0.000000000000000000e+00 0.000000000000000000e+00 0.000000000000000000e+00 0.000000000000000000e+00 0.000000000000000000e+00 0.000000000000000000e+00 0.000000000000000000e+00 0.000000000000000000e+00 0.000000000000000000e+00 0.000000000000000000e+00 0.000000000000000000e+00 0.000000000000000000e+00 0.000000000000000000e+00
0.000000000000000000e+00 0.000000000000000000e+00 0.000000000000000000e+00 3.179999999999997584e+01 2.635714285714285054e+01 1.315701654306901958e+01 7.393452039058008296e+00 8.241563055062167464e+00 1.179691147423235442e+01 1.899178910976663204e+01 2.946850393700785986e+01 2.502443438914026075e+01 3.126315789473683182e+01 0.000000000000000000e+00 3.520629921259840245e+01 1.984253246753246103e+01 1.846764705882351976e+01 4.689999999999997016e+01 5.987499999999997868e+01 0.000000000000000000e+00 0.000000000000000000e+00 0.000000000000000000e+00 0.000000000000000000e+00 0.000000000000000000e+00 0.000000000000000000e+00 4.774999999999997868e+01 4.028571428571426338e+01 0.000000000000000000e+00 4.410447761194028260e+01 3.879190751445084828e+01 0.000000000000000000e+00 6.213636363636361892e+01 6.468749999999995737e+01 0.000000000000000000e+00 0.000000000000000000e+00 1.005000000000000000e+02 9.949999999999995737e+01 2.490833333333332433e+01 2.710670194003526134e+01 2.909374999999998224e+01 0.000000000000000000e+00 4.249999999999997868e+01 4.816666666666662167e+01 2.683333333333331794e+01 2.612499999999998224e+01 0.000000000000000000e+00 0.000000000000000000e+00 0.000000000000000000e+00 4.500000000000000711e+01 0.000000000000000000e+00 0.000000000000000000e+00 4.799999999999995026e+01 4.462499999999997158e+01 0.000000000000000000e+00 3.849999999999997158e+01 0.000000000000000000e+00 0.000000000000000000e+00 0.000000000000000000e+00 2.668181818181817633e+01 1.883333333333331794e+01 4.849999999999995737e+01 5.099999999999995737e+01 0.000000000000000000e+00 0.000000000000000000e+00 0.000000000000000000e+00 0.000000000000000000e+00 0.000000000000000000e+00 0.000000000000000000e+00 0.000000000000000000e+00 0.000000000000000000e+00 0.000000000000000000e+00 0.000000000000000000e+00 0.000000000000000000e+00 0.000000000000000000e+00 0.000000000000000000e+00 0.000000000000000000e+00 0.000000000000000000e+00 0.000000000000000000e+00 0.000000000000000000e+00 0.000000000000000000e+00 3.024999999999996447e+01 4.724999999999997158e+01 0.000000000000000000e+00 0.000000000000000000e+00 0.000000000000000000e+00 0.000000000000000000e+00 0.000000000000000000e+00 0.000000000000000000e+00 0.000000000000000000e+00
0.000000000000000000e+00 0.000000000000000000e+00 0.000000000000000000e+00 4.616666666666662877e+01 4.182474226804123418e+01 3.615822784810125512e+01 2.484821428571427759e+01 1.179691147423235442e+01 1.176578130389789578e+01 2.363745454545453839e+01 2.367091454272863515e+01 3.024985034420831909e+01 1.019184168012924019e+01 4.750000000000000000e+01 2.202702702702702098e+01 3.318590831918506012e+01 2.644050218340611025e+01 4.035937500000000000e+01 5.735000000000000142e+01 0.000000000000000000e+00 0.000000000000000000e+00 5.450000000000000711e+01 0.000000000000000000e+00 0.000000000000000000e+00 0.000000000000000000e+00 6.099999999999997158e+01 4.012499999999998579e+01 3.050000000000000355e+01 2.364565217391304230e+01 2.433613916947249578e+01 5.236842105263157521e+01 5.809615384615384670e+01 5.660999999999999943e+01 8.000000000000001421e+01 8.774999999999998579e+01 6.525000000000001421e+01 5.481818181818180591e+01 1.991540404040404155e+01 2.636389413988657182e+01 3.752272727272726627e+01 0.000000000000000000e+00 5.069999999999998863e+01 6.000000000000000000e+01 4.112499999999999289e+01 5.308333333333332149e+01 3.019999999999999574e+01 0.000000000000000000e+00 5.549999999999997158e+01 6.450000000000000000e+01 0.000000000000000000e+00 0.000000000000000000e+00 4.614999999999997726e+01 5.105555555555551450e+01 4.616666666666665009e+01 4.661363636363634555e+01 6.199999999999996447e+01 0.000000000000000000e+00 0.000000000000000000e+00 4.187499999999997868e+01 3.061363636363635266e+01 3.983333333333330728e+01 6.360000000000000142e+01 0.000000000000000000e+00 0.000000000000000000e+00 0.000000000000000000e+00 0.000000000000000000e+00 0.000000000000000000e+00 0.000000000000000000e+00 0.000000000000000000e+00 0.000000000000000000e+00 0.000000000000000000e+00 0.000000000000000000e+00 0.000000000000000000e+00 8.500000000000001421e+01 0.000000000000000000e+00 6.449999999999992895e+01 0.000000000000000000e+00 0.000000000000000000e+00 0.000000000000000000e+00 0.000000000000000000e+00 0.000000000000000000e+00 5.833333333333330728e+01 0.000000000000000000e+00 0.000000000000000000e+00 0.000000000000000000e+00 0.000000000000000000e+00 0.000000000000000000e+00 6.099999999999990052e+01 0.000000000000000000e+00
0.000000000000000000e+00 0.000000000000000000e+00 0.000000000000000000e+00 9.060846560846552933e+00 1.404825367647058165e+01 1.545076872751062602e+01 1.038292682926828903e+01 1.899178910976663204e+01 2.363745454545453839e+01 1.249690506132714951e+01 1.872442244224421870e+01 1.543770221777750962e+01 4.280518018018016591e+01 4.356249999999999289e+01 3.665690607734804729e+01 1.813580246913578975e+01 2.658992805755394073e+01 4.166451612903224344e+01 5.732934131736524819e+01 0.000000000000000000e+00 0.000000000000000000e+00 0.000000000000000000e+00 0.000000000000000000e+00 0.000000000000000000e+00 0.000000000000000000e+00 5.739999999999997726e+01 4.224999999999998579e+01 7.666666666666664298e+01 5.409677419354837014e+01 5.168124999999997726e+01 6.739999999999996305e+01 6.421171171171170045e+01 5.724568965517241281e+01 0.000000000000000000e+00 8.975000000000000000e+01 9.049999999999998579e+01 8.099999999999995737e+01 2.355053191489360387e+01 2.717320040554239213e+01 4.260759493670884268e+01 0.000000000000000000e+00 5.749999999999997868e+01 5.962500000000000000e+01 4.455555555555552871e+01 3.141044776119401050e+01 4.969230769230765787e+01 0.000000000000000000e+00 4.399999999999997868e+01 0.000000000000000000e+00 0.000000000000000000e+00 6.599999999999992895e+01 4.849999999999995737e+01 8.133333333333327175e+01 6.274999999999994316e+01 6.191666666666662877e+01 7.024999999999998579e+01 0.000000000000000000e+00 0.000000000000000000e+00 3.326666666666665861e+01 3.149999999999997868e+01 5.739999999999997726e+01 7.799999999999994316e+01 0.000000000000000000e+00 0.000000000000000000e+00 0.000000000000000000e+00 0.000000000000000000e+00 0.000000000000000000e+00 0.000000000000000000e+00 0.000000000000000000e+00 0.000000000000000000e+00 0.000000000000000000e+00 8.750000000000000000e+01 0.000000000000000000e+00 0.000000000000000000e+00 0.000000000000000000e+00 0.000000000000000000e+00 0.000000000000000000e+00 0.000000000000000000e+00 0.000000000000000000e+00 0.000000000000000000e+00 4.216666666666663588e+01 6.141666666666665719e+01 6.749999999999997158e+01 0.000000000000000000e+00 7.550000000000001421e+01 0.000000000000000000e+00 0.000000000000000000e+00 3.225000000000000000e+01 0.000000000000000000e+00
0.000000000000000000e+00 0.000000000000000000e+00 0.000000000000000000e+00 4.816666666666663588e+01 4.390769230769229381e+01 4.120926966292132931e+01 4.034615384615381828e+01 2.946850393700785986e+01 2.367091454272863515e+01 1.872442244224421870e+01 1.379402490934888803e+01 2.306409254337970793e+01 1.434630305796440197e+01 3.983333333333334281e+01 2.201286391333784564e+01 3.725974025974024073e+01 2.277835051546390943e+01 2.598616600790513331e+01 4.465174129353233923e+01 6.649999999999995737e+01 9.899999999999998579e+01 4.049999999999997868e+01 0.000000000000000000e+00 0.000000000000000000e+00 0.000000000000000000e+00 4.435714285714287541e+01 5.042857142857144481e+01 4.994444444444444287e+01 3.220033112582781598e+01 3.221028037383177889e+01 5.285416666666666430e+01 4.869848484848484560e+01 4.616332378223496136e+01 5.350000000000002132e+01 6.039999999999999858e+01 0.000000000000000000e+00 5.625000000000000000e+01 1.972957600827301050e+01 2.267058442958809650e+01 2.760071942446043280e+01 0.000000000000000000e+00 2.867567567567568076e+01 4.965384615384615330e+01 3.095689655172413168e+01 4.949999999999996447e+01 3.323267326732673155e+01 0.000000000000000000e+00 0.000000000000000000e+00 6.299999999999995026e+01 0.000000000000000000e+00 0.000000000000000000e+00 0.000000000000000000e+00 5.016666666666665719e+01 4.758333333333330728e+01 5.599999999999997158e+01 4.599999999999998579e+01 0.000000000000000000e+00 0.000000000000000000e+00 4.899999999999996447e+01 3.683333333333327886e+01 3.104999999999998295e+01 5.149999999999998579e+01 0.000000000000000000e+00 0.000000000000000000e+00 0.000000000000000000e+00 0.000000000000000000e+00 0.000000000000000000e+00 0.000000000000000000e+00 0.000000000000000000e+00 0.000000000000000000e+00 0.000000000000000000e+00 0.000000000000000000e+00 0.000000000000000000e+00 0.000000000000000000e+00 0.000000000000000000e+00 6.400000000000000000e+01 0.000000000000000000e+00 0.000000000000000000e+00 0.000000000000000000e+00 0.000000000000000000e+00 3.749999999999997158e+01 4.975000000000001421e+01 4.874999999999997158e+01 0.000000000000000000e+00 0.000000000000000000e+00 0.000000000000000000e+00 0.000000000000000000e+00 6.300000000000001421e+01 0.000000000000000000e+00
0.000000000000000000e+00 0.000000000000000000e+00 0.000000000000000000e+00 5.767923133776790223e+00 1.501382823871906247e+01 2.578056593699945509e+01 3.235135135135134021e+01 2.502443438914026075e+01 3.024985034420831909e+01 1.543770221777750962e+01 2.306409254337970793e+01 1.630257958287595699e+01 1.936639962299717155e+01 1.087962328767123310e+01 3.606824146981626455e+01 2.513210111443325800e+01 1.847160978556326683e+01 2.267401852668724871e+01 4.255635245901639507e+01 7.399999999999995737e+01 0.000000000000000000e+00 0.000000000000000000e+00 9.149999999999998579e+01 8.549999999999998579e+01 9.650000000000002842e+01 6.466666666666667140e+01 6.983333333333330017e+01 6.300000000000000000e+01 3.125526024363233546e+01 4.301670644391408160e+01 5.667857142857143060e+01 3.997550432276656807e+01 4.001693667157584855e+01 0.000000000000000000e+00 7.300000000000000000e+01 0.000000000000000000e+00 7.475000000000000000e+01 2.575186674325100000e+01 2.947175388657760919e+01 3.342832764505119769e+01 0.000000000000000000e+00 4.381595092024539895e+01 6.127272727272725916e+01 4.014583333333333570e+01 3.899999999999998579e+01 3.913306451612903203e+01 0.000000000000000000e+00 4.883333333333332149e+01 0.000000000000000000e+00 0.000000000000000000e+00 5.649999999999994316e+01 4.742857142857139507e+01 5.291176470588231240e+01 5.012499999999997868e+01 1.090517241379309610e+01 5.339999999999997726e+01 1.500000000000000533e+01 0.000000000000000000e+00 4.072222222222219301e+01 2.719230769230767208e+01 2.774999999999998934e+01 5.603333333333333144e+01 0.000000000000000000e+00 0.000000000000000000e+00 0.000000000000000000e+00 0.000000000000000000e+00 0.000000000000000000e+00 0.000000000000000000e+00 0.000000000000000000e+00 0.000000000000000000e+00 0.000000000000000000e+00 4.866666666666662167e+01 9.350000000000001421e+01 7.599999999999998579e+01 6.224999999999998579e+01 6.333333333333332149e+01 0.000000000000000000e+00 0.000000000000000000e+00 0.000000000000000000e+00 0.000000000000000000e+00 3.881249999999995737e+01 5.310000000000000142e+01 4.516666666666665719e+01 0.000000000000000000e+00 6.400000000000001421e+01 0.000000000000000000e+00 5.850000000000000711e+01 5.724999999999996447e+01 0.000000000000000000e+00
0.000000000000000000e+00 0.000000000000000000e+00 0.000000000000000000e+00 6.950000000000001421e+01 5.884615384615382538e+01 5.618478260869564167e+01 4.218750000000000000e+01 3.126315789473683182e+01 1.019184168012924019e+01 4.280518018018016591e+01 1.434630305796440197e+01 1.936639962299717155e+01 1.323925522994560389e+01 8.291151594014314341e+00 2.350657108721624766e+01 4.967948717948715398e+01 3.717187499999998579e+01 2.393826086956522303e+01 3.699322799097065229e+01 6.374999999999998579e+01 6.175000000000000000e+01 5.874999999999999289e+01 7.249999999999998579e+01 0.000000000000000000e+00 5.404999999999999716e+01 1.245564516129032206e+01 4.270833333333332149e+01 4.651388888888889994e+01 1.789951847114588901e+01 2.694892929979605611e+01 4.431446540880503449e+01 2.838326168726491616e+01 3.227757685352622019e+01 5.207692307692308731e+01 5.833333333333333570e+01 6.583333333333332860e+01 4.983928571428571530e+01 2.717054655870445501e+01 2.648225244650854648e+01 3.066075745366639893e+01 0.000000000000000000e+00 3.045681818181818556e+01 5.046774193548387188e+01 3.691806722689075571e+01 5.100000000000000000e+01 3.682012195121951237e+01 0.000000000000000000e+00 0.000000000000000000e+00 7.149999999999991473e+01 0.000000000000000000e+00 0.000000000000000000e+00 0.000000000000000000e+00 7.774999999999997158e+01 5.189999999999999147e+01 5.374999999999996447e+01 5.162499999999995737e+01 0.000000000000000000e+00 7.100000000000002842e+01 0.000000000000000000e+00 0.000000000000000000e+00 4.288461538461536549e+01 4.749999999999999289e+01 0.000000000000000000e+00 0.000000000000000000e+00 0.000000000000000000e+00 0.000000000000000000e+00 0.000000000000000000e+00 0.000000000000000000e+00 0.000000000000000000e+00 0.000000000000000000e+00 0.000000000000000000e+00 0.000000000000000000e+00 6.849999999999995737e+01 0.000000000000000000e+00 9.949999999999994316e+01 0.000000000000000000e+00 0.000000000000000000e+00 0.000000000000000000e+00 0.000000000000000000e+00 0.000000000000000000e+00 3.974999999999998579e+01 5.489999999999997726e+01 4.799999999999996447e+01 0.000000000000000000e+00 0.000000000000000000e+00 0.000000000000000000e+00 6.599999999999998579e+01 0.000000000000000000e+00 0.000000000000000000e+00
0.000000000000000000e+00 0.000000000000000000e+00 0.000000000000000000e+00 0.000000000000000000e+00 7.050000000000001421e+01 5.849999999999992895e+01 0.000000000000000000e+00 0.000000000000000000e+00 4.750000000000000000e+01 4.356249999999999289e+01 3.983333333333334281e+01 1.087962328767123310e+01 8.291151594014314341e+00 8.922713864306784259e+00 2.442857142857142705e+01 5.687499999999998579e+01 3.199999999999998579e+01 8.063253012048189561e+00 2.300000000000000000e+01 0.000000000000000000e+00 0.000000000000000000e+00 0.000000000000000000e+00 0.000000000000000000e+00 0.000000000000000000e+00 4.275000000000002132e+01 3.774999999999999289e+01 3.666666666666665719e+01 4.050000000000000000e+01 1.134076227390180946e+01 2.862048192771084487e+01 3.675000000000000000e+01 1.518926553672316437e+01 1.530421686746987930e+01 0.000000000000000000e+00 0.000000000000000000e+00 0.000000000000000000e+00 0.000000000000000000e+00 2.937500000000000000e+01 3.105803571428571530e+01 2.898717948717949255e+01 0.000000000000000000e+00 2.225000000000000000e+01 0.000000000000000000e+00 3.762500000000000000e+01 0.000000000000000000e+00 3.518181818181817988e+01 0.000000000000000000e+00 0.000000000000000000e+00 0.000000000000000000e+00 0.000000000000000000e+00 0.000000000000000000e+00 0.000000000000000000e+00 0.000000000000000000e+00 0.000000000000000000e+00 0.000000000000000000e+00 0.000000000000000000e+00 0.000000000000000000e+00 0.000000000000000000e+00 0.000000000000000000e+00 0.000000000000000000e+00 0.000000000000000000e+00 0.000000000000000000e+00 0.000000000000000000e+00 0.000000000000000000e+00 0.000000000000000000e+00 0.000000000000000000e+00 0.000000000000000000e+00 0.000000000000000000e+00 0.000000000000000000e+00 0.000000000000000000e+00 0.000000000000000000e+00 0.000000000000000000e+00 0.000000000000000000e+00 0.000000000000000000e+00 0.000000000000000000e+00 0.000000000000000000e+00 0.000000000000000000e+00 0.000000000000000000e+00 0.000000000000000000e+00 0.000000000000000000e+00 0.000000000000000000e+00 0.000000000000000000e+00 0.000000000000000000e+00 0.000000000000000000e+00 0.000000000000000000e+00 0.000000000000000000e+00 0.000000000000000000e+00 0.000000000000000000e+00 0.000000000000000000e+00
0.000000000000000000e+00 0.000000000000000000e+00 0.000000000000000000e+00 3.829999999999996874e+01 3.027358490566036764e+01 2.523333333333331652e+01 4.166666666666664298e+01 3.520629921259840245e+01 2.202702702702702098e+01 3.665690607734804729e+01 2.201286391333784564e+01 3.606824146981626455e+01 2.350657108721624766e+01 2.442857142857142705e+01 1.064524090567657133e+01 4.024766355140184970e+01 3.183552631578946190e+01 2.111144578313253106e+01 2.098709677419354236e+01 1.448076923076922995e+01 1.861989795918366752e+01 2.873529411764705088e+01 2.460382513661202353e+01 1.394798301486198788e+01 2.368817204301075208e+01 2.048080043266630312e+01 1.591927409261576720e+01 2.738687392055267367e+01 2.007571428571428740e+01 2.497269180754226170e+01 3.622654320987653165e+01 2.835226781857451428e+01 2.923924731182794901e+01 4.299999999999999289e+01 4.719871794871794179e+01 3.750000000000000000e+01 3.379199999999999449e+01 2.440938864628821037e+01 7.967438418437463810e+00 1.693439716312057186e+01 0.000000000000000000e+00 2.097325102880658321e+01 1.328522139160437021e+01 1.087642276422764454e+01 3.949999999999997868e+01 2.074105865522173886e+01 0.000000000000000000e+00 6.800000000000001421e+01 0.000000000000000000e+00 0.000000000000000000e+00 6.699999999999994316e+01 6.124999999999995737e+01 6.383333333333327886e+01 6.550000000000001421e+01 5.749999999999998579e+01 7.106250000000000000e+01 0.000000000000000000e+00 5.483333333333329307e+01 5.037499999999998579e+01 3.381818181818180591e+01 2.766666666666666785e+01 3.717499999999999005e+01 0.000000000000000000e+00 0.000000000000000000e+00 0.000000000000000000e+00 0.000000000000000000e+00 0.000000000000000000e+00 0.000000000000000000e+00 0.000000000000000000e+00 0.000000000000000000e+00 8.500000000000001421e+01 0.000000000000000000e+00 4.959999999999998010e+01 0.000000000000000000e+00 6.649999999999998579e+01 3.728571428571427759e+01 0.000000000000000000e+00 0.000000000000000000e+00 0.000000000000000000e+00 0.000000000000000000e+00 3.199999999999996447e+01 5.549999999999998579e+01 4.799999999999994316e+01 0.000000000000000000e+00 3.348611111111110006e+01 3.150000000000000000e+01 5.049999999999997158e+01 0.000000000000000000e+00 0.000000000000000000e+00
0.000000000000000000e+00 0.000000000000000000e+00 0.000000000000000000e+00 1.929999999999997939e+01 1.236633663366335867e+01 1.967277486910993645e+01 2.599999999999996092e+01 1.984253246753246103e+01 3.318590831918506012e+01 1.813580246913578975e+01 3.725974025974024073e+01 2.513210111443325800e+01 4.967948717948715398e+01 5.687499999999998579e+01 4.024766355140184970e+01 6.944177093358996800e+00 1.354243991481593667e+01 3.493678756476682423e+01 5.375176233635445300e+01 0.000000000000000000e+00 0.000000000000000000e+00 0.000000000000000000e+00 0.000000000000000000e+00 0.000000000000000000e+00 0.000000000000000000e+00 7.662499999999997158e+01 1.095000000000000000e+02 8.531249999999997158e+01 6.504166666666665719e+01 6.924545454545453538e+01 7.941666666666664298e+01 7.432258064516126694e+01 6.026041666666665009e+01 0.000000000000000000e+00 0.000000000000000000e+00 0.000000000000000000e+00 0.000000000000000000e+00 1.196040034812879860e+01 2.376635085574570283e+01 4.329545454545453254e+01 0.000000000000000000e+00 6.699358974358969476e+01 7.123913043478259510e+01 6.512500000000000000e+01 9.481636060100155916e+00 4.835714285714283989e+01 0.000000000000000000e+00 2.074999999999999289e+01 4.199999999999996447e+01 0.000000000000000000e+00 3.566666666666660035e+01 4.161764705882347926e+01 3.859615384615381117e+01 5.118181818181812304e+01 4.010869565217387844e+01 6.408333333333330017e+01 0.000000000000000000e+00 6.675000000000000000e+01 1.546874999999998757e+01 1.865217391304346251e+01 3.754166666666663588e+01 5.106060606060604812e+01 0.000000000000000000e+00 0.000000000000000000e+00 0.000000000000000000e+00 0.000000000000000000e+00 0.000000000000000000e+00 0.000000000000000000e+00 0.000000000000000000e+00 0.000000000000000000e+00 0.000000000000000000e+00 6.849999999999997158e+01 7.249999999999994316e+01 7.725000000000000000e+01 6.566666666666662877e+01 5.225000000000002842e+01 0.000000000000000000e+00 0.000000000000000000e+00 0.000000000000000000e+00 0.000000000000000000e+00 3.140909090909086743e+01 3.789999999999997016e+01 4.824999999999996447e+01 0.000000000000000000e+00 0.000000000000000000e+00 6.349999999999991473e+01 0.000000000000000000e+00 2.549999999999997868e+01 6.049999999999993605e+01
0.000000000000000000e+00 0.000000000000000000e+00 0.000000000000000000e+00 3.549999999999997158e+01 2.789999999999999147e+01 3.373684210526315042e+01 3.250000000000000711e+01 1.846764705882351976e+01 2.644050218340611025e+01 2.658992805755394073e+01 2.277835051546390943e+01 1.847160978556326683e+01 3.717187499999998579e+01 3.199999999999998579e+01 3.183552631578946190e+01 1.354243991481593667e+01 9.855903432666913488e+00 1.593131132917037718e+01 3.612956810631227711e+01 0.000000000000000000e+00 0.000000000000000000e+00 0.000000000000000000e+00 9.300000000000000000e+01 0.000000000000000000e+00 0.000000000000000000e+00 6.459999999999998010e+01 5.999999999999997868e+01 6.900000000000000000e+01 4.577631578947367075e+01 4.840140845070420994e+01 5.781249999999998579e+01 5.612068965517239860e+01 3.860919540229883751e+01 0.000000000000000000e+00 0.000000000000000000e+00 0.000000000000000000e+00 0.000000000000000000e+00 1.841566265060239971e+01 2.523287143956888201e+01 3.256521739130433701e+01 0.000000000000000000e+00 4.821249999999998437e+01 5.599999999999997868e+01 5.471428571428571530e+01 3.427083333333332860e+01 4.075000000000000000e+01 0.000000000000000000e+00 3.392857142857140218e+01 4.612500000000001421e+01 0.000000000000000000e+00 3.343749999999997158e+01 2.984285714285711677e+01 3.337499999999996447e+01 3.399999999999997158e+01 2.853571428571427049e+01 4.466666666666666430e+01 0.000000000000000000e+00 3.249999999999996447e+01 1.995555555555554150e+01 1.266666666666665186e+01 1.612903225806450536e+01 3.451470588235292780e+01 0.000000000000000000e+00 0.000000000000000000e+00 0.000000000000000000e+00 0.000000000000000000e+00 0.000000000000000000e+00 0.000000000000000000e+00 0.000000000000000000e+00 0.000000000000000000e+00 0.000000000000000000e+00 5.775000000000002842e+01 0.000000000000000000e+00 6.950000000000000000e+01 5.224999999999998579e+01 4.379999999999997584e+01 0.000000000000000000e+00 0.000000000000000000e+00 0.000000000000000000e+00 0.000000000000000000e+00 2.991176470588233727e+01 3.424999999999997158e+01 4.924999999999994316e+01 0.000000000000000000e+00 0.000000000000000000e+00 4.750000000000002842e+01 0.000000000000000000e+00 3.150000000000000000e+01 3.899999999999995026e+01
