0.000000000000000000e+00 0.000000000000000000e+00 0.000000000000000000e+00 0.000000000000000000e+00 0.000000000000000000e+00 0.000000000000000000e+00 0.000000000000000000e+00 0.000000000000000000e+00 0.000000000000000000e+00 0.000000000000000000e+00 0.000000000000000000e+00 0.000000000000000000e+00 0.000000000000000000e+00 0.000000000000000000e+00 0.000000000000000000e+00 0.000000000000000000e+00 0.000000000000000000e+00 0.000000000000000000e+00 0.000000000000000000e+00 0.000000000000000000e+00 0.000000000000000000e+00 0.000000000000000000e+00 0.000000000000000000e+00 0.000000000000000000e+00 0.000000000000000000e+00 0.000000000000000000e+00 0.000000000000000000e+00 0.000000000000000000e+00 0.000000000000000000e+00 0.000000000000000000e+00 0.000000000000000000e+00 0.000000000000000000e+00 0.000000000000000000e+00 0.000000000000000000e+00 0.000000000000000000e+00 0.000000000000000000e+00 0.000000000000000000e+00 0.000000000000000000e+00 0.000000000000000000e+00 0.000000000000000000e+00 0.000000000000000000e+00 0.000000000000000000e+00 0.000000000000000000e+00 0.000000000000000000e+00 0.000000000000000000e+00 0.000000000000000000e+00 0.000000000000000000e+00 0.000000000000000000e+00 0.000000000000000000e+00 0.000000000000000000e+00 0.000000000000000000e+00 0.000000000000000000e+00 0.000000000000000000e+00 0.000000000000000000e+00 0.000000000000000000e+00 0.000000000000000000e+00 0.000000000000000000e+00 0.000000000000000000e+00 0.000000000000000000e+00 0.000000000000000000e+00 0.000000000000000000e+00 0.000000000000000000e+00 0.000000000000000000e+00 0.000000000000000000e+00 0.000000000000000000e+00 0.000000000000000000e+00 0.000000000000000000e+00 0.000000000000000000e+00 0.000000000000000000e+00 0.000000000000000000e+00 0.000000000000000000e+00 0.000000000000000000e+00 0.000000000000000000e+00 0.000000000000000000e+00 0.000000000000000000e+00 0.000000000000000000e+00 0.000000000000000000e+00 0.000000000000000000e+00 0.000000000000000000e+00 0.000000000000000000e+00 0.000000000000000000e+00 0.000000000000000000e+00 0.000000000000000000e+00 0.000000000000000000e+00 0.000000000000000000e+00 0.000000000000000000e+00 0.000000000000000000e+00 0.000000000000000000e+00 0.000000000000000000e+00
0.000000000000000000e+00 0.000000000000000000e+00 0.000000000000000000e+00 0.000000000000000000e+00 0.000000000000000000e+00 0.000000000000000000e+00 0.000000000000000000e+00 0.000000000000000000e+00 0.000000000000000000e+00 0.000000000000000000e+00 0.000000000000000000e+00 0.000000000000000000e+00 0.000000000000000000e+00 0.000000000000000000e+00 0.000000000000000000e+00 0.000000000000000000e+00 0.000000000000000000e+00 0.000000000000000000e+00 0.000000000000000000e+00 0.000000000000000000e+00 0.000000000000000000e+00 0.000000000000000000e+00 0.000000000000000000e+00 0.000000000000000000e+00 0.000000000000000000e+00 0.000000000000000000e+00 0.000000000000000000e+00 0.000000000000000000e+00 0.000000000000000000e+00 0.000000000000000000e+00 0.000000000000000000e+00 0.000000000000000000e+00 0.000000000000000000e+00 0.000000000000000000e+00 0.000000000000000000e+00 0.000000000000000000e+00 0.000000000000000000e+00 0.000000000000000000e+00 0.000000000000000000e+00 0.000000000000000000e+00 0.000000000000000000e+00 0.000000000000000000e+00 0.000000000000000000e+00 0.000000000000000000e+00 0.000000000000000000e+00 0.000000000000000000e+00 0.000000000000000000e+00 0.000000000000000000e+00 0.000000000000000000e+00 0.000000000000000000e+00 0.000000000000000000e+00 0.000000000000000000e+00 0.000000000000000000e+00 0.000000000000000000e+00 0.000000000000000000e+00 0.000000000000000000e+00 0.000000000000000000e+00 0.000000000000000000e+00 0.000000000000000000e+00 0.000000000000000000e+00 0.000000000000000000e+00 0.000000000000000000e+00 0.000000000000000000e+00 0.000000000000000000e+00 0.000000000000000000e+00 0.000000000000000000e+00 0.000000000000000000e+00 0.000000000000000000e+00 0.000000000000000000e+00 0.000000000000000000e+00 0.000000000000000000e+00 0.000000000000000000e+00 0.000000000000000000e+00 0.000000000000000000e+00 0.000000000000000000e+00 0.000000000000000000e+00 0.000000000000000000e+00 0.000000000000000000e+00 0.000000000000000000e+00 0.000000000000000000e+00 0.000000000000000000e+00 0.000000000000000000e+00 0.000000000000000000e+00 0.000000000000000000e+00 0.000000000000000000e+00 0.000000000000000000e+00 0.000000000000000000e+00 0.000000000000000000e+00 0.000000000000000000e+00
0.000000000000000000e+00 0.000000000000000000e+00 0.000000000000000000e+00 0.000000000000000000e+00 0.000000000000000000e+00 0.000000000000000000e+00 0.000000000000000000e+00 0.000000000000000000e+00 0.000000000000000000e+00 0.000000000000000000e+00 0.000000000000000000e+00 0.000000000000000000e+00 0.000000000000000000e+00 0.000000000000000000e+00 0.000000000000000000e+00 0.000000000000000000e+00 0.000000000000000000e+00 0.000000000000000000e+00 0.000000000000000000e+00 0.000000000000000000e+00 0.000000000000000000e+00 0.000000000000000000e+00 0.000000000000000000e+00 0.000000000000000000e+00 0.000000000000000000e+00 0.000000000000000000e+00 0.000000000000000000e+00 0.000000000000000000e+00 0.000000000000000000e+00 0.000000000000000000e+00 0.000000000000000000e+00 0.000000000000000000e+00 0.000000000000000000e+00 0.000000000000000000e+00 0.000000000000000000e+00 0.000000000000000000e+00 0.000000000000000000e+00 0.000000000000000000e+00 0.000000000000000000e+00 0.000000000000000000e+00 0.000000000000000000e+00 0.000000000000000000e+00 0.000000000000000000e+00 0.000000000000000000e+00 0.000000000000000000e+00 0.000000000000000000e+00 0.000000000000000000e+00 0.000000000000000000e+00 0.000000000000000000e+00 0.000000000000000000e+00 0.000000000000000000e+00 0.000000000000000000e+00 0.000000000000000000e+00 0.000000000000000000e+00 0.000000000000000000e+00 0.000000000000000000e+00 0.000000000000000000e+00 0.000000000000000000e+00 0.000000000000000000e+00 0.000000000000000000e+00 0.000000000000000000e+00 0.000000000000000000e+00 0.000000000000000000e+00 0.000000000000000000e+00 0.000000000000000000e+00 0.000000000000000000e+00 0.000000000000000000e+00 0.000000000000000000e+00 0.000000000000000000e+00 0.000000000000000000e+00 0.000000000000000000e+00 0.000000000000000000e+00 0.000000000000000000e+00 0.000000000000000000e+00 0.000000000000000000e+00 0.000000000000000000e+00 0.000000000000000000e+00 0.000000000000000000e+00 0.000000000000000000e+00 0.000000000000000000e+00 0.000000000000000000e+00 0.000000000000000000e+00 0.000000000000000000e+00 0.000000000000000000e+00 0.000000000000000000e+00 0.000000000000000000e+00 0.000000000000000000e+00 0.000000000000000000e+00 0.000000000000000000e+00
0.000000000000000000e+00 0.000000000000000000e+00 0.000000000000000000e+00 5.824224519940910838e+00 7.200723327305603938e+00 1.165598290598290099e+01 3.049999999999999289e+01 3.358333333333332860e+01 4.133333333333331439e+01 9.417981072555198452e+00 4.775000000000000000e+01 6.233708530805687431e+00 5.674999999999997158e+01 0.000000000000000000e+00 3.519999999999999574e+01 2.880952380952378888e+01 0.000000000000000000e+00 0.000000000000000000e+00 6.599999999999995737e+01 0.000000000000000000e+00 0.000000000000000000e+00 0.000000000000000000e+00 0.000000000000000000e+00 0.000000000000000000e+00 0.000000000000000000e+00 0.000000000000000000e+00 0.000000000000000000e+00 0.000000000000000000e+00 0.000000000000000000e+00 0.000000000000000000e+00 0.000000000000000000e+00 7.950000000000000000e+01 9.000000000000005684e+01 0.000000000000000000e+00 0.000000000000000000e+00 0.000000000000000000e+00 0.000000000000000000e+00 2.861363636363634555e+01 3.224999999999997158e+01 4.749999999999998579e+01 0.000000000000000000e+00 0.000000000000000000e+00 0.000000000000000000e+00 0.000000000000000000e+00 3.349999999999997158e+01 0.000000000000000000e+00 0.000000000000000000e+00 0.000000000000000000e+00 0.000000000000000000e+00 0.000000000000000000e+00 0.000000000000000000e+00 0.000000000000000000e+00 0.000000000000000000e+00 0.000000000000000000e+00 0.000000000000000000e+00 0.000000000000000000e+00 0.000000000000000000e+00 0.000000000000000000e+00 0.000000000000000000e+00 0.000000000000000000e+00 0.000000000000000000e+00 0.000000000000000000e+00 0.000000000000000000e+00 0.000000000000000000e+00 0.000000000000000000e+00 0.000000000000000000e+00 0.000000000000000000e+00 0.000000000000000000e+00 0.000000000000000000e+00 0.000000000000000000e+00 0.000000000000000000e+00 0.000000000000000000e+00 0.000000000000000000e+00 0.000000000000000000e+00 0.000000000000000000e+00 0.000000000000000000e+00 0.000000000000000000e+00 0.000000000000000000e+00 0.000000000000000000e+00 0.000000000000000000e+00 0.000000000000000000e+00 0.000000000000000000e+00 0.000000000000000000e+00 0.000000000000000000e+00 0.000000000000000000e+00 0.000000000000000000e+00 0.000000000000000000e+00 0.000000000000000000e+00 0.000000000000000000e+00
0.000000000000000000e+00 0.000000000000000000e+00 0.000000000000000000e+00 7.200723327305603938e+00 9.545247873276613504e+00 9.023515551366630305e+00 2.464893617021276029e+01 2.461055276381908641e+01 3.834210526315789025e+01 1.525921828908554012e+01 4.106060606060604101e+01 1.468576388888888395e+01 5.579999999999997584e+01 6.483333333333330017e+01 2.680327868852457840e+01 1.328772727272726506e+01 2.806081081081079986e+01 5.178048780487801395e+01 6.561538461538459899e+01 0.000000000000000000e+00 0.000000000000000000e+00 0.000000000000000000e+00 0.000000000000000000e+00 0.000000000000000000e+00 0.000000000000000000e+00 1.080000000000000000e+02 0.000000000000000000e+00 0.000000000000000000e+00 6.799999999999998579e+01 6.964285714285712459e+01 0.000000000000000000e+00 7.896551724137928829e+01 7.266071428571426338e+01 0.000000000000000000e+00 1.049999999999999716e+02 0.000000000000000000e+00 0.000000000000000000e+00 1.288600167644592531e+01 2.009370794078060385e+01 4.131249999999997158e+01 0.000000000000000000e+00 0.000000000000000000e+00 0.000000000000000000e+00 0.000000000000000000e+00 6.107176141658896995e+00 2.129999999999999005e+01 0.000000000000000000e+00 0.000000000000000000e+00 0.000000000000000000e+00 0.000000000000000000e+00 0.000000000000000000e+00 0.000000000000000000e+00 4.299999999999999289e+01 0.000000000000000000e+00 4.887499999999997868e+01 0.000000000000000000e+00 0.000000000000000000e+00 0.000000000000000000e+00 2.999999999999997513e+01 4.299999999999993605e+01 5.933333333333328596e+01 0.000000000000000000e+00 0.000000000000000000e+00 0.000000000000000000e+00 0.000000000000000000e+00 0.000000000000000000e+00 0.000000000000000000e+00 0.000000000000000000e+00 0.000000000000000000e+00 0.000000000000000000e+00 0.000000000000000000e+00 0.000000000000000000e+00 0.000000000000000000e+00 0.000000000000000000e+00 0.000000000000000000e+00 0.000000000000000000e+00 0.000000000000000000e+00 0.000000000000000000e+00 0.000000000000000000e+00 0.000000000000000000e+00 2.567857142857140573e+01 4.999999999999991473e+01 0.000000000000000000e+00 0.000000000000000000e+00 0.000000000000000000e+00 0.000000000000000000e+00 0.000000000000000000e+00 1.427777777777776258e+01 2.387500000000000355e+01
0.000000000000000000e+00 0.000000000000000000e+00 0.000000000000000000e+00 1.165598290598290099e+01 9.023515551366630305e+00 1.454748770579430328e+01 9.413284632034628174e+00 1.357672849915682356e+01 3.180878552971574891e+01 1.663710499490315442e+01 4.229133858267714174e+01 2.414599406528189007e+01 5.393859649122805422e+01 6.249999999999997158e+01 2.316598360655736855e+01 2.115192083818392277e+01 3.224999999999998579e+01 5.089772727272725206e+01 6.964062499999997158e+01 0.000000000000000000e+00 0.000000000000000000e+00 0.000000000000000000e+00 0.000000000000000000e+00 2.749999999999997868e+01 2.399999999999998579e+01 3.633333333333332149e+01 0.000000000000000000e+00 0.000000000000000000e+00 7.138888888888885731e+01 6.951351351351348740e+01 7.216666666666664298e+01 8.161971830985912391e+01 7.815131578947365654e+01 8.341666666666664298e+01 1.054999999999999716e+02 8.299999999999994316e+01 0.000000000000000000e+00 1.877029360967183536e+01 2.043094344050690836e+01 3.512698412698411232e+01 0.000000000000000000e+00 4.519999999999997442e+01 4.099999999999999289e+01 2.278571428571427759e+01 2.026287262872627082e+01 5.177777777777776436e+01 0.000000000000000000e+00 0.000000000000000000e+00 0.000000000000000000e+00 0.000000000000000000e+00 5.616666666666662877e+01 0.000000000000000000e+00 5.449999999999995026e+01 0.000000000000000000e+00 5.269999999999996732e+01 8.050000000000000000e+01 0.000000000000000000e+00 0.000000000000000000e+00 3.293999999999998352e+01 3.599999999999999289e+01 0.000000000000000000e+00 0.000000000000000000e+00 0.000000000000000000e+00 0.000000000000000000e+00 0.000000000000000000e+00 0.000000000000000000e+00 0.000000000000000000e+00 0.000000000000000000e+00 0.000000000000000000e+00 0.000000000000000000e+00 0.000000000000000000e+00 0.000000000000000000e+00 0.000000000000000000e+00 0.000000000000000000e+00 0.000000000000000000e+00 0.000000000000000000e+00 0.000000000000000000e+00 0.000000000000000000e+00 0.000000000000000000e+00 0.000000000000000000e+00 2.838636363636360471e+01 5.129166666666662877e+01 0.000000000000000000e+00 0.000000000000000000e+00 0.000000000000000000e+00 0.000000000000000000e+00 0.000000000000000000e+00 3.258333333333329307e+01 3.999999999999997868e+01
0.000000000000000000e+00 0.000000000000000000e+00 0.000000000000000000e+00 3.049999999999999289e+01 2.464893617021276029e+01 9.413284632034628174e+00 8.025651222907134397e+00 7.630412762724737341e+00 2.111999999999999389e+01 1.304842735896155403e+01 4.029999999999996874e+01 3.461842105263157521e+01 4.489999999999999147e+01 0.000000000000000000e+00 3.024242424242422800e+01 2.378947368421052033e+01 0.000000000000000000e+00 4.799999999999996447e+01 0.000000000000000000e+00 0.000000000000000000e+00 0.000000000000000000e+00 0.000000000000000000e+00 0.000000000000000000e+00 0.000000000000000000e+00 0.000000000000000000e+00 0.000000000000000000e+00 0.000000000000000000e+00 0.000000000000000000e+00 7.200000000000001421e+01 4.899999999999994316e+01 0.000000000000000000e+00 8.292857142857141639e+01 7.249999999999998579e+01 8.049999999999998579e+01 0.000000000000000000e+00 0.000000000000000000e+00 0.000000000000000000e+00 2.966666666666665009e+01 2.788461538461536904e+01 4.659999999999996589e+01 0.000000000000000000e+00 4.799999999999997868e+01 0.000000000000000000e+00 4.499999999999998579e+01 0.000000000000000000e+00 0.000000000000000000e+00 0.000000000000000000e+00 0.000000000000000000e+00 0.000000000000000000e+00 0.000000000000000000e+00 0.000000000000000000e+00 0.000000000000000000e+00 0.000000000000000000e+00 0.000000000000000000e+00 0.000000000000000000e+00 0.000000000000000000e+00 0.000000000000000000e+00 0.000000000000000000e+00 0.000000000000000000e+00 0.000000000000000000e+00 0.000000000000000000e+00 0.000000000000000000e+00 0.000000000000000000e+00 0.000000000000000000e+00 0.000000000000000000e+00 0.000000000000000000e+00 0.000000000000000000e+00 0.000000000000000000e+00 0.000000000000000000e+00 0.000000000000000000e+00 0.000000000000000000e+00 0.000000000000000000e+00 0.000000000000000000e+00 0.000000000000000000e+00 0.000000000000000000e+00 0.000000000000000000e+00 0.000000000000000000e+00 0.000000000000000000e+00 0.000000000000000000e+00 0.000000000000000000e+00 0.000000000000000000e+00 0.000000000000000000e+00 0.000000000000000000e+00 0.000000000000000000e+00 0.000000000000000000e+00 0.000000000000000000e+00 0.000000000000000000e+00 3.399999999999995026e+01 0.000000000000000000e+00
0.000000000000000000e+00 0.000000000000000000e+00 0.000000000000000000e+00 3.358333333333332860e+01 2.461055276381908641e+01 1.357672849915682356e+01 7.630412762724737341e+00 8.489581140812457960e+00 8.255322209436132042e+00 1.781083318006252725e+01 3.365624999999999289e+01 2.464542343883660180e+01 3.380769230769229239e+01 6.100000000000000711e+01 3.443107221006562924e+01 2.228166351606804696e+01 2.637012987012985832e+01 5.149999999999996447e+01 6.814285714285712459e+01 0.000000000000000000e+00 0.000000000000000000e+00 0.000000000000000000e+00 0.000000000000000000e+00 0.000000000000000000e+00 4.400000000000002132e+01 0.000000000000000000e+00 3.999999999999998579e+01 6.299999999999994316e+01 4.586666666666665293e+01 4.006666666666665577e+01 7.307142857142855519e+01 6.816304347826086030e+01 6.677419354838708898e+01 6.900000000000000000e+01 8.529999999999998295e+01 0.000000000000000000e+00 0.000000000000000000e+00 2.562755102040815558e+01 2.665090909090907445e+01 3.481818181818180591e+01 0.000000000000000000e+00 0.000000000000000000e+00 4.774999999999995737e+01 5.599999999999997158e+01 2.681249999999999289e+01 5.012500000000000000e+01 0.000000000000000000e+00 0.000000000000000000e+00 0.000000000000000000e+00 0.000000000000000000e+00 4.649999999999997158e+01 0.000000000000000000e+00 5.149999999999995026e+01 0.000000000000000000e+00 5.616666666666662167e+01 0.000000000000000000e+00 0.000000000000000000e+00 0.000000000000000000e+00 2.266666666666666075e+01 3.924999999999997868e+01 7.500000000000000000e+01 0.000000000000000000e+00 0.000000000000000000e+00 0.000000000000000000e+00 0.000000000000000000e+00 0.000000000000000000e+00 0.000000000000000000e+00 0.000000000000000000e+00 0.000000000000000000e+00 0.000000000000000000e+00 0.000000000000000000e+00 0.000000000000000000e+00 0.000000000000000000e+00 0.000000000000000000e+00 0.000000000000000000e+00 0.000000000000000000e+00 0.000000000000000000e+00 0.000000000000000000e+00 0.000000000000000000e+00 0.000000000000000000e+00 0.000000000000000000e+00 5.699999999999997868e+01 0.000000000000000000e+00 0.000000000000000000e+00 0.000000000000000000e+00 0.000000000000000000e+00 0.000000000000000000e+00 0.000000000000000000e+00 0.000000000000000000e+00
0.000000000000000000e+00 0.000000000000000000e+00 0.000000000000000000e+00 4.133333333333331439e+01 3.834210526315789025e+01 3.180878552971574891e+01 2.111999999999999389e+01 8.255322209436132042e+00 1.148541496769336590e+01 2.118347364568081304e+01 2.195502645502645578e+01 3.142517006802719948e+01 9.666438590489223159e+00 5.516666666666666430e+01 2.343680052666226743e+01 3.143463302752292776e+01 2.771575984990618480e+01 4.455882352941175384e+01 6.485714285714284699e+01 0.000000000000000000e+00 5.812499999999999289e+01 0.000000000000000000e+00 4.800000000000001421e+01 0.000000000000000000e+00 0.000000000000000000e+00 5.611538461538460609e+01 2.587499999999998579e+01 4.663333333333332575e+01 2.432142857142856585e+01 2.587740740740739653e+01 5.543023255813952233e+01 5.899572649572649397e+01 5.810389610389610482e+01 5.908333333333333570e+01 6.957692307692306599e+01 5.719999999999998863e+01 6.605555555555555713e+01 2.386869009584664170e+01 1.643078055964653927e+01 2.523202614379085418e+01 0.000000000000000000e+00 3.228571428571429180e+01 5.999999999999999289e+01 3.242857142857143060e+01 2.974999999999998934e+01 3.084955752212389513e+01 0.000000000000000000e+00 4.899999999999995026e+01 0.000000000000000000e+00 0.000000000000000000e+00 0.000000000000000000e+00 5.999999999999994316e+01 5.983333333333329307e+01 5.849999999999992184e+01 5.142307692307687006e+01 5.999999999999996447e+01 0.000000000000000000e+00 0.000000000000000000e+00 4.575000000000000000e+01 3.115624999999998934e+01 4.699999999999998579e+01 0.000000000000000000e+00 0.000000000000000000e+00 0.000000000000000000e+00 0.000000000000000000e+00 0.000000000000000000e+00 0.000000000000000000e+00 0.000000000000000000e+00 0.000000000000000000e+00 0.000000000000000000e+00 0.000000000000000000e+00 0.000000000000000000e+00 0.000000000000000000e+00 0.000000000000000000e+00 0.000000000000000000e+00 6.349999999999997158e+01 0.000000000000000000e+00 0.000000000000000000e+00 0.000000000000000000e+00 0.000000000000000000e+00 4.533333333333330728e+01 5.249999999999996447e+01 0.000000000000000000e+00 0.000000000000000000e+00 0.000000000000000000e+00 0.000000000000000000e+00 0.000000000000000000e+00 0.000000000000000000e+00 0.000000000000000000e+00
0.000000000000000000e+00 0.000000000000000000e+00 0.000000000000000000e+00 9.417981072555198452e+00 1.525921828908554012e+01 1.663710499490315442e+01 1.304842735896155403e+01 1.781083318006252725e+01 2.118347364568081304e+01 1.310866399410946137e+01 1.484793554884188715e+01 1.706373643905551418e+01 4.137577962577960022e+01 4.880392156862742326e+01 2.576147540983605211e+01 2.204286628278949323e+01 2.103312051077412548e+01 4.364285714285712459e+01 5.912138728323697023e+01 0.000000000000000000e+00 7.731250000000000000e+01 0.000000000000000000e+00 7.699999999999997158e+01 1.304999999999999716e+02 6.749999999999998579e+01 6.907142857142855519e+01 8.550000000000002842e+01 6.296666666666666146e+01 5.268849206349204906e+01 5.149071428571426168e+01 5.926999999999998892e+01 6.364635568513117647e+01 6.212024048096190398e+01 6.579816513761467434e+01 7.391860465116279499e+01 6.837037037037035248e+01 7.541176470588234793e+01 2.315551181102360800e+01 2.598842423610384600e+01 3.816608996539790866e+01 0.000000000000000000e+00 6.107142857142854808e+01 8.158333333333332860e+01 5.248333333333332007e+01 3.195901639344259948e+01 4.487037037037035248e+01 0.000000000000000000e+00 5.449999999999993605e+01 0.000000000000000000e+00 6.299999999999992184e+01 4.612499999999992895e+01 5.185714285714281857e+01 5.055882352941170410e+01 5.133333333333328596e+01 4.695454545454540352e+01 0.000000000000000000e+00 5.449999999999996447e+01 0.000000000000000000e+00 3.096666666666664014e+01 3.468749999999997158e+01 4.614285714285711038e+01 6.179999999999997584e+01 0.000000000000000000e+00 0.000000000000000000e+00 0.000000000000000000e+00 0.000000000000000000e+00 0.000000000000000000e+00 0.000000000000000000e+00 0.000000000000000000e+00 0.000000000000000000e+00 0.000000000000000000e+00 0.000000000000000000e+00 0.000000000000000000e+00 0.000000000000000000e+00 9.137499999999995737e+01 0.000000000000000000e+00 0.000000000000000000e+00 0.000000000000000000e+00 0.000000000000000000e+00 0.000000000000000000e+00 4.218749999999996447e+01 5.066666666666662877e+01 0.000000000000000000e+00 0.000000000000000000e+00 0.000000000000000000e+00 0.000000000000000000e+00 0.000000000000000000e+00 0.000000000000000000e+00 0.000000000000000000e+00
0.000000000000000000e+00 0.000000000000000000e+00 0.000000000000000000e+00 4.775000000000000000e+01 4.106060606060604101e+01 4.229133858267714174e+01 4.029999999999996874e+01 3.365624999999999289e+01 2.195502645502645578e+01 1.484793554884188715e+01 1.306462295815618724e+01 2.198726444398426239e+01 1.487942946289280144e+01 3.736363636363636687e+01 2.551727642276422614e+01 4.199382716049380804e+01 3.032876712328765834e+01 2.838888888888888218e+01 4.980851063829787506e+01 8.924999999999998579e+01 6.315934065934065700e+01 6.439999999999999147e+01 7.944444444444441444e+01 8.758333333333330017e+01 5.520833333333333570e+01 5.270192307692307310e+01 5.987500000000000000e+01 4.651202749140893644e+01 3.044028520499108836e+01 3.919159663865546150e+01 4.711598951507208710e+01 4.774415341440598581e+01 4.708476658476658372e+01 5.364358974358974308e+01 6.124119718309859195e+01 5.408275862068965267e+01 5.940312500000000284e+01 2.391093117408906110e+01 2.372944199706314095e+01 3.214670658682634752e+01 0.000000000000000000e+00 3.569230769230769340e+01 6.478333333333333144e+01 6.014999999999999858e+01 3.435714285714284699e+01 3.735161290322580641e+01 0.000000000000000000e+00 0.000000000000000000e+00 0.000000000000000000e+00 0.000000000000000000e+00 0.000000000000000000e+00 0.000000000000000000e+00 6.087499999999995737e+01 0.000000000000000000e+00 5.299999999999995737e+01 0.000000000000000000e+00 5.149999999999995737e+01 0.000000000000000000e+00 6.049999999999992895e+01 3.287499999999998579e+01 3.291666666666665719e+01 4.499999999999998579e+01 0.000000000000000000e+00 0.000000000000000000e+00 0.000000000000000000e+00 0.000000000000000000e+00 0.000000000000000000e+00 0.000000000000000000e+00 0.000000000000000000e+00 0.000000000000000000e+00 0.000000000000000000e+00 0.000000000000000000e+00 0.000000000000000000e+00 0.000000000000000000e+00 0.000000000000000000e+00 0.000000000000000000e+00 0.000000000000000000e+00 0.000000000000000000e+00 0.000000000000000000e+00 0.000000000000000000e+00 3.799999999999995737e+01 5.249999999999995737e+01 0.000000000000000000e+00 0.000000000000000000e+00 0.000000000000000000e+00 0.000000000000000000e+00 0.000000000000000000e+00 0.000000000000000000e+00 0.000000000000000000e+00
0.000000000000000000e+00 0.000000000000000000e+00 0.000000000000000000e+00 6.233708530805687431e+00 1.468576388888888395e+01 2.414599406528189007e+01 3.461842105263157521e+01 2.464542343883660180e+01 3.142517006802719948e+01 1.706373643905551418e+01 2.198726444398426239e+01 1.549665660356064478e+01 2.497916666666666430e+01 1.816184937816673894e+01 3.185675675675674867e+01 2.017174887892375779e+01 1.903224663359318569e+01 2.631937394247038142e+01 4.353388718845649663e+01 0.000000000000000000e+00 9.185714285714286120e+01 6.849999999999997158e+01 8.799999999999997158e+01 1.144999999999999716e+02 7.142857142857143060e+01 7.401960784313725128e+01 6.364999999999999858e+01 6.210204081632652873e+01 3.837982359426681711e+01 4.885877862595420140e+01 5.937588652482269680e+01 5.452817258883247575e+01 4.835684575389947071e+01 6.525000000000000000e+01 7.512037037037036669e+01 7.200000000000000000e+01 6.908823529411765207e+01 2.466464401294497222e+01 2.854600684204316963e+01 3.516852146263911294e+01 0.000000000000000000e+00 3.729670329670329210e+01 8.166666666666665719e+01 4.986607142857140929e+01 3.740540540540539638e+01 4.281578947368421240e+01 0.000000000000000000e+00 4.549999999999995026e+01 5.149999999999997868e+01 0.000000000000000000e+00 5.249999999999996447e+01 4.124999999999995026e+01 4.491666666666662167e+01 5.512499999999997868e+01 8.996062992125978042e+00 3.999999999999999289e+01 1.791666666666666075e+01 5.749999999999995026e+01 3.313461538461536549e+01 3.513414634146339210e+01 2.555333333333332035e+01 4.962500000000000000e+01 0.000000000000000000e+00 0.000000000000000000e+00 0.000000000000000000e+00 0.000000000000000000e+00 0.000000000000000000e+00 0.000000000000000000e+00 1.310000000000000000e+02 0.000000000000000000e+00 0.000000000000000000e+00 4.850000000000001421e+01 0.000000000000000000e+00 0.000000000000000000e+00 7.324999999999997158e+01 6.210000000000000142e+01 0.000000000000000000e+00 0.000000000000000000e+00 0.000000000000000000e+00 0.000000000000000000e+00 3.940476190476186957e+01 4.603124999999997158e+01 3.500000000000004263e+01 0.000000000000000000e+00 3.399999999999998579e+01 0.000000000000000000e+00 6.449999999999998579e+01 6.000000000000000000e+01 0.000000000000000000e+00
0.000000000000000000e+00 0.000000000000000000e+00 0.000000000000000000e+00 5.674999999999997158e+01 5.579999999999997584e+01 5.393859649122805422e+01 4.489999999999999147e+01 3.380769230769229239e+01 9.666438590489223159e+00 4.137577962577960022e+01 1.487942946289280144e+01 2.497916666666666430e+01 1.351916047151599720e+01 8.179992860967338686e+00 2.507996485061512004e+01 5.487391304347824672e+01 4.356896551724136657e+01 2.158990318118948792e+01 3.907649253731343464e+01 0.000000000000000000e+00 6.175000000000000000e+01 5.259999999999998721e+01 6.416666666666664298e+01 6.744444444444441444e+01 4.509574468085106247e+01 2.337897526501766876e+01 4.658333333333333570e+01 4.599773755656108420e+01 1.806042972247090361e+01 2.748493935759029583e+01 4.428104993597951022e+01 3.239592123769338627e+01 3.493647540983606348e+01 4.937500000000000000e+01 6.163798701298701133e+01 5.358181818181817846e+01 6.020618556701030855e+01 2.463075965130759570e+01 2.457969377510040943e+01 3.009264497878360345e+01 0.000000000000000000e+00 2.623431734317343711e+01 5.433333333333333570e+01 3.900387596899224718e+01 0.000000000000000000e+00 3.789552238805970319e+01 0.000000000000000000e+00 0.000000000000000000e+00 0.000000000000000000e+00 0.000000000000000000e+00 0.000000000000000000e+00 0.000000000000000000e+00 0.000000000000000000e+00 0.000000000000000000e+00 4.066666666666665719e+01 0.000000000000000000e+00 0.000000000000000000e+00 7.050000000000001421e+01 3.699999999999998579e+01 4.199999999999995026e+01 3.516666666666665719e+01 5.050000000000001421e+01 0.000000000000000000e+00 0.000000000000000000e+00 0.000000000000000000e+00 0.000000000000000000e+00 0.000000000000000000e+00 0.000000000000000000e+00 0.000000000000000000e+00 0.000000000000000000e+00 0.000000000000000000e+00 0.000000000000000000e+00 0.000000000000000000e+00 0.000000000000000000e+00 0.000000000000000000e+00 3.450000000000001421e+01 0.000000000000000000e+00 0.000000000000000000e+00 0.000000000000000000e+00 0.000000000000000000e+00 0.000000000000000000e+00 5.783333333333331439e+01 5.050000000000000000e+01 0.000000000000000000e+00 4.549999999999998579e+01 0.000000000000000000e+00 0.000000000000000000e+00 0.000000000000000000e+00 5.599999999999997868e+01
0.000000000000000000e+00 0.000000000000000000e+00 0.000000000000000000e+00 0.000000000000000000e+00 6.483333333333330017e+01 6.249999999999997158e+01 0.000000000000000000e+00 6.100000000000000711e+01 5.516666666666666430e+01 4.880392156862742326e+01 3.736363636363636687e+01 1.816184937816673894e+01 8.179992860967338686e+00 1.031102143055941944e+01 3.164285714285714946e+01 4.768918918918916461e+01 3.979411764705880472e+01 1.197499999999999964e+01 3.661111111111111427e+01 0.000000000000000000e+00 6.699999999999998579e+01 0.000000000000000000e+00 0.000000000000000000e+00 0.000000000000000000e+00 4.899999999999998579e+01 5.199999999999998579e+01 2.100000000000000355e+01 4.366666666666666430e+01 1.067879994312526648e+01 3.268965517241379359e+01 5.700000000000000711e+01 1.494594594594594561e+01 1.334269662921348321e+01 0.000000000000000000e+00 0.000000000000000000e+00 0.000000000000000000e+00 0.000000000000000000e+00 3.935000000000000142e+01 3.539610389610389518e+01 3.352272727272727337e+01 0.000000000000000000e+00 2.700000000000000000e+01 0.000000000000000000e+00 4.118181818181817988e+01 0.000000000000000000e+00 4.031250000000000000e+01 0.000000000000000000e+00 0.000000000000000000e+00 0.000000000000000000e+00 0.000000000000000000e+00 0.000000000000000000e+00 6.699999999999988631e+01 0.000000000000000000e+00 0.000000000000000000e+00 2.900000000000000000e+01 0.000000000000000000e+00 0.000000000000000000e+00 0.000000000000000000e+00 4.849999999999997868e+01 0.000000000000000000e+00 3.600000000000000000e+01 1.499999999999997335e+01 0.000000000000000000e+00 0.000000000000000000e+00 0.000000000000000000e+00 0.000000000000000000e+00 0.000000000000000000e+00 0.000000000000000000e+00 0.000000000000000000e+00 0.000000000000000000e+00 0.000000000000000000e+00 0.000000000000000000e+00 0.000000000000000000e+00 0.000000000000000000e+00 0.000000000000000000e+00 0.000000000000000000e+00 0.000000000000000000e+00 0.000000000000000000e+00 0.000000000000000000e+00 0.000000000000000000e+00 7.749999999999994316e+01 0.000000000000000000e+00 0.000000000000000000e+00 0.000000000000000000e+00 0.000000000000000000e+00 0.000000000000000000e+00 0.000000000000000000e+00 0.000000000000000000e+00 6.200000000000000000e+01
0.000000000000000000e+00 0.000000000000000000e+00 0.000000000000000000e+00 3.519999999999999574e+01 2.680327868852457840e+01 2.316598360655736855e+01 3.024242424242422800e+01 3.443107221006562924e+01 2.343680052666226743e+01 2.576147540983605211e+01 2.551727642276422614e+01 3.185675675675674867e+01 2.507996485061512004e+01 3.164285714285714946e+01 1.130756979576540644e+01 4.087593984962404647e+01 3.385714285714284699e+01 2.513821138211381268e+01 2.680895522388059149e+01 1.356842105263157450e+01 2.755555555555555713e+01 3.121874999999999645e+01 2.278255813953488484e+01 1.832891246684349085e+01 1.979708904109589085e+01 2.064960971379010601e+01 2.043798024149285553e+01 2.812191780821917320e+01 2.100382068262862845e+01 2.740349650349649835e+01 4.286269644334158357e+01 3.540739167374680818e+01 3.479367262723521037e+01 4.948863636363636687e+01 5.262608695652172486e+01 4.741304347826086030e+01 3.545890410958902805e+01 2.364130434782608248e+01 7.955530823574950894e+00 1.706506849315068663e+01 0.000000000000000000e+00 2.131443798449611648e+01 1.157265692175408489e+01 1.125454545454545574e+01 1.553846153846153122e+01 2.155289052890528012e+01 0.000000000000000000e+00 0.000000000000000000e+00 0.000000000000000000e+00 0.000000000000000000e+00 0.000000000000000000e+00 0.000000000000000000e+00 4.874999999999997868e+01 4.399999999999998579e+01 5.883333333333333570e+01 6.200000000000001421e+01 0.000000000000000000e+00 4.399999999999997158e+01 3.449999999999995026e+01 5.433333333333331439e+01 4.687500000000000000e+01 3.140789473684209199e+01 0.000000000000000000e+00 0.000000000000000000e+00 0.000000000000000000e+00 0.000000000000000000e+00 7.449999999999994316e+01 0.000000000000000000e+00 5.399999999999997868e+01 0.000000000000000000e+00 0.000000000000000000e+00 0.000000000000000000e+00 4.926666666666665861e+01 0.000000000000000000e+00 5.212499999999997158e+01 3.493999999999998352e+01 0.000000000000000000e+00 0.000000000000000000e+00 0.000000000000000000e+00 0.000000000000000000e+00 5.149999999999995026e+01 6.391666666666665009e+01 5.424999999999998579e+01 0.000000000000000000e+00 3.237499999999999289e+01 3.569999999999997442e+01 6.299999999999997868e+01 0.000000000000000000e+00 0.000000000000000000e+00
0.000000000000000000e+00 0.000000000000000000e+00 0.000000000000000000e+00 2.880952380952378888e+01 1.328772727272726506e+01 2.115192083818392277e+01 2.378947368421052033e+01 2.228166351606804696e+01 3.143463302752292776e+01 2.204286628278949323e+01 4.199382716049380804e+01 2.017174887892375779e+01 5.487391304347824672e+01 4.768918918918916461e+01 4.087593984962404647e+01 6.807339449541281340e+00 1.180664573521715788e+01 3.703049597855225272e+01 5.169103521878331975e+01 0.000000000000000000e+00 9.350000000000000000e+01 7.699999999999995737e+01 9.549999999999998579e+01 0.000000000000000000e+00 7.399999999999998579e+01 8.899999999999997158e+01 8.262499999999994316e+01 8.966666666666664298e+01 6.194642857142855519e+01 7.320312499999997158e+01 8.974999999999994316e+01 6.896540880503143001e+01 5.725949367088604447e+01 0.000000000000000000e+00 8.000000000000001421e+01 8.349999999999997158e+01 7.749999999999997158e+01 1.417570754716980197e+01 2.421707841031147268e+01 3.910150375939847578e+01 0.000000000000000000e+00 5.939285714285712459e+01 7.238888888888885731e+01 5.616666666666662877e+01 9.641463414634136697e+00 5.399999999999997868e+01 0.000000000000000000e+00 3.074999999999997868e+01 4.374999999999991473e+01 0.000000000000000000e+00 3.149999999999995381e+01 4.557142857142854098e+01 3.575806451612899650e+01 5.005555555555551450e+01 3.234883720930229600e+01 7.299999999999997158e+01 4.266666666666664298e+01 2.949999999999993960e+01 1.242857142857142883e+01 2.255434782608693567e+01 3.690384615384613909e+01 4.804166666666663588e+01 0.000000000000000000e+00 0.000000000000000000e+00 0.000000000000000000e+00 0.000000000000000000e+00 0.000000000000000000e+00 0.000000000000000000e+00 0.000000000000000000e+00 0.000000000000000000e+00 0.000000000000000000e+00 0.000000000000000000e+00 0.000000000000000000e+00 0.000000000000000000e+00 7.099999999999997158e+01 5.749999999999997158e+01 0.000000000000000000e+00 0.000000000000000000e+00 0.000000000000000000e+00 0.000000000000000000e+00 2.780263157894733794e+01 3.330681818181815146e+01 5.549999999999997868e+01 0.000000000000000000e+00 0.000000000000000000e+00 0.000000000000000000e+00 0.000000000000000000e+00 3.049999999999997868e+01 6.399999999999997868e+01
0.000000000000000000e+00 0.000000000000000000e+00 0.000000000000000000e+00 0.000000000000000000e+00 2.806081081081079986e+01 3.224999999999998579e+01 0.000000000000000000e+00 2.637012987012985832e+01 2.771575984990618480e+01 2.103312051077412548e+01 3.032876712328765834e+01 1.903224663359318569e+01 4.356896551724136657e+01 3.979411764705880472e+01 3.385714285714284699e+01 1.180664573521715788e+01 8.844357976653689946e+00 2.185958549222796421e+01 4.075391849529778909e+01 0.000000000000000000e+00 7.999999999999998579e+01 0.000000000000000000e+00 0.000000000000000000e+00 1.005000000000000000e+02 7.275000000000000000e+01 7.199999999999998579e+01 7.329999999999999716e+01 8.124999999999995737e+01 5.081707317073168184e+01 5.888888888888886441e+01 7.624999999999998579e+01 6.029591836734692123e+01 4.478617363344049096e+01 7.400000000000000000e+01 8.750000000000002842e+01 0.000000000000000000e+00 0.000000000000000000e+00 1.764502529510960116e+01 2.437661454792656102e+01 3.328508771929822530e+01 0.000000000000000000e+00 3.949999999999999289e+01 5.050000000000000000e+01 4.969999999999997442e+01 3.444999999999997442e+01 4.106521739130433701e+01 0.000000000000000000e+00 4.216666666666666430e+01 2.649999999999998224e+01 0.000000000000000000e+00 3.099999999999998579e+01 3.116666666666662167e+01 3.249285714285710469e+01 3.402499999999997726e+01 2.736075949367086224e+01 4.633333333333328596e+01 0.000000000000000000e+00 3.399999999999999289e+01 1.845454545454545325e+01 1.315714285714285126e+01 1.839634146341462539e+01 3.863888888888887863e+01 0.000000000000000000e+00 0.000000000000000000e+00 0.000000000000000000e+00 0.000000000000000000e+00 0.000000000000000000e+00 0.000000000000000000e+00 0.000000000000000000e+00 0.000000000000000000e+00 0.000000000000000000e+00 5.900000000000004263e+01 0.000000000000000000e+00 0.000000000000000000e+00 6.316666666666665719e+01 4.293749999999997868e+01 0.000000000000000000e+00 0.000000000000000000e+00 0.000000000000000000e+00 0.000000000000000000e+00 2.053571428571426694e+01 3.087719298245612265e+01 3.399999999999998579e+01 0.000000000000000000e+00 3.299999999999997868e+01 0.000000000000000000e+00 4.099999999999996447e+01 3.199999999999999645e+01 4.016666666666665009e+01
