0.000000000000000000e+00 0.000000000000000000e+00 0.000000000000000000e+00 0.000000000000000000e+00 0.000000000000000000e+00 0.000000000000000000e+00 0.000000000000000000e+00 0.000000000000000000e+00 0.000000000000000000e+00 0.000000000000000000e+00 0.000000000000000000e+00 0.000000000000000000e+00 0.000000000000000000e+00 0.000000000000000000e+00 0.000000000000000000e+00 0.000000000000000000e+00 0.000000000000000000e+00 0.000000000000000000e+00 0.000000000000000000e+00 0.000000000000000000e+00 0.000000000000000000e+00 0.000000000000000000e+00 0.000000000000000000e+00 0.000000000000000000e+00 0.000000000000000000e+00 0.000000000000000000e+00 0.000000000000000000e+00 0.000000000000000000e+00 0.000000000000000000e+00 0.000000000000000000e+00 0.000000000000000000e+00 0.000000000000000000e+00 0.000000000000000000e+00 0.000000000000000000e+00 0.000000000000000000e+00 0.000000000000000000e+00 0.000000000000000000e+00 0.000000000000000000e+00 0.000000000000000000e+00 0.000000000000000000e+00 0.000000000000000000e+00 0.000000000000000000e+00 0.000000000000000000e+00 0.000000000000000000e+00 0.000000000000000000e+00 0.000000000000000000e+00 0.000000000000000000e+00 0.000000000000000000e+00 0.000000000000000000e+00 0.000000000000000000e+00 0.000000000000000000e+00 0.000000000000000000e+00 0.000000000000000000e+00 0.000000000000000000e+00 0.000000000000000000e+00 0.000000000000000000e+00 0.000000000000000000e+00 0.000000000000000000e+00 0.000000000000000000e+00 0.000000000000000000e+00 0.000000000000000000e+00 0.000000000000000000e+00 0.000000000000000000e+00 0.000000000000000000e+00 0.000000000000000000e+00 0.000000000000000000e+00 0.000000000000000000e+00 0.000000000000000000e+00 0.000000000000000000e+00 0.000000000000000000e+00 0.000000000000000000e+00 0.000000000000000000e+00 0.000000000000000000e+00 0.000000000000000000e+00 0.000000000000000000e+00 0.000000000000000000e+00 0.000000000000000000e+00 0.000000000000000000e+00 0.000000000000000000e+00 0.000000000000000000e+00 0.000000000000000000e+00 0.000000000000000000e+00 0.000000000000000000e+00 0.000000000000000000e+00 0.000000000000000000e+00 0.000000000000000000e+00 0.000000000000000000e+00 0.000000000000000000e+00 0.000000000000000000e+00
0.000000000000000000e+00 0.000000000000000000e+00 0.000000000000000000e+00 0.000000000000000000e+00 0.000000000000000000e+00 0.000000000000000000e+00 0.000000000000000000e+00 0.000000000000000000e+00 0.000000000000000000e+00 0.000000000000000000e+00 0.000000000000000000e+00 0.000000000000000000e+00 0.000000000000000000e+00 0.000000000000000000e+00 0.000000000000000000e+00 0.000000000000000000e+00 0.000000000000000000e+00 0.000000000000000000e+00 0.000000000000000000e+00 0.000000000000000000e+00 0.000000000000000000e+00 0.000000000000000000e+00 0.000000000000000000e+00 0.000000000000000000e+00 0.000000000000000000e+00 0.000000000000000000e+00 0.000000000000000000e+00 0.000000000000000000e+00 0.000000000000000000e+00 0.000000000000000000e+00 0.000000000000000000e+00 0.000000000000000000e+00 0.000000000000000000e+00 0.000000000000000000e+00 0.000000000000000000e+00 0.000000000000000000e+00 0.000000000000000000e+00 0.000000000000000000e+00 0.000000000000000000e+00 0.000000000000000000e+00 0.000000000000000000e+00 0.000000000000000000e+00 0.000000000000000000e+00 0.000000000000000000e+00 0.000000000000000000e+00 0.000000000000000000e+00 0.000000000000000000e+00 0.000000000000000000e+00 0.000000000000000000e+00 0.000000000000000000e+00 0.000000000000000000e+00 0.000000000000000000e+00 0.000000000000000000e+00 0.000000000000000000e+00 0.000000000000000000e+00 0.000000000000000000e+00 0.000000000000000000e+00 0.000000000000000000e+00 0.000000000000000000e+00 0.000000000000000000e+00 0.000000000000000000e+00 0.000000000000000000e+00 0.000000000000000000e+00 0.000000000000000000e+00 0.000000000000000000e+00 0.000000000000000000e+00 0.000000000000000000e+00 0.000000000000000000e+00 0.000000000000000000e+00 0.000000000000000000e+00 0.000000000000000000e+00 0.000000000000000000e+00 0.000000000000000000e+00 0.000000000000000000e+00 0.000000000000000000e+00 0.000000000000000000e+00 0.000000000000000000e+00 0.000000000000000000e+00 0.000000000000000000e+00 0.000000000000000000e+00 0.000000000000000000e+00 0.000000000000000000e+00 0.000000000000000000e+00 0.000000000000000000e+00 0.000000000000000000e+00 0.000000000000000000e+00 0.000000000000000000e+00 0.000000000000000000e+00 0.000000000000000000e+00
0.000000000000000000e+00 0.000000000000000000e+00 0.000000000000000000e+00 0.000000000000000000e+00 0.000000000000000000e+00 0.000000000000000000e+00 0.000000000000000000e+00 0.000000000000000000e+00 0.000000000000000000e+00 0.000000000000000000e+00 0.000000000000000000e+00 0.000000000000000000e+00 0.000000000000000000e+00 0.000000000000000000e+00 0.000000000000000000e+00 0.000000000000000000e+00 0.000000000000000000e+00 0.000000000000000000e+00 0.000000000000000000e+00 0.000000000000000000e+00 0.000000000000000000e+00 0.000000000000000000e+00 0.000000000000000000e+00 0.000000000000000000e+00 0.000000000000000000e+00 0.000000000000000000e+00 0.000000000000000000e+00 0.000000000000000000e+00 0.000000000000000000e+00 0.000000000000000000e+00 0.000000000000000000e+00 0.000000000000000000e+00 0.000000000000000000e+00 0.000000000000000000e+00 0.000000000000000000e+00 0.000000000000000000e+00 0.000000000000000000e+00 0.000000000000000000e+00 0.000000000000000000e+00 0.000000000000000000e+00 0.000000000000000000e+00 0.000000000000000000e+00 0.000000000000000000e+00 0.000000000000000000e+00 0.000000000000000000e+00 0.000000000000000000e+00 0.000000000000000000e+00 0.000000000000000000e+00 0.000000000000000000e+00 0.000000000000000000e+00 0.000000000000000000e+00 0.000000000000000000e+00 0.000000000000000000e+00 0.000000000000000000e+00 0.000000000000000000e+00 0.000000000000000000e+00 0.000000000000000000e+00 0.000000000000000000e+00 0.000000000000000000e+00 0.000000000000000000e+00 0.000000000000000000e+00 0.000000000000000000e+00 0.000000000000000000e+00 0.000000000000000000e+00 0.000000000000000000e+00 0.000000000000000000e+00 0.000000000000000000e+00 0.000000000000000000e+00 0.000000000000000000e+00 0.000000000000000000e+00 0.000000000000000000e+00 0.000000000000000000e+00 0.000000000000000000e+00 0.000000000000000000e+00 0.000000000000000000e+00 0.000000000000000000e+00 0.000000000000000000e+00 0.000000000000000000e+00 0.000000000000000000e+00 0.000000000000000000e+00 0.000000000000000000e+00 0.000000000000000000e+00 0.000000000000000000e+00 0.000000000000000000e+00 0.000000000000000000e+00 0.000000000000000000e+00 0.000000000000000000e+00 0.000000000000000000e+00 0.000000000000000000e+00
0.000000000000000000e+00 0.000000000000000000e+00 0.000000000000000000e+00 4.843517138599100491e+00 6.843437945791721155e+00 1.094922425952044165e+01 3.400000000000000000e+01 3.063333333333332575e+01 4.150000000000000711e+01 1.021661237785015608e+01 4.849999999999999289e+01 6.843377976190473611e+00 6.716666666666660035e+01 6.274999999999997868e+01 4.124999999999997158e+01 4.621428571428570820e+01 0.000000000000000000e+00 6.249999999999997868e+01 0.000000000000000000e+00 0.000000000000000000e+00 0.000000000000000000e+00 0.000000000000000000e+00 0.000000000000000000e+00 0.000000000000000000e+00 0.000000000000000000e+00 0.000000000000000000e+00 0.000000000000000000e+00 0.000000000000000000e+00 0.000000000000000000e+00 8.750000000000000000e+01 0.000000000000000000e+00 0.000000000000000000e+00 0.000000000000000000e+00 0.000000000000000000e+00 0.000000000000000000e+00 0.000000000000000000e+00 0.000000000000000000e+00 2.871428571428569398e+01 3.295419847328241758e+01 0.000000000000000000e+00 0.000000000000000000e+00 0.000000000000000000e+00 0.000000000000000000e+00 0.000000000000000000e+00 3.433333333333330017e+01 0.000000000000000000e+00 0.000000000000000000e+00 0.000000000000000000e+00 0.000000000000000000e+00 0.000000000000000000e+00 0.000000000000000000e+00 0.000000000000000000e+00 0.000000000000000000e+00 0.000000000000000000e+00 0.000000000000000000e+00 0.000000000000000000e+00 0.000000000000000000e+00 0.000000000000000000e+00 0.000000000000000000e+00 0.000000000000000000e+00 0.000000000000000000e+00 0.000000000000000000e+00 0.000000000000000000e+00 0.000000000000000000e+00 0.000000000000000000e+00 0.000000000000000000e+00 0.000000000000000000e+00 0.000000000000000000e+00 0.000000000000000000e+00 0.000000000000000000e+00 0.000000000000000000e+00 0.000000000000000000e+00 0.000000000000000000e+00 0.000000000000000000e+00 0.000000000000000000e+00 0.000000000000000000e+00 0.000000000000000000e+00 0.000000000000000000e+00 0.000000000000000000e+00 0.000000000000000000e+00 0.000000000000000000e+00 0.000000000000000000e+00 0.000000000000000000e+00 0.000000000000000000e+00 0.000000000000000000e+00 0.000000000000000000e+00 0.000000000000000000e+00 0.000000000000000000e+00 4.249999999999992184e+01
0.000000000000000000e+00 0.000000000000000000e+00 0.000000000000000000e+00 6.843437945791721155e+00 9.947432920536627421e+00 9.514628278752127244e+00 2.574999999999998934e+01 2.246884272997031573e+01 3.764423076923075939e+01 1.694243176178659382e+01 4.250609756097559000e+01 1.746596669080376074e+01 5.724999999999996447e+01 6.326923076923073097e+01 2.988144329896905305e+01 1.266950596252128314e+01 3.462711864406777806e+01 5.641666666666665719e+01 6.995833333333330017e+01 0.000000000000000000e+00 0.000000000000000000e+00 0.000000000000000000e+00 0.000000000000000000e+00 0.000000000000000000e+00 0.000000000000000000e+00 0.000000000000000000e+00 0.000000000000000000e+00 1.002499999999999716e+02 7.531818181818177038e+01 7.649999999999997158e+01 7.299999999999991473e+01 7.774324324324319946e+01 7.121428571428567977e+01 0.000000000000000000e+00 0.000000000000000000e+00 0.000000000000000000e+00 0.000000000000000000e+00 1.234391819160386916e+01 2.273639689071786663e+01 2.756666666666665932e+01 0.000000000000000000e+00 6.100000000000002132e+01 7.999999999999997158e+01 3.416666666666665009e+01 6.608950452850289814e+00 2.149999999999999645e+01 0.000000000000000000e+00 0.000000000000000000e+00 0.000000000000000000e+00 0.000000000000000000e+00 0.000000000000000000e+00 5.150000000000000000e+01 0.000000000000000000e+00 5.499999999999991473e+01 0.000000000000000000e+00 0.000000000000000000e+00 0.000000000000000000e+00 0.000000000000000000e+00 3.766666666666663588e+01 2.949999999999997513e+01 5.699999999999991473e+01 0.000000000000000000e+00 0.000000000000000000e+00 0.000000000000000000e+00 0.000000000000000000e+00 0.000000000000000000e+00 0.000000000000000000e+00 0.000000000000000000e+00 0.000000000000000000e+00 0.000000000000000000e+00 0.000000000000000000e+00 0.000000000000000000e+00 0.000000000000000000e+00 0.000000000000000000e+00 0.000000000000000000e+00 0.000000000000000000e+00 0.000000000000000000e+00 0.000000000000000000e+00 0.000000000000000000e+00 0.000000000000000000e+00 2.823076923076919442e+01 3.369999999999997442e+01 1.599999999999999645e+01 0.000000000000000000e+00 1.999999999999998224e+01 0.000000000000000000e+00 0.000000000000000000e+00 1.691666666666666075e+01 9.038461538461534772e+00
0.000000000000000000e+00 0.000000000000000000e+00 0.000000000000000000e+00 1.094922425952044165e+01 9.514628278752127244e+00 1.407164496847620683e+01 1.001179316601148628e+01 1.505491329479768225e+01 3.107857142857141497e+01 1.773148495066815755e+01 4.016901408450702604e+01 2.646448175653857504e+01 5.688356164383559133e+01 6.367241379310341642e+01 2.408352534562210678e+01 2.041847206385403624e+01 3.772839506172838497e+01 6.182142857142854098e+01 7.655357142857140218e+01 0.000000000000000000e+00 6.199999999999999289e+01 0.000000000000000000e+00 3.174999999999999289e+01 3.549999999999997158e+01 5.649999999999997868e+01 4.641666666666663588e+01 0.000000000000000000e+00 8.849999999999995737e+01 6.688571428571425770e+01 7.320689655172409971e+01 8.430769230769229239e+01 7.861111111111107164e+01 7.696153846153842437e+01 0.000000000000000000e+00 9.900000000000001421e+01 0.000000000000000000e+00 7.599999999999995737e+01 1.728923311325545242e+01 1.969027588766545733e+01 2.787037037037035958e+01 0.000000000000000000e+00 4.877272727272723074e+01 3.000000000000001421e+01 2.956756756756755422e+01 1.663392857142855874e+01 4.507142857142855519e+01 0.000000000000000000e+00 4.424999999999997158e+01 4.199999999999998579e+01 0.000000000000000000e+00 4.283333333333331439e+01 0.000000000000000000e+00 5.064285714285709616e+01 0.000000000000000000e+00 4.449999999999991473e+01 0.000000000000000000e+00 0.000000000000000000e+00 0.000000000000000000e+00 3.134999999999996589e+01 3.299999999999997868e+01 0.000000000000000000e+00 0.000000000000000000e+00 0.000000000000000000e+00 0.000000000000000000e+00 0.000000000000000000e+00 0.000000000000000000e+00 0.000000000000000000e+00 0.000000000000000000e+00 0.000000000000000000e+00 0.000000000000000000e+00 0.000000000000000000e+00 0.000000000000000000e+00 0.000000000000000000e+00 0.000000000000000000e+00 9.449999999999994316e+01 0.000000000000000000e+00 0.000000000000000000e+00 0.000000000000000000e+00 0.000000000000000000e+00 0.000000000000000000e+00 3.259999999999998010e+01 4.769999999999996732e+01 6.699999999999994316e+01 0.000000000000000000e+00 0.000000000000000000e+00 0.000000000000000000e+00 0.000000000000000000e+00 2.399999999999999289e+01 0.000000000000000000e+00
0.000000000000000000e+00 0.000000000000000000e+00 0.000000000000000000e+00 3.400000000000000000e+01 2.574999999999998934e+01 1.001179316601148628e+01 7.838624338624335053e+00 7.412461502013737658e+00 2.117222222222221006e+01 1.301404805914971696e+01 4.217741935483869042e+01 3.442142857142855661e+01 6.574999999999995737e+01 0.000000000000000000e+00 3.483333333333332149e+01 2.766666666666666075e+01 4.649999999999992895e+01 0.000000000000000000e+00 7.199999999999997158e+01 0.000000000000000000e+00 4.599999999999997158e+01 0.000000000000000000e+00 0.000000000000000000e+00 0.000000000000000000e+00 0.000000000000000000e+00 0.000000000000000000e+00 0.000000000000000000e+00 9.699999999999998579e+01 8.500000000000000000e+01 6.119999999999996732e+01 0.000000000000000000e+00 7.505555555555552871e+01 0.000000000000000000e+00 0.000000000000000000e+00 8.700000000000001421e+01 0.000000000000000000e+00 0.000000000000000000e+00 2.792499999999999005e+01 2.818867924528300151e+01 3.366666666666665009e+01 0.000000000000000000e+00 0.000000000000000000e+00 0.000000000000000000e+00 2.799999999999996803e+01 3.174999999999998934e+01 0.000000000000000000e+00 0.000000000000000000e+00 0.000000000000000000e+00 0.000000000000000000e+00 0.000000000000000000e+00 0.000000000000000000e+00 0.000000000000000000e+00 0.000000000000000000e+00 0.000000000000000000e+00 0.000000000000000000e+00 0.000000000000000000e+00 0.000000000000000000e+00 0.000000000000000000e+00 0.000000000000000000e+00 0.000000000000000000e+00 0.000000000000000000e+00 0.000000000000000000e+00 0.000000000000000000e+00 0.000000000000000000e+00 0.000000000000000000e+00 0.000000000000000000e+00 0.000000000000000000e+00 0.000000000000000000e+00 0.000000000000000000e+00 0.000000000000000000e+00 0.000000000000000000e+00 0.000000000000000000e+00 0.000000000000000000e+00 0.000000000000000000e+00 0.000000000000000000e+00 0.000000000000000000e+00 0.000000000000000000e+00 0.000000000000000000e+00 0.000000000000000000e+00 0.000000000000000000e+00 5.099999999999992895e+01 0.000000000000000000e+00 0.000000000000000000e+00 0.000000000000000000e+00 0.000000000000000000e+00 0.000000000000000000e+00 0.000000000000000000e+00 0.000000000000000000e+00 0.000000000000000000e+00
0.000000000000000000e+00 0.000000000000000000e+00 0.000000000000000000e+00 3.063333333333332575e+01 2.246884272997031573e+01 1.505491329479768225e+01 7.412461502013737658e+00 9.120865849126717606e+00 9.374673629242815664e+00 1.821340015826957881e+01 3.346610169491523834e+01 2.443270440251571429e+01 4.059374999999997868e+01 6.049999999999995737e+01 3.722898706896550181e+01 1.962567324955115922e+01 2.086708860759492623e+01 5.790624999999997158e+01 6.027999999999997982e+01 0.000000000000000000e+00 8.000000000000000000e+01 7.149999999999994316e+01 0.000000000000000000e+00 0.000000000000000000e+00 6.624999999999995737e+01 1.110000000000000142e+02 4.049999999999997158e+01 5.869999999999998863e+01 5.149090909090907786e+01 4.105461165048541972e+01 6.206060606060603391e+01 6.681132075471695941e+01 6.081896551724136657e+01 9.950000000000001421e+01 7.758823529411765207e+01 7.574999999999994316e+01 7.183333333333331439e+01 2.773305084745761562e+01 2.920628415300544489e+01 3.529999999999996874e+01 0.000000000000000000e+00 5.050000000000001421e+01 8.349999999999998579e+01 0.000000000000000000e+00 2.966666666666666075e+01 5.139999999999999858e+01 0.000000000000000000e+00 3.950000000000001421e+01 3.849999999999995737e+01 0.000000000000000000e+00 4.099999999999998579e+01 0.000000000000000000e+00 4.241666666666660745e+01 0.000000000000000000e+00 4.899999999999999289e+01 0.000000000000000000e+00 0.000000000000000000e+00 0.000000000000000000e+00 2.981249999999997868e+01 4.849999999999994316e+01 0.000000000000000000e+00 0.000000000000000000e+00 0.000000000000000000e+00 0.000000000000000000e+00 0.000000000000000000e+00 0.000000000000000000e+00 0.000000000000000000e+00 0.000000000000000000e+00 0.000000000000000000e+00 0.000000000000000000e+00 0.000000000000000000e+00 0.000000000000000000e+00 0.000000000000000000e+00 0.000000000000000000e+00 0.000000000000000000e+00 0.000000000000000000e+00 0.000000000000000000e+00 0.000000000000000000e+00 0.000000000000000000e+00 0.000000000000000000e+00 3.066666666666665719e+01 4.133333333333331439e+01 0.000000000000000000e+00 0.000000000000000000e+00 0.000000000000000000e+00 0.000000000000000000e+00 0.000000000000000000e+00 3.150000000000000000e+01 0.000000000000000000e+00
0.000000000000000000e+00 0.000000000000000000e+00 0.000000000000000000e+00 4.150000000000000711e+01 3.764423076923075939e+01 3.107857142857141497e+01 2.117222222222221006e+01 9.374673629242815664e+00 1.074658523771998908e+01 1.731860737273258621e+01 2.207758620689654450e+01 2.882887189292542018e+01 8.700638394892841632e+00 4.783333333333333570e+01 2.304448669201519806e+01 3.128373702422145186e+01 2.520110701107010343e+01 4.923529411764704378e+01 4.710112359550560512e+01 0.000000000000000000e+00 7.049999999999998579e+01 5.574999999999998579e+01 0.000000000000000000e+00 0.000000000000000000e+00 6.674999999999998579e+01 6.827272727272726627e+01 2.674999999999999289e+01 4.961538461538460609e+01 2.879723502304146621e+01 2.666605705925383063e+01 4.662857142857141213e+01 5.531377551020408134e+01 5.003999999999999204e+01 5.550000000000000000e+01 6.265909090909090651e+01 6.516666666666667140e+01 5.806896551724136657e+01 2.316144975288302632e+01 1.579606119791666607e+01 2.499684044233807256e+01 0.000000000000000000e+00 4.025000000000000000e+01 6.024999999999998579e+01 3.481250000000000000e+01 2.907746478873238871e+01 2.973809523809523725e+01 0.000000000000000000e+00 0.000000000000000000e+00 5.400000000000003553e+01 0.000000000000000000e+00 0.000000000000000000e+00 0.000000000000000000e+00 5.774999999999998579e+01 6.199999999999992184e+01 4.516666666666665009e+01 0.000000000000000000e+00 0.000000000000000000e+00 0.000000000000000000e+00 0.000000000000000000e+00 3.166666666666665719e+01 8.050000000000001421e+01 0.000000000000000000e+00 0.000000000000000000e+00 0.000000000000000000e+00 0.000000000000000000e+00 0.000000000000000000e+00 0.000000000000000000e+00 0.000000000000000000e+00 0.000000000000000000e+00 0.000000000000000000e+00 0.000000000000000000e+00 0.000000000000000000e+00 0.000000000000000000e+00 0.000000000000000000e+00 0.000000000000000000e+00 0.000000000000000000e+00 0.000000000000000000e+00 0.000000000000000000e+00 0.000000000000000000e+00 0.000000000000000000e+00 3.399999999999997158e+01 4.974999999999998579e+01 0.000000000000000000e+00 0.000000000000000000e+00 0.000000000000000000e+00 0.000000000000000000e+00 0.000000000000000000e+00 0.000000000000000000e+00 0.000000000000000000e+00
0.000000000000000000e+00 0.000000000000000000e+00 0.000000000000000000e+00 1.021661237785015608e+01 1.694243176178659382e+01 1.773148495066815755e+01 1.301404805914971696e+01 1.821340015826957881e+01 1.731860737273258621e+01 1.261566425917287049e+01 1.948725899959550745e+01 1.760748109070106793e+01 4.076356589147284382e+01 5.157142857142854098e+01 2.829289544235923159e+01 2.443185893604302805e+01 2.411105947955389084e+01 5.115240641711228164e+01 6.381451612903223491e+01 4.849999999999998579e+01 7.508333333333330017e+01 0.000000000000000000e+00 0.000000000000000000e+00 5.408333333333331439e+01 0.000000000000000000e+00 8.147619047619045318e+01 7.599999999999995737e+01 6.817999999999996419e+01 5.342608695652171491e+01 5.389621409921668516e+01 6.392821782178214818e+01 6.533342776203963354e+01 6.473770491803276173e+01 7.508333333333331439e+01 7.558333333333331439e+01 6.663636363636362603e+01 7.808749999999997726e+01 2.311328502415457464e+01 2.598291090629798106e+01 3.463288288288286765e+01 0.000000000000000000e+00 6.461764705882350768e+01 6.583333333333331439e+01 4.629310344827584345e+01 3.110454545454543052e+01 4.044758064516127405e+01 0.000000000000000000e+00 3.949999999999995737e+01 4.771428571428565846e+01 0.000000000000000000e+00 0.000000000000000000e+00 0.000000000000000000e+00 4.720833333333328596e+01 5.299999999999997868e+01 5.499999999999998579e+01 0.000000000000000000e+00 0.000000000000000000e+00 0.000000000000000000e+00 3.207142857142854098e+01 3.335714285714283278e+01 0.000000000000000000e+00 6.983333333333331439e+01 0.000000000000000000e+00 0.000000000000000000e+00 0.000000000000000000e+00 0.000000000000000000e+00 0.000000000000000000e+00 0.000000000000000000e+00 0.000000000000000000e+00 0.000000000000000000e+00 0.000000000000000000e+00 0.000000000000000000e+00 0.000000000000000000e+00 0.000000000000000000e+00 8.699999999999997158e+01 0.000000000000000000e+00 0.000000000000000000e+00 0.000000000000000000e+00 0.000000000000000000e+00 0.000000000000000000e+00 3.906249999999994316e+01 4.849999999999995737e+01 5.449999999999996447e+01 0.000000000000000000e+00 8.300000000000002842e+01 0.000000000000000000e+00 0.000000000000000000e+00 3.812499999999996447e+01 0.000000000000000000e+00
0.000000000000000000e+00 0.000000000000000000e+00 0.000000000000000000e+00 4.849999999999999289e+01 4.250609756097559000e+01 4.016901408450702604e+01 4.217741935483869042e+01 3.346610169491523834e+01 2.207758620689654450e+01 1.948725899959550745e+01 1.269850718504394749e+01 2.077215893303695537e+01 1.497285714285714242e+01 4.208333333333333570e+01 2.250574712643678055e+01 3.735051546391751032e+01 2.621862348178136770e+01 2.984999999999998721e+01 4.783043478260869819e+01 7.949999999999995737e+01 6.336075949367088356e+01 5.441666666666665009e+01 5.150000000000000000e+01 8.474999999999995737e+01 6.216666666666666430e+01 5.924390243902436737e+01 7.016666666666667140e+01 4.728358208955224029e+01 2.883827160493827080e+01 3.273772666961521338e+01 4.605298507462686786e+01 4.583697478991596341e+01 4.681101190476190510e+01 5.230714285714285694e+01 5.927017114914425377e+01 5.506382978723404165e+01 5.769354838709677580e+01 2.120737327188939503e+01 2.249124109263657445e+01 2.777932285368802567e+01 0.000000000000000000e+00 3.019718309859154814e+01 5.985000000000000142e+01 3.332962962962962905e+01 4.175000000000000000e+01 3.549882629107981558e+01 0.000000000000000000e+00 0.000000000000000000e+00 6.449999999999994316e+01 0.000000000000000000e+00 0.000000000000000000e+00 0.000000000000000000e+00 5.199999999999992184e+01 5.366666666666660745e+01 4.649999999999997158e+01 0.000000000000000000e+00 0.000000000000000000e+00 0.000000000000000000e+00 5.749999999999990763e+01 3.245833333333332149e+01 2.918749999999998934e+01 4.599999999999997158e+01 0.000000000000000000e+00 0.000000000000000000e+00 0.000000000000000000e+00 0.000000000000000000e+00 0.000000000000000000e+00 0.000000000000000000e+00 0.000000000000000000e+00 0.000000000000000000e+00 0.000000000000000000e+00 0.000000000000000000e+00 0.000000000000000000e+00 0.000000000000000000e+00 0.000000000000000000e+00 0.000000000000000000e+00 0.000000000000000000e+00 0.000000000000000000e+00 0.000000000000000000e+00 0.000000000000000000e+00 4.899999999999999289e+01 6.049999999999997158e+01 6.150000000000002132e+01 0.000000000000000000e+00 0.000000000000000000e+00 0.000000000000000000e+00 0.000000000000000000e+00 0.000000000000000000e+00 0.000000000000000000e+00
0.000000000000000000e+00 0.000000000000000000e+00 0.000000000000000000e+00 6.843377976190473611e+00 1.746596669080376074e+01 2.646448175653857504e+01 3.442142857142855661e+01 2.443270440251571429e+01 2.882887189292542018e+01 1.760748109070106793e+01 2.077215893303695537e+01 1.626359388084025781e+01 2.078550458715595894e+01 2.259745222929935693e+01 3.375582901554403037e+01 2.261013081837540994e+01 1.922531698191642846e+01 2.654944289693592196e+01 4.842231812577065142e+01 0.000000000000000000e+00 8.550000000000000000e+01 7.549999999999997158e+01 8.499999999999997158e+01 7.999999999999998579e+01 5.649999999999999289e+01 6.037500000000000000e+01 5.835294117647058698e+01 5.898749999999999716e+01 3.391492910758964996e+01 4.152558635394456132e+01 5.419607843137254832e+01 4.636728009981284515e+01 4.602007528230864608e+01 5.518181818181817277e+01 7.336363636363635976e+01 6.849999999999998579e+01 8.600000000000000000e+01 2.502647412755715095e+01 2.956681836988000356e+01 3.295219347581551972e+01 0.000000000000000000e+00 3.595945945945945965e+01 5.390909090909090651e+01 4.076562500000000000e+01 3.652597402597401555e+01 4.009585492227979131e+01 0.000000000000000000e+00 3.699999999999999289e+01 5.012499999999997868e+01 0.000000000000000000e+00 4.842857142857138086e+01 3.949999999999993605e+01 4.819999999999995310e+01 4.781249999999998579e+01 9.354625550660788491e+00 5.523076923076923350e+01 9.916666666666671404e+00 6.799999999999997158e+01 3.308571428571426054e+01 2.871428571428569043e+01 2.879729729729728405e+01 4.716666666666665719e+01 0.000000000000000000e+00 0.000000000000000000e+00 0.000000000000000000e+00 0.000000000000000000e+00 0.000000000000000000e+00 0.000000000000000000e+00 0.000000000000000000e+00 0.000000000000000000e+00 0.000000000000000000e+00 6.983333333333334281e+01 7.549999999999997158e+01 0.000000000000000000e+00 8.866666666666662877e+01 0.000000000000000000e+00 0.000000000000000000e+00 0.000000000000000000e+00 0.000000000000000000e+00 0.000000000000000000e+00 4.221052631578945125e+01 4.678260869565214364e+01 4.949999999999997158e+01 0.000000000000000000e+00 7.116666666666664298e+01 0.000000000000000000e+00 6.299999999999997868e+01 5.362499999999997158e+01 6.399999999999993605e+01
0.000000000000000000e+00 0.000000000000000000e+00 0.000000000000000000e+00 6.716666666666660035e+01 5.724999999999996447e+01 5.688356164383559133e+01 6.574999999999995737e+01 4.059374999999997868e+01 8.700638394892841632e+00 4.076356589147284382e+01 1.497285714285714242e+01 2.078550458715595894e+01 1.386232607682577722e+01 9.653852897343735862e+00 2.304181459566075674e+01 5.159239130434780662e+01 3.937499999999997868e+01 2.194475138121546820e+01 3.784375000000000711e+01 0.000000000000000000e+00 5.508888888888888857e+01 5.333333333333333570e+01 4.837500000000000000e+01 5.843333333333331581e+01 4.795000000000000284e+01 1.789836065573770441e+01 3.715277777777777857e+01 4.174025974025973795e+01 2.067008871989860452e+01 2.612445804641673064e+01 3.958440170940171043e+01 3.150519930675909919e+01 3.343680297397769863e+01 4.381034482758620641e+01 5.285119047619047450e+01 4.916666666666666430e+01 5.185757575757575921e+01 2.554311310190369610e+01 2.377479861910242320e+01 2.890827218145431132e+01 0.000000000000000000e+00 2.961752136752136622e+01 4.105172413793103203e+01 3.856919642857143060e+01 4.849999999999998579e+01 3.763466334164589000e+01 0.000000000000000000e+00 5.599999999999997158e+01 0.000000000000000000e+00 0.000000000000000000e+00 0.000000000000000000e+00 0.000000000000000000e+00 7.424999999999995737e+01 0.000000000000000000e+00 7.550000000000000000e+01 5.994999999999998863e+01 0.000000000000000000e+00 0.000000000000000000e+00 0.000000000000000000e+00 5.366666666666666430e+01 4.166666666666664298e+01 3.400000000000000711e+01 0.000000000000000000e+00 0.000000000000000000e+00 0.000000000000000000e+00 0.000000000000000000e+00 0.000000000000000000e+00 0.000000000000000000e+00 0.000000000000000000e+00 0.000000000000000000e+00 0.000000000000000000e+00 5.649999999999996447e+01 0.000000000000000000e+00 0.000000000000000000e+00 0.000000000000000000e+00 0.000000000000000000e+00 0.000000000000000000e+00 0.000000000000000000e+00 0.000000000000000000e+00 0.000000000000000000e+00 0.000000000000000000e+00 0.000000000000000000e+00 0.000000000000000000e+00 0.000000000000000000e+00 4.150000000000000000e+01 0.000000000000000000e+00 0.000000000000000000e+00 0.000000000000000000e+00 0.000000000000000000e+00
0.000000000000000000e+00 0.000000000000000000e+00 0.000000000000000000e+00 6.274999999999997868e+01 6.326923076923073097e+01 6.367241379310341642e+01 0.000000000000000000e+00 6.049999999999995737e+01 4.783333333333333570e+01 5.157142857142854098e+01 4.208333333333333570e+01 2.259745222929935693e+01 9.653852897343735862e+00 1.084147441680628887e+01 3.253000000000000114e+01 4.932307692307689706e+01 3.586697247706420200e+01 1.157451923076922817e+01 2.556818181818181657e+01 0.000000000000000000e+00 5.999999999999996447e+01 0.000000000000000000e+00 0.000000000000000000e+00 4.949999999999999289e+01 0.000000000000000000e+00 0.000000000000000000e+00 4.449999999999998579e+01 5.075000000000000000e+01 1.129072011878247928e+01 3.222277227722772608e+01 4.612499999999998579e+01 1.568342036553524821e+01 1.494878048780487845e+01 3.199999999999998934e+01 4.749999999999997868e+01 0.000000000000000000e+00 4.899999999999999289e+01 3.282051282051281760e+01 3.819166666666667709e+01 3.118750000000001066e+01 0.000000000000000000e+00 3.219999999999999574e+01 3.699999999999999289e+01 4.669999999999999574e+01 0.000000000000000000e+00 4.418181818181818699e+01 0.000000000000000000e+00 0.000000000000000000e+00 0.000000000000000000e+00 0.000000000000000000e+00 0.000000000000000000e+00 0.000000000000000000e+00 0.000000000000000000e+00 0.000000000000000000e+00 4.749999999999997158e+01 0.000000000000000000e+00 0.000000000000000000e+00 0.000000000000000000e+00 0.000000000000000000e+00 0.000000000000000000e+00 0.000000000000000000e+00 1.100000000000000711e+01 0.000000000000000000e+00 0.000000000000000000e+00 0.000000000000000000e+00 0.000000000000000000e+00 0.000000000000000000e+00 0.000000000000000000e+00 0.000000000000000000e+00 0.000000000000000000e+00 0.000000000000000000e+00 0.000000000000000000e+00 0.000000000000000000e+00 0.000000000000000000e+00 0.000000000000000000e+00 0.000000000000000000e+00 0.000000000000000000e+00 0.000000000000000000e+00 0.000000000000000000e+00 0.000000000000000000e+00 0.000000000000000000e+00 0.000000000000000000e+00 0.000000000000000000e+00 0.000000000000000000e+00 0.000000000000000000e+00 0.000000000000000000e+00 0.000000000000000000e+00 0.000000000000000000e+00 0.000000000000000000e+00
0.000000000000000000e+00 0.000000000000000000e+00 0.000000000000000000e+00 4.124999999999997158e+01 2.988144329896905305e+01 2.408352534562210678e+01 3.483333333333332149e+01 3.722898706896550181e+01 2.304448669201519806e+01 2.829289544235923159e+01 2.250574712643678055e+01 3.375582901554403037e+01 2.304181459566075674e+01 3.253000000000000114e+01 1.221189070163146440e+01 3.498951048951047937e+01 3.768316831683166868e+01 2.470145631067961034e+01 2.741407528641570579e+01 1.651204819277108271e+01 2.426833333333332732e+01 3.640163934426227854e+01 1.993843843843843189e+01 1.871673819742488476e+01 1.949560853199498212e+01 2.488824071231193358e+01 2.502048558421850188e+01 3.200909090909089372e+01 2.582524828113063364e+01 2.982113022113021117e+01 4.503886925795051610e+01 3.338256829062235909e+01 2.842258064516128258e+01 5.136363636363635266e+01 5.130652173913042446e+01 5.341935483870967261e+01 4.700427350427350603e+01 2.614736842105262582e+01 7.781705227077975628e+00 2.425566343042071082e+01 0.000000000000000000e+00 2.365888382687926139e+01 1.373089519650654999e+01 1.113705972434915736e+01 2.469999999999999218e+01 2.301395007342143373e+01 0.000000000000000000e+00 9.399999999999994316e+01 0.000000000000000000e+00 0.000000000000000000e+00 0.000000000000000000e+00 0.000000000000000000e+00 0.000000000000000000e+00 4.599999999999999289e+01 4.874999999999999289e+01 6.019999999999996732e+01 4.200000000000000711e+01 0.000000000000000000e+00 3.650000000000002132e+01 8.199999999999994316e+01 3.749999999999997158e+01 4.254999999999998295e+01 0.000000000000000000e+00 0.000000000000000000e+00 0.000000000000000000e+00 0.000000000000000000e+00 0.000000000000000000e+00 0.000000000000000000e+00 0.000000000000000000e+00 0.000000000000000000e+00 0.000000000000000000e+00 0.000000000000000000e+00 5.649999999999997158e+01 0.000000000000000000e+00 7.049999999999997158e+01 2.749999999999998579e+01 0.000000000000000000e+00 0.000000000000000000e+00 0.000000000000000000e+00 0.000000000000000000e+00 9.375000000000000000e+01 7.949999999999994316e+01 5.558333333333330728e+01 0.000000000000000000e+00 3.963333333333331865e+01 3.712499999999997868e+01 0.000000000000000000e+00 8.699999999999998579e+01 6.999999999999998579e+01
0.000000000000000000e+00 0.000000000000000000e+00 0.000000000000000000e+00 4.621428571428570820e+01 1.266950596252128314e+01 2.041847206385403624e+01 2.766666666666666075e+01 1.962567324955115922e+01 3.128373702422145186e+01 2.443185893604302805e+01 3.735051546391751032e+01 2.261013081837540994e+01 5.159239130434780662e+01 4.932307692307689706e+01 3.498951048951047937e+01 6.602518412924681890e+00 1.008473040326234127e+01 3.698279648609074854e+01 5.421473158551806648e+01 0.000000000000000000e+00 0.000000000000000000e+00 0.000000000000000000e+00 0.000000000000000000e+00 3.700000000000001421e+01 0.000000000000000000e+00 7.587499999999997158e+01 7.036363636363633134e+01 8.199999999999998579e+01 6.009230769230765645e+01 6.968446601941744234e+01 7.946666666666664014e+01 6.733333333333330017e+01 5.858409090909087524e+01 6.549999999999985789e+01 9.449999999999997158e+01 0.000000000000000000e+00 8.649999999999998579e+01 1.483680555555554648e+01 2.409151146131804211e+01 4.328571428571427049e+01 0.000000000000000000e+00 6.405952380952378178e+01 6.794444444444440023e+01 7.349999999999997158e+01 1.113407821229049333e+01 4.936956521739128334e+01 0.000000000000000000e+00 0.000000000000000000e+00 2.416666666666664653e+01 3.400000000000003553e+01 2.679999999999995453e+01 3.787499999999993605e+01 3.294999999999996021e+01 5.399999999999990052e+01 3.349999999999997868e+01 0.000000000000000000e+00 0.000000000000000000e+00 5.049999999999996447e+01 1.878947368421050967e+01 3.169230769230768630e+01 3.966666666666665009e+01 5.415789473684208133e+01 0.000000000000000000e+00 0.000000000000000000e+00 0.000000000000000000e+00 0.000000000000000000e+00 0.000000000000000000e+00 0.000000000000000000e+00 0.000000000000000000e+00 0.000000000000000000e+00 0.000000000000000000e+00 6.849999999999994316e+01 6.149999999999995026e+01 0.000000000000000000e+00 7.649999999999995737e+01 6.108333333333327886e+01 0.000000000000000000e+00 0.000000000000000000e+00 0.000000000000000000e+00 0.000000000000000000e+00 2.189999999999997016e+01 2.921428571428569754e+01 4.724999999999999289e+01 0.000000000000000000e+00 7.274999999999990052e+01 6.824999999999997158e+01 6.899999999999995737e+01 4.099999999999999289e+01 2.099999999999998579e+01
0.000000000000000000e+00 0.000000000000000000e+00 0.000000000000000000e+00 0.000000000000000000e+00 3.462711864406777806e+01 3.772839506172838497e+01 4.649999999999992895e+01 2.086708860759492623e+01 2.520110701107010343e+01 2.411105947955389084e+01 2.621862348178136770e+01 1.922531698191642846e+01 3.937499999999997868e+01 3.586697247706420200e+01 3.768316831683166868e+01 1.008473040326234127e+01 9.093051118210857098e+00 2.224710424710423240e+01 4.163040935672513143e+01 0.000000000000000000e+00 6.824999999999997158e+01 0.000000000000000000e+00 0.000000000000000000e+00 9.049999999999998579e+01 0.000000000000000000e+00 7.127777777777775725e+01 4.975000000000000000e+01 7.054545454545454675e+01 4.838607594936706846e+01 5.712499999999998579e+01 6.791304347826086030e+01 5.577292576419212367e+01 4.536594202898548644e+01 0.000000000000000000e+00 8.524999999999997158e+01 0.000000000000000000e+00 6.774999999999997158e+01 1.892187499999999289e+01 2.521612903225805269e+01 3.333928571428570820e+01 0.000000000000000000e+00 4.799999999999998579e+01 4.800000000000000000e+01 3.727777777777777857e+01 3.199999999999999289e+01 3.784507042253520837e+01 0.000000000000000000e+00 2.749999999999999289e+01 2.943749999999998934e+01 4.549999999999999289e+01 2.949999999999995737e+01 2.970833333333330373e+01 2.969999999999996732e+01 3.680555555555552161e+01 3.144444444444442865e+01 5.058333333333330728e+01 0.000000000000000000e+00 6.049999999999996447e+01 1.816666666666666075e+01 1.844285714285713240e+01 1.764545454545453396e+01 3.902272727272725916e+01 0.000000000000000000e+00 0.000000000000000000e+00 0.000000000000000000e+00 6.799999999999997158e+01 0.000000000000000000e+00 0.000000000000000000e+00 0.000000000000000000e+00 0.000000000000000000e+00 0.000000000000000000e+00 5.012499999999994316e+01 6.750000000000000000e+01 5.599999999999998579e+01 6.024999999999995737e+01 4.766666666666665009e+01 0.000000000000000000e+00 0.000000000000000000e+00 0.000000000000000000e+00 0.000000000000000000e+00 2.010869565217388555e+01 2.861999999999997613e+01 3.739999999999997726e+01 0.000000000000000000e+00 6.216666666666663588e+01 5.483333333333334281e+01 0.000000000000000000e+00 2.666666666666666075e+01 3.199999999999997158e+01
