0.000000000000000000e+00 0.000000000000000000e+00 0.000000000000000000e+00 0.000000000000000000e+00 0.000000000000000000e+00 0.000000000000000000e+00 0.000000000000000000e+00 0.000000000000000000e+00 0.000000000000000000e+00 0.000000000000000000e+00 0.000000000000000000e+00 0.000000000000000000e+00 0.000000000000000000e+00 0.000000000000000000e+00 0.000000000000000000e+00 0.000000000000000000e+00 0.000000000000000000e+00 0.000000000000000000e+00 0.000000000000000000e+00 0.000000000000000000e+00 0.000000000000000000e+00 0.000000000000000000e+00 0.000000000000000000e+00 0.000000000000000000e+00 0.000000000000000000e+00 0.000000000000000000e+00 0.000000000000000000e+00 0.000000000000000000e+00 0.000000000000000000e+00 0.000000000000000000e+00 0.000000000000000000e+00 0.000000000000000000e+00 0.000000000000000000e+00 0.000000000000000000e+00 0.000000000000000000e+00 0.000000000000000000e+00 0.000000000000000000e+00 0.000000000000000000e+00 0.000000000000000000e+00 0.000000000000000000e+00 0.000000000000000000e+00 0.000000000000000000e+00 0.000000000000000000e+00 0.000000000000000000e+00 0.000000000000000000e+00 0.000000000000000000e+00 0.000000000000000000e+00 0.000000000000000000e+00 0.000000000000000000e+00 0.000000000000000000e+00 0.000000000000000000e+00 0.000000000000000000e+00 0.000000000000000000e+00 0.000000000000000000e+00 0.000000000000000000e+00 0.000000000000000000e+00 0.000000000000000000e+00 0.000000000000000000e+00 0.000000000000000000e+00 0.000000000000000000e+00 0.000000000000000000e+00 0.000000000000000000e+00 0.000000000000000000e+00 0.000000000000000000e+00 0.000000000000000000e+00 0.000000000000000000e+00 0.000000000000000000e+00 0.000000000000000000e+00 0.000000000000000000e+00 0.000000000000000000e+00 0.000000000000000000e+00 0.000000000000000000e+00 0.000000000000000000e+00 0.000000000000000000e+00 0.000000000000000000e+00 0.000000000000000000e+00 0.000000000000000000e+00 0.000000000000000000e+00 0.000000000000000000e+00 0.000000000000000000e+00 0.000000000000000000e+00 0.000000000000000000e+00 0.000000000000000000e+00 0.000000000000000000e+00 0.000000000000000000e+00 0.000000000000000000e+00 0.000000000000000000e+00 0.000000000000000000e+00 0.000000000000000000e+00
0.000000000000000000e+00 0.000000000000000000e+00 0.000000000000000000e+00 0.000000000000000000e+00 0.000000000000000000e+00 0.000000000000000000e+00 0.000000000000000000e+00 0.000000000000000000e+00 0.000000000000000000e+00 0.000000000000000000e+00 0.000000000000000000e+00 0.000000000000000000e+00 0.000000000000000000e+00 0.000000000000000000e+00 0.000000000000000000e+00 0.000000000000000000e+00 0.000000000000000000e+00 0.000000000000000000e+00 0.000000000000000000e+00 0.000000000000000000e+00 0.000000000000000000e+00 0.000000000000000000e+00 0.000000000000000000e+00 0.000000000000000000e+00 0.000000000000000000e+00 0.000000000000000000e+00 0.000000000000000000e+00 0.000000000000000000e+00 0.000000000000000000e+00 0.000000000000000000e+00 0.000000000000000000e+00 0.000000000000000000e+00 0.000000000000000000e+00 0.000000000000000000e+00 0.000000000000000000e+00 0.000000000000000000e+00 0.000000000000000000e+00 0.000000000000000000e+00 0.000000000000000000e+00 0.000000000000000000e+00 0.000000000000000000e+00 0.000000000000000000e+00 0.000000000000000000e+00 0.000000000000000000e+00 0.000000000000000000e+00 0.000000000000000000e+00 0.000000000000000000e+00 0.000000000000000000e+00 0.000000000000000000e+00 0.000000000000000000e+00 0.000000000000000000e+00 0.000000000000000000e+00 0.000000000000000000e+00 0.000000000000000000e+00 0.000000000000000000e+00 0.000000000000000000e+00 0.000000000000000000e+00 0.000000000000000000e+00 0.000000000000000000e+00 0.000000000000000000e+00 0.000000000000000000e+00 0.000000000000000000e+00 0.000000000000000000e+00 0.000000000000000000e+00 0.000000000000000000e+00 0.000000000000000000e+00 0.000000000000000000e+00 0.000000000000000000e+00 0.000000000000000000e+00 0.000000000000000000e+00 0.000000000000000000e+00 0.000000000000000000e+00 0.000000000000000000e+00 0.000000000000000000e+00 0.000000000000000000e+00 0.000000000000000000e+00 0.000000000000000000e+00 0.000000000000000000e+00 0.000000000000000000e+00 0.000000000000000000e+00 0.000000000000000000e+00 0.000000000000000000e+00 0.000000000000000000e+00 0.000000000000000000e+00 0.000000000000000000e+00 0.000000000000000000e+00 0.000000000000000000e+00 0.000000000000000000e+00 0.000000000000000000e+00
0.000000000000000000e+00 0.000000000000000000e+00 0.000000000000000000e+00 0.000000000000000000e+00 0.000000000000000000e+00 0.000000000000000000e+00 0.000000000000000000e+00 0.000000000000000000e+00 0.000000000000000000e+00 0.000000000000000000e+00 0.000000000000000000e+00 0.000000000000000000e+00 0.000000000000000000e+00 0.000000000000000000e+00 0.000000000000000000e+00 0.000000000000000000e+00 0.000000000000000000e+00 0.000000000000000000e+00 0.000000000000000000e+00 0.000000000000000000e+00 0.000000000000000000e+00 0.000000000000000000e+00 0.000000000000000000e+00 0.000000000000000000e+00 0.000000000000000000e+00 0.000000000000000000e+00 0.000000000000000000e+00 0.000000000000000000e+00 0.000000000000000000e+00 0.000000000000000000e+00 0.000000000000000000e+00 0.000000000000000000e+00 0.000000000000000000e+00 0.000000000000000000e+00 0.000000000000000000e+00 0.000000000000000000e+00 0.000000000000000000e+00 0.000000000000000000e+00 0.000000000000000000e+00 0.000000000000000000e+00 0.000000000000000000e+00 0.000000000000000000e+00 0.000000000000000000e+00 0.000000000000000000e+00 0.000000000000000000e+00 0.000000000000000000e+00 0.000000000000000000e+00 0.000000000000000000e+00 0.000000000000000000e+00 0.000000000000000000e+00 0.000000000000000000e+00 0.000000000000000000e+00 0.000000000000000000e+00 0.000000000000000000e+00 0.000000000000000000e+00 0.000000000000000000e+00 0.000000000000000000e+00 0.000000000000000000e+00 0.000000000000000000e+00 0.000000000000000000e+00 0.000000000000000000e+00 0.000000000000000000e+00 0.000000000000000000e+00 0.000000000000000000e+00 0.000000000000000000e+00 0.000000000000000000e+00 0.000000000000000000e+00 0.000000000000000000e+00 0.000000000000000000e+00 0.000000000000000000e+00 0.000000000000000000e+00 0.000000000000000000e+00 0.000000000000000000e+00 0.000000000000000000e+00 0.000000000000000000e+00 0.000000000000000000e+00 0.000000000000000000e+00 0.000000000000000000e+00 0.000000000000000000e+00 0.000000000000000000e+00 0.000000000000000000e+00 0.000000000000000000e+00 0.000000000000000000e+00 0.000000000000000000e+00 0.000000000000000000e+00 0.000000000000000000e+00 0.000000000000000000e+00 0.000000000000000000e+00 0.000000000000000000e+00
0.000000000000000000e+00 0.000000000000000000e+00 0.000000000000000000e+00 4.669096209912533268e+00 6.681791221826807181e+00 1.199697336561742489e+01 1.900000000000001421e+01 3.191666666666663943e+01 0.000000000000000000e+00 1.071621621621620868e+01 4.449999999999997158e+01 6.419270833333330373e+00 0.000000000000000000e+00 0.000000000000000000e+00 3.899999999999995026e+01 2.893749999999998579e+01 0.000000000000000000e+00 0.000000000000000000e+00 0.000000000000000000e+00 0.000000000000000000e+00 0.000000000000000000e+00 0.000000000000000000e+00 0.000000000000000000e+00 0.000000000000000000e+00 0.000000000000000000e+00 0.000000000000000000e+00 0.000000000000000000e+00 0.000000000000000000e+00 0.000000000000000000e+00 7.999999999999992895e+01 0.000000000000000000e+00 8.749999999999998579e+01 0.000000000000000000e+00 0.000000000000000000e+00 0.000000000000000000e+00 0.000000000000000000e+00 0.000000000000000000e+00 2.899019607843134594e+01 3.288499999999996959e+01 4.599999999999997158e+01 0.000000000000000000e+00 0.000000000000000000e+00 0.000000000000000000e+00 0.000000000000000000e+00 3.337499999999997158e+01 5.999999999999997868e+01 0.000000000000000000e+00 0.000000000000000000e+00 0.000000000000000000e+00 0.000000000000000000e+00 0.000000000000000000e+00 0.000000000000000000e+00 5.649999999999997868e+01 0.000000000000000000e+00 0.000000000000000000e+00 0.000000000000000000e+00 0.000000000000000000e+00 0.000000000000000000e+00 0.000000000000000000e+00 0.000000000000000000e+00 0.000000000000000000e+00 0.000000000000000000e+00 0.000000000000000000e+00 0.000000000000000000e+00 0.000000000000000000e+00 0.000000000000000000e+00 0.000000000000000000e+00 0.000000000000000000e+00 0.000000000000000000e+00 0.000000000000000000e+00 0.000000000000000000e+00 0.000000000000000000e+00 0.000000000000000000e+00 0.000000000000000000e+00 0.000000000000000000e+00 0.000000000000000000e+00 0.000000000000000000e+00 0.000000000000000000e+00 0.000000000000000000e+00 0.000000000000000000e+00 0.000000000000000000e+00 0.000000000000000000e+00 0.000000000000000000e+00 0.000000000000000000e+00 0.000000000000000000e+00 0.000000000000000000e+00 0.000000000000000000e+00 0.000000000000000000e+00 0.000000000000000000e+00
0.000000000000000000e+00 0.000000000000000000e+00 0.000000000000000000e+00 6.681791221826807181e+00 1.072917119860778179e+01 1.061460622181102664e+01 3.799999999999997158e+01 2.821126760563379676e+01 4.309999999999998721e+01 1.825768535262205106e+01 4.454098360655736144e+01 1.626896067415729874e+01 5.928947368421051323e+01 6.290909090909090651e+01 2.662499999999998934e+01 1.325078864353311658e+01 3.039285714285714235e+01 5.341666666666665009e+01 6.688983050847454592e+01 0.000000000000000000e+00 0.000000000000000000e+00 0.000000000000000000e+00 0.000000000000000000e+00 0.000000000000000000e+00 4.450000000000000711e+01 6.300000000000002132e+01 0.000000000000000000e+00 0.000000000000000000e+00 7.283333333333330017e+01 7.891666666666664298e+01 8.175000000000000000e+01 8.091666666666664298e+01 7.263157894736839637e+01 0.000000000000000000e+00 0.000000000000000000e+00 0.000000000000000000e+00 0.000000000000000000e+00 1.282943676939425437e+01 1.938012295081965775e+01 3.703846153846152589e+01 0.000000000000000000e+00 6.750000000000000000e+01 4.050000000000000000e+01 2.374999999999999289e+01 6.399782135076249823e+00 1.357692307692306954e+01 0.000000000000000000e+00 0.000000000000000000e+00 0.000000000000000000e+00 0.000000000000000000e+00 0.000000000000000000e+00 6.349999999999992895e+01 4.783333333333328596e+01 0.000000000000000000e+00 5.049999999999996447e+01 0.000000000000000000e+00 0.000000000000000000e+00 0.000000000000000000e+00 2.849999999999997868e+01 0.000000000000000000e+00 5.374999999999995026e+01 0.000000000000000000e+00 0.000000000000000000e+00 0.000000000000000000e+00 0.000000000000000000e+00 0.000000000000000000e+00 0.000000000000000000e+00 0.000000000000000000e+00 0.000000000000000000e+00 0.000000000000000000e+00 0.000000000000000000e+00 0.000000000000000000e+00 0.000000000000000000e+00 0.000000000000000000e+00 0.000000000000000000e+00 0.000000000000000000e+00 0.000000000000000000e+00 0.000000000000000000e+00 0.000000000000000000e+00 0.000000000000000000e+00 2.579999999999997584e+01 0.000000000000000000e+00 0.000000000000000000e+00 0.000000000000000000e+00 0.000000000000000000e+00 0.000000000000000000e+00 0.000000000000000000e+00 1.899999999999999289e+01 7.799999999999992717e+00
0.000000000000000000e+00 0.000000000000000000e+00 0.000000000000000000e+00 1.199697336561742489e+01 1.061460622181102664e+01 1.488526549428033796e+01 9.108559498956154243e+00 1.401845114345113963e+01 2.732615894039733817e+01 1.627914991384261256e+01 3.998713826366558521e+01 2.519042838018740582e+01 5.573308270676689347e+01 6.309999999999998010e+01 1.847632575757575069e+01 2.265880893300246868e+01 3.574242424242422800e+01 5.958695652173911128e+01 6.816666666666664298e+01 0.000000000000000000e+00 7.000000000000000000e+01 6.999999999999997158e+01 4.000000000000000000e+01 3.024999999999998579e+01 6.650000000000001421e+01 5.945454545454545325e+01 4.187499999999998579e+01 5.599999999999997158e+01 6.549999999999998579e+01 6.766666666666664298e+01 7.445945945945943834e+01 7.673231132075468963e+01 7.508181818181815004e+01 0.000000000000000000e+00 8.291666666666662877e+01 9.949999999999995737e+01 4.149999999999999289e+01 1.889615149664018290e+01 1.861170279413605755e+01 3.030645161290320999e+01 0.000000000000000000e+00 4.174999999999997158e+01 2.913333333333331865e+01 2.929310344827585055e+01 2.069471947194717742e+01 3.907894736842104066e+01 0.000000000000000000e+00 0.000000000000000000e+00 5.000000000000000711e+01 0.000000000000000000e+00 5.449999999999995737e+01 6.349999999999992895e+01 5.149999999999992895e+01 0.000000000000000000e+00 4.749999999999995737e+01 0.000000000000000000e+00 0.000000000000000000e+00 0.000000000000000000e+00 3.546666666666664725e+01 3.749999999999997158e+01 6.749999999999991473e+01 7.216666666666661456e+01 0.000000000000000000e+00 0.000000000000000000e+00 0.000000000000000000e+00 0.000000000000000000e+00 0.000000000000000000e+00 0.000000000000000000e+00 0.000000000000000000e+00 0.000000000000000000e+00 0.000000000000000000e+00 0.000000000000000000e+00 0.000000000000000000e+00 0.000000000000000000e+00 0.000000000000000000e+00 7.600000000000004263e+01 0.000000000000000000e+00 0.000000000000000000e+00 0.000000000000000000e+00 0.000000000000000000e+00 5.649999999999994316e+01 5.399999999999996447e+01 0.000000000000000000e+00 0.000000000000000000e+00 0.000000000000000000e+00 0.000000000000000000e+00 0.000000000000000000e+00 4.799999999999995737e+01 1.150000000000000355e+01
0.000000000000000000e+00 0.000000000000000000e+00 0.000000000000000000e+00 1.900000000000001421e+01 3.799999999999997158e+01 9.108559498956154243e+00 8.106920762286856430e+00 8.251638747268751573e+00 1.972147651006710589e+01 1.151361867704279796e+01 4.549999999999997868e+01 3.281249999999999289e+01 4.783333333333332149e+01 0.000000000000000000e+00 2.874999999999998224e+01 4.599999999999999289e+01 0.000000000000000000e+00 0.000000000000000000e+00 5.999999999999995026e+01 0.000000000000000000e+00 0.000000000000000000e+00 0.000000000000000000e+00 5.849999999999991473e+01 0.000000000000000000e+00 0.000000000000000000e+00 6.049999999999995026e+01 0.000000000000000000e+00 0.000000000000000000e+00 5.799999999999995737e+01 5.088461538461535838e+01 8.300000000000000000e+01 7.027777777777772883e+01 7.100000000000001421e+01 0.000000000000000000e+00 0.000000000000000000e+00 0.000000000000000000e+00 0.000000000000000000e+00 4.299999999999997868e+01 2.496103896103894826e+01 2.249999999999999289e+01 0.000000000000000000e+00 0.000000000000000000e+00 0.000000000000000000e+00 2.449999999999996803e+01 0.000000000000000000e+00 0.000000000000000000e+00 0.000000000000000000e+00 0.000000000000000000e+00 0.000000000000000000e+00 0.000000000000000000e+00 0.000000000000000000e+00 0.000000000000000000e+00 0.000000000000000000e+00 0.000000000000000000e+00 0.000000000000000000e+00 0.000000000000000000e+00 0.000000000000000000e+00 0.000000000000000000e+00 0.000000000000000000e+00 0.000000000000000000e+00 0.000000000000000000e+00 0.000000000000000000e+00 0.000000000000000000e+00 0.000000000000000000e+00 0.000000000000000000e+00 0.000000000000000000e+00 0.000000000000000000e+00 0.000000000000000000e+00 0.000000000000000000e+00 0.000000000000000000e+00 0.000000000000000000e+00 0.000000000000000000e+00 0.000000000000000000e+00 0.000000000000000000e+00 0.000000000000000000e+00 0.000000000000000000e+00 0.000000000000000000e+00 0.000000000000000000e+00 0.000000000000000000e+00 0.000000000000000000e+00 0.000000000000000000e+00 0.000000000000000000e+00 0.000000000000000000e+00 0.000000000000000000e+00 0.000000000000000000e+00 0.000000000000000000e+00 0.000000000000000000e+00 0.000000000000000000e+00 0.000000000000000000e+00
0.000000000000000000e+00 0.000000000000000000e+00 0.000000000000000000e+00 3.191666666666663943e+01 2.821126760563379676e+01 1.401845114345113963e+01 8.251638747268751573e+00 9.371260997067448528e+00 1.048177352637021542e+01 2.081540189715425981e+01 3.753658536585363947e+01 2.483753943217664073e+01 3.457051282051281049e+01 6.900000000000000000e+01 3.256249999999998579e+01 2.030578512396694180e+01 3.259090909090909349e+01 5.312499999999995737e+01 5.901923076923075939e+01 0.000000000000000000e+00 7.733333333333332860e+01 0.000000000000000000e+00 9.200000000000000000e+01 0.000000000000000000e+00 8.449999999999997158e+01 6.353333333333331723e+01 0.000000000000000000e+00 6.237499999999999289e+01 4.155769230769229239e+01 3.856308411214951803e+01 6.046249999999998437e+01 6.298412698412695931e+01 6.102419354838708188e+01 7.059999999999999432e+01 6.992647058823526152e+01 6.757142857142854098e+01 6.826315789473682116e+01 2.371969696969695462e+01 2.602887537993919409e+01 3.335714285714283278e+01 0.000000000000000000e+00 5.199999999999998579e+01 8.199999999999997158e+01 4.599999999999995737e+01 3.295652173913043015e+01 5.774999999999997158e+01 0.000000000000000000e+00 0.000000000000000000e+00 6.099999999999991473e+01 0.000000000000000000e+00 0.000000000000000000e+00 0.000000000000000000e+00 5.149999999999994316e+01 0.000000000000000000e+00 3.449999999999998579e+01 0.000000000000000000e+00 0.000000000000000000e+00 0.000000000000000000e+00 2.795833333333331439e+01 3.299999999999998579e+01 4.999999999999992895e+01 7.449999999999997158e+01 0.000000000000000000e+00 0.000000000000000000e+00 0.000000000000000000e+00 0.000000000000000000e+00 0.000000000000000000e+00 0.000000000000000000e+00 0.000000000000000000e+00 0.000000000000000000e+00 0.000000000000000000e+00 0.000000000000000000e+00 0.000000000000000000e+00 0.000000000000000000e+00 0.000000000000000000e+00 0.000000000000000000e+00 0.000000000000000000e+00 0.000000000000000000e+00 0.000000000000000000e+00 0.000000000000000000e+00 2.949999999999995737e+01 0.000000000000000000e+00 0.000000000000000000e+00 0.000000000000000000e+00 0.000000000000000000e+00 0.000000000000000000e+00 0.000000000000000000e+00 0.000000000000000000e+00 0.000000000000000000e+00
0.000000000000000000e+00 0.000000000000000000e+00 0.000000000000000000e+00 0.000000000000000000e+00 4.309999999999998721e+01 2.732615894039733817e+01 1.972147651006710589e+01 1.048177352637021542e+01 1.195552157898394618e+01 1.688500764915858454e+01 2.342619926199261826e+01 3.227204030226699416e+01 1.073064225690276174e+01 5.924999999999995737e+01 2.311874533233755358e+01 2.901056338028169179e+01 2.647999999999999687e+01 4.476315789473682827e+01 5.008823529411763786e+01 0.000000000000000000e+00 5.922499999999998721e+01 6.218749999999997158e+01 7.083333333333330017e+01 7.916666666666662877e+01 5.725000000000000000e+01 5.543835616438354919e+01 4.299999999999999289e+01 4.782222222222222285e+01 2.475901875901874760e+01 2.788293818797627921e+01 4.894417767106843087e+01 5.454870129870129603e+01 5.183333333333332149e+01 6.584615384615383959e+01 6.196212121212120394e+01 5.718750000000000000e+01 5.824157303370786565e+01 2.559689922480619373e+01 1.635560165975103786e+01 2.980281690140844475e+01 0.000000000000000000e+00 4.977777777777777146e+01 5.873809523809524080e+01 5.837499999999999289e+01 3.528846153846152589e+01 3.586904761904762040e+01 0.000000000000000000e+00 0.000000000000000000e+00 0.000000000000000000e+00 0.000000000000000000e+00 0.000000000000000000e+00 0.000000000000000000e+00 6.149999999999995026e+01 0.000000000000000000e+00 5.219999999999997442e+01 0.000000000000000000e+00 0.000000000000000000e+00 0.000000000000000000e+00 0.000000000000000000e+00 3.000000000000000000e+01 0.000000000000000000e+00 9.249999999999995737e+01 0.000000000000000000e+00 0.000000000000000000e+00 0.000000000000000000e+00 0.000000000000000000e+00 0.000000000000000000e+00 0.000000000000000000e+00 0.000000000000000000e+00 0.000000000000000000e+00 0.000000000000000000e+00 0.000000000000000000e+00 0.000000000000000000e+00 0.000000000000000000e+00 0.000000000000000000e+00 0.000000000000000000e+00 0.000000000000000000e+00 0.000000000000000000e+00 0.000000000000000000e+00 0.000000000000000000e+00 0.000000000000000000e+00 0.000000000000000000e+00 0.000000000000000000e+00 0.000000000000000000e+00 0.000000000000000000e+00 0.000000000000000000e+00 0.000000000000000000e+00 5.649999999999999289e+01 0.000000000000000000e+00
0.000000000000000000e+00 0.000000000000000000e+00 0.000000000000000000e+00 1.071621621621620868e+01 1.825768535262205106e+01 1.627914991384261256e+01 1.151361867704279796e+01 2.081540189715425981e+01 1.688500764915858454e+01 1.293767122122207347e+01 1.676378466557911295e+01 1.545031106083864536e+01 4.489628924833490231e+01 5.085714285714283989e+01 2.383265097236436603e+01 2.362499999999998934e+01 2.202158894645939924e+01 4.636594202898549355e+01 6.201234567901231998e+01 0.000000000000000000e+00 8.374999999999998579e+01 7.349999999999997158e+01 0.000000000000000000e+00 1.060000000000000284e+02 0.000000000000000000e+00 8.085416666666664298e+01 5.599999999999995737e+01 8.100000000000000000e+01 5.459230769230767066e+01 5.444799054373520875e+01 6.317639902676397412e+01 6.447187499999998295e+01 6.532985386221292856e+01 7.204545454545454675e+01 7.037878787878787534e+01 6.316666666666662877e+01 7.496428571428569398e+01 2.146101786681103007e+01 2.498623935723705713e+01 3.610727611940296811e+01 0.000000000000000000e+00 4.264583333333331439e+01 6.816666666666665719e+01 6.340624999999998579e+01 3.349869109947641732e+01 4.270434782608693780e+01 0.000000000000000000e+00 0.000000000000000000e+00 4.999999999999998579e+01 0.000000000000000000e+00 0.000000000000000000e+00 5.949999999999999289e+01 4.895999999999994401e+01 5.037499999999992895e+01 4.506944444444440023e+01 6.616666666666661456e+01 7.324999999999995737e+01 0.000000000000000000e+00 3.103947368421050257e+01 2.994262295081965419e+01 4.672222222222220012e+01 7.424999999999995737e+01 0.000000000000000000e+00 0.000000000000000000e+00 0.000000000000000000e+00 0.000000000000000000e+00 0.000000000000000000e+00 0.000000000000000000e+00 0.000000000000000000e+00 0.000000000000000000e+00 0.000000000000000000e+00 0.000000000000000000e+00 0.000000000000000000e+00 0.000000000000000000e+00 0.000000000000000000e+00 6.999999999999992895e+01 0.000000000000000000e+00 0.000000000000000000e+00 0.000000000000000000e+00 0.000000000000000000e+00 3.949999999999994316e+01 4.890909090909088519e+01 6.449999999999987210e+01 0.000000000000000000e+00 5.066666666666665009e+01 0.000000000000000000e+00 0.000000000000000000e+00 7.799999999999990052e+01 0.000000000000000000e+00
0.000000000000000000e+00 0.000000000000000000e+00 0.000000000000000000e+00 4.449999999999997158e+01 4.454098360655736144e+01 3.998713826366558521e+01 4.549999999999997868e+01 3.753658536585363947e+01 2.342619926199261826e+01 1.676378466557911295e+01 1.199300865594977594e+01 2.002587073007367735e+01 1.585691615974609903e+01 4.111363636363636687e+01 2.465865384615384315e+01 3.630616740088104422e+01 2.782366071428570464e+01 2.464823008849556629e+01 5.053271028037383417e+01 8.599999999999998579e+01 6.218888888888888999e+01 6.800000000000000000e+01 8.149999999999997158e+01 9.099999999999998579e+01 6.579999999999998295e+01 5.466666666666666430e+01 0.000000000000000000e+00 4.660975609756097526e+01 2.818651892890120081e+01 3.544525745257452343e+01 4.459990530303030454e+01 4.494687341128621938e+01 4.555792163543441120e+01 5.457758620689655515e+01 5.483134328358208620e+01 5.101587301587301937e+01 5.552916666666666856e+01 2.039839181286549064e+01 2.030701200252684302e+01 2.649200710479573573e+01 0.000000000000000000e+00 2.988372093023255971e+01 5.569999999999998863e+01 4.002000000000000313e+01 4.831818181818180591e+01 3.763636363636363313e+01 0.000000000000000000e+00 6.450000000000004263e+01 0.000000000000000000e+00 0.000000000000000000e+00 0.000000000000000000e+00 0.000000000000000000e+00 5.469999999999996732e+01 4.919999999999995310e+01 4.771874999999996447e+01 4.693749999999997158e+01 6.449999999999997158e+01 0.000000000000000000e+00 4.541666666666663588e+01 3.673333333333332007e+01 3.206060606060604101e+01 4.774999999999997158e+01 0.000000000000000000e+00 0.000000000000000000e+00 0.000000000000000000e+00 0.000000000000000000e+00 0.000000000000000000e+00 0.000000000000000000e+00 0.000000000000000000e+00 0.000000000000000000e+00 0.000000000000000000e+00 0.000000000000000000e+00 9.299999999999998579e+01 0.000000000000000000e+00 8.349999999999992895e+01 4.575000000000000711e+01 0.000000000000000000e+00 0.000000000000000000e+00 0.000000000000000000e+00 0.000000000000000000e+00 3.809999999999998010e+01 4.458333333333330728e+01 4.974999999999998579e+01 0.000000000000000000e+00 3.299999999999997868e+01 0.000000000000000000e+00 5.875000000000001421e+01 5.624999999999998579e+01 0.000000000000000000e+00
0.000000000000000000e+00 0.000000000000000000e+00 0.000000000000000000e+00 6.419270833333330373e+00 1.626896067415729874e+01 2.519042838018740582e+01 3.281249999999999289e+01 2.483753943217664073e+01 3.227204030226699416e+01 1.545031106083864536e+01 2.002587073007367735e+01 1.586590680188669644e+01 2.409405005509207953e+01 2.029754055468340468e+01 3.063798219584569793e+01 2.256242818843354314e+01 1.826013363028952696e+01 2.629478173607625635e+01 4.258941605839416411e+01 0.000000000000000000e+00 7.737500000000000000e+01 6.200000000000000000e+01 0.000000000000000000e+00 0.000000000000000000e+00 0.000000000000000000e+00 6.310000000000000142e+01 0.000000000000000000e+00 6.049999999999999289e+01 3.527728613569320970e+01 4.493645484949832536e+01 5.966666666666666430e+01 5.078959731543623946e+01 4.478344827586206378e+01 6.946428571428570820e+01 7.095238095238094900e+01 7.183333333333334281e+01 7.033333333333331439e+01 2.312157251404029523e+01 2.871199947312959821e+01 3.481818181818180591e+01 0.000000000000000000e+00 3.947058823529411598e+01 6.239999999999999147e+01 4.861111111111111427e+01 3.836063218390803797e+01 4.240506329113923556e+01 0.000000000000000000e+00 4.424999999999998579e+01 4.874999999999997158e+01 8.299999999999997158e+01 5.950000000000001421e+01 4.924999999999992895e+01 4.980597014925368882e+01 4.551724137931031322e+01 2.714405204460964427e+01 4.972222222222220722e+01 3.699999999999997158e+01 5.800000000000000000e+01 3.121562499999997797e+01 2.947177419354837369e+01 2.714189189189188056e+01 5.282692307692305889e+01 0.000000000000000000e+00 0.000000000000000000e+00 0.000000000000000000e+00 0.000000000000000000e+00 0.000000000000000000e+00 0.000000000000000000e+00 0.000000000000000000e+00 0.000000000000000000e+00 0.000000000000000000e+00 5.579999999999999005e+01 6.933333333333330017e+01 9.275000000000000000e+01 8.199999999999997158e+01 6.144999999999995310e+01 0.000000000000000000e+00 0.000000000000000000e+00 0.000000000000000000e+00 0.000000000000000000e+00 3.782352941176466743e+01 5.025757575757573647e+01 4.822222222222220012e+01 0.000000000000000000e+00 4.010000000000000853e+01 7.099999999999997158e+01 5.075000000000000711e+01 4.943749999999995737e+01 8.250000000000004263e+01
0.000000000000000000e+00 0.000000000000000000e+00 0.000000000000000000e+00 0.000000000000000000e+00 5.928947368421051323e+01 5.573308270676689347e+01 4.783333333333332149e+01 3.457051282051281049e+01 1.073064225690276174e+01 4.489628924833490231e+01 1.585691615974609903e+01 2.409405005509207953e+01 1.235520010798407320e+01 8.955821769297486412e+00 2.294081942336874747e+01 5.307826086956519873e+01 4.030314960629919341e+01 2.052934537246049729e+01 3.542477876106195112e+01 0.000000000000000000e+00 5.745833333333333570e+01 5.100000000000000711e+01 4.969999999999998863e+01 6.199999999999996447e+01 5.066666666666668561e+01 1.319117647058823550e+01 3.599999999999998579e+01 4.384782608695651618e+01 1.618589500316255680e+01 2.527935943060498047e+01 4.130127576054955796e+01 3.184447362138935134e+01 3.351133786848073015e+01 4.962500000000000000e+01 5.344961240310077244e+01 4.847619047619047450e+01 5.275694444444444287e+01 2.655396475770925235e+01 2.359600524857851767e+01 2.863856003865669564e+01 0.000000000000000000e+00 2.782943925233645643e+01 4.439999999999999858e+01 3.711161387631977249e+01 6.511666666666664582e+01 3.537500000000001421e+01 0.000000000000000000e+00 6.549999999999991473e+01 0.000000000000000000e+00 0.000000000000000000e+00 0.000000000000000000e+00 0.000000000000000000e+00 7.537499999999994316e+01 5.859999999999996589e+01 5.572499999999998010e+01 5.510344827586204985e+01 0.000000000000000000e+00 0.000000000000000000e+00 6.118749999999997868e+01 4.666666666666665009e+01 3.970588235294115975e+01 3.644999999999998863e+01 0.000000000000000000e+00 0.000000000000000000e+00 0.000000000000000000e+00 0.000000000000000000e+00 0.000000000000000000e+00 0.000000000000000000e+00 0.000000000000000000e+00 0.000000000000000000e+00 0.000000000000000000e+00 5.599999999999997158e+01 5.474999999999997158e+01 0.000000000000000000e+00 6.774999999999995737e+01 7.874999999999997158e+01 0.000000000000000000e+00 0.000000000000000000e+00 0.000000000000000000e+00 0.000000000000000000e+00 4.249999999999998579e+01 6.962499999999998579e+01 5.633333333333331439e+01 0.000000000000000000e+00 3.414285714285714590e+01 6.100000000000000711e+01 5.966666666666663588e+01 0.000000000000000000e+00 5.550000000000000711e+01
0.000000000000000000e+00 0.000000000000000000e+00 0.000000000000000000e+00 0.000000000000000000e+00 6.290909090909090651e+01 6.309999999999998010e+01 0.000000000000000000e+00 6.900000000000000000e+01 5.924999999999995737e+01 5.085714285714283989e+01 4.111363636363636687e+01 2.029754055468340468e+01 8.955821769297486412e+00 9.324981577008106370e+00 4.378571428571429180e+01 4.964814814814813815e+01 3.969863013698628862e+01 9.772988505747125743e+00 2.264406779661017310e+01 0.000000000000000000e+00 0.000000000000000000e+00 0.000000000000000000e+00 0.000000000000000000e+00 0.000000000000000000e+00 0.000000000000000000e+00 3.850000000000000711e+01 2.450000000000003197e+01 0.000000000000000000e+00 1.148342714196372683e+01 3.551020408163265074e+01 2.900000000000000000e+01 1.566860465116279144e+01 1.354945054945054927e+01 0.000000000000000000e+00 0.000000000000000000e+00 0.000000000000000000e+00 0.000000000000000000e+00 3.656666666666666998e+01 4.064150943396226268e+01 3.626470588235294912e+01 0.000000000000000000e+00 3.329999999999999716e+01 3.099999999999998579e+01 4.554545454545453254e+01 6.557142857142854098e+01 3.584375000000000000e+01 0.000000000000000000e+00 0.000000000000000000e+00 0.000000000000000000e+00 0.000000000000000000e+00 0.000000000000000000e+00 0.000000000000000000e+00 7.933333333333328596e+01 0.000000000000000000e+00 7.287499999999994316e+01 0.000000000000000000e+00 0.000000000000000000e+00 0.000000000000000000e+00 5.649999999999997868e+01 5.129999999999997584e+01 3.659999999999998721e+01 0.000000000000000000e+00 0.000000000000000000e+00 0.000000000000000000e+00 0.000000000000000000e+00 0.000000000000000000e+00 0.000000000000000000e+00 0.000000000000000000e+00 0.000000000000000000e+00 0.000000000000000000e+00 0.000000000000000000e+00 0.000000000000000000e+00 0.000000000000000000e+00 0.000000000000000000e+00 0.000000000000000000e+00 0.000000000000000000e+00 0.000000000000000000e+00 0.000000000000000000e+00 0.000000000000000000e+00 0.000000000000000000e+00 0.000000000000000000e+00 8.249999999999992895e+01 0.000000000000000000e+00 0.000000000000000000e+00 0.000000000000000000e+00 0.000000000000000000e+00 0.000000000000000000e+00 0.000000000000000000e+00 0.000000000000000000e+00
0.000000000000000000e+00 0.000000000000000000e+00 0.000000000000000000e+00 3.899999999999995026e+01 2.662499999999998934e+01 1.847632575757575069e+01 2.874999999999998224e+01 3.256249999999998579e+01 2.311874533233755358e+01 2.383265097236436603e+01 2.465865384615384315e+01 3.063798219584569793e+01 2.294081942336874747e+01 4.378571428571429180e+01 1.116938632495745054e+01 2.864843749999998579e+01 3.510714285714283989e+01 2.246376811594202749e+01 2.768989071038251026e+01 1.436071428571428754e+01 2.090189125295507466e+01 2.833333333333332860e+01 2.369969969969969625e+01 1.930346820809247887e+01 2.132292993630573363e+01 1.920920502092049631e+01 2.038970588235293491e+01 2.592421874999998721e+01 1.760706482155863384e+01 2.183682983682983192e+01 4.381826484018263557e+01 3.459720930232558089e+01 3.230721003134795666e+01 5.226666666666665861e+01 4.889078498293513775e+01 5.224999999999998579e+01 3.978654970760232601e+01 2.382727272727272450e+01 7.805652516608486913e+00 1.482203389830508478e+01 0.000000000000000000e+00 1.936848958333332504e+01 1.496743929359823255e+01 1.330877483443708620e+01 3.772222222222220012e+01 2.017535070140279885e+01 0.000000000000000000e+00 0.000000000000000000e+00 6.449999999999995737e+01 0.000000000000000000e+00 0.000000000000000000e+00 0.000000000000000000e+00 0.000000000000000000e+00 0.000000000000000000e+00 4.849999999999993605e+01 0.000000000000000000e+00 5.650000000000000000e+01 6.749999999999998579e+01 6.649999999999995737e+01 0.000000000000000000e+00 0.000000000000000000e+00 3.024999999999997513e+01 0.000000000000000000e+00 0.000000000000000000e+00 0.000000000000000000e+00 0.000000000000000000e+00 0.000000000000000000e+00 0.000000000000000000e+00 0.000000000000000000e+00 0.000000000000000000e+00 0.000000000000000000e+00 0.000000000000000000e+00 4.149999999999998579e+01 0.000000000000000000e+00 0.000000000000000000e+00 3.300000000000000711e+01 0.000000000000000000e+00 0.000000000000000000e+00 0.000000000000000000e+00 0.000000000000000000e+00 3.624999999999999289e+01 0.000000000000000000e+00 0.000000000000000000e+00 0.000000000000000000e+00 3.299999999999999289e+01 0.000000000000000000e+00 0.000000000000000000e+00 0.000000000000000000e+00 0.000000000000000000e+00
0.000000000000000000e+00 0.000000000000000000e+00 0.000000000000000000e+00 2.893749999999998579e+01 1.325078864353311658e+01 2.265880893300246868e+01 4.599999999999999289e+01 2.030578512396694180e+01 2.901056338028169179e+01 2.362499999999998934e+01 3.630616740088104422e+01 2.256242818843354314e+01 5.307826086956519873e+01 4.964814814814813815e+01 2.864843749999998579e+01 7.356332703213608326e+00 1.064521112255406798e+01 3.904115226337446387e+01 5.381478968792398376e+01 0.000000000000000000e+00 0.000000000000000000e+00 0.000000000000000000e+00 0.000000000000000000e+00 0.000000000000000000e+00 9.150000000000002842e+01 8.349999999999997158e+01 0.000000000000000000e+00 0.000000000000000000e+00 6.137671232876709837e+01 6.889215686274508244e+01 8.504166666666667140e+01 6.802479338842974244e+01 5.704419889502760554e+01 8.800000000000000000e+01 9.099999999999998579e+01 8.225000000000000000e+01 9.250000000000001421e+01 1.388258706467660986e+01 2.511809235427705289e+01 4.047413793103446977e+01 0.000000000000000000e+00 5.928124999999998579e+01 7.624999999999994316e+01 6.449999999999997158e+01 1.083333333333332504e+01 6.049999999999997868e+01 2.199999999999997513e+01 1.787499999999998579e+01 2.961111111111109295e+01 6.024999999999997868e+01 3.299999999999994316e+01 4.199999999999995026e+01 3.268965517241377228e+01 4.424999999999992184e+01 3.038235294117644258e+01 5.975000000000001421e+01 6.599999999999991473e+01 0.000000000000000000e+00 1.528191489361701194e+01 1.893877551020406713e+01 4.530769230769229949e+01 5.676315789473680695e+01 0.000000000000000000e+00 0.000000000000000000e+00 0.000000000000000000e+00 0.000000000000000000e+00 0.000000000000000000e+00 0.000000000000000000e+00 0.000000000000000000e+00 0.000000000000000000e+00 0.000000000000000000e+00 0.000000000000000000e+00 7.224999999999994316e+01 0.000000000000000000e+00 7.662499999999998579e+01 6.829999999999998295e+01 0.000000000000000000e+00 0.000000000000000000e+00 0.000000000000000000e+00 0.000000000000000000e+00 2.867999999999996774e+01 3.418749999999998579e+01 0.000000000000000000e+00 0.000000000000000000e+00 5.574999999999996447e+01 0.000000000000000000e+00 0.000000000000000000e+00 2.300000000000000355e+01 4.224999999999997158e+01
0.000000000000000000e+00 0.000000000000000000e+00 0.000000000000000000e+00 0.000000000000000000e+00 3.039285714285714235e+01 3.574242424242422800e+01 0.000000000000000000e+00 3.259090909090909349e+01 2.647999999999999687e+01 2.202158894645939924e+01 2.782366071428570464e+01 1.826013363028952696e+01 4.030314960629919341e+01 3.969863013698628862e+01 3.510714285714283989e+01 1.064521112255406798e+01 8.439205955334983855e+00 2.281887532693982479e+01 4.232615894039732751e+01 0.000000000000000000e+00 0.000000000000000000e+00 0.000000000000000000e+00 0.000000000000000000e+00 0.000000000000000000e+00 0.000000000000000000e+00 7.449999999999998579e+01 0.000000000000000000e+00 0.000000000000000000e+00 4.884883720930230311e+01 5.687499999999997158e+01 6.850000000000000000e+01 5.682045454545453111e+01 4.535681818181816283e+01 0.000000000000000000e+00 8.374999999999997158e+01 0.000000000000000000e+00 0.000000000000000000e+00 1.926424050632910578e+01 2.714719626168223243e+01 3.437280701754384893e+01 0.000000000000000000e+00 4.841666666666662877e+01 0.000000000000000000e+00 5.702631578947367075e+01 3.023958333333333215e+01 4.475000000000000000e+01 0.000000000000000000e+00 3.674999999999997158e+01 3.824999999999997158e+01 0.000000000000000000e+00 4.149999999999995737e+01 0.000000000000000000e+00 3.354861111111107164e+01 3.162499999999998224e+01 2.850624999999997655e+01 4.891666666666660745e+01 3.849999999999995737e+01 0.000000000000000000e+00 2.099358974358973740e+01 1.209090909090908639e+01 2.208620689655171176e+01 4.682692307692304468e+01 0.000000000000000000e+00 0.000000000000000000e+00 0.000000000000000000e+00 0.000000000000000000e+00 0.000000000000000000e+00 0.000000000000000000e+00 0.000000000000000000e+00 0.000000000000000000e+00 0.000000000000000000e+00 5.049999999999995737e+01 4.799999999999999289e+01 6.799999999999994316e+01 7.337499999999998579e+01 5.290909090909087809e+01 0.000000000000000000e+00 0.000000000000000000e+00 0.000000000000000000e+00 0.000000000000000000e+00 2.955555555555553582e+01 4.146874999999997158e+01 3.800000000000001421e+01 0.000000000000000000e+00 6.174999999999997158e+01 8.300000000000001421e+01 0.000000000000000000e+00 3.378571428571426338e+01 7.049999999999997158e+01
