0.000000000000000000e+00 0.000000000000000000e+00 0.000000000000000000e+00 0.000000000000000000e+00 0.000000000000000000e+00 0.000000000000000000e+00 0.000000000000000000e+00 0.000000000000000000e+00 0.000000000000000000e+00 0.000000000000000000e+00 0.000000000000000000e+00 0.000000000000000000e+00 0.000000000000000000e+00 0.000000000000000000e+00 0.000000000000000000e+00 0.000000000000000000e+00 0.000000000000000000e+00 0.000000000000000000e+00 0.000000000000000000e+00 0.000000000000000000e+00 0.000000000000000000e+00 0.000000000000000000e+00 0.000000000000000000e+00 0.000000000000000000e+00 0.000000000000000000e+00 0.000000000000000000e+00 0.000000000000000000e+00 0.000000000000000000e+00 0.000000000000000000e+00 0.000000000000000000e+00 0.000000000000000000e+00 0.000000000000000000e+00 0.000000000000000000e+00 0.000000000000000000e+00 0.000000000000000000e+00 0.000000000000000000e+00 0.000000000000000000e+00 0.000000000000000000e+00 0.000000000000000000e+00 0.000000000000000000e+00 0.000000000000000000e+00 0.000000000000000000e+00 0.000000000000000000e+00 0.000000000000000000e+00 0.000000000000000000e+00 0.000000000000000000e+00 0.000000000000000000e+00 0.000000000000000000e+00 0.000000000000000000e+00 0.000000000000000000e+00 0.000000000000000000e+00 0.000000000000000000e+00 0.000000000000000000e+00 0.000000000000000000e+00 0.000000000000000000e+00 0.000000000000000000e+00 0.000000000000000000e+00 0.000000000000000000e+00 0.000000000000000000e+00 0.000000000000000000e+00 0.000000000000000000e+00 0.000000000000000000e+00 0.000000000000000000e+00 0.000000000000000000e+00 0.000000000000000000e+00 0.000000000000000000e+00 0.000000000000000000e+00 0.000000000000000000e+00 0.000000000000000000e+00 0.000000000000000000e+00 0.000000000000000000e+00 0.000000000000000000e+00 0.000000000000000000e+00 0.000000000000000000e+00 0.000000000000000000e+00 0.000000000000000000e+00 0.000000000000000000e+00 0.000000000000000000e+00 0.000000000000000000e+00 0.000000000000000000e+00 0.000000000000000000e+00 0.000000000000000000e+00 0.000000000000000000e+00 0.000000000000000000e+00 0.000000000000000000e+00 0.000000000000000000e+00 0.000000000000000000e+00 0.000000000000000000e+00 0.000000000000000000e+00
0.000000000000000000e+00 0.000000000000000000e+00 0.000000000000000000e+00 0.000000000000000000e+00 0.000000000000000000e+00 0.000000000000000000e+00 0.000000000000000000e+00 0.000000000000000000e+00 0.000000000000000000e+00 0.000000000000000000e+00 0.000000000000000000e+00 0.000000000000000000e+00 0.000000000000000000e+00 0.000000000000000000e+00 0.000000000000000000e+00 0.000000000000000000e+00 0.000000000000000000e+00 0.000000000000000000e+00 0.000000000000000000e+00 0.000000000000000000e+00 0.000000000000000000e+00 0.000000000000000000e+00 0.000000000000000000e+00 0.000000000000000000e+00 0.000000000000000000e+00 0.000000000000000000e+00 0.000000000000000000e+00 0.000000000000000000e+00 0.000000000000000000e+00 0.000000000000000000e+00 0.000000000000000000e+00 0.000000000000000000e+00 0.000000000000000000e+00 0.000000000000000000e+00 0.000000000000000000e+00 0.000000000000000000e+00 0.000000000000000000e+00 0.000000000000000000e+00 0.000000000000000000e+00 0.000000000000000000e+00 0.000000000000000000e+00 0.000000000000000000e+00 0.000000000000000000e+00 0.000000000000000000e+00 0.000000000000000000e+00 0.000000000000000000e+00 0.000000000000000000e+00 0.000000000000000000e+00 0.000000000000000000e+00 0.000000000000000000e+00 0.000000000000000000e+00 0.000000000000000000e+00 0.000000000000000000e+00 0.000000000000000000e+00 0.000000000000000000e+00 0.000000000000000000e+00 0.000000000000000000e+00 0.000000000000000000e+00 0.000000000000000000e+00 0.000000000000000000e+00 0.000000000000000000e+00 0.000000000000000000e+00 0.000000000000000000e+00 0.000000000000000000e+00 0.000000000000000000e+00 0.000000000000000000e+00 0.000000000000000000e+00 0.000000000000000000e+00 0.000000000000000000e+00 0.000000000000000000e+00 0.000000000000000000e+00 0.000000000000000000e+00 0.000000000000000000e+00 0.000000000000000000e+00 0.000000000000000000e+00 0.000000000000000000e+00 0.000000000000000000e+00 0.000000000000000000e+00 0.000000000000000000e+00 0.000000000000000000e+00 0.000000000000000000e+00 0.000000000000000000e+00 0.000000000000000000e+00 0.000000000000000000e+00 0.000000000000000000e+00 0.000000000000000000e+00 0.000000000000000000e+00 0.000000000000000000e+00 0.000000000000000000e+00
0.000000000000000000e+00 0.000000000000000000e+00 0.000000000000000000e+00 0.000000000000000000e+00 0.000000000000000000e+00 0.000000000000000000e+00 0.000000000000000000e+00 0.000000000000000000e+00 0.000000000000000000e+00 0.000000000000000000e+00 0.000000000000000000e+00 0.000000000000000000e+00 0.000000000000000000e+00 0.000000000000000000e+00 0.000000000000000000e+00 0.000000000000000000e+00 0.000000000000000000e+00 0.000000000000000000e+00 0.000000000000000000e+00 0.000000000000000000e+00 0.000000000000000000e+00 0.000000000000000000e+00 0.000000000000000000e+00 0.000000000000000000e+00 0.000000000000000000e+00 0.000000000000000000e+00 0.000000000000000000e+00 0.000000000000000000e+00 0.000000000000000000e+00 0.000000000000000000e+00 0.000000000000000000e+00 0.000000000000000000e+00 0.000000000000000000e+00 0.000000000000000000e+00 0.000000000000000000e+00 0.000000000000000000e+00 0.000000000000000000e+00 0.000000000000000000e+00 0.000000000000000000e+00 0.000000000000000000e+00 0.000000000000000000e+00 0.000000000000000000e+00 0.000000000000000000e+00 0.000000000000000000e+00 0.000000000000000000e+00 0.000000000000000000e+00 0.000000000000000000e+00 0.000000000000000000e+00 0.000000000000000000e+00 0.000000000000000000e+00 0.000000000000000000e+00 0.000000000000000000e+00 0.000000000000000000e+00 0.000000000000000000e+00 0.000000000000000000e+00 0.000000000000000000e+00 0.000000000000000000e+00 0.000000000000000000e+00 0.000000000000000000e+00 0.000000000000000000e+00 0.000000000000000000e+00 0.000000000000000000e+00 0.000000000000000000e+00 0.000000000000000000e+00 0.000000000000000000e+00 0.000000000000000000e+00 0.000000000000000000e+00 0.000000000000000000e+00 0.000000000000000000e+00 0.000000000000000000e+00 0.000000000000000000e+00 0.000000000000000000e+00 0.000000000000000000e+00 0.000000000000000000e+00 0.000000000000000000e+00 0.000000000000000000e+00 0.000000000000000000e+00 0.000000000000000000e+00 0.000000000000000000e+00 0.000000000000000000e+00 0.000000000000000000e+00 0.000000000000000000e+00 0.000000000000000000e+00 0.000000000000000000e+00 0.000000000000000000e+00 0.000000000000000000e+00 0.000000000000000000e+00 0.000000000000000000e+00 0.000000000000000000e+00
0.000000000000000000e+00 0.000000000000000000e+00 0.000000000000000000e+00 4.683453237410067693e+00 7.077153110047844642e+00 1.163814531548757003e+01 3.040909090909089230e+01 2.880303030303028677e+01 3.933333333333332149e+01 9.860606060606055934e+00 4.000000000000002842e+01 6.138395792241944982e+00 0.000000000000000000e+00 0.000000000000000000e+00 5.750000000000000000e+01 2.434999999999998366e+01 0.000000000000000000e+00 4.999999999999994316e+01 7.299999999999994316e+01 0.000000000000000000e+00 0.000000000000000000e+00 0.000000000000000000e+00 0.000000000000000000e+00 0.000000000000000000e+00 0.000000000000000000e+00 0.000000000000000000e+00 0.000000000000000000e+00 0.000000000000000000e+00 0.000000000000000000e+00 5.839999999999999147e+01 0.000000000000000000e+00 0.000000000000000000e+00 0.000000000000000000e+00 0.000000000000000000e+00 0.000000000000000000e+00 0.000000000000000000e+00 0.000000000000000000e+00 2.949999999999998224e+01 3.193577981651374387e+01 0.000000000000000000e+00 0.000000000000000000e+00 0.000000000000000000e+00 0.000000000000000000e+00 0.000000000000000000e+00 3.050000000000000711e+01 0.000000000000000000e+00 0.000000000000000000e+00 0.000000000000000000e+00 0.000000000000000000e+00 0.000000000000000000e+00 0.000000000000000000e+00 0.000000000000000000e+00 0.000000000000000000e+00 0.000000000000000000e+00 0.000000000000000000e+00 0.000000000000000000e+00 0.000000000000000000e+00 0.000000000000000000e+00 0.000000000000000000e+00 0.000000000000000000e+00 0.000000000000000000e+00 0.000000000000000000e+00 0.000000000000000000e+00 0.000000000000000000e+00 0.000000000000000000e+00 0.000000000000000000e+00 0.000000000000000000e+00 0.000000000000000000e+00 0.000000000000000000e+00 0.000000000000000000e+00 0.000000000000000000e+00 0.000000000000000000e+00 0.000000000000000000e+00 0.000000000000000000e+00 0.000000000000000000e+00 0.000000000000000000e+00 0.000000000000000000e+00 0.000000000000000000e+00 0.000000000000000000e+00 0.000000000000000000e+00 0.000000000000000000e+00 0.000000000000000000e+00 0.000000000000000000e+00 0.000000000000000000e+00 0.000000000000000000e+00 0.000000000000000000e+00 0.000000000000000000e+00 0.000000000000000000e+00 0.000000000000000000e+00
0.000000000000000000e+00 0.000000000000000000e+00 0.000000000000000000e+00 7.077153110047844642e+00 9.828129336663886662e+00 9.141017254068193765e+00 2.633898305084744962e+01 2.427794117647057703e+01 3.846551724137929540e+01 1.419067182213629508e+01 4.160919540229883751e+01 1.479748822605965053e+01 6.347999999999998266e+01 6.509999999999999432e+01 3.544628099173552016e+01 1.139156626506023606e+01 3.132894736842104777e+01 5.152941176470586271e+01 6.119999999999997442e+01 0.000000000000000000e+00 0.000000000000000000e+00 0.000000000000000000e+00 0.000000000000000000e+00 0.000000000000000000e+00 4.499999999999999289e+01 0.000000000000000000e+00 0.000000000000000000e+00 0.000000000000000000e+00 6.483333333333332860e+01 6.049999999999997868e+01 9.500000000000002842e+01 7.500000000000000000e+01 7.149999999999997158e+01 0.000000000000000000e+00 9.000000000000000000e+01 8.649999999999998579e+01 9.624999999999997158e+01 1.166695996480421904e+01 1.854426737494465627e+01 4.024999999999997868e+01 0.000000000000000000e+00 4.150000000000003553e+01 3.449999999999996447e+01 3.175000000000000355e+01 6.286301369863010358e+00 1.649999999999999289e+01 0.000000000000000000e+00 0.000000000000000000e+00 4.899999999999999289e+01 0.000000000000000000e+00 4.749999999999994316e+01 0.000000000000000000e+00 5.233333333333327886e+01 0.000000000000000000e+00 4.349999999999996447e+01 7.750000000000001421e+01 0.000000000000000000e+00 0.000000000000000000e+00 2.635714285714283278e+01 2.924999999999997158e+01 4.899999999999996447e+01 0.000000000000000000e+00 0.000000000000000000e+00 0.000000000000000000e+00 0.000000000000000000e+00 0.000000000000000000e+00 0.000000000000000000e+00 0.000000000000000000e+00 0.000000000000000000e+00 0.000000000000000000e+00 0.000000000000000000e+00 0.000000000000000000e+00 0.000000000000000000e+00 0.000000000000000000e+00 0.000000000000000000e+00 0.000000000000000000e+00 0.000000000000000000e+00 0.000000000000000000e+00 0.000000000000000000e+00 0.000000000000000000e+00 3.089999999999998437e+01 4.324999999999995737e+01 0.000000000000000000e+00 0.000000000000000000e+00 0.000000000000000000e+00 0.000000000000000000e+00 0.000000000000000000e+00 1.466666666666666430e+01 9.125000000000000000e+00
0.000000000000000000e+00 0.000000000000000000e+00 0.000000000000000000e+00 1.163814531548757003e+01 9.141017254068193765e+00 1.336777990692580964e+01 1.108757251227130425e+01 1.506259873617692868e+01 2.964599483204132824e+01 1.656665642758408197e+01 4.147297297297295415e+01 2.228666114333056569e+01 5.694186046511625676e+01 6.537499999999997158e+01 2.471909340659339804e+01 2.023455056179774303e+01 3.186538461538460609e+01 4.968181818181815146e+01 6.922727272727270531e+01 2.849999999999993605e+01 0.000000000000000000e+00 9.399999999999994316e+01 4.875000000000000711e+01 5.500000000000002132e+01 4.721428571428570109e+01 4.802499999999998437e+01 0.000000000000000000e+00 0.000000000000000000e+00 6.124999999999997158e+01 5.358823529411762365e+01 7.878571428571424917e+01 8.309090909090906507e+01 7.949999999999997158e+01 8.649999999999998579e+01 8.131818181818181301e+01 0.000000000000000000e+00 7.187500000000000000e+01 1.692673814165041435e+01 1.856698300595893869e+01 2.510593220338981624e+01 0.000000000000000000e+00 4.281249999999997158e+01 4.817647058823528283e+01 2.359803921568626706e+01 1.789328063241105937e+01 4.045454545454544615e+01 0.000000000000000000e+00 6.166666666666665009e+01 5.012499999999996447e+01 0.000000000000000000e+00 0.000000000000000000e+00 0.000000000000000000e+00 5.379999999999996874e+01 6.249999999999992184e+01 5.066666666666662167e+01 6.699999999999992895e+01 0.000000000000000000e+00 0.000000000000000000e+00 3.223333333333332007e+01 3.971428571428567977e+01 0.000000000000000000e+00 0.000000000000000000e+00 0.000000000000000000e+00 0.000000000000000000e+00 0.000000000000000000e+00 0.000000000000000000e+00 0.000000000000000000e+00 0.000000000000000000e+00 0.000000000000000000e+00 0.000000000000000000e+00 0.000000000000000000e+00 0.000000000000000000e+00 0.000000000000000000e+00 0.000000000000000000e+00 0.000000000000000000e+00 0.000000000000000000e+00 0.000000000000000000e+00 0.000000000000000000e+00 0.000000000000000000e+00 0.000000000000000000e+00 3.289285714285711748e+01 4.931578947368418397e+01 6.600000000000000000e+01 0.000000000000000000e+00 7.349999999999994316e+01 0.000000000000000000e+00 0.000000000000000000e+00 2.174999999999998934e+01 0.000000000000000000e+00
0.000000000000000000e+00 0.000000000000000000e+00 0.000000000000000000e+00 3.040909090909089230e+01 2.633898305084744962e+01 1.108757251227130425e+01 9.069322098812712341e+00 8.010683229813661654e+00 2.209782608695650552e+01 1.268462800875273189e+01 4.456249999999997158e+01 3.103431372549017908e+01 0.000000000000000000e+00 0.000000000000000000e+00 3.727777777777775725e+01 2.829166666666664298e+01 0.000000000000000000e+00 0.000000000000000000e+00 0.000000000000000000e+00 0.000000000000000000e+00 0.000000000000000000e+00 0.000000000000000000e+00 0.000000000000000000e+00 0.000000000000000000e+00 3.850000000000001421e+01 0.000000000000000000e+00 0.000000000000000000e+00 0.000000000000000000e+00 7.649999999999995737e+01 5.712499999999995026e+01 0.000000000000000000e+00 0.000000000000000000e+00 9.799999999999997158e+01 0.000000000000000000e+00 0.000000000000000000e+00 0.000000000000000000e+00 0.000000000000000000e+00 2.836842105263157165e+01 2.758461538461537543e+01 2.949999999999997868e+01 0.000000000000000000e+00 0.000000000000000000e+00 0.000000000000000000e+00 0.000000000000000000e+00 3.139999999999995595e+01 4.250000000000000711e+01 0.000000000000000000e+00 0.000000000000000000e+00 0.000000000000000000e+00 0.000000000000000000e+00 0.000000000000000000e+00 0.000000000000000000e+00 0.000000000000000000e+00 0.000000000000000000e+00 0.000000000000000000e+00 0.000000000000000000e+00 0.000000000000000000e+00 0.000000000000000000e+00 0.000000000000000000e+00 0.000000000000000000e+00 0.000000000000000000e+00 0.000000000000000000e+00 0.000000000000000000e+00 0.000000000000000000e+00 0.000000000000000000e+00 0.000000000000000000e+00 0.000000000000000000e+00 0.000000000000000000e+00 0.000000000000000000e+00 0.000000000000000000e+00 0.000000000000000000e+00 0.000000000000000000e+00 0.000000000000000000e+00 0.000000000000000000e+00 0.000000000000000000e+00 0.000000000000000000e+00 0.000000000000000000e+00 0.000000000000000000e+00 0.000000000000000000e+00 0.000000000000000000e+00 0.000000000000000000e+00 0.000000000000000000e+00 0.000000000000000000e+00 0.000000000000000000e+00 0.000000000000000000e+00 0.000000000000000000e+00 0.000000000000000000e+00 0.000000000000000000e+00 0.000000000000000000e+00
0.000000000000000000e+00 0.000000000000000000e+00 0.000000000000000000e+00 2.880303030303028677e+01 2.427794117647057703e+01 1.506259873617692868e+01 8.010683229813661654e+00 8.967825337546681652e+00 9.523381684347258513e+00 1.814514626420718812e+01 3.506060606060604812e+01 2.506103151862462397e+01 3.770394736842104066e+01 7.400000000000000000e+01 3.436034912718203316e+01 1.988373983739836959e+01 2.049295774647886859e+01 4.949999999999999289e+01 5.984374999999995737e+01 0.000000000000000000e+00 0.000000000000000000e+00 7.124999999999998579e+01 0.000000000000000000e+00 0.000000000000000000e+00 0.000000000000000000e+00 5.558333333333328596e+01 3.778571428571427049e+01 6.099999999999997158e+01 3.926999999999998892e+01 3.632114882506525788e+01 6.733333333333330017e+01 6.662499999999998579e+01 7.899999999999995737e+01 1.020000000000000000e+02 8.799999999999997158e+01 0.000000000000000000e+00 6.599999999999998579e+01 2.638536585365852716e+01 2.498837209302323714e+01 3.641071428571427049e+01 0.000000000000000000e+00 5.499999999999996447e+01 6.949999999999995737e+01 4.024999999999998579e+01 3.057142857142856229e+01 4.158333333333332149e+01 4.399999999999994316e+01 0.000000000000000000e+00 4.578571428571424207e+01 0.000000000000000000e+00 0.000000000000000000e+00 0.000000000000000000e+00 4.354761904761901548e+01 6.549999999999995737e+01 4.110714285714283989e+01 6.249999999999991473e+01 0.000000000000000000e+00 0.000000000000000000e+00 2.724999999999998579e+01 2.869999999999997797e+01 6.149999999999992895e+01 0.000000000000000000e+00 0.000000000000000000e+00 0.000000000000000000e+00 0.000000000000000000e+00 0.000000000000000000e+00 0.000000000000000000e+00 0.000000000000000000e+00 0.000000000000000000e+00 0.000000000000000000e+00 0.000000000000000000e+00 0.000000000000000000e+00 0.000000000000000000e+00 0.000000000000000000e+00 0.000000000000000000e+00 0.000000000000000000e+00 0.000000000000000000e+00 0.000000000000000000e+00 0.000000000000000000e+00 0.000000000000000000e+00 3.656249999999997868e+01 4.245833333333329307e+01 0.000000000000000000e+00 0.000000000000000000e+00 5.149999999999992895e+01 0.000000000000000000e+00 0.000000000000000000e+00 4.650000000000000000e+01 0.000000000000000000e+00
0.000000000000000000e+00 0.000000000000000000e+00 0.000000000000000000e+00 3.933333333333332149e+01 3.846551724137929540e+01 2.964599483204132824e+01 2.209782608695650552e+01 9.523381684347258513e+00 1.232904672015101077e+01 2.018035087719297493e+01 2.496171516079632013e+01 3.421205821205820286e+01 1.012442019099590240e+01 5.560000000000000142e+01 2.026486817903126081e+01 3.499188311688310193e+01 3.054746835443036801e+01 4.069696969696968125e+01 5.797916666666666430e+01 0.000000000000000000e+00 5.800000000000001421e+01 5.000000000000000000e+01 0.000000000000000000e+00 0.000000000000000000e+00 0.000000000000000000e+00 4.529411764705881183e+01 2.702272727272725561e+01 4.245000000000000995e+01 2.337807097361236686e+01 2.449614197530863180e+01 5.077083333333332149e+01 5.575252525252525260e+01 6.383333333333333570e+01 6.433333333333332860e+01 8.053333333333333144e+01 0.000000000000000000e+00 5.266666666666666430e+01 2.226830491474422757e+01 1.670411070411070398e+01 2.617514970059880142e+01 0.000000000000000000e+00 3.929999999999999716e+01 7.449999999999998579e+01 3.262500000000000000e+01 4.335000000000000142e+01 3.215848214285714590e+01 0.000000000000000000e+00 0.000000000000000000e+00 6.749999999999995737e+01 0.000000000000000000e+00 0.000000000000000000e+00 6.049999999999992895e+01 5.505882352941173963e+01 5.209999999999996589e+01 4.738461538461535838e+01 5.599999999999997868e+01 0.000000000000000000e+00 0.000000000000000000e+00 4.800000000000000000e+01 3.527777777777775015e+01 2.925000000000001066e+01 6.249999999999997868e+01 0.000000000000000000e+00 0.000000000000000000e+00 0.000000000000000000e+00 0.000000000000000000e+00 0.000000000000000000e+00 0.000000000000000000e+00 0.000000000000000000e+00 0.000000000000000000e+00 0.000000000000000000e+00 0.000000000000000000e+00 0.000000000000000000e+00 0.000000000000000000e+00 0.000000000000000000e+00 0.000000000000000000e+00 0.000000000000000000e+00 0.000000000000000000e+00 0.000000000000000000e+00 0.000000000000000000e+00 5.133333333333331439e+01 5.199999999999995026e+01 0.000000000000000000e+00 0.000000000000000000e+00 0.000000000000000000e+00 0.000000000000000000e+00 0.000000000000000000e+00 0.000000000000000000e+00 5.999999999999998579e+01
0.000000000000000000e+00 0.000000000000000000e+00 0.000000000000000000e+00 9.860606060606055934e+00 1.419067182213629508e+01 1.656665642758408197e+01 1.268462800875273189e+01 1.814514626420718812e+01 2.018035087719297493e+01 1.286294929013536148e+01 2.063916938110748589e+01 1.668352777294096612e+01 4.387571921749135129e+01 5.382926829268290447e+01 3.058115370834825342e+01 2.470969072164947988e+01 2.392640692640691924e+01 4.555121951219510379e+01 6.117346938775508391e+01 0.000000000000000000e+00 8.121999999999998465e+01 7.814285714285712459e+01 6.899999999999991473e+01 9.049999999999997158e+01 8.000000000000000000e+01 7.821052631578946546e+01 5.250000000000001421e+01 6.807692307692303757e+01 5.324460431654674153e+01 4.594952681388011229e+01 7.164885496183202918e+01 6.786849710982656347e+01 6.543596059113298224e+01 7.358333333333331439e+01 8.190476190476189799e+01 7.821875000000000000e+01 7.344444444444442865e+01 2.164481897627964102e+01 2.742940603700095892e+01 4.007011070110699791e+01 0.000000000000000000e+00 4.284042553191488167e+01 7.309374999999997158e+01 5.047368421052630083e+01 3.268478260869563456e+01 4.178749999999998010e+01 0.000000000000000000e+00 5.058333333333332149e+01 4.902499999999997726e+01 0.000000000000000000e+00 0.000000000000000000e+00 4.616666666666662877e+01 5.214772727272723074e+01 6.407142857142854098e+01 4.620952380952377325e+01 6.341666666666665009e+01 0.000000000000000000e+00 4.933333333333329307e+01 3.508163265306119882e+01 3.115929203539820946e+01 4.458333333333332149e+01 7.049999999999997158e+01 0.000000000000000000e+00 0.000000000000000000e+00 0.000000000000000000e+00 0.000000000000000000e+00 0.000000000000000000e+00 0.000000000000000000e+00 0.000000000000000000e+00 0.000000000000000000e+00 0.000000000000000000e+00 1.014999999999999858e+02 0.000000000000000000e+00 0.000000000000000000e+00 8.599999999999995737e+01 7.249999999999998579e+01 0.000000000000000000e+00 0.000000000000000000e+00 0.000000000000000000e+00 0.000000000000000000e+00 4.204347826086953432e+01 4.540579710144923808e+01 5.149999999999998579e+01 0.000000000000000000e+00 0.000000000000000000e+00 0.000000000000000000e+00 0.000000000000000000e+00 4.499999999999995026e+01 0.000000000000000000e+00
0.000000000000000000e+00 0.000000000000000000e+00 0.000000000000000000e+00 4.000000000000002842e+01 4.160919540229883751e+01 4.147297297297295415e+01 4.456249999999997158e+01 3.506060606060604812e+01 2.496171516079632013e+01 2.063916938110748589e+01 1.421575541173845103e+01 2.244648755780665184e+01 1.849846659364731494e+01 3.721653543307086665e+01 2.419185323383084452e+01 3.622408026755851296e+01 2.472227822580644485e+01 2.777447216890594461e+01 5.070256410256410362e+01 7.249999999999997158e+01 6.236458333333333570e+01 5.995652173913043725e+01 6.724999999999998579e+01 7.943749999999997158e+01 5.813750000000000284e+01 5.238675958188153459e+01 5.681249999999998579e+01 4.585919540229885172e+01 3.207573415765069313e+01 3.379807692307691980e+01 4.824095563139931642e+01 4.757437619961612540e+01 4.699932795698924792e+01 5.521511627906976827e+01 6.205194805194805241e+01 5.984183673469387799e+01 5.489583333333333570e+01 1.949849321948768832e+01 2.232559395248379985e+01 2.959851301115241284e+01 0.000000000000000000e+00 2.765384615384615330e+01 5.621264367816092289e+01 3.828494623655912932e+01 5.237499999999997868e+01 3.335388127853881457e+01 0.000000000000000000e+00 5.650000000000000000e+01 7.174999999999990052e+01 0.000000000000000000e+00 0.000000000000000000e+00 4.873076923076918376e+01 5.459374999999995737e+01 5.268421052631576629e+01 4.971333333333329563e+01 5.329999999999996874e+01 0.000000000000000000e+00 6.699999999999998579e+01 5.107894736842100514e+01 3.606153846153843290e+01 2.884146341463413066e+01 6.724999999999998579e+01 0.000000000000000000e+00 0.000000000000000000e+00 0.000000000000000000e+00 0.000000000000000000e+00 0.000000000000000000e+00 0.000000000000000000e+00 0.000000000000000000e+00 0.000000000000000000e+00 0.000000000000000000e+00 8.399999999999995737e+01 6.799999999999998579e+01 1.129999999999999574e+02 8.883333333333327175e+01 8.637499999999997158e+01 0.000000000000000000e+00 0.000000000000000000e+00 0.000000000000000000e+00 0.000000000000000000e+00 4.397619047619045318e+01 4.943181818181815856e+01 5.409999999999998010e+01 0.000000000000000000e+00 4.100000000000000000e+01 0.000000000000000000e+00 0.000000000000000000e+00 0.000000000000000000e+00 0.000000000000000000e+00
0.000000000000000000e+00 0.000000000000000000e+00 0.000000000000000000e+00 6.138395792241944982e+00 1.479748822605965053e+01 2.228666114333056569e+01 3.103431372549017908e+01 2.506103151862462397e+01 3.421205821205820286e+01 1.668352777294096612e+01 2.244648755780665184e+01 1.450827872688977038e+01 2.520219914477702972e+01 1.697900830312244125e+01 3.324428104575162024e+01 1.978497409326423906e+01 1.790083697234351590e+01 2.317067402443830915e+01 4.053761755485893303e+01 9.299999999999995737e+01 7.784999999999999432e+01 7.024999999999997158e+01 0.000000000000000000e+00 0.000000000000000000e+00 7.899999999999998579e+01 6.160975609756097526e+01 5.530000000000002558e+01 5.723611111111110006e+01 3.525391986062717820e+01 4.638651685393258362e+01 5.945701357466062831e+01 4.945123495883470355e+01 4.438564167725539988e+01 5.861999999999999744e+01 7.169503546099291214e+01 7.929999999999998295e+01 6.943939393939393767e+01 2.463207937164116856e+01 3.001041162227602044e+01 3.731499202551834315e+01 0.000000000000000000e+00 3.642763157894736992e+01 6.846874999999998579e+01 4.370289855072463325e+01 3.350819672131145666e+01 4.085929648241205570e+01 0.000000000000000000e+00 4.869999999999998153e+01 4.794999999999996021e+01 0.000000000000000000e+00 0.000000000000000000e+00 4.399999999999995026e+01 4.691860465116274526e+01 5.541304347826085319e+01 1.928571428571427404e+01 5.142307692307689138e+01 2.364285714285713880e+01 4.889999999999998437e+01 3.134558823529409111e+01 2.794374999999998721e+01 2.394144144144143382e+01 4.781818181818179880e+01 0.000000000000000000e+00 0.000000000000000000e+00 0.000000000000000000e+00 0.000000000000000000e+00 0.000000000000000000e+00 0.000000000000000000e+00 0.000000000000000000e+00 0.000000000000000000e+00 0.000000000000000000e+00 8.459999999999998010e+01 0.000000000000000000e+00 9.099999999999992895e+01 8.399999999999997158e+01 4.899999999999997158e+01 0.000000000000000000e+00 0.000000000000000000e+00 0.000000000000000000e+00 0.000000000000000000e+00 3.789215686274506822e+01 4.941216216216212587e+01 5.309999999999996589e+01 0.000000000000000000e+00 4.574999999999998579e+01 0.000000000000000000e+00 0.000000000000000000e+00 4.299999999999997868e+01 4.399999999999992184e+01
0.000000000000000000e+00 0.000000000000000000e+00 0.000000000000000000e+00 0.000000000000000000e+00 6.347999999999998266e+01 5.694186046511625676e+01 0.000000000000000000e+00 3.770394736842104066e+01 1.012442019099590240e+01 4.387571921749135129e+01 1.849846659364731494e+01 2.520219914477702972e+01 1.501533476071986506e+01 8.862276805945798586e+00 2.336498618784530379e+01 5.150909090909089372e+01 4.013106796116503716e+01 2.304388185654008581e+01 3.755520504731861564e+01 0.000000000000000000e+00 5.736111111111110006e+01 4.449999999999997868e+01 5.841666666666666430e+01 7.349999999999998579e+01 4.942857142857142350e+01 2.225547445255474344e+01 4.010000000000000142e+01 4.217187500000000000e+01 1.952376510665909848e+01 2.918140641793336343e+01 4.319578313253011714e+01 3.405408618127786013e+01 3.270842911877394954e+01 4.307291666666667851e+01 5.656927710843373802e+01 5.090909090909090651e+01 5.273148148148148806e+01 2.644252163164400571e+01 2.487968808020795208e+01 2.945093268450933621e+01 0.000000000000000000e+00 2.747085889570552197e+01 5.686363636363636687e+01 3.763384615384615728e+01 0.000000000000000000e+00 3.626126126126126081e+01 0.000000000000000000e+00 0.000000000000000000e+00 0.000000000000000000e+00 0.000000000000000000e+00 0.000000000000000000e+00 0.000000000000000000e+00 7.466666666666661456e+01 6.239999999999997726e+01 6.687499999999995737e+01 4.849999999999998579e+01 7.700000000000000000e+01 0.000000000000000000e+00 6.524999999999994316e+01 4.933333333333330728e+01 3.760526315789472562e+01 5.608333333333331439e+01 0.000000000000000000e+00 0.000000000000000000e+00 0.000000000000000000e+00 0.000000000000000000e+00 0.000000000000000000e+00 0.000000000000000000e+00 0.000000000000000000e+00 0.000000000000000000e+00 0.000000000000000000e+00 5.783333333333330728e+01 0.000000000000000000e+00 0.000000000000000000e+00 6.600000000000000000e+01 0.000000000000000000e+00 0.000000000000000000e+00 0.000000000000000000e+00 0.000000000000000000e+00 0.000000000000000000e+00 4.659999999999998010e+01 6.349999999999997868e+01 0.000000000000000000e+00 0.000000000000000000e+00 4.550000000000001421e+01 0.000000000000000000e+00 0.000000000000000000e+00 0.000000000000000000e+00 0.000000000000000000e+00
0.000000000000000000e+00 0.000000000000000000e+00 0.000000000000000000e+00 0.000000000000000000e+00 6.509999999999999432e+01 6.537499999999997158e+01 0.000000000000000000e+00 7.400000000000000000e+01 5.560000000000000142e+01 5.382926829268290447e+01 3.721653543307086665e+01 1.697900830312244125e+01 8.862276805945798586e+00 1.105359949701351496e+01 2.756578947368420529e+01 5.062499999999997158e+01 3.865789473684210265e+01 9.628342245989303549e+00 2.107317073170732158e+01 0.000000000000000000e+00 0.000000000000000000e+00 0.000000000000000000e+00 0.000000000000000000e+00 0.000000000000000000e+00 0.000000000000000000e+00 5.075000000000001421e+01 3.400000000000001421e+01 0.000000000000000000e+00 1.046991162855940516e+01 3.352272727272727337e+01 8.033333333333331439e+01 1.544821428571428612e+01 1.307714285714285651e+01 0.000000000000000000e+00 0.000000000000000000e+00 0.000000000000000000e+00 0.000000000000000000e+00 3.876086956521739069e+01 3.333206106870228780e+01 3.143684210526315681e+01 0.000000000000000000e+00 4.389999999999999147e+01 4.950000000000001421e+01 3.696666666666666856e+01 0.000000000000000000e+00 3.587499999999999289e+01 0.000000000000000000e+00 0.000000000000000000e+00 0.000000000000000000e+00 0.000000000000000000e+00 0.000000000000000000e+00 0.000000000000000000e+00 7.399999999999992895e+01 0.000000000000000000e+00 6.699999999999994316e+01 0.000000000000000000e+00 0.000000000000000000e+00 0.000000000000000000e+00 0.000000000000000000e+00 0.000000000000000000e+00 0.000000000000000000e+00 0.000000000000000000e+00 0.000000000000000000e+00 0.000000000000000000e+00 0.000000000000000000e+00 0.000000000000000000e+00 0.000000000000000000e+00 0.000000000000000000e+00 0.000000000000000000e+00 0.000000000000000000e+00 0.000000000000000000e+00 0.000000000000000000e+00 0.000000000000000000e+00 0.000000000000000000e+00 0.000000000000000000e+00 0.000000000000000000e+00 0.000000000000000000e+00 0.000000000000000000e+00 0.000000000000000000e+00 0.000000000000000000e+00 0.000000000000000000e+00 0.000000000000000000e+00 0.000000000000000000e+00 0.000000000000000000e+00 0.000000000000000000e+00 0.000000000000000000e+00 0.000000000000000000e+00 0.000000000000000000e+00 0.000000000000000000e+00
0.000000000000000000e+00 0.000000000000000000e+00 0.000000000000000000e+00 5.750000000000000000e+01 3.544628099173552016e+01 2.471909340659339804e+01 3.727777777777775725e+01 3.436034912718203316e+01 2.026486817903126081e+01 3.058115370834825342e+01 2.419185323383084452e+01 3.324428104575162024e+01 2.336498618784530379e+01 2.756578947368420529e+01 1.057836019125198845e+01 2.988075313807530620e+01 2.748837209302324425e+01 2.406854838709677580e+01 2.279286798179058948e+01 1.624675324675324006e+01 2.928431372549018263e+01 2.746153846153845635e+01 2.478923766816143015e+01 1.799937343358395125e+01 2.488438818565400013e+01 1.995933902710730834e+01 1.458960000000000079e+01 3.019891008174385760e+01 2.084280155642023402e+01 2.300854353132627850e+01 4.214883148831486182e+01 2.863682707993474708e+01 2.623042836041359038e+01 5.470312499999998579e+01 4.756503378378376823e+01 5.149999999999998579e+01 3.722149122807016397e+01 2.477795031055899599e+01 8.786732287501278549e+00 1.833723196881091511e+01 0.000000000000000000e+00 1.820431893687707614e+01 1.323228346456692961e+01 1.328820116054158618e+01 2.954166666666664653e+01 1.844799054373521940e+01 0.000000000000000000e+00 6.249999999999995737e+01 0.000000000000000000e+00 0.000000000000000000e+00 0.000000000000000000e+00 4.999999999999995026e+01 5.409999999999995879e+01 4.822727272727269821e+01 4.308823529411760944e+01 5.649999999999995737e+01 0.000000000000000000e+00 7.512499999999998579e+01 3.762499999999995737e+01 3.557142857142855519e+01 3.469999999999998153e+01 5.005555555555552871e+01 0.000000000000000000e+00 0.000000000000000000e+00 0.000000000000000000e+00 0.000000000000000000e+00 0.000000000000000000e+00 0.000000000000000000e+00 6.850000000000002842e+01 0.000000000000000000e+00 0.000000000000000000e+00 0.000000000000000000e+00 4.199999999999997158e+01 6.849999999999998579e+01 5.549999999999997158e+01 5.175000000000000000e+01 0.000000000000000000e+00 0.000000000000000000e+00 0.000000000000000000e+00 0.000000000000000000e+00 3.407142857142854098e+01 5.235294117647055856e+01 6.999999999999998579e+01 0.000000000000000000e+00 5.016666666666665719e+01 4.749999999999997868e+01 5.550000000000001421e+01 0.000000000000000000e+00 5.250000000000000000e+01
0.000000000000000000e+00 0.000000000000000000e+00 0.000000000000000000e+00 2.434999999999998366e+01 1.139156626506023606e+01 2.023455056179774303e+01 2.829166666666664298e+01 1.988373983739836959e+01 3.499188311688310193e+01 2.470969072164947988e+01 3.622408026755851296e+01 1.978497409326423906e+01 5.150909090909089372e+01 5.062499999999997158e+01 2.988075313807530620e+01 7.293092454835278460e+00 1.076870576339736907e+01 3.694148936170211073e+01 5.167019667170949759e+01 0.000000000000000000e+00 8.550000000000000000e+01 0.000000000000000000e+00 0.000000000000000000e+00 0.000000000000000000e+00 0.000000000000000000e+00 6.429999999999995453e+01 6.829999999999998295e+01 7.099999999999997158e+01 6.311764705882351478e+01 5.957352941176469585e+01 8.566666666666662877e+01 7.102343749999997158e+01 6.093382352941173963e+01 7.899999999999995737e+01 9.358333333333332860e+01 0.000000000000000000e+00 7.849999999999998579e+01 1.379661716171616526e+01 2.435548941798940703e+01 4.268840579710143857e+01 0.000000000000000000e+00 5.115217391304345540e+01 7.349999999999995737e+01 4.939999999999995595e+01 9.302401746724882514e+00 4.330555555555553582e+01 0.000000000000000000e+00 3.316666666666665009e+01 3.745454545454543194e+01 0.000000000000000000e+00 0.000000000000000000e+00 3.993749999999995737e+01 4.032456140350873142e+01 5.267857142857138797e+01 3.384328358208952636e+01 6.133333333333326465e+01 4.399999999999994316e+01 0.000000000000000000e+00 1.597142857142856442e+01 2.076351351351350871e+01 3.766666666666663588e+01 5.366666666666662877e+01 0.000000000000000000e+00 0.000000000000000000e+00 0.000000000000000000e+00 0.000000000000000000e+00 0.000000000000000000e+00 0.000000000000000000e+00 0.000000000000000000e+00 0.000000000000000000e+00 0.000000000000000000e+00 6.899999999999995737e+01 0.000000000000000000e+00 0.000000000000000000e+00 7.825000000000000000e+01 7.049999999999995737e+01 0.000000000000000000e+00 0.000000000000000000e+00 0.000000000000000000e+00 0.000000000000000000e+00 2.746296296296294770e+01 3.924999999999997158e+01 0.000000000000000000e+00 0.000000000000000000e+00 2.499999999999997868e+01 8.499999999999997158e+01 0.000000000000000000e+00 1.369999999999998330e+01 0.000000000000000000e+00
0.000000000000000000e+00 0.000000000000000000e+00 0.000000000000000000e+00 0.000000000000000000e+00 3.132894736842104777e+01 3.186538461538460609e+01 0.000000000000000000e+00 2.049295774647886859e+01 3.054746835443036801e+01 2.392640692640691924e+01 2.472227822580644485e+01 1.790083697234351590e+01 4.013106796116503716e+01 3.865789473684210265e+01 2.748837209302324425e+01 1.076870576339736907e+01 7.564954682779452710e+00 1.950793650793649903e+01 3.559160305343510089e+01 0.000000000000000000e+00 9.725000000000002842e+01 0.000000000000000000e+00 0.000000000000000000e+00 0.000000000000000000e+00 0.000000000000000000e+00 6.282142857142856940e+01 4.879999999999996874e+01 6.137499999999999289e+01 4.740909090909089230e+01 5.075694444444442865e+01 6.600000000000000000e+01 5.662093023255812341e+01 4.067749999999998067e+01 7.500000000000001421e+01 7.949999999999997158e+01 7.200000000000004263e+01 7.691666666666667140e+01 2.078897338403040962e+01 2.617470664928291058e+01 3.367320261437907902e+01 0.000000000000000000e+00 3.224999999999999289e+01 7.250000000000000000e+01 3.900000000000000000e+01 2.738888888888888573e+01 3.662857142857141923e+01 0.000000000000000000e+00 3.559999999999998010e+01 3.479999999999999005e+01 4.550000000000000000e+01 0.000000000000000000e+00 2.843749999999996803e+01 3.203378378378374691e+01 3.739130434782607892e+01 2.656983240223461706e+01 4.208333333333329307e+01 2.399999999999996447e+01 4.187500000000000000e+01 2.151818181818180875e+01 1.193599999999999284e+01 1.929999999999998650e+01 4.035294117647057988e+01 0.000000000000000000e+00 0.000000000000000000e+00 0.000000000000000000e+00 0.000000000000000000e+00 0.000000000000000000e+00 0.000000000000000000e+00 9.399999999999994316e+01 0.000000000000000000e+00 0.000000000000000000e+00 5.424999999999997158e+01 0.000000000000000000e+00 0.000000000000000000e+00 6.866666666666662877e+01 3.599999999999995026e+01 0.000000000000000000e+00 0.000000000000000000e+00 0.000000000000000000e+00 0.000000000000000000e+00 1.971153846153844569e+01 3.448484848484846310e+01 4.575000000000000000e+01 0.000000000000000000e+00 4.624999999999997158e+01 0.000000000000000000e+00 0.000000000000000000e+00 3.400000000000002132e+01 0.000000000000000000e+00
