0.000000000000000000e+00 0.000000000000000000e+00 0.000000000000000000e+00 0.000000000000000000e+00 0.000000000000000000e+00 0.000000000000000000e+00 0.000000000000000000e+00 0.000000000000000000e+00 0.000000000000000000e+00 0.000000000000000000e+00 0.000000000000000000e+00 0.000000000000000000e+00 0.000000000000000000e+00 0.000000000000000000e+00 0.000000000000000000e+00 0.000000000000000000e+00 0.000000000000000000e+00 0.000000000000000000e+00 0.000000000000000000e+00 0.000000000000000000e+00 0.000000000000000000e+00 0.000000000000000000e+00 0.000000000000000000e+00 0.000000000000000000e+00 0.000000000000000000e+00 0.000000000000000000e+00 0.000000000000000000e+00 0.000000000000000000e+00 0.000000000000000000e+00 0.000000000000000000e+00 0.000000000000000000e+00 0.000000000000000000e+00 0.000000000000000000e+00 0.000000000000000000e+00 0.000000000000000000e+00 0.000000000000000000e+00 0.000000000000000000e+00 0.000000000000000000e+00 0.000000000000000000e+00 0.000000000000000000e+00 0.000000000000000000e+00 0.000000000000000000e+00 0.000000000000000000e+00 0.000000000000000000e+00 0.000000000000000000e+00 0.000000000000000000e+00 0.000000000000000000e+00 0.000000000000000000e+00 0.000000000000000000e+00 0.000000000000000000e+00 0.000000000000000000e+00 0.000000000000000000e+00 0.000000000000000000e+00 0.000000000000000000e+00 0.000000000000000000e+00 0.000000000000000000e+00 0.000000000000000000e+00 0.000000000000000000e+00 0.000000000000000000e+00 0.000000000000000000e+00 0.000000000000000000e+00 0.000000000000000000e+00 0.000000000000000000e+00 0.000000000000000000e+00 0.000000000000000000e+00 0.000000000000000000e+00 0.000000000000000000e+00 0.000000000000000000e+00 0.000000000000000000e+00 0.000000000000000000e+00 0.000000000000000000e+00 0.000000000000000000e+00 0.000000000000000000e+00 0.000000000000000000e+00 0.000000000000000000e+00 0.000000000000000000e+00 0.000000000000000000e+00 0.000000000000000000e+00 0.000000000000000000e+00 0.000000000000000000e+00 0.000000000000000000e+00 0.000000000000000000e+00 0.000000000000000000e+00 0.000000000000000000e+00 0.000000000000000000e+00 0.000000000000000000e+00 0.000000000000000000e+00 0.000000000000000000e+00 0.000000000000000000e+00
0.000000000000000000e+00 0.000000000000000000e+00 0.000000000000000000e+00 0.000000000000000000e+00 0.000000000000000000e+00 0.000000000000000000e+00 0.000000000000000000e+00 0.000000000000000000e+00 0.000000000000000000e+00 0.000000000000000000e+00 0.000000000000000000e+00 0.000000000000000000e+00 0.000000000000000000e+00 0.000000000000000000e+00 0.000000000000000000e+00 0.000000000000000000e+00 0.000000000000000000e+00 0.000000000000000000e+00 0.000000000000000000e+00 0.000000000000000000e+00 0.000000000000000000e+00 0.000000000000000000e+00 0.000000000000000000e+00 0.000000000000000000e+00 0.000000000000000000e+00 0.000000000000000000e+00 0.000000000000000000e+00 0.000000000000000000e+00 0.000000000000000000e+00 0.000000000000000000e+00 0.000000000000000000e+00 0.000000000000000000e+00 0.000000000000000000e+00 0.000000000000000000e+00 0.000000000000000000e+00 0.000000000000000000e+00 0.000000000000000000e+00 0.000000000000000000e+00 0.000000000000000000e+00 0.000000000000000000e+00 0.000000000000000000e+00 0.000000000000000000e+00 0.000000000000000000e+00 0.000000000000000000e+00 0.000000000000000000e+00 0.000000000000000000e+00 0.000000000000000000e+00 0.000000000000000000e+00 0.000000000000000000e+00 0.000000000000000000e+00 0.000000000000000000e+00 0.000000000000000000e+00 0.000000000000000000e+00 0.000000000000000000e+00 0.000000000000000000e+00 0.000000000000000000e+00 0.000000000000000000e+00 0.000000000000000000e+00 0.000000000000000000e+00 0.000000000000000000e+00 0.000000000000000000e+00 0.000000000000000000e+00 0.000000000000000000e+00 0.000000000000000000e+00 0.000000000000000000e+00 0.000000000000000000e+00 0.000000000000000000e+00 0.000000000000000000e+00 0.000000000000000000e+00 0.000000000000000000e+00 0.000000000000000000e+00 0.000000000000000000e+00 0.000000000000000000e+00 0.000000000000000000e+00 0.000000000000000000e+00 0.000000000000000000e+00 0.000000000000000000e+00 0.000000000000000000e+00 0.000000000000000000e+00 0.000000000000000000e+00 0.000000000000000000e+00 0.000000000000000000e+00 0.000000000000000000e+00 0.000000000000000000e+00 0.000000000000000000e+00 0.000000000000000000e+00 0.000000000000000000e+00 0.000000000000000000e+00 0.000000000000000000e+00
0.000000000000000000e+00 0.000000000000000000e+00 0.000000000000000000e+00 0.000000000000000000e+00 0.000000000000000000e+00 0.000000000000000000e+00 0.000000000000000000e+00 0.000000000000000000e+00 0.000000000000000000e+00 0.000000000000000000e+00 0.000000000000000000e+00 0.000000000000000000e+00 0.000000000000000000e+00 0.000000000000000000e+00 0.000000000000000000e+00 0.000000000000000000e+00 0.000000000000000000e+00 0.000000000000000000e+00 0.000000000000000000e+00 0.000000000000000000e+00 0.000000000000000000e+00 0.000000000000000000e+00 0.000000000000000000e+00 0.000000000000000000e+00 0.000000000000000000e+00 0.000000000000000000e+00 0.000000000000000000e+00 0.000000000000000000e+00 0.000000000000000000e+00 0.000000000000000000e+00 0.000000000000000000e+00 0.000000000000000000e+00 0.000000000000000000e+00 0.000000000000000000e+00 0.000000000000000000e+00 0.000000000000000000e+00 0.000000000000000000e+00 0.000000000000000000e+00 0.000000000000000000e+00 0.000000000000000000e+00 0.000000000000000000e+00 0.000000000000000000e+00 0.000000000000000000e+00 0.000000000000000000e+00 0.000000000000000000e+00 0.000000000000000000e+00 0.000000000000000000e+00 0.000000000000000000e+00 0.000000000000000000e+00 0.000000000000000000e+00 0.000000000000000000e+00 0.000000000000000000e+00 0.000000000000000000e+00 0.000000000000000000e+00 0.000000000000000000e+00 0.000000000000000000e+00 0.000000000000000000e+00 0.000000000000000000e+00 0.000000000000000000e+00 0.000000000000000000e+00 0.000000000000000000e+00 0.000000000000000000e+00 0.000000000000000000e+00 0.000000000000000000e+00 0.000000000000000000e+00 0.000000000000000000e+00 0.000000000000000000e+00 0.000000000000000000e+00 0.000000000000000000e+00 0.000000000000000000e+00 0.000000000000000000e+00 0.000000000000000000e+00 0.000000000000000000e+00 0.000000000000000000e+00 0.000000000000000000e+00 0.000000000000000000e+00 0.000000000000000000e+00 0.000000000000000000e+00 0.000000000000000000e+00 0.000000000000000000e+00 0.000000000000000000e+00 0.000000000000000000e+00 0.000000000000000000e+00 0.000000000000000000e+00 0.000000000000000000e+00 0.000000000000000000e+00 0.000000000000000000e+00 0.000000000000000000e+00 0.000000000000000000e+00
0.000000000000000000e+00 0.000000000000000000e+00 0.000000000000000000e+00 5.357879234167887361e+00 7.221433905899924177e+00 1.085687960687960718e+01 0.000000000000000000e+00 3.199999999999997158e+01 0.000000000000000000e+00 8.957446808510628244e+00 0.000000000000000000e+00 5.196253345227473730e+00 0.000000000000000000e+00 0.000000000000000000e+00 6.274999999999998579e+01 2.949999999999998934e+01 3.700000000000000000e+01 0.000000000000000000e+00 0.000000000000000000e+00 0.000000000000000000e+00 0.000000000000000000e+00 0.000000000000000000e+00 0.000000000000000000e+00 0.000000000000000000e+00 0.000000000000000000e+00 0.000000000000000000e+00 0.000000000000000000e+00 0.000000000000000000e+00 0.000000000000000000e+00 0.000000000000000000e+00 0.000000000000000000e+00 8.099999999999990052e+01 0.000000000000000000e+00 0.000000000000000000e+00 0.000000000000000000e+00 0.000000000000000000e+00 0.000000000000000000e+00 2.753225806451611390e+01 3.384090909090907218e+01 3.800000000000000711e+01 0.000000000000000000e+00 0.000000000000000000e+00 0.000000000000000000e+00 0.000000000000000000e+00 3.160000000000000142e+01 0.000000000000000000e+00 0.000000000000000000e+00 0.000000000000000000e+00 0.000000000000000000e+00 0.000000000000000000e+00 0.000000000000000000e+00 0.000000000000000000e+00 0.000000000000000000e+00 0.000000000000000000e+00 0.000000000000000000e+00 0.000000000000000000e+00 0.000000000000000000e+00 0.000000000000000000e+00 0.000000000000000000e+00 0.000000000000000000e+00 0.000000000000000000e+00 0.000000000000000000e+00 0.000000000000000000e+00 0.000000000000000000e+00 0.000000000000000000e+00 0.000000000000000000e+00 0.000000000000000000e+00 0.000000000000000000e+00 0.000000000000000000e+00 0.000000000000000000e+00 0.000000000000000000e+00 0.000000000000000000e+00 0.000000000000000000e+00 0.000000000000000000e+00 0.000000000000000000e+00 0.000000000000000000e+00 0.000000000000000000e+00 0.000000000000000000e+00 0.000000000000000000e+00 0.000000000000000000e+00 0.000000000000000000e+00 0.000000000000000000e+00 0.000000000000000000e+00 0.000000000000000000e+00 0.000000000000000000e+00 0.000000000000000000e+00 0.000000000000000000e+00 0.000000000000000000e+00 0.000000000000000000e+00
0.000000000000000000e+00 0.000000000000000000e+00 0.000000000000000000e+00 7.221433905899924177e+00 9.377825773938079479e+00 9.744422766986170714e+00 3.086842105263156810e+01 2.692477876106194046e+01 3.697222222222222143e+01 1.312187690432662635e+01 4.368181818181816567e+01 1.710527989821882855e+01 7.049999999999997158e+01 5.691666666666665009e+01 2.221111111111110503e+01 1.071577946768060130e+01 2.514772727272727337e+01 4.958823529411760944e+01 6.941666666666664298e+01 0.000000000000000000e+00 0.000000000000000000e+00 0.000000000000000000e+00 0.000000000000000000e+00 0.000000000000000000e+00 4.000000000000000711e+01 6.499999999999997158e+01 0.000000000000000000e+00 0.000000000000000000e+00 0.000000000000000000e+00 0.000000000000000000e+00 0.000000000000000000e+00 7.712499999999994316e+01 6.124999999999998579e+01 0.000000000000000000e+00 6.050000000000001421e+01 0.000000000000000000e+00 0.000000000000000000e+00 1.229981084489280363e+01 1.563861386138612630e+01 3.066666666666665364e+01 0.000000000000000000e+00 3.483333333333332149e+01 7.149999999999998579e+01 4.199999999999996447e+01 6.265927324209529026e+00 5.602564102564100423e+00 0.000000000000000000e+00 0.000000000000000000e+00 0.000000000000000000e+00 0.000000000000000000e+00 0.000000000000000000e+00 0.000000000000000000e+00 5.316666666666660745e+01 0.000000000000000000e+00 6.099999999999987921e+01 1.060000000000000142e+02 0.000000000000000000e+00 0.000000000000000000e+00 2.599999999999997868e+01 3.050000000000001776e+01 4.549999999999997158e+01 0.000000000000000000e+00 0.000000000000000000e+00 0.000000000000000000e+00 0.000000000000000000e+00 0.000000000000000000e+00 0.000000000000000000e+00 0.000000000000000000e+00 0.000000000000000000e+00 0.000000000000000000e+00 0.000000000000000000e+00 0.000000000000000000e+00 0.000000000000000000e+00 0.000000000000000000e+00 0.000000000000000000e+00 0.000000000000000000e+00 0.000000000000000000e+00 0.000000000000000000e+00 0.000000000000000000e+00 0.000000000000000000e+00 2.074999999999997868e+01 3.499999999999997158e+01 6.250000000000002842e+01 0.000000000000000000e+00 0.000000000000000000e+00 0.000000000000000000e+00 0.000000000000000000e+00 1.799999999999998224e+01 0.000000000000000000e+00
0.000000000000000000e+00 0.000000000000000000e+00 0.000000000000000000e+00 1.085687960687960718e+01 9.744422766986170714e+00 1.447057059629882758e+01 1.028077373974208264e+01 1.343707282583077323e+01 3.013220338983049729e+01 1.607702576425042551e+01 4.245806451612902066e+01 2.618167539267015442e+01 5.169285714285711464e+01 6.611111111111108585e+01 2.233605527638189869e+01 2.044496855345911257e+01 3.468478260869564878e+01 5.826923076923074518e+01 7.839999999999996305e+01 0.000000000000000000e+00 5.699999999999997158e+01 0.000000000000000000e+00 4.400000000000000000e+01 3.800000000000000000e+01 4.299999999999997868e+01 4.077272727272725916e+01 3.999999999999995026e+01 4.399999999999999289e+01 5.996153846153844569e+01 5.557894736842104066e+01 0.000000000000000000e+00 8.218749999999997158e+01 7.483333333333330017e+01 0.000000000000000000e+00 7.624999999999997158e+01 0.000000000000000000e+00 7.999999999999998579e+01 1.721101406050275884e+01 1.857983554833156603e+01 3.130067567567566300e+01 0.000000000000000000e+00 4.605555555555553582e+01 3.093750000000000000e+01 2.517857142857141994e+01 1.949252336448596878e+01 4.247619047619046739e+01 0.000000000000000000e+00 0.000000000000000000e+00 6.649999999999991473e+01 0.000000000000000000e+00 0.000000000000000000e+00 5.699999999999990052e+01 5.887499999999994316e+01 0.000000000000000000e+00 7.333333333333330017e+01 7.599999999999995737e+01 0.000000000000000000e+00 0.000000000000000000e+00 2.975000000000000355e+01 3.300000000000000711e+01 4.900000000000001421e+01 0.000000000000000000e+00 0.000000000000000000e+00 0.000000000000000000e+00 0.000000000000000000e+00 0.000000000000000000e+00 0.000000000000000000e+00 0.000000000000000000e+00 0.000000000000000000e+00 0.000000000000000000e+00 0.000000000000000000e+00 0.000000000000000000e+00 0.000000000000000000e+00 0.000000000000000000e+00 0.000000000000000000e+00 0.000000000000000000e+00 0.000000000000000000e+00 0.000000000000000000e+00 0.000000000000000000e+00 0.000000000000000000e+00 0.000000000000000000e+00 5.414285714285710327e+01 0.000000000000000000e+00 0.000000000000000000e+00 0.000000000000000000e+00 0.000000000000000000e+00 0.000000000000000000e+00 0.000000000000000000e+00 0.000000000000000000e+00
0.000000000000000000e+00 0.000000000000000000e+00 0.000000000000000000e+00 0.000000000000000000e+00 3.086842105263156810e+01 1.028077373974208264e+01 9.058231246853493346e+00 7.372720978536807301e+00 2.108974358974358054e+01 1.315807560137456633e+01 4.358823529411763076e+01 3.984782608695650907e+01 3.824999999999998579e+01 0.000000000000000000e+00 3.499999999999997868e+01 2.766666666666664653e+01 4.850000000000000000e+01 0.000000000000000000e+00 0.000000000000000000e+00 0.000000000000000000e+00 0.000000000000000000e+00 0.000000000000000000e+00 0.000000000000000000e+00 0.000000000000000000e+00 0.000000000000000000e+00 0.000000000000000000e+00 0.000000000000000000e+00 0.000000000000000000e+00 5.049999999999997158e+01 5.899999999999995737e+01 0.000000000000000000e+00 0.000000000000000000e+00 0.000000000000000000e+00 0.000000000000000000e+00 0.000000000000000000e+00 0.000000000000000000e+00 0.000000000000000000e+00 2.667647058823528994e+01 2.733891213389120267e+01 2.550000000000000711e+01 0.000000000000000000e+00 5.999999999999997868e+01 0.000000000000000000e+00 2.250000000000001421e+01 2.556249999999998224e+01 0.000000000000000000e+00 0.000000000000000000e+00 0.000000000000000000e+00 0.000000000000000000e+00 0.000000000000000000e+00 0.000000000000000000e+00 0.000000000000000000e+00 0.000000000000000000e+00 0.000000000000000000e+00 0.000000000000000000e+00 0.000000000000000000e+00 0.000000000000000000e+00 0.000000000000000000e+00 0.000000000000000000e+00 0.000000000000000000e+00 0.000000000000000000e+00 0.000000000000000000e+00 0.000000000000000000e+00 0.000000000000000000e+00 0.000000000000000000e+00 0.000000000000000000e+00 0.000000000000000000e+00 0.000000000000000000e+00 0.000000000000000000e+00 0.000000000000000000e+00 0.000000000000000000e+00 0.000000000000000000e+00 0.000000000000000000e+00 0.000000000000000000e+00 0.000000000000000000e+00 0.000000000000000000e+00 0.000000000000000000e+00 0.000000000000000000e+00 0.000000000000000000e+00 0.000000000000000000e+00 0.000000000000000000e+00 8.450000000000005684e+01 0.000000000000000000e+00 0.000000000000000000e+00 0.000000000000000000e+00 0.000000000000000000e+00 0.000000000000000000e+00 0.000000000000000000e+00 0.000000000000000000e+00
0.000000000000000000e+00 0.000000000000000000e+00 0.000000000000000000e+00 3.199999999999997158e+01 2.692477876106194046e+01 1.343707282583077323e+01 7.372720978536807301e+00 8.453123119508964223e+00 9.736092080021924389e+00 1.673885042666236700e+01 3.089285714285712814e+01 2.675599435825104777e+01 3.869957983193275908e+01 0.000000000000000000e+00 3.343701799485859993e+01 2.231341107871720197e+01 3.401515151515151558e+01 4.739999999999999858e+01 7.616666666666662877e+01 0.000000000000000000e+00 8.499999999999998579e+01 0.000000000000000000e+00 0.000000000000000000e+00 0.000000000000000000e+00 0.000000000000000000e+00 4.250000000000002842e+01 4.349999999999998579e+01 0.000000000000000000e+00 4.205785123966940375e+01 3.915811965811964512e+01 0.000000000000000000e+00 6.699999999999997158e+01 6.900000000000001421e+01 0.000000000000000000e+00 8.300000000000001421e+01 0.000000000000000000e+00 0.000000000000000000e+00 2.670982142857141639e+01 2.578260869565216495e+01 4.015624999999998579e+01 0.000000000000000000e+00 4.369999999999997442e+01 0.000000000000000000e+00 4.233333333333331439e+01 2.907352941176468519e+01 5.575000000000000000e+01 0.000000000000000000e+00 0.000000000000000000e+00 0.000000000000000000e+00 0.000000000000000000e+00 0.000000000000000000e+00 0.000000000000000000e+00 6.299999999999995737e+01 0.000000000000000000e+00 0.000000000000000000e+00 0.000000000000000000e+00 0.000000000000000000e+00 0.000000000000000000e+00 2.700000000000000355e+01 0.000000000000000000e+00 0.000000000000000000e+00 0.000000000000000000e+00 0.000000000000000000e+00 0.000000000000000000e+00 0.000000000000000000e+00 0.000000000000000000e+00 0.000000000000000000e+00 0.000000000000000000e+00 0.000000000000000000e+00 0.000000000000000000e+00 0.000000000000000000e+00 0.000000000000000000e+00 0.000000000000000000e+00 0.000000000000000000e+00 0.000000000000000000e+00 0.000000000000000000e+00 0.000000000000000000e+00 0.000000000000000000e+00 0.000000000000000000e+00 0.000000000000000000e+00 3.349999999999995026e+01 5.041666666666662877e+01 6.449999999999998579e+01 0.000000000000000000e+00 0.000000000000000000e+00 0.000000000000000000e+00 0.000000000000000000e+00 0.000000000000000000e+00 0.000000000000000000e+00
0.000000000000000000e+00 0.000000000000000000e+00 0.000000000000000000e+00 0.000000000000000000e+00 3.697222222222222143e+01 3.013220338983049729e+01 2.108974358974358054e+01 9.736092080021924389e+00 1.077176594994712744e+01 1.830405134376253073e+01 2.225276752767527810e+01 2.741224018475750412e+01 1.083269768624459672e+01 6.599999999999998579e+01 2.156584362139917488e+01 3.117045454545455030e+01 2.475000000000000000e+01 4.334374999999998579e+01 4.968749999999999289e+01 0.000000000000000000e+00 0.000000000000000000e+00 0.000000000000000000e+00 0.000000000000000000e+00 0.000000000000000000e+00 6.100000000000000000e+01 3.916666666666665009e+01 2.811111111111110716e+01 0.000000000000000000e+00 1.968404423380726698e+01 2.315097087378640239e+01 5.300000000000000000e+01 5.899999999999998579e+01 5.441666666666668561e+01 0.000000000000000000e+00 0.000000000000000000e+00 0.000000000000000000e+00 0.000000000000000000e+00 2.523405299313051842e+01 1.806809842434707392e+01 3.466438356164383805e+01 0.000000000000000000e+00 3.972727272727272663e+01 0.000000000000000000e+00 3.385714285714284699e+01 3.086363636363635976e+01 3.584000000000001052e+01 0.000000000000000000e+00 0.000000000000000000e+00 0.000000000000000000e+00 0.000000000000000000e+00 0.000000000000000000e+00 0.000000000000000000e+00 4.599999999999996447e+01 5.349999999999997158e+01 4.766666666666660035e+01 0.000000000000000000e+00 0.000000000000000000e+00 0.000000000000000000e+00 0.000000000000000000e+00 3.841666666666664298e+01 0.000000000000000000e+00 0.000000000000000000e+00 0.000000000000000000e+00 0.000000000000000000e+00 0.000000000000000000e+00 0.000000000000000000e+00 0.000000000000000000e+00 0.000000000000000000e+00 0.000000000000000000e+00 0.000000000000000000e+00 0.000000000000000000e+00 0.000000000000000000e+00 0.000000000000000000e+00 0.000000000000000000e+00 0.000000000000000000e+00 0.000000000000000000e+00 0.000000000000000000e+00 0.000000000000000000e+00 0.000000000000000000e+00 0.000000000000000000e+00 6.750000000000000000e+01 6.299999999999991473e+01 0.000000000000000000e+00 0.000000000000000000e+00 0.000000000000000000e+00 0.000000000000000000e+00 0.000000000000000000e+00 3.599999999999995737e+01 0.000000000000000000e+00
0.000000000000000000e+00 0.000000000000000000e+00 0.000000000000000000e+00 8.957446808510628244e+00 1.312187690432662635e+01 1.607702576425042551e+01 1.315807560137456633e+01 1.673885042666236700e+01 1.830405134376253073e+01 1.216477807721029869e+01 1.384182795698924373e+01 1.693258849255158793e+01 3.865487804878047484e+01 5.256896551724138078e+01 3.175753086419751625e+01 2.292919921874999289e+01 2.291228070175437637e+01 4.328499999999998238e+01 6.503361344537813693e+01 0.000000000000000000e+00 0.000000000000000000e+00 0.000000000000000000e+00 0.000000000000000000e+00 8.199999999999997158e+01 0.000000000000000000e+00 5.462499999999998579e+01 4.238888888888887863e+01 6.712499999999997158e+01 4.344298245614033505e+01 3.722136222910215508e+01 5.983333333333331439e+01 6.554591836734691412e+01 6.343939393939390925e+01 7.549999999999997158e+01 7.950000000000000000e+01 9.075000000000000000e+01 6.499999999999995737e+01 2.359054738365081860e+01 2.800825905634146551e+01 3.975886990801576104e+01 0.000000000000000000e+00 3.974475524475523258e+01 0.000000000000000000e+00 4.544827586206894665e+01 3.030198019801978404e+01 4.513961038961037531e+01 0.000000000000000000e+00 4.716666666666667851e+01 0.000000000000000000e+00 0.000000000000000000e+00 0.000000000000000000e+00 4.577777777777774304e+01 5.323999999999994515e+01 6.113333333333329023e+01 4.942682926829263579e+01 6.350000000000002842e+01 0.000000000000000000e+00 5.674999999999995026e+01 3.691999999999997328e+01 4.088135593220336972e+01 4.423333333333332007e+01 6.124999999999995737e+01 0.000000000000000000e+00 0.000000000000000000e+00 0.000000000000000000e+00 0.000000000000000000e+00 0.000000000000000000e+00 0.000000000000000000e+00 8.049999999999998579e+01 0.000000000000000000e+00 0.000000000000000000e+00 0.000000000000000000e+00 0.000000000000000000e+00 0.000000000000000000e+00 0.000000000000000000e+00 0.000000000000000000e+00 0.000000000000000000e+00 0.000000000000000000e+00 0.000000000000000000e+00 0.000000000000000000e+00 4.416666666666663588e+01 5.754999999999998295e+01 6.007142857142854808e+01 0.000000000000000000e+00 5.512499999999997158e+01 0.000000000000000000e+00 6.550000000000000000e+01 3.974999999999995737e+01 0.000000000000000000e+00
0.000000000000000000e+00 0.000000000000000000e+00 0.000000000000000000e+00 0.000000000000000000e+00 4.368181818181816567e+01 4.245806451612902066e+01 4.358823529411763076e+01 3.089285714285712814e+01 2.225276752767527810e+01 1.384182795698924373e+01 1.268434377684343772e+01 2.004486953455571197e+01 1.560729424231720230e+01 4.312000000000001165e+01 2.602874902874902929e+01 3.722395833333332149e+01 2.451445086705201248e+01 2.668815331010451786e+01 5.003042596348884530e+01 8.374999999999997158e+01 6.097321428571428470e+01 5.643137254901960631e+01 7.113888888888885731e+01 7.897826086956520442e+01 6.300000000000000000e+01 5.549847094801223335e+01 5.368055555555555713e+01 5.212146892655367481e+01 3.310933503836317016e+01 3.200115030674846395e+01 4.978770949720670558e+01 4.887016706443914416e+01 4.856084466714388270e+01 5.397540983606557319e+01 6.670361990950226527e+01 6.028000000000000114e+01 5.637058823529411455e+01 2.045360429447852368e+01 2.273070422535211321e+01 3.458905579399141317e+01 0.000000000000000000e+00 3.018791946308724761e+01 5.618939393939393767e+01 4.592307692307691980e+01 3.333333333333333570e+01 3.507638888888888573e+01 0.000000000000000000e+00 0.000000000000000000e+00 0.000000000000000000e+00 0.000000000000000000e+00 0.000000000000000000e+00 4.816666666666665009e+01 4.849999999999995026e+01 4.514285714285709616e+01 4.924999999999997868e+01 5.516666666666665009e+01 0.000000000000000000e+00 5.749999999999997868e+01 5.699999999999997158e+01 4.067241379310341642e+01 2.872222222222220367e+01 0.000000000000000000e+00 0.000000000000000000e+00 0.000000000000000000e+00 0.000000000000000000e+00 0.000000000000000000e+00 0.000000000000000000e+00 0.000000000000000000e+00 0.000000000000000000e+00 0.000000000000000000e+00 0.000000000000000000e+00 6.449999999999995737e+01 0.000000000000000000e+00 0.000000000000000000e+00 0.000000000000000000e+00 6.075000000000000000e+01 0.000000000000000000e+00 0.000000000000000000e+00 0.000000000000000000e+00 0.000000000000000000e+00 3.771428571428567977e+01 4.392857142857139507e+01 4.883333333333330728e+01 0.000000000000000000e+00 3.533333333333332149e+01 6.749999999999998579e+01 6.099999999999998579e+01 0.000000000000000000e+00 0.000000000000000000e+00
0.000000000000000000e+00 0.000000000000000000e+00 0.000000000000000000e+00 5.196253345227473730e+00 1.710527989821882855e+01 2.618167539267015442e+01 3.984782608695650907e+01 2.675599435825104777e+01 2.741224018475750412e+01 1.693258849255158793e+01 2.004486953455571197e+01 1.654820722549809986e+01 1.906585899070869061e+01 1.698761773732670477e+01 3.483300395256916460e+01 2.035424618320610080e+01 1.783466219051614843e+01 2.580557491289198779e+01 4.632549430796884593e+01 8.349999999999998579e+01 7.999999999999998579e+01 6.250000000000000000e+01 7.549999999999997158e+01 0.000000000000000000e+00 8.509999999999998010e+01 6.761956521739129755e+01 5.974999999999997868e+01 6.403571428571429180e+01 3.460072231139646703e+01 5.029796511627907307e+01 5.955555555555555713e+01 4.881428571428570962e+01 4.333598585322723551e+01 5.724999999999999289e+01 7.820000000000000284e+01 7.074999999999997158e+01 7.718181818181818699e+01 2.313920850767084403e+01 3.127843621399176044e+01 3.748312710911135071e+01 0.000000000000000000e+00 3.490747330960854100e+01 6.135483870967741638e+01 4.590116279069766136e+01 4.209756097560974553e+01 4.163849765258215996e+01 0.000000000000000000e+00 0.000000000000000000e+00 0.000000000000000000e+00 0.000000000000000000e+00 0.000000000000000000e+00 5.421428571428567977e+01 5.222916666666662877e+01 5.404999999999996874e+01 2.029411764705881538e+01 5.665624999999998579e+01 2.524999999999999289e+01 0.000000000000000000e+00 4.644230769230766498e+01 4.409374999999997158e+01 3.653723404255318030e+01 4.385000000000000142e+01 0.000000000000000000e+00 0.000000000000000000e+00 0.000000000000000000e+00 0.000000000000000000e+00 0.000000000000000000e+00 0.000000000000000000e+00 0.000000000000000000e+00 0.000000000000000000e+00 0.000000000000000000e+00 6.557142857142858361e+01 5.474999999999997158e+01 0.000000000000000000e+00 7.075000000000000000e+01 5.949999999999997868e+01 0.000000000000000000e+00 0.000000000000000000e+00 0.000000000000000000e+00 0.000000000000000000e+00 5.064705882352937749e+01 5.255208333333331439e+01 5.709999999999998721e+01 0.000000000000000000e+00 4.472222222222221433e+01 0.000000000000000000e+00 5.375000000000000000e+01 5.958333333333332149e+01 6.649999999999997158e+01
0.000000000000000000e+00 0.000000000000000000e+00 0.000000000000000000e+00 0.000000000000000000e+00 7.049999999999997158e+01 5.169285714285711464e+01 3.824999999999998579e+01 3.869957983193275908e+01 1.083269768624459672e+01 3.865487804878047484e+01 1.560729424231720230e+01 1.906585899070869061e+01 1.460646014772351364e+01 8.233999025815879946e+00 2.243574199806013425e+01 5.253448275862067618e+01 4.319117647058822484e+01 2.117813199105145117e+01 3.668115942028985899e+01 7.949999999999997158e+01 5.581707317073171026e+01 5.660714285714285410e+01 6.411111111111111427e+01 7.366666666666662877e+01 5.447727272727272663e+01 2.333155650319829277e+01 3.768181818181817988e+01 4.731967213114754145e+01 1.920948869223205335e+01 2.413622859140160770e+01 4.288211382113821202e+01 3.405989861259338625e+01 3.565133876600698670e+01 4.922727272727272663e+01 6.104861111111111427e+01 5.695000000000000284e+01 5.157586206896552028e+01 2.332324218750000000e+01 2.324292572006063651e+01 2.962998000307645796e+01 0.000000000000000000e+00 2.798347457627118473e+01 5.049206349206349387e+01 3.781545064377682053e+01 5.575000000000001421e+01 3.624377593360996030e+01 0.000000000000000000e+00 0.000000000000000000e+00 0.000000000000000000e+00 0.000000000000000000e+00 0.000000000000000000e+00 0.000000000000000000e+00 6.899999999999995737e+01 5.641666666666665009e+01 5.904545454545453254e+01 5.587499999999998579e+01 3.999999999999996447e+01 6.599999999999998579e+01 6.224999999999995737e+01 5.289999999999995595e+01 3.577049180327867361e+01 3.781249999999999289e+01 0.000000000000000000e+00 0.000000000000000000e+00 0.000000000000000000e+00 0.000000000000000000e+00 7.050000000000000000e+01 0.000000000000000000e+00 0.000000000000000000e+00 0.000000000000000000e+00 0.000000000000000000e+00 6.483333333333332860e+01 6.274999999999998579e+01 0.000000000000000000e+00 0.000000000000000000e+00 5.599999999999997868e+01 0.000000000000000000e+00 0.000000000000000000e+00 0.000000000000000000e+00 0.000000000000000000e+00 3.983333333333330017e+01 5.316666666666665009e+01 4.729999999999999005e+01 0.000000000000000000e+00 4.317857142857144481e+01 0.000000000000000000e+00 6.024999999999998579e+01 7.050000000000002842e+01 0.000000000000000000e+00
0.000000000000000000e+00 0.000000000000000000e+00 0.000000000000000000e+00 0.000000000000000000e+00 5.691666666666665009e+01 6.611111111111108585e+01 0.000000000000000000e+00 0.000000000000000000e+00 6.599999999999998579e+01 5.256896551724138078e+01 4.312000000000001165e+01 1.698761773732670477e+01 8.233999025815879946e+00 8.852057478772042742e+00 3.274999999999998579e+01 5.308333333333329307e+01 3.680000000000000426e+01 1.559929078014184434e+01 4.059756097560975974e+01 7.099999999999995737e+01 0.000000000000000000e+00 0.000000000000000000e+00 0.000000000000000000e+00 0.000000000000000000e+00 0.000000000000000000e+00 3.775000000000000000e+01 0.000000000000000000e+00 0.000000000000000000e+00 1.022349999999999959e+01 3.830263157894736992e+01 3.725000000000000000e+01 1.648162729658792713e+01 1.651257861635220081e+01 0.000000000000000000e+00 0.000000000000000000e+00 0.000000000000000000e+00 0.000000000000000000e+00 3.121212121212121104e+01 3.843103448275862632e+01 3.835416666666666430e+01 0.000000000000000000e+00 3.337499999999998579e+01 9.500000000000000000e+01 4.574999999999999289e+01 0.000000000000000000e+00 3.325000000000003553e+01 0.000000000000000000e+00 0.000000000000000000e+00 0.000000000000000000e+00 0.000000000000000000e+00 0.000000000000000000e+00 0.000000000000000000e+00 0.000000000000000000e+00 0.000000000000000000e+00 3.599999999999999289e+01 0.000000000000000000e+00 0.000000000000000000e+00 0.000000000000000000e+00 0.000000000000000000e+00 0.000000000000000000e+00 0.000000000000000000e+00 1.350000000000001066e+01 0.000000000000000000e+00 0.000000000000000000e+00 0.000000000000000000e+00 0.000000000000000000e+00 0.000000000000000000e+00 0.000000000000000000e+00 0.000000000000000000e+00 0.000000000000000000e+00 0.000000000000000000e+00 0.000000000000000000e+00 0.000000000000000000e+00 0.000000000000000000e+00 0.000000000000000000e+00 0.000000000000000000e+00 0.000000000000000000e+00 0.000000000000000000e+00 0.000000000000000000e+00 0.000000000000000000e+00 0.000000000000000000e+00 0.000000000000000000e+00 0.000000000000000000e+00 0.000000000000000000e+00 0.000000000000000000e+00 0.000000000000000000e+00 0.000000000000000000e+00 0.000000000000000000e+00 0.000000000000000000e+00
0.000000000000000000e+00 0.000000000000000000e+00 0.000000000000000000e+00 6.274999999999998579e+01 2.221111111111110503e+01 2.233605527638189869e+01 3.499999999999997868e+01 3.343701799485859993e+01 2.156584362139917488e+01 3.175753086419751625e+01 2.602874902874902929e+01 3.483300395256916460e+01 2.243574199806013425e+01 3.274999999999998579e+01 1.120673206732066873e+01 4.509615384615383249e+01 4.452083333333332149e+01 3.184999999999998721e+01 2.204873646209385640e+01 1.653086419753085323e+01 3.644413407821227935e+01 2.907142857142856585e+01 2.421369294605809230e+01 1.730489510489509541e+01 2.323868312757200982e+01 1.949519230769230305e+01 1.541117478510028072e+01 2.586786296900488935e+01 1.598607796340493259e+01 2.243585526315789025e+01 4.091279999999999006e+01 3.230524121500892676e+01 2.978737541528238708e+01 4.839999999999999147e+01 4.505761316872427358e+01 4.708823529411763076e+01 3.899999999999999289e+01 2.448333333333333073e+01 8.881357418449665531e+00 2.129870129870129958e+01 0.000000000000000000e+00 1.688474576271186223e+01 1.407937877480586586e+01 1.239440993788819867e+01 1.928571428571427049e+01 1.860259179265658247e+01 0.000000000000000000e+00 0.000000000000000000e+00 0.000000000000000000e+00 0.000000000000000000e+00 0.000000000000000000e+00 0.000000000000000000e+00 4.099999999999994316e+01 4.666666666666665009e+01 6.039999999999995595e+01 5.799999999999995737e+01 0.000000000000000000e+00 0.000000000000000000e+00 5.349999999999997868e+01 4.299999999999993605e+01 2.349999999999999289e+01 3.142105263157893091e+01 0.000000000000000000e+00 0.000000000000000000e+00 0.000000000000000000e+00 0.000000000000000000e+00 0.000000000000000000e+00 0.000000000000000000e+00 6.387499999999999289e+01 0.000000000000000000e+00 5.350000000000000000e+01 7.250000000000001421e+01 4.714999999999999147e+01 4.799999999999998579e+01 5.624999999999998579e+01 3.089285714285712814e+01 4.049999999999999289e+01 0.000000000000000000e+00 0.000000000000000000e+00 3.849999999999998579e+01 6.849999999999992895e+01 7.349999999999995737e+01 4.450000000000001421e+01 0.000000000000000000e+00 3.399999999999998579e+01 3.221428571428570109e+01 0.000000000000000000e+00 0.000000000000000000e+00 0.000000000000000000e+00
0.000000000000000000e+00 0.000000000000000000e+00 0.000000000000000000e+00 2.949999999999998934e+01 1.071577946768060130e+01 2.044496855345911257e+01 2.766666666666664653e+01 2.231341107871720197e+01 3.117045454545455030e+01 2.292919921874999289e+01 3.722395833333332149e+01 2.035424618320610080e+01 5.253448275862067618e+01 5.308333333333329307e+01 4.509615384615383249e+01 7.002431906614783763e+00 1.092248603351954905e+01 3.495646437994721367e+01 5.647142857142854666e+01 0.000000000000000000e+00 0.000000000000000000e+00 0.000000000000000000e+00 0.000000000000000000e+00 0.000000000000000000e+00 0.000000000000000000e+00 9.799999999999998579e+01 0.000000000000000000e+00 0.000000000000000000e+00 6.046153846153844569e+01 5.749999999999997868e+01 8.116666666666664298e+01 7.337499999999997158e+01 5.938235294117644258e+01 0.000000000000000000e+00 0.000000000000000000e+00 0.000000000000000000e+00 0.000000000000000000e+00 1.431491416309011733e+01 2.769337811900190616e+01 4.130246913580246115e+01 0.000000000000000000e+00 4.733333333333332149e+01 6.550000000000001421e+01 4.637499999999999289e+01 9.940217391304342343e+00 4.440624999999998579e+01 0.000000000000000000e+00 0.000000000000000000e+00 0.000000000000000000e+00 0.000000000000000000e+00 0.000000000000000000e+00 6.899999999999997158e+01 5.229999999999994031e+01 5.124999999999995737e+01 5.083333333333330017e+01 5.799999999999994316e+01 0.000000000000000000e+00 7.612499999999997158e+01 2.299999999999998579e+01 4.119999999999998153e+01 4.378947368421049902e+01 5.133333333333330728e+01 0.000000000000000000e+00 0.000000000000000000e+00 0.000000000000000000e+00 0.000000000000000000e+00 0.000000000000000000e+00 0.000000000000000000e+00 7.899999999999994316e+01 0.000000000000000000e+00 0.000000000000000000e+00 0.000000000000000000e+00 7.000000000000001421e+01 0.000000000000000000e+00 6.699999999999992895e+01 6.666666666666662877e+01 0.000000000000000000e+00 0.000000000000000000e+00 0.000000000000000000e+00 0.000000000000000000e+00 1.858333333333331439e+01 4.641666666666662877e+01 5.349999999999997158e+01 0.000000000000000000e+00 0.000000000000000000e+00 7.849999999999995737e+01 8.499999999999995737e+01 1.649999999999998224e+01 0.000000000000000000e+00
0.000000000000000000e+00 0.000000000000000000e+00 0.000000000000000000e+00 3.700000000000000000e+01 2.514772727272727337e+01 3.468478260869564878e+01 4.850000000000000000e+01 3.401515151515151558e+01 2.475000000000000000e+01 2.291228070175437637e+01 2.451445086705201248e+01 1.783466219051614843e+01 4.319117647058822484e+01 3.680000000000000426e+01 4.452083333333332149e+01 1.092248603351954905e+01 7.886263736263730451e+00 1.903663141993956742e+01 4.155216535433070391e+01 0.000000000000000000e+00 7.500000000000000000e+01 0.000000000000000000e+00 0.000000000000000000e+00 0.000000000000000000e+00 0.000000000000000000e+00 6.974999999999997158e+01 6.900000000000002842e+01 0.000000000000000000e+00 5.538888888888887863e+01 6.587500000000001421e+01 0.000000000000000000e+00 5.821999999999997044e+01 4.648076923076921929e+01 0.000000000000000000e+00 8.850000000000000000e+01 0.000000000000000000e+00 0.000000000000000000e+00 1.805294117647058272e+01 2.980033003300328787e+01 3.315540540540539638e+01 0.000000000000000000e+00 4.138095238095235118e+01 5.279999999999999716e+01 3.866666666666663588e+01 3.250000000000000000e+01 4.779999999999997584e+01 0.000000000000000000e+00 1.999999999999997868e+01 0.000000000000000000e+00 0.000000000000000000e+00 0.000000000000000000e+00 2.319999999999997442e+01 3.152083333333330373e+01 3.302173913043476716e+01 3.300793650793648482e+01 0.000000000000000000e+00 0.000000000000000000e+00 5.999999999999997158e+01 1.699999999999998579e+01 2.322368421052630083e+01 1.551724137931033809e+01 3.273076923076921929e+01 0.000000000000000000e+00 0.000000000000000000e+00 0.000000000000000000e+00 0.000000000000000000e+00 0.000000000000000000e+00 0.000000000000000000e+00 0.000000000000000000e+00 0.000000000000000000e+00 0.000000000000000000e+00 5.999999999999997868e+01 0.000000000000000000e+00 0.000000000000000000e+00 0.000000000000000000e+00 0.000000000000000000e+00 0.000000000000000000e+00 0.000000000000000000e+00 0.000000000000000000e+00 0.000000000000000000e+00 2.874999999999998934e+01 3.937499999999997158e+01 3.616666666666668561e+01 0.000000000000000000e+00 5.249999999999999289e+01 0.000000000000000000e+00 0.000000000000000000e+00 3.399999999999995026e+01 5.999999999999998579e+01
