0.000000000000000000e+00 0.000000000000000000e+00 0.000000000000000000e+00 0.000000000000000000e+00 0.000000000000000000e+00 0.000000000000000000e+00 0.000000000000000000e+00 0.000000000000000000e+00 0.000000000000000000e+00 0.000000000000000000e+00 0.000000000000000000e+00 0.000000000000000000e+00 0.000000000000000000e+00 0.000000000000000000e+00 0.000000000000000000e+00 0.000000000000000000e+00 0.000000000000000000e+00 0.000000000000000000e+00 0.000000000000000000e+00 0.000000000000000000e+00 0.000000000000000000e+00 0.000000000000000000e+00 0.000000000000000000e+00 0.000000000000000000e+00 0.000000000000000000e+00 0.000000000000000000e+00 0.000000000000000000e+00 0.000000000000000000e+00 0.000000000000000000e+00 0.000000000000000000e+00 0.000000000000000000e+00 0.000000000000000000e+00 0.000000000000000000e+00 0.000000000000000000e+00 0.000000000000000000e+00 0.000000000000000000e+00 0.000000000000000000e+00 0.000000000000000000e+00 0.000000000000000000e+00 0.000000000000000000e+00 0.000000000000000000e+00 0.000000000000000000e+00 0.000000000000000000e+00 0.000000000000000000e+00 0.000000000000000000e+00 0.000000000000000000e+00 0.000000000000000000e+00 0.000000000000000000e+00 0.000000000000000000e+00 0.000000000000000000e+00 0.000000000000000000e+00 0.000000000000000000e+00 0.000000000000000000e+00 0.000000000000000000e+00 0.000000000000000000e+00 0.000000000000000000e+00 0.000000000000000000e+00 0.000000000000000000e+00 0.000000000000000000e+00 0.000000000000000000e+00 0.000000000000000000e+00 0.000000000000000000e+00 0.000000000000000000e+00 0.000000000000000000e+00 0.000000000000000000e+00 0.000000000000000000e+00 0.000000000000000000e+00 0.000000000000000000e+00 0.000000000000000000e+00 0.000000000000000000e+00 0.000000000000000000e+00 0.000000000000000000e+00 0.000000000000000000e+00 0.000000000000000000e+00 0.000000000000000000e+00 0.000000000000000000e+00 0.000000000000000000e+00 0.000000000000000000e+00 0.000000000000000000e+00 0.000000000000000000e+00 0.000000000000000000e+00 0.000000000000000000e+00 0.000000000000000000e+00 0.000000000000000000e+00 0.000000000000000000e+00 0.000000000000000000e+00 0.000000000000000000e+00 0.000000000000000000e+00 0.000000000000000000e+00
0.000000000000000000e+00 0.000000000000000000e+00 0.000000000000000000e+00 0.000000000000000000e+00 0.000000000000000000e+00 0.000000000000000000e+00 0.000000000000000000e+00 0.000000000000000000e+00 0.000000000000000000e+00 0.000000000000000000e+00 0.000000000000000000e+00 0.000000000000000000e+00 0.000000000000000000e+00 0.000000000000000000e+00 0.000000000000000000e+00 0.000000000000000000e+00 0.000000000000000000e+00 0.000000000000000000e+00 0.000000000000000000e+00 0.000000000000000000e+00 0.000000000000000000e+00 0.000000000000000000e+00 0.000000000000000000e+00 0.000000000000000000e+00 0.000000000000000000e+00 0.000000000000000000e+00 0.000000000000000000e+00 0.000000000000000000e+00 0.000000000000000000e+00 0.000000000000000000e+00 0.000000000000000000e+00 0.000000000000000000e+00 0.000000000000000000e+00 0.000000000000000000e+00 0.000000000000000000e+00 0.000000000000000000e+00 0.000000000000000000e+00 0.000000000000000000e+00 0.000000000000000000e+00 0.000000000000000000e+00 0.000000000000000000e+00 0.000000000000000000e+00 0.000000000000000000e+00 0.000000000000000000e+00 0.000000000000000000e+00 0.000000000000000000e+00 0.000000000000000000e+00 0.000000000000000000e+00 0.000000000000000000e+00 0.000000000000000000e+00 0.000000000000000000e+00 0.000000000000000000e+00 0.000000000000000000e+00 0.000000000000000000e+00 0.000000000000000000e+00 0.000000000000000000e+00 0.000000000000000000e+00 0.000000000000000000e+00 0.000000000000000000e+00 0.000000000000000000e+00 0.000000000000000000e+00 0.000000000000000000e+00 0.000000000000000000e+00 0.000000000000000000e+00 0.000000000000000000e+00 0.000000000000000000e+00 0.000000000000000000e+00 0.000000000000000000e+00 0.000000000000000000e+00 0.000000000000000000e+00 0.000000000000000000e+00 0.000000000000000000e+00 0.000000000000000000e+00 0.000000000000000000e+00 0.000000000000000000e+00 0.000000000000000000e+00 0.000000000000000000e+00 0.000000000000000000e+00 0.000000000000000000e+00 0.000000000000000000e+00 0.000000000000000000e+00 0.000000000000000000e+00 0.000000000000000000e+00 0.000000000000000000e+00 0.000000000000000000e+00 0.000000000000000000e+00 0.000000000000000000e+00 0.000000000000000000e+00 0.000000000000000000e+00
0.000000000000000000e+00 0.000000000000000000e+00 0.000000000000000000e+00 0.000000000000000000e+00 0.000000000000000000e+00 0.000000000000000000e+00 0.000000000000000000e+00 0.000000000000000000e+00 0.000000000000000000e+00 0.000000000000000000e+00 0.000000000000000000e+00 0.000000000000000000e+00 0.000000000000000000e+00 0.000000000000000000e+00 0.000000000000000000e+00 0.000000000000000000e+00 0.000000000000000000e+00 0.000000000000000000e+00 0.000000000000000000e+00 0.000000000000000000e+00 0.000000000000000000e+00 0.000000000000000000e+00 0.000000000000000000e+00 0.000000000000000000e+00 0.000000000000000000e+00 0.000000000000000000e+00 0.000000000000000000e+00 0.000000000000000000e+00 0.000000000000000000e+00 0.000000000000000000e+00 0.000000000000000000e+00 0.000000000000000000e+00 0.000000000000000000e+00 0.000000000000000000e+00 0.000000000000000000e+00 0.000000000000000000e+00 0.000000000000000000e+00 0.000000000000000000e+00 0.000000000000000000e+00 0.000000000000000000e+00 0.000000000000000000e+00 0.000000000000000000e+00 0.000000000000000000e+00 0.000000000000000000e+00 0.000000000000000000e+00 0.000000000000000000e+00 0.000000000000000000e+00 0.000000000000000000e+00 0.000000000000000000e+00 0.000000000000000000e+00 0.000000000000000000e+00 0.000000000000000000e+00 0.000000000000000000e+00 0.000000000000000000e+00 0.000000000000000000e+00 0.000000000000000000e+00 0.000000000000000000e+00 0.000000000000000000e+00 0.000000000000000000e+00 0.000000000000000000e+00 0.000000000000000000e+00 0.000000000000000000e+00 0.000000000000000000e+00 0.000000000000000000e+00 0.000000000000000000e+00 0.000000000000000000e+00 0.000000000000000000e+00 0.000000000000000000e+00 0.000000000000000000e+00 0.000000000000000000e+00 0.000000000000000000e+00 0.000000000000000000e+00 0.000000000000000000e+00 0.000000000000000000e+00 0.000000000000000000e+00 0.000000000000000000e+00 0.000000000000000000e+00 0.000000000000000000e+00 0.000000000000000000e+00 0.000000000000000000e+00 0.000000000000000000e+00 0.000000000000000000e+00 0.000000000000000000e+00 0.000000000000000000e+00 0.000000000000000000e+00 0.000000000000000000e+00 0.000000000000000000e+00 0.000000000000000000e+00 0.000000000000000000e+00
0.000000000000000000e+00 0.000000000000000000e+00 0.000000000000000000e+00 5.557163531114321486e+00 6.793294030950623785e+00 1.355067567567566833e+01 2.799999999999998934e+01 3.100961538461536549e+01 3.349999999999996447e+01 1.183916990920881318e+01 5.999999999999989342e+01 6.985294117647055323e+00 7.574999999999994316e+01 5.983333333333333570e+01 4.633333333333332149e+01 3.285714285714282568e+01 3.049999999999995381e+01 6.174999999999998579e+01 6.800000000000001421e+01 0.000000000000000000e+00 0.000000000000000000e+00 0.000000000000000000e+00 0.000000000000000000e+00 0.000000000000000000e+00 0.000000000000000000e+00 0.000000000000000000e+00 0.000000000000000000e+00 0.000000000000000000e+00 0.000000000000000000e+00 8.250000000000002842e+01 0.000000000000000000e+00 8.266666666666662877e+01 8.099999999999997158e+01 0.000000000000000000e+00 0.000000000000000000e+00 0.000000000000000000e+00 0.000000000000000000e+00 2.758035714285711748e+01 3.268536585365851010e+01 0.000000000000000000e+00 0.000000000000000000e+00 0.000000000000000000e+00 0.000000000000000000e+00 0.000000000000000000e+00 3.326666666666665861e+01 0.000000000000000000e+00 0.000000000000000000e+00 0.000000000000000000e+00 0.000000000000000000e+00 0.000000000000000000e+00 0.000000000000000000e+00 0.000000000000000000e+00 0.000000000000000000e+00 0.000000000000000000e+00 0.000000000000000000e+00 0.000000000000000000e+00 0.000000000000000000e+00 0.000000000000000000e+00 0.000000000000000000e+00 0.000000000000000000e+00 0.000000000000000000e+00 0.000000000000000000e+00 0.000000000000000000e+00 0.000000000000000000e+00 0.000000000000000000e+00 0.000000000000000000e+00 0.000000000000000000e+00 0.000000000000000000e+00 0.000000000000000000e+00 0.000000000000000000e+00 0.000000000000000000e+00 0.000000000000000000e+00 0.000000000000000000e+00 0.000000000000000000e+00 0.000000000000000000e+00 0.000000000000000000e+00 0.000000000000000000e+00 0.000000000000000000e+00 0.000000000000000000e+00 0.000000000000000000e+00 4.599999999999995737e+01 7.449999999999992895e+01 0.000000000000000000e+00 0.000000000000000000e+00 0.000000000000000000e+00 0.000000000000000000e+00 0.000000000000000000e+00 0.000000000000000000e+00 0.000000000000000000e+00
0.000000000000000000e+00 0.000000000000000000e+00 0.000000000000000000e+00 6.793294030950623785e+00 9.811805206913858157e+00 9.314983022071302798e+00 2.494444444444443576e+01 2.448118279569891342e+01 4.169230769230767208e+01 1.564306498545101221e+01 4.493999999999998352e+01 1.543627781523937692e+01 5.937999999999997414e+01 6.009374999999998579e+01 3.096874999999999289e+01 1.216392215568861346e+01 3.118181818181816212e+01 5.170270270270268043e+01 7.374999999999995737e+01 0.000000000000000000e+00 0.000000000000000000e+00 0.000000000000000000e+00 0.000000000000000000e+00 0.000000000000000000e+00 0.000000000000000000e+00 0.000000000000000000e+00 0.000000000000000000e+00 0.000000000000000000e+00 9.699999999999997158e+01 6.578571428571429180e+01 8.049999999999998579e+01 7.839999999999996305e+01 7.004999999999998295e+01 0.000000000000000000e+00 0.000000000000000000e+00 0.000000000000000000e+00 0.000000000000000000e+00 1.305491024287221968e+01 1.793257897218292030e+01 2.191666666666666075e+01 0.000000000000000000e+00 4.574999999999996447e+01 0.000000000000000000e+00 3.616666666666662877e+01 7.282554517133951855e+00 1.408928571428571352e+01 0.000000000000000000e+00 0.000000000000000000e+00 0.000000000000000000e+00 0.000000000000000000e+00 4.349999999999997158e+01 0.000000000000000000e+00 5.229999999999995453e+01 0.000000000000000000e+00 5.349999999999992895e+01 0.000000000000000000e+00 0.000000000000000000e+00 0.000000000000000000e+00 3.359999999999996589e+01 6.699999999999994316e+01 4.599999999999999289e+01 0.000000000000000000e+00 0.000000000000000000e+00 0.000000000000000000e+00 0.000000000000000000e+00 0.000000000000000000e+00 0.000000000000000000e+00 0.000000000000000000e+00 0.000000000000000000e+00 0.000000000000000000e+00 0.000000000000000000e+00 0.000000000000000000e+00 0.000000000000000000e+00 0.000000000000000000e+00 0.000000000000000000e+00 7.450000000000001421e+01 0.000000000000000000e+00 0.000000000000000000e+00 0.000000000000000000e+00 0.000000000000000000e+00 2.437499999999997158e+01 3.079999999999997229e+01 0.000000000000000000e+00 0.000000000000000000e+00 0.000000000000000000e+00 0.000000000000000000e+00 0.000000000000000000e+00 2.099999999999997513e+01 8.333333333333330373e+00
0.000000000000000000e+00 0.000000000000000000e+00 0.000000000000000000e+00 1.355067567567566833e+01 9.314983022071302798e+00 1.313604104728109156e+01 8.696568830095078084e+00 1.404934454612910422e+01 3.496268656716416245e+01 1.577139413419043024e+01 4.874213836477985495e+01 2.648757943385325575e+01 6.065957446808508990e+01 6.351785714285712459e+01 2.138940092165897866e+01 2.020535714285713524e+01 3.434821428571427759e+01 5.848484848484846310e+01 7.299999999999997158e+01 0.000000000000000000e+00 0.000000000000000000e+00 8.099999999999997158e+01 4.249999999999995737e+01 0.000000000000000000e+00 5.299999999999999289e+01 4.449999999999998579e+01 0.000000000000000000e+00 8.550000000000002842e+01 6.466666666666662877e+01 5.951785714285712459e+01 7.666666666666661456e+01 8.430681818181814435e+01 7.661363636363634555e+01 8.249999999999995737e+01 9.000000000000000000e+01 0.000000000000000000e+00 8.074999999999997158e+01 1.710415956358676226e+01 1.880588764622700637e+01 2.242187499999998579e+01 0.000000000000000000e+00 4.518181818181815856e+01 3.499999999999997158e+01 2.305357142857142350e+01 1.979500891265595897e+01 2.971428571428570109e+01 0.000000000000000000e+00 5.149999999999991473e+01 5.649999999999993605e+01 0.000000000000000000e+00 4.299999999999995737e+01 4.299999999999994316e+01 4.719767441860459911e+01 0.000000000000000000e+00 4.308333333333325754e+01 0.000000000000000000e+00 0.000000000000000000e+00 0.000000000000000000e+00 2.825757575757574358e+01 2.383333333333333215e+01 0.000000000000000000e+00 7.099999999999992895e+01 0.000000000000000000e+00 0.000000000000000000e+00 0.000000000000000000e+00 0.000000000000000000e+00 0.000000000000000000e+00 0.000000000000000000e+00 0.000000000000000000e+00 0.000000000000000000e+00 0.000000000000000000e+00 0.000000000000000000e+00 0.000000000000000000e+00 0.000000000000000000e+00 0.000000000000000000e+00 0.000000000000000000e+00 0.000000000000000000e+00 0.000000000000000000e+00 0.000000000000000000e+00 0.000000000000000000e+00 3.484999999999998010e+01 4.699999999999995737e+01 0.000000000000000000e+00 0.000000000000000000e+00 0.000000000000000000e+00 0.000000000000000000e+00 0.000000000000000000e+00 3.066666666666662877e+01 0.000000000000000000e+00
0.000000000000000000e+00 0.000000000000000000e+00 0.000000000000000000e+00 2.799999999999998934e+01 2.494444444444443576e+01 8.696568830095078084e+00 8.940004527960150327e+00 7.714096185737973066e+00 1.763888888888888573e+01 1.024484256243213487e+01 5.399999999999995737e+01 3.092307692307691269e+01 5.599999999999997868e+01 0.000000000000000000e+00 3.229999999999999716e+01 2.625714285714284912e+01 0.000000000000000000e+00 6.249999999999994316e+01 0.000000000000000000e+00 0.000000000000000000e+00 0.000000000000000000e+00 0.000000000000000000e+00 0.000000000000000000e+00 0.000000000000000000e+00 0.000000000000000000e+00 0.000000000000000000e+00 0.000000000000000000e+00 0.000000000000000000e+00 8.049999999999997158e+01 4.249999999999995737e+01 0.000000000000000000e+00 7.199999999999998579e+01 0.000000000000000000e+00 0.000000000000000000e+00 0.000000000000000000e+00 0.000000000000000000e+00 0.000000000000000000e+00 2.766666666666666785e+01 2.527777777777775725e+01 3.149999999999998934e+01 0.000000000000000000e+00 0.000000000000000000e+00 0.000000000000000000e+00 2.674999999999995381e+01 0.000000000000000000e+00 0.000000000000000000e+00 0.000000000000000000e+00 0.000000000000000000e+00 5.250000000000000711e+01 0.000000000000000000e+00 0.000000000000000000e+00 6.249999999999993605e+01 0.000000000000000000e+00 0.000000000000000000e+00 0.000000000000000000e+00 0.000000000000000000e+00 0.000000000000000000e+00 0.000000000000000000e+00 3.299999999999999289e+01 0.000000000000000000e+00 0.000000000000000000e+00 0.000000000000000000e+00 0.000000000000000000e+00 0.000000000000000000e+00 0.000000000000000000e+00 0.000000000000000000e+00 0.000000000000000000e+00 0.000000000000000000e+00 0.000000000000000000e+00 0.000000000000000000e+00 0.000000000000000000e+00 0.000000000000000000e+00 0.000000000000000000e+00 0.000000000000000000e+00 0.000000000000000000e+00 0.000000000000000000e+00 0.000000000000000000e+00 0.000000000000000000e+00 0.000000000000000000e+00 0.000000000000000000e+00 0.000000000000000000e+00 0.000000000000000000e+00 0.000000000000000000e+00 0.000000000000000000e+00 0.000000000000000000e+00 0.000000000000000000e+00 0.000000000000000000e+00 0.000000000000000000e+00 0.000000000000000000e+00
0.000000000000000000e+00 0.000000000000000000e+00 0.000000000000000000e+00 3.100961538461536549e+01 2.448118279569891342e+01 1.404934454612910422e+01 7.714096185737973066e+00 8.748728761007065202e+00 1.059753265602321726e+01 1.878683005655803129e+01 3.165525114155250463e+01 2.889994148624926140e+01 4.090259740259739374e+01 0.000000000000000000e+00 3.820572916666665009e+01 2.280609418282547907e+01 3.006730769230768274e+01 5.141428571428568972e+01 6.284177215189870935e+01 0.000000000000000000e+00 7.769999999999997442e+01 7.387499999999998579e+01 9.599999999999995737e+01 0.000000000000000000e+00 8.749999999999994316e+01 7.889285714285712459e+01 8.449999999999998579e+01 6.719999999999996021e+01 4.207777777777775441e+01 4.048479087452468406e+01 6.508333333333331439e+01 6.502247191011234406e+01 6.341009463722394912e+01 6.821666666666665435e+01 7.848484848484848442e+01 7.687499999999998579e+01 6.924999999999995737e+01 2.774230769230767990e+01 2.645064724919092214e+01 3.451923076923075939e+01 0.000000000000000000e+00 4.933333333333329307e+01 7.269999999999996021e+01 4.278571428571427759e+01 3.460606060606059486e+01 4.349999999999997868e+01 0.000000000000000000e+00 3.299999999999999289e+01 5.516666666666662877e+01 0.000000000000000000e+00 4.616666666666660745e+01 0.000000000000000000e+00 4.694915254237283619e+01 0.000000000000000000e+00 5.439999999999993463e+01 0.000000000000000000e+00 0.000000000000000000e+00 0.000000000000000000e+00 3.183076923076921716e+01 3.766666666666666430e+01 5.399999999999994316e+01 0.000000000000000000e+00 0.000000000000000000e+00 0.000000000000000000e+00 0.000000000000000000e+00 0.000000000000000000e+00 0.000000000000000000e+00 0.000000000000000000e+00 0.000000000000000000e+00 0.000000000000000000e+00 0.000000000000000000e+00 0.000000000000000000e+00 0.000000000000000000e+00 0.000000000000000000e+00 7.199999999999994316e+01 7.450000000000001421e+01 0.000000000000000000e+00 0.000000000000000000e+00 0.000000000000000000e+00 0.000000000000000000e+00 3.795833333333328596e+01 5.025999999999998380e+01 0.000000000000000000e+00 0.000000000000000000e+00 0.000000000000000000e+00 0.000000000000000000e+00 8.950000000000000000e+01 0.000000000000000000e+00 0.000000000000000000e+00
0.000000000000000000e+00 0.000000000000000000e+00 0.000000000000000000e+00 3.349999999999996447e+01 4.169230769230767208e+01 3.496268656716416245e+01 1.763888888888888573e+01 1.059753265602321726e+01 1.177018770702981065e+01 1.871951219512194697e+01 2.530207134637514343e+01 3.174999999999999645e+01 1.008540723981900022e+01 5.323076923076923350e+01 2.190784084259800224e+01 3.392687385740401851e+01 2.717005813953488413e+01 3.429999999999999005e+01 5.038793103448274735e+01 0.000000000000000000e+00 6.940909090909089230e+01 5.549999999999999289e+01 7.509999999999995168e+01 7.849999999999998579e+01 6.112499999999996447e+01 5.888297872340423567e+01 5.675000000000000000e+01 5.182352941176470296e+01 2.586574870912219737e+01 2.793120514724077097e+01 4.870955882352939881e+01 5.472036082474226504e+01 5.030298507462686786e+01 5.312068965517241281e+01 6.427083333333332860e+01 5.600000000000000000e+01 5.332352941176470296e+01 2.011148197596795484e+01 1.856376638855780570e+01 2.480748663101604379e+01 0.000000000000000000e+00 3.196428571428571885e+01 5.837499999999997868e+01 3.572499999999999432e+01 2.970000000000000639e+01 3.122099447513812009e+01 0.000000000000000000e+00 5.600000000000000000e+01 0.000000000000000000e+00 0.000000000000000000e+00 0.000000000000000000e+00 4.924999999999994316e+01 5.332978723404251298e+01 5.700000000000001421e+01 5.359999999999995168e+01 0.000000000000000000e+00 0.000000000000000000e+00 0.000000000000000000e+00 4.524999999999999289e+01 3.515999999999998948e+01 4.349999999999998579e+01 0.000000000000000000e+00 0.000000000000000000e+00 0.000000000000000000e+00 0.000000000000000000e+00 0.000000000000000000e+00 0.000000000000000000e+00 0.000000000000000000e+00 0.000000000000000000e+00 0.000000000000000000e+00 0.000000000000000000e+00 0.000000000000000000e+00 8.149999999999997158e+01 8.399999999999997158e+01 1.019999999999999574e+02 0.000000000000000000e+00 0.000000000000000000e+00 0.000000000000000000e+00 0.000000000000000000e+00 0.000000000000000000e+00 4.059999999999998010e+01 5.259999999999996589e+01 4.099999999999999289e+01 0.000000000000000000e+00 3.749999999999995737e+01 0.000000000000000000e+00 0.000000000000000000e+00 0.000000000000000000e+00 0.000000000000000000e+00
0.000000000000000000e+00 0.000000000000000000e+00 0.000000000000000000e+00 1.183916990920881318e+01 1.564306498545101221e+01 1.577139413419043024e+01 1.024484256243213487e+01 1.878683005655803129e+01 1.871951219512194697e+01 1.293565683646112596e+01 1.405949035038410777e+01 1.674104274771435286e+01 4.250762527233113985e+01 4.560818713450291284e+01 2.318357142857141540e+01 2.450376081233545378e+01 2.129398299542183537e+01 4.149557522123892284e+01 6.163414634146339921e+01 0.000000000000000000e+00 8.824999999999997158e+01 0.000000000000000000e+00 8.799999999999995737e+01 0.000000000000000000e+00 8.149999999999997158e+01 7.249999999999997158e+01 9.000000000000000000e+01 5.600000000000000711e+01 4.743749999999998579e+01 4.747592295345103253e+01 6.797999999999998977e+01 6.239678030303029033e+01 6.173615160349853426e+01 6.853999999999997783e+01 8.099999999999997158e+01 5.950000000000001421e+01 8.400000000000000000e+01 2.253785956006766966e+01 2.744321620712842602e+01 3.915552325581393944e+01 0.000000000000000000e+00 4.022972972972971917e+01 6.562499999999997158e+01 4.608571428571427475e+01 3.059909909909908166e+01 4.353472222222220722e+01 0.000000000000000000e+00 4.566666666666662877e+01 5.899999999999995026e+01 0.000000000000000000e+00 7.849999999999997158e+01 4.399999999999996447e+01 5.027249999999996533e+01 6.283333333333331439e+01 5.139705882352936328e+01 6.299999999999996447e+01 0.000000000000000000e+00 5.849999999999998579e+01 3.563492063492061135e+01 3.192857142857141284e+01 4.061290322580643419e+01 8.149999999999995737e+01 0.000000000000000000e+00 0.000000000000000000e+00 0.000000000000000000e+00 0.000000000000000000e+00 0.000000000000000000e+00 0.000000000000000000e+00 0.000000000000000000e+00 0.000000000000000000e+00 0.000000000000000000e+00 0.000000000000000000e+00 0.000000000000000000e+00 9.849999999999995737e+01 7.899999999999998579e+01 5.999999999999996447e+01 0.000000000000000000e+00 0.000000000000000000e+00 0.000000000000000000e+00 0.000000000000000000e+00 4.009259259259255259e+01 5.433333333333330728e+01 7.324999999999997158e+01 0.000000000000000000e+00 0.000000000000000000e+00 0.000000000000000000e+00 0.000000000000000000e+00 4.249999999999992184e+01 0.000000000000000000e+00
0.000000000000000000e+00 0.000000000000000000e+00 0.000000000000000000e+00 5.999999999999989342e+01 4.493999999999998352e+01 4.874213836477985495e+01 5.399999999999995737e+01 3.165525114155250463e+01 2.530207134637514343e+01 1.405949035038410777e+01 1.440587210493953663e+01 2.375017702874946934e+01 1.555039589129039079e+01 3.784848484848485128e+01 2.445654506437768205e+01 4.135401459854013240e+01 2.234022988505746454e+01 2.598806366047744376e+01 5.063750000000000284e+01 0.000000000000000000e+00 7.094444444444441444e+01 0.000000000000000000e+00 0.000000000000000000e+00 0.000000000000000000e+00 7.549999999999997158e+01 5.311999999999999744e+01 5.849999999999997868e+01 4.740909090909089940e+01 3.064700704225352013e+01 3.404506842850400972e+01 4.677879581151832156e+01 4.595444002650761917e+01 4.759633699633699422e+01 4.924000000000000199e+01 5.833587786259541730e+01 5.013333333333334707e+01 5.531249999999999289e+01 2.074543239951278650e+01 2.641081703107019152e+01 2.810431654676258972e+01 0.000000000000000000e+00 2.911290322580645196e+01 6.358333333333331439e+01 3.877777777777777857e+01 6.874999999999997158e+01 3.620353982300884610e+01 0.000000000000000000e+00 0.000000000000000000e+00 0.000000000000000000e+00 0.000000000000000000e+00 0.000000000000000000e+00 4.683333333333328596e+01 5.683333333333328596e+01 5.249999999999996447e+01 5.364285714285711038e+01 4.750000000000002842e+01 0.000000000000000000e+00 0.000000000000000000e+00 5.199999999999998579e+01 3.799999999999998579e+01 2.953124999999997868e+01 4.812499999999999289e+01 0.000000000000000000e+00 0.000000000000000000e+00 0.000000000000000000e+00 0.000000000000000000e+00 0.000000000000000000e+00 0.000000000000000000e+00 0.000000000000000000e+00 0.000000000000000000e+00 0.000000000000000000e+00 0.000000000000000000e+00 0.000000000000000000e+00 0.000000000000000000e+00 9.149999999999997158e+01 0.000000000000000000e+00 0.000000000000000000e+00 0.000000000000000000e+00 1.094999999999999574e+02 0.000000000000000000e+00 4.033333333333331439e+01 5.335714285714282568e+01 5.299999999999998579e+01 0.000000000000000000e+00 6.649999999999995737e+01 0.000000000000000000e+00 0.000000000000000000e+00 0.000000000000000000e+00 0.000000000000000000e+00
0.000000000000000000e+00 0.000000000000000000e+00 0.000000000000000000e+00 6.985294117647055323e+00 1.543627781523937692e+01 2.648757943385325575e+01 3.092307692307691269e+01 2.889994148624926140e+01 3.174999999999999645e+01 1.674104274771435286e+01 2.375017702874946934e+01 1.547938824219076892e+01 2.257832998919586487e+01 1.850989423404981338e+01 3.247268588770863573e+01 2.257406593406592066e+01 1.737752858399295874e+01 2.609623149394346697e+01 4.276951219512194058e+01 0.000000000000000000e+00 0.000000000000000000e+00 0.000000000000000000e+00 5.349999999999998579e+01 0.000000000000000000e+00 4.600000000000000711e+01 5.566666666666665719e+01 5.950000000000000000e+01 5.933333333333334281e+01 3.206536697247706513e+01 4.184189031505250966e+01 5.723469387755102389e+01 4.794835943325875860e+01 4.446643356643355816e+01 7.042857142857143060e+01 7.500000000000000000e+01 7.525000000000001421e+01 0.000000000000000000e+00 2.809844134536504257e+01 3.199517716535432044e+01 3.605316091954023250e+01 0.000000000000000000e+00 3.564361702127659726e+01 8.500000000000000000e+01 4.425000000000000000e+01 4.196428571428570109e+01 4.388499999999999801e+01 0.000000000000000000e+00 4.049999999999995026e+01 6.350000000000001421e+01 0.000000000000000000e+00 0.000000000000000000e+00 0.000000000000000000e+00 5.324545454545451406e+01 5.119999999999996732e+01 9.394628099173548463e+00 5.158333333333330728e+01 3.016666666666664653e+01 0.000000000000000000e+00 4.344999999999997442e+01 3.444827586206893955e+01 2.405384615384614122e+01 4.170000000000000284e+01 0.000000000000000000e+00 0.000000000000000000e+00 0.000000000000000000e+00 0.000000000000000000e+00 0.000000000000000000e+00 0.000000000000000000e+00 0.000000000000000000e+00 0.000000000000000000e+00 0.000000000000000000e+00 7.549999999999994316e+01 7.766666666666664298e+01 0.000000000000000000e+00 8.249999999999994316e+01 6.450000000000000000e+01 0.000000000000000000e+00 0.000000000000000000e+00 0.000000000000000000e+00 0.000000000000000000e+00 3.964705882352938460e+01 4.980357142857139507e+01 4.199999999999998579e+01 0.000000000000000000e+00 6.349999999999997868e+01 0.000000000000000000e+00 0.000000000000000000e+00 0.000000000000000000e+00 0.000000000000000000e+00
0.000000000000000000e+00 0.000000000000000000e+00 0.000000000000000000e+00 7.574999999999994316e+01 5.937999999999997414e+01 6.065957446808508990e+01 5.599999999999997868e+01 4.090259740259739374e+01 1.008540723981900022e+01 4.250762527233113985e+01 1.555039589129039079e+01 2.257832998919586487e+01 1.404013468622178351e+01 8.133950556485768146e+00 2.202083333333333925e+01 5.250251256281405432e+01 3.444722222222221575e+01 2.230547686496694837e+01 3.346084337349397941e+01 0.000000000000000000e+00 6.304166666666666430e+01 0.000000000000000000e+00 6.549999999999997158e+01 7.399999999999995737e+01 4.245000000000000284e+01 1.054769736842105310e+01 4.134000000000000341e+01 4.723529411764707220e+01 1.790573943960044190e+01 2.733616487954324015e+01 4.559420289855072639e+01 3.279391138029964736e+01 3.826995305164319916e+01 4.810909090909090935e+01 5.852040816326530859e+01 5.150000000000000000e+01 5.324999999999998579e+01 2.375384615384615827e+01 2.459628074385123497e+01 2.824843389383449122e+01 0.000000000000000000e+00 2.657910156250000711e+01 4.891666666666665719e+01 3.649785407725321562e+01 7.449999999999998579e+01 3.447294589178356716e+01 0.000000000000000000e+00 0.000000000000000000e+00 0.000000000000000000e+00 0.000000000000000000e+00 0.000000000000000000e+00 6.399999999999999289e+01 6.537499999999997158e+01 6.174999999999998579e+01 5.464285714285713169e+01 6.950000000000001421e+01 3.750000000000000000e+01 1.075000000000000284e+02 6.449999999999997158e+01 4.383333333333334991e+01 3.703999999999998494e+01 3.999999999999996447e+01 0.000000000000000000e+00 0.000000000000000000e+00 0.000000000000000000e+00 0.000000000000000000e+00 0.000000000000000000e+00 0.000000000000000000e+00 0.000000000000000000e+00 0.000000000000000000e+00 0.000000000000000000e+00 0.000000000000000000e+00 7.550000000000000000e+01 0.000000000000000000e+00 0.000000000000000000e+00 0.000000000000000000e+00 0.000000000000000000e+00 0.000000000000000000e+00 0.000000000000000000e+00 0.000000000000000000e+00 4.849999999999997158e+01 5.299999999999998579e+01 5.469999999999997442e+01 0.000000000000000000e+00 4.849999999999997158e+01 0.000000000000000000e+00 5.999999999999995737e+01 0.000000000000000000e+00 5.649999999999996447e+01
0.000000000000000000e+00 0.000000000000000000e+00 0.000000000000000000e+00 5.983333333333333570e+01 6.009374999999998579e+01 6.351785714285712459e+01 0.000000000000000000e+00 0.000000000000000000e+00 5.323076923076923350e+01 4.560818713450291284e+01 3.784848484848485128e+01 1.850989423404981338e+01 8.133950556485768146e+00 9.213114754098359782e+00 3.341489361702127781e+01 4.938235294117644969e+01 3.434042553191487457e+01 1.157142857142856940e+01 1.755172413793102848e+01 0.000000000000000000e+00 0.000000000000000000e+00 0.000000000000000000e+00 0.000000000000000000e+00 0.000000000000000000e+00 0.000000000000000000e+00 0.000000000000000000e+00 0.000000000000000000e+00 4.600000000000000711e+01 1.032890459363957625e+01 3.292771084337349663e+01 2.049999999999997868e+01 1.535260770975056666e+01 1.521951219512195053e+01 0.000000000000000000e+00 0.000000000000000000e+00 0.000000000000000000e+00 0.000000000000000000e+00 3.947727272727271952e+01 4.637619047619047308e+01 4.157000000000000028e+01 0.000000000000000000e+00 0.000000000000000000e+00 0.000000000000000000e+00 4.407142857142856940e+01 0.000000000000000000e+00 3.558333333333334281e+01 0.000000000000000000e+00 0.000000000000000000e+00 0.000000000000000000e+00 0.000000000000000000e+00 0.000000000000000000e+00 0.000000000000000000e+00 0.000000000000000000e+00 5.499999999999993605e+01 2.762499999999999289e+01 0.000000000000000000e+00 0.000000000000000000e+00 0.000000000000000000e+00 0.000000000000000000e+00 4.799999999999999289e+01 0.000000000000000000e+00 0.000000000000000000e+00 0.000000000000000000e+00 0.000000000000000000e+00 0.000000000000000000e+00 0.000000000000000000e+00 0.000000000000000000e+00 0.000000000000000000e+00 0.000000000000000000e+00 0.000000000000000000e+00 0.000000000000000000e+00 0.000000000000000000e+00 0.000000000000000000e+00 0.000000000000000000e+00 0.000000000000000000e+00 0.000000000000000000e+00 0.000000000000000000e+00 0.000000000000000000e+00 0.000000000000000000e+00 0.000000000000000000e+00 0.000000000000000000e+00 0.000000000000000000e+00 0.000000000000000000e+00 0.000000000000000000e+00 0.000000000000000000e+00 0.000000000000000000e+00 0.000000000000000000e+00 0.000000000000000000e+00 0.000000000000000000e+00
0.000000000000000000e+00 0.000000000000000000e+00 0.000000000000000000e+00 4.633333333333332149e+01 3.096874999999999289e+01 2.138940092165897866e+01 3.229999999999999716e+01 3.820572916666665009e+01 2.190784084259800224e+01 2.318357142857141540e+01 2.445654506437768205e+01 3.247268588770863573e+01 2.202083333333333925e+01 3.341489361702127781e+01 1.199302882114243829e+01 3.935046728971960306e+01 2.536153846153845492e+01 2.002150537634408778e+01 2.204751525719267136e+01 1.407291666666666430e+01 1.905135135135134306e+01 2.506818181818181301e+01 2.067519685039370003e+01 1.622697368421051678e+01 1.927887537993920475e+01 1.883484162895927128e+01 1.568602941176470011e+01 2.351724137931034520e+01 1.842883895131086547e+01 2.265444172779135812e+01 3.936619718309857774e+01 2.923512544802867552e+01 2.984043848964677181e+01 4.609259259259258101e+01 4.566055045871557638e+01 4.764999999999999147e+01 3.833333333333332149e+01 1.784931506849314786e+01 8.205199888174444567e+00 1.648735955056179492e+01 0.000000000000000000e+00 1.993170234454637324e+01 1.263444010416666607e+01 1.088764044943820153e+01 3.762499999999998579e+01 1.880143540669855895e+01 0.000000000000000000e+00 7.349999999999991473e+01 6.249999999999992895e+01 0.000000000000000000e+00 0.000000000000000000e+00 0.000000000000000000e+00 5.139473684210521753e+01 0.000000000000000000e+00 5.435714285714282568e+01 6.700000000000000000e+01 0.000000000000000000e+00 5.299999999999999289e+01 5.258333333333329307e+01 3.631249999999997158e+01 3.349999999999997158e+01 3.089130434782607182e+01 0.000000000000000000e+00 0.000000000000000000e+00 5.449999999999997158e+01 0.000000000000000000e+00 0.000000000000000000e+00 0.000000000000000000e+00 4.050000000000000000e+01 0.000000000000000000e+00 0.000000000000000000e+00 0.000000000000000000e+00 0.000000000000000000e+00 7.499999999999997158e+01 5.074999999999997868e+01 3.716666666666664298e+01 0.000000000000000000e+00 0.000000000000000000e+00 0.000000000000000000e+00 0.000000000000000000e+00 2.987499999999995026e+01 4.624999999999996447e+01 4.899999999999998579e+01 0.000000000000000000e+00 3.249999999999997868e+01 4.035714285714283989e+01 0.000000000000000000e+00 0.000000000000000000e+00 4.399999999999997868e+01
0.000000000000000000e+00 0.000000000000000000e+00 0.000000000000000000e+00 3.285714285714282568e+01 1.216392215568861346e+01 2.020535714285713524e+01 2.625714285714284912e+01 2.280609418282547907e+01 3.392687385740401851e+01 2.450376081233545378e+01 4.135401459854013240e+01 2.257406593406592066e+01 5.250251256281405432e+01 4.938235294117644969e+01 3.935046728971960306e+01 6.340572792362764609e+00 9.779927173418293762e+00 3.879973684210523288e+01 5.134682539682535918e+01 0.000000000000000000e+00 0.000000000000000000e+00 0.000000000000000000e+00 0.000000000000000000e+00 0.000000000000000000e+00 0.000000000000000000e+00 9.324999999999997158e+01 6.400000000000000000e+01 8.850000000000000000e+01 6.085294117647055856e+01 6.405952380952378178e+01 8.212499999999998579e+01 6.784689922480617952e+01 5.302123552123549644e+01 8.574999999999995737e+01 8.750000000000002842e+01 9.700000000000000000e+01 0.000000000000000000e+00 1.258552074513123742e+01 2.576282051282049324e+01 4.526515151515148716e+01 0.000000000000000000e+00 5.195833333333331439e+01 7.099999999999992895e+01 5.614285714285711748e+01 1.011348684210525306e+01 4.449999999999997868e+01 0.000000000000000000e+00 2.875000000000000711e+01 4.699999999999997158e+01 0.000000000000000000e+00 3.416666666666663588e+01 3.474999999999994316e+01 3.837931034482754455e+01 5.019999999999996732e+01 4.098148148148143832e+01 5.591666666666663588e+01 0.000000000000000000e+00 5.299999999999997158e+01 2.042857142857141284e+01 2.205882352941175739e+01 3.734374999999997158e+01 5.081818181818179880e+01 0.000000000000000000e+00 0.000000000000000000e+00 0.000000000000000000e+00 0.000000000000000000e+00 0.000000000000000000e+00 0.000000000000000000e+00 0.000000000000000000e+00 0.000000000000000000e+00 0.000000000000000000e+00 7.649999999999997158e+01 6.699999999999997158e+01 7.699999999999992895e+01 8.199999999999994316e+01 5.309999999999996589e+01 0.000000000000000000e+00 0.000000000000000000e+00 0.000000000000000000e+00 0.000000000000000000e+00 2.787878787878784692e+01 4.133333333333330728e+01 4.749999999999995026e+01 0.000000000000000000e+00 3.799999999999998579e+01 0.000000000000000000e+00 0.000000000000000000e+00 3.412499999999997868e+01 2.324999999999998579e+01
0.000000000000000000e+00 0.000000000000000000e+00 0.000000000000000000e+00 3.049999999999995381e+01 3.118181818181816212e+01 3.434821428571427759e+01 0.000000000000000000e+00 3.006730769230768274e+01 2.717005813953488413e+01 2.129398299542183537e+01 2.234022988505746454e+01 1.737752858399295874e+01 3.444722222222221575e+01 3.434042553191487457e+01 2.536153846153845492e+01 9.779927173418293762e+00 7.601463414634141103e+00 2.002608440797184741e+01 3.845408163265304324e+01 0.000000000000000000e+00 0.000000000000000000e+00 0.000000000000000000e+00 0.000000000000000000e+00 0.000000000000000000e+00 0.000000000000000000e+00 0.000000000000000000e+00 0.000000000000000000e+00 0.000000000000000000e+00 4.560810810810810523e+01 5.000925925925925242e+01 6.849999999999998579e+01 5.196428571428569398e+01 3.961868686868685785e+01 7.299999999999998579e+01 0.000000000000000000e+00 0.000000000000000000e+00 0.000000000000000000e+00 1.702941176470587337e+01 2.470304568527917866e+01 3.473170731707315895e+01 0.000000000000000000e+00 3.242857142857142350e+01 6.649999999999997158e+01 4.370000000000000284e+01 4.224999999999998579e+01 3.621428571428570820e+01 0.000000000000000000e+00 0.000000000000000000e+00 4.900000000000000000e+01 3.199999999999995026e+01 0.000000000000000000e+00 2.299999999999996092e+01 3.107884615384612204e+01 4.083333333333330728e+01 3.157017543859646835e+01 3.949999999999997158e+01 2.199999999999998934e+01 0.000000000000000000e+00 2.181521739130433346e+01 1.269680851063828975e+01 1.734090909090907928e+01 3.571428571428569398e+01 0.000000000000000000e+00 0.000000000000000000e+00 0.000000000000000000e+00 0.000000000000000000e+00 0.000000000000000000e+00 0.000000000000000000e+00 0.000000000000000000e+00 0.000000000000000000e+00 0.000000000000000000e+00 4.549999999999997158e+01 6.324999999999992895e+01 6.419999999999996021e+01 6.274999999999998579e+01 3.074999999999998934e+01 0.000000000000000000e+00 0.000000000000000000e+00 0.000000000000000000e+00 0.000000000000000000e+00 1.781666666666665222e+01 3.126923076923075584e+01 5.766666666666665009e+01 0.000000000000000000e+00 0.000000000000000000e+00 0.000000000000000000e+00 5.200000000000002132e+01 4.058333333333333570e+01 4.624999999999999289e+01
