0.000000000000000000e+00 0.000000000000000000e+00 0.000000000000000000e+00 0.000000000000000000e+00 0.000000000000000000e+00 0.000000000000000000e+00 0.000000000000000000e+00 0.000000000000000000e+00 0.000000000000000000e+00 0.000000000000000000e+00 0.000000000000000000e+00 0.000000000000000000e+00 0.000000000000000000e+00 0.000000000000000000e+00 0.000000000000000000e+00 0.000000000000000000e+00 0.000000000000000000e+00 0.000000000000000000e+00 0.000000000000000000e+00 0.000000000000000000e+00 0.000000000000000000e+00 0.000000000000000000e+00 0.000000000000000000e+00 0.000000000000000000e+00 0.000000000000000000e+00 0.000000000000000000e+00 0.000000000000000000e+00 0.000000000000000000e+00 0.000000000000000000e+00 0.000000000000000000e+00 0.000000000000000000e+00 0.000000000000000000e+00 0.000000000000000000e+00 0.000000000000000000e+00 0.000000000000000000e+00 0.000000000000000000e+00 0.000000000000000000e+00 0.000000000000000000e+00 0.000000000000000000e+00 0.000000000000000000e+00 0.000000000000000000e+00 0.000000000000000000e+00 0.000000000000000000e+00 0.000000000000000000e+00 0.000000000000000000e+00 0.000000000000000000e+00 0.000000000000000000e+00 0.000000000000000000e+00 0.000000000000000000e+00 0.000000000000000000e+00 0.000000000000000000e+00 0.000000000000000000e+00 0.000000000000000000e+00 0.000000000000000000e+00 0.000000000000000000e+00 0.000000000000000000e+00 0.000000000000000000e+00 0.000000000000000000e+00 0.000000000000000000e+00 0.000000000000000000e+00 0.000000000000000000e+00 0.000000000000000000e+00 0.000000000000000000e+00 0.000000000000000000e+00 0.000000000000000000e+00 0.000000000000000000e+00 0.000000000000000000e+00 0.000000000000000000e+00 0.000000000000000000e+00 0.000000000000000000e+00 0.000000000000000000e+00 0.000000000000000000e+00 0.000000000000000000e+00 0.000000000000000000e+00 0.000000000000000000e+00 0.000000000000000000e+00 0.000000000000000000e+00 0.000000000000000000e+00 0.000000000000000000e+00 0.000000000000000000e+00 0.000000000000000000e+00 0.000000000000000000e+00 0.000000000000000000e+00 0.000000000000000000e+00 0.000000000000000000e+00 0.000000000000000000e+00 0.000000000000000000e+00 0.000000000000000000e+00 0.000000000000000000e+00
0.000000000000000000e+00 0.000000000000000000e+00 0.000000000000000000e+00 0.000000000000000000e+00 0.000000000000000000e+00 0.000000000000000000e+00 0.000000000000000000e+00 0.000000000000000000e+00 0.000000000000000000e+00 0.000000000000000000e+00 0.000000000000000000e+00 0.000000000000000000e+00 0.000000000000000000e+00 0.000000000000000000e+00 0.000000000000000000e+00 0.000000000000000000e+00 0.000000000000000000e+00 0.000000000000000000e+00 0.000000000000000000e+00 0.000000000000000000e+00 0.000000000000000000e+00 0.000000000000000000e+00 0.000000000000000000e+00 0.000000000000000000e+00 0.000000000000000000e+00 0.000000000000000000e+00 0.000000000000000000e+00 0.000000000000000000e+00 0.000000000000000000e+00 0.000000000000000000e+00 0.000000000000000000e+00 0.000000000000000000e+00 0.000000000000000000e+00 0.000000000000000000e+00 0.000000000000000000e+00 0.000000000000000000e+00 0.000000000000000000e+00 0.000000000000000000e+00 0.000000000000000000e+00 0.000000000000000000e+00 0.000000000000000000e+00 0.000000000000000000e+00 0.000000000000000000e+00 0.000000000000000000e+00 0.000000000000000000e+00 0.000000000000000000e+00 0.000000000000000000e+00 0.000000000000000000e+00 0.000000000000000000e+00 0.000000000000000000e+00 0.000000000000000000e+00 0.000000000000000000e+00 0.000000000000000000e+00 0.000000000000000000e+00 0.000000000000000000e+00 0.000000000000000000e+00 0.000000000000000000e+00 0.000000000000000000e+00 0.000000000000000000e+00 0.000000000000000000e+00 0.000000000000000000e+00 0.000000000000000000e+00 0.000000000000000000e+00 0.000000000000000000e+00 0.000000000000000000e+00 0.000000000000000000e+00 0.000000000000000000e+00 0.000000000000000000e+00 0.000000000000000000e+00 0.000000000000000000e+00 0.000000000000000000e+00 0.000000000000000000e+00 0.000000000000000000e+00 0.000000000000000000e+00 0.000000000000000000e+00 0.000000000000000000e+00 0.000000000000000000e+00 0.000000000000000000e+00 0.000000000000000000e+00 0.000000000000000000e+00 0.000000000000000000e+00 0.000000000000000000e+00 0.000000000000000000e+00 0.000000000000000000e+00 0.000000000000000000e+00 0.000000000000000000e+00 0.000000000000000000e+00 0.000000000000000000e+00 0.000000000000000000e+00
0.000000000000000000e+00 0.000000000000000000e+00 0.000000000000000000e+00 0.000000000000000000e+00 0.000000000000000000e+00 0.000000000000000000e+00 0.000000000000000000e+00 0.000000000000000000e+00 0.000000000000000000e+00 0.000000000000000000e+00 0.000000000000000000e+00 0.000000000000000000e+00 0.000000000000000000e+00 0.000000000000000000e+00 0.000000000000000000e+00 0.000000000000000000e+00 0.000000000000000000e+00 0.000000000000000000e+00 0.000000000000000000e+00 0.000000000000000000e+00 0.000000000000000000e+00 0.000000000000000000e+00 0.000000000000000000e+00 0.000000000000000000e+00 0.000000000000000000e+00 0.000000000000000000e+00 0.000000000000000000e+00 0.000000000000000000e+00 0.000000000000000000e+00 0.000000000000000000e+00 0.000000000000000000e+00 0.000000000000000000e+00 0.000000000000000000e+00 0.000000000000000000e+00 0.000000000000000000e+00 0.000000000000000000e+00 0.000000000000000000e+00 0.000000000000000000e+00 0.000000000000000000e+00 0.000000000000000000e+00 0.000000000000000000e+00 0.000000000000000000e+00 0.000000000000000000e+00 0.000000000000000000e+00 0.000000000000000000e+00 0.000000000000000000e+00 0.000000000000000000e+00 0.000000000000000000e+00 0.000000000000000000e+00 0.000000000000000000e+00 0.000000000000000000e+00 0.000000000000000000e+00 0.000000000000000000e+00 0.000000000000000000e+00 0.000000000000000000e+00 0.000000000000000000e+00 0.000000000000000000e+00 0.000000000000000000e+00 0.000000000000000000e+00 0.000000000000000000e+00 0.000000000000000000e+00 0.000000000000000000e+00 0.000000000000000000e+00 0.000000000000000000e+00 0.000000000000000000e+00 0.000000000000000000e+00 0.000000000000000000e+00 0.000000000000000000e+00 0.000000000000000000e+00 0.000000000000000000e+00 0.000000000000000000e+00 0.000000000000000000e+00 0.000000000000000000e+00 0.000000000000000000e+00 0.000000000000000000e+00 0.000000000000000000e+00 0.000000000000000000e+00 0.000000000000000000e+00 0.000000000000000000e+00 0.000000000000000000e+00 0.000000000000000000e+00 0.000000000000000000e+00 0.000000000000000000e+00 0.000000000000000000e+00 0.000000000000000000e+00 0.000000000000000000e+00 0.000000000000000000e+00 0.000000000000000000e+00 0.000000000000000000e+00
0.000000000000000000e+00 0.000000000000000000e+00 0.000000000000000000e+00 5.910000000000000000e+02 1.306000000000000000e+03 4.490000000000000000e+02 6.000000000000000000e+00 2.800000000000000000e+01 2.000000000000000000e+00 2.610000000000000000e+02 2.000000000000000000e+00 1.035000000000000000e+03 2.000000000000000000e+00 0.000000000000000000e+00 1.000000000000000000e+00 1.200000000000000000e+01 2.000000000000000000e+00 3.000000000000000000e+00 1.000000000000000000e+00 0.000000000000000000e+00 0.000000000000000000e+00 0.000000000000000000e+00 0.000000000000000000e+00 0.000000000000000000e+00 0.000000000000000000e+00 0.000000000000000000e+00 0.000000000000000000e+00 0.000000000000000000e+00 0.000000000000000000e+00 1.000000000000000000e+00 0.000000000000000000e+00 1.000000000000000000e+00 0.000000000000000000e+00 0.000000000000000000e+00 0.000000000000000000e+00 0.000000000000000000e+00 0.000000000000000000e+00 4.500000000000000000e+01 1.340000000000000000e+02 1.000000000000000000e+00 0.000000000000000000e+00 0.000000000000000000e+00 0.000000000000000000e+00 0.000000000000000000e+00 2.300000000000000000e+01 0.000000000000000000e+00 0.000000000000000000e+00 0.000000000000000000e+00 0.000000000000000000e+00 0.000000000000000000e+00 0.000000000000000000e+00 0.000000000000000000e+00 0.000000000000000000e+00 0.000000000000000000e+00 0.000000000000000000e+00 0.000000000000000000e+00 0.000000000000000000e+00 0.000000000000000000e+00 0.000000000000000000e+00 0.000000000000000000e+00 0.000000000000000000e+00 0.000000000000000000e+00 0.000000000000000000e+00 0.000000000000000000e+00 0.000000000000000000e+00 0.000000000000000000e+00 0.000000000000000000e+00 0.000000000000000000e+00 0.000000000000000000e+00 0.000000000000000000e+00 0.000000000000000000e+00 0.000000000000000000e+00 0.000000000000000000e+00 0.000000000000000000e+00 0.000000000000000000e+00 0.000000000000000000e+00 0.000000000000000000e+00 0.000000000000000000e+00 0.000000000000000000e+00 0.000000000000000000e+00 1.000000000000000000e+00 0.000000000000000000e+00 0.000000000000000000e+00 0.000000000000000000e+00 0.000000000000000000e+00 0.000000000000000000e+00 0.000000000000000000e+00 0.000000000000000000e+00 0.000000000000000000e+00
0.000000000000000000e+00 0.000000000000000000e+00 0.000000000000000000e+00 1.306000000000000000e+03 1.455900000000000000e+04 9.981000000000000000e+03 7.200000000000000000e+01 4.960000000000000000e+02 1.040000000000000000e+02 2.230000000000000000e+03 1.570000000000000000e+02 2.204000000000000000e+03 6.500000000000000000e+01 4.100000000000000000e+01 8.200000000000000000e+01 7.150000000000000000e+02 2.220000000000000000e+02 4.490000000000000000e+02 8.200000000000000000e+01 0.000000000000000000e+00 2.000000000000000000e+00 0.000000000000000000e+00 0.000000000000000000e+00 0.000000000000000000e+00 1.000000000000000000e+00 3.000000000000000000e+00 1.000000000000000000e+00 1.000000000000000000e+00 4.100000000000000000e+01 1.400000000000000000e+01 2.000000000000000000e+00 7.200000000000000000e+01 1.080000000000000000e+02 0.000000000000000000e+00 1.000000000000000000e+00 0.000000000000000000e+00 0.000000000000000000e+00 2.016000000000000000e+03 2.765000000000000000e+03 4.300000000000000000e+01 0.000000000000000000e+00 7.000000000000000000e+00 0.000000000000000000e+00 6.000000000000000000e+00 2.047000000000000000e+03 4.700000000000000000e+01 0.000000000000000000e+00 0.000000000000000000e+00 0.000000000000000000e+00 0.000000000000000000e+00 4.000000000000000000e+00 0.000000000000000000e+00 1.100000000000000000e+01 1.000000000000000000e+00 8.000000000000000000e+00 1.000000000000000000e+00 0.000000000000000000e+00 0.000000000000000000e+00 4.000000000000000000e+00 7.000000000000000000e+00 1.000000000000000000e+00 4.000000000000000000e+00 0.000000000000000000e+00 0.000000000000000000e+00 0.000000000000000000e+00 0.000000000000000000e+00 0.000000000000000000e+00 0.000000000000000000e+00 0.000000000000000000e+00 0.000000000000000000e+00 0.000000000000000000e+00 2.000000000000000000e+00 2.000000000000000000e+00 0.000000000000000000e+00 1.000000000000000000e+00 1.000000000000000000e+00 0.000000000000000000e+00 0.000000000000000000e+00 0.000000000000000000e+00 0.000000000000000000e+00 5.000000000000000000e+00 5.000000000000000000e+00 0.000000000000000000e+00 0.000000000000000000e+00 0.000000000000000000e+00 0.000000000000000000e+00 0.000000000000000000e+00 1.000000000000000000e+00 4.000000000000000000e+00
0.000000000000000000e+00 0.000000000000000000e+00 0.000000000000000000e+00 4.490000000000000000e+02 9.981000000000000000e+03 2.178500000000000000e+04 3.868000000000000000e+03 5.539000000000000000e+03 2.680000000000000000e+02 6.575000000000000000e+03 1.040000000000000000e+02 1.297000000000000000e+03 3.900000000000000000e+01 9.000000000000000000e+00 4.070000000000000000e+02 4.540000000000000000e+02 5.500000000000000000e+01 3.100000000000000000e+01 6.000000000000000000e+00 0.000000000000000000e+00 1.000000000000000000e+00 0.000000000000000000e+00 1.000000000000000000e+00 1.000000000000000000e+00 1.000000000000000000e+00 5.000000000000000000e+00 6.000000000000000000e+00 3.000000000000000000e+00 2.000000000000000000e+01 1.800000000000000000e+01 6.000000000000000000e+00 5.000000000000000000e+01 2.700000000000000000e+01 0.000000000000000000e+00 6.000000000000000000e+00 0.000000000000000000e+00 2.000000000000000000e+00 1.669000000000000000e+03 8.307000000000000000e+03 1.060000000000000000e+02 0.000000000000000000e+00 1.000000000000000000e+01 5.000000000000000000e+00 5.100000000000000000e+01 6.110000000000000000e+02 3.200000000000000000e+01 0.000000000000000000e+00 0.000000000000000000e+00 5.000000000000000000e+00 0.000000000000000000e+00 5.000000000000000000e+00 0.000000000000000000e+00 3.100000000000000000e+01 3.000000000000000000e+00 9.000000000000000000e+00 0.000000000000000000e+00 0.000000000000000000e+00 0.000000000000000000e+00 2.000000000000000000e+00 5.000000000000000000e+00 2.000000000000000000e+00 0.000000000000000000e+00 0.000000000000000000e+00 0.000000000000000000e+00 0.000000000000000000e+00 0.000000000000000000e+00 0.000000000000000000e+00 0.000000000000000000e+00 0.000000000000000000e+00 0.000000000000000000e+00 0.000000000000000000e+00 0.000000000000000000e+00 0.000000000000000000e+00 1.000000000000000000e+00 2.000000000000000000e+00 0.000000000000000000e+00 0.000000000000000000e+00 0.000000000000000000e+00 0.000000000000000000e+00 0.000000000000000000e+00 7.000000000000000000e+00 6.000000000000000000e+00 0.000000000000000000e+00 0.000000000000000000e+00 0.000000000000000000e+00 0.000000000000000000e+00 0.000000000000000000e+00 3.000000000000000000e+00 0.000000000000000000e+00
0.000000000000000000e+00 0.000000000000000000e+00 0.000000000000000000e+00 6.000000000000000000e+00 7.200000000000000000e+01 3.868000000000000000e+03 4.821000000000000000e+03 3.764000000000000000e+03 1.370000000000000000e+02 1.577000000000000000e+03 9.000000000000000000e+00 4.500000000000000000e+01 5.000000000000000000e+00 0.000000000000000000e+00 3.300000000000000000e+01 3.500000000000000000e+01 2.000000000000000000e+00 1.000000000000000000e+00 1.000000000000000000e+00 0.000000000000000000e+00 2.000000000000000000e+00 0.000000000000000000e+00 0.000000000000000000e+00 0.000000000000000000e+00 0.000000000000000000e+00 1.000000000000000000e+00 0.000000000000000000e+00 0.000000000000000000e+00 0.000000000000000000e+00 7.000000000000000000e+00 1.000000000000000000e+00 1.700000000000000000e+01 5.000000000000000000e+00 0.000000000000000000e+00 3.000000000000000000e+00 0.000000000000000000e+00 0.000000000000000000e+00 1.500000000000000000e+01 2.180000000000000000e+02 4.000000000000000000e+00 0.000000000000000000e+00 1.000000000000000000e+00 0.000000000000000000e+00 1.000000000000000000e+00 1.100000000000000000e+01 1.000000000000000000e+00 0.000000000000000000e+00 0.000000000000000000e+00 0.000000000000000000e+00 0.000000000000000000e+00 0.000000000000000000e+00 0.000000000000000000e+00 0.000000000000000000e+00 0.000000000000000000e+00 0.000000000000000000e+00 0.000000000000000000e+00 0.000000000000000000e+00 0.000000000000000000e+00 0.000000000000000000e+00 0.000000000000000000e+00 0.000000000000000000e+00 0.000000000000000000e+00 0.000000000000000000e+00 0.000000000000000000e+00 0.000000000000000000e+00 0.000000000000000000e+00 0.000000000000000000e+00 0.000000000000000000e+00 0.000000000000000000e+00 0.000000000000000000e+00 0.000000000000000000e+00 0.000000000000000000e+00 0.000000000000000000e+00 0.000000000000000000e+00 0.000000000000000000e+00 0.000000000000000000e+00 0.000000000000000000e+00 0.000000000000000000e+00 0.000000000000000000e+00 0.000000000000000000e+00 0.000000000000000000e+00 0.000000000000000000e+00 0.000000000000000000e+00 0.000000000000000000e+00 0.000000000000000000e+00 0.000000000000000000e+00 0.000000000000000000e+00 0.000000000000000000e+00 0.000000000000000000e+00
0.000000000000000000e+00 0.000000000000000000e+00 0.000000000000000000e+00 2.800000000000000000e+01 4.960000000000000000e+02 5.539000000000000000e+03 3.764000000000000000e+03 8.833000000000000000e+03 3.862000000000000000e+03 5.144000000000000000e+03 5.400000000000000000e+01 1.486000000000000000e+03 4.300000000000000000e+01 4.000000000000000000e+00 1.030000000000000000e+02 5.670000000000000000e+02 3.400000000000000000e+01 1.300000000000000000e+01 5.000000000000000000e+00 0.000000000000000000e+00 1.000000000000000000e+01 1.000000000000000000e+00 1.000000000000000000e+00 0.000000000000000000e+00 2.000000000000000000e+00 9.000000000000000000e+00 1.000000000000000000e+00 3.000000000000000000e+00 3.300000000000000000e+01 7.500000000000000000e+01 5.700000000000000000e+01 2.660000000000000000e+02 4.200000000000000000e+01 1.000000000000000000e+00 4.300000000000000000e+01 0.000000000000000000e+00 1.100000000000000000e+01 1.840000000000000000e+02 8.070000000000000000e+02 1.600000000000000000e+01 0.000000000000000000e+00 1.000000000000000000e+00 1.000000000000000000e+00 7.000000000000000000e+00 6.400000000000000000e+01 6.000000000000000000e+00 0.000000000000000000e+00 0.000000000000000000e+00 1.000000000000000000e+00 0.000000000000000000e+00 2.000000000000000000e+00 0.000000000000000000e+00 2.300000000000000000e+01 5.000000000000000000e+00 1.100000000000000000e+01 1.000000000000000000e+00 1.000000000000000000e+00 0.000000000000000000e+00 2.400000000000000000e+01 4.000000000000000000e+00 4.000000000000000000e+00 4.000000000000000000e+00 0.000000000000000000e+00 0.000000000000000000e+00 0.000000000000000000e+00 0.000000000000000000e+00 0.000000000000000000e+00 0.000000000000000000e+00 0.000000000000000000e+00 0.000000000000000000e+00 0.000000000000000000e+00 0.000000000000000000e+00 0.000000000000000000e+00 0.000000000000000000e+00 1.000000000000000000e+00 3.000000000000000000e+00 0.000000000000000000e+00 0.000000000000000000e+00 0.000000000000000000e+00 0.000000000000000000e+00 3.000000000000000000e+00 5.000000000000000000e+00 1.000000000000000000e+00 0.000000000000000000e+00 0.000000000000000000e+00 0.000000000000000000e+00 0.000000000000000000e+00 1.000000000000000000e+00 0.000000000000000000e+00
0.000000000000000000e+00 0.000000000000000000e+00 0.000000000000000000e+00 2.000000000000000000e+00 1.040000000000000000e+02 2.680000000000000000e+02 1.370000000000000000e+02 3.862000000000000000e+03 1.597400000000000000e+04 2.705000000000000000e+03 1.850000000000000000e+02 6.630000000000000000e+02 3.231000000000000000e+03 4.000000000000000000e+00 1.002000000000000000e+03 3.140000000000000000e+02 4.800000000000000000e+01 7.000000000000000000e+00 4.600000000000000000e+01 0.000000000000000000e+00 7.600000000000000000e+01 3.000000000000000000e+00 2.000000000000000000e+00 3.000000000000000000e+00 2.000000000000000000e+00 4.900000000000000000e+01 8.000000000000000000e+00 2.300000000000000000e+01 9.000000000000000000e+02 1.468000000000000000e+03 5.160000000000000000e+02 8.090000000000000000e+02 1.620000000000000000e+02 1.600000000000000000e+01 3.160000000000000000e+02 6.000000000000000000e+00 6.300000000000000000e+01 6.560000000000000000e+02 3.205000000000000000e+03 1.120000000000000000e+02 0.000000000000000000e+00 1.000000000000000000e+00 9.000000000000000000e+00 9.000000000000000000e+00 4.200000000000000000e+01 1.280000000000000000e+02 0.000000000000000000e+00 1.000000000000000000e+00 2.000000000000000000e+00 0.000000000000000000e+00 1.000000000000000000e+00 0.000000000000000000e+00 4.400000000000000000e+01 2.000000000000000000e+00 1.000000000000000000e+01 0.000000000000000000e+00 2.000000000000000000e+00 0.000000000000000000e+00 2.000000000000000000e+01 1.200000000000000000e+01 4.000000000000000000e+00 1.000000000000000000e+00 0.000000000000000000e+00 0.000000000000000000e+00 0.000000000000000000e+00 0.000000000000000000e+00 0.000000000000000000e+00 0.000000000000000000e+00 0.000000000000000000e+00 0.000000000000000000e+00 0.000000000000000000e+00 0.000000000000000000e+00 0.000000000000000000e+00 0.000000000000000000e+00 1.000000000000000000e+00 0.000000000000000000e+00 0.000000000000000000e+00 0.000000000000000000e+00 0.000000000000000000e+00 0.000000000000000000e+00 2.000000000000000000e+00 4.000000000000000000e+00 0.000000000000000000e+00 0.000000000000000000e+00 0.000000000000000000e+00 0.000000000000000000e+00 0.000000000000000000e+00 0.000000000000000000e+00 0.000000000000000000e+00
0.000000000000000000e+00 0.000000000000000000e+00 0.000000000000000000e+00 2.610000000000000000e+02 2.230000000000000000e+03 6.575000000000000000e+03 1.577000000000000000e+03 5.144000000000000000e+03 2.705000000000000000e+03 5.855400000000000000e+04 5.237000000000000000e+03 1.452600000000000000e+04 1.189000000000000000e+03 1.360000000000000000e+02 5.030000000000000000e+02 2.125000000000000000e+03 8.860000000000000000e+02 2.320000000000000000e+02 6.000000000000000000e+01 0.000000000000000000e+00 3.900000000000000000e+01 1.000000000000000000e+00 3.000000000000000000e+00 2.000000000000000000e+00 5.000000000000000000e+00 6.300000000000000000e+01 5.000000000000000000e+00 3.600000000000000000e+01 4.090000000000000000e+02 4.020000000000000000e+02 1.060000000000000000e+02 1.466000000000000000e+03 3.850000000000000000e+02 3.000000000000000000e+00 5.800000000000000000e+01 1.000000000000000000e+00 1.900000000000000000e+01 3.538000000000000000e+03 6.924000000000000000e+03 4.180000000000000000e+02 0.000000000000000000e+00 3.300000000000000000e+01 9.000000000000000000e+00 5.000000000000000000e+01 2.570000000000000000e+02 8.400000000000000000e+01 0.000000000000000000e+00 7.000000000000000000e+00 1.400000000000000000e+01 1.000000000000000000e+00 1.200000000000000000e+01 3.000000000000000000e+00 2.850000000000000000e+02 3.100000000000000000e+01 1.670000000000000000e+02 8.000000000000000000e+00 2.000000000000000000e+00 1.000000000000000000e+00 7.900000000000000000e+01 8.700000000000000000e+01 1.200000000000000000e+01 1.000000000000000000e+01 0.000000000000000000e+00 0.000000000000000000e+00 0.000000000000000000e+00 0.000000000000000000e+00 0.000000000000000000e+00 0.000000000000000000e+00 0.000000000000000000e+00 0.000000000000000000e+00 0.000000000000000000e+00 3.000000000000000000e+00 0.000000000000000000e+00 0.000000000000000000e+00 6.000000000000000000e+00 2.000000000000000000e+00 0.000000000000000000e+00 0.000000000000000000e+00 0.000000000000000000e+00 0.000000000000000000e+00 2.600000000000000000e+01 3.800000000000000000e+01 4.000000000000000000e+00 0.000000000000000000e+00 1.000000000000000000e+00 0.000000000000000000e+00 2.000000000000000000e+00 4.000000000000000000e+00 0.000000000000000000e+00
0.000000000000000000e+00 0.000000000000000000e+00 0.000000000000000000e+00 2.000000000000000000e+00 1.570000000000000000e+02 1.040000000000000000e+02 9.000000000000000000e+00 5.400000000000000000e+01 1.850000000000000000e+02 5.237000000000000000e+03 2.191400000000000000e+04 5.991000000000000000e+03 3.687000000000000000e+03 4.100000000000000000e+01 6.680000000000000000e+02 4.780000000000000000e+02 4.440000000000000000e+02 1.800000000000000000e+02 6.000000000000000000e+01 0.000000000000000000e+00 7.300000000000000000e+01 2.000000000000000000e+00 5.000000000000000000e+00 6.000000000000000000e+00 5.000000000000000000e+00 3.700000000000000000e+01 1.000000000000000000e+00 2.500000000000000000e+01 5.320000000000000000e+02 7.200000000000000000e+02 4.330000000000000000e+02 2.018000000000000000e+03 5.510000000000000000e+02 2.500000000000000000e+01 2.490000000000000000e+02 9.000000000000000000e+00 4.000000000000000000e+01 1.350000000000000000e+03 3.358000000000000000e+03 7.980000000000000000e+02 0.000000000000000000e+00 5.300000000000000000e+01 9.000000000000000000e+00 1.530000000000000000e+02 6.100000000000000000e+01 3.560000000000000000e+02 0.000000000000000000e+00 0.000000000000000000e+00 3.000000000000000000e+00 0.000000000000000000e+00 1.000000000000000000e+00 3.000000000000000000e+00 1.180000000000000000e+02 3.400000000000000000e+01 6.700000000000000000e+01 5.000000000000000000e+00 1.000000000000000000e+00 0.000000000000000000e+00 1.100000000000000000e+01 2.900000000000000000e+01 9.000000000000000000e+00 2.000000000000000000e+00 0.000000000000000000e+00 0.000000000000000000e+00 0.000000000000000000e+00 0.000000000000000000e+00 0.000000000000000000e+00 0.000000000000000000e+00 0.000000000000000000e+00 0.000000000000000000e+00 0.000000000000000000e+00 1.000000000000000000e+00 1.000000000000000000e+00 0.000000000000000000e+00 3.000000000000000000e+00 5.000000000000000000e+00 0.000000000000000000e+00 0.000000000000000000e+00 0.000000000000000000e+00 0.000000000000000000e+00 1.300000000000000000e+01 9.000000000000000000e+00 0.000000000000000000e+00 0.000000000000000000e+00 0.000000000000000000e+00 0.000000000000000000e+00 1.000000000000000000e+00 1.000000000000000000e+00 1.000000000000000000e+00
0.000000000000000000e+00 0.000000000000000000e+00 0.000000000000000000e+00 1.035000000000000000e+03 2.204000000000000000e+03 1.297000000000000000e+03 4.500000000000000000e+01 1.486000000000000000e+03 6.630000000000000000e+02 1.452600000000000000e+04 5.991000000000000000e+03 9.224100000000000000e+04 3.114000000000000000e+03 5.931000000000000000e+03 4.370000000000000000e+02 3.198000000000000000e+03 2.215000000000000000e+03 2.170000000000000000e+03 1.890000000000000000e+02 0.000000000000000000e+00 1.400000000000000000e+01 2.000000000000000000e+00 4.000000000000000000e+00 2.000000000000000000e+00 2.000000000000000000e+00 5.200000000000000000e+01 4.000000000000000000e+00 2.300000000000000000e+01 1.253000000000000000e+03 4.940000000000000000e+02 7.200000000000000000e+01 1.230000000000000000e+03 5.910000000000000000e+02 1.100000000000000000e+01 1.600000000000000000e+01 1.000000000000000000e+00 1.400000000000000000e+01 3.550000000000000000e+03 4.541000000000000000e+03 1.027000000000000000e+03 0.000000000000000000e+00 1.610000000000000000e+02 4.000000000000000000e+00 2.170000000000000000e+02 3.460000000000000000e+02 5.420000000000000000e+02 0.000000000000000000e+00 3.000000000000000000e+00 1.600000000000000000e+01 0.000000000000000000e+00 1.200000000000000000e+01 2.000000000000000000e+00 2.310000000000000000e+02 7.000000000000000000e+01 3.560000000000000000e+02 2.200000000000000000e+01 2.000000000000000000e+00 2.000000000000000000e+00 6.800000000000000000e+01 1.300000000000000000e+02 7.500000000000000000e+01 2.700000000000000000e+01 0.000000000000000000e+00 0.000000000000000000e+00 0.000000000000000000e+00 0.000000000000000000e+00 0.000000000000000000e+00 0.000000000000000000e+00 0.000000000000000000e+00 0.000000000000000000e+00 0.000000000000000000e+00 2.000000000000000000e+00 0.000000000000000000e+00 2.000000000000000000e+00 7.000000000000000000e+00 1.200000000000000000e+01 0.000000000000000000e+00 0.000000000000000000e+00 0.000000000000000000e+00 0.000000000000000000e+00 3.000000000000000000e+01 5.000000000000000000e+01 4.000000000000000000e+00 0.000000000000000000e+00 1.000000000000000000e+00 0.000000000000000000e+00 2.000000000000000000e+00 4.000000000000000000e+00 0.000000000000000000e+00
0.000000000000000000e+00 0.000000000000000000e+00 0.000000000000000000e+00 2.000000000000000000e+00 6.500000000000000000e+01 3.900000000000000000e+01 5.000000000000000000e+00 4.300000000000000000e+01 3.231000000000000000e+03 1.189000000000000000e+03 3.687000000000000000e+03 3.114000000000000000e+03 4.409500000000000000e+04 1.028300000000000000e+04 2.038000000000000000e+03 2.310000000000000000e+02 1.040000000000000000e+02 1.039000000000000000e+03 2.890000000000000000e+02 2.000000000000000000e+00 6.000000000000000000e+01 1.000000000000000000e+00 7.000000000000000000e+00 1.000000000000000000e+01 7.000000000000000000e+00 3.220000000000000000e+02 4.100000000000000000e+01 4.200000000000000000e+01 9.686000000000000000e+03 5.209000000000000000e+03 3.820000000000000000e+02 2.917000000000000000e+03 7.110000000000000000e+02 1.300000000000000000e+01 2.200000000000000000e+02 3.000000000000000000e+00 3.200000000000000000e+01 1.605000000000000000e+03 1.029400000000000000e+04 4.384000000000000000e+03 0.000000000000000000e+00 4.480000000000000000e+02 5.600000000000000000e+01 9.000000000000000000e+02 4.700000000000000000e+01 8.700000000000000000e+02 0.000000000000000000e+00 0.000000000000000000e+00 0.000000000000000000e+00 0.000000000000000000e+00 0.000000000000000000e+00 0.000000000000000000e+00 2.800000000000000000e+01 2.600000000000000000e+01 2.900000000000000000e+01 1.100000000000000000e+01 1.000000000000000000e+00 2.000000000000000000e+00 4.000000000000000000e+00 1.200000000000000000e+01 2.900000000000000000e+01 1.300000000000000000e+01 0.000000000000000000e+00 0.000000000000000000e+00 0.000000000000000000e+00 0.000000000000000000e+00 0.000000000000000000e+00 0.000000000000000000e+00 0.000000000000000000e+00 0.000000000000000000e+00 0.000000000000000000e+00 2.000000000000000000e+00 2.000000000000000000e+00 1.000000000000000000e+00 4.000000000000000000e+00 4.000000000000000000e+00 0.000000000000000000e+00 0.000000000000000000e+00 0.000000000000000000e+00 0.000000000000000000e+00 8.000000000000000000e+00 1.100000000000000000e+01 6.000000000000000000e+00 0.000000000000000000e+00 5.000000000000000000e+00 0.000000000000000000e+00 3.000000000000000000e+00 1.000000000000000000e+00 0.000000000000000000e+00
0.000000000000000000e+00 0.000000000000000000e+00 0.000000000000000000e+00 0.000000000000000000e+00 4.100000000000000000e+01 9.000000000000000000e+00 0.000000000000000000e+00 4.000000000000000000e+00 4.000000000000000000e+00 1.360000000000000000e+02 4.100000000000000000e+01 5.931000000000000000e+03 1.028300000000000000e+04 6.636000000000000000e+03 6.000000000000000000e+00 4.700000000000000000e+01 1.000000000000000000e+01 1.410000000000000000e+02 1.600000000000000000e+01 0.000000000000000000e+00 0.000000000000000000e+00 1.000000000000000000e+00 0.000000000000000000e+00 0.000000000000000000e+00 0.000000000000000000e+00 0.000000000000000000e+00 0.000000000000000000e+00 0.000000000000000000e+00 6.279000000000000000e+03 5.400000000000000000e+01 1.000000000000000000e+00 1.290000000000000000e+02 9.100000000000000000e+01 0.000000000000000000e+00 0.000000000000000000e+00 0.000000000000000000e+00 0.000000000000000000e+00 5.300000000000000000e+01 3.900000000000000000e+01 1.800000000000000000e+01 0.000000000000000000e+00 3.000000000000000000e+00 0.000000000000000000e+00 6.000000000000000000e+00 1.400000000000000000e+01 8.000000000000000000e+00 0.000000000000000000e+00 0.000000000000000000e+00 0.000000000000000000e+00 0.000000000000000000e+00 0.000000000000000000e+00 0.000000000000000000e+00 0.000000000000000000e+00 0.000000000000000000e+00 1.000000000000000000e+00 0.000000000000000000e+00 0.000000000000000000e+00 0.000000000000000000e+00 0.000000000000000000e+00 0.000000000000000000e+00 1.000000000000000000e+00 0.000000000000000000e+00 0.000000000000000000e+00 0.000000000000000000e+00 0.000000000000000000e+00 0.000000000000000000e+00 0.000000000000000000e+00 0.000000000000000000e+00 0.000000000000000000e+00 0.000000000000000000e+00 0.000000000000000000e+00 0.000000000000000000e+00 0.000000000000000000e+00 0.000000000000000000e+00 0.000000000000000000e+00 0.000000000000000000e+00 0.000000000000000000e+00 0.000000000000000000e+00 0.000000000000000000e+00 0.000000000000000000e+00 0.000000000000000000e+00 0.000000000000000000e+00 0.000000000000000000e+00 0.000000000000000000e+00 0.000000000000000000e+00 0.000000000000000000e+00 0.000000000000000000e+00 0.000000000000000000e+00 0.000000000000000000e+00
0.000000000000000000e+00 0.000000000000000000e+00 0.000000000000000000e+00 1.000000000000000000e+00 8.200000000000000000e+01 4.070000000000000000e+02 3.300000000000000000e+01 1.030000000000000000e+02 1.002000000000000000e+03 5.030000000000000000e+02 6.680000000000000000e+02 4.370000000000000000e+02 2.038000000000000000e+03 6.000000000000000000e+00 9.671000000000000000e+03 4.600000000000000000e+01 2.900000000000000000e+01 6.300000000000000000e+01 2.720000000000000000e+02 1.130000000000000000e+02 2.720000000000000000e+02 2.900000000000000000e+01 3.240000000000000000e+02 7.580000000000000000e+02 6.410000000000000000e+02 2.493000000000000000e+03 9.330000000000000000e+02 3.400000000000000000e+02 2.040000000000000000e+03 1.574000000000000000e+03 8.610000000000000000e+02 2.267000000000000000e+03 3.050000000000000000e+02 1.500000000000000000e+01 4.060000000000000000e+02 7.000000000000000000e+00 9.600000000000000000e+01 1.470000000000000000e+02 1.023500000000000000e+04 3.430000000000000000e+02 0.000000000000000000e+00 5.140000000000000000e+02 1.290000000000000000e+03 6.290000000000000000e+02 2.500000000000000000e+01 6.280000000000000000e+02 0.000000000000000000e+00 0.000000000000000000e+00 0.000000000000000000e+00 1.000000000000000000e+00 0.000000000000000000e+00 0.000000000000000000e+00 5.000000000000000000e+00 4.000000000000000000e+00 8.000000000000000000e+00 4.000000000000000000e+00 0.000000000000000000e+00 3.000000000000000000e+00 1.000000000000000000e+00 5.000000000000000000e+00 0.000000000000000000e+00 9.000000000000000000e+00 0.000000000000000000e+00 0.000000000000000000e+00 0.000000000000000000e+00 0.000000000000000000e+00 0.000000000000000000e+00 0.000000000000000000e+00 0.000000000000000000e+00 2.000000000000000000e+00 0.000000000000000000e+00 0.000000000000000000e+00 9.000000000000000000e+00 0.000000000000000000e+00 1.000000000000000000e+00 5.000000000000000000e+00 0.000000000000000000e+00 0.000000000000000000e+00 0.000000000000000000e+00 0.000000000000000000e+00 2.000000000000000000e+00 3.000000000000000000e+00 3.000000000000000000e+00 0.000000000000000000e+00 3.200000000000000000e+01 1.000000000000000000e+00 0.000000000000000000e+00 0.000000000000000000e+00 0.000000000000000000e+00
0.000000000000000000e+00 0.000000000000000000e+00 0.000000000000000000e+00 1.200000000000000000e+01 7.150000000000000000e+02 4.540000000000000000e+02 3.500000000000000000e+01 5.670000000000000000e+02 3.140000000000000000e+02 2.125000000000000000e+03 4.780000000000000000e+02 3.198000000000000000e+03 2.310000000000000000e+02 4.700000000000000000e+01 4.600000000000000000e+01 3.870000000000000000e+03 3.262000000000000000e+03 3.327000000000000000e+03 3.810000000000000000e+02 1.000000000000000000e+00 0.000000000000000000e+00 0.000000000000000000e+00 1.000000000000000000e+00 0.000000000000000000e+00 0.000000000000000000e+00 5.000000000000000000e+00 0.000000000000000000e+00 3.000000000000000000e+00 1.020000000000000000e+02 3.400000000000000000e+01 6.000000000000000000e+00 1.680000000000000000e+02 3.490000000000000000e+02 0.000000000000000000e+00 2.000000000000000000e+00 0.000000000000000000e+00 2.000000000000000000e+00 1.294000000000000000e+03 1.799000000000000000e+03 1.420000000000000000e+02 0.000000000000000000e+00 1.000000000000000000e+01 2.000000000000000000e+00 1.200000000000000000e+01 9.310000000000000000e+02 3.500000000000000000e+01 0.000000000000000000e+00 3.000000000000000000e+00 5.000000000000000000e+00 0.000000000000000000e+00 2.000000000000000000e+00 1.000000000000000000e+00 9.600000000000000000e+01 2.900000000000000000e+01 7.700000000000000000e+01 5.000000000000000000e+00 4.000000000000000000e+00 0.000000000000000000e+00 3.200000000000000000e+01 1.320000000000000000e+02 7.600000000000000000e+01 6.100000000000000000e+01 0.000000000000000000e+00 0.000000000000000000e+00 0.000000000000000000e+00 0.000000000000000000e+00 0.000000000000000000e+00 0.000000000000000000e+00 0.000000000000000000e+00 0.000000000000000000e+00 0.000000000000000000e+00 3.000000000000000000e+00 2.000000000000000000e+00 0.000000000000000000e+00 1.200000000000000000e+01 2.000000000000000000e+01 0.000000000000000000e+00 0.000000000000000000e+00 0.000000000000000000e+00 0.000000000000000000e+00 2.000000000000000000e+01 1.700000000000000000e+01 1.000000000000000000e+00 0.000000000000000000e+00 1.000000000000000000e+00 0.000000000000000000e+00 0.000000000000000000e+00 8.000000000000000000e+00 1.000000000000000000e+00
0.000000000000000000e+00 0.000000000000000000e+00 0.000000000000000000e+00 2.000000000000000000e+00 2.220000000000000000e+02 5.500000000000000000e+01 2.000000000000000000e+00 3.400000000000000000e+01 4.800000000000000000e+01 8.860000000000000000e+02 4.440000000000000000e+02 2.215000000000000000e+03 1.040000000000000000e+02 1.000000000000000000e+01 2.900000000000000000e+01 3.262000000000000000e+03 2.069000000000000000e+03 4.840000000000000000e+02 1.100000000000000000e+01 0.000000000000000000e+00 2.000000000000000000e+00 0.000000000000000000e+00 0.000000000000000000e+00 0.000000000000000000e+00 0.000000000000000000e+00 4.000000000000000000e+00 0.000000000000000000e+00 4.000000000000000000e+00 3.500000000000000000e+01 2.700000000000000000e+01 7.000000000000000000e+00 9.800000000000000000e+01 4.900000000000000000e+01 2.000000000000000000e+00 1.000000000000000000e+00 0.000000000000000000e+00 1.000000000000000000e+00 2.580000000000000000e+02 2.720000000000000000e+02 6.700000000000000000e+01 0.000000000000000000e+00 1.000000000000000000e+01 0.000000000000000000e+00 1.800000000000000000e+01 1.230000000000000000e+02 3.600000000000000000e+01 0.000000000000000000e+00 4.000000000000000000e+00 5.000000000000000000e+00 0.000000000000000000e+00 1.000000000000000000e+00 7.000000000000000000e+00 1.610000000000000000e+02 4.200000000000000000e+01 1.510000000000000000e+02 1.400000000000000000e+01 5.000000000000000000e+00 2.000000000000000000e+00 2.600000000000000000e+01 8.900000000000000000e+01 9.800000000000000000e+01 3.500000000000000000e+01 0.000000000000000000e+00 0.000000000000000000e+00 0.000000000000000000e+00 0.000000000000000000e+00 0.000000000000000000e+00 0.000000000000000000e+00 0.000000000000000000e+00 0.000000000000000000e+00 1.000000000000000000e+00 0.000000000000000000e+00 2.000000000000000000e+00 1.000000000000000000e+00 8.000000000000000000e+00 1.000000000000000000e+01 0.000000000000000000e+00 0.000000000000000000e+00 0.000000000000000000e+00 0.000000000000000000e+00 7.000000000000000000e+00 1.400000000000000000e+01 3.000000000000000000e+00 0.000000000000000000e+00 0.000000000000000000e+00 0.000000000000000000e+00 0.000000000000000000e+00 1.000000000000000000e+00 0.000000000000000000e+00
