0.000000000000000000e+00 0.000000000000000000e+00 0.000000000000000000e+00 0.000000000000000000e+00 0.000000000000000000e+00 0.000000000000000000e+00 0.000000000000000000e+00 0.000000000000000000e+00 0.000000000000000000e+00 0.000000000000000000e+00 0.000000000000000000e+00 0.000000000000000000e+00 0.000000000000000000e+00 0.000000000000000000e+00 0.000000000000000000e+00 0.000000000000000000e+00 0.000000000000000000e+00 0.000000000000000000e+00 0.000000000000000000e+00 0.000000000000000000e+00 0.000000000000000000e+00 0.000000000000000000e+00 0.000000000000000000e+00 0.000000000000000000e+00 0.000000000000000000e+00 0.000000000000000000e+00 0.000000000000000000e+00 0.000000000000000000e+00 0.000000000000000000e+00 0.000000000000000000e+00 0.000000000000000000e+00 0.000000000000000000e+00 0.000000000000000000e+00 0.000000000000000000e+00 0.000000000000000000e+00 0.000000000000000000e+00 0.000000000000000000e+00 0.000000000000000000e+00 0.000000000000000000e+00 0.000000000000000000e+00 0.000000000000000000e+00 0.000000000000000000e+00 0.000000000000000000e+00 0.000000000000000000e+00 0.000000000000000000e+00 0.000000000000000000e+00 0.000000000000000000e+00 0.000000000000000000e+00 0.000000000000000000e+00 0.000000000000000000e+00 0.000000000000000000e+00 0.000000000000000000e+00 0.000000000000000000e+00 0.000000000000000000e+00 0.000000000000000000e+00 0.000000000000000000e+00 0.000000000000000000e+00 0.000000000000000000e+00 0.000000000000000000e+00 0.000000000000000000e+00 0.000000000000000000e+00 0.000000000000000000e+00 0.000000000000000000e+00 0.000000000000000000e+00 0.000000000000000000e+00 0.000000000000000000e+00 0.000000000000000000e+00 0.000000000000000000e+00 0.000000000000000000e+00 0.000000000000000000e+00 0.000000000000000000e+00 0.000000000000000000e+00 0.000000000000000000e+00 0.000000000000000000e+00 0.000000000000000000e+00 0.000000000000000000e+00 0.000000000000000000e+00 0.000000000000000000e+00 0.000000000000000000e+00 0.000000000000000000e+00 0.000000000000000000e+00 0.000000000000000000e+00 0.000000000000000000e+00 0.000000000000000000e+00 0.000000000000000000e+00 0.000000000000000000e+00 0.000000000000000000e+00 0.000000000000000000e+00 0.000000000000000000e+00
0.000000000000000000e+00 0.000000000000000000e+00 0.000000000000000000e+00 0.000000000000000000e+00 0.000000000000000000e+00 0.000000000000000000e+00 0.000000000000000000e+00 0.000000000000000000e+00 0.000000000000000000e+00 0.000000000000000000e+00 0.000000000000000000e+00 0.000000000000000000e+00 0.000000000000000000e+00 0.000000000000000000e+00 0.000000000000000000e+00 0.000000000000000000e+00 0.000000000000000000e+00 0.000000000000000000e+00 0.000000000000000000e+00 0.000000000000000000e+00 0.000000000000000000e+00 0.000000000000000000e+00 0.000000000000000000e+00 0.000000000000000000e+00 0.000000000000000000e+00 0.000000000000000000e+00 0.000000000000000000e+00 0.000000000000000000e+00 0.000000000000000000e+00 0.000000000000000000e+00 0.000000000000000000e+00 0.000000000000000000e+00 0.000000000000000000e+00 0.000000000000000000e+00 0.000000000000000000e+00 0.000000000000000000e+00 0.000000000000000000e+00 0.000000000000000000e+00 0.000000000000000000e+00 0.000000000000000000e+00 0.000000000000000000e+00 0.000000000000000000e+00 0.000000000000000000e+00 0.000000000000000000e+00 0.000000000000000000e+00 0.000000000000000000e+00 0.000000000000000000e+00 0.000000000000000000e+00 0.000000000000000000e+00 0.000000000000000000e+00 0.000000000000000000e+00 0.000000000000000000e+00 0.000000000000000000e+00 0.000000000000000000e+00 0.000000000000000000e+00 0.000000000000000000e+00 0.000000000000000000e+00 0.000000000000000000e+00 0.000000000000000000e+00 0.000000000000000000e+00 0.000000000000000000e+00 0.000000000000000000e+00 0.000000000000000000e+00 0.000000000000000000e+00 0.000000000000000000e+00 0.000000000000000000e+00 0.000000000000000000e+00 0.000000000000000000e+00 0.000000000000000000e+00 0.000000000000000000e+00 0.000000000000000000e+00 0.000000000000000000e+00 0.000000000000000000e+00 0.000000000000000000e+00 0.000000000000000000e+00 0.000000000000000000e+00 0.000000000000000000e+00 0.000000000000000000e+00 0.000000000000000000e+00 0.000000000000000000e+00 0.000000000000000000e+00 0.000000000000000000e+00 0.000000000000000000e+00 0.000000000000000000e+00 0.000000000000000000e+00 0.000000000000000000e+00 0.000000000000000000e+00 0.000000000000000000e+00 0.000000000000000000e+00
0.000000000000000000e+00 0.000000000000000000e+00 0.000000000000000000e+00 0.000000000000000000e+00 0.000000000000000000e+00 0.000000000000000000e+00 0.000000000000000000e+00 0.000000000000000000e+00 0.000000000000000000e+00 0.000000000000000000e+00 0.000000000000000000e+00 0.000000000000000000e+00 0.000000000000000000e+00 0.000000000000000000e+00 0.000000000000000000e+00 0.000000000000000000e+00 0.000000000000000000e+00 0.000000000000000000e+00 0.000000000000000000e+00 0.000000000000000000e+00 0.000000000000000000e+00 0.000000000000000000e+00 0.000000000000000000e+00 0.000000000000000000e+00 0.000000000000000000e+00 0.000000000000000000e+00 0.000000000000000000e+00 0.000000000000000000e+00 0.000000000000000000e+00 0.000000000000000000e+00 0.000000000000000000e+00 0.000000000000000000e+00 0.000000000000000000e+00 0.000000000000000000e+00 0.000000000000000000e+00 0.000000000000000000e+00 0.000000000000000000e+00 0.000000000000000000e+00 0.000000000000000000e+00 0.000000000000000000e+00 0.000000000000000000e+00 0.000000000000000000e+00 0.000000000000000000e+00 0.000000000000000000e+00 0.000000000000000000e+00 0.000000000000000000e+00 0.000000000000000000e+00 0.000000000000000000e+00 0.000000000000000000e+00 0.000000000000000000e+00 0.000000000000000000e+00 0.000000000000000000e+00 0.000000000000000000e+00 0.000000000000000000e+00 0.000000000000000000e+00 0.000000000000000000e+00 0.000000000000000000e+00 0.000000000000000000e+00 0.000000000000000000e+00 0.000000000000000000e+00 0.000000000000000000e+00 0.000000000000000000e+00 0.000000000000000000e+00 0.000000000000000000e+00 0.000000000000000000e+00 0.000000000000000000e+00 0.000000000000000000e+00 0.000000000000000000e+00 0.000000000000000000e+00 0.000000000000000000e+00 0.000000000000000000e+00 0.000000000000000000e+00 0.000000000000000000e+00 0.000000000000000000e+00 0.000000000000000000e+00 0.000000000000000000e+00 0.000000000000000000e+00 0.000000000000000000e+00 0.000000000000000000e+00 0.000000000000000000e+00 0.000000000000000000e+00 0.000000000000000000e+00 0.000000000000000000e+00 0.000000000000000000e+00 0.000000000000000000e+00 0.000000000000000000e+00 0.000000000000000000e+00 0.000000000000000000e+00 0.000000000000000000e+00
0.000000000000000000e+00 0.000000000000000000e+00 0.000000000000000000e+00 5.702199661590519497e+00 7.708652373660028090e+00 1.209688195991090787e+01 3.499999999999997158e+01 3.094642857142856229e+01 4.375000000000000000e+01 1.032950191570880705e+01 3.974999999999995737e+01 6.192270531400964728e+00 6.074999999999993605e+01 0.000000000000000000e+00 3.599999999999996447e+01 2.341666666666665719e+01 3.274999999999998579e+01 5.916666666666667851e+01 6.599999999999995737e+01 0.000000000000000000e+00 0.000000000000000000e+00 0.000000000000000000e+00 0.000000000000000000e+00 0.000000000000000000e+00 0.000000000000000000e+00 0.000000000000000000e+00 0.000000000000000000e+00 0.000000000000000000e+00 0.000000000000000000e+00 5.999999999999999289e+01 0.000000000000000000e+00 9.400000000000002842e+01 0.000000000000000000e+00 0.000000000000000000e+00 0.000000000000000000e+00 0.000000000000000000e+00 0.000000000000000000e+00 2.853333333333331367e+01 3.177985074626862882e+01 5.800000000000000000e+01 0.000000000000000000e+00 0.000000000000000000e+00 0.000000000000000000e+00 0.000000000000000000e+00 3.208695652173910418e+01 0.000000000000000000e+00 0.000000000000000000e+00 0.000000000000000000e+00 0.000000000000000000e+00 0.000000000000000000e+00 0.000000000000000000e+00 0.000000000000000000e+00 0.000000000000000000e+00 0.000000000000000000e+00 0.000000000000000000e+00 0.000000000000000000e+00 0.000000000000000000e+00 0.000000000000000000e+00 0.000000000000000000e+00 0.000000000000000000e+00 0.000000000000000000e+00 0.000000000000000000e+00 0.000000000000000000e+00 0.000000000000000000e+00 0.000000000000000000e+00 0.000000000000000000e+00 0.000000000000000000e+00 0.000000000000000000e+00 0.000000000000000000e+00 0.000000000000000000e+00 0.000000000000000000e+00 0.000000000000000000e+00 0.000000000000000000e+00 0.000000000000000000e+00 0.000000000000000000e+00 0.000000000000000000e+00 0.000000000000000000e+00 0.000000000000000000e+00 0.000000000000000000e+00 0.000000000000000000e+00 5.349999999999989342e+01 0.000000000000000000e+00 0.000000000000000000e+00 0.000000000000000000e+00 0.000000000000000000e+00 0.000000000000000000e+00 0.000000000000000000e+00 0.000000000000000000e+00 0.000000000000000000e+00
0.000000000000000000e+00 0.000000000000000000e+00 0.000000000000000000e+00 7.708652373660028090e+00 9.979737619341984001e+00 1.120388738603345580e+01 2.846527777777776436e+01 2.346975806451611746e+01 4.151923076923076650e+01 1.798251121076232550e+01 4.646178343949042500e+01 2.332032667876587340e+01 5.923846153846150742e+01 5.756097560975606342e+01 2.606097560975608474e+01 1.432587412587412068e+01 2.778153153153152743e+01 5.138864142538972857e+01 6.181097560975605631e+01 0.000000000000000000e+00 1.150000000000000284e+02 0.000000000000000000e+00 0.000000000000000000e+00 0.000000000000000000e+00 8.849999999999998579e+01 7.066666666666662877e+01 5.299999999999994316e+01 9.800000000000001421e+01 7.165853658536583737e+01 7.867857142857141639e+01 8.549999999999998579e+01 7.833333333333331439e+01 6.439351851851849062e+01 0.000000000000000000e+00 8.249999999999991473e+01 0.000000000000000000e+00 0.000000000000000000e+00 1.307341269841269238e+01 1.869330922242313520e+01 4.965116279069765426e+01 0.000000000000000000e+00 5.299999999999994316e+01 0.000000000000000000e+00 4.233333333333331439e+01 7.503908158280406582e+00 2.077659574468084713e+01 0.000000000000000000e+00 0.000000000000000000e+00 0.000000000000000000e+00 0.000000000000000000e+00 4.899999999999997868e+01 0.000000000000000000e+00 5.722727272727270531e+01 7.099999999999995737e+01 5.243749999999997158e+01 7.849999999999995737e+01 0.000000000000000000e+00 0.000000000000000000e+00 3.662500000000000711e+01 3.435714285714286120e+01 4.100000000000000000e+01 5.762499999999996447e+01 0.000000000000000000e+00 0.000000000000000000e+00 0.000000000000000000e+00 0.000000000000000000e+00 0.000000000000000000e+00 0.000000000000000000e+00 0.000000000000000000e+00 0.000000000000000000e+00 0.000000000000000000e+00 8.249999999999994316e+01 8.249999999999991473e+01 0.000000000000000000e+00 8.400000000000001421e+01 7.849999999999997158e+01 0.000000000000000000e+00 0.000000000000000000e+00 0.000000000000000000e+00 0.000000000000000000e+00 2.389999999999997726e+01 4.389999999999997016e+01 0.000000000000000000e+00 0.000000000000000000e+00 0.000000000000000000e+00 0.000000000000000000e+00 0.000000000000000000e+00 2.599999999999998224e+01 7.124999999999992895e+00
0.000000000000000000e+00 0.000000000000000000e+00 0.000000000000000000e+00 1.209688195991090787e+01 1.120388738603345580e+01 1.424443424374568856e+01 9.832342295760078343e+00 1.534202924715652117e+01 2.826679104477610593e+01 1.585908745247147422e+01 4.360576923076921219e+01 2.782074016962219787e+01 5.947435897435894958e+01 6.811111111111108585e+01 2.024201474201473161e+01 2.135242290748897531e+01 3.419999999999998863e+01 6.269354838709674027e+01 7.249999999999998579e+01 0.000000000000000000e+00 8.999999999999997158e+01 0.000000000000000000e+00 5.999999999999992895e+01 3.850000000000003553e+01 4.299999999999995737e+01 4.359999999999997300e+01 4.499999999999997868e+01 6.033333333333328596e+01 6.924999999999997158e+01 6.786111111111108585e+01 8.041666666666662877e+01 7.735999999999998522e+01 7.712962962962959068e+01 0.000000000000000000e+00 7.524999999999998579e+01 0.000000000000000000e+00 8.699999999999998579e+01 1.962043139604551811e+01 1.981623931623930090e+01 3.609905660377356895e+01 0.000000000000000000e+00 4.104999999999998295e+01 2.559999999999998721e+01 2.682352941176469585e+01 2.106873977086741334e+01 3.999999999999997868e+01 0.000000000000000000e+00 0.000000000000000000e+00 5.649999999999997868e+01 0.000000000000000000e+00 5.949999999999995737e+01 0.000000000000000000e+00 5.193548387096772245e+01 7.133333333333327175e+01 5.422222222222220012e+01 0.000000000000000000e+00 0.000000000000000000e+00 0.000000000000000000e+00 3.874999999999995026e+01 5.069999999999998863e+01 6.074999999999996447e+01 0.000000000000000000e+00 0.000000000000000000e+00 0.000000000000000000e+00 0.000000000000000000e+00 0.000000000000000000e+00 0.000000000000000000e+00 0.000000000000000000e+00 0.000000000000000000e+00 0.000000000000000000e+00 0.000000000000000000e+00 0.000000000000000000e+00 0.000000000000000000e+00 1.115000000000000000e+02 9.949999999999997158e+01 0.000000000000000000e+00 0.000000000000000000e+00 0.000000000000000000e+00 0.000000000000000000e+00 0.000000000000000000e+00 3.128571428571424917e+01 5.716666666666665009e+01 0.000000000000000000e+00 0.000000000000000000e+00 0.000000000000000000e+00 0.000000000000000000e+00 0.000000000000000000e+00 3.149999999999996803e+01 0.000000000000000000e+00
0.000000000000000000e+00 0.000000000000000000e+00 0.000000000000000000e+00 3.499999999999997158e+01 2.846527777777776436e+01 9.832342295760078343e+00 8.577058701514205907e+00 8.220642933049944645e+00 2.137591240875911680e+01 1.318452758402028735e+01 4.988888888888883599e+01 3.326666666666665861e+01 6.149999999999996447e+01 0.000000000000000000e+00 2.874242424242422445e+01 2.465714285714285481e+01 4.024999999999998579e+01 6.099999999999991473e+01 7.599999999999995737e+01 0.000000000000000000e+00 8.475000000000000000e+01 0.000000000000000000e+00 0.000000000000000000e+00 0.000000000000000000e+00 0.000000000000000000e+00 8.399999999999997158e+01 0.000000000000000000e+00 0.000000000000000000e+00 0.000000000000000000e+00 5.314285714285714590e+01 7.350000000000002842e+01 7.226470588235291359e+01 7.749999999999998579e+01 0.000000000000000000e+00 8.583333333333330017e+01 0.000000000000000000e+00 0.000000000000000000e+00 2.886666666666666359e+01 2.867201834862383691e+01 4.237499999999997158e+01 0.000000000000000000e+00 4.850000000000000711e+01 0.000000000000000000e+00 4.050000000000000711e+01 3.481818181818180591e+01 4.250000000000000711e+01 0.000000000000000000e+00 0.000000000000000000e+00 0.000000000000000000e+00 0.000000000000000000e+00 0.000000000000000000e+00 0.000000000000000000e+00 0.000000000000000000e+00 0.000000000000000000e+00 0.000000000000000000e+00 0.000000000000000000e+00 0.000000000000000000e+00 0.000000000000000000e+00 0.000000000000000000e+00 0.000000000000000000e+00 0.000000000000000000e+00 0.000000000000000000e+00 0.000000000000000000e+00 0.000000000000000000e+00 0.000000000000000000e+00 0.000000000000000000e+00 0.000000000000000000e+00 0.000000000000000000e+00 0.000000000000000000e+00 0.000000000000000000e+00 0.000000000000000000e+00 0.000000000000000000e+00 0.000000000000000000e+00 0.000000000000000000e+00 0.000000000000000000e+00 0.000000000000000000e+00 0.000000000000000000e+00 0.000000000000000000e+00 0.000000000000000000e+00 0.000000000000000000e+00 0.000000000000000000e+00 0.000000000000000000e+00 0.000000000000000000e+00 0.000000000000000000e+00 0.000000000000000000e+00 0.000000000000000000e+00 0.000000000000000000e+00 0.000000000000000000e+00 0.000000000000000000e+00
0.000000000000000000e+00 0.000000000000000000e+00 0.000000000000000000e+00 3.094642857142856229e+01 2.346975806451611746e+01 1.534202924715652117e+01 8.220642933049944645e+00 8.597531982338956880e+00 1.037169860176074643e+01 2.145178849144633659e+01 3.164814814814813815e+01 2.631224764468370481e+01 3.936046511627905176e+01 6.949999999999995737e+01 2.853883495145629468e+01 1.943386243386242640e+01 2.947058823529411598e+01 5.646153846153843858e+01 7.299999999999997158e+01 0.000000000000000000e+00 7.884999999999999432e+01 9.400000000000001421e+01 8.199999999999995737e+01 0.000000000000000000e+00 7.824999999999997158e+01 7.627777777777775725e+01 4.499999999999997158e+01 6.750000000000001421e+01 4.842424242424242209e+01 4.593333333333331581e+01 6.342105263157892381e+01 6.348496240601502194e+01 6.429761904761902258e+01 5.999999999999999289e+01 7.462790697674417117e+01 0.000000000000000000e+00 7.799999999999998579e+01 2.479891304347825098e+01 2.403841387856255807e+01 3.849999999999997868e+01 0.000000000000000000e+00 4.799999999999997158e+01 8.500000000000000000e+01 4.799999999999997868e+01 2.617968749999998579e+01 5.249999999999999289e+01 0.000000000000000000e+00 0.000000000000000000e+00 5.500000000000001421e+01 0.000000000000000000e+00 4.174999999999994316e+01 0.000000000000000000e+00 4.291304347826083898e+01 7.079999999999998295e+01 4.845454545454542483e+01 7.199999999999995737e+01 5.449999999999998579e+01 0.000000000000000000e+00 2.468749999999998934e+01 2.650000000000001421e+01 4.300000000000001421e+01 6.674999999999998579e+01 0.000000000000000000e+00 0.000000000000000000e+00 0.000000000000000000e+00 0.000000000000000000e+00 0.000000000000000000e+00 0.000000000000000000e+00 0.000000000000000000e+00 0.000000000000000000e+00 0.000000000000000000e+00 0.000000000000000000e+00 0.000000000000000000e+00 0.000000000000000000e+00 7.650000000000000000e+01 6.499999999999995737e+01 0.000000000000000000e+00 0.000000000000000000e+00 0.000000000000000000e+00 0.000000000000000000e+00 3.949999999999995026e+01 4.429999999999996874e+01 5.650000000000000000e+01 0.000000000000000000e+00 0.000000000000000000e+00 0.000000000000000000e+00 0.000000000000000000e+00 2.449999999999997868e+01 0.000000000000000000e+00
0.000000000000000000e+00 0.000000000000000000e+00 0.000000000000000000e+00 4.375000000000000000e+01 4.151923076923076650e+01 2.826679104477610593e+01 2.137591240875911680e+01 1.037169860176074643e+01 1.207981720295480166e+01 1.960702402957485546e+01 2.227027027027025952e+01 3.647360482654599423e+01 1.038424636335499862e+01 6.187499999999998579e+01 2.056037924151695861e+01 3.268471337579617852e+01 3.139583333333332860e+01 4.957142857142859071e+01 5.422826086956520442e+01 0.000000000000000000e+00 6.594736842105263008e+01 7.116666666666664298e+01 7.849999999999998579e+01 1.016666666666666288e+02 5.974999999999998579e+01 5.710204081632652162e+01 2.406249999999998579e+01 5.184782608695650907e+01 2.096833333333333371e+01 2.830211171662124414e+01 4.869476744186046346e+01 4.994808405438813281e+01 5.330864197530863891e+01 6.171874999999997868e+01 6.260917721518987378e+01 6.833333333333332860e+01 6.196031746031745513e+01 2.446722560975609184e+01 1.636131045241809545e+01 2.617410714285714235e+01 0.000000000000000000e+00 3.899999999999998579e+01 6.444444444444444287e+01 5.594444444444443576e+01 4.827380952380951129e+01 3.140234375000000000e+01 0.000000000000000000e+00 4.649999999999999289e+01 5.700000000000000000e+01 0.000000000000000000e+00 6.550000000000001421e+01 0.000000000000000000e+00 5.720454545454543194e+01 7.649999999999994316e+01 5.744999999999996732e+01 0.000000000000000000e+00 8.249999999999997158e+01 0.000000000000000000e+00 4.202499999999999147e+01 3.458333333333332149e+01 5.874999999999997868e+01 8.749999999999998579e+01 0.000000000000000000e+00 0.000000000000000000e+00 0.000000000000000000e+00 0.000000000000000000e+00 0.000000000000000000e+00 0.000000000000000000e+00 0.000000000000000000e+00 0.000000000000000000e+00 0.000000000000000000e+00 0.000000000000000000e+00 0.000000000000000000e+00 0.000000000000000000e+00 9.000000000000001421e+01 0.000000000000000000e+00 0.000000000000000000e+00 0.000000000000000000e+00 0.000000000000000000e+00 0.000000000000000000e+00 5.924999999999996447e+01 5.687499999999996447e+01 0.000000000000000000e+00 0.000000000000000000e+00 0.000000000000000000e+00 0.000000000000000000e+00 0.000000000000000000e+00 0.000000000000000000e+00 0.000000000000000000e+00
0.000000000000000000e+00 0.000000000000000000e+00 0.000000000000000000e+00 1.032950191570880705e+01 1.798251121076232550e+01 1.585908745247147422e+01 1.318452758402028735e+01 2.145178849144633659e+01 1.960702402957485546e+01 1.304568432557980628e+01 1.803503914454839929e+01 1.780978934324658525e+01 4.403238015138769867e+01 4.790073529411762365e+01 2.677435387673954992e+01 2.562517647058822945e+01 2.406433408577877131e+01 4.614224137931032743e+01 6.368333333333330160e+01 0.000000000000000000e+00 9.171794871794871540e+01 8.900000000000001421e+01 8.349999999999997158e+01 1.169999999999999432e+02 9.169999999999996021e+01 7.459523809523808779e+01 7.749999999999997158e+01 7.569444444444442865e+01 5.734107579462101256e+01 6.028233830845767471e+01 7.033490566037734482e+01 6.498942701227828422e+01 6.683506493506492063e+01 7.366666666666665719e+01 8.599137931034482563e+01 6.899999999999997158e+01 8.957894736842105488e+01 2.225678349349913887e+01 2.899407856730212174e+01 4.300119617224878965e+01 0.000000000000000000e+00 5.142424242424239367e+01 7.916666666666667140e+01 5.542999999999997840e+01 3.775486381322955509e+01 4.580357142857140929e+01 0.000000000000000000e+00 4.885714285714283278e+01 5.157142857142853387e+01 5.249999999999996447e+01 5.066666666666660745e+01 4.649999999999995026e+01 5.124035087719294523e+01 6.190322580645159434e+01 5.164371257485025524e+01 7.631249999999997158e+01 6.699999999999994316e+01 6.649999999999997158e+01 3.636075949367087645e+01 3.372413793103446267e+01 4.920833333333331439e+01 7.214999999999999147e+01 0.000000000000000000e+00 0.000000000000000000e+00 0.000000000000000000e+00 0.000000000000000000e+00 0.000000000000000000e+00 0.000000000000000000e+00 0.000000000000000000e+00 0.000000000000000000e+00 0.000000000000000000e+00 7.683333333333331439e+01 0.000000000000000000e+00 0.000000000000000000e+00 9.183333333333330017e+01 7.799999999999994316e+01 0.000000000000000000e+00 0.000000000000000000e+00 0.000000000000000000e+00 0.000000000000000000e+00 4.378846153846151878e+01 5.526315789473682116e+01 5.774999999999996447e+01 0.000000000000000000e+00 8.199999999999994316e+01 0.000000000000000000e+00 8.924999999999997158e+01 4.375000000000000711e+01 0.000000000000000000e+00
0.000000000000000000e+00 0.000000000000000000e+00 0.000000000000000000e+00 3.974999999999995737e+01 4.646178343949042500e+01 4.360576923076921219e+01 4.988888888888883599e+01 3.164814814814813815e+01 2.227027027027025952e+01 1.803503914454839929e+01 1.313918043260016510e+01 2.471657486229344158e+01 1.523460808245185838e+01 4.969512195121950526e+01 2.212574850299401064e+01 3.955230125523011253e+01 2.385247747747746772e+01 2.708055555555554506e+01 4.649166666666666003e+01 0.000000000000000000e+00 6.155479452054794365e+01 6.374999999999997868e+01 7.159999999999999432e+01 9.249999999999995737e+01 8.099999999999997158e+01 5.563513513513513686e+01 8.250000000000000000e+01 5.239999999999999858e+01 2.855639097744360910e+01 3.400833333333333286e+01 4.292494226327944773e+01 4.392319127849355453e+01 4.625771324863883649e+01 5.320000000000000995e+01 5.513052208835341617e+01 5.961111111111112137e+01 5.821249999999999858e+01 2.291518518518517311e+01 2.096977367480643295e+01 2.727568922305763621e+01 0.000000000000000000e+00 2.733962264150942900e+01 5.788888888888888573e+01 3.490849673202612991e+01 5.622950819672129086e+01 3.349578651685393282e+01 0.000000000000000000e+00 0.000000000000000000e+00 6.366666666666662877e+01 0.000000000000000000e+00 5.949999999999992895e+01 5.366666666666662877e+01 5.393220338983047668e+01 5.366176470588233371e+01 5.094776119402981607e+01 5.979999999999999716e+01 6.449999999999998579e+01 0.000000000000000000e+00 4.836363636363631002e+01 3.517241379310343063e+01 3.144444444444441800e+01 7.225000000000002842e+01 0.000000000000000000e+00 0.000000000000000000e+00 0.000000000000000000e+00 0.000000000000000000e+00 0.000000000000000000e+00 0.000000000000000000e+00 0.000000000000000000e+00 0.000000000000000000e+00 0.000000000000000000e+00 8.949999999999998579e+01 6.550000000000001421e+01 0.000000000000000000e+00 8.316666666666664298e+01 7.439999999999994884e+01 0.000000000000000000e+00 0.000000000000000000e+00 0.000000000000000000e+00 0.000000000000000000e+00 4.580769230769229949e+01 5.383333333333332149e+01 0.000000000000000000e+00 0.000000000000000000e+00 0.000000000000000000e+00 0.000000000000000000e+00 8.200000000000001421e+01 5.499999999999987921e+01 4.900000000000002842e+01
0.000000000000000000e+00 0.000000000000000000e+00 0.000000000000000000e+00 6.192270531400964728e+00 2.332032667876587340e+01 2.782074016962219787e+01 3.326666666666665861e+01 2.631224764468370481e+01 3.647360482654599423e+01 1.780978934324658525e+01 2.471657486229344158e+01 1.606348586854001681e+01 2.476364804110468754e+01 1.327356263699207517e+01 3.177231121281464610e+01 2.631457160725452482e+01 1.842167042889389705e+01 2.267488479262672740e+01 4.066931216931216397e+01 0.000000000000000000e+00 7.935714285714286120e+01 8.050000000000000000e+01 9.724999999999997158e+01 9.224999999999997158e+01 7.600000000000000000e+01 6.609615384615383959e+01 5.125000000000000711e+01 6.313043478260869534e+01 3.463407821229050398e+01 4.733502024291497889e+01 6.126388888888888573e+01 5.608130081300812009e+01 4.695093062605752010e+01 6.540909090909090651e+01 7.856250000000000000e+01 8.200000000000000000e+01 7.442857142857143060e+01 2.479985915492956750e+01 3.216130808192026791e+01 3.694790652385589169e+01 0.000000000000000000e+00 3.147204968944099335e+01 8.137499999999998579e+01 4.226728110599078292e+01 4.824421965317917227e+01 3.938560885608855955e+01 0.000000000000000000e+00 5.249999999999997868e+01 5.278124999999995737e+01 0.000000000000000000e+00 4.849999999999996447e+01 4.324999999999992895e+01 5.125757575757572937e+01 5.437142857142855945e+01 2.460393258426964636e+01 6.368181818181817277e+01 5.474999999999998579e+01 6.550000000000002842e+01 3.830147058823527573e+01 2.978461538461537117e+01 2.991333333333333400e+01 5.229629629629627630e+01 0.000000000000000000e+00 0.000000000000000000e+00 0.000000000000000000e+00 0.000000000000000000e+00 0.000000000000000000e+00 0.000000000000000000e+00 0.000000000000000000e+00 0.000000000000000000e+00 0.000000000000000000e+00 7.699999999999992895e+01 0.000000000000000000e+00 1.112499999999999716e+02 8.228571428571424917e+01 5.837499999999997868e+01 0.000000000000000000e+00 0.000000000000000000e+00 0.000000000000000000e+00 0.000000000000000000e+00 4.356666666666664867e+01 5.417999999999997840e+01 6.437499999999997158e+01 0.000000000000000000e+00 5.700000000000001421e+01 0.000000000000000000e+00 5.499999999999998579e+01 5.049999999999998579e+01 0.000000000000000000e+00
0.000000000000000000e+00 0.000000000000000000e+00 0.000000000000000000e+00 6.074999999999993605e+01 5.923846153846150742e+01 5.947435897435894958e+01 6.149999999999996447e+01 3.936046511627905176e+01 1.038424636335499862e+01 4.403238015138769867e+01 1.523460808245185838e+01 2.476364804110468754e+01 1.364501644177344453e+01 8.381892443839346285e+00 2.351054955839057925e+01 5.013636363636361892e+01 3.323076923076922640e+01 2.006977863330125089e+01 3.061418685121107330e+01 4.849999999999998579e+01 6.045000000000000284e+01 6.550000000000000000e+01 5.621428571428571530e+01 6.559999999999998010e+01 5.021428571428571530e+01 1.686801242236024834e+01 3.843902439024391526e+01 4.615476190476191221e+01 1.731044806937848435e+01 2.757832597427529109e+01 4.220811518324607192e+01 3.304079533767569643e+01 3.249929676511955279e+01 5.353846153846153300e+01 5.497727272727272663e+01 5.616666666666665719e+01 6.065625000000000000e+01 2.450342679127725987e+01 2.415314746454245665e+01 2.904276916058394775e+01 0.000000000000000000e+00 2.740178571428571530e+01 4.107142857142857650e+01 3.766722222222222172e+01 6.678723404255316609e+01 3.659367816091954495e+01 0.000000000000000000e+00 0.000000000000000000e+00 0.000000000000000000e+00 0.000000000000000000e+00 0.000000000000000000e+00 0.000000000000000000e+00 6.774999999999998579e+01 5.401923076923074518e+01 5.734482758620688259e+01 6.636363636363634555e+01 4.099999999999998579e+01 7.075000000000000000e+01 6.424999999999994316e+01 4.637499999999996447e+01 3.568965517241377938e+01 3.907692307692305889e+01 0.000000000000000000e+00 0.000000000000000000e+00 0.000000000000000000e+00 0.000000000000000000e+00 0.000000000000000000e+00 0.000000000000000000e+00 0.000000000000000000e+00 0.000000000000000000e+00 0.000000000000000000e+00 6.449999999999998579e+01 5.349999999999995737e+01 1.014999999999999858e+02 8.949999999999998579e+01 5.712499999999997868e+01 0.000000000000000000e+00 0.000000000000000000e+00 0.000000000000000000e+00 0.000000000000000000e+00 4.349999999999998579e+01 5.354545454545452543e+01 5.183333333333331439e+01 0.000000000000000000e+00 4.450000000000000000e+01 0.000000000000000000e+00 5.466666666666665719e+01 6.350000000000002132e+01 0.000000000000000000e+00
0.000000000000000000e+00 0.000000000000000000e+00 0.000000000000000000e+00 0.000000000000000000e+00 5.756097560975606342e+01 6.811111111111108585e+01 0.000000000000000000e+00 6.949999999999995737e+01 6.187499999999998579e+01 4.790073529411762365e+01 4.969512195121950526e+01 1.327356263699207517e+01 8.381892443839346285e+00 9.533001808318264381e+00 3.633333333333333570e+01 5.196808510638295076e+01 4.369999999999997442e+01 9.882978723404255206e+00 1.346875000000000178e+01 0.000000000000000000e+00 0.000000000000000000e+00 9.000000000000002842e+01 0.000000000000000000e+00 0.000000000000000000e+00 0.000000000000000000e+00 0.000000000000000000e+00 0.000000000000000000e+00 0.000000000000000000e+00 1.096114030896639591e+01 3.418518518518519045e+01 7.799999999999998579e+01 1.868992248062015449e+01 1.235164835164835218e+01 0.000000000000000000e+00 0.000000000000000000e+00 0.000000000000000000e+00 0.000000000000000000e+00 3.933018867924526774e+01 5.142307692307691980e+01 4.713888888888888573e+01 0.000000000000000000e+00 2.466666666666666075e+01 0.000000000000000000e+00 4.699999999999997868e+01 6.121428571428570109e+01 3.818750000000000711e+01 0.000000000000000000e+00 0.000000000000000000e+00 0.000000000000000000e+00 0.000000000000000000e+00 0.000000000000000000e+00 0.000000000000000000e+00 0.000000000000000000e+00 0.000000000000000000e+00 6.949999999999998579e+01 0.000000000000000000e+00 0.000000000000000000e+00 0.000000000000000000e+00 0.000000000000000000e+00 0.000000000000000000e+00 2.399999999999999645e+01 0.000000000000000000e+00 0.000000000000000000e+00 0.000000000000000000e+00 0.000000000000000000e+00 0.000000000000000000e+00 0.000000000000000000e+00 0.000000000000000000e+00 0.000000000000000000e+00 0.000000000000000000e+00 0.000000000000000000e+00 0.000000000000000000e+00 0.000000000000000000e+00 0.000000000000000000e+00 0.000000000000000000e+00 0.000000000000000000e+00 0.000000000000000000e+00 0.000000000000000000e+00 0.000000000000000000e+00 0.000000000000000000e+00 0.000000000000000000e+00 0.000000000000000000e+00 0.000000000000000000e+00 0.000000000000000000e+00 0.000000000000000000e+00 0.000000000000000000e+00 0.000000000000000000e+00 0.000000000000000000e+00 0.000000000000000000e+00
0.000000000000000000e+00 0.000000000000000000e+00 0.000000000000000000e+00 3.599999999999996447e+01 2.606097560975608474e+01 2.024201474201473161e+01 2.874242424242422445e+01 2.853883495145629468e+01 2.056037924151695861e+01 2.677435387673954992e+01 2.212574850299401064e+01 3.177231121281464610e+01 2.351054955839057925e+01 3.633333333333333570e+01 1.237690001034018827e+01 3.335869565217389976e+01 2.527586206896551602e+01 2.638888888888888218e+01 2.670036764705881538e+01 1.520796460176990728e+01 3.119117647058822129e+01 3.258620689655171532e+01 2.275154320987654089e+01 1.669261213720315595e+01 2.110062402496099665e+01 2.068090653830725500e+01 1.950643086816719318e+01 3.053529411764704804e+01 1.941299019607843235e+01 2.122013977128334972e+01 4.469512195121949816e+01 3.623136303484780285e+01 3.822786885245901090e+01 5.263333333333332575e+01 5.462807881773397156e+01 6.128571428571427049e+01 4.254166666666665719e+01 2.275510204081632182e+01 8.566585246702489442e+00 1.719096209912536466e+01 0.000000000000000000e+00 2.246498054474707473e+01 1.199689922480620119e+01 1.331717011128775852e+01 3.515999999999998948e+01 2.045939490445859121e+01 0.000000000000000000e+00 0.000000000000000000e+00 0.000000000000000000e+00 5.099999999999999289e+01 0.000000000000000000e+00 0.000000000000000000e+00 4.929999999999994742e+01 4.762499999999997158e+01 5.406249999999998579e+01 6.099999999999998579e+01 0.000000000000000000e+00 4.766666666666665719e+01 3.800000000000000000e+01 4.709999999999998010e+01 0.000000000000000000e+00 2.822222222222220722e+01 0.000000000000000000e+00 0.000000000000000000e+00 0.000000000000000000e+00 0.000000000000000000e+00 0.000000000000000000e+00 0.000000000000000000e+00 0.000000000000000000e+00 6.074999999999996447e+01 0.000000000000000000e+00 0.000000000000000000e+00 5.427777777777775015e+01 0.000000000000000000e+00 6.099999999999995026e+01 3.879999999999999005e+01 0.000000000000000000e+00 0.000000000000000000e+00 0.000000000000000000e+00 0.000000000000000000e+00 5.949999999999998579e+01 5.333333333333328596e+01 5.399999999999999289e+01 0.000000000000000000e+00 3.342187499999997868e+01 5.300000000000000000e+01 0.000000000000000000e+00 0.000000000000000000e+00 0.000000000000000000e+00
0.000000000000000000e+00 0.000000000000000000e+00 0.000000000000000000e+00 2.341666666666665719e+01 1.432587412587412068e+01 2.135242290748897531e+01 2.465714285714285481e+01 1.943386243386242640e+01 3.268471337579617852e+01 2.562517647058822945e+01 3.955230125523011253e+01 2.631457160725452482e+01 5.013636363636361892e+01 5.196808510638295076e+01 3.335869565217389976e+01 7.773901808785528722e+00 1.472394236664622547e+01 3.675398256687703480e+01 5.049343832020995393e+01 1.074999999999999716e+02 0.000000000000000000e+00 0.000000000000000000e+00 1.084999999999999858e+02 0.000000000000000000e+00 0.000000000000000000e+00 7.949999999999997158e+01 0.000000000000000000e+00 7.866666666666662877e+01 6.269117647058819642e+01 7.104411764705879762e+01 7.633333333333330017e+01 7.004761904761900837e+01 5.422922636103147909e+01 0.000000000000000000e+00 9.574999999999997158e+01 0.000000000000000000e+00 9.349999999999997158e+01 1.460935085007726819e+01 2.446998332406890952e+01 4.521478873239435359e+01 0.000000000000000000e+00 4.594999999999999574e+01 6.250000000000002132e+01 6.049999999999997868e+01 1.138560687432867091e+01 5.095714285714284841e+01 0.000000000000000000e+00 2.733333333333335347e+01 3.859999999999998010e+01 0.000000000000000000e+00 4.874999999999992895e+01 8.250000000000004263e+01 3.835416666666663588e+01 5.643103448275859080e+01 4.146753246753244326e+01 6.709999999999999432e+01 6.824999999999997158e+01 0.000000000000000000e+00 1.898437499999998934e+01 1.970833333333333215e+01 3.450657894736841058e+01 4.868852459016392231e+01 0.000000000000000000e+00 0.000000000000000000e+00 0.000000000000000000e+00 0.000000000000000000e+00 0.000000000000000000e+00 0.000000000000000000e+00 0.000000000000000000e+00 0.000000000000000000e+00 0.000000000000000000e+00 7.266666666666664298e+01 8.249999999999997158e+01 0.000000000000000000e+00 7.362499999999998579e+01 6.297499999999998721e+01 0.000000000000000000e+00 0.000000000000000000e+00 0.000000000000000000e+00 0.000000000000000000e+00 2.984999999999998366e+01 4.129411764705880472e+01 6.799999999999998579e+01 0.000000000000000000e+00 7.149999999999992895e+01 0.000000000000000000e+00 0.000000000000000000e+00 1.174999999999998579e+01 5.199999999999994316e+01
0.000000000000000000e+00 0.000000000000000000e+00 0.000000000000000000e+00 3.274999999999998579e+01 2.778153153153152743e+01 3.419999999999998863e+01 4.024999999999998579e+01 2.947058823529411598e+01 3.139583333333332860e+01 2.406433408577877131e+01 2.385247747747746772e+01 1.842167042889389705e+01 3.323076923076922640e+01 4.369999999999997442e+01 2.527586206896551602e+01 1.472394236664622547e+01 8.506524891251807219e+00 1.106198347107437208e+01 4.177272727272727337e+01 0.000000000000000000e+00 8.300000000000000000e+01 0.000000000000000000e+00 0.000000000000000000e+00 0.000000000000000000e+00 0.000000000000000000e+00 6.300000000000000000e+01 0.000000000000000000e+00 6.474999999999997158e+01 4.595714285714284131e+01 5.581481481481479534e+01 5.528571428571427759e+01 5.693877551020407424e+01 4.729591836734692833e+01 7.074999999999997158e+01 7.250000000000002842e+01 0.000000000000000000e+00 7.150000000000000000e+01 2.097286821705425552e+01 3.049816176470587692e+01 3.111194029850744869e+01 0.000000000000000000e+00 3.200000000000000000e+01 0.000000000000000000e+00 3.705555555555555713e+01 3.508943089430892570e+01 3.588888888888888573e+01 0.000000000000000000e+00 3.137499999999997513e+01 3.999999999999998579e+01 0.000000000000000000e+00 4.799999999999995737e+01 2.478571428571426694e+01 2.974844720496892236e+01 3.478571428571426338e+01 2.794039735099335431e+01 4.685714285714283989e+01 4.119999999999997442e+01 5.449999999999997158e+01 2.088461538461537970e+01 1.358988764044943309e+01 1.979081632653060652e+01 3.791428571428570393e+01 0.000000000000000000e+00 0.000000000000000000e+00 0.000000000000000000e+00 0.000000000000000000e+00 0.000000000000000000e+00 0.000000000000000000e+00 0.000000000000000000e+00 0.000000000000000000e+00 8.299999999999995737e+01 0.000000000000000000e+00 6.149999999999997158e+01 6.299999999999999289e+01 6.618749999999998579e+01 4.894999999999997442e+01 0.000000000000000000e+00 0.000000000000000000e+00 0.000000000000000000e+00 0.000000000000000000e+00 2.607142857142855874e+01 3.839285714285712459e+01 4.833333333333333570e+01 0.000000000000000000e+00 0.000000000000000000e+00 0.000000000000000000e+00 0.000000000000000000e+00 4.500000000000003553e+01 0.000000000000000000e+00
