0.03755994,0.2492985,-0.07022743,0.002169432,0.0046100914,-0.006531587,-0.06570292,0.13750365,0.11304183,0.1839108,-0.063330844,0.041151337,-0.13202488,0.022183549,-0.17601924,0.107185386,0.29011282,-0.017583547,0.0817253,0.45119393,0.07230148,-0.18266703,0.09800477,-0.010119644,-0.061576147,0.025531802,-0.10420672,0.023762025,0.28966355,0.15742889,0.26036188,0.05665069,-0.13823065,0.06752824,0.019488635,0.05582877,-0.241972,-0.08444957,0.04076341,-0.02498971,-0.14055727,0.008542588,-0.16410106,0.13748135,-0.08673737,-0.0037990387,0.106400855,-0.12326414,-0.07175149,0.080136284,0.09254825,0.100168735,-0.038267333,0.10504104,-0.0927089,0.284972,0.022712266,0.09079988,0.15432134,-0.2093553,0.112161614,-0.08671627,0.052415263,-0.055912107,-0.0014821407,-0.00756194,0.064737186,0.052518222,-0.08559662,-0.105177894,0.06867338,0.0076788166,0.28256443,0.0745484,-0.041484226,-0.009675877,0.047292385,0.14833404,-0.14858264,0.11337443,-0.18394418,-0.31947967,-0.0002763051,-0.21795171,0.0906842
-0.7014379,-0.15937829,-0.9525271,-0.70884013,-0.19869769,-0.34469673,-1.2327532,-0.71838486,-0.30696806,-0.6138476,-0.88725954,-0.7316,-0.92874175,-1.0170847,-0.701435,-0.43520823,0.50984484,-0.6767829,-0.5339386,0.4734775,-0.27470616,-1.305479,-0.20916899,-0.8634656,-0.40779924,0.0032545025,-0.7833865,-0.47345462,0.35283753,-0.53773063,0.10342198,-0.45789555,-0.31205186,0.016080039,-0.5505539,-0.7552314,-0.7019045,-1.4308349,0.3006032,-0.22863059,-0.21040358,-0.22060797,-1.2709898,-0.16309965,-0.00849125,-0.93665296,-0.035538204,-0.28606057,-0.46312702,-0.4436557,-0.4389197,-0.52730453,-0.74715596,-0.30608898,-1.4411598,-0.27905926,-0.50114733,-0.26144236,-0.063094094,-0.7913732,-0.3627028,-0.9516817,-0.2982678,-0.4079576,0.052501988,-0.7411347,-0.4120501,0.23023094,-0.97333616,-0.6242359,-0.1296104,-0.47531468,0.02941674,-0.27497536,-0.34873694,-0.071816005,-0.57535213,-0.2888825,-0.6386695,-0.26286662,-0.1156093,-1.099974,-0.05668202,0.2739458,-0.38375697
-1.3984499,-0.5393156,-1.7795936,-1.3683474,-0.38228297,-0.6598976,-2.3003845,-1.5147892,-0.6956058,-1.3477594,-1.6548322,-1.4517174,-1.6519858,-1.9767662,-1.1948173,-0.9487173,0.7082502,-1.2627611,-1.0994776,0.47437656,-0.6126391,-2.344152,-0.5011403,-1.6596681,-0.7344778,-0.03222416,-1.4210744,-0.94914156,0.40619808,-1.1857722,-0.043935053,-0.9357855,-0.46586442,-0.028516324,-1.0837193,-1.512602,-1.1486759,-2.6556149,0.53466934,-0.42848516,-0.2939405,-0.40666205,-2.3082175,-0.43564254,0.05645936,-1.7890623,-0.16678908,-0.4474608,-0.8172781,-0.9352742,-0.9278373,-1.1151791,-1.4076173,-0.6749576,-2.6975715,-0.82021326,-0.98322463,-0.59931755,-0.25267324,-1.3014044,-0.7899273,-1.7439321,-0.6124266,-0.72141254,0.09867637,-1.429853,-0.8620247,0.39587563,-1.7901968,-1.100544,-0.30526802,-0.9213767,-0.20391278,-0.59157336,-0.62421453,-0.12167872,-1.1487651,-0.7136897,-1.0735685,-0.6014208,-0.04561069,-1.8190924,-0.09165435,0.68740433,-0.8069331
-2.0146003,-0.86706936,-2.5065715,-1.9310112,-0.52950585,-0.9312177,-3.1835043,-2.1988175,-1.0249152,-1.9632844,-2.3166676,-2.072215,-2.2399423,-2.7883217,-1.6262378,-1.4057506,0.8681177,-1.7146846,-1.5734844,0.43353406,-0.9355791,-3.2293282,-0.7650501,-2.3478966,-1.0232093,-0.09277625,-1.9816923,-1.3834559,0.43959722,-1.7430925,-0.17297906,-1.3431191,-0.5810763,-0.058537677,-1.5459024,-2.1689758,-1.569373,-3.656363,0.7222026,-0.6179273,-0.39986286,-0.51482165,-3.2148662,-0.65718555,0.094223075,-2.493024,-0.27698424,-0.6047921,-1.1005492,-1.3645593,-1.3364187,-1.6287905,-1.9761518,-0.965122,-3.780669,-1.3152809,-1.3845892,-0.9073475,-0.39082715,-1.6768479,-1.1279469,-2.40409,-0.85761356,-0.96769124,0.13020037,-2.0333862,-1.2612942,0.5389487,-2.4744384,-1.4965078,-0.4382697,-1.2959323,-0.3995821,-0.84572405,-0.8398117,-0.14824174,-1.6291561,-1.1136442,-1.4069597,-0.86822444,0.02743134,-2.4258611,-0.09019388,0.95875126,-1.1359469
-2.51843,-1.129915,-3.1039505,-2.363162,-0.628882,-1.1413689,-3.8215554,-2.729056,-1.2725942,-2.422818,-2.836357,-2.5553553,-2.6501982,-3.4019046,-1.9705155,-1.7828125,0.97644866,-1.9942367,-1.9284991,0.33072144,-1.2413561,-3.914189,-0.99170494,-2.8888335,-1.2576555,-0.18582751,-2.438485,-1.7595308,0.44244087,-2.1749754,-0.27818766,-1.6526614,-0.6425777,-0.06653809,-1.9092982,-2.6885831,-1.9490607,-4.362792,0.85047793,-0.7847778,-0.5277863,-0.52085376,-3.9459429,-0.81447244,0.09128093,-3.000006,-0.35629055,-0.7530282,-1.2879579,-1.7060653,-1.635147,-2.04248,-2.418751,-1.1513171,-4.62911,-1.7429876,-1.6734233,-1.1701691,-0.4626215,-1.8723514,-1.3479856,-2.8920412,-1.0118642,-1.1323308,0.1410314,-2.5199356,-1.5914654,0.6511365,-2.9808984,-1.7844151,-0.5148384,-1.5710696,-0.5458471,-1.0155125,-0.974949,-0.14351791,-1.9835018,-1.4765067,-1.6068622,-1.0393131,0.105870366,-2.8835816,-0.047840256,1.0521929,-1.3425697
-2.8873308,-1.3280067,-3.5609381,-2.6463597,-0.67569214,-1.2781694,-4.185721,-3.0792131,-1.4238403,-2.7104526,-3.193953,-2.8759384,-2.8650486,-3.7916632,-2.2092395,-2.0623891,1.0256336,-2.0910776,-2.153952,0.14834301,-1.5320417,-4.379625,-1.1761774,-3.2584326,-1.4248598,-0.31302816,-2.7762864,-2.0642204,0.40474838,-2.4587107,-0.35765246,-1.8460226,-0.64003974,-0.045863755,-2.154544,-3.0503128,-2.2704935,-4.7449055,0.9166915,-0.9111147,-0.6669025,-0.41496056,-4.476334,-0.90610915,0.03545469,-3.287403,-0.39615747,-0.88423073,-1.3662248,-1.9405704,-1.8058957,-2.3418143,-2.7141821,-1.2236669,-5.207356,-2.0855951,-1.8283546,-1.3735301,-0.46387744,-1.8656126,-1.4375743,-3.1916902,-1.0659435,-1.2172709,0.12666602,-2.8687544,-1.8414639,0.7274332,-3.2860389,-1.9491422,-0.5290394,-1.7280182,-0.63841665,-1.0890237,-1.0188024,-0.103673376,-2.1927865,-1.7905818,-1.6595029,-1.1036747,0.19299327,-3.1728356,0.027709456,0.96646917,-1.4173753
-3.1094606,-1.4731438,-3.884188,-2.7785215,-0.6723096,-1.3354503,-4.281023,-3.2397892,-1.4724886,-2.8324645,-3.3872936,-3.023413,-2.8931067,-3.9571118,-2.3331218,-2.2337024,1.0141375,-2.0232103,-2.2551823,-0.12432557,-1.8106934,-4.634403,-1.3177465,-3.4493597,-1.5167848,-0.4690151,-2.9917583,-2.288298,0.3190481,-2.5851357,-0.41303822,-1.915756,-0.5692718,0.008317261,-2.2721481,-3.2482736,-2.514611,-4.813207,0.9279068,-0.97535586,-0.79727584,-0.20432475,-4.800861,-0.94195896,-0.0814862,-3.3591099,-0.39027897,-0.9881875,-1.335059,-2.056633,-1.8425317,-2.523956,-2.8558745,-1.1883725,-5.5082994,-2.3300068,-1.8414459,-1.5056306,-0.40112588,-1.6599743,-1.401061,-3.3106503,-1.0244272,-1.2390164,0.08573614,-3.0717633,-2.0078387,0.767213,-3.3897538,-1.989701,-0.4832571,-1.7593021,-0.68059385,-1.0656192,-0.97151136,-0.029506862,-2.2535083,-2.0449903,-1.5701175,-1.0641619,0.2922493,-3.291947,0.11762703,0.7338692,-1.3704958
-3.1839824,-1.5848886,-4.0936604,-2.7731845,-0.627709,-1.3140413,-4.143195,-3.2178025,-1.421288,-2.8142302,-3.4304674,-3.002496,-2.766476,-3.9210527,-2.3436894,-2.2928727,0.9465654,-1.8320482,-2.2499518,-0.48593575,-2.0788894,-4.710168,-1.418936,-3.4709451,-1.5313662,-0.64145786,-3.0923882,-2.4268022,0.18333279,-2.5589502,-0.44836494,-1.865729,-0.43257576,0.09778723,-2.2629917,-3.2903905,-2.6622696,-4.612378,0.89927536,-0.95591944,-0.8935907,0.08675085,-4.930772,-0.9400389,-0.26173905,-3.243904,-0.33539516,-1.0534496,-1.2067032,-2.0512326,-1.7507501,-2.5958753,-2.8516767,-1.067024,-5.5517697,-2.4695916,-1.7199817,-1.559306,-0.28959802,-1.2841831,-1.2580134,-3.276107,-0.9036225,-1.2232603,0.020578954,-3.1331637,-2.0945344,0.77494544,-3.313721,-1.9183365,-0.3870826,-1.669716,-0.6815819,-0.95580465,-0.8437604,0.07357318,-2.1771863,-2.2303143,-1.3609226,-0.93578124,0.40615427,-3.254497,0.19605821,0.4128285,-1.2285465
-3.1204655,-1.6846544,-4.215715,-2.656686,-0.5560207,-1.2217437,-3.831518,-3.034736,-1.281468,-2.694653,-3.3508852,-2.8324907,-2.5347471,-3.7245824,-2.2540288,-2.2435641,0.8330089,-1.5737537,-2.1632142,-0.92004776,-2.332783,-4.6534567,-1.4836516,-3.346817,-1.4737868,-0.812113,-3.0942004,-2.478791,0.0032339725,-2.3975718,-0.46866766,-1.7109989,-0.23927712,0.22005098,-2.1382058,-3.195601,-2.6968017,-4.2095704,0.85031617,-0.83646107,-0.9309157,0.41917956,-4.888452,-0.9218378,-0.4989354,-2.9893684,-0.2325214,-1.0697652,-1.0043548,-1.93009,-1.5463773,-2.572005,-2.7225778,-0.89284885,-5.380052,-2.5053997,-1.4868803,-1.533905,-0.14968577,-0.7885654,-1.0388058,-3.1276622,-0.7285722,-1.1976694,-0.06167986,-3.0682733,-2.1119797,0.7602851,-3.0972056,-1.7581207,-0.25487575,-1.4760798,-0.65425426,-0.77968633,-0.6555251,0.1960278,-1.9880458,-2.3397884,-1.0665402,-0.7422402,0.53507346,-3.085279,0.2357672,0.074973814,-1.0291824
-2.9378092,-1.7895098,-4.275978,-2.4643009,-0.47443026,-1.0730983,-3.4188986,-2.7236657,-1.0713649,-2.518642,-3.1842582,-2.5454242,-2.2563422,-3.4200668,-2.0885773,-2.096932,0.6875769,-1.3082684,-2.0221019,-1.3942317,-2.561228,-4.516147,-1.5160996,-3.1115584,-1.3565638,-0.9598032,-3.018895,-2.4472406,-0.20647241,-2.1291606,-0.47829112,-1.4763325,-0.0056071356,0.36738533,-1.9179505,-2.990416,-2.6078105,-3.680611,0.80103344,-0.6106702,-0.8906124,0.74418145,-4.701799,-0.9069508,-0.77713555,-2.6530585,-0.08758965,-1.0303925,-0.75893074,-1.7072552,-1.2533443,-2.470726,-2.4999702,-0.70527554,-5.050987,-2.446659,-1.1796291,-1.4372817,-0.002694572,-0.23866343,-0.77988774,-2.9096708,-0.5291446,-1.1843975,-0.14912616,-2.901458,-2.075572,0.7372664,-2.7908962,-1.5397304,-0.103328004,-1.2058179,-0.6121618,-0.56441885,-0.43328488,0.32530573,-1.7197468,-2.3705568,-0.72800773,-0.5110408,0.6762475,-2.8157904,0.21480748,-0.20964317,-0.8141919
-2.6628084,-1.9072698,-4.293551,-2.235426,-0.40080518,-0.888244,-2.9807556,-2.3254635,-0.8148121,-2.3299696,-2.9700632,-2.1833794,-1.9895518,-3.0640252,-1.8811849,-1.871945,0.52669704,-1.0887103,-1.8516773,-1.8636634,-2.7460752,-4.34652,-1.5195246,-2.8067622,-1.1990659,-1.0636723,-2.8906515,-2.339592,-0.42220068,-1.7896972,-0.47999656,-1.1937374,0.24612375,0.5267995,-1.6297791,-2.7061875,-2.3947182,-3.0970416,0.7676031,-0.28643507,-0.765331,1.0102221,-4.3996015,-0.9085552,-1.0711637,-2.2942395,0.08860503,-0.9343342,-0.5055388,-1.40433,-0.90105855,-2.3120227,-2.2218173,-0.5436563,-4.6298823,-2.3107765,-0.8465387,-1.2861018,0.13285612,0.29358944,-0.51841176,-2.6637275,-0.3357905,-1.1948448,-0.2262545,-2.6630309,-2.0043497,0.72233784,-2.449785,-1.2969792,0.051875956,-0.8942368,-0.5670486,-0.34098646,-0.20718886,0.44721267,-1.4113623,-2.3251352,-0.3864092,-0.26877213,0.8235489,-2.4791462,0.12196897,-0.3862884,-0.62223774
-2.3281183,-2.0337698,-4.277315,-2.0094578,-0.3512126,-0.6911559,-2.5848913,-1.8851107,-0.5387843,-2.1646178,-2.7463825,-1.7945211,-1.7839236,-2.7102375,-1.67177,-1.5946857,0.36728683,-0.95266086,-1.6722085,-2.278189,-2.8640459,-4.1826253,-1.4957294,-2.4764812,-1.0259324,-1.1074935,-2.7336023,-2.1677516,-0.6142317,-1.4198617,-0.47447422,-0.899376,0.48900124,0.68062925,-1.3063686,-2.37644,-2.0696135,-2.5168166,0.7591916,0.11283232,-0.5623252,1.1714503,-4.008699,-0.93062276,-1.3491776,-1.9645779,0.280832,-0.7881326,-0.2792872,-1.0490026,-0.5218298,-2.1147692,-1.928637,-0.44052926,-4.1811714,-2.12179,-0.5415552,-1.1050767,0.24397296,0.73936194,-0.2872463,-2.4234054,-0.17613193,-1.2271057,-0.2759062,-2.3864706,-1.9186023,0.7318582,-2.125995,-1.0627779,0.19785988,-0.5809492,-0.52690405,-0.14039993,-0.0072469646,0.547326,-1.1030935,-2.2125673,-0.077828996,-0.03737305,0.96821266,-2.1071904,-0.039748464,-0.4255079,-0.48280892
-1.9697437,-2.153535,-4.2255836,-1.8211079,-0.3377915,-0.50739026,-2.2831767,-1.4477824,-0.27088422,-2.0468802,-2.546207,-1.4280694,-1.6735187,-2.4044404,-1.5015712,-1.297218,0.2249248,-0.9170214,-1.498842,-2.5909936,-2.8913686,-4.048744,-1.4458559,-2.1627257,-0.8641303,-1.0832452,-2.569733,-1.948238,-0.7506719,-1.0614405,-0.460709,-0.62957555,0.6941044,0.8083982,-0.982496,-2.035155,-1.6584055,-1.9794434,0.7763381,0.54914254,-0.30340388,1.1956834,-3.553537,-0.96720904,-1.5766909,-1.7024442,0.47124195,-0.6061484,-0.11129988,-0.673218,-0.1485153,-1.8959277,-1.6589406,-0.41595334,-3.7612517,-1.9081576,-0.31742194,-0.9243581,0.32435343,1.042284,-0.1115861,-2.211495,-0.07188379,-1.2670575,-0.28189176,-2.1046753,-1.8377852,0.7790128,-1.8626697,-0.8654405,0.32619855,-0.30556813,-0.49525708,0.010000071,0.1397828,0.612661,-0.83221865,-2.048696,0.17037475,0.16777931,1.0999724,-1.7276639,-0.2527797,-0.32769543,-0.4124896
-1.6244076,-2.2429924,-4.128297,-1.6974502,-0.3669524,-0.36112937,-2.1064045,-1.0553579,-0.036358714,-1.986821,-2.3942966,-1.1293342,-1.6731707,-2.180307,-1.407576,-1.0148392,0.112413414,-0.9771204,-1.3419294,-2.767978,-2.809006,-3.9543757,-1.3707448,-1.9016111,-0.73952866,-0.9934484,-2.416976,-1.7014403,-0.80314034,-0.75329685,-0.43695483,-0.41691944,0.8335745,0.8895905,-0.69159454,-1.7152969,-1.1992983,-1.5066096,0.810739,0.9739045,-0.022481479,1.0704037,-3.0568905,-1.0043739,-1.7217871,-1.5296829,0.6415047,-0.40912527,-0.025189795,-0.31052238,0.18821795,-1.6700546,-1.4451545,-0.47452214,-3.4129753,-1.6991118,-0.21818894,-0.775362,0.374066,1.1659344,-0.006074888,-2.0396974,-0.036773883,-1.2926484,-0.23195504,-1.8471816,-1.7777506,0.87090856,-1.6891917,-0.72571886,0.43275887,-0.10307491,-0.47131714,0.08992085,0.21373901,0.6333592,-0.6293303,-1.8554844,0.34117404,0.33792654,1.2092108,-1.3640302,-0.48759958,-0.121123664,-0.41405225
-1.3264401,-2.2759736,-3.9714787,-1.6551462,-0.43825877,-0.27227905,-2.0626025,-0.7433573,0.1441784,-1.9810857,-2.3056474,-0.93369466,-1.7776595,-2.0574136,-1.4168228,-0.7820922,0.038831946,-1.109758,-1.2081178,-2.7942429,-2.607292,-3.896091,-1.2722594,-1.7199217,-0.6727699,-0.8512587,-2.288494,-1.4506245,-0.75167555,-0.5281333,-0.40199357,-0.28629786,0.8845699,0.90693796,-0.46239308,-1.4470593,-0.7389944,-1.1069373,0.84735054,1.3348669,0.24004261,0.8065249,-2.5418682,-1.0238376,-1.7605935,-1.4509479,0.7755879,-0.221676,-0.03431954,0.0067276033,0.4620841,-1.4491776,-1.3100326,-0.60406256,-3.1625066,-1.5208454,-0.2722036,-0.686018,0.39806595,1.0980122,0.026409777,-1.9100574,-0.07579414,-1.2800231,-0.12102249,-1.6369337,-1.7485108,1.0067855,-1.618791,-0.6552995,0.5170639,0.0002031433,-0.45113197,0.08880382,0.20356537,0.6040121,-0.5152381,-1.658839,0.4277293,0.469474,1.2884208,-1.0352459,-0.7080911,0.14490737,-0.47802013
-1.1040709,-2.2294967,-3.7421095,-1.699099,-0.54396355,-0.2539284,-2.138556,-0.5381488,0.25729877,-2.0148487,-2.2846532,-0.86225396,-1.9642779,-2.0404003,-1.5415306,-0.62764615,0.00927525,-1.2793474,-1.1006763,-2.6766603,-2.289777,-3.860794,-1.1537043,-1.6326513,-0.67628354,-0.6785409,-2.191584,-1.219602,-0.5893636,-0.4087385,-0.35615006,-0.25190425,0.8328662,0.84962803,-0.31547228,-1.2559369,-0.3263837,-0.7822559,0.8671931,1.5836912,0.44434544,0.43751997,-2.0321915,-1.0073724,-1.6814536,-1.4574062,0.86194843,-0.06817424,-0.14018308,0.25047737,0.653314,-1.2432889,-1.2638563,-0.7784674,-3.0182414,-1.393086,-0.4871283,-0.6762101,0.4042315,0.85097885,-0.0056912107,-1.8174136,-0.184951,-1.2101245,0.047656525,-1.4882156,-1.7524171,1.1770339,-1.6475358,-0.65624475,0.58086234,-0.009791506,-0.42916822,0.0073138815,0.10884383,0.52482504,-0.49874076,-1.4854143,0.4323047,0.56196517,1.333504,-0.75674146,-0.87825555,0.41109592,-0.58664966
-0.97619957,-2.0891154,-3.4330897,-1.8221058,-0.66944534,-0.31009486,-2.3041718,-0.45473924,0.29809433,-2.0653849,-2.3257346,-0.9186741,-2.1977031,-2.1194568,-1.7762504,-0.5696076,0.024755772,-1.4456825,-1.0204766,-2.4417517,-1.8743147,-3.8294315,-1.0200068,-1.6419355,-0.7516067,-0.5018351,-2.128154,-1.0301012,-0.32401058,-0.40585533,-0.30202305,-0.31505516,0.67622054,0.7161162,-0.2609545,-1.1602706,-0.005569688,-0.53402853,0.8514485,1.6845967,0.5583861,0.014818775,-1.5525286,-0.9412225,-1.4873838,-1.5312974,0.89577657,0.031554025,-0.3322397,0.3998576,0.7508456,-1.0606537,-1.3037663,-0.96244234,-2.9727108,-1.3264986,-0.8472259,-0.7539455,0.40121722,0.45892906,-0.08364162,-1.7520059,-0.35143188,-1.0741386,0.26159784,-1.4050343,-1.7835152,1.3643563,-1.756192,-0.721809,0.6267506,-0.13305886,-0.3999491,-0.14250101,-0.059694547,0.4022335,-0.57538104,-1.358533,0.36433405,0.6164556,1.344298,-0.54076904,-0.96888363,0.620109,-0.718366
-0.9500033,-1.8522586,-3.0463295,-2.0057697,-0.7946816,-0.43479115,-2.5185297,-0.4956103,0.2708057,-2.1063442,-2.4148023,-1.0886173,-2.4366963,-2.2719135,-2.0971222,-0.61067104,0.08282406,-1.5717068,-0.9654482,-2.1301029,-1.3921733,-3.7809827,-0.8769354,-1.736958,-0.8890331,-0.3471775,-2.094579,-0.8986907,0.02196871,-0.51640314,-0.24436337,-0.46377867,0.42567012,0.51531374,-0.29686567,-1.1686869,0.19122595,-0.36748102,0.78550446,1.6204816,0.5638624,-0.4004556,-1.1264895,-0.81931204,-1.1957393,-1.6510623,0.8794771,0.066259466,-0.588827,0.44374722,0.75298136,-0.90762496,-1.4137012,-1.1181664,-3.0056741,-1.32147,-1.3143908,-0.9135541,0.39708403,-0.029040728,-0.18141533,-1.7019281,-0.5551858,-0.87652355,0.50062156,-1.3811204,-1.8280765,1.5461364,-1.9135706,-0.83772814,0.65668917,-0.35509446,-0.35949403,-0.33840665,-0.28077343,0.24890281,-0.72773546,-1.2941406,0.23862843,0.63474274,1.3241708,-0.39645997,-0.9626865,0.72784454,-0.8529053
-1.0195012,-1.5291576,-2.5944355,-2.2223225,-0.89637643,-0.6121289,-2.7366338,-0.6500983,0.18815438,-2.111755,-2.5310717,-1.3414218,-2.6409326,-2.4650252,-2.4646409,-0.73644817,0.17831995,-1.6298112,-0.93046975,-1.7880149,-0.8839916,-3.6957755,-0.7299583,-1.8958086,-1.0687985,-0.23482841,-2.0832283,-0.8343497,0.4147291,-0.72391224,-0.18914,-0.6742131,0.10553219,0.26658803,-0.40947133,-1.2782403,0.24873814,-0.29238573,0.662028,1.3972781,0.45986152,-0.74808663,-0.7744546,-0.64469206,-0.8356805,-1.7963754,0.82218844,0.03562294,-0.87994134,0.38214618,0.66804504,-0.7885821,-1.5667096,-1.2121828,-3.0883396,-1.3682194,-1.8323748,-1.1356115,0.39834,-0.5562663,-0.2692774,-1.654712,-0.769922,-0.63511115,0.73981625,-1.4006393,-1.8667216,1.6982381,-2.0814698,-0.984453,0.67173797,-0.6484334,-0.30610913,-0.55088156,-0.5251262,0.08279265,-0.9273823,-1.2972684,0.07334793,0.6194797,1.2793717,-0.32889995,-0.85698,0.7115424,-0.9747921
-1.1657935,-1.14138,-2.0998828,-2.4378772,-0.95104283,-0.81784797,-2.9162464,-0.8954024,0.069654815,-2.0600824,-2.65041,-1.6345708,-2.7772205,-2.6595953,-2.8284855,-0.9158449,0.30409104,-1.6058241,-0.9071508,-1.4591558,-0.39405784,-3.5582414,-0.58298117,-2.087896,-1.263936,-0.17519309,-2.0834668,-0.836582,0.8139574,-0.999946,-0.14236256,-0.9133226,-0.24925193,-0.0021783304,-0.57487273,-1.473571,0.17092754,-0.3202917,0.4835533,1.0436989,0.2630525,-0.97939897,-0.5107346,-0.4292511,-0.44351882,-1.9502364,0.7380724,-0.049185984,-1.1702257,0.22658752,0.5129035,-0.70500535,-1.7285397,-1.2209872,-3.1881046,-1.4488978,-2.3340719,-1.3894298,0.40950647,-1.0668322,-0.31864387,-1.5990644,-0.96593845,-0.3781469,0.95347255,-1.4406464,-1.8773404,1.7990731,-2.2203052,-1.1394272,0.6719499,-0.9756566,-0.24061312,-0.74702656,-0.75879437,-0.07473702,-1.1381431,-1.360369,-0.1115549,0.5749744,1.2180164,-0.33803123,-0.6631717,0.5732898,-1.075558
-1.3592153,-0.7183334,-1.592469,-2.6165516,-0.93860376,-1.0221415,-3.0231166,-1.1986006,-0.061291527,-1.9368259,-2.7477775,-1.9200854,-2.8236358,-2.8147035,-3.134992,-1.105265,0.45174387,-1.4997979,-0.8852484,-1.176983,0.035509594,-3.3591623,-0.43720582,-2.2779412,-1.4444921,-0.16694224,-2.083419,-0.89516854,1.179006,-1.3077341,-0.10857887,-1.1434635,-0.5974255,-0.25819156,-0.7621988,-1.7278162,-0.020133391,-0.4599784,0.26280537,0.60757804,0.0049478468,-1.0657314,-0.34217885,-0.19140075,-0.057315934,-2.1001086,0.6436423,-0.16730414,-1.4236176,-0.0010983843,0.3112688,-0.65522933,-1.8621408,-1.1349332,-3.2726758,-1.5402967,-2.750658,-1.6371946,0.43327808,-1.5124176,-0.3064941,-1.5263494,-1.112618,-0.13928683,1.1197003,-1.4744489,-1.8386575,1.8332658,-2.2949564,-1.2797073,0.65679514,-1.2944291,-0.16588557,-0.8951659,-0.94781935,-0.20132214,-1.3212925,-1.4636555,-0.29636338,0.5078741,1.14887,-0.4176122,-0.4040765,0.33891788,-1.1539426
-1.5629241,-0.29287046,-1.1056522,-2.72511,-0.8456654,-1.1933883,-3.0346847,-1.5201793,-0.18069418,-1.7368993,-2.8006463,-2.1514764,-2.7715218,-2.8927436,-3.3349535,-1.2559928,0.6122971,-1.3241199,-0.85364795,-0.9603765,0.3709766,-3.097246,-0.29100987,-2.4302928,-1.5820502,-0.19737871,-2.0717344,-0.99160564,1.4746356,-1.6063592,-0.08965675,-1.3275679,-0.8973778,-0.4680638,-0.9381006,-2.005382,-0.2885511,-0.71139354,0.021783622,0.14873925,-0.27357268,-1.00283,-0.26750645,0.04681783,0.2879949,-2.235829,0.55439603,-0.2919645,-1.607084,-0.2713009,0.09024824,-0.6338263,-1.9334433,-0.9589206,-3.3133132,-1.6173834,-3.0216248,-1.8394448,0.47031704,-1.8571358,-0.21959122,-1.431866,-1.1822554,0.048629582,1.2235643,-1.475677,-1.7339098,1.7944694,-2.2796543,-1.3842407,0.6257968,-1.5627407,-0.08610466,-0.96963453,-1.0627023,-0.27692634,-1.4409127,-1.5778213,-0.46320045,0.42727953,1.0802104,-0.5544082,-0.10898263,0.05193827,-1.2138274
-1.738762,0.103236005,-0.6720631,-2.7375193,-0.66838145,-1.3023258,-2.9418938,-1.8181038,-0.26762527,-1.4652264,-2.791858,-2.2904475,-2.6247504,-2.8651688,-3.3910534,-1.3228692,0.7762143,-1.0996279,-0.80319625,-0.81177664,0.5909388,-2.7797425,-0.14102833,-2.5133853,-1.6538159,-0.24582954,-2.039018,-1.1014864,1.6760341,-1.856484,-0.08417501,-1.4346571,-1.113282,-0.60312027,-1.0715809,-2.2662904,-0.5909645,-1.0616293,-0.21125801,-0.27072185,-0.5295637,-0.8104998,-0.2785319,0.26338974,0.56492877,-2.3479009,0.48182327,-0.3957218,-1.6952275,-0.55024475,-0.1228318,-0.63253105,-1.916226,-0.7107879,-3.2873032,-1.6573911,-3.1036088,-1.9610475,0.5194359,-2.080236,-0.05723184,-1.3157163,-1.1542174,0.1596711,1.2593637,-1.422291,-1.5537683,1.6858572,-2.1619656,-1.4363141,0.5791137,-1.7447977,-0.0060696728,-0.9546876,-1.0832819,-0.28705862,-1.4695661,-1.6687324,-0.5977267,0.3434612,1.0189769,-0.7288275,0.19183469,-0.23512009,-1.2615639
-1.8519204,0.4432002,-0.3188249,-2.6390703,-0.41398078,-1.326275,-2.7489429,-2.052938,-0.30732146,-1.1364703,-2.7115786,-2.3124816,-2.397241,-2.7165565,-3.2833946,-1.2736145,0.933469,-0.8506763,-0.7286627,-0.7189178,0.6886888,-2.422221,0.016284054,-2.5037763,-1.6459103,-0.28818393,-1.9787831,-1.1987668,1.7713248,-2.0252876,-0.08774829,-1.4443252,-1.220998,-0.6435976,-1.1386571,-2.4716504,-0.8840539,-1.4830933,-0.40601653,-0.596156,-0.7249316,-0.52712995,-0.36205807,0.43929854,0.75549775,-2.4243565,0.43153536,-0.4557183,-1.6731086,-0.8044749,-0.30409494,-0.6406111,-1.7964354,-0.41779077,-3.1791427,-1.6430789,-2.9769218,-1.976564,0.5772322,-2.1763163,0.16773085,-1.1831125,-1.0184369,0.17940879,1.2306329,-1.3003951,-1.2985741,1.5194527,-1.9442282,-1.4253151,0.51780576,-1.8162636,0.0696742,-0.84708047,-1.0017071,-0.22551183,-1.3927232,-1.7031386,-0.6905083,0.26611894,0.9697547,-0.9160768,0.47192913,-0.47059456,-1.3021928
-1.87704,0.70761395,-0.06427433,-2.428679,-0.10084917,-1.2523799,-2.4711463,-2.1926131,-0.29322556,-0.773356,-2.5584128,-2.2098205,-2.10944,-2.4478352,-3.012637,-1.0958884,1.0733489,-0.6005175,-0.6299386,-0.6586173,0.6718218,-2.0468824,0.18218912,-2.3893502,-1.5551271,-0.3027146,-1.88793,-1.2597345,1.7617902,-2.090929,-0.09392031,-1.350113,-1.2120266,-0.58212906,-1.1258466,-2.5891995,-1.1311418,-1.9349716,-0.53493893,-0.7886903,-0.8329676,-0.20083798,-0.5021593,0.5609723,0.8521788,-2.4499052,0.40214285,-0.45831126,-1.5385695,-1.0050673,-0.43536013,-0.6468409,-1.5746186,-0.111854926,-2.9819303,-1.5653291,-2.6485388,-1.8746153,0.6380656,-2.1539073,0.43086943,-1.0432013,-0.77940667,0.10791071,1.1480321,-1.1069516,-0.97913575,1.3135365,-1.6427538,-1.3482791,0.44356856,-1.767631,0.13697699,-0.65678656,-0.8241564,-0.09609698,-1.211426,-1.6548612,-0.7376774,0.201843,0.93404526,-1.0888201,0.7125909,-0.61309993,-1.3367224
-1.8018006,0.8856806,0.0846804,-2.1194913,0.24343467,-1.0799149,-2.1319282,-2.216306,-0.22777203,-0.40418175,-2.3393354,-1.9922088,-1.7843151,-2.0766807,-2.5994623,-0.8009534,1.184554,-0.3679423,-0.5131259,-0.6025552,0.559572,-1.6793563,0.35368246,-2.1708958,-1.3890208,-0.2746617,-1.7667928,-1.2671261,1.660143,-2.0458252,-0.096072406,-1.1604135,-1.094749,-0.4252101,-1.0322677,-2.5980718,-1.3070201,-2.3682458,-0.5783444,-0.83134955,-0.84190255,0.120851465,-0.682186,0.62144095,0.8573183,-2.406501,0.38643122,-0.401506,-1.303022,-1.1313815,-0.5064416,-0.64147466,-1.2659856,0.17509392,-2.69752,-1.4242523,-2.1513429,-1.6598755,0.694035,-2.0327172,0.69918764,-0.9073782,-0.4567616,-0.04015599,1.0262115,-0.8503627,-0.6160841,1.0889374,-1.2853839,-1.2103192,0.35830972,-1.6060102,0.19222513,-0.40558797,-0.57018745,0.087105714,-0.94240355,-1.509689,-0.74079055,0.15245922,0.9099414,-1.220068,0.90434664,-0.6379862,-1.3604646
-1.6285943,0.97488105,0.13319653,-1.7374111,0.5851816,-0.8207509,-1.7587471,-2.1174245,-0.12152292,-0.059193417,-2.0680869,-1.684598,-1.4438345,-1.6349099,-2.0818486,-0.42259818,1.2555879,-0.16533783,-0.38846758,-0.52401686,0.37926218,-1.3445979,0.5224117,-1.8620609,-1.1644567,-0.19967061,-1.6179942,-1.2130042,1.4869025,-1.8974013,-0.08888525,-0.89723665,-0.8932462,-0.19240598,-0.86942834,-2.49192,-1.4001371,-2.7322257,-0.52825284,-0.7300024,-0.75605977,0.40049046,-0.8860455,0.62038887,0.78179085,-2.2763839,0.37301755,-0.29527548,-0.99028677,-1.173532,-0.51520354,-0.61778945,-0.8984002,0.41495803,-2.3366764,-1.2288555,-1.5391082,-1.3528799,0.7357324,-1.8398076,0.9366198,-0.7862718,-0.08511241,-0.23729466,0.88027763,-0.54988873,-0.23752138,0.86545557,-0.9069204,-1.0244104,0.26367188,-1.3541125,0.23211558,-0.12399024,-0.27022815,0.30134425,-0.6155246,-1.2684039,-0.7057439,0.11420177,0.892249,-1.2865877,1.0467227,-0.54060686,-1.3633379
-1.3744067,0.97991943,0.09744613,-1.3174092,0.8892021,-0.49824086,-1.3795967,-1.9042279,0.008716668,0.23336491,-1.763499,-1.322491,-1.1066599,-1.163885,-1.509497,-0.011747819,1.2756735,0.0011547405,-0.26914865,-0.40380123,0.16186456,-1.0622228,0.67503715,-1.4877733,-0.90523964,-0.084387876,-1.4457788,-1.0997502,1.2662674,-1.6668663,-0.070206754,-0.5928369,-0.6430499,0.086222276,-0.65921146,-2.2794058,-1.412019,-2.9821775,-0.3904337,-0.5115318,-0.5935975,0.6169492,-1.0982577,0.5636025,0.64339834,-2.0460672,0.34971732,-0.15948546,-0.63435125,-1.1333494,-0.46766987,-0.5735647,-0.50824374,0.58675987,-1.9187137,-0.9953851,-0.87890625,-0.9871518,0.75315577,-1.6054763,1.1095303,-0.6871383,0.29003114,-0.4473309,0.72271466,-0.2329336,0.12427871,0.6586455,-0.5436528,-0.80980104,0.1606618,-1.047163,0.2533453,0.15343194,0.03888275,0.51813865,-0.26945662,-0.94718915,-0.64131093,0.0784834,0.87350154,-1.2719661,1.1457584,-0.33564958,-1.3322865
-1.068066,0.9109755,0.0023876051,-0.8987522,1.1233075,-0.14457616,-1.0195892,-1.5988967,0.1429612,0.45082226,-1.4460078,-0.9455497,-0.7869292,-0.7074873,-0.93718684,0.3725891,1.2364169,0.13053817,-0.16780928,-0.23535807,-0.06253634,-0.84257275,0.79485416,-1.0808058,-0.63851213,0.054776486,-1.2547252,-0.9399642,1.0219352,-1.38633,-0.04166115,-0.28473452,-0.38535777,0.37435597,-0.430346,-1.9827279,-1.3543419,-3.085858,-0.18440591,-0.21771337,-0.3822812,0.76747304,-1.3038434,0.46160278,0.46493316,-1.7115619,0.3064302,-0.019865872,-0.2755108,-1.0234653,-0.3766002,-0.51163775,-0.13506117,0.6781731,-1.4701056,-0.744287,-0.24165714,-0.604528,0.7372852,-1.3588707,1.1913815,-0.61176616,0.61775136,-0.63048303,0.5613323,0.06883304,0.43730786,0.47775936,-0.227992,-0.58969223,0.04970342,-0.7275374,0.2526113,0.3929815,0.31923807,0.7075485,0.054557007,-0.5755891,-0.55735,0.03383545,0.8453398,-1.1689211,1.2105716,-0.053552724,-1.2544563
-0.74533755,0.7822904,-0.12221355,-0.51979584,1.262565,0.2030494,-0.69885516,-1.2344307,0.26102886,0.5789484,-1.1355611,-0.59132546,-0.4942559,-0.3053994,-0.41750905,0.67388296,1.1335074,0.22522688,-0.094801344,-0.026971458,-0.26780152,-0.6842426,0.8647374,-0.6774127,-0.39150482,0.19504097,-1.0488394,-0.7538862,0.77403456,-1.0937083,-0.008730163,-0.010244024,-0.16030505,0.6348051,-0.21395497,-1.6335526,-1.2450935,-3.0280604,0.059797123,0.10229373,-0.15352736,0.8651375,-1.4878794,0.32830346,0.2719062,-1.2826505,0.23733109,0.09673642,0.044403758,-0.8649318,-0.25957322,-0.4395952,0.18427941,0.6867479,-1.0223732,-0.4967255,0.30718255,-0.24895258,0.6819779,-1.1242185,1.1665703,-0.5555565,0.84937686,-0.74914736,0.39915192,0.3239354,0.6741466,0.3250766,0.016258577,-0.3881872,-0.069203265,-0.43870825,0.22700576,0.5668391,0.5369722,0.84260005,0.31863028,-0.1919197,-0.46348348,-0.031210776,0.8003783,-0.9804582,1.2492543,0.2659523,-1.1216309
-0.44378147,0.6105474,-0.245796,-0.21282126,1.2924079,0.5071052,-0.4315974,-0.85034335,0.34536853,0.6138476,-0.84868914,-0.28917658,-0.23477373,0.01321291,0.0055728415,0.84821415,0.9688064,0.28941995,-0.056118038,0.19868973,-0.43459797,-0.57452995,0.8703857,-0.312827,-0.18797854,0.31133214,-0.83141226,-0.5664192,0.537174,-0.82731134,0.020099679,0.19899738,-0.00070826977,0.8346966,-0.039145276,-1.2679303,-1.104366,-2.8125467,0.30642655,0.4004033,0.06379359,0.9327111,-1.6353309,0.17951219,0.090461604,-0.78431153,0.1419925,0.16694513,0.28708896,-0.683973,-0.13701522,-0.36823112,0.42081898,0.61899185,-0.60847944,-0.27132297,0.71596897,0.039691426,0.5854301,-0.91769767,1.0320276,-0.508698,0.9458875,-0.7734111,0.23537536,0.5054866,0.81594646,0.19679807,0.17677216,-0.22702613,-0.19536941,-0.21862282,0.17452426,0.65689296,0.6670924,0.90346223,0.49393627,0.16251127,-0.3677774,-0.12521398,0.7335855,-0.7196384,1.265951,0.5805745,-0.93335664
-0.19689064,0.41397226,-0.34142753,-0.0005206636,1.2099718,0.7342333,-0.22576118,-0.48754466,0.38302296,0.56195873,-0.59690017,-0.05685464,-0.011962716,0.23341335,0.30204803,0.8721409,0.7515565,0.32778883,-0.053611796,0.40868178,-0.5519769,-0.49241412,0.8032065,-0.016293555,-0.04589663,0.38050178,-0.6048759,-0.40296227,0.31977296,-0.6201182,0.035367314,0.32114398,0.07253863,0.9500293,0.071402326,-0.9206136,-0.95113766,-2.4612658,0.520057,0.6366065,0.24816093,0.99432236,-1.7311633,0.031825602,-0.055193122,-0.25634015,0.0246897,0.17484361,0.42312214,-0.5077281,-0.02973592,-0.3095732,0.5570361,0.48937488,-0.2591729,-0.08117586,0.9526095,0.23132898,0.45122665,-0.74577975,0.7970253,-0.45831364,0.8844036,-0.6855444,0.06726639,0.5950665,0.854857,0.084654905,0.25402698,-0.122750506,-0.32704636,-0.09438037,0.095166825,0.65699935,0.69659126,0.8803679,0.5645276,0.44945586,-0.2765052,-0.25122678,0.64354086,-0.40796077,1.2593198,0.85227585,-0.6985052
-0.029186705,0.21125336,-0.38917965,0.10656249,1.0239314,0.85955167,-0.08377534,-0.18291165,0.36676756,0.43848577,-0.38598338,0.10048871,0.1719586,0.35551125,0.4589132,0.74663323,0.4988386,0.3453199,-0.08553915,0.56595105,-0.61658466,-0.4132209,0.6622983,0.19227323,0.024858844,0.38494807,-0.3715673,-0.28544194,0.124675214,-0.49499658,0.028708026,0.34681576,0.05282512,0.96911937,0.1042894,-0.62032354,-0.8010449,-2.0112166,0.672165,0.78402054,0.3889584,1.0675097,-1.7616224,-0.098711975,-0.1450216,0.25187626,-0.10677494,0.11404925,0.4360698,-0.36049885,0.043974113,-0.2748472,0.5891588,0.31833866,0.0016481583,0.06752682,1.0073113,0.3096391,0.28866175,-0.60528255,0.4817706,-0.39203727,0.6629283,-0.48330113,-0.10745521,0.5851778,0.79512584,-0.02172243,0.26013723,-0.08429699,-0.46047196,-0.07833205,-0.008215232,0.57335514,0.6255617,0.7750515,0.5288701,0.6393357,-0.19443099,-0.4052551,0.53271985,-0.0726458,1.2229658,1.0524292,-0.43507242
0.04724897,0.020564942,-0.37841952,0.11042408,0.75259066,0.869997,-0.003169878,0.035325952,0.29542437,0.2650177,-0.2158689,0.18930857,0.31564167,0.39316142,0.48120457,0.49658787,0.23462462,0.346947,-0.14797728,0.63710433,-0.6326626,-0.31514278,0.45493203,0.3047034,0.022882434,0.31509086,-0.13415721,-0.22928618,-0.049736265,-0.46146494,-0.0051974924,0.27983877,-0.051998805,0.8937492,0.057331868,-0.3860321,-0.6656808,-1.5090134,0.7459812,0.83134955,0.4870987,1.1573288,-1.7151818,-0.19784479,-0.16505797,0.6873411,-0.24363711,-0.011369023,0.32564136,-0.26004246,0.070314765,-0.2718249,0.5271036,0.12961696,0.16023189,0.17555867,0.89254737,0.274162,0.11164206,-0.4847074,0.11452763,-0.3014374,0.30142936,-0.18111031,-0.28861842,0.48008624,0.6522262,-0.13198835,0.21640909,-0.11188041,-0.5898704,-0.1665775,-0.12932637,0.42324767,0.46687177,0.60024667,0.39940938,0.7150836,-0.12504525,-0.5761441,0.4072499,0.25694767,1.1480082,1.1651262,-0.16690126
0.03397141,-0.1418981,-0.3086696,0.024384413,0.42115507,0.76613957,0.022765487,0.15095931,0.1736266,0.06611916,-0.08174422,0.22363238,0.41852105,0.3690335,0.3903466,0.16619393,-0.013031073,0.33765662,-0.23547782,0.59985805,-0.60918677,-0.18424077,0.19588937,0.32508194,-0.044183742,0.17047176,0.10382519,-0.2405967,-0.20747605,-0.51434934,-0.066836506,0.13605216,-0.22204256,0.73877084,-0.06022996,-0.22513863,-0.5522655,-1.0052425,0.73918736,0.78263223,0.5535343,1.254296,-1.5842686,-0.25468373,-0.10885931,1.0024713,-0.3777738,-0.18792796,0.108436465,-0.2155579,0.042112194,-0.30377525,0.39259,-0.0527502,0.21585722,0.24910876,0.6398949,0.13980117,-0.06293424,-0.36755505,-0.27113184,-0.18492998,-0.16024095,0.19074094,-0.47228986,0.29588512,0.45046768,-0.25311548,0.14924948,-0.19682187,-0.7073994,-0.33989936,-0.2585963,0.23181015,0.2435166,0.3776787,0.19993624,0.6739118,-0.07103665,-0.74694747,0.27601773,0.5531946,1.0263156,1.1878073,0.080098495
-0.054067176,-0.26356542,-0.18865265,-0.12895103,0.058430865,0.56251997,0.004363728,0.16177812,0.010954731,-0.13424028,0.024551164,0.2208393,0.48124915,0.3095091,0.2207258,-0.1890968,-0.21584551,0.32222506,-0.3421566,0.4481757,-0.5578952,-0.018547729,-0.09427927,0.2684955,-0.160748,-0.039924953,0.33765838,-0.31570256,-0.3532836,-0.634534,-0.15145819,-0.059448253,-0.42873928,0.5294531,-0.22869745,-0.13382071,-0.46442947,-0.5481383,0.66353774,0.65497017,0.6052225,1.336514,-1.3667665,-0.26331085,0.021786759,1.1628858,-0.5035737,-0.3947245,-0.18334186,-0.22667904,-0.039812177,-0.36823112,0.21585453,-0.20678997,0.1811944,0.29668698,0.29498458,-0.065705396,-0.21768947,-0.23628348,-0.6400374,-0.04854476,-0.66683865,0.58944225,-0.6506028,0.057780974,0.21946931,-0.38742805,0.08575602,-0.32292363,-0.80420977,-0.5667698,-0.38405502,0.028218284,-0.014586839,0.13484612,-0.038291205,0.5267337,-0.034339096,-0.8976379,0.1494521,0.79349786,0.85417753,1.1301594,0.28283992
-0.191149,-0.33723933,-0.033903994,-0.32120606,-0.3064756,0.28609386,-0.045036968,0.079260424,-0.17892729,-0.31555393,0.11278191,0.19774987,0.5062186,0.23902552,0.014365547,-0.51248515,-0.350206,0.30495647,-0.46060377,0.19477245,-0.49072284,0.1715384,-0.3913581,0.15829352,-0.30449888,-0.29831412,0.56157166,-0.44106087,-0.4908947,-0.7921999,-0.24943905,-0.27576584,-0.63944954,0.29744112,-0.4207277,-0.09854199,-0.40225524,-0.17783532,0.54189456,0.47474134,0.6604655,1.3754961,-1.0674644,-0.22443625,0.21667583,1.1534832,-0.61804414,-0.6063878,-0.5060368,-0.28429845,-0.16675115,-0.45742077,0.031453434,-0.3153528,0.080759756,0.3260849,-0.089302845,-0.30607605,-0.33759794,-0.07701408,-0.9584894,0.094790034,-1.1551327,0.96483266,-0.81249815,-0.20255657,-0.010087927,-0.53211015,0.049838383,-0.46844548,-0.87150544,-0.8081853,-0.4929986,-0.15877771,-0.2747343,-0.098926716,-0.28126526,0.2959541,-0.015848814,-1.0088441,0.03810359,0.9627735,0.6348307,1.0111227,0.42519245
-0.34509692,-0.36230287,0.13634817,-0.5215748,-0.6467768,-0.027214944,-0.10962837,-0.0733663,-0.37929285,-0.4628341,0.1927127,0.16746049,0.49821448,0.17578915,-0.18493578,-0.7553632,-0.4017751,0.28852764,-0.58210206,-0.13010517,-0.41733634,0.36527786,-0.67016995,0.022653148,-0.44873288,-0.57953066,0.7694128,-0.5952908,-0.6215918,-0.9510111,-0.34794778,-0.4803995,-0.821888,0.07604353,-0.6046517,-0.09924335,-0.36285487,0.07776049,0.4028892,0.2728674,0.7335783,1.3441501,-0.69911397,-0.14613475,0.4581178,0.9814816,-0.7205438,-0.79643,-0.8103893,-0.37299296,-0.3226046,-0.5595633,-0.12660465,-0.3675671,-0.052586548,0.34122595,-0.45977736,-0.54219407,-0.41240656,0.11659077,-1.1980958,0.22831367,-1.5623909,1.266411,-0.9454348,-0.4515189,-0.21036741,-0.67916113,0.058445863,-0.6093701,-0.9021859,-1.0231109,-0.5741346,-0.30452344,-0.50547576,-0.29634655,-0.49659902,0.011525381,-0.015046939,-1.0657026,-0.049019318,1.054491,0.37916955,0.8548354,0.5001493
-0.48217872,-0.34536248,0.3027165,-0.7003794,-0.93991315,-0.3371543,-0.17261426,-0.26477015,-0.57157,-0.56763995,0.27229473,0.13816422,0.46450135,0.1293451,-0.33804443,-0.885182,-0.36911577,0.2740409,-0.69499195,-0.48375234,-0.3442458,0.53614175,-0.9067995,-0.10996989,-0.5651654,-0.85309225,0.9551249,-0.7520507,-0.7433118,-1.0738025,-0.43321913,-0.64315194,-0.947842,-0.10475789,-0.7490524,-0.11306027,-0.3405761,0.20579356,0.27434424,0.08045929,0.83061373,1.2249025,-0.2827639,-0.043714177,0.7219797,0.675659,-0.8114468,-0.9408365,-1.0487586,-0.47390702,-0.48645335,-0.66053385,-0.22954316,-0.36044696,-0.18304858,0.3400655,-0.76994926,-0.73777777,-0.4386672,0.34033272,-1.3383937,0.33531654,-1.8349502,1.4506861,-1.0375556,-0.6578241,-0.35986593,-0.81660247,0.11986715,-0.7223676,-0.8917472,-1.1741682,-0.61955833,-0.3916517,-0.67991394,-0.43548295,-0.6574915,-0.29313228,-0.029905204,-1.060824,-0.10582978,1.0702685,0.104680166,0.68657744,0.5100797
-0.5720116,-0.2992199,0.4486151,-0.8325845,-1.1685628,-0.60471606,-0.21806291,-0.46009046,-0.7371082,-0.62791556,0.3573171,0.11358514,0.41395345,0.10000273,-0.41561013,-0.8899243,-0.26489982,0.26097134,-0.78488976,-0.81794155,-0.2743116,0.6583882,-1.0806963,-0.21446218,-0.6276199,-1.0859954,1.1135573,-0.8834116,-0.850702,-1.1279508,-0.49311212,-0.7393388,-0.99606335,-0.22250655,-0.82713294,-0.118250385,-0.3275389,0.20939939,0.17723458,-0.075473964,0.94700825,1.0153824,0.15324266,0.061810058,0.9796593,0.28207862,-0.8906462,-1.0211377,-1.1824678,-0.5686427,-0.63540673,-0.7463311,-0.25771132,-0.29858604,-0.27735412,0.3150883,-0.98542374,-0.8647827,-0.4203761,0.5788624,-1.3693436,0.40302372,-1.9356208,1.4879495,-1.0798535,-0.7964597,-0.4457271,-0.9303994,0.23229574,-0.7883186,-0.83955324,-1.2323891,-0.6264185,-0.41141248,-0.7786306,-0.5023469,-0.74539053,-0.5851766,-0.056791585,-0.9960631,-0.13070466,1.0183126,-0.16736194,0.52883315,0.46491402
-0.5919877,-0.24112394,0.5622651,-0.8997935,-1.3210504,-0.7976053,-0.23292428,-0.62597895,-0.8585133,-0.6469072,0.45084867,0.0940336,0.3561409,0.0804706,-0.4022766,-0.7791283,-0.11466691,0.24800676,-0.8357774,-1.087014,-0.2074352,0.7130759,-1.1766582,-0.2723484,-0.6155858,-1.2462912,1.2408946,-0.96417266,-0.9356217,-1.0903511,-0.5195462,-0.7526684,-0.9541574,-0.26512262,-0.82049674,-0.09748994,-0.3144192,0.10665938,0.12105008,-0.17562212,1.0678222,0.73054814,0.5749941,0.14655559,1.200618,-0.14312878,-0.9563785,-1.0269618,-1.1881117,-0.6422344,-0.7479432,-0.8050507,-0.20320015,-0.19423404,-0.31021428,0.25502148,-1.0875087,-0.90711766,-0.36881387,0.80739105,-1.2928001,0.4253032,-1.8486781,1.3675495,-1.0675974,-0.85223705,-0.4645756,-1.0066067,0.38494572,-0.79472035,-0.74899554,-1.1810751,-0.5976228,-0.3641515,-0.79103404,-0.49214616,-0.75170004,-0.8360151,-0.09127219,-0.88206106,-0.12709314,0.9111066,-0.41544446,0.39833778,0.379069
-0.5305042,-0.18971159,0.6373951,-0.89215714,-1.3912383,-0.894646,-0.2091296,-0.73533046,-0.9220036,-0.6320277,0.55330795,0.07864064,0.2995899,0.058596384,-0.29816768,-0.5809243,0.046996776,0.23483221,-0.8314187,-1.255457,-0.14134791,0.6930106,-1.1863325,-0.27378744,-0.518039,-1.3069807,1.3346568,-0.97528476,-0.98881495,-0.9505372,-0.5098009,-0.676517,-0.81899595,-0.23201199,-0.72191954,-0.040574048,-0.29156286,-0.07180303,0.101800695,-0.20995142,1.1701417,0.40073454,0.94646275,0.18777107,1.3555833,-0.5417429,-1.0048494,-0.95727175,-1.0613328,-0.6854375,-0.8073056,-0.8287976,-0.07081586,-0.06545925,-0.26808324,0.14892371,-1.074486,-0.8625606,-0.3009015,0.99586165,-1.1222556,0.40327922,-1.5820258,1.1000699,-1.0016991,-0.821343,-0.42217597,-1.0340502,0.55959255,-0.7376201,-0.62738645,-1.0171791,-0.5412172,-0.2581933,-0.71652037,-0.40953606,-0.67804086,-1.0236851,-0.12891312,-0.7359923,-0.10380084,0.76315653,-0.621726,0.30434486,0.2678183
-0.38803965,-0.16187179,0.67289084,-0.80872077,-1.3782265,-0.8886587,-0.14519687,-0.77057886,-0.919098,-0.59285396,0.66288143,0.06666144,0.25047752,0.02107879,-0.11810296,-0.33648342,0.18240236,0.22333731,-0.7583018,-1.3025929,-0.07378104,0.6053866,-1.1092986,-0.21794371,-0.33572614,-1.2502332,1.3936516,-0.9067767,-1.0017508,-0.7121031,-0.46720585,-0.5147108,-0.5967763,-0.13359106,-0.5365675,0.054496173,-0.25047094,-0.28674182,0.10331045,-0.17877738,1.2278826,0.06565589,1.2339598,0.16793925,1.420236,-0.86247677,-1.0305011,-0.82048446,-0.81765157,-0.69541454,-0.80396503,-0.81461114,0.12265015,0.06584205,-0.15080649,-0.009780889,-0.96010005,-0.74237525,-0.23661998,1.1149125,-0.8810506,0.3440035,-1.1663644,0.7158315,-0.8888284,-0.7117272,-0.33187762,-1.0064726,0.73317677,-0.62187284,-0.4851647,-0.75167084,-0.46922806,-0.10827204,-0.5638696,-0.26766124,-0.5355848,-1.1343491,-0.16608237,-0.57799846,-0.07385361,0.5886217,-0.7749569,0.24815388,0.14431843
-0.1769145,-0.16968647,0.67171293,-0.6569039,-1.2859701,-0.7870303,-0.04676599,-0.7260627,-0.848226,-0.5398829,0.7761516,0.05834428,0.21193582,-0.04312977,0.111374274,-0.09231199,0.2570616,0.21871834,-0.60858107,-1.2251463,-0.0029591327,0.47116852,-0.9534284,-0.11243017,-0.08208689,-1.0709147,1.4176884,-0.75949186,-0.96935534,-0.3921504,-0.40032876,-0.28103185,-0.30201802,0.01101047,-0.28115717,0.18175912,-0.18536747,-0.49530506,0.1012615,-0.09143961,1.2176507,-0.23343928,1.411091,0.078327805,1.3784128,-1.0673399,-1.0275084,-0.6329953,-0.48968628,-0.6752775,-0.73693603,-0.7645885,0.3510982,0.17723761,0.029409323,-0.21971083,-0.7702585,-0.56843793,-0.19583602,1.1420814,-0.59949553,0.25769603,-0.6501989,0.2605715,-0.7405573,-0.54135734,-0.21237741,-0.9244101,0.8816293,-0.46019623,-0.3343588,-0.40766796,-0.39534745,0.066676006,-0.35045576,-0.08635264,-0.3433763,-1.1630436,-0.20065731,-0.42710835,-0.052509103,0.40062106,-0.8723742,0.22370076,0.018247737
0.080861524,-0.21857962,0.63927335,-0.45124182,-1.1231711,-0.61010724,0.074430384,-0.60787004,-0.7155913,-0.48339486,0.88823605,0.055116724,0.1839213,-0.14003918,0.35690954,0.10750872,0.24579412,0.22879608,-0.38356405,-1.0359608,0.070032805,0.3207633,-0.7347654,0.028734218,0.21771252,-0.7788804,1.40691,-0.5451872,-0.89168423,-0.018681351,-0.32139182,0.002180455,0.043676633,0.17715767,0.018018587,0.32862526,-0.094189614,-0.65610415,0.069610536,0.035338983,1.1239297,-0.4621017,1.463434,-0.078774944,1.2250862,-1.1369573,-0.99175644,-0.4167445,-0.12192359,-0.6324405,-0.61393994,-0.6857611,0.5829532,0.24974044,0.2508806,-0.46986952,-0.53780997,-0.3691379,-0.19501396,1.0676345,-0.31071454,0.15483223,-0.09409788,-0.21180582,-0.5723914,-0.33518136,-0.08506474,-0.79555047,0.9831657,-0.27110803,-0.1874211,-0.017064037,-0.33281568,0.245906,-0.10006386,0.110359766,-0.12569818,-1.1130322,-0.23207192,-0.29741532,-0.05449747,0.2104243,-0.9198197,0.21948741,-0.10489929
0.35717827,-0.3067261,0.5821937,-0.21143281,-0.9029778,-0.38741124,0.20217234,-0.43271384,-0.5350935,-0.43285862,0.9934155,0.058840826,0.16443296,-0.2692517,0.5842402,0.22822025,0.13671196,0.26233605,-0.09534618,-0.76046664,0.14164382,0.18806273,-0.47638372,0.18753836,0.5302049,-0.39952457,1.3616503,-0.28509468,-0.7758188,0.37331107,-0.24420094,0.30653906,0.41392463,0.33819568,0.3289127,0.4785774,0.020504704,-0.734753,-0.012347647,0.18041812,0.94340545,-0.5992015,1.3917129,-0.28990233,0.96763,-1.0718987,-0.922978,-0.19606578,0.23679237,-0.57642287,-0.45009118,-0.5889231,0.7863359,0.27064145,0.48687625,-0.74041885,-0.29725236,-0.17393732,-0.24449818,0.8972943,-0.046744663,0.043383684,0.43854105,-0.6477705,-0.40188816,-0.1209264,0.028784724,-0.6344648,1.0218462,-0.075661056,-0.055479188,0.3834939,-0.29238886,0.40899226,0.15985131,0.29737347,0.09082222,-0.9948886,-0.26070356,-0.19570926,-0.09089675,0.027914017,-0.93012196,0.22082624,-0.22285427
0.62189215,-0.42600277,0.5071592,0.04004771,-0.6427941,-0.15284431,0.31900498,-0.22475216,-0.32711065,-0.39633617,1.0850638,0.07131657,0.15064321,-0.4238295,0.763727,0.24956034,-0.0672129,0.3256893,0.23242675,-0.43205705,0.20526518,0.10246215,-0.20622464,0.34485704,0.8182776,0.02819041,1.2823389,-0.006994667,-0.6359774,0.74634564,-0.18199345,0.60085934,0.7792148,0.4694896,0.61792415,0.61425674,0.15174305,-0.70846707,-0.153402,0.32107988,0.68616545,-0.6407987,1.2131896,-0.53238183,0.6252986,-0.89163435,-0.826143,0.005704457,0.54126936,-0.51665246,-0.26576135,-0.48721233,0.9335647,0.23703139,0.7107167,-1.0063816,-0.07933831,-0.008390369,-0.34661788,0.65256065,0.16574852,-0.07184625,0.8890627,-1.0021641,-0.24677643,0.07503771,0.110701725,-0.46081945,0.9900198,0.105736434,0.052829754,0.7574401,-0.28103998,0.53795594,0.40118453,0.45159417,0.28080216,-0.8247277,-0.28730693,-0.12073492,-0.16629235,-0.1377785,-0.9202144,0.21299021,-0.33536518
0.8468929,-0.5639164,0.42044136,0.28042075,-0.3635153,0.06080596,0.40936708,-0.011865797,-0.11630077,-0.3802663,1.156346,0.09335084,0.14059453,-0.59131086,0.8751426,0.16834949,-0.34929153,0.4191708,0.56651974,-0.087015055,0.25221676,0.08234067,0.045427103,0.48277202,1.047102,0.45608875,1.1696429,0.25865385,-0.4923444,1.065153,-0.14585464,0.8548618,1.1100358,0.5513156,0.8541398,0.7203735,0.28908744,-0.56914616,-0.34659684,0.43555295,0.37449914,-0.60024756,0.96010536,-0.77796507,0.22669402,-0.63054544,-0.7119933,0.16921893,0.7570218,-0.46081796,-0.08351248,-0.3942602,1.0052931,0.15656628,0.8999974,-1.2420071,0.09297941,0.109955974,-0.4953674,0.36755505,0.30758116,-0.18835367,1.2119573,-1.2445633,-0.122732654,0.23164095,0.14718513,-0.29656035,0.89007735,0.25692967,0.13204789,1.0726779,-0.30159217,0.61888736,0.5990824,0.55490243,0.42328712,-0.6219626,-0.3117877,-0.06458976,-0.27695104,-0.2779265,-0.9072676,0.18381186,-0.44263366
1.0093337,-0.70643145,0.3274521,0.4890767,-0.08813731,0.22673938,0.46284336,0.17841351,0.0715395,-0.38865292,1.2006357,0.12450917,0.13446093,-0.7553896,0.9105198,-0.0014011161,-0.6827433,0.5346973,0.86770475,0.23946801,0.2735225,0.13056476,0.2496688,0.58675367,1.1898866,0.8327401,1.0248505,0.48292968,-0.3691747,1.3009014,-0.14358073,1.0429568,1.3796505,0.5714751,1.013451,0.7862318,0.42028454,-0.32442012,-0.5686388,0.5050319,0.039102398,-0.50498897,0.67572665,-0.9976406,-0.19410698,-0.3314661,-0.5959196,0.28167254,0.86549973,-0.41367897,0.07486004,-0.3227111,0.99361223,0.0465488,1.0399363,-1.42591,0.20715924,0.17359252,-0.6773881,0.08353889,0.36928925,-0.3039413,1.3801023,-1.3628534,-0.041499943,0.33602157,0.1319774,-0.16256066,0.73423946,0.36816558,0.18026762,1.3054395,-0.35294443,0.6434354,0.73482364,0.59654975,0.504674,-0.40692416,-0.33277792,-0.015291569,-0.41017157,-0.38420784,-0.9050177,0.12651831,-0.5441556
1.0954584,-0.84038633,0.23318943,0.65022206,0.16039845,0.3280049,0.47651088,0.32258683,0.21281235,-0.42284876,1.2127718,0.16404673,0.13493943,-0.8979918,0.8751838,-0.23102249,-1.0356274,0.65463287,1.0969714,0.5165676,0.26109415,0.23375759,0.38252506,0.647518,1.2324892,1.1111147,0.85087055,0.64271563,-0.2908345,1.4342381,-0.17919168,1.1477833,1.5668697,0.5266015,1.0815352,0.8071676,0.5334111,0.0031355037,-0.7828085,0.51506567,-0.28649473,-0.3908321,0.40805313,-1.1665004,-0.6022084,-0.038940147,-0.495611,0.33807883,0.8664957,-0.3769746,0.19122988,-0.28187877,0.9026589,-0.06905759,1.1252285,-1.5447726,0.261758,0.18543099,-0.8740233,-0.1582265,0.35119247,-0.41426566,1.3875902,-1.3634319,-0.009690921,0.38436627,0.06708851,-0.075447455,0.54322773,0.43751082,0.19881368,1.4426425,-0.43097502,0.60976493,0.7986062,0.5747106,0.52067935,-0.19827735,-0.34721166,0.039255966,-0.54554284,-0.4498607,-0.9203723,0.04138523,-0.6374106
1.1010804,-0.95575565,0.14217393,0.7547887,0.36185127,0.35957423,0.4559684,0.40436774,0.289574,-0.48058128,1.1901735,0.21115664,0.14711966,-1.0013971,0.78647244,-0.48203784,-1.3761009,0.75383556,1.2211939,0.71936727,0.20990115,0.36561507,0.42807233,0.66162974,1.1764909,1.255688,0.6530447,0.72397286,-0.27823314,1.4571059,-0.25337777,1.1625528,1.6590039,0.42247728,1.0555784,0.7846888,0.61918426,0.3793437,-0.9460778,0.4563777,-0.57145226,-0.2946321,0.2025231,-1.2678427,-0.966252,0.20818731,-0.42726007,0.34166905,0.77739775,-0.34969807,0.2536041,-0.27657425,0.7482511,-0.16468169,1.1597369,-1.5950586,0.26564074,0.15707996,-1.0644474,-0.32337892,0.2628828,-0.5109464,1.2493969,-1.2683166,-0.027875647,0.3823627,-0.03659718,-0.044606965,0.343396,0.4707656,0.19144824,1.4831085,-0.52969897,0.522876,0.79084826,0.4967787,0.4770916,-0.010641429,-0.35079652,0.10783979,-0.6577029,-0.47095513,-0.95210797,-0.06331822,-0.7175595
1.0319414,-1.046704,0.058989767,0.8019955,0.5017089,0.32854918,0.41504818,0.41619477,0.29240102,-0.5556281,1.1342359,0.26590094,0.1774832,-1.0501391,0.6708876,-0.7120903,-1.6769913,0.8039093,1.2203221,0.8301429,0.119154416,0.49365062,0.38156363,0.63233846,1.0396794,1.2484914,0.43995744,0.7236752,-0.34508717,1.3733361,-0.36362144,1.0921199,1.6537509,0.27324185,0.94469476,0.72573894,0.6729421,0.7633906,-1.0176834,0.32556036,-0.79280835,-0.24707256,0.09488572,-1.2957492,-1.2618444,0.3828481,-0.40198255,0.30349308,0.62986934,-0.32901183,0.2571089,-0.305564,0.5554543,-0.21880998,1.1550499,-1.5822937,0.23585021,0.105856575,-1.2286335,-0.39031166,0.121625654,-0.5810552,0.99838597,-1.1098026,-0.09041059,0.3427433,-0.16015533,-0.07044146,0.16317022,0.48017487,0.16362916,1.4369137,-0.64228433,0.39417833,0.722095,0.37854588,0.38887423,0.1472121,-0.3387684,0.19288488,-0.7203973,-0.4480113,-0.99090904,-0.17180187,-0.7772427
0.9032328,-1.1119207,-0.011556009,0.7998695,0.57364273,0.25255468,0.37355158,0.35977408,0.22207871,-0.63733023,1.051306,0.3293969,0.23225068,-1.0327723,0.5595959,-0.88178706,-1.918801,0.77929235,1.0909783,0.83919764,-0.006904643,0.5869513,0.25057015,0.5692068,0.8537212,1.0929629,0.22415176,0.6504544,-0.4949093,1.1975813,-0.5048877,0.95248854,1.559846,0.09949029,0.76858306,0.641084,0.6959222,1.1135218,-0.96845454,0.12602133,-0.93802524,-0.2670169,0.10574412,-1.25577,-1.473269,0.4734552,-0.4222901,0.24062437,0.463874,-0.31152922,0.20481093,-0.36169302,0.3546877,-0.21880998,1.1276493,-1.5183035,0.19444586,0.051223394,-1.3502775,-0.35340908,-0.050069865,-0.60834247,0.6793185,-0.923894,-0.1864077,0.2834758,-0.278935,-0.14445864,0.028479075,0.48176458,0.12123819,1.3234786,-0.7619274,0.24034745,0.61157876,0.24173719,0.27793685,0.27317533,-0.3068821,0.28937012,-0.71102357,-0.38692412,-1.0216578,-0.2623296,-0.8069331
0.73660547,-1.153719,-0.0642425,0.7644644,0.5810898,0.1564989,0.35436764,0.24573058,0.09003297,-0.71145725,0.95289207,0.40294793,0.31577218,-0.94315434,0.48372266,-0.9606268,-2.0908177,0.66355586,0.84852654,0.7451828,-0.15900406,0.6246088,0.055041306,0.4870891,0.65954995,0.8141299,0.021556722,0.52306217,-0.71933585,0.95353884,-0.67007047,0.7683841,1.3965899,-0.07461771,0.5548801,0.5435239,0.69567466,1.3929998,-0.7882544,-0.13201633,-1.0056618,-0.3580216,0.23704724,-1.1637124,-1.5935618,0.48504227,-0.48080787,0.17420535,0.321118,-0.2938178,0.10695074,-0.4320085,0.1775872,-0.16452856,1.0954586,-1.4175106,0.1646897,0.011340408,-1.4187835,-0.22368847,-0.22694503,-0.57553643,0.3423632,-0.7438386,-0.30081758,0.22414365,-0.36593387,-0.25012082,-0.040858973,0.4923769,0.06989212,1.1680739,-0.88207877,0.08117079,0.4842459,0.11081618,0.16974899,0.37170205,-0.25249615,0.38505653,-0.615298,-0.2987898,-1.0270655,-0.3106058,-0.7959945
0.557179,-1.1767516,-0.093721464,0.7177348,0.5371166,0.06827063,0.379315,0.0916691,-0.08265129,-0.7615065,0.8545479,0.48674026,0.42909172,-0.7818154,0.46948096,-0.93206555,-2.19069,0.45449534,0.5250033,0.5562542,-0.32382777,0.60100263,-0.17449777,0.40436798,0.50095403,0.45608875,-0.14946629,0.36788973,-0.9987956,0.6710673,-0.85003364,0.5699627,1.1912507,-0.2248037,0.33538094,0.44589373,0.6850716,1.5752771,-0.49018544,-0.43113557,-1.0035481,-0.5080225,0.47253534,-1.0425646,-1.6236535,0.4374593,-0.56032795,0.12641555,0.23816183,-0.27340615,-0.020809667,-0.49967176,0.052320994,-0.06867479,1.0744962,-1.2933431,0.16767906,0.0003064975,-1.4304296,-0.026313145,-0.3840608,-0.4678182,0.035525903,-0.59434265,-0.41648155,0.18316698,-0.39638728,-0.3657503,-0.034695588,0.5267058,0.014412931,0.99844927,-0.99669677,-0.06305896,0.36666852,0.0089456225,0.08896989,0.4524137,-0.17537467,0.46276966,-0.4305422,-0.19857673,-0.9920932,-0.29394934,-0.73394215
0.39031237,-1.1864944,-0.09464467,0.68462926,0.46259132,0.014307286,0.46523103,-0.07999719,-0.26817498,-0.7708671,0.7741289,0.5784773,0.56925124,-0.5559586,0.53433233,-0.7956723,-2.222598,0.16628262,0.16464923,0.29000738,-0.48529777,0.5281044,-0.40091223,0.34053993,0.41680288,0.07558697,-0.27036518,0.21524723,-1.3041272,0.38275048,-1.0340574,0.3883267,0.9754645,-0.33015567,0.14162861,0.3599062,0.68032706,1.647864,-0.10972691,-0.7474195,-0.9456632,-0.69146144,0.780023,-0.91857636,-1.5707322,0.3604338,-0.63637435,0.11755969,0.24094225,-0.2486925,-0.15935823,-0.54587024,-0.00042586858,0.045400392,1.0759383,-1.1551396,0.21904795,0.026320472,-1.3882298,0.20422103,-0.4993558,-0.27655184,-0.20142438,-0.4884057,-0.515899,0.17547578,-0.3522431,-0.46788147,0.0459597,0.5944613,-0.04143718,0.8405257,-1.0999659,-0.17468208,0.2830497,-0.046006057,0.055598944,0.5275497,-0.078017674,0.50402266,-0.16767204,-0.102466986,-0.90758336,-0.1960581,-0.6125594
0.25789565,-1.1875739,-0.06255525,0.688838,0.38307407,0.015240369,0.6206374,-0.24476115,-0.43587267,-0.7256334,0.7283745,0.67170405,0.7291166,-0.2793271,0.6842211,-0.567452,-2.195001,-0.17168891,-0.18382743,-0.026329279,-0.6264484,0.4332862,-0.58508426,0.31361613,0.4339757,-0.26581493,-0.32506773,0.0950481,-1.6003703,0.12046114,-1.2101631,0.2510403,0.7807494,-0.37665313,0.0006300205,0.29499474,0.6983151,1.614105,0.300064,-1.0522813,-0.8480513,-0.8743077,1.117413,-0.8168922,-1.4464173,0.2880621,-0.68190604,0.16311556,0.34132794,-0.2188073,-0.2891996,-0.5530252,0.02944577,0.14845085,1.104472,-1.0071001,0.32656184,0.09141288,-1.3010217,0.43053013,-0.55588424,-0.0021972891,-0.3420304,-0.4261639,-0.5833934,0.2105063,-0.22606817,-0.53483665,0.18883327,0.69908065,-0.09484981,0.7154707,-1.186494,-0.24114533,0.25132102,-0.044568367,0.08156055,0.6091793,0.03476362,0.4933528,0.14928979,-0.02450423,-0.7732201,-0.011655593,-0.4281665
0.17571832,-1.1831524,0.0053800703,0.7489312,0.32456136,0.082655676,0.8438462,-0.37900752,-0.5568459,-0.6174187,0.7299787,0.7554963,0.8984217,0.02907724,0.9130379,-0.27677432,-2.1185129,-0.5187934,-0.47498742,-0.35743603,-0.73159623,0.35330614,-0.6918019,0.33682632,0.56204706,-0.5111861,-0.3034633,0.032939423,-1.8518395,-0.08791689,-1.3659254,0.1783859,0.6339014,-0.3592265,-0.06896625,0.2580327,0.7533931,1.4927088,0.67788047,-1.3147364,-0.72531587,-1.0198455,1.439657,-0.75752825,-1.2658293,0.2514014,-0.6722867,0.27146035,0.53608197,-0.1831098,-0.3928646,-0.5076285,0.14004992,0.21153674,1.1579342,-0.848506,0.48932734,0.19190574,-1.1818897,0.61892045,-0.5436705,0.3437991,-0.37506035,-0.39642125,-0.6063666,0.29155478,-0.023323592,-0.5501675,0.37230015,0.8371696,-0.14370541,0.6371386,-1.2512842,-0.25734225,0.2804947,0.012459974,0.16888072,0.7060401,0.15622403,0.42228693,0.48585123,0.026353607,-0.59804267,0.25043774,-0.18398961
0.15095747,-1.1744895,0.109193146,0.874845,0.30936715,0.21738261,1.1225485,-0.46257222,-0.6087925,-0.44579026,0.78473055,0.8157027,1.0649862,0.3474686,1.2031146,0.03815347,-2.0041726,-0.8305208,-0.6743972,-0.662663,-0.78772116,0.3262152,-0.69498664,0.41685507,0.7902126,-0.6166136,-0.20369194,0.04692876,-2.0269759,-0.22160901,-1.4894876,0.18036066,0.5537489,-0.28302452,-0.059095927,0.2530881,0.85459644,1.3150826,0.96489584,-1.5048096,-0.5881693,-1.0954387,1.7066065,-0.7522941,-1.0468445,0.2731509,-0.59046865,0.44227493,0.8084804,-0.14059319,-0.45742932,-0.40277207,0.31781963,0.21245545,1.228496,-0.6753234,0.69762045,0.31983012,-1.0458822,0.745138,-0.46111596,0.73890233,-0.3049237,-0.38001856,-0.5767808,0.41571277,0.23771101,-0.5048007,0.56873137,0.99949074,-0.18599041,0.61113626,-1.2902148,-0.22630478,0.36936292,0.113919765,0.3096291,0.8211919,0.27919385,0.29253682,0.8013522,0.048719496,-0.3989451,0.56600505,0.10807499
0.18265614,-1.1614565,0.24512747,1.0658418,0.35254925,0.40952012,1.4355842,-0.48114645,-0.57942283,-0.21918878,0.88942176,0.8366818,1.2166299,0.65357506,1.5278668,0.33686066,-1.8626596,-1.0658779,-0.7629874,-0.9002687,-0.7868334,0.382027,-0.58201975,0.5519848,1.0886505,-0.55775756,-0.034147374,0.14515175,-2.1033645,-0.26892456,-1.5709422,0.25581262,0.54885006,-0.16246384,0.026880875,0.2813181,1.0039878,1.1203154,1.1152784,-1.5970695,-0.44227985,-1.0780746,1.8894731,-0.8030836,-0.8097226,0.36261824,-0.4304131,0.66650397,1.1317978,-0.089518316,-0.47593898,-0.2396278,0.53957546,0.14010575,1.3049808,-0.48313174,0.93457025,0.46472684,-0.908048,0.79819214,-0.31506288,1.1509196,-0.1490923,-0.35452974,-0.4917287,0.5745135,0.5279096,-0.39833394,0.7488509,1.1729397,-0.21942629,0.6351478,-1.300491,-0.15867133,0.5070088,0.24027668,0.48739523,0.950385,0.3969279,0.11676938,1.0546863,0.04918184,-0.1976371,0.89748067,0.42685592
0.26136455,-1.1428967,0.4051607,1.3101633,0.45980892,0.6402251,1.7559477,-0.42771158,-0.4685798,0.045179617,1.0319161,0.8050269,1.3424342,0.92782027,1.854683,0.5827565,-1.7037066,-1.1949464,-0.7399953,-1.0333921,-0.7257766,0.5354673,-0.35578555,0.7321423,1.4124303,-0.3335636,0.18661825,0.325128,-2.0706344,-0.22871819,-1.6035889,0.39293444,0.61696196,-0.01924852,0.17522971,0.34093425,1.1959151,0.94901246,1.1043866,-1.5740992,-0.28884855,-0.9585132,1.9758391,-0.90161145,-0.5763622,0.51543456,-0.19821234,0.92735326,1.4737067,-0.027459607,-0.44822928,-0.027632754,0.7762367,-0.0028327394,1.3756971,-0.26949942,1.1781516,0.61548525,-0.7812889,0.7813453,-0.12041067,1.5413216,0.06572708,-0.29861763,-0.35331956,0.75528914,0.81166095,-0.23841037,0.88651747,1.3428227,-0.24136361,0.70023495,-1.2811809,-0.070798375,0.6750362,0.36688462,0.6804431,1.0823319,0.5046621,-0.082334824,1.2097789,0.04184213,-0.01590728,1.1980847,0.7431668
0.3715324,-1.1172676,0.57729113,1.586462,0.62683606,0.8848486,2.0549455,-0.30335337,-0.28808194,0.32367003,1.1923357,0.71254504,1.4344819,1.1557982,2.149094,0.74932766,-1.536001,-1.2040268,-0.6213302,-1.0358324,-0.6073127,0.7819273,-0.03461113,0.9401056,1.7092432,0.033599302,0.43146828,0.574406,-1.9320755,-0.110231824,-1.5846667,0.5709501,0.74633926,0.12107556,0.36423588,0.42716724,1.4179188,0.8362911,0.9324361,-1.4296511,-0.12595393,-0.74330974,1.9704379,-1.0307813,-0.36918315,0.7143142,0.08919288,1.2027229,1.80134,0.04851197,-0.38048834,0.21662106,0.99683666,-0.2007417,1.4309618,-0.036415853,1.4044496,0.7615696,-0.6747163,0.7103747,0.101098925,1.8699952,0.30825168,-0.19598164,-0.168394,0.94239867,1.0519508,-0.039869152,0.9626565,1.4953048,-0.24883503,0.792787,-1.2333858,0.018191617,0.850357,0.46839005,0.8653002,1.1999656,0.600321,-0.27547646,1.2408624,0.04496295,0.1286003,1.4184778,1.0232342
0.4942601,-1.0825385,0.74649274,1.8668394,0.84020966,1.1169014,2.3066008,-0.11722322,-0.059720956,0.5893911,1.345641,0.5594223,1.4887273,1.329643,2.3784063,0.82353294,-1.3671522,-1.0979482,-0.43554136,-0.8980853,-0.43982577,1.0977446,0.3502574,1.153825,1.9279659,0.5013309,0.66806763,0.872101,-1.7034113,0.067695215,-1.516003,0.7636118,0.9178586,0.2334378,0.5676485,0.5322319,1.6528771,0.8062425,0.6236371,-1.1706668,0.04919024,-0.4544308,1.8930926,-1.1672106,-0.20870598,0.93323386,0.4074335,1.4682395,2.0851922,0.14095931,-0.28416148,0.47179228,1.1733896,-0.42797333,1.4650067,0.20910105,1.5906146,0.89428306,-0.59264606,0.60956115,0.32388744,2.1003017,0.54753155,-0.037467577,0.052387975,1.1193609,1.2163917,0.17757863,0.9677041,1.6192154,-0.23897912,0.8965932,-1.1601545,0.08981446,1.0089076,0.52315915,1.0204331,1.2835331,0.6853197,-0.43164447,1.1361688,0.077442616,0.2264123,1.5145183,1.2335874
0.60981077,-1.0359846,0.89662534,2.12101,1.0793616,1.312201,2.491277,0.114819035,0.18823291,0.8163714,1.4657464,0.35577595,1.5054317,1.4487802,2.515333,0.80768955,-1.2032677,-0.8993329,-0.21858793,-0.6311963,-0.23594151,1.4445871,0.75880086,1.3498119,2.0279722,1.0129755,0.8633181,1.191673,-1.4101235,0.27891693,-1.4036479,0.9426559,1.1077338,0.29692623,0.7584607,0.6459585,1.881358,0.8675939,0.22058614,-0.81740326,0.23812112,-0.12622109,1.772982,-1.284676,-0.11075867,1.1430358,0.72946846,1.7008457,2.3025215,0.25148422,-0.17381547,0.7151209,1.2844197,-0.6538269,1.4768013,0.4552258,1.7179201,1.007189,-0.5342103,0.5059665,0.5210335,2.2045965,0.7571094,0.17787741,0.29563007,1.2705351,1.2821149,0.39198706,0.9028292,1.7073362,-0.20962337,0.9951584,-1.0660604,0.12952219,1.1289935,0.5171117,1.1294024,1.3144374,0.7642336,-0.52339387,0.8998778,0.15465406,0.27796295,1.454429,1.347308
0.70155746,-0.9739042,1.0125992,2.3206847,1.3194956,1.4525005,2.5981884,0.37171742,0.42554617,0.98383355,1.5293562,0.12109541,1.4892058,1.518866,2.541216,0.7182876,-1.0487891,-0.6447651,-0.006864925,-0.26746693,-0.012132444,1.7769848,1.1479357,1.5068521,1.9863359,1.5053679,0.9884139,1.5041014,-1.0832134,0.4932193,-1.2569405,1.0817937,1.2905265,0.29827285,0.91256374,0.7568445,2.0846722,1.013029,-0.22430661,-0.40217024,0.43925348,0.19923407,1.6408436,-1.3580853,-0.08346005,1.3170317,1.0300201,1.8819523,2.4390526,0.37962905,-0.06544092,0.92551225,1.3179415,-0.84775466,1.4697967,0.6877015,1.7739964,1.0963415,-0.4937004,0.42376465,0.6679819,2.1683156,0.9175167,0.44334933,0.5462259,1.3829948,1.2395636,0.5816337,0.7788708,1.7567457,-0.16002592,1.0733279,-0.95649576,0.12893708,1.1942161,0.446026,1.182686,1.2795553,0.843855,-0.5321523,0.55219775,0.28422594,0.29394916,1.2247036,1.3491732
0.7576582,-0.89172155,1.0821264,2.4438214,1.5345604,1.527847,2.6259763,0.63005054,0.62414485,1.0790625,1.52001,-0.11749545,1.4485761,1.5498434,2.448459,0.5824871,-0.9060678,-0.3789648,0.16846308,0.14243498,0.21305756,2.0509293,1.4768015,1.6091627,1.8027054,1.9175897,1.0236582,1.7811598,-0.75463074,0.6800723,-1.0872911,1.1602077,1.4423324,0.23371504,1.011603,0.8536331,2.2467709,1.2210174,-0.6582536,0.034455508,0.6472552,0.47848952,1.5211785,-1.3671333,-0.12479902,1.4355618,1.2890482,1.9997114,2.4894323,0.5223275,0.026121609,1.086621,1.2721303,-0.984798,1.4507397,0.89238185,1.754514,1.1602845,-0.46175376,0.37924087,0.74542075,1.992788,1.0182705,0.74533594,0.7884419,1.4484669,1.0942746,0.7274332,0.61415976,1.7684321,-0.09135255,1.1187507,-0.83696556,0.087075084,1.1952846,0.31626883,1.1784892,1.1747049,0.93125933,-0.4522139,0.12749892,0.46413556,0.2926071,0.8336112,1.2392834
0.7734477,-0.78460395,1.0975025,2.4773176,1.7002237,1.5374889,2.581598,0.8663971,0.76172686,1.099028,1.4310818,-0.3290245,1.3949832,1.5535113,2.2422225,0.43337598,-0.7752345,-0.14738688,0.28603855,0.53576875,0.42009822,2.231854,1.7119889,1.6490377,1.4994802,2.1986227,0.9620879,1.9988377,-0.45286766,0.81277704,-0.90671885,1.1653503,1.5432018,0.10935219,1.045078,0.92706615,2.355978,1.4600996,-1.036717,0.44823712,0.8524227,0.6732954,1.42607,-1.2993,-0.22207597,1.4891282,1.4935131,2.0500941,2.4568973,0.6737672,0.08876966,1.1885169,1.1553206,-1.0487261,1.4275626,1.0582149,1.66339,1.1998228,-0.42699835,0.37790382,0.74190366,1.6959496,1.0572076,1.0647802,1.0067157,1.4639786,0.86634815,0.81530625,0.43127733,1.7464771,-0.0072064656,1.1230167,-0.7124102,0.009946879,1.1311303,0.14344944,1.1219641,1.007162,1.0313994,-0.29256538,-0.32937896,0.6815528,0.2957649,0.3115115,1.0338705
0.7521557,-0.6487725,1.05599,2.418656,1.7964355,1.4891499,2.4780211,1.0604765,0.824,1.0504937,1.2672447,-0.4830782,1.3412162,1.5406518,1.9407524,0.30371886,-0.65452564,0.0107075935,0.33692616,0.84799546,0.59103745,2.3003118,1.831205,1.6278701,1.1186041,2.314364,0.8111432,2.1396737,-0.19994871,0.8722177,-0.72626835,1.0943826,1.5794415,-0.0600031,1.011141,0.9716731,2.405074,1.6948965,-1.3292323,0.7975251,1.0420742,0.7566641,1.3530124,-1.1516397,-0.35316893,1.4783009,1.6373227,2.0363317,2.3517392,0.8252984,0.11483651,1.2287323,0.9838781,-1.033414,1.4077847,1.1791221,1.5124102,1.2178295,-0.37808502,0.4140844,0.6550008,1.3099931,1.0399854,1.3783373,1.1864537,1.4325675,0.5874132,0.83734155,0.25354877,1.6968528,0.08658357,1.0819818,-0.5866974,-0.09082511,1.0085824,-0.050250664,1.0237615,0.7957613,1.1448882,-0.07608697,-0.7681181,0.914343,0.32363224,-0.29186234,0.7629268
0.70347136,-0.48327613,0.96004015,2.2757773,1.8093655,1.3966451,2.3309307,1.1973985,0.80621326,0.9479604,1.0445405,-0.55445683,1.2998034,1.5189986,1.573853,0.22099912,-0.5407732,0.06870706,0.3246129,1.023631,0.7106851,2.2539988,1.8253163,1.5555471,0.71414274,2.25152,0.5920468,2.1946387,-0.009701917,0.84966576,-0.55499476,0.954669,1.5447954,-0.2532804,0.91630185,0.987033,2.391459,1.8919107,-1.5216184,1.0489367,1.2017983,0.71719384,1.2862473,-0.93083316,-0.48973653,1.4127675,1.7195683,1.9673995,2.1892297,0.9665781,0.10218642,1.2117703,0.779157,-0.9426897,1.3966081,1.2544405,1.3195105,1.2189789,-0.30571976,0.47243327,0.49149042,0.87753594,0.9776695,1.6601778,1.3149439,1.3623772,0.2962665,0.7927793,0.1015364,1.6262616,0.1822812,0.9964585,-0.46242437,-0.20055993,0.84120536,-0.23993437,0.89774495,0.56882346,1.2662071,0.16367114,-1.1391716,1.1343609,0.38994545,-0.91311336,0.4653677
0.6429448,-0.2913281,0.81675196,2.0649953,1.7327398,1.2768215,2.155517,1.2693689,0.7128821,0.8111771,0.78814816,-0.5266502,1.2807935,1.4919099,1.1800802,0.20262295,-0.43038467,0.0169012,0.2633734,1.0269061,0.76917726,2.1064599,1.6988295,1.4485481,0.342973,2.0192585,0.33708608,2.1634357,0.112631455,0.7480835,-0.39898875,0.76233643,1.441329,-0.4463993,0.77433723,0.97823083,2.3161237,2.0241244,-1.6145762,1.182152,1.3178566,0.5612306,1.2021085,-0.65216184,-0.60213387,1.308009,1.742815,1.8552251,1.9874208,1.0867139,0.05470752,1.1478078,0.5646409,-0.7880375,1.3957325,1.2883697,1.1063726,1.2092476,-0.20430794,0.53137046,0.26639983,0.4456409,0.8844868,1.8834178,1.3817543,1.2651707,0.032804724,0.6876088,-0.008926277,1.5411912,0.27119628,0.8717285,-0.34077683,-0.30393833,0.647442,-0.4020966,0.7588778,0.35970068,1.3835638,0.38848,-1.3998911,1.3118433,0.49829653,-1.4830954,0.18232615
0.5883992,-0.081077285,0.63682204,1.8085251,1.5682768,1.146138,1.964254,1.2765814,0.55700296,0.66146207,0.5291752,-0.39487904,1.2903203,1.4582368,0.801581,0.25376368,-0.3202574,-0.13589196,0.17445627,0.84947246,0.76296306,1.8833252,1.4686295,1.3264625,0.055119876,1.6471908,0.08479613,2.0542493,0.16933748,0.5818866,-0.2610522,0.53988886,1.278781,-0.61599225,0.6040637,0.9549455,2.1832764,2.0744493,-1.619429,1.1928799,1.3794404,0.311787,1.0763738,-0.33677274,-0.6645148,1.1816909,1.7109642,1.7121749,1.7646966,1.1758661,-0.018290602,1.0510932,0.36265752,-0.5852286,1.4030463,1.2875408,0.8955711,1.1955317,-0.07302748,0.56731033,0.00095919287,0.059684504,0.7754131,2.0226707,1.3801581,1.1541976,-0.16774023,0.5338086,-0.068753585,1.4469264,0.3446916,0.7173396,-0.22169833,-0.3875825,0.4476859,-0.51822996,0.6209369,0.20103121,1.4801661,0.5624216,-1.5203699,1.4204941,0.6406331,-1.9363247,-0.049299136
0.55682015,0.13475178,0.4337801,1.5305341,1.3255787,1.0175798,1.7654161,1.2267528,0.35852206,0.51894337,0.3001938,-0.16640534,1.3289925,1.4136488,0.47831494,0.3667152,-0.20869312,-0.36374325,0.08194323,0.5135494,0.6961853,1.6165751,1.1614556,1.2083226,-0.114719614,1.1806511,-0.12609729,1.8817638,0.16844535,0.37449592,-0.14061654,0.3125456,1.0731467,-0.7426126,0.4269019,0.9299418,1.9996418,2.0367186,-1.552838,1.0932997,1.3806413,0.0052650236,0.89166963,-0.0086271055,-0.6595615,1.0506241,1.6281308,1.5485806,1.5377394,1.2267121,-0.102679275,0.9371698,0.1917017,-0.3514128,1.4129866,1.258806,0.707207,1.1846511,0.08389711,0.5588067,-0.27995643,-0.24292819,0.66392666,2.0566332,1.3077042,1.0418673,-0.27999687,0.34746948,-0.0754483,1.3474628,0.39545482,0.54584605,-0.10422899,-0.44189143,0.26172692,-0.57747185,0.49526763,0.11868763,1.5366274,0.6587357,-1.4877038,1.442282,0.7982455,-2.2203116,-0.20279184
0.56184405,0.34076107,0.22284316,1.2539749,1.0211489,0.8985079,1.5630791,1.1338816,0.14186181,0.39990726,0.12987009,0.14021248,1.3912855,1.352401,0.24186133,0.5229935,-0.09575716,-0.62754893,0.008390464,0.069355175,0.5802859,1.338584,0.81029695,1.1092151,-0.1522714,0.6737737,-0.26287755,1.66483,0.12227761,0.15498018,-0.034555204,0.104620695,0.84425753,-0.81342816,0.2636846,0.9166509,1.77409,1.9153746,-1.4314644,0.91042054,1.3215554,-0.31436723,0.64304006,0.30894506,-0.5813899,0.9279152,1.4981091,1.3715429,1.319829,1.2360026,-0.18181077,0.821581,0.065036215,-0.101978615,1.4174676,1.2069728,0.5561584,1.1823524,0.25774267,0.49034974,-0.55076855,-0.43690285,0.559845,1.9710464,1.1671288,0.93729275,-0.2922465,0.14678285,-0.03272968,1.2450776,0.41866386,0.37183347,0.013212125,-0.46207774,0.10587072,-0.57788265,0.38953993,0.1266772,1.5347879,0.66526884,-1.3076552,1.3709077,0.94504243,-2.3030822,-0.2652475
0.61004996,0.52124417,0.01976937,0.9975047,0.67697424,0.78982955,1.3581486,1.0158441,-0.066709995,0.31544572,0.03884943,0.49729186,1.4656719,1.2695884,0.11021843,0.6967319,0.01665626,-0.8812769,-0.02898524,-0.41253486,0.43301976,1.0772296,0.45024508,1.037542,-0.06500193,0.1814729,-0.30394024,1.4238861,0.045164097,-0.04688111,0.062329307,-0.064302854,0.6131845,-0.82392377,0.1319263,0.9265051,1.517678,1.7233251,-1.2678715,0.6813482,1.2082834,-0.60220015,0.34028557,0.5962698,-0.43648002,0.82211196,1.3249605,1.1846522,1.1198876,1.2052937,-0.23876354,0.71764976,-0.010281684,0.15113048,1.4072696,1.1339201,0.4499846,1.1922753,0.43656635,0.35501352,-0.787881,-0.5114574,0.46882543,1.7615206,0.9667548,0.8450629,-0.20763685,-0.050149314,0.05106043,1.1409309,0.41257018,0.20996891,0.1323471,-0.44827443,-0.009012251,-0.52623993,0.307661,0.22435395,1.4610153,0.5868139,-1.0037192,1.213364,1.0522488,-2.178454,-0.23878324
0.70012206,0.66355354,-0.16031973,0.77370614,0.3183964,0.6866201,1.1501716,0.8917573,-0.24233907,0.27086127,0.03640826,0.87150216,1.5361432,1.1633548,0.08462463,0.85958475,0.12557513,-1.0792099,-0.020812709,-0.8535824,0.27549526,0.85240865,0.11458927,0.99427825,0.12038532,-0.24862567,-0.24246544,1.1779813,-0.047338665,-0.20490244,0.15596539,-0.18221198,0.39875588,-0.7779808,0.043135405,0.96662325,1.2431957,1.4794874,-1.0694464,0.44760606,1.0520179,-0.81963515,0.006626409,0.8395647,-0.24203785,0.7370135,1.113762,0.98890555,0.94185764,1.140672,-0.25918987,0.63567674,-0.033400264,0.40002874,1.37374,1.0387636,0.38817015,1.2147262,0.6070095,0.15581982,-0.97179025,-0.47047538,0.39170012,1.4357808,0.72037745,0.76485467,-0.04346152,-0.22768325,0.16439228,1.0351515,0.3790813,0.07333473,0.25455925,-0.40500286,-0.07874106,-0.43641856,0.24974664,0.39641872,1.3092724,0.44442546,-0.6134719,0.9891849,1.093892,-1.8671788,-0.13947925
0.82189286,0.7609028,-0.3042764,0.58843666,-0.028424352,0.5797561,0.93877786,0.77903223,-0.36480433,0.2663704,0.11898945,1.2279608,1.5841246,1.0361308,0.1496824,0.98525405,0.22792947,-1.183399,0.03301702,-1.1809645,0.12911683,0.6750249,-0.16927004,0.9733891,0.3638351,-0.5822351,-0.0873238,0.9427918,-0.13978566,-0.30071843,0.2521596,-0.24589773,0.2150189,-0.6872038,0.0013020424,1.0379522,0.9643399,1.2050263,-0.83920866,0.24806704,0.86640155,-0.9402425,-0.32558498,1.031886,-0.02260609,0.6721449,0.87156785,0.7843429,0.7851995,1.0520691,-0.23356113,0.5822616,-0.009186594,0.63973975,1.3099253,0.9195694,0.36343062,1.2462188,0.7563299,-0.094502695,-1.0889397,-0.33005327,0.32514104,1.0146192,0.4465234,0.69227296,0.17236702,-0.37379563,0.29456714,0.92765355,0.32339016,-0.028033774,0.38055438,-0.3400024,-0.10605654,-0.32678905,0.21290258,0.6157069,1.0828608,0.27122563,-0.18292971,0.72755605,1.0516567,-1.4139888,0.005796933
0.9578981,0.8140375,-0.4019772,0.44126242,-0.33915544,0.45837742,0.7251199,0.69069797,-0.42126635,0.29807726,0.2706208,1.5340822,1.5915197,0.8953404,0.27612397,1.0542321,0.32159644,-1.1696995,0.12433142,-1.3408026,0.012033806,0.547158,-0.38246498,0.9639193,0.619319,-0.80253285,0.1383541,0.7290328,-0.2176798,-0.3260745,0.3557034,-0.26070836,0.06929239,-0.56878185,0.0023520766,1.1344953,0.694767,0.92053163,-0.5790993,0.11251679,0.664981,-0.95411986,-0.6207664,1.1731286,0.1944794,0.624372,0.60826445,0.57176214,0.6455559,0.9516584,-0.15908442,0.56055015,0.052807704,0.8665886,1.2120143,0.7761716,0.36398038,1.2793971,0.8740918,-0.3748821,-1.1322951,-0.11512773,0.2630747,0.5310459,0.16674083,0.6206607,0.4058684,-0.4810222,0.4290989,0.8186088,0.25323308,-0.088773616,0.5101066,-0.26276782,-0.099459946,-0.21715954,0.19189017,0.84818643,0.79465765,0.10601393,0.2399025,0.46234396,0.918675,-0.88094234,0.16407841
1.0852909,0.8317748,-0.44727805,0.3268032,-0.59415627,0.3125831,0.51216173,0.6337344,-0.40854472,0.35965142,0.4658444,1.7631766,1.5437558,0.75269395,0.42675585,1.0564954,0.40608612,-1.0317081,0.238202,-1.3074734,-0.06421318,0.4644801,-0.5161024,0.9527784,0.842829,-0.91080236,0.40104088,0.5419627,-0.2681409,-0.2834589,0.46956098,-0.2387804,-0.03824657,-0.44271594,0.034945138,1.2437332,0.44635892,0.6430395,-0.2935397,0.05654237,0.45837235,-0.8692868,-0.8461757,1.2690262,0.3842663,0.58942086,0.33630365,0.35411516,0.51587206,0.85170543,-0.039976466,0.570604,0.13968489,1.0759051,1.0804708,0.6124384,0.3771748,1.3037254,0.95353603,-0.6587111,-1.1014731,0.14548098,0.19826281,0.027802916,-0.096111126,0.54323167,0.6227209,-0.54663646,0.55693597,0.7088337,0.17745923,-0.108519144,0.6417197,-0.18319279,-0.07144764,-0.12553538,0.18008153,1.0590092,0.46612495,-0.014150406,0.6114835,0.22666413,0.7014992,-0.33832723,0.30133972
1.1801476,0.82953835,-0.4382688,0.23659822,-0.78076947,0.13566002,0.3045553,0.60829663,-0.3338248,0.44351777,0.6737621,1.8973683,1.4320458,0.62334883,0.56376517,0.9927447,0.48290086,-0.7820742,0.35675818,-1.087913,-0.09607318,0.4185042,-0.57150424,0.9277578,0.9990093,-0.9240037,0.66253537,0.38187906,-0.28074226,-0.1851547,0.594585,-0.1960764,-0.11397241,-0.32869026,0.0829527,1.3481315,0.22773835,0.3849876,0.0071174214,0.07926029,0.25253233,-0.71004593,-0.97725606,1.3291266,0.5282451,0.5631125,0.07038168,0.13738567,0.38801414,0.7625533,0.11291982,0.6102028,0.2369046,1.2602628,0.92034185,0.43886906,0.39301497,1.3074033,0.99231046,-0.9169222,-1.0021007,0.42254382,0.12429906,-0.44712672,-0.32048443,0.45552608,0.7936847,-0.57180053,0.6693114,0.59987485,0.10486467,-0.09194265,0.77285284,-0.11010716,-0.035770275,-0.06570012,0.17058833,1.2184606,0.12509243,-0.06133745,0.8978083,0.047216877,0.4197864,0.14577366,0.38789043
1.2205784,0.8265564,-0.3771143,0.16105862,-0.894576,-0.07410241,0.10728184,0.60790884,-0.21391174,0.54215544,0.8622899,1.9291474,1.2554326,0.52361125,0.65606797,0.87375754,0.55501264,-0.4502438,0.46278313,-0.718982,-0.0882808,0.39956304,-0.5588255,0.8798984,1.0655924,-0.870419,0.88592404,0.2452102,-0.2488486,-0.0504357,0.7292732,-0.14888805,-0.16886331,-0.24290363,0.12831418,1.4277717,0.042742196,0.15442355,0.3052403,0.163569,0.048037346,-0.512625,-1.0005877,1.3649238,0.61725426,0.5419329,-0.17368296,-0.069730006,0.2541389,0.6911125,0.28399718,0.67533714,0.32937893,1.4090965,0.7416197,0.27325705,0.40669045,1.2792056,0.9924703,-1.1216513,-0.84428155,0.69005096,0.037106678,-0.84599817,-0.48876444,0.35676843,0.898584,-0.5608946,0.7599025,0.49383768,0.042337988,-0.04810433,0.8998925,-0.05055887,-0.005156494,-0.045458365,0.15698525,1.3062439,-0.19678944,-0.022309713,1.0778974,-0.05981575,0.10404861,0.514815,0.40306327
1.1907936,0.8420572,-0.26957655,0.09128969,-0.9397495,-0.31266084,-0.075130224,0.6212094,-0.07271743,0.64863867,1.0033196,1.8621135,1.0209634,0.46921298,0.6851293,0.7181259,0.62585074,-0.07768254,0.5429829,-0.25988925,-0.05267256,0.3990572,-0.49495113,0.8050223,1.0349799,-0.78351,1.0413518,0.12600322,-0.17022961,0.09783025,0.8697679,-0.1109975,-0.21572717,-0.19561407,0.15477504,1.4636817,-0.11003228,-0.043426726,0.5770503,0.2799352,-0.15828305,-0.31809807,-0.9150013,1.3876489,0.65215033,0.5236025,-0.3810337,-0.25674045,0.10814597,0.6396715,0.45534837,0.7608876,0.40354088,1.5092376,0.5583651,0.13952963,0.41926637,1.210895,0.9599984,-1.2493931,-0.6416361,0.9265917,-0.064229496,-1.1278048,-0.58955,0.25044885,0.9288099,-0.5203997,0.824618,0.3928274,-0.0060407137,0.0109291095,1.0184911,-0.009016021,0.010870446,-0.066065244,0.13449676,1.3142674,-0.4675872,0.098796085,1.1447715,-0.090908386,-0.20888667,0.7311916,0.3384905
1.0837358,0.8915159,-0.123996295,0.020783156,-0.9276923,-0.5701401,-0.23984037,0.6342773,0.06250872,0.7568533,1.0764849,1.7097977,0.74281937,0.47257143,0.6481421,0.5489681,0.6979626,0.28863263,0.5901656,0.21975316,-0.0046359748,0.41057926,-0.40013108,0.703733,0.91345274,-0.695776,1.1103619,0.017809117,-0.048007764,0.23713073,1.0101814,-0.09137341,-0.26660454,-0.18967317,0.15099493,1.4410626,-0.23702116,-0.20401677,0.79623455,0.3923258,-0.370416,-0.16523805,-0.731188,1.4067969,0.6426163,0.50669676,-0.5392188,-0.4130745,-0.053243008,0.6059877,0.6089566,0.860748,0.44837877,1.5473647,0.38762623,0.06509541,0.4367902,1.0991766,0.9037778,-1.283782,-0.4093835,1.1158141,-0.17688072,-1.2637225,-0.61936384,0.14380611,0.8871687,-0.45800358,0.8616514,0.29826182,-0.039794527,0.07175021,1.1239623,0.012633068,0.00720051,-0.12291103,0.10037331,1.2463391,-0.6584805,0.28075433,1.1045984,-0.05455659,-0.48108667,0.7801372,0.19966654
0.90203667,0.9831584,0.0492165,-0.053932074,-0.8746899,-0.8316369,-0.38606644,0.6333854,0.16577375,0.861064,1.071184,1.4939859,0.44009742,0.5406687,0.55757314,0.3903186,0.7719033,0.6040867,0.6041134,0.65264505,0.040244207,0.43047592,-0.29527617,0.5806262,0.71761245,-0.63325286,1.0882329,-0.08487855,0.10934172,0.34846842,1.1429611,-0.09367728,-0.33046687,-0.22032821,0.112689674,1.3520943,-0.34841493,-0.32149366,0.93971527,0.46546486,-0.5893702,-0.08315948,-0.46963975,1.4291537,0.6043684,0.48979107,-0.64000833,-0.53019536,-0.22990356,0.5839285,0.72921455,0.96739316,0.45671362,1.512836,0.24691471,0.07587097,0.46726793,0.9466175,0.83433545,-1.2177584,-0.16357435,1.2454542,-0.29535586,-1.2419771,-0.5833364,0.045824062,0.786024,-0.38201976,0.87036514,0.2102269,-0.061943814,0.12147969,1.2115067,0.015079894,-0.016723765,-0.20677623,0.05458595,1.1165,-0.74777156,0.48935872,0.97446185,0.031092633,-0.67975,0.67007846,0.0056457086
0.65861475,1.1159823,0.23847401,-0.13294278,-0.7986916,-1.0785931,-0.51471406,0.6080252,0.21740626,0.95586,0.9879054,1.2414297,0.13428693,0.673063,0.43765384,0.26362538,0.8452235,0.8336176,0.59071046,0.98471504,0.06963826,0.45728582,-0.19913416,0.44252554,0.47042948,-0.6118465,0.98388314,-0.18523465,0.28860417,0.4191258,1.2596204,-0.11688062,-0.41185886,-0.27652913,0.04330341,1.1976534,-0.45543545,-0.38833213,0.99320376,0.47196472,-0.8091891,-0.08671598,-0.15847696,1.4583755,0.5550968,0.47165066,-0.68035626,-0.6031965,-0.4180178,0.56488985,0.8047317,1.0720029,0.4257469,1.4009044,0.15188809,0.19092076,0.51715934,0.76160794,0.7623584,-1.054772,0.08012457,1.3065695,-0.41175103,-1.0698167,-0.494921,-0.034642734,0.6438449,-0.30098528,0.8515031,0.12721884,-0.077840425,0.14943221,1.2767769,0.0009840495,-0.05760408,-0.3059996,-0.00040519793,0.94535327,-0.72399837,0.6838412,0.77879035,0.14315325,-0.78210133,0.42968187,-0.21352877
0.37380514,1.2792679,0.431297,-0.21312498,-0.7161191,-1.2907919,-0.6275535,0.5529229,0.2075902,1.0354519,0.837111,0.9806804,-0.15364477,0.86073935,0.3184363,0.18462399,0.9123057,0.9571224,0.55911,1.1829553,0.07762792,0.49106517,-0.12612632,0.29685837,0.19645514,-0.6358198,0.8177724,-0.2838049,0.4734424,0.44388944,1.3513887,-0.15666363,-0.5106035,-0.34318605,-0.046831526,0.9874538,-0.56794316,-0.39622316,0.9555138,0.3982577,-1.014933,-0.1745826,0.16950242,1.4949354,0.5108157,0.4500911,-0.66304135,-0.632357,-0.6106139,0.53981006,0.82953906,1.1640298,0.3574254,1.2147093,0.11336239,0.4169864,0.5879419,0.5572124,0.6973005,-0.80912924,0.30700564,1.2929769,-0.5169975,-0.7733771,-0.3735565,-0.09151886,0.48118654,-0.22366057,0.80612785,0.045800503,-0.09357808,0.14878215,1.3160745,-0.025558691,-0.10972647,-0.40848634,-0.059998237,0.7560174,-0.5887646,0.82520264,0.54554284,0.2582191,-0.7791015,0.10245896,-0.42095816
0.07344523,1.4537871,0.6147606,-0.28892493,-0.63924783,-1.4485608,-0.7262314,0.46931943,0.1385636,1.0938878,0.6370051,0.7381172,-0.4057753,1.0857565,0.22852778,0.1613439,0.96488726,0.97239643,0.5197729,1.2379256,0.06539683,0.5322074,-0.08562648,0.1500771,-0.081603765,-0.6984346,0.6177527,-0.37815848,0.64645994,0.42536607,1.4104695,-0.20763691,-0.62262815,-0.40425852,-0.14293066,0.7387844,-0.69138396,-0.33894795,0.84050274,0.24762529,-1.1828235,-0.3305807,0.479997,1.5362297,0.48277223,0.4233079,-0.59634715,-0.6233017,-0.79810566,0.5008632,0.8036912,1.231508,0.25758964,0.96657664,0.13504596,0.74461854,0.67363685,0.3487175,0.6460351,-0.5047631,0.50383204,1.2012018,-0.60186034,-0.39478782,-0.24238703,-0.122865364,0.31678367,-0.1583592,0.7358334,-0.038496483,-0.11445563,0.117132425,1.326774,-0.059681274,-0.16644791,-0.5035792,-0.118520394,0.57014936,-0.35730585,0.88397247,0.3027998,0.3573919,-0.67686856,-0.25988823,-0.5789372
-0.21531177,1.614245,0.7760672,-0.35340044,-0.5748702,-1.5354413,-0.81128293,0.3649702,0.024579434,1.1251619,0.41025555,0.5347191,-0.608924,1.3225284,0.18869229,0.1929768,0.9932356,0.8947139,0.4817434,1.1620845,0.04093467,0.58065635,-0.08136018,0.006591695,-0.34543252,-0.78461015,0.41448998,-0.4633843,0.7918214,0.3729951,1.4307723,-0.26465786,-0.74102724,-0.44584483,-0.22882345,0.47433412,-0.8250977,-0.21530458,0.6754541,0.039882567,-1.2836059,-0.5277227,0.74071,1.5767877,0.47558445,0.38978136,-0.49341995,-0.5865219,-0.96974486,0.44315228,0.7330479,1.2620397,0.13566956,0.6764122,0.21204586,1.1468507,0.76046574,0.15102664,0.6116222,-0.17296079,0.65960497,1.031755,-0.65777,0.0134760775,-0.12438581,-0.13146141,0.16482005,-0.112724215,0.6425857,-0.13048418,-0.14291057,0.057327036,1.3074075,-0.09641025,-0.22191507,-0.58315414,-0.17053044,0.4047143,-0.057782136,0.8463997,0.07543618,0.42888182,-0.49553347,-0.60451573,-0.65449893
-0.46734613,1.7332133,0.90324694,-0.3993056,-0.5242411,-1.5403141,-0.88147306,0.25294313,-0.11092156,1.1239715,0.18036737,0.3835826,-0.7555216,1.539989,0.20693819,0.27025375,0.9878468,0.75346816,0.45079675,0.98471504,0.016571144,0.6352316,-0.11170501,-0.13118401,-0.5817672,-0.8742694,0.23612241,-0.53338057,0.89726007,0.30135036,1.409089,-0.3241884,-0.85747856,-0.45871678,-0.29052347,0.21861592,-0.9616994,-0.03198214,0.49622446,-0.19228192,-1.2880734,-0.7335119,0.9244119,1.6085081,0.48727855,0.34960654,-0.37104025,-0.5355408,-1.1144513,0.3655789,0.62889004,1.2442142,0.0030419184,0.36955765,0.33086777,1.5805807,0.8284995,-0.023983428,0.5929429,0.15132733,0.7663951,0.7903087,-0.67782086,0.39519617,-0.038934696,-0.124158,0.033714913,-0.09270024,0.5289351,-0.23411533,-0.17772417,-0.023402108,1.2580032,-0.13114454,-0.27217928,-0.6420766,-0.21215005,0.2697755,0.2717883,0.7171346,-0.11698899,0.46893236,-0.2660818,-0.8836987,-0.6251614
-0.662921,1.7850627,0.98617643,-0.42047927,-0.48446882,-1.4594209,-0.93371433,0.14909801,-0.23970836,1.0859882,-0.03152593,0.2881835,-0.8437412,1.7056586,0.27682576,0.3771158,0.94160116,0.58597827,0.4291123,0.7447333,0.006115541,0.6930106,-0.17083235,-0.2623216,-0.7817799,-0.9469227,0.10425441,-0.5816487,0.95614064,0.22769131,1.3455415,-0.38376006,-0.96371907,-0.43954745,-0.31874838,-0.0052953167,-1.088317,0.19528963,0.34066567,-0.40942734,-1.1742729,-0.9155562,1.0127826,1.6211069,0.5104433,0.30411303,-0.24791239,-0.4846395,-1.2224728,0.27125514,0.50633204,1.1696427,-0.12836896,0.0727325,0.4706007,1.9919306,0.85523194,-0.16933987,0.58451664,0.43379253,0.8197262,0.48928007,-0.65702116,0.69837385,0.0013111245,-0.1101975,-0.07364945,-0.10168421,0.39838827,-0.35093668,-0.21365051,-0.1141259,1.1800573,-0.15994793,-0.31566104,-0.6779504,-0.24193211,0.167781,0.58862305,0.5180304,-0.26169336,0.4810111,-0.02502535,-1.0603045,-0.4827585
-0.78947645,1.7503079,1.0176928,-0.41297305,-0.45042506,-1.2974272,-0.9636017,0.06944981,-0.33445305,1.009264,-0.20945212,0.24243909,-0.8769758,1.7896644,0.37891194,0.4930312,0.8514941,0.43040326,0.4162542,0.48311016,0.021009842,0.7494969,-0.24924819,-0.3864497,-0.9399805,-0.9851059,0.030808944,-0.60273194,0.96784985,0.16939601,1.2441092,-0.44160384,-1.0521348,-0.39091128,-0.3103901,-0.17919913,-1.189149,0.44315118,0.24107568,-0.5735643,-0.93403816,-1.0463798,0.9986388,1.6030636,0.53491145,0.25653008,-0.14306132,-0.44638374,-1.2864225,0.16686288,0.38273358,1.0351181,-0.24755132,-0.1898701,0.60600716,2.3233204,0.8200468,-0.2839316,0.5773463,0.64534056,0.8198541,0.14783157,-0.5936237,0.8825469,-0.00758172,-0.0990808,-0.15837286,-0.13940795,0.25572723,-0.47948745,-0.24258235,-0.20192443,1.0765624,-0.17957574,-0.35315016,-0.69025064,-0.2612369,0.09407295,0.8506474,0.28332195,-0.3534017,0.47344023,0.19120313,-1.1116521,-0.23535548
-0.8429455,1.6190522,0.99464446,-0.3760493,-0.417036,-1.067422,-0.9661541,0.027143981,-0.37391365,0.89466465,-0.34406504,0.23194954,-0.86270756,1.7696903,0.48516747,0.59682155,0.7201056,0.31844592,0.41004306,0.23625712,0.06717231,0.79845166,-0.33547556,-0.5023614,-1.0526798,-0.9775426,0.017121378,-0.59335613,0.9379635,0.14147273,1.1122634,-0.49504557,-1.1165283,-0.32017496,-0.26876676,-0.29222432,-1.2490128,0.6839056,0.2177823,-0.6552857,-0.57764906,-1.1065266,0.88760465,1.5431999,0.550516,0.21018182,-0.07353469,-0.42907092,-1.3019431,0.06169258,0.2753995,0.84446436,-0.34556192,-0.3993397,0.7114378,2.5225854,0.70919997,-0.37178147,0.5605624,0.76663774,0.77176654,-0.20879357,-0.48904273,0.9243364,-0.060596757,-0.09817595,-0.22356515,-0.20144649,0.107221596,-0.61443996,-0.25492874,-0.2737559,0.95220464,-0.18752792,-0.38692287,-0.6794109,-0.2737112,0.03838394,1.0227674,0.05232227,-0.39385885,0.4564491,0.35268372,-1.0313625,0.0938095
-0.8267971,1.3933262,0.91875046,-0.31300563,-0.38113728,-0.7898814,-0.93676066,0.030284926,-0.34744954,0.7466811,-0.43292353,0.2365426,-0.8114636,1.634954,0.5652513,0.66967964,0.5561231,0.27036673,0.4085175,0.031081393,0.1439125,0.83284926,-0.41719627,-0.6072715,-1.116979,-0.9206575,0.0545118,-0.55312437,0.8771314,0.1547037,0.96035856,-0.53968316,-1.1518826,-0.23700234,-0.20211059,-0.34181094,-1.2570579,0.8898037,0.27547655,-0.64020354,-0.13474475,-1.0862336,0.69772184,1.4327571,0.5499946,0.16810746,-0.052853063,-0.43541363,-1.2685779,-0.03372955,0.19988233,0.60964763,-0.41662115,-0.54396254,0.7653635,2.5520384,0.519702,-0.44055185,0.52347773,0.79107904,0.6854392,-0.55141735,-0.3486031,0.821224,-0.14462274,-0.111037716,-0.27207065,-0.27899468,-0.039158728,-0.7470724,-0.24205247,-0.3184068,0.81330794,-0.18165022,-0.41981295,-0.6460702,-0.28410164,-0.012307339,1.0813514,-0.13890792,-0.39061254,0.4396891,0.4407856,-0.8297916,0.4695516
-0.7506007,1.0879111,0.7968553,-0.23121804,-0.3424289,-0.49033555,-0.8721281,0.080733955,-0.2568276,0.5740246,-0.47909644,0.234184,-0.7349892,1.3889464,0.59332186,0.6987258,0.37375337,0.29204437,0.4112417,-0.11739005,0.24363527,0.8449334,-0.48269302,-0.6962594,-1.1309896,-0.81926376,0.12681267,-0.48461634,0.79907,0.21418387,0.80081993,-0.56860507,-1.1548928,-0.15109691,-0.12150996,-0.33381537,-1.2094474,1.0379562,0.40245783,-0.5317886,0.3483188,-0.9849778,0.45705515,1.2678952,0.53118724,0.13125679,-0.08876535,-0.46190146,-1.1896887,-0.10883157,0.16801068,0.35071394,-0.4579304,-0.6192215,0.7543414,2.395489,0.26138005,-0.4985565,0.45814577,0.7267402,0.57487625,-0.8500443,-0.18137346,0.59192646,-0.2411329,-0.13650271,-0.30506498,-0.35980567,-0.17427494,-0.86595607,-0.19796586,-0.32807642,0.6678052,-0.16010751,-0.45367858,-0.5906621,-0.29660487,-0.070886195,1.0177674,-0.26474956,-0.35506544,0.43050003,0.45136413,-0.53214085,0.85008246
-0.62811226,0.72912997,0.6405149,-0.14153373,-0.30347496,-0.1962068,-0.77089787,0.17387658,-0.115829594,0.389194,-0.48976785,0.205136,-0.64489913,1.0504484,0.55356896,0.67884076,0.19118772,0.3755531,0.41930526,-0.206139,0.3540109,0.82734114,-0.52259195,-0.7626869,-1.094404,-0.6852791,0.21408877,-0.39343762,0.71877825,0.3192023,0.6468036,-0.5732951,-1.123729,-0.07002342,-0.038263246,-0.28075698,-1.1107608,1.1136787,0.573222,-0.35061318,0.81495357,-0.8101163,0.20024005,1.0515337,0.49770638,0.09915491,-0.18239383,-0.49951896,-1.0722469,-0.15432298,0.18673939,0.09400071,-0.46973303,-0.62595886,0.6758479,2.0626626,-0.04325982,-0.55215526,0.36150655,0.5956558,0.45651186,-1.0770293,0.0007487895,0.2739455,-0.32943428,-0.16868943,-0.3212967,-0.42948732,-0.2879787,-0.9583304,-0.12123819,-0.2992707,0.5251255,-0.121011496,-0.48838037,-0.5133464,-0.31327587,-0.14694011,0.83876073,-0.31476095,-0.29991868,0.4331007,0.3949979,-0.17467639,1.1934625
-0.47368586,0.3516348,0.46501,-0.056752335,-0.26904932,0.066767335,-0.63414025,0.29982466,0.05269265,0.20788035,-0.4731679,0.1364263,-0.5508939,0.6518074,0.44347435,0.61282665,0.027989047,0.5022071,0.43521446,-0.24190828,0.4613288,0.77372134,-0.5311847,-0.7989877,-1.0098577,-0.53603035,0.2964526,-0.28697976,0.65014,0.46363717,0.5110191,-0.5449492,-1.0584501,0.0020991184,0.038221244,-0.19988944,-0.9732514,1.1122676,0.7537996,-0.13062802,1.2068902,-0.5741316,-0.036974248,0.7946406,0.4581178,0.069807336,-0.3272187,-0.5359796,-0.92637855,-0.16315582,0.25749224,-0.13082382,-0.45440176,-0.56892127,0.5394628,1.5894222,-0.36181566,-0.6034169,0.23698534,0.43119866,0.34729177,-1.2102975,0.18411902,-0.08197947,-0.3904301,-0.1981616,-0.31750423,-0.47387078,-0.37033424,-1.0122083,-0.015101785,-0.23341164,0.39574268,-0.06281959,-0.52127045,-0.4145794,-0.33289903,-0.24448088,0.5652272,-0.29459092,-0.23698081,0.44876263,0.2946202,0.20027144,1.4637508
-0.30131686,-0.0063237194,0.28781784,0.010283107,-0.24460764,0.27805898,-0.46580738,0.44492862,0.22125417,0.047289804,-0.43703863,0.024827352,-0.45989028,0.23518096,0.2739774,0.51065296,-0.0976514,0.64749444,0.46158448,-0.23722039,0.553851,0.6794089,-0.5073895,-0.7980593,-0.8840701,-0.39131957,0.3580228,-0.17382492,0.6037492,0.63698274,0.4043893,-0.4768614,-0.9612401,0.0645974,0.101727314,-0.11057042,-0.81486595,1.0388446,0.90860355,0.0877164,1.4736416,-0.29229596,-0.22268075,0.5156274,0.42400384,0.041409522,-0.5098263,-0.55839854,-0.7648651,-0.13157728,0.37577876,-0.29538673,-0.41570857,-0.45415702,0.36522156,1.0334035,-0.65680027,-0.6488169,0.09467539,0.272678,0.26198754,-1.2360007,0.35517582,-0.41928977,-0.40998295,-0.21341474,-0.28955385,-0.48164797,-0.41273406,-1.0180515,0.11275999,-0.13618727,0.2902433,0.015505428,-0.5471923,-0.29575324,-0.35066986,-0.36072063,0.22867575,-0.22366773,-0.17530087,0.47661883,0.18058513,0.55056924,1.636449
-0.12189038,-0.30852553,0.1265749,0.049246103,-0.23500556,0.42520112,-0.27289766,0.5942205,0.3629982,-0.075966686,-0.3866111,-0.1217161,-0.37541175,-0.15364979,0.06691538,0.38638473,-0.17198403,0.7866407,0.499505,-0.20588212,0.624377,0.5420433,-0.4550522,-0.7551668,-0.72841686,-0.27030706,0.38949946,-0.06235671,0.58546054,0.826008,0.33495402,-0.36701584,-0.8369978,0.11945172,0.14990288,-0.031351082,-0.65561414,0.90642184,1.0072229,0.26567343,1.5806689,0.019700253,-0.3332137,0.23842901,0.40661168,0.014056443,-0.71092445,-0.55680287,-0.60189915,-0.05954158,0.53168696,-0.3776682,-0.35803378,-0.2880207,0.18073085,0.46550402,-0.89179146,-0.67988807,-0.04962123,0.1594566,0.21083058,-1.1503065,0.50268734,-0.6847957,-0.38136622,-0.20346142,-0.23388062,-0.4467401,-0.4092273,-0.97096205,0.25164342,-0.016820265,0.21805653,0.11361782,-0.5591312,-0.1601312,-0.35900536,-0.4861059,-0.1338187,-0.13000686,-0.120235294,0.5141843,0.08415464,0.83963585,1.7015762
0.056339912,-0.52625686,-0.0028651261,0.05436596,-0.24329828,0.50523895,-0.06553826,0.73327523,0.45652568,-0.14874104,-0.3248147,-0.28421113,-0.29763237,-0.47212952,-0.15021904,0.25543424,-0.18772583,0.89938533,0.5473416,-0.15855363,0.6722163,0.36235517,-0.38270533,-0.66942835,-0.55818206,-0.1882111,0.38959482,0.040082913,0.5956085,1.0163366,0.3069769,-0.21977341,-0.6935141,0.16975135,0.18346198,0.02212811,-0.51414406,0.7333943,1.0301389,0.37307867,1.5147136,0.34693366,-0.35643396,-0.010915393,0.41391116,-0.008642813,-0.90780073,-0.52724344,-0.45229584,0.04851197,0.7103763,-0.36619568,-0.2857578,-0.07709645,0.015966533,-0.04122341,-1.0373424,-0.6851751,-0.17683701,0.124158464,0.19797741,-0.96067524,0.6189993,-0.83728635,-0.3064041,-0.16048117,-0.14881589,-0.37021995,-0.35795435,-0.87179923,0.38957307,0.1132727,0.18592961,0.22893779,-0.54965436,-0.013372793,-0.34907803,-0.6059835,-0.48470956,-0.0437065,-0.07389419,0.55822253,0.031222478,1.0414823,1.6644255
0.22835009,-0.6424488,-0.08846873,0.025295574,-0.26992223,0.5247819,0.14301501,0.84995556,0.48970398,-0.16340412,-0.2526259,-0.43627864,-0.22442055,-0.68746907,-0.34993318,0.13089658,-0.14520338,0.97360367,0.5997547,-0.09953752,0.70249814,0.14427885,-0.3020662,-0.5447897,-0.3910217,-0.15383254,0.3645089,0.1278387,0.62861735,1.1939082,0.3204579,-0.04677693,-0.5411181,0.21787265,0.20534469,0.03948693,-0.4046894,0.54029953,0.9720672,0.39421895,1.2857676,0.6750736,-0.2925086,-0.20857607,0.44787616,-0.01956505,-1.0771016,-0.47358963,-0.33008176,0.18361323,0.8935014,-0.26355973,-0.2031393,0.1712659,-0.10197979,-0.42400432,-1.0761353,-0.65314615,-0.26783592,0.18737419,0.22131777,-0.68580973,0.70119977,-0.8548461,-0.19512953,-0.08163017,-0.035497367,-0.2610714,-0.2615718,-0.72803897,0.5152623,0.24182178,0.19654448,0.35593337,-0.5126763,0.13628381,-0.31307328,-0.70311624,-0.7912143,0.009157823,-0.035790596,0.6047459,0.037261717,1.1432326,1.5438997
0.3905516,-0.6538109,-0.12320043,-0.032324534,-0.31272244,0.49811125,0.33678925,0.9356142,0.46127665,-0.11973952,-0.17102118,-0.5485604,-0.15286176,-0.7819038,-0.51038975,0.02166341,-0.052026313,1.0061463,0.6478092,-0.025751319,0.7243957,-0.10448554,-0.22593375,-0.39044186,-0.24467954,-0.16795067,0.32592618,0.19714047,0.6744505,1.3462422,0.37125528,0.13378942,-0.39244047,0.26437008,0.21954115,0.017078273,-0.33496517,0.34673443,0.84238994,0.32985154,0.9244787,0.9897547,-0.15329835,-0.33679906,0.50355345,-0.009022716,-1.197878,-0.4079684,-0.24683508,0.33281043,1.0609645,-0.08672244,-0.11425445,0.44726658,-0.15389678,-0.64117324,-1.0056964,-0.5758322,-0.30686152,0.35423803,0.27305022,-0.35442784,0.7517015,-0.73897225,-0.064074084,0.028825855,0.10152399,-0.1349383,-0.12773077,-0.5532151,0.61980903,0.3568415,0.24761443,0.4858279,-0.4449915,0.27829558,-0.24621563,-0.76074314,-1.0287578,0.010898096,-0.0044231005,0.64982444,0.10452227,1.145989,1.3688828
0.5404325,-0.57075423,-0.10613701,-0.10829803,-0.36736158,0.4442775,0.49812368,0.98555917,0.38058856,-0.025159907,-0.08251144,-0.5944289,-0.08082446,-0.7551686,-0.6189569,-0.06881636,0.07857835,1.0022098,0.68071723,0.07224497,0.74826604,-0.37269694,-0.1662656,-0.22007905,-0.13430803,-0.22281884,0.28786808,0.24620235,0.72011644,1.4632672,0.4517352,0.29995656,-0.26111546,0.30706537,0.22991548,-0.041275416,-0.3057965,0.16874236,0.66299856,0.19619446,0.47653046,1.2752863,0.040092558,-0.38711506,0.5698075,0.032861684,-1.2546322,-0.34916863,-0.21015011,0.48022273,1.1929963,0.13483304,-0.023301095,0.7375075,-0.13200718,-0.6794126,-0.8387389,-0.4517007,-0.28466555,0.6134653,0.34230396,-0.002657187,0.7768275,-0.51501757,0.06663933,0.15970558,0.25443572,-0.011978624,0.031879563,-0.36550176,0.69775546,0.44789034,0.3318276,0.60715854,-0.34748265,0.4009784,-0.14853399,-0.7658089,-1.1833781,-0.04570353,0.021831451,0.6895282,0.22222826,1.0633366,1.1727952
0.67500234,-0.414872,-0.04240387,-0.19004223,-0.42832935,0.38308275,0.6091929,0.9992087,0.26554427,0.10567161,0.0075327437,-0.5561327,-0.00887416,-0.62379074,-0.6738598,-0.14172828,0.23050955,0.972134,0.6869284,0.20697382,0.78229606,-0.6458544,-0.13195492,-0.05050538,-0.07022843,-0.30386055,0.26325908,0.2745779,0.7524562,1.5379926,0.5517057,0.4290971,-0.16054115,0.34172064,0.2394918,-0.12463282,-0.3117375,0.01724527,0.4637647,0.020698546,-0.0052360706,1.5141649,0.26026753,-0.3616809,0.63181597,0.1126415,-1.2393482,-0.3190507,-0.22239228,0.609054,1.2729492,0.36372846,0.06546208,1.0239971,-0.041615997,-0.5556871,-0.60089576,-0.28749466,-0.20031175,0.9391707,0.4174407,0.33000216,0.78556335,-0.22814046,0.17677379,0.2934291,0.4126948,0.08738138,0.20296654,-0.18552211,0.7472469,0.50668,0.43775046,0.70702624,-0.22572437,0.49308178,-0.025498526,-0.7114798,-1.2517734,-0.15779415,0.04370348,0.7199851,0.36922258,0.9182323,0.9880999
0.7906726,-0.21485223,0.057111517,-0.26519135,-0.49014276,0.33108926,0.6541887,0.9795875,0.1386814,0.2532764,0.09046267,-0.42870632,0.058943562,-0.41759866,-0.68290013,-0.20095238,0.3879602,0.9274665,0.65750724,0.38928804,0.8294449,-0.9071526,-0.12768862,0.10082508,-0.05656924,-0.39182377,0.26049295,0.2825151,0.7606526,1.5667453,0.66016275,0.502492,-0.10216791,0.36271182,0.25011814,-0.216091,-0.34280398,-0.10289678,0.27633926,-0.16407384,-0.46918076,1.6876667,0.476823,-0.2726218,0.67464465,0.2307916,-1.1529342,-0.33811873,-0.27995116,0.70369816,1.2895969,0.5609819,0.1472897,1.2844559,0.09955906,-0.31392786,-0.32628694,-0.09819414,-0.061746806,1.2947191,0.48906046,0.6060941,0.7871442,0.064079426,0.24922767,0.40873253,0.5635207,0.14638057,0.37049365,-0.0334696,0.7698201,0.5278882,0.5517191,0.7734363,-0.08965796,0.54559165,0.112529255,-0.59877586,-1.2400283,-0.31456125,0.06082778,0.7381321,0.5180326,0.7390276,0.84085774
0.88289785,-0.0015680768,0.17712846,-0.3244602,-0.5484918,0.2984313,0.62141955,0.93258965,0.022576956,0.3957951,0.15504898,-0.22251515,0.114668064,-0.17406572,-0.6607326,-0.25090757,0.53842175,0.87718284,0.5882042,0.62381124,0.886063,-1.1387181,-0.15358688,0.21799013,-0.09082701,-0.46690652,0.28142968,0.27041084,0.73873967,1.5492883,0.7668332,0.5086631,-0.09414086,0.36477134,0.26229855,-0.29573116,-0.3868664,-0.19236314,0.12822142,-0.3270118,-0.87206995,1.777974,0.6595226,-0.13971703,0.68693465,0.379334,-1.0054373,-0.42077354,-0.37344804,0.7522559,1.2391062,0.6928543,0.21713214,1.4940021,0.2642719,-0.015914667,-0.052468427,0.09443954,0.11534139,1.638341,0.5515998,0.7952654,0.7888081,0.30178246,0.27322695,0.4838995,0.69295716,0.15612438,0.52048695,0.07372764,0.7697671,0.50956464,0.6602675,0.79747903,0.047616273,0.5536473,0.25180158,-0.43697855,-1.1614445,-0.50059915,0.071418874,0.7411952,0.6400016,0.5549007,0.7467458
0.94605595,0.19690931,0.29953304,-0.36359677,-0.60105777,0.28658634,0.50578076,0.86593175,-0.064511195,0.5120717,0.18943456,0.037799645,0.14738065,0.06849502,-0.6249013,-0.29391104,0.67470914,0.82422227,0.4814165,0.9052135,0.9416947,-1.323521,-0.20592418,0.2887348,-0.1646569,-0.5122862,0.32077548,0.23816593,0.68716335,1.4885443,0.86351466,0.44617045,-0.13970621,0.344097,0.27519298,-0.34416053,-0.43154767,-0.2564842,0.0377439,-0.4447663,-1.1836883,1.7716281,0.7813037,0.013361493,0.6637699,0.5418379,-0.814867,-0.5711638,-0.48927128,0.74854887,1.1262411,0.7372024,0.26987898,1.6282127,0.42007434,0.27043882,0.18516853,0.26554176,0.30987582,1.9291761,0.6046112,0.87932444,0.7940497,0.43324226,0.24552232,0.500316,0.7868204,0.117774904,0.6418418,0.12502764,0.75265175,0.45317206,0.75258297,0.77564377,0.17174377,0.51768225,0.37758657,-0.24291696,-1.0334276,-0.6989046,0.072108716,0.7269203,0.71006465,0.39156494,0.7083852
0.9750034,0.35947517,0.40602022,-0.3845101,-0.6478679,0.28821924,0.31011286,0.787951,-0.11217802,0.5843591,0.18308753,0.31617633,0.14507511,0.27725017,-0.59212476,-0.32899284,0.7957446,0.76485807,0.34716907,1.2164769,0.9809525,-1.4470601,-0.2786316,0.30646738,-0.26510245,-0.518016,0.3669889,0.18498662,0.6134511,1.3902401,0.9452534,0.32394156,-0.23668014,0.2994214,0.28674334,-0.34668544,-0.46624476,-0.30336,0.010460452,-0.5061047,-1.3889037,1.66305,0.82089514,0.16354679,0.60801816,0.69531906,-0.60500455,-0.78131115,-0.61169285,0.69326353,0.9637066,0.6875498,0.30060238,1.6662632,0.5345183,0.48418167,0.3577955,0.3910142,0.49876988,2.1336913,0.65173954,0.85520536,0.80187035,0.42449644,0.17107324,0.44634834,0.83248156,0.042997897,0.72696024,0.11690729,0.7244618,0.36366713,0.8225395,0.7110423,0.26906678,0.44383523,0.47677326,-0.038995907,-0.87493944,-0.89333004,0.058068413,0.69334257,0.7103015,0.26784238,0.71534157
0.96507514,0.47461313,0.48057717,-0.39466304,-0.69113183,0.28834882,0.045654476,0.7059762,-0.11979529,0.6002667,0.12959109,0.57121533,0.09718075,0.42953005,-0.5752411,-0.35178792,0.90590453,0.6899049,0.20202494,1.5298595,0.9865749,-1.4992747,-0.36515942,0.27067727,-0.37639627,-0.48322487,0.40476084,0.1094839,0.53109634,1.2620379,1.0105875,0.16028401,-0.37715364,0.23193277,0.29388356,-0.29716897,-0.48332515,-0.3416654,0.038876217,-0.5131094,-1.486996,1.457505,0.76509964,0.29250622,0.52969754,0.81394404,-0.40203598,-1.030951,-0.72577316,0.5942259,0.7709982,0.55432045,0.3049219,1.5954448,0.5805122,0.5823774,0.4463424,0.45196888,0.66039854,2.2301726,0.6998271,0.7359897,0.8068623,0.26591432,0.06230692,0.3194758,0.820687,-0.048137978,0.7718573,0.05370603,0.69076097,0.2490943,0.8697418,0.6133288,0.3289007,0.34303722,0.5399552,0.14962597,-0.7036213,-1.0697536,0.023495186,0.6386704,0.63265973,0.19330171,0.74639297
0.9132807,0.54114074,0.51238006,-0.40538,-0.7345322,0.26761362,-0.2686163,0.6253973,-0.09627599,0.554059,0.027829302,0.7627583,-0.0025665462,0.5154803,-0.58172214,-0.35620683,1.0129944,0.58844525,0.06712371,1.8103627,0.94337153,-1.4765679,-0.4602799,0.18684205,-0.48193657,-0.41698888,0.41806686,0.010219159,0.45749557,1.1127845,1.0612224,-0.020817174,-0.5475515,0.14491838,0.29279155,-0.20062587,-0.4787456,-0.37908238,0.10422709,-0.47991598,-1.4890137,1.1719733,0.6108547,0.3897979,0.44370502,0.8735889,-0.2308113,-1.2903242,-0.8200585,0.46539456,0.5710611,0.36292663,0.27949145,1.4134604,0.5404414,0.54778504,0.44307816,0.43806154,0.77788645,2.2117214,0.7561637,0.5490157,0.8009552,-0.02531869,-0.06350403,0.12745424,0.7475685,-0.13109441,0.7754703,-0.052932665,0.6557354,0.1196514,0.899215,0.49729076,0.34511346,0.22927721,0.5628199,0.29813,-0.53433144,-1.2159079,-0.03745433,0.5618635,0.4799025,0.16715539,0.7734621
0.81854355,0.5669754,0.4978316,-0.429157,-0.7824335,0.20623745,-0.6080402,0.54850227,-0.05783627,0.44643956,-0.11710627,0.8587781,-0.15399277,0.53792894,-0.6134254,-0.33669898,1.1257671,0.4529207,-0.036177065,2.0210612,0.8418733,-1.3823678,-0.5608685,0.06526706,-0.5661755,-0.33677226,0.3938394,-0.11335329,0.41088176,0.9513271,1.1010969,-0.1938548,-0.7303442,0.042497244,0.2790151,-0.073643476,-0.45225865,-0.4207846,0.18046977,-0.42842203,-1.4143636,0.8337217,0.3665128,0.45436966,0.36661342,0.8561134,-0.111103654,-1.5249649,-0.8887391,0.3245268,0.38738838,0.14920454,0.22212088,1.1304927,0.40869173,0.3907935,0.35150754,0.349637,0.8413459,2.0861993,0.8262487,0.33189285,0.7749971,-0.4075152,-0.18663573,-0.11258888,0.6163496,-0.18245053,0.7389151,-0.18595175,0.6223525,-0.0130418,0.91999304,0.3800293,0.3169618,0.1168636,0.5461489,0.3856413,-0.3781546,-1.3204669,-0.12900034,0.46338424,0.26477924,0.1789291,0.7673123
0.68289715,0.5663585,0.44186613,-0.47688448,-0.83881843,0.088487454,-0.9455293,0.4742829,-0.024618698,0.2842258,-0.29412574,0.84084034,-0.34926778,0.5098239,-0.66758513,-0.2907855,1.250689,0.28322634,-0.08978886,2.1296535,0.68089646,-1.2277472,-0.66602385,-0.08053937,-0.61628854,-0.2653107,0.32430467,-0.2603405,0.40681142,0.78564364,1.1348807,-0.3365306,-0.9054048,-0.07160766,0.24793407,0.05751205,-0.4070823,-0.4687578,0.23956592,-0.38241827,-1.2869686,0.47653693,0.05223169,0.49434894,0.31320792,0.75268453,-0.054776933,-1.7017233,-0.9322299,0.19061543,0.24002308,-0.04767884,0.13201925,0.7680552,0.19216496,0.1467686,0.18485929,0.19788244,0.8487446,1.8739827,0.91142505,0.12642078,0.7206683,-0.82098573,-0.2884474,-0.3767397,0.43787673,-0.18481945,0.6641575,-0.32554448,0.59214896,-0.137528,0.9428602,0.27766153,0.2488589,0.017754322,0.49486244,0.39811862,-0.2418831,-1.3717906,-0.251995,0.34600666,0.008289154,0.21007632,0.70339483
0.5110066,0.5560503,0.3575996,-0.555201,-0.90655136,-0.09343798,-1.2548188,0.39862874,-0.016137615,0.07894259,-0.4882334,0.7067727,-0.5731663,0.45065305,-0.7383396,-0.22132246,1.3894585,0.09022722,-0.08314187,2.1143053,0.46833208,-1.0304106,-0.77652705,-0.23623334,-0.6238867,-0.2260275,0.20879498,-0.42722037,0.45470768,0.62209296,1.1663904,-0.43370485,-1.0524298,-0.19494076,0.19501236,0.1614195,-0.34936383,-0.52195686,0.25655067,-0.36077315,-1.1321923,0.1354959,-0.30108398,0.5247016,0.2941026,0.56501204,-0.06412909,-1.7948695,-0.9568802,0.08050241,0.1427105,-0.19231904,0.010403361,0.35654235,-0.09111225,-0.1318486,-0.03618157,0.0030266626,0.8055401,1.6029893,1.0072803,-0.02830926,0.6323943,-1.1984861,-0.35423166,-0.63778824,0.22989856,-0.13091563,0.55358857,-0.4522048,0.56538963,-0.2436907,0.9773867,0.20194292,0.1492596,-0.060907822,0.4159646,0.33070025,-0.12905464,-1.3573549,-0.40254274,0.21597242,-0.26351613,0.23701018,0.5673433
0.31028816,0.5517574,0.26454666,-0.6649308,-0.9868324,-0.33679143,-1.5137608,0.31541306,-0.04754903,-0.15474695,-0.68220156,0.4709128,-0.80459046,0.38158354,-0.8184647,-0.13677049,1.5372094,-0.10439903,-0.0155822905,1.96821,0.22006084,-0.8125029,-0.89255846,-0.38835293,-0.5860275,-0.23785372,0.054082572,-0.6076927,0.5555184,0.46470356,1.197413,-0.47982353,-1.1533582,-0.32667035,0.116175786,0.20742913,-0.2871896,-0.5767759,0.21443927,-0.3721952,-0.9741974,-0.15788098,-0.6542883,0.5636814,0.31410176,0.30544272,-0.13151808,-1.7909602,-0.9728987,0.006361475,0.10070784,-0.26004395,-0.13956322,-0.069210716,-0.4155419,-0.38521233,-0.2870473,-0.2084566,0.7229903,1.3031693,1.1029439,-0.10317039,0.50851125,-1.4766854,-0.37543765,-0.8696877,0.014790569,-0.02529814,0.41013056,-0.549606,0.5418097,-0.32413545,1.0294166,0.15784685,0.029080769,-0.11818719,0.31643063,0.18868987,-0.04047108,-1.2643788,-0.5711075,0.0833375,-0.52324295,0.23488383,0.35875455
0.09043094,0.56504744,0.18508716,-0.8006071,-1.0787069,-0.6276803,-1.7069175,0.21777228,-0.12647021,-0.4001778,-0.8595698,0.16088125,-1.0193104,0.32148468,-0.90094274,-0.050224625,1.6822168,-0.27120653,0.10264698,1.7018347,-0.042710148,-0.59779894,-1.0124956,-0.5258037,-0.50609267,-0.31110296,-0.12714651,-0.79238164,0.7004896,0.31529224,1.2264458,-0.4794121,-1.1950872,-0.46727166,0.008442275,0.17229067,-0.22942989,-0.62793684,0.10692308,-0.41207775,-0.833544,-0.38012773,-0.96444875,0.62867403,0.37246045,-0.00493875,-0.24096507,-1.6913517,-0.9917392,-0.026635818,0.10985313,-0.24123149,-0.31228334,-0.47567055,-0.75140566,-0.55773175,-0.5425517,-0.4081014,0.6157097,1.000782,1.1814059,-0.08380359,0.35118228,-1.6077368,-0.35058329,-1.0509157,-0.18419948,0.116657495,0.23739646,-0.60696405,0.52056116,-0.37536818,1.0992883,0.14250101,-0.10057486,-0.15962915,0.20129654,-0.012919307,0.024339251,-1.0820782,-0.7431621,-0.038836893,-0.7456291,0.18203989,0.092549294
-0.1375603,0.60193586,0.14023201,-0.95125246,-1.1789013,-0.9428294,-1.826426,0.09988985,-0.25156617,-0.640252,-1.0068767,-0.18732238,-1.193792,0.2833926,-0.9800771,0.023064528,1.8068448,-0.37849241,0.25138703,1.3419584,-0.29709694,-0.4078814,-1.1306902,-0.6406477,-0.39396438,-0.444125,-0.31805703,-0.9696791,0.87200165,0.17346404,1.248657,-0.4455945,-1.171006,-0.6172596,-0.12965822,0.045623887,-0.1843773,-0.6691688,-0.06065984,-0.46312997,-0.72546,-0.51809925,-1.1900251,0.73191,0.46366692,-0.33896923,-0.37039897,-1.511721,-1.0232369,-0.021052364,0.15711299,-0.14285147,-0.49990886,-0.8353519,-1.0695002,-0.60774136,-0.78029174,-0.5696639,0.49908957,0.7142789,1.2218838,0.026111972,0.16664726,-1.5675468,-0.2851981,-1.1677703,-0.34685782,0.27197734,0.040912103,-0.62058395,0.5007964,-0.39799833,1.1809325,0.14574571,-0.23018403,-0.19586805,0.07255937,-0.2513825,0.0662254,-0.80517524,-0.90064883,-0.13581353,-0.9107411,0.06426327,-0.2025398
-0.36220223,0.6626538,0.14510272,-1.1022449,-1.2817419,-1.2528723,-1.8722452,-0.04156907,-0.41294232,-0.85830456,-1.1151948,-0.5355881,-1.308547,0.272566,-1.0519462,0.06903192,1.8901914,-0.3995402,0.40306917,0.9276897,-0.5224842,-0.25888133,-1.2366868,-0.7285215,-0.26558557,-0.6228476,-0.50052613,-1.1265383,1.0456883,0.037402198,1.2563314,-0.3970485,-1.0828854,-0.7757233,-0.2974537,-0.16636412,-0.15842667,-0.69388694,-0.27207962,-0.4989107,-0.6584479,-0.56949425,-1.297217,0.8774661,0.57930434,-0.6673011,-0.49523693,-1.2789552,-1.0732014,0.013180611,0.22249915,0.012829493,-0.69227976,-1.1307989,-1.3443305,-0.5146848,-0.9834308,-0.6729919,0.38685378,0.45245773,1.2025081,0.20572758,-0.0356923,-1.3600289,-0.18977103,-1.2158566,-0.4599488,0.41531855,-0.17151204,-0.59394574,0.4814555,-0.39706388,1.2626048,0.15244788,-0.3532895,-0.24036796,-0.07053338,-0.4992972,0.0857534,-0.4379494,-1.0245363,-0.1938955,-1.0061059,-0.12198996,-0.48805135
-0.5722508,0.74270284,0.2052067,-1.2376175,-1.3790176,-1.5271472,-1.85055,-0.20633303,-0.5937936,-1.039023,-1.1806878,-0.8491575,-1.3513519,0.28599983,-1.1148161,0.07792361,1.9114853,-0.31881335,0.5274006,0.50488,-0.7034845,-0.15894842,-1.3156434,-0.7880325,-0.14155486,-0.8221974,-0.6579093,-1.2504083,1.1940049,-0.09569749,1.2399268,-0.35401538,-0.9407003,-0.93893963,-0.491206,-0.4405984,-0.15442476,-0.6956115,-0.5031801,-0.49032837,-0.63318026,-0.54170465,-1.2660339,1.0593191,0.70928,-0.9609668,-0.59191155,-1.0255656,-1.1419235,0.060502663,0.28213528,0.19318256,-0.8778368,-1.3564228,-1.5567884,-0.28287217,-1.14197,-0.70689815,0.28941533,0.21510461,1.1047983,0.42049983,-0.24418858,-1.0156403,-0.07769838,-1.2002156,-0.5197179,0.5242883,-0.38940886,-0.5371892,0.4611608,-0.3810562,1.3285526,0.14571911,-0.46677884,-0.30627346,-0.23035502,-0.7283769,0.08292326,0.0022537946,-1.0976593,-0.20331576,-1.0274603,-0.36789936,-0.7223483
-0.75813663,0.8347567,0.3148137,-1.3425312,-1.4600897,-1.7386203,-1.7716324,-0.39009777,-0.7735061,-1.1692052,-1.204402,-1.1018379,-1.3192482,0.3132653,-1.1686455,0.046075165,1.8540375,-0.13652182,0.595505,0.11809645,-0.83191085,-0.10690237,-1.3495336,-0.8204803,-0.044974305,-1.0097667,-0.77747273,-1.3305246,1.2912471,-0.22852072,1.189901,-0.33443242,-0.76215726,-1.0991459,-0.7038589,-0.739626,-0.17076251,-0.66791457,-0.7260848,-0.41315055,-0.64254755,-0.449898,-1.0948052,1.2617142,0.8432034,-1.1949877,-0.64102376,-0.7833855,-1.2240912,0.10237856,0.3123093,0.3611996,-1.044473,-1.5174296,-1.6954913,0.05934845,-1.2531605,-0.6707314,0.21271135,-0.0043320423,0.917436,0.6287824,-0.44669452,-0.5852565,0.037680577,-1.1339678,-0.5326881,0.5841367,-0.6005047,-0.46518016,0.43821672,-0.36082312,1.3615829,0.110479504,-0.57111657,-0.40316916,-0.4088447,-0.91370094,0.057734966,0.4835388,-1.1071143,-0.16095349,-0.9786332,-0.6528707,-0.86817896
-0.9120845,0.930615,0.45736966,-1.4053146,-1.512301,-1.8678524,-1.6474309,-0.5848364,-0.93083805,-1.2384626,-1.1910802,-1.2779258,-1.2191964,0.33876312,-1.2142603,-0.02344175,1.7087688,0.13038069,0.5844993,-0.19586416,-0.9063824,-0.09268244,-1.3198496,-0.8291609,0.0017568087,-1.1508563,-0.85201514,-1.3595946,1.3174534,-0.36320022,1.0987012,-0.3501893,-0.5705113,-1.2444208,-0.9247021,-1.0171918,-0.20088008,-0.6051522,-0.9138877,-0.2548193,-0.67228264,-0.31433237,-0.8020739,1.4609268,0.9708701,-1.3503683,-0.6302821,-0.5777059,-1.3098278,0.12022731,0.29319724,0.48258632,-1.1809336,-1.6270642,-1.7570397,0.46406728,-1.3202664,-0.5745295,0.1582947,-0.21481046,0.6402292,0.7890823,-0.6318951,-0.13016665,0.14576285,-1.0358565,-0.51399124,0.5904389,-0.7919946,-0.3951475,0.4100797,-0.34826887,1.3460559,0.03688856,-0.66899705,-0.5343412,-0.60545254,-1.0368084,0.010518707,0.9610294,-1.0462054,-0.07270359,-0.8700453,-0.9474501,-0.90013766
-1.0288314,1.0227716,0.60820264,-1.4189385,-1.5215758,-1.9055127,-1.4889781,-0.77973026,-1.0470996,-1.2402482,-1.1476972,-1.3731388,-1.0667697,0.3447288,-1.2526097,-0.122382104,1.4766263,0.45045376,0.48152545,-0.41369078,-0.9313377,-0.099483274,-1.2104881,-0.81857705,-0.019808019,-1.2142503,-0.88063025,-1.3350885,1.2625316,-0.50064445,0.9623888,-0.4050298,-0.39185023,-1.3592385,-1.1395391,-1.2259885,-0.23388563,-0.5030393,-1.0450208,-0.018616071,-0.7033628,-0.15781124,-0.42564932,1.6287345,1.0821129,-1.4161867,-0.5556786,-0.4230872,-1.3867667,0.09899188,0.21253242,0.5319305,-1.2782141,-1.7020171,-1.7451936,0.8717149,-1.3503318,-0.4373336,0.12379047,-0.4236042,0.2854558,0.8680825,-0.7906385,0.28963357,0.2400498,-0.926887,-0.48441014,0.5495417,-0.95245504,-0.34397638,0.37335852,-0.35420063,1.2706225,-0.07755374,-0.7641367,-0.6952255,-0.8152293,-1.0881116,-0.056885924,1.3816332,-0.9155007,0.046523362,-0.7165381,-1.2180488,-0.80995756
-1.1059847,1.1055713,0.73929805,-1.3812338,-1.4738108,-1.852923,-1.3049605,-0.96237046,-1.1083518,-1.1722894,-1.0823437,-1.3930627,-0.8841534,0.31476775,-1.2834461,-0.23932141,1.1694653,0.7826516,0.28538474,-0.5285763,-0.914372,-0.10656513,-1.0111136,-0.79392785,-0.120604925,-1.1773506,-0.8687073,-1.2592881,1.1284891,-0.64037937,0.78218204,-0.4937702,-0.25119966,-1.4264103,-1.3316954,-1.3258281,-0.25641194,-0.36026937,-1.1070286,0.2751392,-0.7147957,-0.0032426966,-0.017763231,1.7367836,1.1668019,-1.3905431,-0.42223665,-0.32180318,-1.4423336,0.029381778,0.06768618,0.49683446,-1.3304743,-1.7573702,-1.6695328,1.2204008,-1.3515,-0.2842381,0.10422057,-0.6330932,-0.12175354,0.8459563,-0.9175999,0.6261271,0.31866026,-0.8268367,-0.46529615,0.47628438,-1.0739692,-0.32541558,0.32376108,-0.38706923,1.1305119,-0.22704947,-0.85955507,-0.87313384,-1.0280161,-1.0676107,-0.14056389,1.6918865,-0.7230349,0.17395692,-0.5348083,-1.4325747,-0.6090812
-1.1441427,1.1753122,0.82467884,-1.29463,-1.3566217,-1.7205288,-1.1008533,-1.1204648,-1.1068205,-1.0373998,-1.0027616,-1.3506701,-0.69670856,0.23712534,-1.3047467,-0.36240408,0.80910224,1.0833565,0.007300793,-0.55002505,-0.86347497,-0.09352552,-0.72010374,-0.7605516,-0.3015123,-1.0303481,-0.82678616,-1.1394858,0.9292095,-0.78054875,0.5650649,-0.6032866,-0.16915843,-1.4292619,-1.4834043,-1.2910403,-0.25517422,-0.17987339,-1.0983475,0.59211725,-0.68736637,0.1286967,0.36239216,1.7611657,1.2144722,-1.2807509,-0.24251485,-0.26491818,-1.4661955,-0.090159036,-0.13345568,0.38007373,-1.3357671,-1.8022348,-1.5437577,1.4560263,-1.330609,-0.14286615,0.093487956,-0.839507,-0.5461644,0.71979105,-1.0115314,0.85123885,0.38364643,-0.75070024,-0.47405672,0.3900651,-1.1531368,-0.34827286,0.2565184,-0.4515063,0.9287164,-0.3982741,-0.9560883,-1.048646,-1.228618,-0.98414516,-0.2336285,1.847484,-0.4836194,0.2823766,-0.3408421,-1.5657872,-0.32755193
-1.1465352,1.2297578,0.84549874,-1.1652452,-1.1615522,-1.5253588,-0.87974405,-1.2432331,-1.0405817,-0.8432627,-0.9164141,-1.2629054,-0.529187,0.107338324,-1.3122598,-0.48112172,0.42450598,1.3129923,-0.33027917,-0.5010269,-0.78515655,-0.044345934,-0.345931,-0.72332245,-0.5520772,-0.7779178,-0.7688405,-0.9864465,0.6890034,-0.9182299,0.3233409,-0.71506584,-0.1585934,-1.3548423,-1.5777814,-1.1155934,-0.2203121,0.02900341,-1.0285752,0.8895326,-0.60690385,0.22182834,0.65774065,1.6865202,1.2149563,-1.1032408,-0.035164118,-0.23571774,-1.4517953,-0.25304025,-0.3738621,0.19817866,-1.2958572,-1.8369932,-1.3840925,1.5405177,-1.2917129,-0.03907843,0.08590662,-1.0332187,-0.9469791,0.5031281,-1.0752617,0.9601705,0.43922672,-0.706492,-0.51967996,0.3102374,-1.1918174,-0.41461056,0.16702044,-0.5473493,0.6759922,-0.5723445,-1.0510422,-1.198257,-1.398367,-0.8534562,-0.32636294,1.8225781,-0.21790873,0.34450406,-0.14806007,-1.6033528,-0.009829582
-1.1183053,1.2673146,0.79414934,-1.0014964,-0.88625604,-1.2876557,-0.6435264,-1.3223772,-0.91273725,-0.60210633,-0.83013624,-1.1477064,-0.40242574,-0.07030682,-1.3005362,-0.58712155,0.04781326,1.4419559,-0.6964085,-0.4134339,-0.6830665,0.049460612,0.09241652,-0.6865111,-0.85099816,-0.43908283,-0.7099888,-0.81306803,0.43831477,-1.0495918,0.07394245,-0.8082494,-0.2226328,-1.1962994,-1.6007981,-0.8146021,-0.14835998,0.24989964,-0.9166915,1.1237165,-0.46759552,0.2661452,0.82206446,1.5086914,1.1591301,-0.88185185,0.17817199,-0.21445568,-1.3974319,-0.44548634,-0.6299305,-0.02164977,-1.2159765,-1.8529943,-1.2079455,1.457684,-1.2357054,0.006934506,0.077389024,-1.2010988,-1.2836558,0.2228971,-1.1144483,0.96983516,0.48990452,-0.694018,-0.60034543,0.2515958,-1.1966525,-0.5194877,0.051928945,-0.6696009,0.3898424,-0.7276381,-1.138238,-1.2978911,-1.5175241,-0.6950927,-0.40692773,1.6168267,0.04979032,0.3382624,0.03398553,-1.543618,0.29236707
-1.0661521,1.2862343,0.6761061,-0.81301624,-0.5362437,-1.0276104,-0.39495856,-1.3526621,-0.7297265,-0.32973006,-0.75027525,-1.0214593,-0.33043194,-0.28277394,-1.2639618,-0.6737213,-0.2903088,1.4540807,-1.055346,-0.3215383,-0.55838835,0.18626416,0.56711775,-0.6532277,-1.1682779,-0.044187896,-0.6645861,-0.6324965,0.20926031,-1.1703689,-0.16372101,-0.8635013,-0.3539578,-0.95505923,-1.5433823,-0.42236286,-0.044144936,0.4591945,-0.78776914,1.2578784,-0.2738609,0.25892758,0.8272431,1.2360433,1.0406995,-0.6458366,0.37558272,-0.18346013,-1.3059684,-0.6483213,-0.87564886,-0.24696775,-1.103608,-1.8350027,-1.0325712,1.2150407,-1.1613836,-0.016589176,0.066085525,-1.3295091,-1.5218554,-0.08574538,-1.1356641,0.9130042,0.53841615,-0.70519936,-0.70323473,0.22160454,-1.1771529,-0.65160453,-0.08965691,-0.80891657,0.09220257,-0.8431708,-1.2080597,-1.3265992,-1.5681739,-0.5291816,-0.46272877,1.2585304,0.2937101,0.25128394,0.19957124,-1.3968992,0.52842826
-0.9973719,1.2839721,0.5091966,-0.6095669,-0.1257273,-0.76308113,-0.13893946,-1.3317225,-0.49932373,-0.043826934,-0.68262005,-0.89738464,-0.31864324,-0.5099565,-1.1990279,-0.7349393,-0.56481045,1.3481594,-1.3702608,-0.25693524,-0.4098399,0.35409302,1.0445831,-0.62537545,-1.4691314,0.36936313,-0.6436971,-0.45599276,0.029942123,-1.2759403,-0.36999652,-0.86605203,-0.535629,-0.64145887,-1.4027197,0.013396099,0.079213336,0.6276756,-0.66855234,1.2687325,-0.04073567,0.20519644,0.6674854,0.8883815,0.85772794,-0.42653707,0.5379897,-0.13108283,-1.1840863,-0.84008086,-1.0863193,-0.4458249,-0.9677559,-1.7647966,-0.8742964,0.8420959,-1.0673391,-0.110990405,0.052247297,-1.4076463,-1.6383014,-0.385752,-1.1444,0.8294934,0.58476156,-0.72581697,-0.80669284,0.21901216,-1.1437856,-0.79472035,-0.25529966,-0.9525389,-0.19332615,-0.9014691,-1.2491258,-1.269822,-1.537321,-0.37319797,-0.48291713,0.8020656,0.4897468,0.08356867,0.34628925,-1.1828852,0.65696895
-0.9186635,1.2574177,0.32079864,-0.4001734,0.32300648,-0.50783086,0.11646214,-1.2597134,-0.22930335,0.23763938,-0.6319135,-0.7842961,-0.36344904,-0.7274613,-1.1056517,-0.76441664,-0.75962335,1.136842,-1.6070462,-0.24325685,-0.23604016,0.53231984,1.4897807,-0.60337216,-1.7185543,0.76297456,-0.65380776,-0.29159328,-0.07973415,-1.3613689,-0.5273831,-0.807838,-0.7436832,-0.27403396,-1.1826745,0.43933594,0.20207652,0.7247194,-0.5827119,1.1502208,0.20737723,0.11691142,0.36038753,0.49450675,0.61416316,-0.25377578,0.6519257,-0.053773485,-1.0408324,-0.99989575,-1.2424467,-0.5920071,-0.8179718,-1.6266049,-0.74713075,0.38488075,-0.95384645,-0.26715088,0.037449986,-1.4299483,-1.6240413,-0.6437546,-1.1433184,0.75663406,0.62597644,-0.7388726,-0.88458985,0.23532632,-1.1056894,-0.9301885,-0.43842867,-1.0862072,-0.44455412,-0.89101696,-1.2499156,-1.1217171,-1.4190321,-0.23938115,-0.46112502,0.32006738,0.6184225,-0.15159103,0.47390273,-0.9267772,0.6530875
-0.83564883,1.2034861,0.14255595,-0.19238521,0.7812878,-0.2711386,0.36041924,-1.1386124,0.07314934,0.4984367,-0.6011548,-0.6872211,-0.45284316,-0.9104093,-0.9883744,-0.7547166,-0.8690975,0.84416777,-1.7384605,-0.29360357,-0.036397334,0.6950902,1.8712242,-0.5863359,-1.8865051,1.1025888,-0.6955381,-0.14301862,-0.11134902,-1.4214416,-0.622887,-0.6883655,-0.9502029,0.122620195,-0.8937051,0.8055895,0.30208337,0.7234652,-0.54669344,0.91452235,0.43954173,0.011436608,-0.055628423,0.088191114,0.3205819,-0.15167663,0.7110848,0.043760765,-0.8857927,-1.1103749,-1.331983,-0.66941583,-0.6635032,-1.4118526,-0.6619415,-0.10134549,-0.824548,-0.46671906,0.023771606,-1.3973777,-1.4845108,-0.8344589,-1.1312546,0.72103816,0.6571014,-0.7274974,-0.91151625,0.25727224,-1.0689749,-1.0393621,-0.62834024,-1.1956202,-0.6434418,-0.80771846,-1.201045,-0.886073,-1.21597,-0.13340884,-0.39772975,-0.10903801,0.66723895,-0.42957535,0.58308274,-0.65499705,0.51194483
-0.7517969,1.1199667,0.004456863,0.008070286,1.2173915,-0.05782528,0.581158,-0.9717545,0.4014379,0.72536284,-0.5904137,-0.6075874,-0.5684682,-1.0379425,-0.85623616,-0.6982408,-0.8977723,0.50157726,-1.746633,-0.40900287,0.18711583,0.8162125,2.1650581,-0.57194555,-1.9519463,1.3633616,-0.76388055,-0.009772691,-0.06874979,-1.4509051,-0.65021443,-0.5142994,-1.1272113,0.521017,-0.55168796,1.0736167,0.35885292,0.6070335,-0.566482,0.5896562,0.62261206,-0.09110931,-0.526883,-0.29653046,-0.0062567103,-0.134391,0.7176046,0.15082903,-0.7276821,-1.1599395,-1.3514236,-0.6736718,-0.51304996,-1.1231428,-0.62465197,-0.56110257,-0.68672824,-0.6847154,0.012742129,-1.3172617,-1.2380621,-0.9437612,-1.1035494,0.73362947,0.6727209,-0.67870027,-0.8685098,0.27041295,-1.035767,-1.1066021,-0.8109394,-1.2685486,-0.7782168,-0.655111,-1.096986,-0.5759429,-0.93936455,-0.054159094,-0.30093879,-0.41535437,0.632544,-0.71848255,0.6746976,-0.39203745,0.24962097
-0.6683038,1.0066025,-0.07156449,0.19720134,1.6003292,0.13102052,0.7676868,-0.7636377,0.7481021,0.909436,-0.5963422,-0.54458797,-0.6883999,-1.0965831,-0.72116697,-0.58863044,-0.8583199,0.14423758,-1.6251348,-0.5791157,0.42877835,0.8742163,2.3583636,-0.5566733,-1.9060057,1.5326415,-0.8487721,0.11181546,0.033176094,-1.4449413,-0.6107054,-0.29831094,-1.2503322,0.89438283,-0.17636375,1.2219206,0.35848162,0.3741701,-0.6365239,0.21424258,0.72642076,-0.17116557,-0.9915669,-0.6295683,-0.34505013,-0.20372345,0.6821198,0.25398797,-0.57293296,-1.1439214,-1.3049852,-0.61180645,-0.37427762,-0.77563465,-0.635262,-0.9463149,-0.5504203,-0.89294213,0.0048867664,-1.2017138,-0.9118727,-0.96926004,-1.05363,0.7889631,0.6689015,-0.58575946,-0.7474547,0.26236764,-1.0046313,-1.121253,-0.97011745,-1.2963792,-0.8445315,-0.44385952,-0.937367,-0.21216187,-0.6079995,0.004895737,-0.18636507,-0.5512953,0.51985633,-0.98386794,0.7494184,-0.15786241,-0.10046337
-0.5844518,0.865964,-0.076180525,0.37275177,1.9039406,0.2969021,0.9123897,-0.52046645,1.1036009,1.0456783,-0.6114077,-0.49642292,-0.7909312,-1.0827516,-0.5959225,-0.4234604,-0.7682128,-0.1931041,-1.3805038,-0.7837777,0.67872643,0.8570737,2.4497588,-0.5362947,-1.7528999,1.6105204,-0.9367159,0.22735149,0.1717351,-1.399719,-0.5138615,-0.057103235,-1.3017998,1.2200234,0.21055286,1.2479414,0.29688498,0.04206801,-0.74031967,-0.16905916,0.7289667,-0.21321602,-1.3889287,-0.88840777,-0.67200047,-0.34723213,0.62215906,0.34091112,-0.4251971,-1.0646089,-1.2031821,-0.4998568,-0.2535743,-0.39627728,-0.687076,-1.2227217,-0.4265164,-1.0640061,-0.00025118893,-1.0655754,-0.5375956,-0.91964215,-0.97467434,0.8683222,0.6443322,-0.44983846,-0.55347073,0.22553782,-0.9716359,-1.0791475,-1.0899249,-1.2752117,-0.845576,-0.19024071,-0.7276696,0.17918628,-0.24598409,0.05324114,-0.07481018,-0.5009415,0.34329754,-1.1944078,0.8079951,0.033155438,-0.4932938
-0.49808788,0.70391226,-0.015344343,0.532986,2.1103308,0.44292971,1.012179,-0.25088793,1.4549768,1.133278,-0.6246598,-0.4614784,-0.8578355,-1.0036509,-0.49090543,-0.20661074,-0.6463935,-0.4796897,-1.0321361,-0.9955036,0.92305213,0.7648409,2.4484968,-0.5062607,-1.5087913,1.6085036,-1.012832,0.34189534,0.32083237,-1.3137374,-0.37633094,0.19056354,-1.2722296,1.4817399,0.5871791,1.1663374,0.18099423,-0.35378933,-0.85328174,-0.5204296,0.6205945,-0.20875295,-1.6672935,-1.0600293,-0.9636451,-0.5398434,0.55979353,0.4033809,-0.285429,-0.930606,-1.0600883,-0.35891742,-0.15586789,-0.019905737,-0.76696014,-1.3735242,-0.3242597,-1.1751114,-0.0036993278,-0.9236342,-0.1468844,-0.812486,-0.8622727,0.9460138,0.6010651,-0.27953324,-0.30517876,0.15818042,-0.9322115,-0.9831641,-1.1569557,-1.2065086,-0.791316,0.08579848,-0.4786713,0.5695532,0.11999647,0.10022662,0.011839442,-0.2832649,0.12364393,-1.3261759,0.8518092,0.17195937,-0.880781
-0.4068196,0.52947015,0.09047432,0.67590815,2.2120528,0.57236916,1.0689075,0.033270765,1.7852286,1.174616,-0.62340426,-0.4389476,-0.8774978,-0.8761176,-0.41222516,0.04925462,-0.5097142,-0.6912171,-0.61086935,-1.1831479,1.1450857,0.61033267,2.3711627,-0.4627184,-1.1990219,1.5459805,-1.0633378,0.4583243,0.45593435,-1.1884973,-0.22040617,0.42601153,-1.1612673,1.671017,0.9332704,1.0039359,0.027724668,-0.764279,-0.9468866,-0.8084423,0.40678024,-0.15822965,-1.7916919,-1.1414608,-1.1995007,-0.74670106,0.5181096,0.43916342,-0.15246673,-0.7553222,-0.89136565,-0.21125488,-0.0842003,0.31588873,-0.85668176,-1.3999381,-0.24914771,-1.2112398,-0.0061427113,-0.78853863,0.23199677,-0.6708886,-0.716342,0.99692345,0.5433756,-0.08970916,-0.031970385,0.06391579,-0.8833295,-0.84262615,-1.1622546,-1.0969331,-0.696742,0.3629813,-0.20542358,0.9308924,0.4636622,0.15193784,0.055093497,0.051609043,-0.1140673,-1.3660531,0.883229,0.25437543,-1.2196747
-0.3096901,0.3541797,0.21001375,0.79813397,2.2125711,0.68776053,1.088462,0.31642127,2.073821,1.1742914,-0.59508675,-0.42920285,-0.84669924,-0.7238819,-0.3601707,0.32258004,-0.37114063,-0.812045,-0.1561498,-1.3155649,1.3266778,0.4170991,2.2377055,-0.40320748,-0.85376513,1.446191,-1.0775499,0.575547,0.558139,-1.0293306,-0.07101887,0.6322908,-0.976881,1.7866269,1.2315642,0.7926844,-0.13944848,-1.1340594,-0.9940126,-1.0134715,0.108324215,-0.071304455,-1.7484252,-1.1389095,-1.3639256,-0.928675,0.5168805,0.45184886,-0.024401316,-0.55505013,-0.7121287,-0.076545194,-0.039727453,0.57680696,-0.93553585,-1.3192043,-0.2016272,-1.1673723,-0.007284479,-0.66887265,0.57570755,-0.5200421,-0.5424564,1.0033212,0.47662228,0.101472184,0.23065704,-0.049612958,-0.82472426,-0.67184097,-1.1029602,-0.9573331,-0.58003485,0.6206693,0.074606575,1.2384439,0.7619458,0.20919077,0.04405593,0.43284267,-0.34374392,-1.3128257,0.90588605,0.280128,-1.4781171
-0.20789547,0.19079125,0.3073962,0.89436996,2.1250887,0.7899073,1.0786642,0.57944643,2.2988052,1.1382017,-0.5301517,-0.43298903,-0.77087736,-0.5736789,-0.32941687,0.583996,-0.23873971,-0.836557,0.28854477,-1.3663611,1.4509615,0.21515366,2.0669932,-0.32740298,-0.50323784,1.3314582,-1.0496979,0.68855304,0.61690813,-0.84571624,0.04698046,0.7957015,-0.73364943,1.8335997,1.4686619,0.5626011,-0.29498717,-1.4109244,-0.9739005,-1.128765,-0.24061906,0.034902573,-1.5464591,-1.0658947,-1.4475719,-1.0489146,0.5683441,0.4493756,0.10046869,-0.34731823,-0.53562987,0.030840129,-0.021415105,0.7380434,-0.9832294,-1.1602787,-0.17723127,-1.0491792,-0.0054119797,-0.56867415,0.8665348,-0.3832992,-0.35151505,0.9597281,0.40508047,0.2753968,0.44705445,-0.17270672,-0.7596899,-0.48803744,-0.9830467,-0.80148154,-0.4602506,0.8408836,0.34320882,1.4730154,0.99704736,0.2663417,-0.021650612,0.7830367,-0.5408762,-1.1766076,0.92420113,0.2522097,-1.6397256
-0.10598123,0.05156659,0.34960908,0.95767397,1.9701458,0.87753946,1.0470066,0.80105764,2.4395676,1.0727319,-0.42448407,-0.45074058,-0.66299546,-0.45105076,-0.3110884,0.79998344,-0.11649583,-0.7692671,0.6811531,-1.3186474,1.5045217,0.035634123,1.8735676,-0.23785806,-0.17374839,1.2199801,-0.9797816,0.78841305,0.6312937,-0.6507667,0.11227396,0.90661675,-0.45063663,1.8207277,1.6357853,0.33612987,-0.41636512,-1.555053,-0.87662905,-1.1589292,-0.5967199,0.13901754,-1.2156397,-0.94095945,-1.4482422,-1.079212,0.6741571,0.44139734,0.22255826,-0.14933449,-0.37265733,0.10275931,-0.026343012,0.78773123,-0.9831779,-0.9586377,-0.16809139,-0.8722152,0.0024662185,-0.4873815,1.0914975,-0.27926013,-0.15882657,0.87437963,0.3306314,0.4162945,0.5876407,-0.29557702,-0.6945494,-0.30891708,-0.8131119,-0.64416736,-0.35542876,1.0095284,0.58352,1.6223981,1.1578242,0.31227323,-0.13146025,1.0334076,-0.6857023,-0.976875,0.94243723,0.17672399,-1.7038447
-0.011483294,-0.053623084,0.313795,0.98027945,1.7722665,0.9473911,0.99855274,0.95996624,2.480481,0.9843746,-0.2811527,-0.48115408,-0.54097575,-0.37645745,-0.29527804,0.93799335,-0.0058133607,-0.62471455,0.98615193,-1.1691484,1.4805528,-0.09470583,1.666021,-0.14014314,0.11564194,1.1233076,-0.873238,0.86426306,0.6085444,-0.4600826,0.10991885,0.9600996,-0.14909078,1.7585464,1.7289864,0.12550953,-0.48864728,-1.5454375,-0.70532566,-1.1169642,-0.9133341,0.21945734,-0.8011829,-0.7854611,-1.3709644,-1.0051306,0.8237382,0.43637103,0.34074697,0.0231576,-0.23137064,0.13699184,-0.049826622,0.7293921,-0.92528635,-0.7508076,-0.16534255,-0.6596592,0.019912431,-0.42098358,1.2413874,-0.21947342,0.018220544,0.76772803,0.25202093,0.5132424,0.6338328,-0.4100444,-0.6373256,-0.15041985,-0.6087874,-0.49932623,-0.28067297,1.1172686,0.7814179,1.6824387,1.2403398,0.33250216,-0.26575065,1.1362263,-0.7650747,-0.73911464,0.96339697,0.06304258,-1.6835806
0.06578971,-0.11899389,0.19275932,0.955114,1.5565742,0.9948747,0.93494934,1.0378695,2.4138496,0.87918997,-0.11082898,-0.5205054,-0.42408913,-0.3621398,-0.27426636,0.97264403,0.09239325,-0.42567933,1.1790236,-0.9309006,1.3799423,-0.15855499,1.4474782,-0.042381812,0.35434833,1.0455662,-0.74013,0.9054373,0.56154025,-0.28993616,0.03354007,0.955821,0.15009417,1.6571945,1.748853,-0.066805154,-0.50700665,-1.3833842,-0.47632802,-1.0209811,-1.1467955,0.25871837,-0.35648966,-0.62136203,-1.2278049,-0.8294251,0.99490947,0.4392831,0.45212984,0.15679435,-0.11724605,0.13600497,-0.086025454,0.5808647,-0.807443,-0.56900465,-0.16194086,-0.43875116,0.049986597,-0.3631428,1.3101295,-0.20731167,0.16306971,0.6676443,0.16571474,0.5619103,0.58134526,-0.5102089,-0.59561646,-0.024747739,-0.38914916,-0.37817156,-0.24688041,1.1598486,0.92668235,1.6570168,1.2474308,0.3126812,-0.39989954,1.072635,-0.7740832,-0.4908359,0.9872776,-0.07560385,-1.6008104
0.115072176,-0.14421165,-0.0025467789,0.8780124,1.3459558,1.0153507,0.85471433,1.0226688,2.2425396,0.7632921,0.06946864,-0.5622775,-0.32956195,-0.41026306,-0.24495736,0.89127153,0.17613177,-0.20071489,1.2496343,-0.6325449,1.2123567,-0.15034902,1.217218,0.0457705,0.5399552,0.98428077,-0.5929529,0.9038995,0.5052245,-0.15505917,-0.11369515,0.89818287,0.42791298,1.5251877,1.7001734,-0.24502237,-0.47792047,-1.0917301,-0.21697351,-0.89098406,-1.2626617,0.24675874,0.065261774,-0.46980903,-1.037087,-0.5715654,1.1575302,0.4502532,0.552806,0.2412784,-0.03340499,0.1052882,-0.12855147,0.3716248,-0.6363436,-0.43776387,-0.1546908,-0.23676932,0.09415018,-0.30682623,1.2950382,-0.23812482,0.2629083,0.6028843,0.06766543,0.56430167,0.4407969,-0.5925396,-0.5746291,0.060795225,-0.17390898,-0.28793532,-0.259782,1.1380665,1.0135995,1.5574739,1.1879245,0.242135,-0.50923747,0.8543593,-0.7164206,-0.2575256,1.0107241,-0.22204693,-1.4805367
0.12739278,-0.1344433,-0.24429977,0.7491482,1.158797,1.0055534,0.75480145,0.91114587,1.9804113,0.64284915,0.23874612,-0.597284,-0.26922634,-0.5128288,-0.209415,0.6979175,0.24138512,0.01900073,1.2023426,-0.31479543,0.99495906,-0.077057384,0.9739187,0.11437983,0.67694235,0.9322087,-0.4442497,0.85647464,0.45303494,-0.066549845,-0.3189555,0.79537237,0.66866565,1.3693777,1.5913899,-0.41499853,-0.417149,-0.71034837,0.039253656,-0.74615735,-1.2403723,0.18302059,0.4190786,-0.34939778,-0.82208705,-0.2651729,1.2783066,0.4649731,0.63841814,0.27006522,0.019769184,0.051564693,-0.1707733,0.13780895,-0.42630643,-0.37123173,-0.14513859,-0.0763945,0.15144409,-0.2454289,1.1970087,-0.30051762,0.31099725,0.59618026,-0.04435021,0.52810776,0.23592855,-0.6555168,-0.57521355,0.10453342,0.018705018,-0.23113644,-0.31923658,1.057667,1.0415653,1.4011993,1.0751927,0.11719171,-0.57447237,0.5192857,-0.6038141,-0.059295613,1.0267103,-0.35537747,-1.3450902
0.09820609,-0.0998685,-0.49257886,0.5746391,1.0077825,0.96499014,0.63286406,0.7108233,1.651259,0.5243541,0.37628844,-0.61497355,-0.24730195,-0.6529122,-0.17412034,0.41435313,0.2822746,0.20344427,1.0548012,-0.023632133,0.7510279,0.04406491,0.7186616,0.15560113,0.77383035,0.87999916,-0.30460793,0.7660897,0.41344664,-0.029819071,-0.5613292,0.65915567,0.8608429,1.1951904,1.4340947,-0.58006513,-0.34635207,-0.2896683,0.25886923,-0.60372865,-1.0759885,0.07660435,0.67400044,-0.2751205,-0.608763,0.04777291,1.3273119,0.476023,0.70523125,0.24114111,0.044466972,-0.018319037,-0.20648542,-0.082685366,-0.19777898,-0.37266847,-0.13881627,0.027891273,0.21803199,-0.17386998,1.021924,-0.37844473,0.30791888,0.65804774,-0.168394,0.46509162,-0.00037924538,-0.6990063,-0.593013,0.11037663,0.17454484,-0.20521535,-0.41928735,0.92872995,1.0148073,1.2098726,0.92590624,-0.056674957,-0.5852269,0.12324548,-0.45395622,0.09171748,1.0252498,-0.4525993,-1.2094923
0.028588617,-0.053982973,-0.7027518,0.3665038,0.8992407,0.8969268,0.48972556,0.43977126,1.2860227,0.41462445,0.46549568,-0.6046081,-0.25935167,-0.80718064,-0.14765966,0.0779775,0.29220304,0.32747388,0.83414286,0.19830443,0.50581443,0.18918684,0.4570952,0.16525657,0.84111613,0.8188512,-0.18022755,0.64212036,0.38824397,-0.043760967,-0.8143415,0.5036028,0.9972438,1.0082501,1.2421485,-0.7375219,-0.28822103,0.11664074,0.41469762,-0.4776442,-0.7829127,-0.05526531,0.81694156,-0.2568668,-0.4230728,0.32434294,1.2838645,0.4754645,0.75100446,0.15757237,0.045507457,-0.097639844,-0.22942148,-0.25586528,0.025752472,-0.4346141,-0.14276773,0.07210354,0.2875885,-0.08918124,0.78091085,-0.45376575,0.26107794,0.78283757,-0.29751125,0.38940758,-0.23103629,-0.72363406,-0.61819786,0.08713266,0.2846554,-0.20326518,-0.54835963,0.7650852,0.94219834,1.00709,0.758299,-0.2646078,-0.5422559,-0.27082622,-0.2876233,0.19233508,0.99489576,-0.49138564,-1.0792377
-0.07284714,-0.011542073,-0.83438843,0.14235811,0.83328086,0.8086208,0.3314375,0.12536642,0.91850907,0.32020715,0.49813756,-0.5567534,-0.29245576,-0.9496061,-0.13750471,-0.26367927,0.26535705,0.37355852,0.572295,0.32063925,0.28328764,0.33222917,0.2005162,0.14455308,0.8888135,0.743035,-0.072300866,0.49920094,0.37212986,-0.100120984,-1.049528,0.34459418,1.0753305,0.81513125,1.0311756,-0.8782861,-0.26119775,0.45888096,0.49110207,-0.37819022,-0.3898711,-0.19037767,0.8521896,-0.2983979,-0.2875852,0.5282563,1.1410704,0.45767298,0.7758208,0.028191863,0.029900206,-0.18041475,-0.23361933,-0.35531738,0.2208017,-0.5407119,-0.16252498,0.06378979,0.3519157,0.00882453,0.49033937,-0.508698,0.18320383,0.9480556,-0.41978788,0.3157918,-0.42016596,-0.7302491,-0.63642234,0.0473902,0.34601635,-0.2149256,-0.6905594,0.583435,0.8361882,0.81585443,0.5907786,-0.48372602,-0.45711565,-0.60378873,-0.12551056,0.2475274,0.9252274,-0.4542531,-0.95089865
-0.19090976,0.013290093,-0.8596652,-0.076494165,0.8042564,0.7107766,0.16965023,-0.19896537,0.5807186,0.24672942,0.47665527,-0.4648301,-0.3269519,-1.0553535,-0.14704046,-0.5605542,0.19837278,0.33382496,0.30129394,0.33123517,0.10189281,0.44913608,-0.03539228,0.10096434,0.92504764,0.65167975,0.023512088,0.355339,0.35361814,-0.18483874,-1.2403735,0.1982157,1.0967557,0.6245867,0.81759864,-0.98864615,-0.27555516,0.69717926,0.48748943,-0.31098303,0.06273677,-0.3058595,0.79901123,-0.39666274,-0.21824001,0.63614905,0.90764046,0.4212921,0.78266805,-0.13272142,0.0063524246,-0.26096916,-0.21299513,-0.36534682,0.3674363,-0.66852653,-0.19880964,0.020535331,0.40199363,0.117473215,0.17060843,-0.5283714,0.089521945,1.116949,-0.52057344,0.25768763,-0.5378837,-0.71983486,-0.6305246,0.0061010052,0.3611711,-0.2279674,-0.8274799,0.40186453,0.7115962,0.65608835,0.44053698,-0.68655914,-0.34938145,-0.8293964,0.015338826,0.26844847,0.8089029,-0.33265692,-0.8153008
-0.30490538,0.008380214,-0.76973206,-0.267274,0.80166495,0.615939,0.020871794,-0.49774304,0.2982514,0.1972212,0.41485888,-0.32616934,-0.3392626,-1.1048026,-0.1735837,-0.7687277,0.091380805,0.21074013,0.048054475,0.23901848,-0.0282104,0.5207977,-0.23278387,0.047580894,0.9553087,0.5490942,0.11598661,0.22898853,0.3170408,-0.27958834,-1.3661284,0.0797306,1.0671264,0.44742906,0.61742014,-1.0538732,-0.3306332,0.8057199,0.41847202,-0.27677995,0.5279785,-0.3825336,0.68574977,-0.54182434,-0.22177804,0.64194256,0.6069819,0.37063015,0.7773147,-0.30612883,-0.016045349,-0.33449203,-0.16128251,-0.28151304,0.45241943,-0.7927494,-0.24560858,-0.032986794,0.4289622,0.23112248,-0.15577292,-0.5020039,-0.005574322,1.2443252,-0.5853886,0.22595334,-0.5639758,-0.6932852,-0.5829709,-0.021396482,0.33684927,-0.22959255,-0.9404605,0.23821977,0.58379877,0.5422827,0.32192975,-0.8456026,-0.24273214,-0.9205467,0.12396856,0.2689686,0.643712,-0.13049538,-0.6623122
-0.39270473,-0.03557735,-0.5771956,-0.4089379,0.8116762,0.5366528,-0.09600202,-0.73800606,0.08689183,0.17114148,0.33590457,-0.14257108,-0.305506,-1.0865961,-0.20759867,-0.858022,-0.05156908,0.016428808,-0.16791825,0.071538575,-0.107021965,0.53479284,-0.37543458,0.0016711339,0.98240745,0.4443542,0.21637799,0.13597435,0.24572614,-0.3642666,-1.4150174,0.002057033,0.99523705,0.29593608,0.4450885,-1.0626403,-0.4148386,0.7752533,0.31100973,-0.2714791,0.95791274,-0.40878898,0.54336554,-0.71839064,-0.29473573,0.55741394,0.27302963,0.31494188,0.76818496,-0.47033727,-0.029352583,-0.3970975,-0.0724585,-0.110170595,0.47147626,-0.8890663,-0.28976178,-0.06949831,0.4248975,0.34124193,-0.46699902,-0.4246389,-0.09110272,1.284379,-0.60368735,0.22776304,-0.48998502,-0.65140474,-0.47851223,-0.02092387,0.28200597,-0.2082625,-1.0136354,0.10800608,0.46696466,0.4818313,0.24534735,-0.9381796,-0.15929002,-0.87224704,0.1968077,0.26174447,0.43348324,0.1340787,-0.48618627
-0.43349433,-0.12524049,-0.31452718,-0.484868,0.81863225,0.483156,-0.16293997,-0.8935023,-0.049315922,0.16335002,0.2687376,0.079633735,-0.2055847,-0.99945277,-0.23389423,-0.817659,-0.22322653,-0.22890104,-0.3368172,-0.13138953,-0.14480023,0.4858943,-0.45252848,-0.01810395,1.0071784,0.34942356,0.3359415,0.08671403,0.12478673,-0.4199552,-1.385822,-0.02554835,0.8924199,0.18206881,0.31186017,-1.0108795,-0.50766677,0.6138271,0.1995574,-0.28649816,1.3090657,-0.3831961,0.39892095,-0.9072138,-0.4238921,0.40944138,-0.055418223,0.2666335,0.76494807,-0.60324174,-0.027819239,-0.4467501,0.058283154,0.13375124,0.43078735,-0.9385233,-0.31305817,-0.063904725,0.38342848,0.4371084,-0.7445255,-0.29729834,-0.16173853,1.1992007,-0.5720493,0.26583126,-0.32012102,-0.59499794,-0.3070002,0.01826005,0.20612612,-0.15487644,-1.0364178,0.022260796,0.3721502,0.47393543,0.21614416,-0.950861,-0.114951074,-0.7011013,0.2371837,0.2549827,0.18796642,0.4299181,-0.28919134
-0.41256127,-0.2647222,-0.02830108,-0.48551884,0.8070934,0.46146178,-0.16631567,-0.948178,-0.118106924,0.1639452,0.242931,0.33007964,-0.026970485,-0.85243154,-0.2339355,-0.6579857,-0.4138917,-0.49895284,-0.45766166,-0.32744634,-0.16008908,0.37601304,-0.46172205,0.004920561,1.0291386,0.27654105,0.48321396,0.084283255,-0.056315728,-0.4314879,-1.288166,0.0013987825,0.7717189,0.115491115,0.22453931,-0.903851,-0.58366203,0.34568927,0.11927073,-0.3106675,1.5471388,-0.31495997,0.2705691,-1.0883831,-0.5886149,0.23506552,-0.3414874,0.23831068,0.7770242,-0.6858494,-0.009473874,-0.48375824,0.23337598,0.42942798,0.34647375,-0.93089753,-0.2956718,0.0017623606,0.30003375,0.50674194,-0.9753073,-0.12785156,-0.21756494,0.96612585,-0.49623212,0.33796054,-0.07008455,-0.524914,-0.06572503,0.10208442,0.11710507,-0.06374636,-1.0056177,-0.014095845,0.30590552,0.5099461,0.2340018,-0.88198066,-0.11532842,-0.44205755,0.25378048,0.24983913,-0.07874696,0.71666145,-0.083425425
-0.32368535,-0.4556677,0.22940111,-0.410066,0.764075,0.47234777,-0.100159906,-0.8981943,-0.13695377,0.15923786,0.28289637,0.5954841,0.23238118,-0.6635179,-0.18898125,-0.408587,-0.61285233,-0.7642282,-0.53644484,-0.4814405,-0.17666022,0.21357991,-0.41082686,0.08225692,1.0473216,0.23556182,0.66143847,0.1239197,-0.30165157,-0.38942522,-1.1409714,0.081869915,0.6470044,0.10147059,0.184176,-0.75624835,-0.61749274,0.00815231,0.099104695,-0.33237574,1.6504672,-0.2227349,0.16543749,-1.2442759,-0.76447314,0.073796324,-0.5565871,0.23954731,0.81192476,-0.70543724,0.02398588,-0.5108976,0.45117733,0.75266653,0.24269131,-0.86707306,-0.2210065,0.13524202,0.17252113,0.53826964,-1.152758,0.069393456,-0.2629083,0.5831126,-0.39105713,0.43768767,0.23471497,-0.44231516,0.23893732,0.2302485,0.020400656,0.06679352,-0.9264297,-0.0030851283,0.26976362,0.57452804,0.2929002,-0.74197614,-0.1538184,-0.14267376,0.25763547,0.24024549,-0.35027593,0.9512303,0.11064581
-0.17117284,-0.6967659,0.4106681,-0.2668835,0.68109334,0.51125216,0.032398622,-0.75239235,-0.1295721,0.13413206,0.4032808,0.8603919,0.56272614,-0.45688388,-0.08388159,-0.11262818,-0.8095921,-0.9952288,-0.58340967,-0.5734003,-0.2191731,0.013489258,-0.31684804,0.21785086,1.0610685,0.23157391,0.86708575,0.19351912,-0.6075965,-0.29155546,-0.96933234,0.2094471,0.5320286,0.13925472,0.18568805,-0.5901648,-0.58873665,-0.35269192,0.15652935,-0.34215707,1.6122295,-0.13145125,0.07979532,-1.3622674,-0.9275573,-0.039225075,-0.6847384,0.27457187,0.87326,-0.65765756,0.066919506,-0.53304076,0.7046908,1.0791206,0.14802521,-0.7593175,-0.079991154,0.33205172,0.0014386275,0.52147627,-1.2767496,0.27384356,-0.30417493,0.07030701,-0.2781864,0.55493003,0.5624209,-0.34876567,0.59131277,0.3960068,-0.081284694,0.23450862,-0.81200933,0.04622373,0.2605191,0.6481012,0.38189906,-0.5512804,-0.21249676,0.14395757,0.2595021,0.21400747,-0.6104764,1.095232,0.26867524
0.030741734,-0.98272145,0.48025882,-0.072155304,0.55623895,0.56941444,0.21909209,-0.5310526,-0.120973215,0.07493865,0.60561866,1.1087896,0.942836,-0.2592205,0.09028003,0.18074398,-0.99463993,-1.1655005,-0.60956174,-0.6019772,-0.30794707,-0.20391262,-0.20352064,0.40659615,1.07016,0.26375222,1.0892345,0.27626455,-0.96266437,-0.14309205,-0.80061686,0.37273437,0.43948138,0.22143719,0.2181551,-0.43127024,-0.4864194,-0.6881908,0.2938093,-0.33471063,1.440688,-0.068305835,0.002672837,-1.4367551,-1.0583895,-0.07920995,-0.7249794,0.34091112,0.96020013,-0.548231,0.11105791,-0.5560475,0.980897,1.3852861,0.09147278,-0.62956876,0.1255875,0.5759471,-0.2091947,0.44954297,-1.3514388,0.46030653,-0.34635675,-0.5317946,-0.18275936,0.6776015,0.8786357,-0.24650042,0.96711963,0.58659875,-0.18715616,0.4333453,-0.68169487,0.11920297,0.27143598,0.7099675,0.486498,-0.33634394,-0.26532614,0.3672544,0.26713094,0.15615667,-0.8453357,1.1220083,0.3676768
0.26004875,-1.3030719,0.42136458,0.15216394,0.39537674,0.63592255,0.44024253,-0.2631415,-0.1326347,-0.027215986,0.87728566,1.3247875,1.3423471,-0.09558369,0.33387515,0.42523873,-1.1602228,-1.2552029,-0.6237275,-0.5834183,-0.45462143,-0.41367057,-0.096742906,0.63479877,1.0747716,0.32540444,1.3107154,0.35370195,-1.3478416,0.04415592,-0.6602034,0.5566743,0.38004574,0.3341559,0.26599467,-0.30428782,-0.3111599,-0.95350665,0.49757245,-0.31016266,1.1581324,-0.058333673,-0.07912712,-1.4697642,-1.1450524,-0.036090866,-0.6904031,0.43026766,1.0671011,-0.39203164,0.14703673,-0.58503723,1.2609968,1.6502621,0.09713833,-0.5052907,0.38246632,0.84141225,-0.4515692,0.3203037,-1.3832201,0.60169953,-0.3903689,-1.1673142,-0.12820518,0.7930988,1.1504788,-0.13837993,1.3360724,0.78479546,-0.29700178,0.6539589,-0.5580147,0.19774076,0.29401308,0.74148256,0.5903444,-0.124535315,-0.28348622,0.4870764,0.2841335,0.053169556,-1.0444334,1.0216364,0.39237675
0.4900735,-1.6416736,0.23742346,0.38182,0.21252796,0.7002535,0.6720553,0.017566033,-0.1780242,-0.17368452,1.1929634,1.4939239,1.7252411,0.013875765,0.63806975,0.58469653,-1.3005599,-1.2540481,-0.63048345,-0.54533714,-0.65919614,-0.58841264,-0.019108227,0.88203377,1.0754744,0.4055752,1.5098767,0.4097585,-1.7379813,0.25332385,-0.5680291,0.7438231,0.3612176,0.4587564,0.31102014,-0.22857533,-0.07595404,-1.1134174,0.7410745,-0.2736247,0.79794836,-0.12025872,-0.17540494,-1.470185,-1.18479,0.08471856,-0.6048977,0.53051454,1.1846673,-0.21121013,0.166094,-0.6231556,1.5221151,1.8558271,0.18047333,-0.41389188,0.66710836,1.0974143,-0.7137876,0.13744874,-1.3775928,0.6724216,-0.43196833,-1.7729208,-0.13139749,0.8897236,1.3504549,-0.027577654,1.665282,0.9713058,-0.4094968,0.8847703,-0.46332777,0.26282102,0.31965616,0.72902256,0.67751986,0.060414758,-0.24174158,0.48017237,0.30945474,-0.10287153,-1.2010983,0.80317277,0.33949864
0.6937823,-1.9771135,-0.049821362,0.5937735,0.028778974,0.75460565,0.89057106,0.27694616,-0.26004726,-0.35694605,1.518336,1.6037228,2.054803,0.0566962,0.98544353,0.63907063,-1.4123201,-1.163401,-0.6299386,-0.51836574,-0.9088483,-0.7015538,0.014902013,1.1239303,1.0726635,0.4915674,1.6637783,0.43411583,-2.1044796,0.46442708,-0.53619444,0.91595566,0.38665625,0.5737722,0.3347089,-0.21416225,0.19601175,-1.1470717,0.98824316,-0.23399454,0.40115988,-0.26328605,-0.2876641,-1.4518788,-1.1839334,0.26384324,-0.49774864,0.6288466,1.3016111,-0.03130395,0.16176778,-0.6700943,1.7399164,1.9866691,0.3446711,-0.3773655,0.949895,1.3120391,-0.98048174,-0.08910102,-1.3375624,0.65244156,-0.46100473,-2.2862709,-0.19911991,0.95836276,1.4596018,0.08264357,1.9234002,1.1275688,-0.5209321,1.112372,-0.41629487,0.29728934,0.34148997,0.6656273,0.7343923,0.20211914,-0.124715075,0.34463087,0.33806285,-0.31086853,-1.3122519,0.49296072,0.21952733
0.84761065,-2.2846622,-0.40567005,0.76958424,-0.13009188,0.7954021,1.0752884,0.48486906,-0.37030134,-0.56147176,1.8148333,1.6445638,2.2981899,0.029563334,1.3517237,0.5862593,-1.494785,-0.9969084,-0.61838806,-0.5274204,-1.1794116,-0.7310616,0.0022232842,1.3360715,1.0666025,0.571509,1.7514837,0.42464077,-2.4178405,0.65680945,-0.5683133,1.0556693,0.4555945,0.65765774,0.32131046,-0.25975105,0.47519752,-1.0504982,1.1998247,-0.20155841,0.011721113,-0.4851144,-0.40671673,-1.4310738,-1.1563741,0.47193557,-0.39765382,0.7152113,1.4069766,0.12288173,0.1311009,-0.7222141,1.891769,2.0309975,0.5797397,-0.4077581,1.2002797,1.4573189,-1.2340684,-0.34335446,-1.2624257,0.5316418,-0.46408308,-2.654549,-0.32578593,0.99294084,1.4693862,0.18951255,2.085189,1.2388048,-0.624843,1.3227066,-0.42911175,0.28795415,0.3549619,0.5515935,0.751237,0.29350623,0.06905555,0.100650474,0.36236963,-0.55920506,-1.3773415,0.13029851,0.05615464
0.93433344,-2.5397189,-0.7892468,0.8976241,-0.23740608,0.8238871,1.2122108,0.6191542,-0.49107823,-0.7656187,2.045419,1.61024,2.4309542,-0.061733898,1.7089223,0.44102824,-1.5502077,-0.7794498,-0.5906015,-0.5841247,-1.4396181,-0.66395247,-0.048131097,1.4974753,1.0577307,0.6369199,1.7573497,0.38803038,-2.6515787,0.8113157,-0.660447,1.147413,0.5621891,0.6914813,0.25986245,-0.3524717,0.73094934,-0.8362911,1.3394771,-0.18521413,-0.32809508,-0.7714131,-0.51285064,-1.4234987,-1.1206588,0.675659,-0.32700494,0.7848615,1.4922982,0.23171331,0.07546242,-0.773162,1.9603947,1.9808505,0.8635319,-0.5046276,1.3923203,1.5127567,-1.4568958,-0.6045071,-1.1493049,0.31216836,-0.4271428,-2.8411043,-0.49429396,0.9910019,1.3821219,0.2909286,2.1347618,1.2962058,-0.71238035,1.5019196,-0.5059284,0.22691649,0.35830665,0.39378995,0.7232204,0.33661592,0.32527804,-0.2117711,0.37389404,-0.82661325,-1.3975117,-0.23901841,-0.11790458
0.9452186,-2.72159,-1.1606308,0.9741616,-0.26989496,0.84532213,1.2954509,0.6682072,-0.5993298,-0.9458502,2.1799622,1.4991376,2.4405243,-0.2034081,2.0285556,0.23123805,-1.5839449,-0.5437253,-0.5422201,-0.6840475,-1.6562266,-0.49943975,-0.11669238,1.5937047,1.0468384,0.68381226,1.6736982,0.33847243,-2.785677,0.9123056,-0.8028908,1.178968,0.69658333,0.6613015,0.14608076,-0.46952978,0.9372341,-0.53115433,1.3797014,-0.19045188,-0.58235675,-1.0968333,-0.5792261,-1.4415946,-1.0963395,0.84348154,-0.29777277,0.83923334,1.5533429,0.2838408,0.0,-0.8157214,1.9366069,1.8331652,1.1645268,-0.6553748,1.5095582,1.468123,-1.63371,-0.8492942,-0.9952585,0.009913351,-0.33928484,-2.8299081,-0.67853546,0.9538385,1.2100203,0.38568488,2.0684521,1.298397,-0.77395326,1.637335,-0.6426513,0.11212845,0.3520817,0.20401496,0.6508058,0.3410357,0.61569816,-0.5391134,0.36504784,-1.0854102,-1.3746969,-0.5699821,-0.26615483
0.8807447,-2.8174484,-1.486714,1.0032754,-0.21220061,0.8675347,1.3273144,0.6321833,-0.6717724,-1.0810103,2.1991427,1.315229,2.3277268,-0.37575042,2.285608,-0.008406697,-1.603965,-0.32547933,-0.47160944,-0.80670345,-1.7998432,-0.25084397,-0.17798291,1.6193287,1.0361218,0.7128736,1.5023414,0.29471856,-2.8094857,0.9493523,-0.9827322,1.1423116,0.8456151,0.5600289,-0.016716545,-0.5818887,1.0776727,-0.17135528,1.3064781,-0.21720852,-0.7250757,-1.4268563,-0.57749987,-1.4925683,-1.099952,0.9511843,-0.3098504,0.8854275,1.5907334,0.27825734,-0.086852975,-0.84366256,1.8215007,1.5910043,1.447392,-0.83734363,1.547767,1.3239925,-1.7539382,-1.0550662,-0.80022264,-0.3465074,-0.19634925,-2.62678,-0.84801257,0.8861042,0.97318155,0.47302157,1.8952931,1.2515224,-0.8014014,1.7188361,-0.82787514,-0.052792925,0.3384704,-0.002898199,0.5392027,0.32104477,0.90272206,-0.82306296,0.33075866,-1.3058327,-1.3113835,-0.8247513,-0.35452026
0.749883,-2.8245947,-1.7447345,0.9952919,-0.060449485,0.8986634,1.3168991,0.5225604,-0.6903444,-1.1561654,2.0971715,1.0693761,2.1070476,-0.55587023,2.4613798,-0.24303976,-1.6196742,-0.15751709,-0.3811668,-0.9204973,-1.8495566,0.05513734,-0.20598428,1.5781538,1.0293143,0.72822934,1.254916,0.27576846,-2.7235622,0.91854584,-1.186084,1.0348933,0.9948239,0.38881218,-0.2177351,-0.6588987,1.148841,0.20307612,1.1214792,-0.2595522,-0.7426093,-1.7214534,-0.484229,-1.57734,-1.1416261,0.98537564,-0.35174808,0.9339752,1.6094494,0.22388732,-0.17507501,-0.85353136,1.6265137,1.2643205,1.6780826,-1.0221858,1.5153651,1.0915908,-1.8134928,-1.2034253,-0.5696966,-0.71846247,-0.0028287603,-2.2581277,-0.97353846,0.7958134,0.69697714,0.5523576,1.6362185,1.1680417,-0.7898498,1.7400442,-1.0448024,-0.259071,0.32058528,-0.21113494,0.3977307,0.2924183,1.1465862,-1.0105559,0.2700932,-1.4617004,-1.210848,-0.97710097,-0.3571919
0.56890154,-2.7511008,-1.923009,0.9644426,0.17602912,0.94508433,1.2775843,0.36012307,-0.6462114,-1.1654177,1.882349,0.7798271,1.804804,-0.72070014,2.5457978,-0.4436688,-1.640217,-0.06429805,-0.2759046,-0.9895956,-1.7959963,0.38163358,-0.18008602,1.4829457,1.0320373,0.73551756,0.95169115,0.29660365,-2.539616,0.82288784,-1.3993843,0.86041576,1.1308707,0.15703782,-0.43983832,-0.6735923,1.1607642,0.55409575,0.84276736,-0.3057453,-0.6346214,-1.9391326,-0.2872743,-1.6901762,-1.2225164,0.94596064,-0.40395984,0.9954477,1.6174172,0.1376184,-0.25475413,-0.845698,1.3725744,0.8704932,1.8298162,-1.1806141,1.4313881,0.79061025,-1.8151826,-1.2833273,-0.3159581,-1.062006,0.22846399,-1.7668294,-1.0319691,0.69311315,0.40912992,0.62275434,1.3211952,1.0646254,-0.7391926,1.6996593,-1.2738408,-0.4936471,0.30214268,-0.40515453,0.23834321,0.26953754,1.3131875,-1.0633061,0.18714991,-1.5346352,-1.0774715,-1.0142728,-0.26081157
0.35957065,-2.6141381,-2.0192137,0.9261738,0.4747303,1.0099337,1.2239846,0.17193773,-0.54192543,-1.1125008,1.5756687,0.47190592,1.4557972,-0.84960335,2.53845,-0.5911632,-1.6718638,-0.057369605,-0.16236092,-0.9820179,-1.6420227,0.6866032,-0.08977261,1.3529686,1.0507473,0.7398722,0.6196127,0.3644668,-2.2790027,0.67256814,-1.6098421,0.6293698,1.2438397,-0.118065506,-0.6613535,-0.60717297,1.1351436,0.8511847,0.5022635,-0.33950666,-0.41350546,-2.0419226,0.010357244,-1.8194777,-1.3334986,0.8448112,-0.443613,1.0770653,1.6231025,0.041006345,-0.31745693,-0.82398653,1.087425,0.43371537,1.8869867,-1.2869883,1.3214691,0.44714153,-1.7679133,-1.2931145,-0.057615515,-1.3328347,0.4776445,-1.2065172,-1.010307,0.5899606,0.13683173,0.6827816,0.98560977,0.9591897,-0.6543577,1.6021506,-1.4947205,-0.7398723,0.2874165,-0.57085395,0.074411705,0.26334986,1.3810166,-0.96476674,0.09134312,-1.517644,-0.9177277,-0.936582,-0.06658912
0.14665124,-2.43638,-2.0372958,0.89476043,0.8024287,1.0920451,1.1690675,-0.012835225,-0.39095435,-1.0099132,1.2080289,0.17677075,1.0986993,-0.9263178,2.448005,-0.6780324,-1.7158233,-0.13332003,-0.045875132,-0.87663656,-1.4004589,0.92940986,0.0625524,1.2108757,1.091637,0.7439518,0.2889173,0.47697675,-1.9697679,0.48413533,-1.8051136,0.35895225,1.3288321,-0.41324908,-0.85892797,-0.45220602,1.1005291,1.075112,0.14180923,-0.34203085,-0.10203132,-2.0008135,0.3892876,-1.9489368,-1.4558396,0.703392,-0.44986558,1.1799849,1.6332698,-0.044072665,-0.35754293,-0.7943183,0.802093,-0.01600115,1.8471733,-1.3231831,1.2129244,0.090876505,-1.6846557,-1.2405952,0.18326978,-1.4919593,0.7217499,-0.63456666,-0.9076972,0.4984417,-0.09538022,0.7306067,0.6656984,0.8680613,-0.5441412,1.4581219,-1.6886113,-0.97859734,0.28095925,-0.6962524,-0.08060545,0.28065494,1.3457813,-0.7234395,-0.0028811023,-1.4155239,-0.74101084,-0.7546209,0.20924409
-0.043899674,-2.2416558,-1.9835588,0.88096285,1.1193248,1.1859496,1.1216016,-0.1668967,-0.21481483,-0.8756189,0.81625646,-0.07218553,0.7710079,-0.94032615,2.2903554,-0.7073481,-1.7665431,-0.2744083,0.07159136,-0.6686995,-1.0915254,1.0775106,0.26180673,1.0790883,1.1584836,0.7471146,-0.010396826,0.6218309,-1.6422446,0.27879843,-1.9724078,0.07199615,1.3871464,-0.70173925,-1.010091,-0.21384662,1.0859654,1.2200245,-0.19276349,-0.29476497,0.26963362,-1.8004289,0.8159949,-2.05959,-1.5634699,0.5485812,-0.40812823,1.297744,1.6510313,-0.09926648,-0.37276685,-0.76279974,0.5464502,-0.44581193,1.7206773,-1.2808545,1.1295315,-0.2477266,-1.5793618,-1.1413862,0.38476422,-1.5110706,0.93881565,-0.10505214,-0.7349708,0.42941475,-0.26831612,0.76435244,0.39403138,0.8034852,-0.41961765,1.2836624,-1.839365,-1.1893702,0.28788102,-0.7720848,-0.21426287,0.32447857,1.2220567,-0.37133405,-0.078073815,-1.2441099,-0.5597941,-0.4856366,0.5379554
-0.18803893,-2.0503247,-1.8636055,0.8907253,1.3846097,1.282757,1.0851686,-0.26864785,-0.03859678,-0.7295291,0.43878233,-0.24330805,0.5041306,-0.8874745,2.0857701,-0.6899419,-1.8114171,-0.45192343,0.19167307,-0.37175658,-0.73840225,1.111852,0.48227242,0.97631353,1.2505844,0.7450519,-0.2520515,0.7787396,-1.3247578,0.08025477,-2.0978785,-0.20504504,1.4254519,-0.95624745,-1.0964878,0.091212705,1.1144739,1.2928727,-0.4572404,-0.1825637,0.6676711,-1.4427559,1.247491,-2.1318157,-1.6266701,0.4082067,-0.31284308,1.4167398,1.6747271,-0.11281321,-0.36389536,-0.7331932,0.34544024,-0.82248974,1.5279458,-1.1619917,1.0871994,-0.53997195,-1.4640433,-1.015436,0.52960235,-1.3767805,1.1118692,0.3371061,-0.51230764,0.39076486,-0.36972633,0.78263324,0.19558111,0.771949,-0.29143795,1.0984365,-1.9342495,-1.3520575,0.3132454,-0.79244065,-0.3159965,0.39526278,1.0404086,0.041680936,-0.11625856,-1.0266348,-0.38927442,-0.15002638,0.8815875
-0.26531193,-1.8759854,-1.6809378,0.9246986,1.5621119,1.3712704,1.0576689,-0.30509835,0.11378785,-0.58944523,0.110759236,-0.3119557,0.31912175,-0.76970726,1.8554261,-0.64004064,-1.8319272,-0.6313281,0.31905556,-0.016182873,-0.36407197,1.0300173,0.6923427,0.9141567,1.3612633,0.7309338,-0.41692227,0.92270076,-1.0399451,-0.08815386,-2.1669078,-0.44505966,1.4540188,-1.1522971,-1.106526,0.43733704,1.1972353,1.310536,-0.61544126,0.003281477,1.0584068,-0.94864565,1.637948,-2.1478863,-1.6169499,0.30601257,-0.16812511,1.5181036,1.698008,-0.08150926,-0.3341047,-0.70574546,0.21530698,-1.116329,1.2954009,-0.97825474,1.0912883,-0.7614547,-1.3463498,-0.8826937,0.60895956,-1.0934324,1.2320915,0.6604299,-0.26564524,0.386176,-0.39589426,0.7850468,0.0850653,0.7734098,-0.16786826,0.92340815,-1.9642309,-1.4491857,0.36123332,-0.75574535,-0.37790495,0.49239555,0.84182674,0.45706385,-0.102055945,-0.7895679,-0.24579313,0.23102488,1.1984025
-0.2616038,-1.723882,-1.4374338,0.9782402,1.6254802,1.4397484,1.0325156,-0.273495,0.22380634,-0.46775785,-0.13991374,-0.2652182,0.22437704,-0.5947135,1.618023,-0.5713859,-1.8066162,-0.7788199,0.45940515,0.35544527,0.011146067,0.84673196,0.85975003,0.89572775,1.4773444,0.6968303,-0.49513692,1.0284145,-0.8018579,-0.20656124,-2.1649992,-0.6237335,1.4840022,-1.2711943,-1.0373077,0.7939819,1.3302478,1.2951198,-0.6438031,0.26258126,1.4111451,-0.35701042,1.9457698,-2.09423,-1.512001,0.25814468,0.014161841,1.5811718,1.7107481,-0.010388884,-0.2880496,-0.6762623,0.1618909,-1.3039023,1.0510099,-0.7486525,1.1357164,-0.89458954,-1.2283367,-0.75893635,0.6246264,-0.6837657,1.2997322,0.8490949,-0.022232112,0.41364455,-0.3522431,0.77239776,0.0655125,0.80155176,-0.05378355,0.7775513,-1.9239733,-1.4680688,0.43393523,-0.66539913,-0.3953574,0.61550295,0.66980106,0.8178707,-0.026416868,-0.5583381,-0.14470494,0.636608,1.4482251
-0.17093362,-1.5912638,-1.1355768,1.0422384,1.5620846,1.4773309,1.0000759,-0.18151568,0.28081807,-0.37020233,-0.2955207,-0.10564039,0.21489386,-0.37504336,1.3872248,-0.49443233,-1.7152027,-0.86763,0.6160998,0.695093,0.37077934,0.5903236,0.95691353,0.91513145,1.5804691,0.6353156,-0.48736316,1.0744503,-0.61512387,-0.26110446,-2.0798903,-0.72300595,1.5241375,-1.3022059,-0.89551115,1.1298662,1.494368,1.2679454,-0.53504676,0.58492327,1.7006181,0.2791857,2.1393833,-1.9635345,-1.2999432,0.27058652,0.21734418,1.5874746,1.7008713,0.0883284,-0.23093253,-0.6374038,0.17977737,-1.3713521,0.8204223,-0.49667025,1.2041968,-0.9305647,-1.106944,-0.6527746,0.5888165,-0.18784267,1.3230278,0.902693,0.1936474,0.46573794,-0.2528808,0.74665266,0.1285809,0.84503216,0.049862385,0.6747201,-1.8120373,-1.4032015,0.53000396,-0.5304389,-0.36760136,0.7648909,0.561548,1.0785406,0.11114562,-0.35334638,-0.09729887,1.0455775,1.5980381
0.0034689116,-1.4693651,-0.7815428,1.1040672,1.3747348,1.4754388,0.95001656,-0.04598966,0.28289908,-0.29553422,-0.3506213,0.14772275,0.27388093,-0.12726817,1.1700078,-0.4151615,-1.5429901,-0.88295656,0.7881588,0.9577436,0.7023995,0.29766294,0.9656865,0.95830244,1.6495996,0.5415309,-0.40457007,1.0466205,-0.47539395,-0.2460567,-1.9041095,-0.7339905,1.5782021,-1.2440643,-0.6970547,1.4170759,1.6584055,1.2439066,-0.2997405,0.95023996,1.9079473,0.898994,2.20097,-1.756142,-0.98245245,0.3385893,0.42378643,1.5243267,1.6565506,0.19789222,-0.16762733,-0.5804729,0.25363514,-1.315616,0.6238279,-0.24651156,1.2732956,-0.8705678,-0.975595,-0.564556,0.5224404,0.34144852,1.3156232,0.83442783,0.36346653,0.530176,-0.118817575,0.7106274,0.2559929,0.8892859,0.14497714,0.6214966,-1.6309917,-1.2579345,0.64344686,-0.36531,-0.2982546,0.9407295,0.54074645,1.212028,0.30097374,-0.18753827,-0.10799582,1.435725,1.6263673
0.24808699,-1.3466952,-0.38806543,1.1491046,1.0813257,1.4285773,0.87278676,0.10966168,0.23535004,-0.23769349,-0.31246936,0.46085772,0.37602076,0.1293451,0.966661,-0.33540565,-1.2848507,-0.82453716,0.9686082,1.1096185,0.9960441,0.006800834,0.8801802,1.0057905,1.6650594,0.41428444,-0.26621598,0.94046026,-0.37173954,-0.16477504,-1.6372508,-0.6585385,1.6432449,-1.1047304,-0.46516517,1.633763,1.7851468,1.2276019,0.03418519,1.3303233,2.020883,1.4417099,2.128358,-1.4806533,-0.57546836,0.44705188,0.618151,1.3876591,1.5684485,0.30008772,-0.10229594,-0.4979447,0.36113656,-1.1453454,0.4748756,-0.019617038,1.3167961,-0.7262458,-0.82711947,-0.48748845,0.45069274,0.8443722,1.2923275,0.6678485,0.47690728,0.5914471,0.025030196,0.66718256,0.422723,0.9188457,0.23458105,0.61544293,-1.3876684,-1.044901,0.76343983,-0.18893063,-0.19556588,1.1417607,0.61258495,1.2133118,0.5238737,-0.06530608,-0.17249334,1.7830302,1.5263072
0.5403129,-1.2120463,0.023939721,1.1624683,0.712191,1.334906,0.7616764,0.2587209,0.14861527,-0.18850993,-0.19961771,0.7889512,0.49238536,0.37415957,0.7719005,-0.25500312,-0.94757783,-0.7064387,1.144699,1.1344708,1.2440194,-0.24955127,0.707425,1.0355923,1.6120917,0.2568307,-0.09757755,0.76142657,-0.28949627,-0.029147647,-1.2879224,-0.5091157,1.709291,-0.9002842,-0.2271854,1.7660758,1.8387396,1.2121857,0.42429537,1.6923586,2.0333247,1.8553803,1.9336864,-1.1532967,-0.10796549,0.57280004,0.7892154,1.1830964,1.4314609,0.37839335,-0.038552646,-0.38624176,0.47654694,-0.879757,0.37995198,0.16804342,1.3106111,-0.51855546,-0.65647084,-0.41034067,0.398129,1.2622659,1.2654543,0.43324226,0.53197455,0.6334579,0.1536323,0.6185529,0.6005047,0.919791,0.3212706,0.6457519,-1.0932751,-0.7851119,0.87493163,-0.022500979,-0.07198052,1.3630208,0.76229966,1.0984253,0.7533474,0.016817762,-0.27685773,2.0621736,1.3065783
0.850003,-1.0571408,0.42594877,1.1309248,0.3057391,1.1962135,0.61351544,0.3752849,0.035612695,-0.14067905,-0.03912842,1.0831553,0.5954387,0.58680344,0.5770574,-0.17368451,-0.5501464,-0.55401295,1.2999771,1.0375663,1.4394208,-0.4495857,0.4663489,1.0269117,1.4846351,0.076870434,0.07406546,0.5242528,-0.2135537,0.14198618,-0.87399083,-0.30715618,1.7606996,-0.65254855,-0.010710349,1.8083682,1.7919543,1.1811965,0.8184495,2.0025845,1.944936,2.1041963,1.6408993,-0.7961661,0.3812869,0.6880059,0.9304597,0.92507946,1.2461271,0.4206354,0.020864429,-0.24702942,0.5752268,-0.54702497,0.33895403,0.3081809,1.2373546,-0.27534968,-0.46330658,-0.32105246,0.38354924,1.5458696,1.2415762,0.16378878,0.5342547,0.64186,0.24529591,0.5661241,0.7614433,0.8816382,0.40568164,0.6947501,-0.76319784,-0.50534934,0.9603622,0.113212325,0.056785595,1.5939704,0.957674,0.90006286,0.9596505,0.06842691,-0.3988267,2.2481513,0.9906707
1.1434251,-0.87825155,0.7845352,1.0448418,-0.097030155,1.0177094,0.42962137,0.4378712,-0.09077899,-0.09025102,0.13726333,1.2984705,0.6635609,0.7494681,0.37280247,-0.09285089,-0.12159069,-0.398228,1.4170077,0.8456194,1.576626,-0.5847593,0.18435232,0.9634551,1.2866428,-0.11427429,0.22295946,0.2504686,-0.13170074,0.32564005,-0.42144355,-0.079977445,1.7791736,-0.38623777,0.16073924,1.762604,1.6313822,1.1131561,1.1617033,2.2307732,1.7606168,2.1737921,1.2816254,-0.43443263,0.8487153,0.7645565,1.039105,0.6347505,1.018755,0.42081845,0.07354575,-0.088017724,0.6369777,-0.1807594,0.3458042,0.4002981,1.090017,-0.02804452,-0.25299293,-0.21023776,0.4161618,1.6624792,1.2204437,-0.107536376,0.49520603,0.60689414,0.28504083,0.509762,0.8816293,0.7992746,0.48580056,0.74118865,-0.41621017,-0.23446974,1.0026826,0.20111676,0.1736852,1.8178484,1.154888,0.6607897,1.1144997,0.102698155,-0.51088816,2.3192267,0.61402124
1.3863685,-0.67612386,1.0657952,0.9004877,-0.45806307,0.8074804,0.2157987,0.43279138,-0.21897684,-0.037550487,0.29740387,1.4008833,0.68422383,0.8487196,0.15191154,-0.016274503,0.30301327,-0.2695794,1.4804265,0.6038395,1.6512947,-0.65934366,-0.10677773,0.8359383,1.0321251,-0.30331048,0.32869232,-0.03447726,-0.03601976,0.49803773,0.038453326,0.14345749,1.7470064,-0.1259075,0.27137083,1.6370244,1.360324,0.98679525,1.4040731,2.354144,1.4906949,2.072641,0.89083433,-0.092767686,1.2513047,0.77908784,1.1146171,0.33628374,0.7606322,0.37990364,0.117848426,0.078518964,0.6490845,0.18320933,0.3895319,0.4513024,0.8736835,0.19282523,-0.036422394,-0.07380516,0.49353668,1.6013128,1.1951512,-0.35109264,0.42982084,0.52481157,0.26607856,0.44848326,0.9435288,0.6734307,0.5573353,0.7640626,-0.07289254,0.0011968169,0.98842096,0.23085183,0.26251036,2.011978,1.3063952,0.4247119,1.1962662,0.13315506,-0.58517474,2.2605944,0.21957774
1.5498859,-0.45535922,1.2408862,0.7013773,-0.74738044,0.5758423,-0.018154755,0.35640046,-0.33920404,0.0129857585,0.41332445,1.3732009,0.6548173,0.8777526,-0.08809218,0.050763514,0.6882301,-0.19152945,1.4802086,0.36899522,1.6616517,-0.6873901,-0.37609556,0.6434794,0.742647,-0.4766242,0.37853032,-0.30493772,0.07594259,0.63793063,0.47325605,0.33640718,1.6509768,0.10673819,0.3155563,1.444359,0.99734545,0.78732497,1.5080845,2.3604546,1.1509268,1.8302058,0.5021036,0.20820783,1.5521855,0.71706855,1.1568888,0.053135224,0.48678136,0.30571693,0.15300581,0.23783907,0.6071669,0.51058215,0.45478866,0.47362715,0.60501903,0.36166704,0.17188174,0.085865356,0.60186154,1.3756052,1.1545502,-0.5427864,0.35406062,0.39852068,0.19026741,0.3806342,0.9374185,0.5109377,0.6148811,0.7465516,0.24628757,0.1818364,0.91042316,0.2006147,0.31046844,2.1503506,1.3698847,0.23000117,1.1937908,0.17106727,-0.5991874,2.0674896,-0.14714128
1.6129243,-0.22279543,1.2910259,0.45905176,-0.9465964,0.3345624,-0.25898314,0.21583343,-0.443647,0.05486483,0.4643797,1.2174093,0.58147496,0.837672,-0.34369984,0.10287426,1.0037519,-0.17599294,1.4133028,0.2007447,1.6098669,-0.6880083,-0.5980034,0.39383054,0.44341853,-0.6228476,0.3686104,-0.53784525,0.20201176,0.7297181,0.85360694,0.4781779,1.4850056,0.2946291,0.29846174,1.2002484,0.572894,0.5103555,1.4551352,2.2495787,0.7623527,1.4913963,0.14461163,0.45492202,1.7251389,0.5762192,1.1654394,-0.19530785,0.21338703,0.21166779,0.17956552,0.3760645,0.5149359,0.7721129,0.5232387,0.48241335,0.30996573,0.46170017,0.35675678,0.26005623,0.7187552,1.0209218,1.0866599,-0.66601086,0.28263286,0.23713468,0.06678511,0.30505264,0.8617577,0.32361105,0.65313894,0.6790268,0.52371395,0.29731593,0.7698042,0.11779924,0.31046844,2.2072635,1.3158289,0.102076925,1.1089404,0.22319655,-0.5410449,1.748024,-0.44379303
1.5662735,0.013958454,1.2115027,0.19238521,-1.0505826,0.09584845,-0.49174276,0.028423626,-0.5258664,0.08153974,0.43927056,0.9538048,0.47602907,0.7384205,-0.6045088,0.13703993,1.2291666,-0.2211328,1.2841768,0.15148969,1.5019572,-0.68036443,-0.7558565,0.102264106,0.15855199,-0.73460084,0.30374947,-0.7155396,0.33661193,0.7652245,1.1577009,0.55634516,1.2516897,0.42639828,0.23466164,0.92166567,0.1232345,0.16503201,1.2493231,2.0330641,0.35019225,1.1090372,-0.15964633,0.64258784,1.7580984,0.36822182,1.139093,-0.39616057,-0.044528253,0.11459809,0.19982757,0.4829564,0.3823083,0.9462115,0.5750012,0.49324417,0.019138778,0.48725438,0.50568897,0.43504936,0.8177439,0.5902532,0.982079,-0.71263266,0.22693856,0.054096952,-0.08976738,0.22169393,0.72170013,0.1265314,0.6687706,0.56059426,0.74673915,0.3485131,0.57613367,-0.002167944,0.26253933,2.161944,1.1332374,0.049469367,0.9561202,0.2902364,-0.41307613,1.323658,-0.63645285
1.4130433,0.24783325,1.0134588,-0.07415118,-1.066977,-0.12871373,-0.70128405,-0.1807789,-0.58095413,0.08884423,0.33695078,0.6168356,0.35218233,0.59811616,-0.85429597,0.15401499,1.3567992,-0.31219983,1.1041633,0.2567426,1.3476877,-0.67980236,-0.8437063,-0.2106557,-0.09311087,-0.8102795,0.19572741,-0.827355,0.47260603,0.74456835,1.3741683,0.5675765,0.9623025,0.4964613,0.14528273,0.6257241,-0.3158632,-0.22612207,0.91739243,1.7318625,-0.058221262,0.73563886,-0.39686063,0.77541375,1.6544902,0.11672546,1.0769413,-0.543918,-0.2751373,0.032356568,0.21795388,0.5545055,0.22260758,1.0210111,0.5905557,0.5194923,-0.23701847,0.44445968,0.6117821,0.5944792,0.873377,0.14609417,0.8369803,-0.6835706,0.19387542,-0.13501617,-0.2622482,0.13216713,0.52792555,-0.06418945,0.66114026,0.39929846,0.9097169,0.34643862,0.3462284,-0.1384974,0.17394568,2.0028324,0.8318269,0.062079202,0.7602052,0.36704332,-0.23304363,0.82864964,-0.7045038
1.1683055,0.47283942,0.7236672,-0.31400356,-1.0137837,-0.3294045,-0.87459815,-0.3824587,-0.60576916,0.07650776,0.16565062,0.24870801,0.22146249,0.44110793,-1.0729578,0.15918835,1.3919407,-0.4244196,0.88960713,0.52748466,1.1593882,-0.69503397,-0.8667203,-0.521533,-0.30129272,-0.85442156,0.060473282,-0.87046397,0.6030801,0.67556983,1.5032123,0.5171381,0.6351409,0.5042637,0.053635746,0.32894087,-0.71465284,-0.62919104,0.50549865,1.3722883,-0.4370438,0.41607633,-0.5614629,0.8652882,1.4330473,-0.1454082,0.9793047,-0.64033526,-0.4714683,-0.019084426,0.23958498,0.5935491,0.04964411,0.9951337,0.5533691,0.57077295,-0.43321672,0.3498669,0.67551553,0.7219803,0.86634296,-0.24844697,0.6545252,-0.58821714,0.18509658,-0.31514546,-0.43324992,0.040092632,0.29408896,-0.23364271,0.63284427,0.21021268,1.0148493,0.30965644,0.10122523,-0.2685284,0.05811696,1.7305071,0.44008762,0.11220474,0.55162966,0.44280994,-0.03126195,0.30662873,-0.64335877
0.8562231,0.68401563,0.3816985,-0.5023102,-0.9156897,-0.4994072,-1.0025871,-0.54753286,-0.59995806,0.048534274,-0.058936745,-0.10793692,0.09035113,0.29510304,-1.2394,0.1618289,1.3511165,-0.52839875,0.6589238,0.94631284,0.9496843,-0.72813886,-0.83925974,-0.80711126,-0.46520296,-0.87734056,-0.085129976,-0.8501249,0.7224583,0.57205224,1.5561211,0.41671374,0.29263344,0.4536868,-0.018984618,0.04636032,-1.0530423,-1.0030476,0.07182125,0.9815402,-0.7651869,0.18193969,-0.6553463,0.92930764,1.1256119,-0.38227826,0.8492295,-0.6925131,-0.6317368,-0.027825734,0.27096376,0.6094009,-0.124596976,0.87791955,0.4521104,0.651783,-0.55340964,0.22753608,0.7049047,0.80380774,0.7877531,-0.53920454,0.44519696,-0.44290692,0.19746676,-0.47388154,-0.5873373,-0.049657654,0.03517378,-0.37039974,0.5894995,0.012594884,1.0717348,0.2602146,-0.13653095,-0.3717682,-0.06758123,1.359179,0.00080187456,0.15913501,0.36090878,0.5031458,0.15445456,-0.19369549,-0.46622464
0.50681996,0.8770176,0.035145547,-0.62024057,-0.7996463,-0.63584477,-1.0817517,-0.6514943,-0.56674045,0.012065934,-0.31616598,-0.41672713,-0.04097774,0.18705769,-1.335129,0.17303784,1.2582661,-0.5953737,0.42998403,1.4680178,0.72952485,-0.7752951,-0.7816947,-1.0469654,-0.5922642,-0.893063,-0.22582097,-0.7785908,0.82689327,0.45139357,1.5524261,0.28201923,-0.04196498,0.35185978,-0.057163864,-0.20893706,-1.3215837,-1.3052057,-0.3225486,0.58271456,-1.0296805,0.049163464,-0.68691915,0.98627806,0.7731879,-0.56102306,0.6930752,-0.71126205,-0.7591382,0.011807631,0.31773075,0.61556894,-0.29141578,0.68759006,0.28296816,0.76191473,-0.5926836,0.10447733,0.71401596,0.8306557,0.64118844,-0.6881092,0.22505285,-0.2684666,0.22340421,-0.6028223,-0.7124504,-0.13167547,-0.23426165,-0.46801585,0.53836536,-0.173525,1.0958724,0.21912389,-0.3469252,-0.43326935,-0.18494391,0.9153668,-0.43654993,0.15625358,0.21279578,0.53279364,0.28676522,-0.62444055,-0.20274143
0.15167518,1.047501,-0.26645675,-0.6584659,-0.69077724,-0.7400651,-1.1148914,-0.6783281,-0.5133018,-0.024240082,-0.5826717,-0.65283525,-0.1775702,0.13858089,-1.3479671,0.20267683,1.1400392,-0.60266954,0.21771619,2.024529,0.5063076,-0.8290835,-0.71673876,-1.2258695,-0.6953449,-0.9164404,-0.35072595,-0.67367077,0.91404325,0.33176184,1.5161654,0.12983993,-0.34770143,0.20872365,-0.05397176,-0.42650095,-1.5205249,-1.4983526,-0.62358314,0.19253434,-1.2273542,0.01778253,-0.6696014,1.0534275,0.42102444,-0.6585634,0.5204076,-0.7085095,-0.8603124,0.09839692,0.38360977,0.62673306,-0.44612774,0.4487978,0.050886884,0.89536583,-0.55791086,0.005746828,0.7200673,0.79899436,0.44212395,-0.6787068,0.013062216,-0.087424345,0.25259098,-0.698413,-0.8008525,-0.20149118,-0.50056225,-0.52576053,0.4871783,-0.33063602,1.1056403,0.20231526,-0.5149061,-0.44598034,-0.27816838,0.43507463,-0.82371384,0.060510106,0.12161498,0.51857656,0.33669752,-0.9448118,0.10434479
-0.17978533,1.1907616,-0.47869894,-0.6193728,-0.60924137,-0.817511,-1.1106923,-0.6229931,-0.45051825,-0.052971072,-0.83564633,-0.80533725,-0.3274739,0.16209015,-1.2746121,0.25678146,1.0212573,-0.53763664,0.03192735,2.5350602,0.28299174,-0.88118577,-0.66554314,-1.3351431,-0.7883679,-0.9597574,-0.45393115,-0.5565473,0.98240274,0.22942911,1.4710934,-0.02435527,-0.60852176,0.0362791,-0.011466374,-0.5989319,-1.6564665,-1.5563595,-0.7934846,-0.1802919,-1.3644527,0.07444255,-0.6204323,1.1431441,0.11273251,-0.66597146,0.34303722,-0.6959039,-0.9436006,0.22356695,0.46871036,0.65455085,-0.5872119,0.18956386,-0.23048463,1.041416,-0.46592787,-0.049997404,0.7396601,0.7115513,0.21543472,-0.51774263,-0.17230478,0.078950755,0.27328396,-0.7616877,-0.84954756,-0.25664648,-0.7517732,-0.548489,0.44256178,-0.44663084,1.1190218,0.21750154,-0.63187957,-0.41174966,-0.3366616,-0.0410018,-1.1215866,-0.15728062,0.08866491,0.45269254,0.2903177,-1.1268123,0.40482756
-0.46411645,1.3016837,-0.56888676,-0.5176698,-0.5683234,-0.8766841,-1.0824516,-0.4922367,-0.391347,-0.06996077,-1.0545841,-0.8778952,-0.49812746,0.25776222,-1.1225355,0.33486676,0.9210911,-0.39938274,-0.123023815,2.9178622,0.058788106,-0.92451996,-0.6443318,-1.3737185,-0.88284034,-1.0297062,-0.535055,-0.4489981,1.0306894,0.15667848,1.43666,-0.16818301,-0.8145102,-0.1516514,0.059977952,-0.72205675,-1.7388566,-1.4689312,-0.81661624,-0.5333031,-1.4540905,0.1960611,-0.5584002,1.2610303,-0.115227744,-0.5912254,0.17266758,-0.6835775,-1.017261,0.3728557,0.5689253,0.70463526,-0.71509415,-0.06254995,-0.53992635,1.1852559,-0.34082144,-0.05402018,0.78503394,0.57731146,-0.00940009,-0.23419014,-0.31648836,0.21303092,0.27408203,-0.79717064,-0.8605078,-0.29767776,-0.97742736,-0.54569626,0.408702,-0.51610583,1.1500195,0.26327315,-0.6964519,-0.34061825,-0.3570083,-0.47264263,-1.3051215,-0.5033665,0.10234,0.3349682,0.15252042,-1.1599284,0.64804673
-0.684811,1.3754604,-0.52158034,-0.37843567,-0.57407916,-0.927589,-1.0456069,-0.30335337,-0.3487845,-0.075966686,-1.2238616,-0.8859641,-0.6932285,0.41273773,-0.90977675,0.42922655,0.85087353,-0.19877282,-0.24790007,3.1037083,-0.16965695,-0.954927,-0.66271895,-1.3481872,-0.98473525,-1.125462,-0.59805596,-0.37066776,1.0571187,0.120263666,1.4246002,-0.2933329,-0.9625976,-0.3402156,0.14414869,-0.79506904,-1.7763178,-1.244011,-0.7016591,-0.86725646,-1.5120234,0.35429075,-0.5024377,1.4046401,-0.2386488,-0.45787913,0.019024964,-0.6795883,-1.0878506,0.52772784,0.6758761,0.7740255,-0.8307479,-0.283963,-0.8512737,1.3089261,-0.21028604,-0.008965052,0.86091584,0.4111429,-0.20405228,0.12539878,-0.41175103,0.30232695,0.24552232,-0.81229454,-0.8402181,-0.3279819,-1.1690235,-0.5301,0.38660568,-0.5408081,1.2057194,0.32973638,-0.71368665,-0.24892563,-0.34349206,-0.8253397,-1.3661584,-0.95555186,0.14093053,0.1740725,-0.05352425,-1.053256,0.79050004
-0.83397424,1.40839,-0.34187323,-0.23399492,-0.625854,-0.97986764,-1.0152667,-0.08139317,-0.3331966,-0.07672419,-1.3337839,-0.8531299,-0.91016686,0.6026678,-0.6631269,0.52536464,0.81338066,0.044037603,-0.34749597,3.0475178,-0.40619028,-0.9721258,-0.7230481,-1.271965,-1.0935695,-1.2386361,-0.6497539,-0.3362897,1.0594047,0.12105358,1.4374316,-0.39564973,-1.0557941,-0.51452166,0.22197723,-0.81979215,-1.7738837,-0.9071012,-0.4795093,-1.1819627,-1.5522788,0.5197729,-0.46941704,1.5638733,-0.24855526,-0.30107382,-0.112386234,-0.6898803,-1.1590625,0.6682753,0.77762437,0.8512492,-0.93465984,-0.45767882,-1.1369717,1.3930308,-0.10170697,0.071605474,0.96287566,0.23339546,-0.34671623,0.50338364,-0.45825917,0.33993065,0.18139122,-0.8159785,-0.7990321,-0.3532353,-1.320292,-0.5156209,0.37399438,-0.5289039,1.2847662,0.4009071,-0.6938969,-0.15638864,-0.30734262,-1.0744443,-1.3126686,-1.4629694,0.1775733,-0.013407975,-0.2905151,-0.8350681,0.80229557
-0.9119649,1.3989816,-0.055583447,-0.11897164,-0.71786493,-1.0407513,-1.0033693,0.14498763,-0.35008022,-0.082134925,-1.3817703,-0.8058338,-1.139416,0.79529345,-0.41457814,0.60474324,0.80387676,0.30306688,-0.42813158,2.7363186,-0.6522915,-0.9793201,-0.8209327,-1.164084,-1.2028869,-1.3546523,-0.69825655,-0.3533547,1.0355402,0.15422976,1.4685353,-0.47480437,-1.1020087,-0.6609054,0.27494097,-0.80008376,-1.7321317,-0.4974999,-0.1968614,-1.4724996,-1.5830708,0.66524094,-0.4720342,1.7224753,-0.15247007,-0.16117421,-0.22119193,-0.71852225,-1.231644,0.7757796,0.8605345,0.91761714,-1.026039,-0.57512265,-1.3716797,1.4188368,-0.0385868,0.16608334,1.0773722,0.06885808,-0.42620134,0.83926225,-0.4648319,0.32407242,0.07952255,-0.8175297,-0.74995774,-0.37996373,-1.4279387,-0.515449,0.36578113,-0.49302876,1.3771946,0.4582745,-0.6508332,-0.082747005,-0.26456532,-1.2078872,-1.165501,-1.9519573,0.18617602,-0.20510735,-0.5148748,-0.54950607,0.6714361
-0.92572093,1.3488802,0.29377094,-0.06477923,-0.84086436,-1.1137651,-1.0168309,0.34810215,-0.39853233,-0.103777856,-1.3723543,-0.76871693,-1.3656636,0.9558811,-0.19703092,0.647639,0.8121396,0.5510736,-0.49612704,2.192394,-0.9057905,-0.9824114,-0.9472393,-1.0467333,-1.3026737,-1.4562753,-0.7512899,-0.42126745,0.984187,0.21027382,1.5041462,-0.5337178,-1.1122786,-0.76855457,0.2878354,-0.7408885,-1.6476787,-0.0625533,0.09268823,-1.7266879,-1.6049278,0.7678217,-0.51691556,1.8606142,0.027075168,-0.07579082,-0.31214836,-0.76762843,-1.3035614,0.8355043,0.9116824,0.9509862,-1.1035471,-0.63683045,-1.5363411,1.3714244,-0.037693426,0.24872272,1.1838992,-0.055193428,-0.44378656,1.0783069,-0.44694412,0.2567261,-0.05768948,-0.82612574,-0.7070651,-0.41406706,-1.4922823,-0.5404545,0.35523638,-0.448256,1.4661789,0.4845779,-0.59954697,-0.04468247,-0.23301776,-1.2271981,-0.95408916,-2.337784,0.1469768,-0.37657917,-0.6854735,-0.2504771,0.4050796
-0.8873237,1.2633044,0.6509885,-0.09441367,-0.9836681,-1.1978204,-1.0564339,0.5053434,-0.47117123,-0.15198748,-1.3165562,-0.75996524,-1.5704653,1.0534092,-0.039463975,0.63729227,0.82533395,0.7640183,-0.55627686,1.4708434,-1.1594869,-0.98859394,-1.0899501,-0.9430301,-1.3819058,-1.5273243,-0.8147678,-0.5311482,0.9061256,0.27658668,1.5265604,-0.57749146,-1.0992347,-0.83101326,0.25091618,-0.6474314,-1.5153677,0.3492951,0.3382932,-1.9258482,-1.6107403,0.81025577,-0.6038942,1.9581163,0.2560782,-0.07284657,-0.3936992,-0.8376776,-1.3709141,0.83875364,0.9213754,0.93013823,-1.1657848,-0.6510707,-1.6208091,1.2422283,-0.10699848,0.29477397,1.2584337,-0.112231985,-0.41251686,1.1796888,-0.42431405,0.14221345,-0.22368924,-0.8497164,-0.6837794,-0.4589869,-1.5176265,-0.5975977,0.33557755,-0.40953687,1.5311103,0.46713096,-0.5546715,-0.053308606,-0.2290526,-1.1464524,-0.71130985,-2.5402262,0.05076421,-0.5058043,-0.7726675,0.0057490426,0.027926095
-0.81256264,1.1509683,0.9576207,-0.21854855,-1.1346282,-1.2876816,-1.1169909,0.60259634,-0.5553538,-0.23309436,-1.2302784,-0.78901327,-1.7358552,1.0657383,0.03735868,0.563572,0.8307554,0.9241073,-0.6107604,0.6507827,-1.4020371,-1.0044439,-1.2363864,-0.8735388,-1.4315356,-1.5564773,-0.8920286,-0.66702336,0.8047573,0.33938447,1.5180739,-0.6122553,-1.0752125,-0.8472517,0.16115925,-0.524552,-1.3312379,0.69477534,0.5006459,-2.0470104,-1.5882587,0.78169906,-0.72556394,1.9977536,0.4945408,-0.16468832,-0.4755172,-0.92715377,-1.4292614,0.7839717,0.88528705,0.8399,-1.212752,-0.6323134,-1.6255475,1.0317457,-0.24492139,0.28519592,1.2782091,-0.081158936,-0.3540061,1.1222527,-0.41799092,-0.014292809,-0.40832978,-0.8944417,-0.6908334,-0.5150361,-1.512207,-0.68894094,0.3010819,-0.3895882,1.5516907,0.40013582,-0.5286568,-0.11259618,-0.2646232,-0.98999286,-0.46904942,-2.4996865,-0.099458896,-0.5767741,-0.7645757,0.16892734,-0.4224704
-0.7179451,1.0231572,1.1612357,-0.43349585,-1.2825602,-1.3750546,-1.1885808,0.6356345,-0.6354529,-0.3470985,-1.132004,-0.85511607,-1.8477827,0.9838978,0.023529775,0.42534652,0.81824684,1.0218928,-0.65925074,-0.17672727,-1.6193361,-1.0347384,-1.3750112,-0.853903,-1.4463367,-1.5395631,-0.9833108,-0.8085041,0.6863828,0.38563365,1.4646778,-0.6442216,-1.0510132,-0.821587,0.02238673,-0.37670392,-1.0959083,0.9410169,0.55780095,-2.0685294,-1.5240328,0.67789793,-0.8681709,1.9683478,0.7025764,-0.3458075,-0.566153,-1.0327461,-1.4745781,0.67665046,0.80555314,0.67459697,-1.246274,-0.59801424,-1.5611149,0.7508076,-0.44077602,0.2106404,1.226213,0.04861514,-0.2940885,0.9079403,-0.44619533,-0.20731379,-0.59878486,-0.96379185,-0.73478794,-0.579086,-1.4872347,-0.8113907,0.24857008,-0.39690137,1.5118849,0.28558713,-0.5304685,-0.21887109,-0.3448524,-0.78865564,-0.25461873,-2.1907454,-0.28936818,-0.58197546,-0.6694478,0.20243718,-0.9013979
-0.6194998,0.8925699,1.224173,-0.7211625,-1.4172076,-1.4506602,-1.2584827,0.60992527,-0.69591993,-0.48680362,-1.0401464,-0.94790834,-1.8984612,0.81323475,-0.07859771,0.2319386,0.7817664,1.0558002,-0.6996775,-0.9231944,-1.7966868,-1.0808268,-1.4959097,-0.8916892,-1.4253429,-1.4804778,-1.0852283,-0.93361443,0.5598118,0.40502593,1.3593067,-0.67816263,-1.034605,-0.76320773,-0.15544707,-0.20837598,-0.8170526,1.0679525,0.50700843,-1.9759539,-1.4081668,0.5018858,-1.013228,1.8666637,0.8467042,-0.59340984,-0.67009556,-1.1489893,-1.5040424,0.5286432,0.69060713,0.44052038,-1.2706093,-0.56539947,-1.4466194,0.42046773,-0.6760421,0.073559396,1.0951152,0.27198273,-0.25757524,0.56117743,-0.5209079,-0.43079206,-0.7810882,-1.0573143,-0.81632566,-0.6452366,-1.4551426,-0.95648295,0.17793612,-0.43464538,1.4034778,0.13284668,-0.56428766,-0.36156744,-0.46690378,-0.5754531,-0.08848921,-1.6292367,-0.4966452,-0.5234312,-0.5135723,0.08899203,-1.3631362
-0.53062385,0.7715966,1.1302605,-1.0516104,-1.5298412,-1.5062565,-1.3135644,0.53896314,-0.7241902,-0.63841236,-0.96984076,-1.0493901,-1.8873684,0.5727509,-0.2549472,0.0023172304,0.7200076,1.0303959,-0.7290986,-1.5158601,-1.9214635,-1.1402357,-1.5913306,-0.9848085,-1.3708818,-1.3894434,-1.1908659,-1.0222136,0.43524808,0.3912025,1.2033819,-0.7163412,-1.0300603,-0.68415415,-0.35730565,-0.02465303,-0.51067847,1.0693113,0.36315024,-1.7675802,-1.2379224,0.2643321,-1.1400764,1.6983299,0.9046905,-0.8715944,-0.7866502,-1.2681845,-1.51616,0.35596803,0.5540848,0.15592769,-1.2909901,-0.5482499,-1.3056504,0.06984771,-0.92673606,-0.11164171,0.8896884,0.5654652,-0.2634583,0.12539878,-0.64562297,-0.6770027,-0.94098836,-1.1699032,-0.92937875,-0.7059343,-1.4269292,-1.1110704,0.092571296,-0.50009817,1.2281913,-0.04295243,-0.6289529,-0.5244827,-0.6198949,-0.38111955,0.017263887,-0.87164795,-0.695563,-0.41125497,-0.3351581,-0.16640721,-1.7657962
-0.46064755,0.67103404,0.8882528,-1.3870913,-1.613232,-1.5365299,-1.3420933,0.44081825,-0.71351033,-0.78293306,-0.9297359,-1.1365341,-1.8202468,0.2920981,-0.48198888,-0.2369503,0.63613844,0.95397305,-0.7453347,-1.9079736,-1.9852822,-1.2061645,-1.6549046,-1.1205881,-1.2868624,-1.2804404,-1.2893496,-1.0589727,0.32228208,0.3424651,1.00673,-0.75731725,-1.037261,-0.59717935,-0.5647504,0.16776685,-0.20038499,0.9517299,0.15329416,-1.4576699,-1.020073,-0.016213482,-1.2285028,1.4773656,0.86882615,-1.1377171,-0.9092971,-1.3804387,-1.5103087,0.1766568,0.41214094,-0.15111662,-1.311736,-0.5545279,-1.1620545,-0.26662594,-1.1658849,-0.32055807,0.6269219,0.8874536,-0.32139355,-0.3436969,-0.8136014,-0.9348178,-1.0654312,-1.2907649,-1.0606356,-0.7537147,-1.4097674,-1.2580531,-0.0012187405,-0.5848902,0.9980236,-0.22287391,-0.7172637,-0.6879914,-0.7860261,-0.22996366,0.059338715,-0.006133745,-0.8615713,-0.26139772,-0.1749406,-0.53670853,-2.0748484
-0.4130397,0.5987226,0.5310989,-1.6870803,-1.6619517,-1.5400808,-1.3354654,0.3348016,-0.6642729,-0.89915556,-0.9201107,-1.184451,-1.7064487,0.006716931,-0.730001,-0.4559555,0.5365928,0.83571714,-0.747732,-2.0830314,-1.9852822,-1.2677091,-1.6811033,-1.2762357,-1.176403,-1.167358,-1.3662288,-1.0352107,0.22805081,0.26177588,0.78603953,-0.7952078,-1.0512494,-0.51313543,-0.7576207,0.36029196,0.08544314,0.733133,-0.08977656,-1.0763245,-0.770471,-0.31415802,-1.2618018,1.224444,0.7466713,-1.3497984,-1.0262792,-1.4737844,-1.4857414,0.008009052,0.28043765,-0.44638002,-1.3338203,-0.5845396,-1.0348374,-0.55391884,-1.3664125,-0.52261657,0.3340356,1.1829952,-0.4297184,-0.7862207,-1.0079539,-1.1880047,-1.1431866,-1.4035478,-1.1902616,-0.78258854,-1.4042947,-1.3779678,-0.09522073,-0.6759796,0.73372465,-0.38675806,-0.81611973,-0.831167,-0.942693,-0.13687666,0.042829532,0.8626042,-0.97555745,-0.092526585,-0.066352695,-0.97674656,-2.2646348
-0.3856473,0.55918646,0.11100773,-1.9140029,-1.6723721,-1.5196567,-1.2886171,0.23785883,-0.58429164,-0.96646506,-0.93092155,-1.1699269,-1.5558491,-0.24697979,-0.96661973,-0.62543666,0.42976412,0.68386877,-0.7374891,-2.0541975,-1.9239295,-1.310931,-1.664639,-1.4213458,-1.0406457,-1.0604178,-1.4037147,-0.9499353,0.15556522,0.15592806,0.56185704,-0.8200156,-1.0627588,-0.43903258,-0.91592383,0.5422965,0.31771976,0.4403815,-0.3343031,-0.6651932,-0.5111654,-0.5989574,-1.2290596,0.964158,0.5596776,-1.473742,-1.1224729,-1.5348979,-1.4404662,-0.13560468,0.17135118,-0.694458,-1.3523152,-0.6307822,-0.9342482,-0.76069903,-1.5036138,-0.68555826,0.04441477,1.3923771,-0.5752599,-1.1468316,-1.2038871,-1.4150221,-1.1658747,-1.4872462,-1.2934543,-0.7892036,-1.4033915,-1.4507073,-0.18047957,-0.75735885,0.46160567,-0.5152696,-0.90731066,-0.93415576,-1.0652653,-0.10549634,-0.02023554,1.6314335,-1.0257941,0.07709586,-0.0270779,-1.4299759,-2.3190253
-0.37033623,0.5533255,-0.3088606,-2.037704,-1.6429112,-1.4810891,-1.2002722,0.16197202,-0.48750517,-0.9679801,-0.9427787,-1.074652,-1.3757123,-0.43682146,-1.1610087,-0.72184426,0.32424185,0.5049365,-0.71841985,-1.8581407,-1.8086219,-1.320486,-1.6009449,-1.5214281,-0.8781848,-0.9641579,-1.3823963,-0.8094467,0.1027065,0.034400545,0.3549725,-0.8184934,-1.0592765,-0.37661353,-1.0217253,0.7017873,0.47181445,0.10702519,-0.55478144,-0.27053252,-0.2657426,-0.83877754,-1.1273247,0.72183627,0.33964998,-1.4889382,-1.1818992,-1.5503358,-1.370748,-0.24443626,0.09145301,-0.8639553,-1.3552355,-0.67870903,-0.8592055,-0.86331546,-1.5574567,-0.7806108,-0.20777892,1.462599,-0.73544514,-1.3820949,-1.3714496,-1.5897688,-1.1286502,-1.5187218,-1.343363,-0.773247,-1.3920742,-1.4579254,-0.24878204,-0.81241065,0.2094743,-0.5919989,-0.9690492,-0.9802531,-1.1304443,-0.1284111,-0.11325298,2.2156513,-1.0085481,0.2319233,-0.054945245,-1.8372916,-2.2317688
-0.35466632,0.5789031,-0.66467744,-2.039613,-1.5741144,-1.4317653,-1.0723244,0.1126863,-0.39150405,-0.8929873,-0.9291779,-0.8878882,-1.1689966,-0.5390337,-1.2872026,-0.73073596,0.22747223,0.30469403,-0.6955368,-1.5463635,-1.6499138,-1.281648,-1.4868363,-1.5432457,-0.68629736,-0.8767447,-1.2830542,-0.6259979,0.06267215,-0.09253786,0.18284616,-0.77644765,-1.026637,-0.3222741,-1.0612066,0.8262798,0.5321734,-0.22967565,-0.73455024,0.0651247,-0.053897902,-1.0047827,-0.9622214,0.5201514,0.123905204,-1.3906381,-1.19061,-1.5081707,-1.2714828,-0.31395483,0.040852662,-0.93205035,-1.3240254,-0.70895046,-0.7974511,-0.84933484,-1.5145061,-0.7865109,-0.39343038,1.3590044,-0.881754,-1.4663583,-1.4808561,-1.684952,-1.0307149,-1.476194,-1.3148059,-0.7373558,-1.3493556,-1.3853579,-0.2935575,-0.8263463,0.0019479415,-0.60508406,-0.9789906,-0.9580031,-1.1196777,-0.18913184,-0.2179212,2.5615375,-0.92718744,0.36005038,-0.12840293,-2.1458497,-2.0069487
-0.32392457,0.6310352,-0.9025466,-1.9147404,-1.468737,-1.3788388,-0.909508,0.08914859,-0.31415343,-0.73861915,-0.860895,-0.60907704,-0.93404883,-0.54111063,-1.3271207,-0.64920175,0.14468083,0.08922994,-0.6746151,-1.1754417,-1.4599375,-1.1831203,-1.3218927,-1.460339,-0.46318263,-0.7910733,-1.0898545,-0.41551298,0.02492389,-0.21505277,0.056644548,-0.6814539,-0.95167845,-0.2683703,-1.0265554,0.9036756,0.49557847,-0.53240854,-0.8662225,0.31098303,0.11279169,-1.0761569,-0.7481717,0.37617338,-0.050426103,-1.1897639,-1.1394671,-1.4002647,-1.1372757,-0.3450757,0.013142947,-0.8878873,-1.2359314,-0.7010647,-0.7280224,-0.71914405,-1.3698142,-0.6928376,-0.4935634,1.0744802,-0.9845795,-1.3945632,-1.5074797,-1.6763763,-0.8758312,-1.3434399,-1.1888584,-0.6859997,-1.2515385,-1.2254857,-0.3113087,-0.78868353,-0.14341366,-0.5485145,-0.9175308,-0.8627277,-1.0222565,-0.26572973,-0.31749514,2.6516893,-0.7903553,0.45344386,-0.21220233,-2.3168247,-1.6596872
-0.26459423,0.70275545,-0.987036,-1.6721113,-1.3318528,-1.3272859,-0.7191095,0.08507699,-0.2702167,-0.51088136,-0.711914,-0.24877007,-0.6664755,-0.4430081,-1.2724655,-0.48597175,0.07825176,-0.1330051,-0.6611032,-0.79816246,-1.2510227,-1.0193383,-1.1101398,-1.2582245,-0.21064137,-0.6978387,-0.79383105,-0.19550343,-0.022080226,-0.32544258,-0.020140285,-0.5264359,-0.82507527,-0.20519872,-0.9177299,0.92341906,0.37213767,-0.76762354,-0.9495287,0.45303312,0.23302917,-1.0435904,-0.50689244,0.29913437,-0.15179971,-0.9095848,-1.0260121,-1.224384,-0.96472347,-0.34310776,-0.0029571631,-0.7343034,-1.0688692,-0.6372898,-0.6257851,-0.48633677,-1.1282258,-0.5017364,-0.5027889,0.6336815,-1.0191104,-1.1827036,-1.4362614,-1.5480814,-0.6727209,-1.1139319,-0.9571395,-0.62454224,-1.0767853,-0.9795121,-0.30187672,-0.69560325,-0.21890345,-0.42330086,-0.7720805,-0.69775856,-0.8376309,-0.335392,-0.39985237,2.5035949,-0.610185,0.50730693,-0.26698968,-2.3302128,-1.2168518
-0.16758431,0.7855036,-0.90662146,-1.3336799,-1.1709087,-1.2791024,-0.51051503,0.09069967,-0.26872468,-0.22443719,-0.46570492,0.17124666,-0.36218753,-0.25727612,-1.1257141,-0.26028427,0.027760431,-0.34993884,-0.6589238,-0.45729464,-1.0344142,-0.79238147,-0.861132,-0.9383881,0.063464716,-0.58865243,-0.39589015,0.016816966,-0.0883209,-0.41880983,-0.05193432,-0.3125456,-0.6441123,-0.12432326,-0.7432142,0.87726915,0.18363467,-0.91044575,-0.9886206,0.49600786,0.31483677,-0.91126746,-0.2651677,0.28937626,-0.15898748,-0.580873,-0.8557493,-0.9858339,-0.75469786,-0.31660926,-0.021193003,-0.48776746,-0.8066559,-0.50767285,-0.4676134,-0.17644283,-0.80513436,-0.22788088,-0.43021813,0.091213554,-0.9698079,-0.86465883,-1.2658702,-1.2969363,-0.4347233,-0.7938098,-0.62492055,-0.558034,-0.8102722,-0.6587797,-0.2686528,-0.5512903,-0.22773977,-0.23808679,-0.54064214,-0.47507644,-0.57688606,-0.37938562,-0.45952126,2.1617599,-0.40104133,0.5190967,-0.25964785,-2.1860538,-0.7163497
-0.031698674,0.8695114,-0.67515105,-0.9318577,-0.995507,-1.2328888,-0.29541615,0.09469371,-0.31128713,0.09847534,-0.12031466,0.61925626,-0.021358885,-0.007026263,-0.89966303,0.001347227,-0.009667162,-0.5463497,-0.6690578,-0.18212155,-0.819877,-0.5125356,-0.5897111,-0.5197691,0.34411493,-0.45934325,0.09066223,0.20611945,-0.17948547,-0.49361423,-0.04974163,-0.051343545,-0.41463292,-0.021189213,-0.52027094,0.760176,-0.040596835,-0.9486989,-0.98915976,0.46066886,0.37195316,-0.69644755,-0.051841903,0.3386139,-0.06409404,-0.23696503,-0.6420925,-0.69825745,-0.5143781,-0.27596903,-0.055474192,-0.17671393,-0.4447893,-0.31320912,-0.23821037,0.17577972,-0.42634463,0.10267666,-0.2978644,-0.47673857,-0.8346896,-0.4872872,-1.0092019,-0.93512404,-0.17945305,-0.4029803,-0.21256703,-0.49058723,-0.4484923,-0.2848568,-0.21873744,-0.36821753,-0.18293712,-0.009255384,-0.23459725,-0.2147634,-0.2625972,-0.38723922,-0.49834144,1.6865802,-0.17875008,0.4878885,-0.17265122,-1.902185,-0.20480816
0.1349287,0.9443164,-0.32888466,-0.505521,-0.8168864,-1.1845499,-0.08710989,0.086201526,-0.3922108,0.4298827,0.308703,1.056528,0.34857178,0.27676407,-0.6157784,0.26922986,-0.03847269,-0.70496905,-0.68965256,0.0131646395,-0.61579555,-0.1975052,-0.31510547,-0.03713631,0.6093052,-0.3118822,0.6394525,0.35980368,-0.29529515,-0.5513171,-0.028708026,0.23495431,-0.15186484,0.10246074,-0.2735129,0.5712279,-0.26883027,-0.8860933,-0.956053,0.37882125,0.4184053,-0.4266064,0.1065237,0.4314605,0.12602802,0.09193674,-0.40486833,-0.3831959,-0.25779077,-0.23207943,-0.117081754,0.16203403,0.006022998,-0.068062305,0.065153755,0.52977055,-0.026148312,0.45545527,-0.13673812,-0.9851117,-0.62641686,-0.10317039,-0.6927135,-0.49027738,0.0726249,0.026111314,0.24594063,-0.42497298,-0.002284702,0.112224124,-0.16214548,-0.16637436,-0.10493476,0.23965594,0.120829195,0.05645783,0.072935626,-0.3591907,-0.524709,1.1422459,0.039442696,0.41449136,-0.009157541,-1.5094386,0.2670622
0.3144748,0.9991734,0.07968234,-0.095802106,-0.6468586,-1.128565,0.09999524,0.056265593,-0.4997949,0.73878145,0.7887759,1.4416623,0.7311612,0.5594496,-0.3012224,0.51447904,-0.06394697,-0.80947304,-0.71536875,0.12805021,-0.42917287,0.13017133,-0.058526456,0.4633683,0.8326395,-0.1547493,1.2124702,0.46834505,-0.4288359,-0.5959865,-0.005319309,0.5149165,0.120759994,0.23779446,-0.03259306,0.31459793,-0.4728046,-0.7425918,-0.892805,0.28630885,0.4635604,-0.13497289,0.1895487,0.54779494,0.39048576,0.3812335,-0.16828543,-0.06809446,-0.005104357,-0.19555816,-0.21329908,0.4876441,0.5182212,0.2011245,0.43058133,0.84402996,0.35594004,0.7916064,0.0187935,-1.3547794,-0.37139946,0.23715393,-0.35243025,-0.0024501958,0.3001335,0.45287618,0.70687544,-0.36302382,0.50284696,0.49654448,-0.11079941,0.029171377,-0.01772909,0.4799768,0.48838037,0.30796218,0.39104494,-0.30635756,-0.5510293,0.58672833,0.23478955,0.3020262,0.2071499,-1.0457351,0.65117204
0.48146102,1.024314,0.49035043,0.25894338,-0.49655324,-1.059439,0.25219056,-0.0012796448,-0.6186479,0.99503374,1.2738707,1.7354319,1.1017443,0.8070481,0.015438835,0.7127909,-0.09121751,-0.8472646,-0.73857874,0.17383747,-0.26582876,0.4462696,0.16007647,0.93082154,0.987063,-0.0012376277,1.7636927,0.52559215,-0.56795245,-0.63319117,0.0056035467,0.7517633,0.37396643,0.36972207,0.1717016,0.0008767081,-0.63222146,-0.55210996,-0.8021118,0.21588331,0.5086194,0.14473584,0.1870986,0.6661809,0.6973625,0.61430454,0.04227176,0.21696883,0.22006834,-0.17569572,-0.34615237,0.7603325,1.0498877,0.45898035,0.8325259,1.0805949,0.6805433,1.0729711,0.13694364,-1.526109,-0.105767,0.49255046,-0.028620398,0.4817017,0.4832919,0.8340755,1.1229455,-0.30608067,1.028541,0.83102566,-0.07736353,0.19111721,0.0553046,0.68056333,0.8232273,0.50896484,0.65147144,-0.24842466,-0.5903212,0.0652174,0.38765028,0.1575437,0.43782517,-0.5501755,0.90996724
0.6074184,1.0120264,0.8444164,0.5279529,-0.37442672,-0.97305095,0.3583609,-0.089342475,-0.7325535,1.1730468,1.7116067,1.9059337,1.4303492,0.9910566,0.30807495,0.8476214,-0.124530025,-0.81256986,-0.7500203,0.17075501,-0.1305964,0.72943157,0.32556093,1.3176891,1.0499128,0.13320541,2.2443314,0.5291143,-0.69692105,-0.66897404,-0.007024736,0.90887946,0.5767087,0.47923267,0.31165016,-0.35243663,-0.73717916,-0.35692483,-0.6874782,0.19215572,0.5464248,0.38375396,0.10206897,0.7670233,1.0079262,0.78222203,0.20371675,0.443711,0.39477843,-0.18008925,-0.5122464,0.94703865,1.5500399,0.66745466,1.2357067,1.2105094,0.9143319,1.267214,0.19391786,-1.4688298,0.13051417,0.63746935,0.24061102,0.91647536,0.6065376,1.1309947,1.4507273,-0.25548437,1.528678,1.0822409,-0.07354834,0.2940296,0.095223285,0.81184083,1.0791473,0.6326746,0.8180657,-0.20902078,-0.6525844,-0.39244556,0.47883108,-0.0071663316,0.63905424,-0.05831734,1.0228814
0.66531336,0.95835197,1.0934595,0.69196194,-0.2846527,-0.86763835,0.41204298,-0.2072249,-0.8270626,1.2555605,2.0516264,1.9334301,1.6866124,1.0925618,0.55691266,0.91131824,-0.16672589,-0.70764595,-0.7404312,0.14404042,-0.026533557,0.96498775,0.42999518,1.587113,1.0077494,0.23501176,2.6089833,0.48020124,-0.7995718,-0.708746,-0.04884831,0.9560267,0.7008329,0.54703814,0.36721796,-0.7205839,-0.78796643,-0.19999288,-0.55488926,0.2287568,0.5641986,0.5623115,-0.04850086,0.83527744,1.2823648,0.8828016,0.29862782,0.5898728,0.50138897,-0.21391033,-0.70303816,1.0259277,1.9661744,0.7927077,1.6008767,1.2181904,1.0361054,1.3529565,0.17770475,-1.1864448,0.3012505,0.6647566,0.42539564,1.2648796,0.6610918,1.315519,1.6576058,-0.21311224,1.9558111,1.2255287,-0.10809699,0.31800053,0.09039578,0.8500592,1.2162822,0.66051555,0.8645187,-0.21004072,-0.74168676,-0.7703984,0.49230328,-0.17453484,0.77298325,0.40073976,0.99112433
0.63612664,0.8643445,1.2062818,0.7458506,-0.2257581,-0.7444454,0.41319564,-0.35066146,-0.8911812,1.2367853,2.2542434,1.8133898,1.8450857,1.1050677,0.7506411,0.9057138,-0.21875219,-0.54293793,-0.70294654,0.1200872,0.04527473,1.1478796,0.47464114,1.7188076,0.85991395,0.29560968,2.8222613,0.38450825,-0.8621882,-0.7562195,-0.11974536,0.87547326,0.72550434,0.55753374,0.32937473,-1.072775,-0.79275227,-0.116431706,-0.41405058,0.32783216,0.54921097,0.6717961,-0.2350983,0.8623949,1.4856707,0.9191774,0.31818718,0.6432075,0.5313511,-0.27930996,-0.9057134,0.98984474,2.2530272,0.81253684,1.8913646,1.1045774,1.0408472,1.3230348,0.08969729,-0.71492064,0.38086352,0.5858586,0.50867766,1.5051349,0.6462704,1.3749803,1.7273868,-0.18075207,2.2680182,1.2487297,-0.18530156,0.2520602,0.037970744,0.7814417,1.2077345,0.5853221,0.7792535,-0.26613772,-0.85371333,-1.0632205,0.41849026,-0.32225373,0.81727105,0.80541724,0.8380853
0.51268125,0.73681617,1.1729509,0.69899094,-0.19032313,-0.6075672,0.36869386,-0.51212937,-0.91854835,1.1236469,2.296929,1.5574819,1.8902396,1.0352027,0.88682485,0.84104687,-0.2794006,-0.33513716,-0.6346242,0.12201373,0.08689986,1.2834467,0.46965376,1.7115196,0.61997783,0.31421992,2.8633242,0.25195682,-0.87545866,-0.8128165,-0.21407172,0.66643757,0.6409841,0.50260025,0.2026566,-1.3747133,-0.7633773,-0.12568145,-0.2780108,0.48193535,0.49473664,0.7148577,-0.41930133,0.8467715,1.5928168,0.89780784,0.26389122,0.6036353,0.48786032,-0.37486938,-1.1045004,0.84791845,2.3797536,0.7208939,2.0789971,0.8880716,0.9413736,1.1863369,-0.05601513,-0.11656402,0.35950547,0.42719388,0.48837715,1.6339062,0.5706242,1.314097,1.663029,-0.15992357,2.4357047,1.1545078,-0.30378434,0.09604615,-0.055982146,0.6054032,1.0453746,0.4132558,0.56846374,-0.38071156,-0.97715485,-1.2713969,0.25779778,-0.42541423,0.7709702,1.1415393,0.6057543
0.3023934,0.5880288,1.0058821,0.5736845,-0.16541773,-0.46384636,0.2915876,-0.6811588,-0.907201,0.9356239,2.17773,1.1922095,1.8196378,0.9016154,0.97070646,0.73423874,-0.34494784,-0.10450401,-0.5376435,0.16542493,0.103964195,1.3863022,0.43275926,1.5828887,0.3145566,0.29822245,2.7294054,0.096089855,-0.83609337,-0.8774311,-0.32200092,0.3468569,0.45063663,0.3837426,0.005040164,-1.5925578,-0.7108572,-0.22674917,-0.16159782,0.67648906,0.40519503,0.70303756,-0.55962527,0.7931677,1.5924444,0.8275256,0.14744347,0.48348266,0.3856487,-0.49509668,-1.2820398,0.6241425,2.3352807,0.5296457,2.1480653,0.60271275,0.76627266,0.96653986,-0.23543254,0.5297125,0.24574521,0.223868,0.3773899,1.6661332,0.4507988,1.1541976,1.4861488,-0.15080552,2.445853,0.9601349,-0.45575598,-0.1385031,-0.17796846,0.3360396,0.7419312,0.16375966,0.25660607,-0.54448074,-1.0946531,-1.3974097,0.022764767,-0.45991665,0.6554352,1.4013882,0.3474127
0.026794352,0.4345886,0.7373243,0.4012581,-0.13483836,-0.3222768,0.19904363,-0.845535,-0.8588274,0.7020426,1.9154791,0.7553722,1.6444166,0.7316152,1.0122344,0.60619825,-0.40912342,0.12880605,-0.41974112,0.25481606,0.10514785,1.4767364,0.38576984,1.3651307,-0.020466821,0.26205623,2.4359572,-0.066622965,-0.74688035,-0.9464691,-0.43098584,-0.047682025,0.1714603,0.2129615,-0.23382162,-1.6978679,-0.64199936,-0.3975296,-0.07850731,0.89237237,0.2985521,0.65293264,-0.6184277,0.7110261,1.4883894,0.7188731,-0.010634742,0.3055674,0.24870253,-0.6305641,-1.421574,0.35422972,2.1297686,0.2672728,2.0968177,0.2935372,0.55468094,0.69858444,-0.4187548,1.1394073,0.06503327,0.013081536,0.20100838,1.6306734,0.30982444,0.9291491,1.2331922,-0.15138656,2.3037233,0.694999,-0.6275984,-0.42960745,-0.30924278,0.0013829885,0.33066598,-0.1324728,-0.11588661,-0.73667246,-1.1860667,-1.4430847,-0.26157162,-0.4065737,0.5100987,1.5823255,0.11810621
-0.28146031,0.2950555,0.41439277,0.21676962,-0.08175411,-0.19312243,0.109093204,-0.99230635,-0.7777467,0.45796442,1.5456772,0.2902938,1.3876315,0.55657727,1.0230086,0.47912782,-0.46297866,0.34731445,-0.2931214,0.38138923,0.10159689,1.5756015,0.35121882,1.0995597,-0.34556428,0.22414814,2.0145519,-0.2189678,-0.61596024,-1.0144804,-0.5274643,-0.4684687,-0.16791895,0.011050076,-0.47684154,-1.6726538,-0.55721635,-0.59861994,-0.03752822,1.1080664,0.20454302,0.5817328,-0.5685904,0.6123141,1.2990495,0.58419716,-0.18474522,0.09956871,0.105739035,-0.76818246,-1.508427,0.07987593,1.7923591,-0.026489941,1.9366374,0.009449334,0.3485869,0.42304316,-0.5751313,1.6336344,-0.14445443,-0.17276825,-0.007487895,1.5635312,0.17386651,0.6799929,0.9490995,-0.15679483,2.031897,0.39626458,-0.80108345,-0.7472829,-0.42885768,-0.35941744,-0.13908598,-0.43739986,-0.49758306,-0.9291021,-1.2322925,-1.4093063,-0.55970484,-0.2548671,0.38386673,1.6857295,-0.035487313
-0.58361447,0.18742374,0.09149303,0.05341141,0.007883529,-0.087087825,0.03754453,-1.1096071,-0.66949505,0.23877564,1.1143578,-0.15926747,1.0801245,0.4065511,1.0129775,0.37339744,-0.4954094,0.5387914,-0.17216796,0.5230536,0.10524649,1.698691,0.3480341,0.82878953,-0.62397456,0.20320015,1.508589,-0.34467337,-0.455321,-1.0751454,-0.59864557,-0.8605392,-0.53025794,-0.19537643,-0.68470633,-1.5131981,-0.45060837,-0.7812107,-0.039415415,1.3012949,0.15986829,0.5032456,-0.3986982,0.5094201,1.0541812,0.43726936,-0.3482744,-0.1027999,-0.01535457,-0.89262027,-1.5320843,-0.15759306,1.3660647,-0.30754364,1.6888472,-0.20462506,0.18479057,0.17968416,-0.67699987,1.9487505,-0.33853114,-0.31037986,-0.21224022,1.4994859,0.06869152,0.44783488,0.67945606,-0.15929782,1.6662916,0.1034593,-0.9557575,-1.0572389,-0.5164021,-0.700989,-0.60809463,-0.7104467,-0.83308697,-1.0912734,-1.2183776,-1.297016,-0.83012265,-0.0053747487,0.3250927,1.7157742,-0.08292135
-0.8411513,0.1260631,-0.17786066,-0.06273997,0.14206721,-0.014229529,-0.004857735,-1.1877431,-0.53996223,0.074830435,0.67020494,-0.5553258,0.75543463,0.30570874,0.9882093,0.30490443,-0.49429896,0.6970433,-0.07017479,0.64731497,0.12674952,1.8520751,0.38901466,0.59032804,-0.82745695,0.2143388,0.967191,-0.43099055,-0.2790695,-1.1221844,-0.63368803,-1.1707809,-0.8746541,-0.37827697,-0.82184076,-1.2319852,-0.31235635,-0.89691085,-0.07581132,1.4499079,0.20007555,0.42535114,-0.116324104,0.4132857,0.7905428,0.29281092,-0.4780824,-0.27285656,-0.09312339,-0.98795086,-1.4872888,-0.32369798,0.90059036,-0.5349284,1.3805901,-0.3153646,0.08765354,0.0009578047,-0.7037629,2.0438414,-0.47537598,-0.387285,-0.38046825,1.4648087,0.015733493,0.26802877,0.46294484,-0.14897296,1.2504758,-0.14741232,-1.0717498,-1.3252662,-0.55488104,-0.9777729,-1.0155506,-0.91409653,-1.0711118,-1.1960558,-1.1357373,-1.1097229,-1.0315158,0.32913113,0.37123564,1.678681,-0.015072026
-1.0216542,0.11950801,-0.34922704,-0.11628155,0.32066053,0.017521242,-0.0142027,-1.2207036,-0.39468443,-0.0129857585,0.25750825,-0.8690194,0.444491,0.26841208,0.9501489,0.2828638,-0.44828197,0.82228017,0.0039228145,0.7164775,0.17429292,2.029234,0.47854692,0.41072756,-0.94020015,0.26581493,0.43886054,-0.4699821,-0.10142407,-1.1501472,-0.6243894,-1.3557081,-1.1613853,-0.51258093,-0.8618681,-0.856684,-0.13169217,-0.90819865,-0.12973118,1.5337749,0.35124907,0.3493744,0.2519149,0.33235398,0.54608417,0.16582803,-0.5580834,-0.38894024,-0.116611734,-1.0395291,-1.3748071,-0.39598724,0.4447893,-0.6770247,1.0402969,-0.30646786,0.06463203,-0.092792116,-0.6439799,1.9058044,-0.52212065,-0.4007753,-0.48696277,1.4721594,0.029243778,0.16494077,0.3252029,-0.115137815,0.8291343,-0.32872388,-1.13221,-1.5213401,-0.5324938,-1.1503539,-1.3075197,-1.0189338,-1.1720929,-1.2242063,-0.983334,-0.85604256,-1.1295139,0.72501314,0.54108435,1.5822468,0.15520658
-1.1028746,0.16881247,-0.3939867,-0.1042195,0.5343887,0.0035249833,0.006545592,-1.2062397,-0.23884456,-0.01639452,-0.09032318,-1.0834657,0.1716106,0.29775447,0.8960717,0.3089461,-0.3488343,0.9200657,0.04859931,0.69457924,0.25241402,2.2107768,0.61248475,0.30270734,-0.9604913,0.35762858,-0.034290448,-0.4595645,0.06529279,-1.1548867,-0.56583637,-1.388127,-1.3568088,-0.5802676,-0.7913478,-0.42650095,0.09885164,-0.7961044,-0.17928353,1.536804,0.6224199,0.2713405,0.66342044,0.27214837,0.3546959,0.069047526,-0.5812768,-0.43920332,-0.08743805,-1.0361882,-1.2009916,-0.36724424,0.03984913,-0.71652997,0.69397765,-0.18102935,0.10528046,-0.096163586,-0.4963265,1.5506839,-0.46098807,-0.35509214,-0.5177463,1.5194277,0.114295855,0.1494291,0.27552176,-0.04849555,0.44238204,-0.42440653,-1.1259573,-1.6232774,-0.44390482,-1.1912318,-1.44419,-1.0076149,-1.1142943,-1.1674633,-0.7666864,-0.5513809,-1.1028129,1.1500807,0.8309284,1.4349768,0.3969135
-1.0754822,0.2671643,-0.30341688,-0.035188183,0.76552075,-0.055881355,0.048824355,-1.1459801,-0.07735061,0.059680384,-0.353202,-1.1934508,-0.047633357,0.38560486,0.8207764,0.37716967,-0.19278803,1.0001101,0.07050169,0.5547772,0.36160603,2.367758,0.7794113,0.26473546,-0.89948606,0.48171222,-0.42111915,-0.40330952,0.21188095,-1.1336776,-0.4563236,-1.2608378,-1.4375515,-0.5728217,-0.61200196,0.013501304,0.38038906,-0.56470424,-0.2025769,1.4500972,1.0012904,0.18486857,1.0650699,0.23522015,0.24151646,0.011017212,-0.54974663,-0.42240906,-0.019296959,-0.9721158,-0.97717816,-0.2455491,-0.28514943,-0.6509941,0.36305836,0.03973141,0.1842408,-0.01873466,-0.26922888,1.0223352,-0.2912749,-0.25810483,-0.470739,1.5917425,0.2663863,0.21793897,0.3069612,0.056987856,0.12082354,-0.4313239,-1.0488057,-1.6189302,-0.29061028,-1.088731,-1.405075,-0.87701327,-0.89733976,-1.0290908,-0.4968792,-0.21767662,-0.9469899,1.5678084,1.2148741,1.2462034,0.66790754
-0.9430655,0.4007336,-0.08993313,0.072892904,0.99021494,-0.1544513,0.10106559,-1.0443065,0.08469303,0.198628,-0.52540886,-1.204499,-0.20697673,0.51450807,0.7190617,0.47540948,0.01610105,1.074486,0.084122576,0.28596166,0.49881116,2.4666793,0.962622,0.28316435,-0.7776514,0.6236269,-0.70364577,-0.3093032,0.3335452,-1.0849007,-0.29755646,-0.98778725,-1.3933437,-0.491867,-0.33983308,0.4192418,0.7051638,-0.24101572,-0.18354319,1.2746644,1.4538983,0.08417064,1.4014577,0.22154303,0.21984144,-0.006173438,-0.4732727,-0.3470145,0.065194674,-0.8476323,-0.71798825,-0.052181497,-0.515301,-0.49220762,0.062990546,0.32061425,0.26694643,0.11773335,0.020391975,0.38696903,-0.029351301,-0.11844921,-0.35492623,1.6664735,0.47234687,0.35457096,0.39942124,0.20202754,-0.11657293,-0.3583696,-0.9041465,-1.5074857,-0.080656074,-0.84896874,-1.191754,-0.6385166,-0.54224163,-0.82261986,-0.188299,0.1184526,-0.6760446,1.9419602,1.6490284,1.0260072,0.9237791
-0.7202178,0.5506006,0.21526648,0.19694102,1.1819565,-0.2795623,0.1517013,-0.9073845,0.24163233,0.3752343,-0.61294216,-1.1303893,-0.30750704,0.66121995,0.5882857,0.5874988,0.26607558,1.1550028,0.108640164,-0.103326365,0.65791386,2.4767401,1.1430085,0.33645496,-0.6199339,0.76535815,-0.8773395,-0.18855837,0.43022984,-1.0077661,-0.09457,-0.60127074,-1.2284939,-0.34837443,-0.0025620835,0.7537936,1.0563428,0.12986211,-0.11689825,1.0240101,1.9285554,-0.03329866,1.623136,0.228592,0.289857,0.01177702,-0.36697873,-0.22837774,0.1394776,-0.6697398,-0.4397411,0.18269692,-0.64914536,-0.26214322,-0.19607933,0.6188485,0.31749067,0.28362513,0.34915262,-0.275566,0.29523957,0.055749826,-0.18753017,1.719493,0.7126817,0.5340539,0.52476186,0.38117054,-0.26337832,-0.22414748,-0.70236546,-1.2987764,0.1724634,-0.4949769,-0.82712954,-0.3161319,-0.088419974,-0.56916344,0.142828,0.42924803,-0.32045162,2.2415013,2.0787618,0.7854137,1.1266214
-0.43002543,0.6954806,0.5672313,0.31278867,1.3156766,-0.41286367,0.1916747,-0.7421552,0.3873813,0.56033546,-0.62961185,-0.9899907,-0.3553579,0.80064046,0.43030593,0.6960853,0.5380298,1.2506363,0.16366853,-0.58361095,0.8305299,2.3764699,1.3017029,0.40023658,-0.45097283,0.8885709,-0.94930655,-0.053328134,0.5062282,-0.9017208,0.14398679,-0.14732471,-0.9612401,-0.15996866,0.3647819,0.99211794,1.4094611,0.4926399,-0.010298693,0.7243229,2.3639178,-0.16537753,1.6954141,0.2517905,0.43886352,0.052141804,-0.24823304,-0.085526966,0.1787355,-0.4512071,-0.15892014,0.42522368,-0.6961734,0.011407518,-0.40853724,0.8906688,0.30632353,0.44725648,0.6896735,-0.8830681,0.6447055,0.25646964,0.009900661,1.730655,0.96413255,0.72626936,0.65294677,0.5827511,-0.324162,-0.053018592,-0.45951816,-1.0116942,0.4507932,-0.06359088,-0.35194233,0.057073984,0.41214418,-0.29354024,0.47952098,0.6898323,0.0773434,2.4444125,2.4471948,0.53651166,1.2519863
-0.099641494,0.814783,0.9146438,0.3994358,1.3714887,-0.5321429,0.21649854,-0.55555975,0.51557916,0.72536284,-0.59285486,-0.8045304,-0.35870746,0.90987897,0.25247037,0.78516394,0.8072733,1.3650082,0.2643541,-1.1069857,1.0066969,2.1591804,1.4226015,0.45222738,-0.2908836,0.9775884,-0.93533283,0.084580906,0.56929064,-0.76640934,0.40572926,0.32122627,-0.6214477,0.05196308,0.7252376,1.1236241,1.7354735,0.79140115,0.116197295,0.41220397,2.6989303,-0.30540624,1.6044261,0.28437886,0.64310044,0.09649558,-0.13408324,0.062310223,0.16562186,-0.20942526,0.109305516,0.6433251,-0.6730549,0.29988757,-0.5720139,1.0982778,0.2167458,0.58027637,1.0131135,-1.3627748,0.9795277,0.47395015,0.21548498,1.6881509,1.2027003,0.90071106,0.7575806,0.7903657,-0.31199464,0.12872261,-0.19499849,-0.67163235,0.7336117,0.3995773,0.18075602,0.4434701,0.9024047,-0.020534897,0.8046103,0.8814049,0.46925446,2.540638,2.703527,0.29237425,1.292212
0.24234535,0.8915416,1.2078418,0.44200003,1.3381814,-0.6141765,0.22666685,-0.35450038,0.62037545,0.8465632,-0.5195501,-0.59511167,-0.32590786,0.97134775,0.06736946,0.8414241,1.0466989,1.4939717,0.416799,-1.6130216,1.1751703,1.8357193,1.4936264,0.4757161,-0.15279844,1.0213637,-0.85592586,0.21480076,0.62845004,-0.6019503,0.6744965,0.7524627,-0.24742223,0.26595435,1.0447841,1.1519943,2.004799,0.97916555,0.23417394,0.12949212,2.8832016,-0.44358695,1.3603071,0.3178089,0.87079996,0.12413359,-0.039065305,0.19853905,0.09411936,0.036063615,0.35190243,0.81140375,-0.5997446,0.5771132,-0.6862004,1.2141565,0.048757497,0.66222614,1.2920474,-1.6619265,1.2641522,0.69480324,0.41050303,1.5897007,1.4060955,1.0309445,0.81981474,0.98492897,-0.24557889,0.2965432,0.07063396,-0.30711204,0.99889874,0.8461762,0.7129898,0.8058591,1.3283546,0.22867173,1.1010209,0.99340993,0.8085753,2.5326624,2.8103387,0.06662589,1.256271
0.56914073,0.91439444,1.4066496,0.43345246,1.2152365,-0.6384626,0.2269962,-0.14607339,0.69741195,0.9081915,-0.4232286,-0.38097572,-0.26448476,0.97505975,-0.108649775,0.8552736,1.2306036,1.6252447,0.6143563,-2.0376294,1.3233242,1.4332336,1.5080477,0.46192926,-0.042470854,1.0145798,-0.733167,0.32879895,0.6923489,-0.4095679,0.93067604,1.1021583,0.11904834,0.46303383,1.2965822,1.0930095,2.1916928,1.0252575,0.31311262,-0.08374076,2.8856514,-0.56869227,0.9966342,0.3423751,1.0858744,0.11672546,0.026079165,0.31103253,-0.028675696,0.26567167,0.55863005,0.9131762,-0.49631938,0.8216475,-0.7520752,1.2241584,-0.18073604,0.6828764,1.5029318,-1.7545038,1.4716576,0.9006841,0.58114386,1.441668,1.5554497,1.0973861,0.830737,1.1475343,-0.14616778,0.43063644,0.31825024,0.053101655,1.2251141,1.231498,1.1891526,1.1120412,1.6462324,0.43895042,1.3521963,1.0236793,1.0564312,2.43453,2.748328,-0.12758149,1.1655364
0.85718006,0.8789713,1.4862683,0.3753117,1.0133473,-0.5906939,0.22502017,0.061733168,0.7447647,0.9040252,-0.31330633,-0.17857073,-0.18105026,0.918938,-0.25771296,0.8206229,1.3384447,1.7389866,0.8377388,-2.3233342,1.4379412,0.99151665,1.4640627,0.40975276,0.040757965,0.9577864,-0.58775455,0.4200273,0.7666187,-0.19230339,1.1524627,1.3397868,0.4378878,0.62886417,1.4637057,0.97093666,2.277796,0.91948646,0.32756314,-0.19707793,2.6996028,-0.67001784,0.5651937,0.3482405,1.2523476,0.062114283,0.055418223,0.39296928,-0.18350786,0.46232823,0.7226431,0.9430911,-0.38066566,1.0169535,-0.7717501,1.1281731,-0.44077602,0.6426869,1.6285492,-1.6435821,1.5856737,1.0688534,0.7193371,1.2562358,1.6369104,1.0896302,0.7911438,1.2622252,-0.034854986,0.5177261,0.5321127,0.3832095,1.3928629,1.5197713,1.5629752,1.3383746,1.8279058,0.60224366,1.5433726,0.9770913,1.1866083,2.2682595,2.518679,-0.27827728,1.0476319
1.0876832,0.7877915,1.4408083,0.2768195,0.7535181,-0.4656866,0.22905456,0.25988424,0.7639649,0.83768964,-0.1955026,-0.001303436,-0.08256449,0.808418,-0.36359695,0.7344004,1.3583995,1.8110005,1.0562178,-2.4287155,1.5059026,0.55626327,1.3646759,0.32457134,0.10136787,0.8561634,-0.43704823,0.48367378,0.85248625,0.044195417,1.3179299,1.4516482,0.6758074,0.7548905,1.5401481,0.81414616,2.254981,0.6729314,0.26318282,-0.19669929,2.3437421,-0.7384631,0.12807345,0.32698834,1.3387498,-0.041979376,0.047936495,0.44255418,-0.3425314,0.6135849,0.8407105,0.9058362,-0.26744547,1.1512406,-0.7485729,0.9392417,-0.6922259,0.5511208,1.659925,-1.3582289,1.6013404,1.1750898,0.8219213,1.0475608,1.642098,1.006449,0.7102887,1.3184532,0.06917865,0.5517543,0.7016236,0.66257215,1.4869004,1.6884694,1.8029612,1.4721025,1.8637369,0.71773547,1.6635123,0.86377394,1.1882721,2.0597425,2.142312,-0.37557787,0.9295256
1.2474924,0.6492609,1.283481,0.1534656,0.46436444,-0.26888365,0.24597429,0.43833652,0.760117,0.7213048,-0.073514,0.14046074,0.02283791,0.65476817,-0.41437173,0.59628266,1.2891945,1.816984,1.2329624,-2.3358567,1.5146815,0.17148219,1.2166773,0.21552984,0.14511241,0.7183283,-0.29464033,0.51691085,0.94576967,0.29116052,1.4078302,1.4420213,0.8105557,0.8382611,1.5304458,0.65090317,2.1263418,0.3153794,0.120349124,-0.089230925,1.8581326,-0.76722896,-0.25241607,0.27327937,1.3225493,-0.1869127,0.007374846,0.46202114,-0.4744147,0.7131717,0.9136539,0.8144261,-0.1676097,1.2166233,-0.6874365,0.6809046,-0.894987,0.42350292,1.597516,-0.9467651,1.5237738,1.1981869,0.8890627,0.82867664,1.5683329,0.8551455,0.60318977,1.3123298,0.15079033,0.5338809,0.822014,0.8774978,1.4978259,1.730225,1.8953135,1.5118786,1.7626978,0.79028755,1.7072381,0.6969361,1.0662107,1.8335406,1.6567649,-0.41239536,0.83158267
1.3288324,0.47625834,1.0436381,0.02447119,0.17859331,-0.0159661,0.27981377,0.587008,0.7419769,0.5731589,0.049451068,0.23902534,0.12515175,0.4727924,-0.4052075,0.40928757,1.1410517,1.7375695,1.3310326,-2.053491,1.4550055,-0.12758589,1.0298012,0.09302645,0.17607616,0.55473226,-0.17016457,0.5186967,1.0374918,0.5373357,1.4090483,1.3311883,0.8341647,0.8813525,1.4478291,0.5057904,1.9052871,-0.10963811,-0.08562473,0.098444305,1.2972965,-0.7518872,-0.52393174,0.18637705,1.1933557,-0.35340557,-0.05803683,0.45659593,-0.5503576,0.7614549,0.946347,0.6875498,-0.08900653,1.2084314,-0.5949336,0.3839966,-1.0154548,0.27776337,1.4513011,-0.4675664,1.3662742,1.1250632,0.9227583,0.609248,1.4189217,0.6498098,0.48736823,1.2470284,0.19972545,0.47141007,0.8944496,1.0221359,1.4236065,1.653017,1.844817,1.467082,1.5497663,0.8283655,1.6766725,0.49135575,0.8387254,1.6088414,1.1105098,-0.3849496,0.7640862
1.3306267,0.28405327,0.76120037,-0.08981448,-0.07133367,0.26906508,0.33098465,0.69752276,0.72073495,0.41484088,0.16871952,0.28948694,0.21271883,0.2783991,-0.33969566,0.18042064,0.93438345,1.5628887,1.3213346,-1.6155261,1.3218446,-0.3196954,0.81570494,-0.0337012,0.19513753,0.37605548,-0.06986858,0.4902716,1.1154975,0.7696085,1.3173614,1.1516093,0.75354,0.89058065,1.3119547,0.39711368,1.6136005,-0.5508035,-0.32767096,0.32284683,0.72051215,-0.6901365,-0.6522836,0.0709106,0.9550794,-0.5144848,-0.13659497,0.43274093,-0.5496521,0.76516193,0.9475517,0.5462403,-0.036320504,1.1259756,-0.47956255,0.08239156,-1.0329099,0.13075949,1.2399371,0.020216197,1.1480899,0.95525867,0.9249214,0.39529827,1.2029283,0.40899107,0.37981424,1.1319352,0.21114896,0.37650076,0.9259779,1.0983552,1.2705096,1.4781487,1.6729339,1.3555813,1.2612075,0.84155685,1.5821456,0.26260987,0.5345459,1.39651,0.5560443,-0.29308304,0.72663295
1.2571814,0.088403545,0.47946295,-0.171038,-0.25761956,0.55756944,0.39598775,0.76468474,0.70887715,0.26831824,0.27745607,0.29023176,0.27348942,0.08648048,-0.22993132,-0.07824694,0.69734204,1.2954613,1.1881769,-1.0754547,1.1171713,-0.40034992,0.58682686,-0.15787573,0.19904643,0.19233651,0.0027184363,0.43545523,1.1667949,0.97494537,1.1396315,0.94207996,0.5896936,0.8748967,1.1458393,0.33549863,1.2783465,-0.95533574,-0.5726289,0.532041,0.18254192,-0.58211637,-0.6265019,-0.06333558,0.6260807,-0.64013803,-0.21429805,0.39719775,-0.4635835,0.7361005,0.92887783,0.41066715,-0.011863481,0.9726249,-0.35126373,-0.19097601,-0.9434696,-0.0040227794,0.98867965,0.464304,0.89211327,0.7030814,0.8972994,0.19040063,0.93477476,0.15324238,0.2938014,0.9808169,0.18585785,0.2640618,0.9278855,1.114891,1.0531589,1.2366045,1.413855,1.2006303,0.93875676,0.838123,1.440827,0.026845831,0.18844844,1.1984533,0.042866763,-0.14065465,0.7099479
1.1190231,-0.09601257,0.23774181,-0.20570552,-0.36084196,0.8205954,0.46815392,0.7886102,0.7179079,0.15269087,0.36694226,0.24299772,0.29702336,-0.09103209,-0.09515111,-0.34920123,0.4618356,0.95061386,0.93471944,-0.4974307,0.85065204,-0.38101533,0.3554851,-0.27550498,0.18117091,0.01255963,0.046118032,0.36084545,1.1806787,1.1422482,0.8939687,0.7415604,0.37408447,0.8441228,0.9731717,0.3238209,0.928075,-1.2741119,-0.78766125,0.67478526,-0.27477363,-0.4303721,-0.45944956,-0.20244767,0.23760602,-0.70253724,-0.27687737,0.35599005,-0.29692417,0.68886995,0.90385145,0.29760724,-0.015574622,0.75687736,-0.22095622,-0.40847647,-0.7609125,-0.11777166,0.7262329,0.8245588,0.6227719,0.39714724,0.841473,-0.0023481043,0.6335012,-0.097077206,0.23687667,0.80949575,0.12943102,0.14981835,0.9144263,1.0855978,0.79340506,0.9645813,1.108925,1.0274686,0.623397,0.8235038,1.2744144,-0.19904715,-0.16308662,1.0095859,-0.38911653,0.06414514,0.69976544
0.93110377,-0.25724173,0.064783685,-0.18726535,-0.37262633,1.0332348,0.5387558,0.7753096,0.7569759,0.0819726,0.4274832,0.15343304,0.27657798,-0.24622855,0.041115187,-0.61029387,0.25892317,0.55459034,0.5836276,0.054713525,0.5407322,-0.28580365,0.13321678,-0.38463932,0.13312219,-0.15575774,0.06071174,0.27547082,1.1510712,1.2641311,0.60822845,0.58288085,0.14348365,0.80748725,0.8154986,0.35783717,0.59005684,-1.466057,-0.9460778,0.71050286,-0.6274158,-0.24048257,-0.18453713,-0.33077586,-0.1702719,-0.6820224,-0.31177428,0.31414405,-0.067269616,0.6385731,0.8857799,0.21822475,-0.045202907,0.49220762,-0.09976508,-0.5513217,-0.5149259,-0.20677087,0.4812095,1.0752289,0.36417356,0.07675182,0.75977176,-0.17780936,0.32151052,-0.3233537,0.20930552,0.6334368,0.051113565,0.048120603,0.9004903,1.0269706,0.5182936,0.698356,0.8004644,0.859761,0.34985948,0.79960304,1.1051718,-0.39775196,-0.48540488,0.82106507,-0.7141303,0.30859756,0.6813161
0.7120838,-0.3870322,-0.025181277,-0.11749642,-0.29700992,1.1783293,0.5982424,0.73661005,0.83063567,0.06308915,0.4500117,0.03072385,0.2110223,-0.37570623,0.1551314,-0.8371669,0.11447095,0.13993354,0.1746742,0.52664983,0.21276164,-0.14624603,-0.070063494,-0.48444313,0.047170315,-0.30606076,0.048216473,0.1901458,1.078251,1.3381851,0.31627554,0.48764023,-0.06575104,0.7721983,0.6901665,0.42783353,0.28731337,-1.5012791,-1.0309477,0.616539,-0.870821,-0.021652846,0.15118235,-0.43353838,-0.5539795,-0.5709955,-0.3107589,0.27564895,0.19844744,0.598299,0.886218,0.1774541,-0.096307136,0.19630119,0.0021117027,-0.61210686,-0.24622707,-0.27151847,0.27836302,1.2049762,0.13786799,-0.21456784,0.656106,-0.32788384,0.022346122,-0.51046324,0.20399609,0.46573606,-0.038149208,-0.029817589,0.8995895,0.9555861,0.25673306,0.46965757,0.52573013,0.71669954,0.14245601,0.76516294,0.95201373,-0.5522082,-0.74880254,0.6248001,-0.9224644,0.5755343,0.6429555
0.48146102,-0.48160523,-0.0339995,-0.0065082954,-0.14975978,1.2486994,0.6378453,0.688604,0.9382197,0.09495836,0.42811093,-0.11308859,0.1056199,-0.48061407,0.2268353,-1.0066481,0.0449719,-0.26002654,-0.24027237,0.881774,-0.10258327,0.0050584716,-0.24678455,-0.57417375,-0.08112065,-0.4329405,0.01177989,0.11618092,0.96896505,1.3673327,0.053152483,0.4631204,-0.22404933,0.7424938,0.60872585,0.52083474,0.037337538,-1.362899,-1.0363396,0.39251512,-1.0177193,0.21297194,0.4956999,-0.49971458,-0.8726249,-0.3762948,-0.2719608,0.24365611,0.46823138,0.5772009,0.9126134,0.17362992,-0.16292515,-0.110706516,0.07617582,-0.5954738,0.00017180231,-0.31569242,0.13513964,1.2155657,-0.03913507,-0.43628964,0.5367989,-0.44157973,-0.24153194,-0.647483,0.20737137,0.31546688,-0.12767765,-0.07737965,0.9215798,0.885461,0.03574049,0.30181065,0.31185174,0.61101794,0.012937391,0.7170895,0.82715714,-0.6473811,-0.93063664,0.41714984,-1.0198027,0.8435736,0.5793909
0.25837412,-0.54209185,0.021902299,0.12899442,0.04364584,1.2475849,0.650813,0.6486248,1.0728569,0.16843611,0.35899103,-0.2647837,-0.028493013,-0.5655037,0.24363638,-1.1009539,0.05512895,-0.61673635,-0.6058569,1.1049949,-0.37423167,0.13995105,-0.3920191,-0.65234566,-0.2506966,-0.53217995,-0.04430574,0.063596904,0.835257,1.3592362,-0.15056486,0.50146353,-0.31335035,0.7188094,0.5760488,0.62267315,-0.14902009,-1.048826,-0.96602815,0.06020248,-1.0930898,0.44651583,0.80068177,-0.5240441,-1.0942539,-0.118624985,-0.20067061,0.22079839,0.7103771,0.5790315,0.9668828,0.19953562,-0.23793885,-0.40814415,0.11624666,-0.5170057,0.18231662,-0.34465644,0.059577446,1.1194586,-0.15596476,-0.5583158,0.41050303,-0.50712246,-0.45136887,-0.7287254,0.20168269,0.18723305,-0.20870486,-0.09319071,0.9707533,0.8259806,-0.123397864,0.20720892,0.17290515,0.54801065,-0.039535742,0.651915,0.73423404,-0.67208725,-1.0167856,0.20088845,-1.024421,1.0879472,0.49193278
0.05837341,-0.57407033,0.11565559,0.26831532,0.25189105,1.1876343,0.63364625,0.6323384,1.2222182,0.26707378,0.24467468,-0.41207197,-0.17591716,-0.6370479,0.20239735,-1.1111389,0.13690792,-0.91040784,-0.8717365,1.2029912,-0.5739731,0.23875986,-0.50360394,-0.7168236,-0.45352018,-0.600937,-0.114842005,0.039487623,0.69212586,1.3244011,-0.2738429,0.5816467,-0.33052588,0.6980163,0.5900352,0.72005785,-0.2675513,-0.57259524,-0.8309589,-0.34057942,-1.1275326,0.6593483,1.0291537,-0.50813127,-1.2005807,0.17038688,-0.108698815,0.20922992,0.8978689,0.60209763,1.0443715,0.2440071,-0.3141085,-0.6770247,0.11923395,-0.40040863,0.26859573,-0.3643106,0.04923303,0.93740577,-0.20929588,-0.566594,0.28770158,-0.5153238,-0.59428144,-0.7539965,0.16804363,0.081168585,-0.27586448,-0.0809887,1.0449375,0.7807203,-0.20817566,0.18643749,0.10884383,0.5256238,-0.026627293,0.56766754,0.668386,-0.62122,-1.0028671,-0.014679421,-0.96217334,1.2819971,0.3883441
-0.10813435,-0.58664066,0.21542566,0.3906279,0.44245967,1.0882868,0.5866744,0.6500208,1.3694199,0.36949894,0.091787875,-0.54508454,-0.31942624,-0.7025821,0.11013586,-1.0391432,0.27084383,-1.132328,-1.0016253,1.200294,-0.681291,0.29215485,-0.58226013,-0.76519364,-0.6744828,-0.63843256,-0.19410588,0.04643268,0.55479354,1.274163,-0.30864173,0.6734726,-0.28743947,0.67357934,0.64220095,0.80211776,-0.32073152,0.03647636,-0.6459599,-0.75909394,-1.149966,0.83117634,1.1600113,-0.45997202,-1.1893336,0.4540801,-0.012718936,0.21054633,1.0121151,0.63976306,1.1337982,0.29378307,-0.3848635,-0.9018064,0.0853952,-0.27248344,0.24327208,-0.37998027,0.09207216,0.6957741,-0.20315704,-0.4658253,0.18004227,-0.46298492,-0.66496813,-0.72879004,0.09048795,-0.00576583,-0.32766876,-0.048550252,1.1352834,0.7474048,-0.21692729,0.22877821,0.10703209,0.5357789,0.03256055,0.46495903,0.61810374,-0.49691892,-0.89456195,-0.21649256,-0.8614799,1.3991437,0.28006747
-0.23636447,-0.59067655,0.29093766,0.47848988,0.5868456,0.9724807,0.51450825,0.7043863,1.4951835,0.45228314,-0.08892822,-0.6576145,-0.44301197,-0.768028,-0.017709253,-0.8972532,0.42911094,-1.2839664,-0.979287,1.1323516,-0.68612427,0.30114767,-0.6303912,-0.79569185,-0.8922832,-0.6460875,-0.27632666,0.08215013,0.43580565,1.2184349,-0.261174,0.7431649,-0.20905763,0.63702303,0.7186014,0.86103255,-0.31689462,0.73407364,-0.42758447,-1.1423957,-1.1819109,0.9439036,1.1899137,-0.39229658,-1.0742921,0.6965537,0.06941974,0.225346,1.0444843,0.681822,1.2182964,0.33597234,-0.44533685,-1.0714645,0.01802673,-0.15815201,0.10943808,-0.39568827,0.1688218,0.42416576,-0.14809938,-0.2784936,0.09867381,-0.3558229,-0.6656522,-0.6634471,-0.040655106,-0.07817393,-0.36597738,-0.0062298994,1.2274836,0.7191679,-0.15896897,0.3145235,0.14521801,0.56608444,0.1155393,0.34749535,0.567963,-0.30896956,-0.70761496,-0.39062285,-0.74787897,1.4155245,0.17970492
-0.3281112,-0.596409,0.31904772,0.52122766,0.6650262,0.8630507,0.4256693,0.7894633,1.5803477,0.4938917,-0.28401235,-0.74705505,-0.53418964,-0.83652306,-0.15991992,-0.7061086,0.5800297,-1.3741937,-0.8115867,1.0373737,-0.59044564,0.27439398,-0.6515424,-0.80752903,-1.0818429,-0.62711054,-0.355829,0.13949648,0.3431914,1.1638917,-0.15064608,0.7597857,-0.12825584,0.57919824,0.80180615,0.89175236,-0.26961416,1.4629737,-0.1922782,-1.443976,-1.2332628,0.9844897,1.1312226,-0.31983417,-0.8823451,0.86997986,0.12248657,0.25307047,0.99692655,0.7169703,1.2777683,0.35941085,-0.49291244,-1.1798743,-0.07633033,-0.07581571,-0.111087374,-0.41350344,0.25655523,0.1521563,-0.059469957,-0.0403688,0.053247254,-0.20915143,-0.6053975,-0.57238066,-0.22557515,-0.14043596,-0.39525342,0.03518819,1.3038934,0.68678683,-0.05301789,0.41808805,0.19631842,0.60211796,0.20037037,0.2216341,0.50258666,-0.07431816,-0.46702263,-0.52637863,-0.64043576,1.313105,0.097741336
-0.3898339,-0.6110358,0.28826353,0.5166719,0.6687361,0.77964336,0.33201385,0.8914083,1.6085393,0.4783629,-0.47853848,-0.81353027,-0.58565104,-0.907095,-0.2937094,-0.4906062,0.69322693,-1.4156069,-0.5272916,0.94785404,-0.40796578,0.22521439,-0.64883846,-0.80149436,-1.2173368,-0.5860855,-0.42746216,0.20805414,0.27945983,1.1131794,-0.005562941,0.70095456,-0.079680346,0.49242148,0.87270445,0.8914017,-0.19642434,2.15754,0.043675084,-1.6313357,-1.3012357,0.9471115,1.0078267,-0.25628817,-0.64898473,0.9591623,0.13723625,0.29160547,0.88060534,0.7344529,1.2916231,0.35657355,-0.52734697,-1.225734,-0.1884566,-0.03370815,-0.38112625,-0.43331084,0.332734,-0.09311216,0.04495417,0.20669848,0.05066809,-0.046825964,-0.49817032,-0.47161943,-0.45388088,-0.19474204,-0.4206508,0.06655251,1.3463904,0.64124215,0.07571564,0.5117855,0.23315714,0.6293656,0.26916718,0.09519489,0.4095692,0.18463999,-0.20459884,-0.61850065,-0.5495314,1.0827101,0.040578533
-0.43098238,-0.6368448,0.20017682,0.4712006,0.6029127,0.7360995,0.24745631,0.9908716,1.5689217,0.398771,-0.65765035,-0.8580333,-0.5961347,-0.9742643,-0.39814857,-0.2753193,0.74440414,-1.4205407,-0.17249486,0.8833794,-0.16235775,0.16777264,-0.62372136,-0.779259,-1.2757506,-0.5276878,-0.48660007,0.27636376,0.2420461,1.064995,0.14130683,0.5572091,-0.092429206,0.37201923,0.91315174,0.85787636,-0.11692219,2.749471,0.26399162,-1.6900237,-1.3717064,0.8338263,0.84879285,-0.21191643,-0.4125332,0.9645759,0.11302753,0.33767992,0.71398747,0.72648966,1.2425561,0.32406807,-0.5507089,-1.2127953,-0.307124,-0.029011114,-0.6540514,-0.45258185,0.3789756,-0.2900329,0.14777964,0.4224416,0.094181076,0.10239777,-0.36027423,-0.3771275,-0.705093,-0.24001944,-0.44673893,0.08197688,1.3395548,0.5765613,0.19970635,0.5697647,0.23306423,0.63511634,0.3100343,-0.024172703,0.28221267,0.4418008,0.044433903,-0.66820264,-0.4767842,0.7263088,0.008972644
-0.46160448,-0.6700058,0.06892221,0.39848122,0.4846325,0.73918384,0.18591128,1.0666033,1.4579216,0.25884944,-0.8082355,-0.88093656,-0.56968623,-1.0285742,-0.45750967,-0.079971395,0.71909314,-1.3981283,0.19733936,0.84690374,0.11698438,0.11387181,-0.57510954,-0.7430047,-1.2402631,-0.45540118,-0.52918893,0.33425578,0.22425926,1.0151517,0.2589001,0.33402103,-0.18373698,0.21787265,0.9083216,0.7892126,-0.050911073,3.1756904,0.45174056,-1.6248358,-1.4229623,0.6533162,0.68196326,-0.19171639,-0.20874321,0.90151185,0.058357473,0.38710526,0.51993895,0.6892819,1.1193957,0.26251116,-0.5662835,-1.1495563,-0.41991982,-0.049180742,-0.8814146,-0.46694893,0.3838167,-0.42478082,0.23391517,0.57553643,0.18253824,0.20969592,-0.20801276,-0.30163738,-0.95133704,-0.27161977,-0.47617438,0.07995754,1.2732129,0.49160677,0.29329225,0.5715732,0.18112767,0.60967153,0.31784883,-0.130451,0.12056419,0.6693485,0.24607049,-0.6822463,-0.41674706,0.25831315,-0.0017138759
-0.4900735,-0.7012902,-0.08257931,0.3165635,0.34041026,0.78817075,0.15964659,1.0996414,1.2802508,0.07326132,-0.9199712,-0.88068825,-0.5139183,-1.0579607,-0.46279353,0.08320474,0.61438733,-1.3535658,0.5263109,0.82442755,0.398102,0.07064999,-0.4993376,-0.6941704,-1.1030124,-0.37046325,-0.5519856,0.37508282,0.21723373,0.9585153,0.32301605,0.051466964,-0.35478413,0.035368163,0.84901565,0.68316597,-0.015925182,3.3868144,0.58939797,-1.4572912,-1.4306962,0.4181684,0.52855355,-0.19537239,-0.0661796,0.79684836,-0.010581301,0.43573275,0.32310995,0.6236534,0.9197873,0.17615882,-0.5779645,-1.0487261,-0.51427686,-0.07553941,-1.020815,-0.4709334,0.34374064,-0.4929436,0.29210618,0.6479448,0.30966607,0.25165552,-0.05569429,-0.25290486,-1.1613631,-0.28243628,-0.5087978,0.063716836,1.1445563,0.3911321,0.33651397,0.5047376,0.07228383,0.54714346,0.29385534,-0.22047816,-0.06872536,0.8398666,0.3724332,-0.6711501,-0.3598282,-0.29481563,-0.00025204057
-0.52105445,-0.7178964,-0.22752286,0.24453835,0.20142554,0.87564737,0.17693682,1.077112,1.0484345,-0.13472724,-0.98623145,-0.8533782,-0.4381399,-1.0500065,-0.41226643,0.21102965,0.4387781,-1.2886903,0.76701915,0.7882087,0.6510092,0.040074337,-0.39075723,-0.6328955,-0.8669412,-0.27163637,-0.55241483,0.39750543,0.21160217,0.89078057,0.31997064,-0.25885704,-0.5889853,-0.16476099,0.7333439,0.53784287,-0.025125481,3.3550413,0.66019475,-1.2202046,-1.3735799,0.14159775,0.40003464,-0.21804483,-0.003240082,0.6828772,-0.07321405,0.47981265,0.14698888,0.5346843,0.65106875,0.071549095,-0.5889154,-0.9265355,-0.5789156,-0.08835956,-1.0424278,-0.45905662,0.26274362,-0.49986953,0.31602207,0.63649845,0.46474868,0.21473244,0.08562213,-0.23196411,-1.3054764,-0.26478124,-0.54147434,0.040386934,0.95846,0.28517255,0.3177121,0.36627918,-0.08896114,0.44577497,0.24404493,-0.29408422,-0.2739109,0.9283637,0.40643832,-0.646588,-0.2957254,-0.8966144,0.0024699976
-0.55454737,-0.7067399,-0.3413002,0.19924061,0.09833953,0.9888874,0.24041672,0.9947493,0.78084856,-0.33708864,-1.0040869,-0.7938546,-0.3508338,-0.9943267,-0.31063432,0.30813777,0.20986886,-1.2038169,0.8876457,0.7038908,0.8511452,0.019278398,-0.2438402,-0.5574624,-0.54623574,-0.15539104,-0.52914125,0.405145,0.19861051,0.81005186,0.24809906,-0.5588547,-0.8541143,-0.3672665,0.56701845,0.35317308,-0.08544314,3.0798485,0.6502735,-0.9506817,-1.2381626,-0.16495912,0.29807702,-0.25244805,-0.026739987,0.5906555,-0.10880569,0.51655257,0.011329182,0.4303378,0.329888,-0.04391634,-0.600718,-0.801359,-0.6048226,-0.071781784,-0.93377995,-0.42737246,0.15030232,-0.45951736,0.30393624,0.5509575,0.63197833,0.098007835,0.20789875,-0.23280433,-1.360429,-0.21288875,-0.56873137,0.019634925,0.72700524,0.18729812,0.23457168,0.16308627,-0.2895534,0.307985,0.17741881,-0.35344502,-0.47985116,0.914413,0.34459606,-0.6193097,-0.21642585,-1.5037684,-0.0042342814
-0.58612645,-0.65820664,-0.4068161,0.19212487,0.05594851,1.1119249,0.34584603,0.85794365,0.49912742,-0.50628227,-0.97465336,-0.69690377,-0.25826415,-0.88539755,-0.16743293,0.38439083,-0.04921761,-1.1001003,0.87587726,0.53936493,0.9817416,0.0023044148,-0.055762373,-0.46494657,-0.16505219,-0.01751014,-0.48187858,0.4058395,0.17101023,0.71775097,0.11698419,-0.810471,-1.1072617,-0.5543653,0.36310184,0.13294402,-0.19671312,2.5901873,0.55165404,-0.68279964,-1.0228592,-0.4925412,0.2164998,-0.29127002,-0.1323592,0.5439274,-0.10127053,0.5438781,-0.07009154,0.31995016,-0.020042995,-0.16351436,-0.61264235,-0.69088215,-0.5867443,-0.018456593,-0.7012627,-0.37480813,0.018359628,-0.39215678,0.25808683,0.40951338,0.79255205,-0.086573586,0.30560604,-0.24346861,-1.3134027,-0.12541798,-0.5834491,0.011514573,0.46725452,0.11176944,0.09361412,-0.08933574,-0.5107252,0.14004919,0.10367279,-0.40179044,-0.6706501,0.78446317,0.19818738,-0.5973484,-0.118771724,-2.070364,-0.028430177
-0.60825574,-0.56952035,-0.41802192,0.22744323,0.08871017,1.2276791,0.4818626,0.6806935,0.22459163,-0.6205028,-0.9022553,-0.5595465,-0.16369344,-0.7245447,0.004375713,0.45072827,-0.31408477,-0.980952,0.7407581,0.27408138,1.0348088,-0.017929472,0.17137314,-0.35223788,0.24498698,0.14493996,-0.41191462,0.4091632,0.12316974,0.61838037,-0.05538578,-0.9819453,-1.30239,-0.7084327,0.14007457,-0.1135863,-0.35130292,1.9422355,0.36557662,-0.4419266,-0.73929477,-0.83344275,0.14544688,-0.32932925,-0.30646706,0.5536149,-0.042538967,0.56011385,-0.09104845,0.21240005,-0.37090492,-0.28200212,-0.62152475,-0.60972804,-0.5239083,0.06818993,-0.3688252,-0.3043137,-0.12171245,-0.3204909,0.18352556,0.23337254,0.92591983,-0.31661975,0.37446856,-0.24844527,-1.1643213,-0.0073302025,-0.5784547,0.024060301,0.19860172,0.070125066,-0.091835566,-0.36907175,-0.73120016,-0.04856195,0.031576496,-0.44190827,-0.8312137,0.53446317,-0.008643307,-0.58538526,-0.005210325,-2.552181,-0.07425115
-0.6120835,-0.44687617,-0.38102996,0.30094358,0.19798844,1.3199248,0.63097036,0.48293018,-0.02508987,-0.66806316,-0.79365826,-0.3827757,-0.067991726,-0.52104825,0.19001326,0.51512575,-0.56314486,-0.8525134,0.50963897,-0.093501054,1.0117275,-0.047156196,0.42819253,-0.21752593,0.6486138,0.33154672,-0.32211083,0.42369825,0.051185977,0.5182594,-0.24659666,-1.0534066,-1.3985376,-0.81465596,-0.08102064,-0.37067217,-0.53497887,1.2123947,0.10449669,-0.24169339,-0.4124006,-1.1784587,0.075674705,-0.3652317,-0.5287665,0.61639404,0.06498415,0.5636642,-0.053865492,0.11432349,-0.69465953,-0.39617229,-0.6222548,-0.5663182,-0.4208469,0.17406668,0.025873428,-0.22305354,-0.2616247,-0.26561835,0.086647086,0.041492995,1.0126961,-0.56344295,0.410496,-0.23202875,-0.92645854,0.12957475,-0.547744,0.061224874,-0.060301162,0.0683374,-0.3043306,-0.65085566,-0.93039876,-0.24602744,-0.032618433,-0.47478452,-0.9490892,0.17191602,-0.24233723,-0.58446056,0.11616656,-2.9108663,-0.14089067
-0.58983463,-0.30544078,-0.31255344,0.40082422,0.3712624,1.3749509,0.7714742,0.28660166,-0.23825559,-0.64999133,-0.6575806,-0.17298459,0.028971521,-0.29147944,0.37371063,0.5790382,-0.78075397,-0.7233924,0.22327352,-0.54174095,0.9218685,-0.08841084,0.6974503,-0.062064055,1.011263,0.53639704,-0.21666414,0.45395884,-0.047394425,0.42402324,-0.43419367,-1.0204118,-1.367964,-0.864005,-0.27993912,-0.61678165,-0.7283089,0.48710048,-0.20710617,-0.0841825,-0.07748424,-1.5138512,0.002115996,-0.40171278,-0.77564585,0.71507406,0.20895396,0.55229515,0.030626142,0.029290246,-0.96682805,-0.5045445,-0.6088704,-0.56126523,-0.28698555,0.2768489,0.4374087,-0.14221483,-0.39740372,-0.24267459,-0.0260261,-0.15273714,1.0369903,-0.7973005,0.40889984,-0.18226214,-0.6248447,0.2677759,-0.48812923,0.1212897,-0.29435232,0.10470005,-0.52532315,-0.9096341,-1.091365,-0.4393624,-0.08575725,-0.4989232,-1.0148902,-0.2826943,-0.46539947,-0.5923782,0.23312257,-3.1177924,-0.22335835
-0.5367244,-0.16734721,-0.23570439,0.50907886,0.5838722,1.382908,0.88040274,0.111367874,-0.41062573,-0.5796518,-0.50343835,0.05797187,0.12667428,-0.05811029,0.5398226,0.6356756,-0.95855135,-0.60308945,-0.07039272,-1.0261997,0.7806192,-0.14152479,0.95529115,0.108995065,1.3034203,0.7473897,-0.10110675,0.4988041,-0.17290601,0.34060884,-0.5996201,-0.89456254,-1.2015797,-0.8548561,-0.44046834,-0.8267708,-0.90868425,-0.14977255,-0.5343458,0.037169036,0.22409421,-1.8195363,-0.073948495,-0.4449535,-1.0229721,0.82182705,0.36879572,0.5235734,0.14441596,-0.042836986,-1.1696128,-0.606872,-0.5756526,-0.58599424,-0.13633358,0.35095158,0.8191191,-0.07520682,-0.52920943,-0.25770304,-0.14867489,-0.3423172,0.9895669,-0.9926016,0.36489165,-0.09384561,-0.29311875,0.38604245,-0.3999291,0.19660704,-0.49380186,0.16929962,-0.7379028,-1.1238643,-1.2024387,-0.61571896,-0.12789783,-0.5105846,-1.022956,-0.7954469,-0.64208,-0.60457253,0.33136877,-3.1568544,-0.31338724
-0.45263317,-0.057581834,-0.17490004,0.60453385,0.8026197,1.3385347,0.93704885,-0.02904406,-0.54483104,-0.48020253,-0.34106588,0.29339725,0.222376,0.15471037,0.6735295,0.6707574,-1.0954592,-0.5011049,-0.32428598,-1.4856777,0.60780585,-0.20312573,1.1735936,0.28585672,1.5039161,0.94669354,0.018361367,0.5507432,-0.3230627,0.2696355,-0.7308162,-0.70165396,-0.9113661,-0.79366475,-0.552948,-0.9756709,-1.0530423,-0.628982,-0.83564997,0.13296291,0.4506864,-2.0695379,-0.14516847,-0.5026341,-1.2488841,0.90331644,0.51981974,0.4750656,0.26492858,-0.10530759,-1.2938137,-0.70266145,-0.5185254,-0.6244276,0.014009345,0.3731658,1.1296002,-0.03578358,-0.659782,-0.30583683,-0.27624753,-0.5249477,0.8691782,-1.1319224,0.27408203,0.029407544,0.03117397,0.46309897,-0.28760678,0.2744593,-0.6552585,0.24543773,-0.92868817,-1.2782271,-1.2583239,-0.76384664,-0.16193447,-0.50453293,-0.97121155,-1.3208377,-0.743649,-0.61509085,0.39728728,-3.0265558,-0.40114778
-0.3424653,0.0011310718,-0.15032363,0.66679657,0.991197,1.2416754,0.9265512,-0.12901147,-0.6485672,-0.37988755,-0.17966989,0.51417446,0.3104651,0.32453382,0.76219964,0.6651529,-1.1960827,-0.42546937,-0.49939606,-1.8518474,0.42433965,-0.2682114,1.3242962,0.45529115,1.6021217,1.112444,0.13530181,0.5971759,-0.4921214,0.20885198,-0.82343715,-0.47710824,-0.52925456,-0.6942933,-0.61599207,-1.0432124,-1.1407133,-0.90636957,-1.0680445,0.21304357,0.56693673,-2.2354732,-0.19951616,-0.5815143,-1.4355053,0.9269654,0.6373363,0.40553504,0.3679702,-0.16338466,-1.3394306,-0.79024744,-0.43602857,-0.6548987,0.14591351,0.32790846,1.3380995,-0.03524721,-0.7921357,-0.37196732,-0.40426782,-0.6990445,0.683728,-1.2079806,0.1347608,0.1745063,0.31196725,0.48084342,-0.15918528,0.3392073,-0.78100073,0.31235313,-1.0888146,-1.3653554,-1.2598104,-0.87539303,-0.19267161,-0.47590646,-0.86144906,-1.8050327,-0.7523329,-0.6179805,0.42006272,-2.740915,-0.4771632
-0.21543138,-0.006580781,-0.17362665,0.6795528,1.1163242,1.0970733,0.8428994,-0.19155894,-0.7316504,-0.30586872,-0.027410818,0.7012486,0.3828504,0.43496546,0.7966274,0.5995699,-1.2679332,-0.3817467,-0.56957084,-2.0620964,0.25044128,-0.33121747,1.384385,0.60197955,1.5983446,1.222272,0.24370542,0.62292224,-0.6703802,0.15229449,-0.8804065,-0.26005012,-0.1018728,-0.57579213,-0.6363207,-1.0181386,-1.1559784,-0.9686616,-1.1937857,0.28271186,0.549259,-2.2919939,-0.22329327,-0.68480283,-1.5703225,0.86675066,0.7012516,0.31562003,0.4320444,-0.2226974,-1.3151709,-0.86636084,-0.3299873,-0.6544394,0.2425883,0.21120091,1.4278834,-0.08022572,-0.92716116,-0.43352512,-0.5284513,-0.85975325,0.4489409,-1.2237027,-0.050677814,0.32102695,0.5194524,0.4282358,-0.025291119,0.3750829,-0.87765217,0.34908143,-1.2140193,-1.3863928,-1.2130303,-0.9458398,-0.22557947,-0.42198536,-0.6992346,-2.1913445,-0.6633028,-0.60873365,0.39397162,-2.3287165,-0.5337211
-0.08397159,-0.08485609,-0.245796,0.63408154,1.1533413,0.91411114,0.69041586,-0.22649713,-0.80291504,-0.2789774,0.10901554,0.839599,0.43044025,0.47858134,0.7721482,0.46021277,-1.3189471,-0.37235132,-0.52489436,-2.071986,0.103175096,-0.38719788,1.3397391,0.71097463,1.5026425,1.2569714,0.33861223,0.6137448,-0.84423405,0.091589965,-0.9102515,-0.08709478,0.3169507,-0.4594693,-0.62741643,-0.90108055,-1.0908337,-0.8346711,-1.1865604,0.34102118,0.39083186,-2.2235136,-0.20441636,-0.8101063,-1.6468555,0.70833075,0.6992743,0.20863155,0.44142315,-0.28768513,-1.2364775,-0.92575896,-0.20514697,-0.60283756,0.29110596,0.03205037,1.3976805,-0.17083403,-1.0617985,-0.46510622,-0.64406604,-0.9955253,0.18669818,-1.1902167,-0.273968,0.44460326,0.63466716,0.3029966,0.10238653,0.36949748,-0.95374393,0.33884302,-1.3039916,-1.3501691,-1.1279714,-0.9752782,-0.26580983,-0.34385753,-0.49433208,-2.4269946,-0.4845933,-0.5852119,0.31905347,-1.8308731,-0.56623435
0.038277645,-0.22492905,-0.35712206,0.53090334,1.0906277,0.7057483,0.48404446,-0.24724288,-0.8673477,-0.30895284,0.22479661,0.9209706,0.444752,0.45825377,0.68946373,0.2433631,-1.3550357,-0.39544612,-0.37223148,-1.86559,-0.004931888,-0.43272415,1.188736,0.7702535,1.332276,1.2043952,0.41658843,0.5599206,-0.9974017,0.018049425,-0.92434156,0.013411855,0.67474496,-0.36548424,-0.60725576,-0.70589024,-0.9466407,-0.55096024,-1.0362858,0.38121927,0.10332833,-2.0295095,-0.1352567,-0.9487186,-1.6648808,0.4517057,0.62841165,0.09031393,0.3892591,-0.36027002,-1.1229006,-0.96215034,-0.06886903,-0.48677182,0.28482234,-0.1890972,1.2604105,-0.30013767,-1.1885118,-0.44406107,-0.7456765,-1.0874026,-0.0784565,-1.123653,-0.5202884,0.521386,0.65161943,0.11299239,0.21295547,0.31553367,-1.0173835,0.2723339,-1.3610747,-1.271392,-1.0168978,-0.96829516,-0.31706738,-0.24733672,-0.26098657,-2.470273,-0.23511417,-0.54828215,0.20142643,-1.2959366,-0.5731907
0.13803875,-0.40615758,-0.4894909,0.37973735,0.9313476,0.48732895,0.24741514,-0.2670192,-0.9246343,-0.39271098,0.3167937,0.94610834,0.42030457,0.38626772,0.5548899,-0.041171256,-1.3788443,-0.44415516,-0.13239498,-1.4602475,-0.066975035,-0.46627867,0.9427326,0.7728066,1.1088538,1.0621138,0.47563094,0.4588204,-1.1129326,-0.07519935,-0.9342493,0.025136944,0.9288958,-0.30979818,-0.5947394,-0.45788708,-0.7351163,-0.1833747,-0.75169677,0.39308307,-0.2837566,-1.7275205,-0.015201761,-1.0862,-1.6303571,0.11226159,0.49545068,-0.0316737,0.2784157,-0.43875873,-0.9947568,-0.9694286,0.0700858,-0.3027203,0.22440705,-0.4241701,1.0403317,-0.4546124,-1.2958837,-0.35581577,-0.8272079,-1.1115729,-0.32297787,-1.0413673,-0.76928806,0.53295517,0.5781975,-0.12506041,0.29764885,0.2138789,-1.0738693,0.1501229,-1.3891646,-1.1682264,-0.89295614,-0.9334483,-0.38088605,-0.14265634,-0.017499732,-2.2975867,0.058758255,-0.50193214,0.052261136,-0.7743488,-0.5562031
0.20490502,-0.59936523,-0.6201725,0.19780879,0.6930141,0.27510422,0.009633135,-0.29493874,-0.9690029,-0.51499355,0.38368168,0.92494303,0.3559669,0.28144825,0.3794486,-0.36994854,-1.3894259,-0.5066686,0.1637775,-0.9053419,-0.081672065,-0.4880863,0.62552404,0.7181234,0.85534626,0.83856153,0.51535827,0.31614903,-1.1754932,-0.19092104,-0.94850177,-0.05422339,1.0530791,-0.30163935,-0.6063737,-0.19059633,-0.478168,0.19429672,-0.3594837,0.36582157,-0.72728544,-1.3520302,0.1488993,-1.204244,-1.5549787,-0.28150877,0.31503418,-0.1491935,0.12105211,-0.51802546,-0.870556,-0.9430294,0.20234841,-0.05841568,0.11820385,-0.64294153,0.7686779,-0.6157535,-1.3706467,-0.19796363,-0.88264924,-1.0444789,-0.5273974,-0.95833284,-0.9969677,0.4697451,0.4343118,-0.387875,0.35110024,0.07286834,-1.1245266,-0.017023409,-1.3921853,-1.0592096,-0.7686893,-0.882011,-0.4562818,-0.04361966,0.21428917,-1.9084505,0.36719853,-0.45309708,-0.11403506,-0.31186587,-0.5189011
0.23193862,-0.77239347,-0.7259275,0.006595073,0.40432414,0.08444409,-0.19916713,-0.33356073,-0.9908339,-0.65107346,0.42566976,0.8752883,0.25595862,0.16496252,0.17758788,-0.7087492,-1.382992,-0.5664002,0.4803268,-0.27427402,-0.053067114,-0.49960837,0.2694981,0.61223847,0.59349394,0.55271536,0.5364858,0.14539978,-1.174378,-0.32658795,-0.97095656,-0.21352002,1.0406843,-0.34211668,-0.65295327,0.05979149,-0.20591342,0.5122368,0.09958997,0.29198834,-1.1766268,-0.94951737,0.34245726,-1.2838607,-1.4551693,-0.6910451,0.10795064,-0.2547459,-0.06353472,-0.58996964,-0.7640981,-0.8815342,0.3193406,0.22822693,-0.018644791,-0.8183344,0.4787787,-0.7623359,-1.4000357,0.018317586,-0.90688485,-0.8700754,-0.6787361,-0.884895,-1.178986,0.334018,0.24886082,-0.6491252,0.37150314,-0.0925892,-1.1660168,-0.20964389,-1.3732423,-0.9604323,-0.6550141,-0.8261465,-0.53955,0.034746133,0.41084278,-1.3280271,0.6611521,-0.41050366,-0.2820286,0.056151606,-0.46617424
0.21710603,-0.8957831,-0.78727305,-0.17207932,0.100412704,-0.07156235,-0.35272098,-0.37827075,-0.9788975,-0.77194923,0.44394365,0.8193026,0.12954533,0.056210104,-0.034303937,-1.0174259,-1.3543497,-0.60398173,0.78227454,0.3479318,0.010455603,-0.50314933,-0.08857083,0.4672676,0.3425338,0.23152806,0.5403965,-0.034526866,-1.1052938,-0.4738665,-0.99938035,-0.43029016,0.9048146,-0.42418033,-0.73729205,0.2601368,0.046579093,0.71479034,0.57715815,0.16931158,-1.5818218,-0.5703659,0.5445906,-1.3086898,-1.3502204,-1.0736083,-0.10228591,-0.3428658,-0.25243744,-0.6447973,-0.6831595,-0.78734845,0.4140051,0.5311769,-0.16651548,-0.93100804,0.20173028,-0.87313473,-1.37462,0.26946908,-0.89582217,-0.5866251,-0.77166915,-0.82520556,-1.2943649,0.13947578,0.055180203,-0.88324475,0.36071724,-0.26341733,-1.1913453,-0.4029144,-1.3338035,-0.8831179,-0.5601997,-0.7768086,-0.62458366,0.078297794,0.54933125,-0.60598546,0.915663,-0.38397667,-0.43762782,0.30867633,-0.40260962
0.16291924,-0.9483266,-0.7914752,-0.31977424,-0.18260327,-0.1837916,-0.43283242,-0.41836628,-0.923692,-0.84953916,0.44073525,0.7796409,-0.009831177,-0.031109996,-0.23987988,-1.2572323,-1.2982737,-0.5997302,1.03911,0.87991166,0.09755275,-0.50056386,-0.41256943,0.29964358,0.11840891,-0.093188785,0.52899814,-0.20264691,-0.9715299,-0.61944675,-1.0258145,-0.6746657,0.67521715,-0.53357214,-0.8530478,0.38571647,0.24432364,0.76798934,1.0252322,0.0026504237,-1.9009339,-0.25959006,0.73013,-1.2681845,-1.2596843,-1.3880738,-0.2919477,-0.41052145,-0.42316365,-0.6729434,-0.62889004,-0.66651684,0.48183987,0.8210351,-0.30377617,-0.97223145,-0.0371093,-0.9296069,-1.290426,0.52369577,-0.8477986,-0.21124636,-0.8079439,-0.777767,-1.3284541,-0.0897738,-0.11396324,-1.0690922,0.32368383,-0.41955152,-1.1912394,-0.5709139,-1.2735868,-0.83197397,-0.4891701,-0.74168795,-0.7032789,0.0764619,0.6112642,0.18854846,1.112633,-0.382763,-0.57013583,0.44027427,-0.3318366
0.077033766,-0.9204868,-0.7343637,-0.42403713,-0.41321698,-0.24781151,-0.43254426,-0.44008148,-0.8201128,-0.8618756,0.4188345,0.7744893,-0.14633663,-0.0909879,-0.42419645,-1.3971822,-1.2109753,-0.5366394,1.2288215,1.2582184,0.19550003,-0.4923579,-0.6720327,0.12807384,-0.06601209,-0.38916516,0.50443685,-0.33996066,-0.7839038,-0.7470171,-1.0381585,-0.91344607,0.39255852,-0.6511624,-0.9853941,0.42401108,0.35798654,0.66295,1.403426,-0.19720414,-2.1062934,-0.04787336,0.87223583,-1.1597934,-1.1997987,-1.60025,-0.4397118,-0.4570746,-0.5574124,-0.6666277,-0.5959779,-0.52804464,0.52114147,1.0693208,-0.40977335,-0.94415975,-0.2200444,-0.91857296,-1.1503768,0.74668896,-0.76358145,0.21906462,-0.79513127,-0.73693043,-1.2757812,-0.32290128,-0.23080873,-1.1922754,0.26778832,-0.5433332,-1.1566378,-0.6909716,-1.1908416,-0.8044206,-0.44252938,-0.7236369,-0.766374,0.02437669,0.58588725,0.97529393,1.2421609,-0.4142024,-0.67355293,0.4602778,-0.25572035
-0.029306322,-0.8157341,-0.62058634,-0.4798349,-0.5685962,-0.264607,-0.3572082,-0.42999944,-0.66937727,-0.7971091,0.381938,0.8142751,-0.26418024,-0.12523541,-0.5748283,-1.4201928,-1.0906256,-0.40389672,1.3382245,1.4477893,0.2920664,-0.4774635,-0.845509,-0.02878064,-0.2004958,-0.6272481,0.46919253,-0.43252838,-0.5593657,-0.83975244,-1.0224442,-1.1147062,0.10181378,-0.7557222,-1.1129103,0.3763883,0.3695385,0.41545424,1.6849416,-0.4150437,-2.1870923,0.054149546,0.94546044,-0.98988146,-1.180321,-1.6878179,-0.5291185,-0.4838417,-0.64385444,-0.6218228,-0.57440156,-0.3824176,0.5336133,1.2532958,-0.4676649,-0.85883945,-0.33762592,-0.8340563,-0.9644513,0.90815115,-0.64694357,0.6508575,-0.74437994,-0.69568545,-1.1405643,-0.5266859,-0.27628025,-1.246492,0.20169136,-0.62187284,-1.0808109,-0.74748605,-1.0829707,-0.7912822,-0.4165611,-0.7198716,-0.80457836,-0.07550994,0.473389,1.6734568,1.3025423,-0.48205137,-0.7474448,0.38979295,-0.17446248
-0.14210576,-0.6492866,-0.46243137,-0.4890333,-0.6374748,-0.24034685,-0.22382632,-0.37873608,-0.47973084,-0.6554562,0.33437014,0.8991226,-0.34961578,-0.1422045,-0.68248737,-1.3258331,-0.937976,-0.1993502,1.363287,1.4468902,0.37600714,-0.4529018,-0.9229634,-0.15420853,-0.27726835,-0.7850227,0.4260791,-0.47404993,-0.3187693,-0.88311845,-0.9661651,-1.2514577,-0.15487498,-0.8272903,-1.2114035,0.2571911,0.27629778,0.062292006,1.8593185,-0.6340192,-2.1491427,0.058263935,0.9289223,-0.7732043,-1.2015862,-1.6431792,-0.54990697,-0.49337572,-0.67933595,-0.5391694,-0.55107284,-0.24030627,0.52412254,1.3593321,-0.46617126,-0.735335,-0.3881358,-0.67889196,-0.7489312,0.9870906,-0.505047,1.0218928,-0.66858584,-0.6485872,-0.936884,-0.6704274,-0.24222402,-1.2333513,0.13500994,-0.64902663,-0.96137434,-0.7340786,-0.94754654,-0.7782236,-0.40350726,-0.7224275,-0.80975914,-0.21286257,0.28641072,2.2130551,1.2996206,-0.58532745,-0.7963113,0.25776187,-0.087458074
-0.24617311,-0.44494823,-0.27778992,-0.45887822,-0.62083477,-0.18576144,-0.058333986,-0.28342193,-0.2656228,-0.4490908,0.28143167,1.0189766,-0.39285558,-0.15369399,-0.74160075,-1.1307007,-0.75596553,0.06839213,1.3076048,1.2847404,0.43795165,-0.41501948,-0.906439,-0.23521209,-0.2908397,-0.8490126,0.37853032,-0.46621192,-0.08469662,-0.86735976,-0.86099714,-1.3043647,-0.34327474,-0.8501033,-1.2578989,0.09093216,0.093158185,-0.34485313,1.9319485,-0.83879596,-2.0107954,-0.004044654,0.8096469,-0.5309352,-1.2533159,-1.473932,-0.49961907,-0.48854885,-0.66854626,-0.42434245,-0.5121369,-0.1109011,0.5003956,1.3846736,-0.4008115,-0.59635794,-0.37641886,-0.464995,-0.5242998,0.97478974,-0.34825096,1.2716683,-0.58006227,-0.59434265,-0.6867442,-0.7305351,-0.13205324,-1.1613008,0.07693601,-0.6256538,-0.80113643,-0.65432453,-0.7835242,-0.7484893,-0.39221874,-0.7195293,-0.7761277,-0.36983216,0.049480375,2.5446768,1.2447579,-0.71750003,-0.82856005,0.096985556,0.0056457086
-0.32655618,-0.23089288,-0.08745002,-0.39947918,-0.5311426,-0.114898905,0.10888737,-0.1489429,-0.04589993,-0.20025122,0.22939995,1.1553409,-0.3894625,-0.17167945,-0.75018704,-0.86578196,-0.54972184,0.37969965,1.1802223,1.0145121,0.47079802,-0.36106247,-0.808975,-0.2636678,-0.2384868,-0.81614673,0.3305046,-0.41799337,0.12155276,-0.7893167,-0.70523477,-1.263224,-0.4413701,-0.8148936,-1.2349663,-0.092124484,-0.14889632,-0.747295,1.9212184,-1.0174471,-1.7975094,-0.088040955,0.5850172,-0.28782445,-1.3156967,-1.201541,-0.38359886,-0.47235298,-0.6220676,-0.28763938,-0.4449983,-0.0012336051,0.47210574,1.3368999,-0.27421233,-0.4647304,-0.3122679,-0.21297744,-0.31259322,0.87520623,-0.1896644,1.3525081,-0.49004114,-0.5369332,-0.41750765,-0.6938888,0.040237933,-1.0438387,0.03591764,-0.55888647,-0.6083105,-0.5203312,-0.5923718,-0.6859357,-0.37033847,-0.697827,-0.7014555,-0.52295995,-0.20405348,2.6462402,1.1529279,-0.8669527,-0.85480905,-0.05961678,0.103437446
-0.37033623,-0.034934696,0.087800205,-0.32150978,-0.3896755,-0.043440238,0.24762098,0.012990333,0.15909882,0.062331643,0.1849707,1.2848155,-0.34056762,-0.20535249,-0.7101452,-0.5714398,-0.3262014,0.70570385,0.9944334,0.70112944,0.46872663,-0.2906935,-0.6525639,-0.23674397,-0.12135156,-0.6936216,0.28634194,-0.3434828,0.28185743,-0.6529389,-0.5049689,-1.1274598,-0.44066182,-0.7199976,-1.1340369,-0.26101354,-0.40704104,-1.0872359,1.852848,-1.1627787,-1.5360903,-0.1443523,0.26472226,-0.068648614,-1.3620634,-0.85810786,-0.21499279,-0.4475805,-0.55347,-0.14237806,-0.340019,0.08419355,0.44953468,1.2322416,-0.09528415,-0.36040092,-0.2091865,0.04992078,-0.13431758,0.7026198,-0.044250764,1.239731,-0.40817347,-0.48503667,-0.15921612,-0.5606176,0.2523878,-0.8973688,0.018649543,-0.46032512,-0.39518985,-0.3500159,-0.37880406,-0.57824874,-0.3261134,-0.6453399,-0.5877107,-0.64613533,-0.4369273,2.5251913,1.0400374,-1.0179081,-0.8854,-0.18192175,0.20163245
-0.36830273,0.11948231,0.22952844,-0.23434202,-0.22322118,0.013244607,0.3327137,0.18578117,0.33088002,0.3078707,0.15483974,1.3833181,-0.25260904,-0.25851345,-0.62750196,-0.29083937,-0.094156854,1.0116576,0.7658205,0.40887445,0.42779195,-0.20773457,-0.4652072,-0.15708658,0.054856353,-0.49816808,0.2502869,-0.25870347,0.3835045,-0.46908754,-0.2737617,-0.90546477,-0.34569466,-0.5711978,-0.9572952,-0.38908303,-0.63350046,-1.3161799,1.7544982,-1.2718878,-1.2495955,-0.12887104,-0.12952124,0.10536642,-1.3638511,-0.4817181,-0.013146464,-0.41702375,-0.47628215,-0.0031120887,-0.19216084,0.14328323,0.44199073,1.0917531,0.12170619,-0.29740536,-0.0830836,0.29289666,-0.005297803,0.47815585,0.07347417,0.93803805,-0.3427792,-0.44964495,0.05928563,-0.34429446,0.4770907,-0.7393225,0.029222932,-0.34384748,-0.1765584,-0.1636116,-0.15112074,-0.41955084,-0.25104228,-0.55396676,-0.44111583,-0.7144036,-0.61433023,2.2158794,0.92081654,-1.1525657,-0.9282273,-0.24551561,0.29282072
-0.31602982,0.21624036,0.32398212,-0.14517838,-0.059903912,0.041936934,0.34806907,0.3510492,0.45554405,0.50823015,0.14472632,1.4303658,-0.13611396,-0.32899705,-0.5123712,-0.063158005,0.13609143,1.2619214,0.5109466,0.18912129,0.34542942,-0.12056024,-0.27712938,-0.03263353,0.2787177,-0.25353032,0.22582097,-0.17853764,0.42036065,-0.2539953,-0.030778902,-0.61320156,-0.17246369,-0.38021767,-0.71742535,-0.4575364,-0.784047,-1.4013089,1.6502173,-1.3447113,-0.95517457,-0.010843856,-0.56575054,0.21949145,-1.2961446,-0.11159676,0.19853298,-0.38363472,-0.40137675,0.116657555,-0.001369057,0.17640553,0.45598355,0.9374071,0.35898948,-0.28276163,0.048723135,0.48564526,0.065720156,0.22518598,0.15148853,0.4831992,-0.30134618,-0.4402185,0.21314324,-0.070578106,0.6859032,-0.5865056,0.06859419,-0.2232882,0.03280002,0.019542385,0.07921629,-0.21207596,-0.14201263,-0.42163092,-0.27177203,-0.708182,-0.71003634,1.772424,0.80687094,-1.2537035,-0.9869224,-0.23370251,0.36702147
-0.21435481,0.24847591,0.36345717,-0.058878377,0.07468894,0.033331826,0.28854123,0.49212036,0.5263768,0.6419293,0.15804812,1.4126763,-0.0043500783,-0.4092025,-0.37915963,0.0819114,0.35308003,1.4262619,0.24670143,0.07275872,0.22134313,-0.041254647,-0.116932735,0.12422095,0.5327962,0.012192925,0.21494722,-0.11429583,0.39376402,-0.027330857,0.2018901,-0.272886,0.054831885,-0.16266187,-0.4358482,-0.45795724,-0.8258816,-1.3308122,1.556882,-1.3825746,-0.6643084,0.22127046,-1.0055993,0.2678874,-1.1428179,0.21739998,0.39535585,-0.3507244,-0.33518612,0.2068166,0.22715394,0.18553421,0.4937642,0.78796095,0.5966333,-0.31547514,0.16864115,0.6027273,0.07850796,-0.033961073,0.18346162,-0.061779596,-0.29036394,-0.46111324,0.28457102,0.22582407,0.85318834,-0.45366803,0.13400042,-0.110892214,0.22011514,0.18351965,0.2986279,0.03353747,-0.0024621098,-0.25319305,-0.092500895,-0.6169309,-0.7114042,1.2587585,0.7054643,-1.3072776,-1.0598274,-0.1397096,0.4131953
-0.0698567,0.21881098,0.34703046,0.021130266,0.16094403,-0.016795509,0.16067576,0.5964696,0.54514515,0.6974434,0.19466563,1.3257185,0.12841432,-0.48764035,-0.2457004,0.12847157,0.54508424,1.4850487,-0.010678772,0.066529594,0.05898538,0.016243314,-0.008172072,0.2971833,0.7941215,0.27026123,0.21766566,-0.07178215,0.3126917,0.19009164,0.40321174,0.08915181,0.3069759,0.06455779,-0.13961256,-0.39280027,-0.74398655,-1.1160302,1.4825804,-1.3867395,-0.3847311,0.5572557,-1.4094205,0.25447333,-0.9006683,0.478109,0.5546098,-0.32168353,-0.27961916,0.26178157,0.4833319,0.17443176,0.5522299,0.6566596,0.8146022,-0.38742268,0.2599369,0.62766856,0.041469008,-0.28086072,0.17092817,-0.6159053,-0.31548998,-0.50851774,0.26541722,0.5061975,0.95971835,-0.35234138,0.21901259,-0.015811056,0.37632588,0.31743172,0.49322444,0.29931062,0.15711048,-0.060131926,0.08245778,-0.4415003,-0.6221131,0.7383602,0.6189906,-1.3049659,-1.1399955,0.03248603,0.42095816
0.10550276,0.13881336,0.28049585,0.09189713,0.18745887,-0.107226886,-0.019019268,0.657815,0.5216651,0.6743937,0.25060323,1.1740234,0.24843298,-0.5518047,-0.13209699,0.07598361,0.7014244,1.4338202,-0.24626556,0.15508588,-0.13414735,0.03906264,0.03395015,0.4677318,1.0355948,0.49509695,0.23154399,-0.051244617,0.19336924,0.3789589,0.55645657,0.44390774,0.5529816,0.2854009,0.14263664,-0.2739888,-0.5445505,-0.7904082,1.4267733,-1.358279,-0.12384028,0.9667071,-1.7417432,0.19253175,-0.5810175,0.65381455,0.6584455,-0.29998264,-0.23284997,0.28146097,0.75309086,0.14834101,0.62322825,0.5494749,0.99409693,-0.48517632,0.30821335,0.5558715,-0.029800141,-0.50216925,0.124439284,-1.0926148,-0.37988588,-0.56973857,0.15819003,0.7330557,0.9948744,-0.29016876,0.31406683,0.056112062,0.49708718,0.4153874,0.6506125,0.5623178,0.3207711,0.14103048,0.23924044,-0.19514953,-0.46140805,0.26514894,0.54542106,-1.2460748,-1.2166898,0.2674486,0.38284963
0.29533595,0.027145723,0.17521839,0.14995113,0.15194207,-0.23135296,-0.22695503,0.6763504,0.4722314,0.58354753,0.3174912,0.9698185,0.34387368,-0.5910015,-0.058081396,-0.062026333,0.81387055,1.2847012,-0.44774565,0.30753884,-0.3453308,0.018154293,0.0043864795,0.616602,1.2284046,0.6674022,0.2520992,-0.04797052,0.057821196,0.5233543,0.65208226,0.76217186,0.7632787,0.4859657,0.38448054,-0.12063503,-0.2541428,-0.40489805,1.3822895,-1.2990232,0.10827618,1.4032856,-1.9759506,0.102683604,-0.2090784,0.739008,0.6957472,-0.2886934,-0.19101915,0.2706602,1.0196189,0.11355335,0.6940441,0.4656411,1.119048,-0.59293187,0.30302492,0.39561164,-0.11499886,-0.6896504,0.062475428,-1.4146454,-0.48330203,-0.6249701,-0.02337222,0.8762801,0.95797384,-0.2701448,0.4075802,0.102213316,0.58229303,0.47559908,0.76198393,0.7976918,0.46900868,0.33123904,0.3656043,0.097676754,-0.26098657,-0.12210432,0.4791963,-1.1384642,-1.2774769,0.5395831,0.29589564
0.479906,-0.09292783,0.04644688,0.19082321,0.06077683,-0.37844324,-0.43657863,0.6578925,0.4168295,0.4447081,0.38389093,0.73066896,0.4055578,-0.59864646,-0.039959338,-0.2611465,0.87817675,1.0649332,-0.6060748,0.48555043,-0.5569088,-0.049404405,-0.09121474,0.725922,1.3457594,0.77654266,0.27322668,-0.054419503,-0.068471,0.61249554,0.68915504,1.0165857,0.9129597,0.6553606,0.5650864,0.04415102,0.08399914,-0.020171741,1.3378595,-1.2129475,0.29749528,1.8122141,-2.097175,0.009758098,0.17939627,0.7381532,0.66357577,-0.2901694,-0.15035029,0.23798326,1.2645159,0.07697696,0.7495895,0.3989569,1.176991,-0.6951615,0.23932062,0.16700283,-0.19263908,-0.83910584,0.008824574,-1.5268093,-0.62049687,-0.6508673,-0.25572628,0.91732144,0.85754967,-0.29021347,0.48733222,0.12219196,0.6354937,0.49912307,0.8236123,0.9822942,0.58231217,0.49171257,0.4522009,0.4043743,-0.058819856,-0.40200278,0.4126469,-0.9986052,-1.3109888,0.8153796,0.16251576
0.6392367,-0.19678079,-0.08888258,0.20948033,-0.07264304,-0.53522724,-0.6224899,0.61217433,0.3751701,0.28330597,0.43717813,0.47637483,0.4278302,-0.5737673,-0.087307855,-0.49071398,0.89480036,0.8124124,-0.71645844,0.6527735,-0.7483647,-0.15934186,-0.23699008,0.78162646,1.3664019,0.8215556,0.28820193,-0.062158283,-0.15963557,0.6418407,0.6751056,1.1843162,0.9839047,0.7853079,0.67118186,0.19662808,0.417149,0.30299416,1.2812437,-1.1074353,0.4264275,2.1384363,-2.1029103,-0.061205108,0.5433282,0.66340715,0.56684774,-0.30576688,-0.108809955,0.19377328,1.4696006,0.045458347,0.7747158,0.34069434,1.1603034,-0.77965295,0.1187154,-0.10118248,-0.24381311,-0.9490114,-0.012533453,-1.4058563,-0.78057146,-0.6260931,-0.50803226,0.85223705,0.70945436,-0.3435809,0.5422182,0.117680654,0.66220003,0.48847836,0.83761483,1.0977737,0.64456177,0.60675055,0.4934153,0.68819106,0.107592694,-0.56943977,0.3375759,-0.8497882,-1.310002,1.05743,-0.009174277
0.7540696,-0.26181743,-0.21453428,0.20106293,-0.23064098,-0.6878124,-0.7641876,0.5505575,0.36315525,0.12634061,0.46570492,0.22630131,0.40873337,-0.5211808,-0.19996181,-0.7189881,0.86916274,0.5689721,-0.77933246,0.78133744,-0.8982941,-0.30086663,-0.40974528,0.7754061,1.2786933,0.8098669,0.29111114,-0.064341016,-0.19325773,0.61336446,0.624024,1.2498121,0.9673194,0.8699855,0.69856673,0.31519407,0.6915902,0.51448387,1.2019275,-0.9939089,0.47739515,2.3355086,-2.0017323,-0.08937471,0.84253305,0.5310106,0.4173735,-0.33584493,-0.06718662,0.14796151,1.6183897,0.024795463,0.7570726,0.28266147,1.0670794,-0.8391672,-0.050303716,-0.37591916,-0.25520796,-1.0188856,0.017201524,-1.0647143,-0.9467195,-0.53655887,-0.74620086,0.6919498,0.5338258,-0.41920716,0.56394947,0.091128394,0.6682407,0.446834,0.81167054,1.1333059,0.64563024,0.66574144,0.48753995,0.913565,0.20834588,-0.63220364,0.24671975,-0.7192338,-1.2730166,1.2297438,-0.20586674
0.80969185,-0.2708917,-0.31681928,0.16236028,-0.39412192,-0.8236538,-0.8487451,0.48362818,0.3892267,-0.0018937564,0.4614503,-0.0025448035,0.3502248,-0.45016694,-0.36681682,-0.91767716,0.8108659,0.3728237,-0.7996003,0.8553805,-0.9885476,-0.45857856,-0.58250046,0.70623976,1.0832922,0.75513625,0.2777574,-0.057346348,-0.15389247,0.53512394,0.5536548,1.2073549,0.86485636,0.9056706,0.6519032,0.38245514,0.8613213,0.58351725,1.0929016,-0.8863774,0.437332,2.372887,-1.8099005,-0.061757453,1.0441258,0.35824934,0.23214732,-0.3795658,-0.02888319,0.10837391,1.697795,0.018627437,0.68954206,0.21972871,0.9017486,-0.87154907,-0.2525494,-0.6249484,-0.22134311,-1.0479531,0.10685408,-0.5501399,-1.0983078,-0.3799505,-0.93734,0.46050274,0.35171217,-0.50296813,0.5481691,0.046015326,0.6585438,0.37788716,0.75774926,1.0871353,0.5838452,0.6645548,0.43697703,1.0509856,0.22612862,-0.60695547,0.13492486,-0.63346905,-1.2055192,1.3034182,-0.4106245
0.7972516,-0.21500646,-0.3859325,0.09306862,-0.5454093,-0.9331875,-0.87221044,0.41983983,0.4528741,-0.083649926,0.42169416,-0.1965085,0.25787264,-0.37230358,-0.56640714,-1.0651716,0.7323202,0.25162843,-0.7864153,0.87104964,-1.0069929,-0.6156722,-0.7288767,0.58104396,0.7946485,0.673407,0.24647155,-0.041273497,-0.036465827,0.42023167,0.48206744,1.0627044,0.68938255,0.8907787,0.5438757,0.38683867,0.895317,0.5049729,0.95211685,-0.7994183,0.30263528,2.2407382,-1.5481852,0.024250584,1.127921,0.16098426,0.03110261,-0.43485516,0.0009544733,0.079449795,1.699657,0.028126197,0.5718198,0.15227889,0.6755904,-0.87867755,-0.46768025,-0.8208769,-0.14521004,-1.0345826,0.25277928,0.06510108,-1.2124566,-0.16787244,-1.0547142,0.19111672,0.18203779,-0.5794883,0.4956209,-0.013662814,0.6360236,0.28618827,0.69016415,0.9668685,0.46626785,0.60586053,0.34800714,1.081618,0.1588655,-0.5148352,0.00016231563,-0.6131259,-1.1188383,1.2627023,-0.6042421
0.7165097,-0.095061444,-0.41623917,-0.00286365,-0.67053646,-1.0106076,-0.8392766,0.364311,0.54412425,-0.109459125,0.35006335,-0.3460933,0.14033353,-0.29885924,-0.7697126,-1.1474602,0.64681804,0.21772106,-0.75089204,0.83354646,-0.9503748,-0.75669116,-0.82742226,0.41406983,0.44016844,0.579439,0.19835046,-0.019743811,0.15188518,0.2852362,0.4240017,0.8336743,0.4639757,0.82649815,0.39372084,0.3234702,0.7826856,0.3006948,0.7828085,-0.7443273,0.083921246,1.9518592,-1.2381362,0.16028531,1.0900083,-0.04748798,-0.16481178,-0.49808288,0.017388012,0.06192141,1.6218945,0.051688053,0.41126737,0.08674307,0.40616798,-0.86431015,-0.6721937,-0.9440506,-0.037107456,-0.97676855,0.4389906,0.69505876,-1.2679502,0.07452679,-1.0814497,-0.078915626,0.039555293,-0.6340625,0.4116714,-0.08253543,0.6020048,0.17823793,0.6230025,0.7886758,0.30832118,0.4985587,0.23055762,1.0003963,0.01915065,-0.37809545,-0.15570126,-0.66802925,-1.0281314,1.109132,-0.76766515
0.5760786,0.07809536,-0.4059884,-0.116888985,-0.76052874,-1.0539441,-0.7616764,0.3192132,0.6456224,-0.07942956,0.2561133,-0.44546476,0.008482653,-0.23796496,-0.94461733,-1.1581842,0.5662801,0.26664007,-0.7039272,0.7527605,-0.82480896,-0.8701133,-0.8646773,0.22532456,0.057315886,0.4837291,0.13706641,0.0015874421,0.39164522,0.14818695,0.3887968,0.54898095,0.2202719,0.7177004,0.22487533,0.19455905,0.5341537,0.016095586,0.5926331,-0.7254588,-0.19262975,1.5395486,-0.90035635,0.32832977,0.9438694,-0.2556753,-0.33539516,-0.5636642,0.01751251,0.05391236,1.4694363,0.08542716,0.22193836,0.034605358,0.1166072,-0.8317072,-0.8423124,-0.9833206,0.08766494,-0.8733611,0.64035714,1.254601,-1.2480657,0.31226385,-1.0131572,-0.31333575,-0.066216245,-0.65448874,0.3060438,-0.15385704,0.55664647,0.06305568,0.5677826,0.5753498,0.131839,0.35675234,0.09773953,0.8174861,-0.16867666,-0.21713457,-0.32649788,-0.79349786,-0.94867384,0.8633802,-0.88370466
0.39342242,0.28521004,-0.3565172,-0.23607756,-0.8117035,-1.0646228,-0.6557119,0.2843138,0.73577315,-0.0016773271,0.15358427,-0.49220225,-0.12593476,-0.1924931,-1.0614406,-1.0969661,0.49942648,0.37854493,-0.6533665,0.63960886,-0.6454855,-0.9493065,-0.8370966,0.037925456,-0.3112626,0.39067784,0.06772245,0.016866572,0.6529279,0.026580444,0.3789297,0.24511606,-0.0048988657,0.5734554,0.062498037,0.009573652,0.18074669,-0.28830957,0.3925905,-0.7376381,-0.48613796,1.0527955,-0.5530546,0.5039755,0.7188141,-0.45275044,-0.4627983,-0.6238602,0.0021579396,0.05217325,1.2540015,0.12416235,0.022936065,0.0102591105,-0.16667001,-0.78097916,-0.9568015,-0.9356219,0.21223181,-0.72620535,0.8284868,1.67367,-1.1433184,0.50586337,-0.8580455,-0.48202518,-0.1306121,-0.63267696,0.19117111,-0.2191206,0.5006904,-0.04745427,0.5315904,0.3536727,-0.03762847,0.19785343,-0.034789138,0.55780804,-0.3737207,-0.04872761,-0.50143355,-0.9691886,-0.89214975,0.5638787,-0.9388511
0.19306287,0.5017589,-0.27161396,-0.344419,-0.8252337,-1.0462203,-0.5387969,0.2582168,0.7934131,0.109837875,0.057820782,-0.48729888,-0.25143453,-0.1591736,-1.0980974,-0.96768624,0.4507641,0.5227825,-0.6023699,0.50365984,-0.4339075,-0.9923597,-0.7506288,-0.124917254,-0.6240624,0.2990017,-0.0040538083,0.022373013,0.8992674,-0.064772554,0.39058346,-0.03797283,-0.17399827,0.40695173,-0.069218256,-0.21535456,-0.23112142,-0.5482428,0.19513597,-0.7652783,-0.74611604,0.54864335,-0.21260193,0.66099936,0.4562557,-0.6266514,-0.5329128,-0.668698,-0.023239348,0.05377506,0.9934973,0.16314428,-0.16432443,0.02748523,-0.41626295,-0.708258,-0.9995459,-0.8041728,0.3217502,-0.5421738,0.97792906,1.907758,-0.9533754,0.6189807,-0.63538235,-0.56423706,-0.15306343,-0.56545365,0.08007083,-0.26827237,0.43657404,-0.1390719,0.5163174,0.15109149,-0.1739736,0.04082581,-0.14992324,0.25821614,-0.5640008,0.11500058,-0.6658187,-1.1607145,-0.8633351,0.26158142,-0.92468643
0.0035885293,0.70201,-0.15694524,-0.4245144,-0.80575675,-1.0032465,-0.4266985,0.23956501,0.8018157,0.23818046,-0.016948674,-0.4349752,-0.35840297,-0.12885901,-1.0438552,-0.77702665,0.42012963,0.66392326,-0.54810435,0.35319763,-0.2142412,-1.001465,-0.61915463,-0.24310356,-0.84704536,0.20329182,-0.07339778,0.017908331,1.0929154,-0.115287244,0.41527155,-0.26255968,-0.25332448,0.2347052,-0.1503649,-0.45827284,-0.64670265,-0.7087806,0.011970208,-0.78427297,-0.92005926,0.08364762,0.10618959,0.7763343,0.2039762,-0.76294196,-0.53627956,-0.68656933,-0.049176123,0.057939768,0.7104311,0.19879547,-0.31946227,0.09577721,-0.60688275,-0.6053652,-0.96195555,-0.59686553,0.406241,-0.33455667,1.071994,1.944141,-0.68705595,0.62534446,-0.37144727,-0.5504704,-0.13607325,-0.45451728,-0.01551472,-0.29078594,0.36933136,-0.19704899,0.5187453,-0.0075266487,-0.25396895,-0.09618826,-0.23081811,-0.037363995,-0.71192306,0.2667751,-0.80208266,-1.3246733,-0.85796684,0.011891855,-0.8391943
-0.14653161,0.8635476,-0.020087719,-0.46061376,-0.7600377,-0.94008195,-0.33098465,0.22742778,0.7524212,0.36679357,-0.061029173,-0.34298986,-0.44022793,-0.088292286,-0.9013968,-0.53420246,0.4034407,0.7682173,-0.483051,0.19650632,-0.009765138,-0.98083764,-0.4609409,-0.30256808,-0.95886624,0.09699334,-0.13711411,0.0077387807,1.201142,-0.12002669,0.4421117,-0.3987764,-0.2187373,0.07430087,-0.16783747,-0.69344103,-1.011084,-0.7350666,-0.14763257,-0.76597244,-0.9629086,-0.29477158,0.38906485,0.83456725,0.009236096,-0.8450962,-0.46926463,-0.6654269,-0.06349322,0.06640648,0.42950058,0.23019071,-0.42635527,0.21735533,-0.7185455,-0.46152535,-0.8439617,-0.32500228,0.46239316,-0.12279468,1.1055657,1.8017771,-0.36208132,0.51488143,-0.09502803,-0.44337526,-0.0842304,-0.30581248,-0.08713747,-0.2769083,0.30685768,-0.20834376,0.53195745,-0.10319222,-0.26042616,-0.19789907,-0.26311818,-0.28405476,-0.7977708,0.40345776,-0.8920867,-1.4161018,-0.8627824,-0.13533877,-0.6874154
-0.23313479,0.9710508,0.12905802,-0.44108886,-0.69533277,-0.8603292,-0.25787163,0.22145611,0.6461721,0.4820422,-0.07065435,-0.2231979,-0.4939949,-0.022846403,-0.6859136,-0.25101534,0.3939695,0.80952555,-0.39772978,0.04347542,0.16048363,-0.9355362,-0.29539636,-0.2974154,-0.95412284,-0.024844231,-0.19424896,4.9607566e-05,1.2014765,-0.080491744,0.4606278,-0.42938507,-0.059553683,-0.057943586,-0.11768784,-0.8937162,-1.2772325,-0.61978453,-0.2780647,-0.68317825,-0.84593767,-0.55457085,0.622604,0.830885,-0.08815258,-0.8562083,-0.33448666,-0.59477943,-0.05423898,0.08352297,0.17512977,0.25899538,-0.47551268,0.38494632,-0.7394565,-0.2660181,-0.6544981,-0.002681853,0.4937461,0.06947312,1.0859342,1.526094,-0.0023295672,0.2969161,0.16776693,-0.25607184,-0.0039820764,-0.12823385,-0.1313438,-0.2197221,0.25895587,-0.16450544,0.5471175,-0.12529343,-0.18470469,-0.25396895,-0.2373881,-0.44296223,-0.8120159,0.5249059,-0.92020786,-1.3969723,-0.85812473,-0.1453799,-0.48180076
-0.24043146,1.0187615,0.27820376,-0.3608199,-0.6183524,-0.7667098,-0.20818277,0.22133978,0.4931985,0.574728,-0.04959056,-0.0906819,-0.52061737,0.07985193,-0.42266908,0.057176314,0.38436767,0.7732562,-0.28364128,-0.09362949,0.28456992,-0.8702257,-0.13970637,-0.230895,-0.843927,-0.16286264,-0.24594694,0.0049111494,1.0861129,-0.004739455,0.4629423,-0.35265774,0.21767491,-0.1496711,-0.006384208,-1.0338843,-1.4125966,-0.38415146,-0.37765467,-0.51639086,-0.56381434,-0.68291885,0.79550314,0.77202076,-0.06204571,-0.78222203,-0.14092368,-0.46764582,-0.012698644,0.11496422,-0.0316526,0.28903368,-0.46535265,0.58201313,-0.6677616,-0.011604445,-0.41057318,0.35300848,0.5091143,0.21807286,1.0295336,1.1794332,0.3642445,0.00044239647,0.39721373,-0.010728906,0.0962904,0.06762559,-0.14983393,-0.1166495,0.23542888,-0.06455894,0.5557562,-0.07348456,-0.02861622,-0.2604956,-0.15151508,-0.48760182,-0.75531864,0.63248897,-0.87638265,-1.2437053,-0.82196826,-0.0061821896,-0.24190854
-0.16447426,1.0110496,0.41273734,-0.22310436,-0.53427964,-0.6615046,-0.178213,0.22560525,0.3104233,0.64057666,-0.008090725,0.036744483,-0.5244889,0.2267848,-0.14237578,0.3711341,0.36823395,0.658412,-0.1372985,-0.20055205,0.35775915,-0.7883909,-0.0062492313,-0.115168974,-0.65388423,-0.31229472,-0.29487878,0.032145705,0.86358213,0.09348575,0.4451571,-0.18307593,0.58874923,-0.19470313,0.14960888,-1.0939213,-1.4033139,-0.07352756,-0.44872105,-0.25879493,-0.13733877,-0.6862662,0.9001336,0.6748606,0.09522862,-0.6156342,0.0961402,-0.2827895,0.0641157,0.16576448,-0.17573217,0.32524,-0.40281084,0.78443915,-0.5123197,0.30204713,-0.13534586,0.72161,0.51993823,0.3026814,0.9570187,0.8289401,0.7088541,-0.3296194,0.58242434,0.2650557,0.20604402,0.27050236,-0.14935574,0.028829398,0.24364214,0.08369504,0.551578,0.04204817,0.19506413,-0.22065108,-0.012011224,-0.40828407,-0.63701856,0.72774744,-0.7591096,-0.9524864,-0.73516893,0.26823616,0.007107544
-0.013516794,0.9609226,0.51667774,-0.039570436,-0.4466606,-0.5472018,-0.16129327,0.23099528,0.11763576,0.6797504,0.038151953,0.14064695,-0.5120912,0.41671485,0.12351068,0.6685479,0.34164926,0.4769603,0.03683087,-0.26354966,0.3822213,-0.6922237,0.098425396,0.030405352,-0.4192624,-0.46310198,-0.34409678,0.08790461,0.5576372,0.19609495,0.40771893,0.0510967,1.0128847,-0.19367337,0.32597262,-1.0621142,-1.2555314,0.25219902,-0.49627838,0.08071171,0.38842997,-0.58741623,0.93493617,0.56307644,0.37093353,-0.35872424,0.35613024,-0.046273917,0.17176369,0.23821208,-0.24966124,0.3718086,-0.30151495,0.9640501,-0.29218754,0.6660399,0.14455447,1.0794076,0.53690493,0.31113154,0.88718945,0.5344012,1.0046259,-0.63834405,0.7213465,0.54084027,0.31253612,0.46944585,-0.1403232,0.2066608,0.28635103,0.26307055,0.5315904,0.20157057,0.46348056,-0.14427099,0.1658996,-0.21405251,-0.47253993,0.81165135,-0.5772755,-0.5403645,-0.5865168,0.6392463,0.23691814
0.19174708,0.8869145,0.5743623,0.17056073,-0.3572139,-0.42740422,-0.14988995,0.2314606,-0.06651367,0.69554967,0.07142157,0.20439118,-0.49060184,0.63899225,0.3480343,0.9259222,0.30360115,0.2509986,0.22599769,-0.27279702,0.36486107,-0.5824549,0.17317581,0.18201433,-0.1789749,-0.6012579,-0.39593786,0.17258473,0.2032942,0.28278747,0.35472888,0.31229874,1.4373745,-0.15382972,0.49397808,-0.9375165,-0.99359107,0.53078854,-0.52712053,0.47802284,0.9506591,-0.41994664,0.9060918,0.46212882,0.732482,-0.025358584,0.6148377,0.22813839,0.29862565,0.3300187,-0.25513747,0.43065155,-0.1796557,1.0936671,-0.03394176,1.0611988,0.4022236,1.4006553,0.5668649,0.24227346,0.83193994,0.33828032,1.2287636,-0.8695813,0.81905377,0.7873466,0.40158293,0.6538183,-0.13485055,0.4007329,0.35963443,0.4491092,0.4962734,0.37830055,0.7459263,-0.046439648,0.3597868,0.06843833,-0.28056175,0.8840866,-0.35023654,-0.042766817,-0.37577495,1.0500271,0.41964754
0.42129335,0.8087934,0.57267505,0.38325182,-0.26618505,-0.30721787,-0.13704576,0.21878049,-0.22816467,0.6925738,0.07442072,0.2159359,-0.4660674,0.87399644,0.5120822,1.1220245,0.25536332,0.008555577,0.4096072,-0.22611071,0.3147531,-0.45891577,0.22154726,0.31510156,0.030656314,-0.7112234,-0.45116502,0.27943942,-0.15896647,0.3338156,0.29223713,0.55996555,1.8040811,-0.08705401,0.6251904,-0.73089397,-0.6560267,0.7095645,-0.5487963,0.8969791,1.4790698,-0.22137506,0.8272431,0.39392734,1.1315707,0.359579,0.84618336,0.51974386,0.42747954,0.43344986,-0.20240138,0.49961007,-0.05688387,1.1508578,0.23166925,1.4592314,0.6139871,1.6594157,0.6103891,0.10701749,0.79242116,0.2589735,1.3639617,-0.97453135,0.88495207,0.9791096,0.45896277,0.8135631,-0.14441441,0.5907234,0.45220572,0.6128021,0.44873232,0.5420783,1.007421,0.05506578,0.5430521,0.39893457,-0.080281794,0.9437123,-0.10582978,0.4925119,-0.11466662,1.4354887,0.53210807
0.63947594,0.7434226,0.5035937,0.57273,-0.17275569,-0.19322611,-0.11736782,0.1833382,-0.36036748,0.6755841,0.03410659,0.16981909,-0.44231597,1.0953016,0.6068618,1.2418739,0.1993199,-0.22181514,0.56248796,-0.13106844,0.24067613,-0.3208757,0.24936837,0.40836012,0.1816101,-0.7787429,-0.50863373,0.39492583,-0.4906159,0.33274922,0.22653759,0.75719386,2.0576417,-0.0073667173,0.69629866,-0.46426952,-0.28966504,0.7553951,-0.56869274,1.294795,1.9069866,-0.026638927,0.7182136,0.37209654,1.5106231,0.76170725,1.0249966,0.80305195,0.5386964,0.5355996,-0.10952456,0.5723311,0.048609857,1.1219945,0.47420603,1.8254344,0.7624243,1.8325485,0.66099226,-0.072815746,0.7587855,0.28917348,1.3994876,-0.92008257,0.9287322,1.0975153,0.47242597,0.93915987,-0.17788796,0.7544193,0.5459958,0.72534347,0.39300427,0.66394085,1.2133092,0.14267355,0.68895227,0.7298048,0.11065868,0.98776114,0.123359874,1.013458,0.17517744,1.7335726,0.5602358
0.81076837,0.70108455,0.3661313,0.7156088,-0.07553458,-0.09302328,-0.08789207,0.11617624,-0.4632006,0.64804345,-0.056495577,0.0685235,-0.42008707,1.2733003,0.6342307,1.2805123,0.13680993,-0.41628394,0.6593597,-0.0053300736,0.14815392,-0.16777264,0.26342914,0.44684264,0.2580752,-0.7935486,-0.56524396,0.5009868,-0.76154476,0.2688456,0.1620562,0.876872,2.1535532,0.071964115,0.69293857,-0.16874877,0.057264645,0.6600758,-0.5935498,1.6283698,2.1825287,0.13737875,0.6012213,0.3986617,1.811243,1.1425608,1.129634,1.0508567,0.6138093,0.6201294,0.0003285737,0.6385757,0.122893505,1.0037085,0.6676071,2.123282,0.8389794,1.9031578,0.70581806,-0.2675437,0.7124884,0.39796484,1.3316805,-0.6946986,0.95746297,1.1324812,0.43397048,1.0221163,-0.2397343,0.8714126,0.6181134,0.7628031,0.33250514,0.72035086,1.3340454,0.2021665,0.7749989,1.0132816,0.27792028,1.0118111,0.30495048,1.471872,0.46640304,1.8960028,0.5024177
0.90418977,0.6837072,0.16754621,0.79440254,0.026951306,-0.013737068,-0.0473835,0.011245363,-0.54247516,0.612008,-0.19599083,-0.07783375,-0.39703164,1.3801967,0.6056647,1.2448916,0.066886306,-0.5601541,0.6789738,0.1251604,0.039455105,-0.00044964193,0.2694981,0.4245144,0.25772384,-0.7512859,-0.6171327,0.5782754,-0.95485824,0.13882653,0.10005173,0.9053825,2.0657277,0.14044291,0.61212796,0.11951284,0.34160754,0.44090408,-0.6296761,1.860345,2.275577,0.25495267,0.49653518,0.46315458,1.9833399,1.4643395,1.1447043,1.2380667,0.6393726,0.6699686,0.101638794,0.6857611,0.15799724,0.8031199,0.7937427,2.319618,0.84502685,1.8634665,0.7279912,-0.44398084,0.6305734,0.53772265,1.1646173,-0.31114084,0.9735955,1.0836195,0.34166217,1.0559068,-0.32910335,0.9261068,0.6441839,0.7102296,0.26827955,0.6971326,1.3495613,0.22503261,0.7864892,1.2087032,0.41084278,1.0094147,0.41236284,1.830073,0.73130065,1.8958058,0.37120536
0.89796966,0.6846069,-0.07691272,0.8001732,0.13538393,0.039345033,0.0037462194,-0.13238508,-0.6067115,0.5679646,-0.37510273,-0.25317693,-0.36871263,1.3946028,0.53924465,1.1536574,-0.014696699,-0.64964646,0.6084721,0.23131235,-0.086603954,0.17822681,0.27184156,0.3449963,0.19087727,-0.6545217,-0.6604846,0.61012346,-1.0691067,-0.052015517,0.038006663,0.84449434,1.790624,0.19204953,0.46260306,0.3640092,0.53126574,0.13712603,-0.6827872,1.964658,2.1819522,0.32266575,0.4184104,0.544323,1.9932463,1.6957009,1.0632069,1.3456933,0.60932744,0.6707466,0.17020117,0.7015512,0.15203507,0.53592366,0.8445266,2.3901842,0.7920087,1.7169223,0.71001977,-0.5702251,0.49168226,0.653157,0.9095296,0.19455236,0.97439355,0.9596554,0.2006208,1.0371343,-0.4398848,0.91068244,0.60232276,0.56473833,0.19840772,0.5916265,1.2523776,0.21001674,0.7191974,1.2880888,0.50286967,0.97215575,0.429406,2.0649438,0.9473318,1.7307374,0.1926094
0.7828975,0.69049364,-0.34524772,0.73404896,0.24938141,0.06448646,0.06459141,-0.30893728,-0.66403735,0.51569694,-0.5773709,-0.43820277,-0.32947493,1.305957,0.45651895,1.0339698,-0.11473223,-0.6921094,0.44458562,0.2865396,-0.23288375,0.36229897,0.27298325,0.22040398,0.07734351,-0.5124696,-0.692772,0.5866095,-1.1168914,-0.2904101,-0.029844977,0.70959413,1.3487817,0.22484331,0.26288655,0.5334593,0.60932386,-0.19800706,-0.75832886,1.9296978,1.9220222,0.34777048,0.37219256,0.61431307,1.8298643,1.8162254,0.88754666,1.3638041,0.5265787,0.61363065,0.18624651,0.6764474,0.10902236,0.22424577,0.8221219,2.3237624,0.6998539,1.4786205,0.6376317,-0.62015057,0.28168297,0.6915329,0.58563656,0.7677961,0.95364356,0.7773286,0.023020195,0.9667375,-0.56182414,0.82660025,0.4771634,0.33624277,0.11823158,0.41319442,1.0489981,0.16318914,0.57992506,1.2398795,0.5513123,0.8898495,0.3533611,2.1689134,1.1011153,1.4215885,0.0026716301
0.562801,0.6845041,-0.6113543,0.6067033,0.36689782,0.064667895,0.13420522,-0.50565356,-0.71920365,0.454718,-0.7814524,-0.61391836,-0.27444643,1.1169549,0.37866428,0.9156294,-0.24086256,-0.70328945,0.19516002,0.27279702,-0.4007652,0.5426616,0.2742451,0.069073536,-0.05801861,-0.33938503,-0.71361333,0.5064933,-1.1209618,-0.5565305,-0.11121822,0.52647704,0.78228396,0.2400916,0.037885234,0.60661185,0.575947,-0.50690645,-0.8609923,1.7595026,1.5362824,0.34508568,0.35420662,0.6441134,1.5070478,1.8188847,0.6300149,1.2938347,0.40262172,0.498163,0.13728903,0.6063169,0.036989726,-0.10695505,0.73770535,2.1246634,0.59385186,1.1736938,0.5030629,-0.5770173,-0.0021741705,0.6124816,0.21864653,1.3431157,0.90376383,0.5587433,-0.17358062,0.8511527,-0.6820101,0.68468744,0.26340693,0.046519816,0.021596743,0.1817832,0.75921243,0.09657621,0.38540113,1.0696846,0.5572556,0.75213975,0.19599612,2.1485124,1.1904408,1.0065943,-0.15828148
0.25502482,0.6501606,-0.84817284,0.43666324,0.48427784,0.048105657,0.21217598,-0.7040373,-0.7720141,0.38508186,-0.9643307,-0.7646825,-0.20058212,0.84381443,0.32330737,0.82450294,-0.39880309,-0.702817,-0.12335072,0.1848187,-0.587881,0.70751154,0.2763482,-0.08796663,-0.19008671,-0.15250324,-0.7250594,0.37845615,-1.1081932,-0.8262055,-0.21370627,0.3257106,0.14903176,0.24060649,-0.18556204,0.57550627,0.44805044,-0.7373137,-0.9939047,1.4733831,1.0786786,0.33239383,0.35348272,0.60971016,1.0623373,1.7107071,0.3115605,1.1485904,0.25588185,0.33258158,0.020042995,0.49368876,-0.053841956,-0.43203104,0.6089945,1.8127801,0.50070065,0.8339031,0.30734107,-0.43569112,-0.3491462,0.39515436,-0.16024095,1.8533349,0.8192818,0.32833037,-0.3686265,0.7023139,-0.78721267,0.50367665,-0.03232312,-0.27399966,-0.097425304,-0.0752399,0.4131699,0.025627382,0.15941644,0.7985491,0.52518064,0.55049646,-0.01813877,2.0206165,1.2240711,0.53363717,-0.25279668
-0.112799436,0.57489294,-1.0309043,0.2473586,0.59650224,0.027681487,0.29879186,-0.88248956,-0.8168539,0.3078166,-1.1041747,-0.88031584,-0.10779494,0.51468486,0.3022957,0.7763261,-0.5895009,-0.7091156,-0.48708278,0.032173093,-0.7854525,0.8443151,0.28025398,-0.2306629,-0.29773515,0.030619828,-0.7309255,0.21951349,-1.1029519,-1.0742764,-0.3428315,0.13724524,-0.485755,0.22868508,-0.3829685,0.4471562,0.25620565,-0.8511847,-1.1566888,1.103586,0.6082489,0.32601306,0.35615554,0.49708438,0.55140984,1.5104028,-0.03992036,0.9510088,0.109100446,0.13349944,-0.15919395,0.34806168,-0.15306933,-0.7276312,0.45690036,1.4204946,0.4442464,0.4931928,0.060924735,-0.20349902,-0.7355091,0.04251499,-0.51724714,2.2393088,0.6991714,0.10903412,-0.54182786,0.53689265,-0.8659552,0.30737036,-0.39089778,-0.59053755,-0.24233522,-0.32739592,0.047337543,-0.03384275,-0.07079387,0.4596553,0.46272877,0.2811823,-0.25560653,1.8086896,1.2191765,0.052017022,-0.25335118
-0.5057434,0.45273718,-1.1402247,0.063477576,0.6977606,0.019568842,0.3946292,-1.0199544,-0.84422106,0.22481595,-1.1830592,-0.9567841,0.001000518,0.16540442,0.32070673,0.7727155,-0.80704474,-0.73462486,-0.8681406,-0.16285622,-0.97720426,0.9422246,0.28734446,-0.34309307,-0.36642638,0.19476594,-0.73564696,0.052087944,-1.1214635,-1.2775201,-0.5000556,-0.014810638,-1.0579779,0.20523833,-0.5355595,0.24249744,0.039812956,-0.83002007,-1.3436289,0.6918868,0.1820135,0.33668256,0.34964052,0.30536798,0.039402377,1.2456098,-0.39214942,0.73088855,-0.01394361,-0.07684113,-0.38525265,0.1839922,-0.25144497,-0.9738499,0.30238554,0.9878146,0.44118834,0.18271081,-0.21743828,0.10049268,-1.1280748,-0.41835362,-0.8190925,2.457955,0.5487911,-0.08014364,-0.67627037,0.37410852,-0.9100021,0.120860055,-0.7825374,-0.8686814,-0.41265306,-0.54569536,-0.30070257,-0.06875806,-0.27866042,0.09342699,0.37999418,-0.051751688,-0.47931802,1.5384495,1.1974274,-0.39471507,-0.14840148
-0.8855294,0.28536427,-1.1647693,-0.09267812,0.78226984,0.040874254,0.50026435,-1.0996802,-0.84339654,0.13856886,-1.1887785,-0.99539065,0.12041017,-0.16580214,0.3771782,0.8010612,-1.0378482,-0.7829665,-1.2359045,-0.3696374,-1.1408443,0.9944955,0.29984292,-0.4151375,-0.3893088,0.32879645,-0.7423239,-0.10015768,-1.1685792,-1.417334,-0.68180543,-0.11535841,-1.5134544,0.16955331,-0.6322466,-0.006662981,-0.15929307,-0.67685074,-1.5418923,0.2847312,-0.1518941,0.36701748,0.32742256,0.047264967,-0.40947932,0.9477652,-0.71183294,0.5205816,-0.09158793,-0.27418417,-0.6359544,0.01918256,-0.3414249,-1.1552217,0.16363122,0.55579764,0.49812362,-0.07332952,-0.5032684,0.4476711,-1.4885393,-0.93982655,-1.036491,2.4881399,0.3798841,-0.22659966,-0.76110756,0.23282333,-0.9153685,-0.033254772,-1.1704679,-1.0793409,-0.6029585,-0.7068135,-0.5968526,-0.07126831,-0.44169468,-0.2572642,0.288722,-0.43426913,-0.6546595,1.235383,1.1802965,-0.7728918,0.05474321
-1.2147171,0.08161711,-1.1025642,-0.20375304,0.845038,0.10686402,0.6152445,-1.1122828,-0.8053102,0.051943034,-1.1156133,-1.0005423,0.2442569,-0.4435384,0.46547675,0.83781356,-1.2617279,-0.84815687,-1.5593187,-0.5554836,-1.2506281,1.0010716,0.31991258,-0.4428969,-0.36682168,0.42638567,-0.75095606,-0.216289,-1.2370502,-1.4821066,-0.87922895,-0.1598726,-1.8140559,0.120362654,-0.6699218,-0.26210064,-0.30344486,-0.41472262,-1.7307196,-0.07124591,-0.35888702,0.4109159,0.29089376,-0.2532634,-0.74253744,0.64792603,-0.967708,0.35040525,-0.106942505,-0.43615007,-0.88539654,-0.12915845,-0.41668198,-1.2614112,0.054234706,0.16025186,0.610448,-0.2603313,-0.76980275,0.8033799,-1.7794306,-1.4606352,-1.1474783,2.333063,0.20869683,-0.32464635,-0.79281247,0.12832324,-0.8820012,-0.13834673,-1.5156363,-1.2018363,-0.8030883,-0.79617584,-0.8147725,-0.03984453,-0.5441808,-0.5517564,0.20079881,-0.8414927,-0.75492996,0.9230697,1.1847174,-1.0610527,0.32982028
-1.4602922,-0.14410883,-0.9616319,-0.25946403,0.88262796,0.228139,0.73759353,-1.0576845,-0.7256037,-0.03235618,-0.9637727,-0.9770184,0.36705962,-0.6407598,0.5764795,0.8547347,-1.4547772,-0.9168639,-1.8085264,-0.69213897,-1.2824881,0.96948415,0.3497767,-0.42739248,-0.30467457,0.48634186,-0.75691754,-0.28216785,-1.3098704,-1.4677302,-1.0788858,-0.15353695,-1.9414854,0.057389103,-0.65211326,-0.48457408,-0.36500022,-0.0815231,-1.8826658,-0.33458441,-0.4211434,0.45516303,0.24991028,-0.56507546,-0.92684966,0.37287563,-1.1339626,0.24393535,-0.0500476,-0.54612577,-1.1075124,-0.24684438,-0.47149736,-1.2865996,-0.01740867,-0.17307201,0.7627336,-0.374425,-0.9918766,1.1316525,-1.9695426,-1.914912,-1.1403232,2.019472,0.0536991,-0.37505928,-0.7752155,0.069324054,-0.81261003,-0.18582286,-1.7821696,-1.226376,-0.99923754,-0.8094472,-0.9381103,0.020766623,-0.5783911,-0.75554144,0.12697919,-1.2389879,-0.76531816,0.62260395,1.220045,-1.249196,0.6351422
-1.5967759,-0.3745133,-0.7588446,-0.25716445,0.89359397,0.40819827,0.8633183,-0.94523096,-0.60643667,-0.11194806,-0.73883665,-0.92779815,0.48568624,-0.7421325,0.7001553,0.8265507,-1.5934161,-0.97223896,-1.9562857,-0.7610446,-1.2189654,0.9143468,0.3903366,-0.3730342,-0.21195897,0.5112778,-0.7508607,-0.292387,-1.3647921,-1.3779966,-1.2646149,-0.10869362,-1.8973956,-0.01675334,-0.58709514,-0.6393657,-0.33026186,0.27655143,-1.9669425,-0.47360545,-0.3384231,0.482848,0.22017497,-0.8553197,-0.95426005,0.14236897,-1.1930149,0.2148147,0.08096423,-0.5958277,-1.2794112,-0.32499325,-0.4993613,-1.2298683,-0.047745083,-0.43113276,0.93168396,-0.42105094,-1.1493949,1.4002925,-2.038157,-2.2421546,-1.014693,1.5932739,-0.06857751,-0.38313827,-0.71794945,0.056183323,-0.7112861,-0.17602688,-1.9426724,-1.1543821,-1.1758227,-0.7521596,-0.9613842,0.1010262,-0.5446439,-0.8433927,0.075329036,-1.5861008,-0.68509364,0.35276845,1.2862792,-1.3372431,0.9199481
-1.6081396,-0.5920389,-0.51776016,-0.20162699,0.878618,0.6417284,0.9861202,-0.7921777,-0.45680052,-0.18472241,-0.45015118,-0.85226095,0.6001368,-0.74588865,0.8274225,0.7380649,-1.6585715,-0.9992179,-1.9804764,-0.7564209,-1.0544376,0.85516274,0.4410515,-0.2852997,-0.09904009,0.5065106,-0.7191456,-0.25121272,-1.379568,-1.2233323,-1.4196057,-0.041346364,-1.701382,-0.0955693,-0.4853678,-0.70059496,-0.20129265,0.6128864,-1.9544331,-0.47019777,-0.12729897,0.4775481,0.2193397,-1.0945641,-0.84208614,-0.032481782,-1.1374898,0.2647985,0.27907968,-0.58630836,-1.3848286,-0.36132294,-0.49272993,-1.0952748,-0.036929045,-0.61365414,1.0898795,-0.41262224,-1.2298439,1.5852867,-1.9779835,-2.3967826,-0.78148663,1.1129334,-0.1462759,-0.35696232,-0.6339086,0.08076632,-0.5816426,-0.11746583,-1.9819901,-0.99763674,-1.3178248,-0.6378502,-0.88961136,0.18877089,-0.45034856,-0.80191493,0.05018791,-1.8415499,-0.5269982,0.12986086,1.3746969,-1.3325572,1.1327207
-1.4895985,-0.78108215,-0.26534253,-0.10400256,0.84018236,0.9142407,1.0973953,-0.6208604,-0.29149795,-0.2488396,-0.110271,-0.74680674,0.7131953,-0.6634295,0.95097446,0.58814543,-1.639727,-0.98877275,-1.8668237,-0.6853961,-0.79827535,0.8125591,0.49963805,-0.16943441,0.02371692,0.47827438,-0.64641553,-0.17134453,-1.3374149,-1.0194173,-1.5287532,0.03233656,-1.3867332,-0.1688008,-0.35789368,-0.65423465,0.005322146,0.8873998,-1.8237853,-0.3222158,0.18158117,0.42772216,0.26199374,-1.2606884,-0.6287994,-0.14873236,-0.9715023,0.38351503,0.5288197,-0.52740747,-1.4157692,-0.35934916,-0.44345087,-0.89147073,0.012361187,-0.7307485,1.2104847,-0.36488527,-1.2297297,1.673746,-1.7961205,-2.3551874,-0.4623359,0.64076024,-0.17460759,-0.30525675,-0.5362909,0.12801036,-0.42612347,-0.024790704,-1.8995926,-0.776048,-1.4129351,-0.48524278,-0.73612434,0.27156353,-0.3082688,-0.63080215,0.05193317,-1.9696739,-0.31493288,-0.0321907,1.4699037,-1.2475816,1.2299579
-1.2472532,-0.9295353,-0.028205575,0.019958772,0.782188,1.2028488,1.1870575,-0.45516577,-0.12866901,-0.30235174,0.2658082,-0.60609776,0.82916844,-0.5171153,1.0654861,0.39074972,-1.5369481,-0.940956,-1.6114049,-0.56595105,-0.47553262,0.8043532,0.56189,-0.030173251,0.14629824,0.43239045,-0.5185536,-0.07158372,-1.2310283,-0.7851697,-1.5808904,0.09906671,-0.99470586,-0.22397196,-0.214963,-0.49965346,0.26156905,1.0716107,-1.5668032,-0.044363044,0.54776984,0.3299531,0.35548735,-1.3411993,-0.366241,-0.21084665,-0.7099625,0.55014104,0.8069449,-0.43550935,-1.3733833,-0.32733712,-0.34410182,-0.6323134,0.09610823,-0.7987174,1.2715776,-0.2939311,-1.15451,1.6650819,-1.512775,-2.119873,-0.08710918,0.2340958,-0.15710692,-0.2359713,-0.43594256,0.17887482,-0.24573828,0.08386734,-1.7089921,-0.5148464,-1.4532491,-0.31489584,-0.5202949,0.33899802,-0.13458359,-0.34368753,0.07731014,-1.9468791,-0.07965639,-0.12321467,1.5534267,-1.0978309,1.183885
-0.8991658,-1.0294553,0.17107987,0.1515565,0.709163,1.4784713,1.2441977,-0.31708047,0.013310588,-0.34352744,0.6600915,-0.42647186,0.9513186,-0.3359791,1.1667054,0.17201395,-1.3612082,-0.865478,-1.2229373,-0.42236018,-0.12388902,0.84139246,0.6224595,0.12770247,0.2589097,0.37353438,-0.32659388,0.026391225,-1.0638096,-0.5408903,-1.5702925,0.14999884,-0.5691538,-0.24908218,-0.06598415,-0.24880975,0.53324604,1.151566,-1.1920063,0.33262816,0.9257277,0.19009873,0.49670225,-1.3333087,-0.10952967,-0.22889207,-0.37718594,0.73631376,1.0842817,-0.33033904,-1.2673087,-0.2761425,-0.19042408,-0.33633038,0.2093676,-0.83524376,1.2595859,-0.21355213,-1.017201,1.5696166,-1.158705,-1.7195576,0.30900046,-0.06275224,-0.10431991,-0.15563376,-0.33972803,0.21445313,-0.041124634,0.18990453,-1.4358354,-0.24165927,-1.4359152,-0.14603826,-0.2650252,0.38395432,0.053051986,0.032808237,0.12032835,-1.7667468,0.14592175,-0.13766292,1.6075826,-0.90098524,0.9880999
-0.4730878,-1.0768061,0.3170103,0.27178642,0.6260177,1.7090209,1.2584416,-0.22339496,0.11928485,-0.37052697,1.051585,-0.20898424,1.0795155,-0.15121932,1.2504219,-0.036105685,-1.1323316,-0.7789774,-0.72375923,-0.2803747,0.21167663,0.9248572,0.6751573,0.2978332,0.35153744,0.3046398,-0.07025012,0.101497084,-0.84964263,-0.30644527,-1.4971215,0.1810189,-0.15168777,-0.23549731,0.080180615,0.07546703,0.78544974,1.1276839,-0.7253838,0.7655307,1.2702035,0.022454802,0.6712719,-1.2424347,0.09344099,-0.21597534,-0.00411495,0.91035956,1.3283362,-0.23143871,-1.1134267,-0.21655938,0.016122168,-0.0261837,0.3458557,-0.85519236,1.1707984,-0.13420759,-0.8361166,1.4059081,-0.7711271,-1.2050343,0.68822074,-0.22463532,-0.032151055,-0.06980252,-0.25015026,0.21986139,0.18553905,0.27682236,-1.1137699,0.016495235,-1.3630792,0.0057713175,0.005621043,0.40314633,0.23727234,0.46084526,0.17348792,-1.4425998,0.33189487,-0.07599779,1.6191084,-0.6758669,0.6592373
-0.0049043233,-1.0708679,0.40283674,0.36324966,0.5375258,1.8636017,1.2213087,-0.18399741,0.17986962,-0.3819436,1.4162256,0.037737574,1.2081473,0.00932416,1.3111452,-0.20310795,-0.8750741,-0.70092744,-0.14895798,-0.1620214,0.48727053,1.045305,0.7142751,0.4709348,0.4138163,0.22749431,0.23984239,0.13661924,-0.6094923,-0.09972603,-1.3669811,0.19175662,0.22227865,-0.18092024,0.214753,0.44273758,0.9877326,1.0125064,-0.20775321,1.2031661,1.5413263,-0.1532087,0.85514086,-1.0797033,0.21049361,-0.18634285,0.37547585,1.0415621,1.5064493,-0.15505524,-0.9313421,-0.15740801,0.26616785,0.2724789,0.49702272,-0.86751515,1.0116063,-0.063023545,-0.631626,1.1975423,-0.38866493,-0.64171064,1.0141106,-0.24808232,0.04167096,0.01648115,-0.16679212,0.18754593,0.42840818,0.3319892,-0.77904016,0.23588999,-1.2409517,0.13002752,0.26850933,0.39693916,0.40241942,0.8950359,0.22919461,-1.0070753,0.45541707,0.054903347,1.5815309,-0.44244,0.23515385
0.46459493,-1.0133889,0.43113783,0.41284287,0.44851553,1.9166579,1.1276532,-0.2006328,0.193298,-0.37707397,1.7273698,0.29637653,1.3256863,0.1252796,1.341445,-0.3065211,-0.61442,-0.64749444,0.45668095,-0.08155655,0.6679749,1.183851,0.7350658,0.6339168,0.43533722,0.14342731,0.5817453,0.121290505,-0.36688858,0.06500953,-1.1893325,0.1841456,0.5258313,-0.090776965,0.3286607,0.8184245,1.1182696,0.8265188,0.3104166,1.5927783,1.7084962,-0.31586653,1.0176271,-0.8591861,0.23045549,-0.15319623,0.72872025,1.1047499,1.5897374,-0.111440234,-0.74082416,-0.10386955,0.541644,0.53347373,0.650868,-0.8735937,0.79681915,-0.0045974622,-0.42279664,0.9698159,-0.046169147,-0.0999511,1.2550544,-0.15058495,0.100785576,0.09701258,-0.088098705,0.11916049,0.67664367,0.34792915,-0.46529394,0.39799833,-1.0782562,0.22154412,0.50273496,0.3685505,0.53532434,1.2870349,0.2806561,-0.50821644,0.5033407,0.24151693,1.4959553,-0.22141689,-0.23127243
0.89390266,-0.90773654,0.41302386,0.41371065,0.36378807,1.8519123,0.9769399,-0.26725188,0.16557743,-0.3559721,1.9579554,0.54167074,1.4155589,0.18688093,1.3317441,-0.33648342,-0.3705201,-0.62623674,1.0432507,-0.043090113,0.73514724,1.3151464,0.7347654,0.7702535,0.40718436,0.054043077,0.92374367,0.053129703,-0.1427966,0.17812452,-0.9756668,0.1607777,0.74185354,0.021783303,0.41299945,1.1674244,1.1659626,0.59402114,0.7762303,1.8871017,1.7539396,-0.44735265,1.1268793,-0.59548074,0.16412692,-0.12717281,1.027348,1.0840064,1.5569534,-0.10407191,-0.5589586,-0.057177596,0.81657255,0.7321483,0.7912705,-0.868123,0.5468124,0.03789075,-0.22460857,0.7473308,0.22950287,0.35580754,1.3871741,0.033826314,0.13356368,0.16442372,-0.013804532,0.025432227,0.9137214,0.32202137,-0.19902563,0.49079418,-0.88442194,0.28005517,0.6910167,0.3228411,0.62626237,1.5911145,0.32301393,-0.0029670207,0.4732718,0.4653492,1.370276,-0.03311606,-0.68126565
1.2447412,-0.75848645,0.3663223,0.36667734,0.28841716,1.6651399,0.7739031,-0.37105823,0.10958658,-0.3197743,2.0832918,0.7440758,1.4590597,0.19598414,1.2714748,-0.29698274,-0.15509917,-0.6324828,1.561716,-0.04090671,0.68977386,1.411988,0.71301323,0.8618873,0.3236481,-0.037816405,1.2287332,-0.061662205,0.048844136,0.23578788,-0.73702884,0.123792246,0.86267257,0.1378289,0.46008298,1.4574746,1.1307292,0.3392615,1.141807,2.0506074,1.6744378,-0.5359166,1.1548327,-0.30223802,0.040631372,-0.1153958,1.2503035,0.974784,1.3978053,-0.12956357,-0.3979575,-0.014741581,1.0598652,0.8482906,0.8984008,-0.841267,0.28402358,0.061989117,-0.04569355,0.55238885,0.42319587,0.6757942,1.3979068,0.26142228,0.13481781,0.20914903,0.053170204,-0.07531337,1.1186007,0.2564141,0.003974154,0.509849,-0.6680875,0.30909792,0.82039356,0.26547047,0.66930014,1.769707,0.353438,0.4514151,0.37227088,0.70455444,1.2168477,0.10395529,-1.059881
1.486967,-0.5711141,0.3127126,0.28055093,0.2275585,1.3655682,0.5286698,-0.494447,0.042719524,-0.27048254,2.0847566,0.8743573,1.4388754,0.16482995,1.1504409,-0.20321572,0.030797748,-0.6487542,1.9705604,-0.061263736,0.55316055,1.4498142,0.67197263,0.8915963,0.184421,-0.12779653,1.459514,-0.20924471,0.20413058,0.24013238,-0.48251408,0.07434117,0.8891146,0.23565574,0.46470314,1.6620631,1.0220996,0.0846586,1.3716673,2.0648694,1.4813277,-0.5779671,1.082499,0.008364084,-0.099362515,-0.12166421,1.3858297,0.7849014,1.1151568,-0.17899086,-0.26417324,0.028434597,1.2395209,0.868426,0.95036924,-0.781587,0.029412556,0.065743715,0.112304285,0.40354845,0.5322241,0.8321594,1.2874187,0.48680627,0.106828146,0.2205889,0.106037006,-0.16059402,1.2684878,0.15660678,0.13967827,0.45796624,-0.43611306,0.3144969,0.883247,0.20171009,0.66258544,1.7981634,0.37136224,0.8059455,0.21498704,0.93601537,1.049762,0.17542455,-1.3256326
1.601441,-0.3521746,0.2749566,0.17099461,0.18606767,0.9753318,0.25573093,-0.6171766,-0.016019823,-0.21069393,1.9534916,0.90936387,1.3432171,0.11286212,0.9610469,-0.07738472,0.19608662,-0.6476519,2.2409077,-0.08605179,0.36249375,1.4110326,0.61609006,0.846615,-0.0038649794,-0.2102592,1.5851344,-0.37002283,0.3299767,0.19949156,-0.21805106,0.012753605,0.82885265,0.2946291,0.42547387,1.7629197,0.8565355,-0.14998159,1.4473708,1.9308968,1.1987239,-0.5784901,0.9033633,0.325305,-0.21257918,-0.14607304,1.431682,0.53314734,0.7257317,-0.23999695,-0.15804394,0.078272246,1.327554,0.7875781,0.92626494,-0.6800205,-0.20025277,0.048043482,0.25418037,0.31463462,0.56643534,0.82163286,1.0693547,0.67043483,0.05843055,0.18827291,0.13474588,-0.20801686,1.3424484,0.030762814,0.21524018,0.34485605,-0.19298737,0.30303407,0.877626,0.1359415,0.6086073,1.6681204,0.37820175,1.0275592,0.019883664,1.1378863,0.8818475,0.17384946,-1.4564921
1.5823022,-0.10953402,0.2736514,0.058053993,0.16768186,0.5272442,-0.027252717,-0.7190053,-0.049198132,-0.14316799,1.6932632,0.8366818,1.1687355,0.06191066,0.7003617,0.057284094,0.35722777,-0.5980506,2.3607714,-0.097033024,0.16383731,1.2882802,0.5513144,0.7211407,-0.22689185,-0.27874127,1.5864698,-0.52137554,0.44244087,0.12749134,0.053477325,-0.060805894,0.69463557,0.29882732,0.34562927,1.7516627,0.65417016,-0.34673443,1.3697262,1.6690727,0.85943615,-0.5496545,0.6253882,0.63793236,-0.2623349,-0.18672276,1.3944871,0.24620916,0.25862077,-0.29926392,-0.075517185,0.13970578,1.3050438,0.6099577,0.80986375,-0.5328098,-0.39442375,0.009654671,0.38932002,0.29353598,0.5449494,0.6643478,0.7697556,0.78447104,0.0026792544,0.10341114,0.1278057,-0.19934575,1.3253927,-0.111708544,0.24671547,0.1857136,0.05855117,0.28122538,0.807061,0.07099447,0.51364625,1.3886894,0.376598,1.1035035,-0.1937237,1.2906332,0.72202474,0.100687,-1.4521065
1.4373256,0.14709075,0.3247143,-0.037401006,0.17417417,0.06090964,-0.30171475,-0.78155273,-0.043701135,-0.07050185,1.3216478,0.6584214,0.92212963,0.031242566,0.3718943,0.1811751,0.53365344,-0.4729712,2.336036,-0.08007954,0.0037482348,1.0853232,0.4844356,0.51865494,-0.4639732,-0.32691708,1.459991,-0.64092976,0.56310153,0.041588716,0.33154318,-0.14567907,0.5023993,0.2399728,0.23306559,1.6305718,0.4360447,-0.48877275,1.1577133,1.3156198,0.49992466,-0.5088593,0.2705134,0.93475217,-0.22565123,-0.24000427,1.2885138,-0.045595765,-0.24778956,-0.34457228,-0.00985721,0.21501738,1.1654198,0.34858006,0.59405804,-0.3436021,-0.548874,-0.046357747,0.5286614,0.34100124,0.49264145,0.39888462,0.42406446,0.81574506,-0.045604333,-0.03845602,0.07535606,-0.12438996,1.2115296,-0.26058167,0.25503471,-0.00036565794,0.31678045,0.2544433,0.68051785,0.007987163,0.387485,0.9853351,0.36980566,1.0425655,-0.40862957,1.3785363,0.5736094,-0.032525405,-1.3317319
1.1868463,0.4058234,0.43709093,-0.09740749,0.20426252,-0.38204598,-0.5502002,-0.79020005,0.0074994755,0.0050319815,0.86926466,0.39140323,0.6197557,0.03309856,-0.013209699,0.28157046,0.74247724,-0.2571922,2.1892574,-0.027998941,-0.07871293,0.8163811,0.42170292,0.25224838,-0.6899427,-0.34942356,1.2190994,-0.7096363,0.7143176,-0.038547568,0.6163495,-0.23972663,0.27008685,0.11861999,0.09941724,1.412517,0.2214673,-0.5605758,0.84487027,0.91704655,0.15463221,-0.47590932,-0.12801777,1.2027711,-0.09779834,-0.3023085,1.1330541,-0.313067,-0.750299,-0.36658573,0.04654794,0.3032818,0.9167125,0.024193125,0.28389525,-0.12422282,-0.6651842,-0.11405538,0.6817496,0.44973016,0.4354096,0.07491223,0.07304858,0.765482,-0.07308094,-0.23571277,-0.02791246,0.016984615,1.0065972,-0.40558794,0.2626651,-0.19225481,0.57966787,0.226225,0.51105034,-0.05353681,0.24222153,0.49650934,0.36093786,0.8722756,-0.6113618,1.3898637,0.43399638,-0.2047998,-1.1283857
0.8608882,0.65224284,0.6113543,-0.11068441,0.25314587,-0.7630034,-0.75817716,-0.7353692,0.10432517,0.08132331,0.3767767,0.065730415,0.28566965,0.06986492,-0.43596134,0.35308126,0.9932356,0.046294596,1.9550871,0.05779598,-0.059182655,0.50387996,0.36828402,-0.056261506,-0.8791071,-0.34286872,0.892744,-0.7142994,0.9133184,-0.09324878,0.90696245,-0.33883446,0.016467271,-0.055488016,-0.04145535,1.1194861,0.027105814,-0.5492357,0.4729311,0.5225121,-0.14877166,-0.47060943,-0.5298343,1.4271548,0.10729513,-0.36983642,0.94996566,-0.5324293,-1.2059562,-0.35967508,0.100653075,0.39956468,0.58088475,-0.33633038,-0.10161926,0.1064846,-0.7486458,-0.18508618,0.85369986,0.60383856,0.3955072,-0.25570312,-0.2425246,0.6462732,-0.07034468,-0.47872895,-0.17983817,0.21422964,0.7281292,-0.5364158,0.2893714,-0.36870506,0.84359986,0.19837905,0.31482488,-0.11515207,0.09131425,-0.031210324,0.35211727,0.633031,-0.79234374,1.318027,0.29552805,-0.3881785,-0.8815371
0.49569553,0.8697942,0.83900446,-0.07454167,0.31234053,-1.0509634,-0.9153537,-0.6130274,0.24006175,0.15609963,-0.109503776,-0.27924564,-0.05172243,0.13380833,-0.8698174,0.39662364,1.2840669,0.41428939,1.6744969,0.16722304,0.069342345,0.1748545,0.32766402,-0.37855825,-1.0087596,-0.3062441,0.5212244,-0.6494623,1.1681889,-0.10474195,1.1999305,-0.43687266,-0.23915909,-0.2650038,-0.17548172,0.78009486,-0.13350749,-0.4470183,0.08567865,0.17663181,-0.3921769,-0.5101494,-0.89367425,1.5919378,0.36031947,-0.4390739,0.76121235,-0.68868357,-1.5769973,-0.32182658,0.15782489,0.49560085,0.19133666,-0.7028256,-0.52988285,0.32486922,-0.8062683,-0.24937402,1.0431648,0.7791526,0.38853705,-0.5472272,-0.4862972,0.47731176,-0.03334817,-0.74927837,-0.3694229,0.447634,0.4040203,-0.6432264,0.34972554,-0.5100522,1.1022243,0.17103845,0.10958711,-0.1787527,-0.051662736,-0.5491045,0.34433436,0.37044966,-0.9450827,1.1619282,0.14766535,-0.5523018,-0.6291941
0.13026361,1.0404319,1.1026915,0.004338864,0.3705259,-1.2259685,-1.0162134,-0.42468697,0.40257657,0.22643916,-0.543613,-0.60075986,-0.36353606,0.20924124,-1.2825792,0.41672426,1.6000133,0.805064,1.3876956,0.28403512,0.29601192,-0.14304234,0.30086443,-0.6831688,-1.0628693,-0.24129157,0.15013398,-0.51790303,1.4741896,-0.0591247,1.4881071,-0.52561307,-0.47719675,-0.48735192,-0.28985146,0.42636067,-0.24948077,-0.2546029,-0.2774716,-0.087022245,-0.5675132,-0.606454,-1.1831759,1.6814439,0.62269163,-0.50612694,0.5861399,-0.7766838,-1.8347881,-0.25418442,0.22151342,0.5804729,-0.21110913,-1.043673,-0.95768297,0.50628537,-0.8444427,-0.29657462,1.2415812,0.9445189,0.42121354,-0.7659852,-0.63147914,0.2786077,0.03602742,-1.0211204,-0.5772873,0.69158673,0.06891298,-0.71656734,0.45125192,-0.59959775,1.3462534,0.1431659,-0.08687066,-0.24550256,-0.1742351,-1.0119216,0.33749485,0.12743925,-1.0643442,0.9274042,-0.019893968,-0.66944844,-0.40170226
-0.19820644,1.1460842,1.3773617,0.11103152,0.41469002,-1.2807094,-1.0596037,-0.17732775,0.5757713,0.28828385,-0.88565534,-0.8582195,-0.62384474,0.2765873,-1.6386218,0.41925704,1.9138367,1.1648182,1.1273732,0.38903114,0.59409523,-0.42502403,0.28692383,-0.9389451,-1.034409,-0.1526866,-0.17598297,-0.330436,1.8133106,0.052410472,1.7606912,-0.59522307,-0.6781683,-0.6976994,-0.3746942,0.08995025,-0.31227383,0.016409136,-0.5853,-0.24977088,-0.6746845,-0.7638817,-1.3723905,1.682759,0.8544506,-0.5659618,0.4397118,-0.8008579,-1.962397,-0.16004373,0.29363534,0.64233816,-0.5836833,-1.3287845,-1.3359867,0.6288504,-0.8673612,-0.31760803,1.4336494,1.0643721,0.4910428,-0.8939901,-0.6629283,0.06649559,0.13071342,-1.2620684,-0.7778702,0.9181973,-0.2397343,-0.7483184,0.5937916,-0.6246656,1.5635477,0.11335187,-0.25810343,-0.31478548,-0.2660414,-1.3828417,0.3311742,-0.062678315,-1.1447309,0.62826765,-0.21401805,-0.71989036,-0.2180655
-0.45717862,1.1707621,1.6322943,0.22527379,0.4323393,-1.2206032,-1.0481181,0.11749466,0.74174136,0.33638525,-1.1065462,-1.0187904,-0.8128991,0.31759593,-1.9027746,0.4092337,2.1898408,1.4372845,0.9146695,0.46525764,0.9265045,-0.6517559,0.2828378,-1.1190099,-0.9262774,-0.04762575,-0.42045146,-0.10427511,2.1554983,0.23243077,2.0041206,-0.6354175,-0.8234226,-0.87220347,-0.4234998,-0.20101163,-0.31516182,0.34203118,-0.8169398,-0.30940542,-0.7183985,-0.9768536,-1.4499584,1.5884132,1.0218921,-0.612405,0.3307458,-0.7729739,-1.9557157,-0.043752305,0.37495732,0.66990924,-0.8870234,-1.5320526,-1.6166372,0.67725754,-0.8762949,-0.30584618,1.5994341,1.1027721,0.58792126,-0.928789,-0.57923025,-0.1491897,0.23959376,-1.4378027,-0.94314533,1.1018546,-0.4871197,-0.7323784,0.770138,-0.57749575,1.7402741,0.08061227,-0.39012825,-0.38352072,-0.31970116,-1.6364001,0.3255139,-0.1807315,-1.1793853,0.2863643,-0.4351411,-0.69575226,-0.084786445
-0.6215333,1.1029749,1.8345085,0.3249375,0.41321698,-1.0620568,-0.9869847,0.44407552,0.8827001,0.36446697,-1.1918474,-1.0618659,-0.91886705,0.32020316,-2.0444074,0.39015695,2.3892913,1.5746461,0.75644934,0.5019902,1.2508254,-0.8110978,0.28379923,-1.2041448,-0.7506844,0.06435664,-0.5591394,0.13885158,2.4630046,0.47682866,2.2035744,-0.63615805,-0.8965515,-0.9911007,-0.43332812,-0.42471245,-0.25389525,0.68688434,-0.9614989,-0.27810517,-0.7046598,-1.2288077,-1.4200561,1.3991956,1.1038997,-0.6379536,0.26121917,-0.7091079,-1.8230025,0.089838676,0.46564367,0.65455085,-1.0903453,-1.6336485,-1.7596664,0.6459255,-0.8697664,-0.25826246,1.7172645,1.0280578,0.6958624,-0.88106185,-0.3916169,-0.36507916,0.3493862,-1.5168475,-1.0475137,1.2227583,-0.6454549,-0.66573995,0.96730906,-0.45577228,1.8627403,0.045026913,-0.4724928,-0.4458206,-0.3314519,-1.7597115,0.32221204,-0.22321126,-1.1604755,-0.06923601,-0.67607915,-0.60262567,0.0022683651
-0.6765574,0.93830115,1.9524881,0.39006382,0.35126716,-0.82969296,-0.8830786,0.78380185,0.98262763,0.36609018,-1.1427451,-0.9813632,-0.9387469,0.281625,-2.042302,0.3641824,2.4774063,1.5479295,0.6462836,0.49826556,1.5260248,-0.89827216,0.28379923,-1.1851588,-0.526867,0.17216778,-0.5835576,0.37547967,2.6956832,0.7747034,2.3450031,-0.58950454,-0.88539624,-1.0409647,-0.40438917,-0.56716,-0.1280203,1.0079076,-1.0162276,-0.17858806,-0.63793594,-1.4922332,-1.3007251,1.1259162,1.0949987,-0.63519925,0.22616194,-0.62637335,-1.5830977,0.23574072,0.565311,0.591637,-1.1751539,-1.6223176,-1.7401975,0.54010403,-0.84451145,-0.17581463,1.7673424,0.8185153,0.7960661,-0.7697155,-0.12246868,-0.58229584,0.44646642,-1.4762586,-1.0720129,1.2694659,-0.69810927,-0.5499068,1.1684543,-0.26323307,1.9194282,0.0084043145,-0.49925083,-0.4936295,-0.30161196,-1.7518239,0.3247592,-0.20075889,-1.0805757,-0.4053023,-0.9219117,-0.45826957,0.054440763
-0.6183036,0.6814193,1.9609243,0.40598747,0.245426,-0.5529818,-0.74434495,1.1157727,1.0287238,0.33573598,-0.9756298,-0.7865926,-0.87832433,0.20950638,-1.8885741,0.33238786,2.4301808,1.3537757,0.56826323,0.46320266,1.7175792,-0.9152461,0.27622804,-1.0643266,-0.27810282,0.26411894,-0.50095534,0.583137,2.8177378,1.108914,2.4172807,-0.49109605,-0.78446776,-1.0164089,-0.33962306,-0.622603,0.05784224,1.2594273,-0.98409134,-0.03887288,-0.52062875,-1.7311816,-1.1197517,0.789801,1.0055428,-0.5982536,0.21440494,-0.5402081,-1.2632661,0.38864496,0.6730832,0.4816611,-1.1376774,-1.4966052,-1.5534407,0.37543142,-0.7970253,-0.06371316,1.7352817,0.46676418,0.86979604,-0.61697835,0.19834602,-0.80277944,0.5186353,-1.3066643,-1.0080721,1.2400111,-0.6420544,-0.3913666,1.3550276,-0.009913392,1.9032235,-0.025904438,-0.46965906,-0.51800174,-0.23487009,-1.6217469,0.3381552,-0.1344574,-0.9351409,-0.6890081,-1.1525081,-0.2888697,0.08589543
-0.45442742,0.34736755,1.845014,0.36546248,0.09959435,-0.26287046,-0.579429,1.4180791,1.0127434,0.27015787,-0.71916777,-0.50051945,-0.751302,0.11993257,-1.5916449,0.29579717,2.2395155,1.016749,0.50212026,0.41446137,1.8014214,-0.8700009,0.2540553,-0.8557598,-0.028328542,0.32856724,-0.33241227,0.7427245,2.8037426,1.4569479,2.4138699,-0.3418789,-0.5973075,-0.9206416,-0.24457397,-0.59275985,0.29214045,1.4005772,-0.8718841,0.113400266,-0.35441953,-1.9057642,-0.9085419,0.42128158,0.8579886,-0.52493215,0.20986246,-0.46293864,-0.8960844,0.5424645,0.78726256,0.3308529,-0.989171,-1.2660048,-1.2174739,0.17533764,-0.7252463,0.06907687,1.6148708,-0.016365493,0.9008739,-0.4434947,0.53696525,-1.0255431,0.5560308,-1.0156267,-0.85906667,1.1410533,-0.4883949,-0.2021495,1.5088538,0.28797594,1.8130536,-0.05321846,-0.38859525,-0.51085895,-0.14002483,-1.3859696,0.36711702,-0.05021112,-0.72555083,-0.89319074,-1.3456453,-0.12376192,0.109133564
-0.20394808,-0.038893446,1.6041205,0.2691397,-0.07834428,0.011197006,-0.3977991,1.6690446,0.93162334,0.16935593,-0.4099068,-0.1568468,-0.5776904,0.033805605,-1.1768191,0.25521868,1.9161556,0.5860308,0.42900333,0.37297672,1.7669969,-0.7749016,0.2106111,-0.58373636,0.20119852,0.35542837,-0.10888052,0.8403522,2.6432705,1.7925013,2.3338366,-0.14901148,-0.33778566,-0.7647524,-0.12705414,-0.48538065,0.55585486,1.4015701,-0.68866444,0.25538725,-0.14300717,-1.9782541,-0.6957172,0.056497023,0.6812738,-0.4180842,0.19350953,-0.40330112,-0.516287,0.6898311,0.90467286,0.15049982,-0.7543349,-0.95049894,-0.7717501,-0.032658223,-0.6300678,0.21021897,1.4097636,-0.60084355,0.878173,-0.2649011,0.85994315,-1.2443932,0.55221146,-0.628869,-0.64005244,0.98577815,-0.26109362,0.0009022613,1.6142483,0.60825163,1.6547058,-0.0686707,-0.26632595,-0.466998,-0.02949262,-1.0656388,0.41442764,0.026503483,-0.46117926,-1.0015526,-1.4813901,0.009883628,0.13161558
0.10514391,-0.44438267,1.2537155,0.12508944,-0.27829677,0.24330162,-0.21007645,1.8486602,0.78783756,0.037334055,-0.08725428,0.20432912,-0.38176286,-0.028502766,-0.6844688,0.21146075,1.4890696,0.1272314,0.3364903,0.3580782,1.617166,-0.6456296,0.14030726,-0.28000775,0.3940522,0.33658892,0.1342526,0.8685789,2.3434033,2.08773,2.1823378,0.07360064,-0.030455599,-0.56585103,0.0030240985,-0.31256396,0.8231174,1.2495505,-0.44543195,0.37187967,0.10467338,-1.9195718,-0.50193655,-0.26730877,0.504261,-0.28682742,0.14626777,-0.36703992,-0.1574466,0.8215914,1.0206046,-0.044533145,-0.4672995,-0.57956314,-0.27220362,-0.22164491,-0.5160598,0.3452694,1.1336156,-1.2389641,0.79696137,-0.09049765,1.1375777,-1.447215,0.5043269,-0.18807901,-0.37545294,0.79067856,0.0062165144,0.19772412,1.6594477,0.92458636,1.4406016,-0.06813878,-0.1180419,-0.38573432,0.08182104,-0.6847912,0.47881344,0.07523109,-0.1604084,-1.0116664,-1.5458481,0.09182717,0.15379515
0.43839866,-0.83180046,0.824647,-0.05341141,-0.49003366,0.41276,-0.027829058,1.9406008,0.5891211,-0.118278615,0.21203278,0.5416087,-0.1889674,-0.051791072,-0.16512124,0.16473892,1.0016617,-0.28926247,0.22011347,0.38171032,1.3679085,-0.49943975,0.038997605,0.020192867,0.53999907,0.26700673,0.36255354,0.8267101,1.9278378,2.3157766,1.9696872,0.3061688,0.29157105,-0.34405738,0.13377436,-0.08910861,1.0634391,0.95125955,-0.15523528,0.4562515,0.3722414,-1.7153168,-0.3370559,-0.5172844,0.34985438,-0.14569314,0.0517308,-0.3579846,0.15122177,0.9272651,1.1284863,-0.23759234,-0.16694048,-0.18841545,0.21678431,-0.36902136,-0.39136568,0.45878842,0.80862284,-1.869704,0.6602444,0.076394126,1.3464899,-1.6176057,0.41306123,0.25464994,-0.09564569,0.57238156,0.27506748,0.36713442,1.6383052,1.2081745,1.188442,-0.049628012,0.03781429,-0.27167764,0.17837392,-0.26878956,0.5533406,0.08321922,0.15046658,-0.9356686,-1.5336907,0.11159443,0.16982493
0.7587347,-1.1642585,0.3599235,-0.2500487,-0.70479846,0.504902,0.13679875,1.9339699,0.34764585,-0.28682294,0.4582419,0.8179992,-0.02283791,-0.029784286,0.32718772,0.11429874,0.50504386,-0.6010949,0.084340505,0.44586387,1.0444752,-0.3538682,-0.09482007,0.2830251,0.6351742,0.14526083,0.54759794,0.72015303,1.4337091,2.4536948,1.7102187,0.52532506,0.5901067,-0.11917447,0.25255424,0.16811754,1.2455473,0.53298336,0.16601925,0.5097648,0.6355341,-1.3693246,-0.19951616,-0.67015254,0.23105137,-0.013296635,-0.10089644,-0.37888765,0.38772362,0.9953192,1.2202132,-0.41313437,0.10902236,0.18535303,0.63253224,-0.4599781,-0.26684335,0.5359492,0.46250734,-2.4258902,0.47870117,0.23643853,1.4718705,-1.7380056,0.28229082,0.6440575,0.16766438,0.344743,0.5078414,0.48984197,1.550291,1.4312664,0.9187791,-0.013750097,0.18159221,-0.13445818,0.24604197,0.15618761,0.6253206,0.045960292,0.44056517,-0.79748553,-1.4487072,0.06926415,0.16932085
1.0308648,-1.4104465,-0.09107918,-0.44798768,-0.9163171,0.51187426,0.27166265,1.8250449,0.078175165,-0.45644942,0.63240176,1.0052595,0.09831177,0.033452082,0.7429217,0.058846876,0.04977282,-0.76485807,-0.060694654,0.54193366,0.6782332,-0.22538301,-0.25970364,0.48059025,0.6813344,-0.025990183,0.67045224,0.55932534,0.90584683,2.4851727,1.4202961,0.7071668,0.82720006,0.092678055,0.3471413,0.44077376,1.3421711,0.037207976,0.49956748,0.539235,0.8652487,-0.9046078,-0.07896006,-0.7161813,0.14982586,0.09041712,-0.3148204,-0.43174362,0.5392774,1.014907,1.2865303,-0.5588848,0.32986563,0.50744313,0.9239987,-0.48827085,-0.15396923,0.5643385,0.12463538,-2.843023,0.26959714,0.39121968,1.5073965,-1.7935094,0.11817222,0.9307649,0.38573048,0.117104456,0.6734557,0.5512387,1.4007038,1.5704195,0.6522499,0.035904508,0.29517445,0.012688179,0.27455053,0.56362176,0.6775368,-0.03403515,0.6789257,-0.6281521,-1.302897,-0.024807513,0.14169721
1.2256024,-1.5494655,-0.48006782,-0.63165176,-1.1207979,0.43284723,0.36655316,1.6186731,-0.20378156,-0.6157414,0.72781646,1.0881828,0.16447645,0.124926075,1.0447221,-0.0031255668,-0.3225109,-0.7634934,-0.20267874,0.6539294,0.301437,-0.12797932,-0.45096615,0.5952486,0.68462837,-0.23968723,0.72362864,0.3579682,0.38963792,2.4029036,1.1162021,0.83108246,0.9706837,0.28175715,0.40766528,0.70876586,1.3349098,-0.48286757,0.8240033,0.5546327,1.0310255,-0.3611248,0.0395914,-0.66092044,0.09854318,0.14711778,-0.5843229,-0.5172307,0.6033931,0.97728735,1.3178543,-0.6676888,0.4759994,0.7517478,1.0603838,-0.45622048,-0.0627422,0.53583425,-0.17829847,-3.069145,0.055057667,0.5408908,1.454898,-1.7753711,-0.07137078,1.0798062,0.53689766,-0.10575158,0.752092,0.5437198,1.1997176,1.6101544,0.40675277,0.09340491,0.3641135,0.15529327,0.25929773,0.9270622,0.6908385,-0.14966337,0.83994275,-0.45916536,-1.113628,-0.15215275,0.080048084
1.3234496,-1.5739121,-0.76740813,-0.78806776,-1.3158402,0.27458584,0.41430715,1.3286203,-0.4840892,-0.7553383,0.7499265,1.066459,0.17565617,0.22581261,1.2131457,-0.07269637,-0.58551645,-0.60844326,-0.33082402,0.76303536,-0.056913987,-0.07166168,-0.6603154,0.62198675,0.65401596,-0.48414165,0.7107995,0.13170809,-0.07577532,2.2099683,0.81247365,0.8832077,0.9997818,0.44540915,0.42874998,0.9503866,1.2178638,-0.97038615,1.1165185,0.56586546,1.1075491,0.20952004,0.17083885,-0.5242808,0.063274704,0.14341371,-0.89497495,-0.6337931,0.58770657,0.8777005,1.3053685,-0.73855937,0.5413398,0.90433294,1.0356615,-0.37255794,0.00096209295,0.44802272,-0.42615345,-3.0735304,-0.1409374,0.68192613,1.3228614,-1.6829102,-0.27750236,1.0762515,0.6092956,-0.32248423,0.73790556,0.4682736,0.96079147,1.5457174,0.19502,0.15159681,0.3802798,0.2801212,0.20257002,1.2212144,0.6476316,-0.29196626,0.90807474,-0.3167056,-0.9003994,-0.28823966,-0.014819985
1.3171098,-1.4912667,-0.92871475,-0.90734315,-1.4989618,0.051526964,0.41266048,0.9768343,-0.7515967,-0.86896366,0.7140065,0.9547979,0.14242156,0.31622604,1.2493485,-0.1495422,-0.73199356,-0.33608195,-0.43826553,0.85306865,-0.37442893,-0.06165715,-0.87669504,0.5690675,0.5999941,-0.7435851,0.64488935,-0.10363021,-0.4629599,1.9197953,0.52027714,0.8591404,0.90876913,0.58751553,0.41085738,1.1426662,0.99953204,-1.3729326,1.3546286,0.5806321,1.0796874,0.7511898,0.3244713,-0.3373251,0.028453134,0.07265662,-1.2250794,-0.7762849,0.50836074,0.7167415,1.2422276,-0.776061,0.53318745,0.965811,0.86888844,-0.2501034,0.036628254,0.30546308,-0.6080827,-2.852944,-0.29626268,0.8064051,1.1244322,-1.5239197,-0.49115866,0.9284381,0.6022796,-0.5329147,0.639504,0.33439523,0.69870925,1.3843809,0.023262374,0.2033791,0.34251198,0.37761024,0.113513306,1.4235716,0.5359824,-0.45241362,0.88092744,-0.21712829,-0.6816842,-0.4056225,-0.13272457
1.2118464,-1.3225313,-0.9585757,-0.9829695,-1.6657435,-0.21463521,0.3651123,0.59193265,-0.99868673,-0.9540745,0.6413992,0.78057194,0.08413052,0.3799927,1.1740533,-0.23156138,-0.77337295,0.0004199056,-0.52315086,0.9149104,-0.63759446,-0.097853325,-1.0868255,0.45635882,0.53345495,-0.9986739,0.54492724,-0.3330652,-0.75897986,1.5551337,0.24720573,0.7647226,0.7083288,0.7161954,0.36100176,1.2630208,0.702152,-1.6494317,1.5189224,0.6026558,0.94614357,1.211583,0.5019922,-0.13674489,-0.019142553,-0.06334897,-1.5485573,-0.9348927,0.38739166,0.50132084,1.1245981,-0.7891372,0.469368,0.9502692,0.6001871,-0.102948,0.049891394,0.119648956,-0.7235383,-2.4335113,-0.39435616,0.90283036,0.8750853,-1.3132029,-0.70350385,0.6655153,0.52631676,-0.73579144,0.4778215,0.15888391,0.42756596,1.1447531,-0.10891534,0.2432464,0.25722077,0.44326472,0.006598938,1.5166925,0.35254177,-0.6245864,0.7699847,-0.16523017,-0.47256067,-0.47728866,-0.25440976
1.0236878,-1.0986305,-0.87109387,-1.0113891,-1.8087654,-0.49619326,0.28063712,0.20582893,-1.2208439,-1.011266,0.5551911,0.5789118,0.025230454,0.40809774,1.0228022,-0.31476614,-0.735978,0.3421181,-0.58787733,0.9486247,-0.8414787,-0.17462967,-1.2765256,0.31143436,0.46471983,-1.22791,0.4319929,-0.5434013,-0.9657311,1.1454078,-0.0027205625,0.61542314,0.42395848,0.8401622,0.2920775,1.2918118,0.35864666,-1.7762629,1.5951111,0.6305484,0.7207043,1.5497998,0.6951604,0.04132068,-0.08707255,-0.25463057,-1.8381536,-1.095176,0.24911752,0.24443626,0.9528089,-0.7887054,0.37366924,0.88190067,0.28281367,0.05525926,0.05126581,-0.091757685,-0.7813574,-1.8678589,-0.42754424,0.95791584,0.59037894,-1.0698848,-0.90593004,0.3324022,0.40074858,-0.9265555,0.28170905,-0.036734924,0.15891317,0.8543801,-0.20761104,0.26795402,0.13671677,0.47790617,-0.100749575,1.490582,0.104526706,-0.804405,0.5988635,-0.15563653,-0.2835285,-0.48043883,-0.35462108
0.77727544,-0.85511595,-0.6967032,-0.99234146,-1.9174162,-0.7616815,0.17282009,-0.14975722,-1.4153199,-1.0433517,0.47539982,0.38674808,-0.009526672,0.400497,0.8383618,-0.39344418,-0.65442765,0.63552713,-0.63734835,0.96198195,-0.9887449,-0.28170067,-1.4322758,0.16432816,0.40283626,-1.4098414,0.3253062,-0.72352636,-1.0967627,0.7228854,-0.22783697,0.43337572,0.09172093,0.96515876,0.22071719,1.2156084,0.0073849936,-1.7503426,1.5762392,0.6578099,0.43007836,1.7425485,0.88671374,0.16730799,-0.175821,-0.48418748,-2.0692856,-1.2391437,0.11636274,-0.035972085,0.73195267,-0.7850663,0.27024403,0.78941554,-0.026628057,0.21258238,0.053808484,-0.30695724,-0.7972508,-1.2272247,-0.39896026,0.95914227,0.2847064,-0.814554,-1.0901716,-0.018807901,0.25015026,-1.0971168,0.0824618,-0.22956106,-0.099141896,0.5453585,-0.2825362,0.27691686,-0.0026014745,0.4868746,-0.1917165,1.3448318,-0.19023293,-0.9896726,0.39933702,-0.17609526,-0.12039008,-0.40066102,-0.40699512
0.50059986,-0.6259454,-0.47618398,-0.9285168,-1.9787931,-0.97947884,0.057428308,-0.44744912,-1.5792482,-1.0542271,0.41485888,0.23592192,-0.00095701724,0.3653215,0.66238385,-0.46080554,-0.5639613,0.8419108,-0.6770124,0.96737623,-1.0869881,-0.40518358,-1.5424786,0.041917607,0.3547436,-1.5250783,0.23907931,-0.8648583,-1.172538,0.31868884,-0.4278186,0.24342929,-0.2478944,1.0910662,0.16418335,1.030623,-0.31330526,-1.5898049,1.4630615,0.6731445,0.110101596,1.7869699,1.0533763,0.22298965,-0.278945,-0.7297003,-2.2227678,-1.3474486,0.0072207977,-0.31894332,0.4719961,-0.7856831,0.17831725,0.698921,-0.27848724,0.35885364,0.069545574,-0.50288576,-0.7899207,-0.5904146,-0.3227364,0.89766926,-0.029618785,-0.5660633,-1.2484186,-0.33776665,0.100007005,-1.2362566,-0.09250386,-0.3991862,-0.34214815,0.24913493,-0.34447512,0.27170405,-0.14345273,0.47802028,-0.25319082,1.0894715,-0.5052753,-1.178649,0.20605968,-0.21244705,0.014920476,-0.23551385,-0.3900076
0.22081417,-0.4378019,-0.25270414,-0.8258159,-1.9800752,-1.122137,-0.05038871,-0.6677807,-1.7079566,-1.0475179,0.3771254,0.1472262,0.059857078,0.31609347,0.52714956,-0.50995237,-0.49328652,0.9427406,-0.711337,0.97649515,-1.1458749,-0.52905995,-1.5989019,-0.03722915,0.32470217,-1.5594568,0.18070447,-0.9616923,-1.2148584,-0.04111477,-0.6021376,0.06895175,-0.55699515,1.2104784,0.13688245,0.7453071,-0.5707074,-1.3309691,1.2642589,0.66147,-0.20045984,1.7003237,1.1695333,0.20373647,-0.38456422,-0.96657044,-2.287752,-1.4026582,-0.067684606,-0.5831963,0.18712272,-0.79388654,0.10859648,0.62886816,-0.43799806,0.48567367,0.10596767,-0.6585482,-0.7770644,-0.031393934,-0.22195722,0.7703287,-0.3423632,-0.33935213,-1.3730325,-0.5845315,-0.028102083,-1.3319962,-0.22416645,-0.5307445,-0.5687809,-0.008085103,-0.40282866,0.25516137,-0.27022815,0.4594216,-0.27863145,0.74500203,-0.8091386,-1.3683101,0.050926525,-0.25330672,0.12311366,0.0031895372,-0.29236707
-0.039952293,-0.3058264,-0.064178824,-0.6929599,-1.9113877,-1.1709684,-0.13881595,-0.8017556,-1.7943379,-1.0258209,0.35592213,0.12655742,0.16891354,0.26770505,0.44999665,-0.5350108,-0.45948413,0.9405361,-0.7423926,0.9950541,-1.1744798,-0.637255,-1.5973395,-0.06587052,0.31376603,-1.5060096,0.15032475,-1.0114487,-1.2414551,-0.33843657,-0.7494947,-0.071913876,-0.80624706,1.3096519,0.1473408,0.3815083,-0.7421712,-1.0224355,0.9946057,0.60644215,-0.46581814,1.5162221,1.2126328,0.118464895,-0.477819,-1.1705788,-2.262528,-1.3928849,-0.106237024,-0.80996686,-0.10596501,-0.80819637,0.06187262,0.5853052,-0.4905846,0.5855271,0.16334964,-0.75854295,-0.7716524,0.39180914,-0.12456717,0.5812596,-0.6445414,-0.14435737,-1.4569443,-0.734413,-0.11999324,-1.3742789,-0.30482173,-0.61706084,-0.7794111,-0.20956261,-0.46352538,0.23026758,-0.37159276,0.4374455,-0.26908037,0.3407297,-1.0701723,-1.5522368,-0.041715115,-0.29335725,0.20643939,0.2895391,-0.11714846
-0.2671062,-0.23194683,0.062937275,-0.5413166,-1.7685839,-1.1194932,-0.20143133,-0.8518169,-1.8290476,-0.99011,0.33736926,0.16454329,0.30911657,0.2322202,0.43109027,-0.53247803,-0.46604866,0.8555577,-0.770833,1.0188789,-1.1803981,-0.71504307,-1.5381521,-0.048509303,0.3197392,-1.3667077,0.14193098,-1.0149212,-1.2632565,-0.564706,-0.8674534,-0.16871785,-0.9790059,1.3713183,0.1964404,-0.026827266,-0.8174652,-0.71740323,0.6732973,0.49266326,-0.6584479,1.2781804,1.1672503,-0.013177378,-0.54366344,-1.3208307,-2.1548445,-1.3144984,-0.11457829,-0.9854337,-0.38990745,-0.82343143,0.030358344,0.5621074,-0.4426335,0.65211457,0.23361678,-0.79532266,-0.7796448,0.64512664,-0.057999194,0.3415507,-0.9278334,0.014292809,-1.494226,-0.7803663,-0.1709259,-1.3577859,-0.33808276,-0.6592093,-0.97446257,-0.3494471,-0.528118,0.19938971,-0.44150737,0.4153553,-0.23281515,-0.08819126,-1.2613486,-1.7193315,-0.05863652,-0.33450586,0.26773965,0.58608735,0.11689641
-0.45442742,-0.2059836,0.11699265,-0.38385925,-1.5555922,-0.9756687,-0.23815252,-0.83072215,-1.8026227,-0.9401689,0.3038904,0.23859085,0.45384368,0.21542788,0.45503286,-0.50224626,-0.5039988,0.7189309,-0.7956775,1.0325572,-1.1684629,-0.75118303,-1.426327,0.0003249427,0.33739513,-1.152919,0.14584172,-0.97647536,-1.2830507,-0.7207921,-0.9531308,-0.21882717,-1.0723795,1.3793584,0.27716702,-0.43754748,-0.79947716,-0.46462938,0.32168588,0.30902678,-0.76307327,1.0322236,1.0288752,-0.16528273,-0.5694351,-1.4023201,-1.9801996,-1.1737618,-0.10486756,-1.1024116,-0.6488235,-0.83225167,0.0009734139,0.54281414,-0.31845507,0.6802415,0.30127254,-0.77045804,-0.79958004,0.7218198,-0.0436113,0.06826926,-1.182921,0.13608795,-1.4808867,-0.7313753,-0.18552685,-1.2842605,-0.33617,-0.6653962,-1.1532465,-0.4326546,-0.59372693,0.16401711,-0.47955394,0.39344764,-0.18303369,-0.50436294,-1.3643187,-1.8530471,0.0010550516,-0.38403445,0.3102117,0.8495195,0.37700227
-0.6026337,-0.20919687,0.10097978,-0.23416847,-1.2852335,-0.761215,-0.25420773,-0.7591008,-1.707878,-0.875186,0.23902512,0.31872115,0.5722963,0.2153837,0.49585906,-0.44797993,-0.55566585,0.5654029,-0.81605434,1.010659,-1.1415348,-0.73943615,-1.2706369,0.060625024,0.35979444,-0.8844913,0.15132628,-0.90375066,-1.297269,-0.8153442,-1.00405,-0.22627363,-1.0956933,1.3236327,0.37650028,-0.80576485,-0.7030597,-0.30074707,-0.038660537,0.052125,-0.7778207,0.8194957,0.80508083,-0.31102294,-0.5472759,-1.406689,-1.759542,-0.98651206,-0.09229341,-1.1607633,-0.8702822,-0.8271939,-0.03954494,0.5063713,-0.15353625,0.6668135,0.34673142,-0.6939486,-0.8237627,0.64079463,-0.09195462,-0.21819592,-1.3994876,0.22313797,-1.4160144,-0.60812217,-0.17528722,-1.1629099,-0.31555453,-0.64829624,-1.3126895,-0.47206438,-0.65416956,0.12524025,-0.4894953,0.3699882,-0.134381,-0.87212116,-1.3719602,-1.9319584,0.12628156,-0.45113212,0.3372501,1.0378597,0.6212296
-0.7175862,-0.21960787,0.03017933,-0.104479834,-0.97843057,-0.5086862,-0.2584068,-0.66122735,-1.5429288,-0.7944038,0.13286923,0.37377578,0.63667744,0.223117,0.52401227,-0.37727746,-0.60004985,0.42562684,-0.83130974,0.9226165,-1.1009947,-0.6794651,-1.0832201,0.111780286,0.3792511,-0.5870481,0.14960937,-0.8070159,-1.2990533,-0.8618304,-1.0192364,-0.19875053,-1.0664772,1.2041414,0.4785216,-1.0908703,-0.5521005,-0.24399444,-0.3871985,-0.27173153,-0.7136909,0.67043626,0.51530075,-0.42777818,-0.4759569,-1.3338425,-1.5162256,-0.7756865,-0.09108995,-1.1666671,-1.0464524,-0.80264515,-0.10001828,0.43333256,0.0131337615,0.6117753,0.35061416,-0.5819238,-0.8410491,0.4410126,-0.19983184,-0.49648514,-1.5658852,0.27823335,-1.3025737,-0.43723524,-0.15503551,-1.0098249,-0.29175112,-0.6214862,-1.4471219,-0.4845374,-0.70162594,0.08484103,-0.47778866,0.34328824,-0.09907089,-1.1612417,-1.2894143,-1.9317303,0.29659122,-0.5420405,0.3526048,1.1179525,0.8056729
-0.80574447,-0.21739714,-0.07280604,-0.0044690296,-0.6618346,-0.25607967,-0.260177,-0.56060076,-1.3133899,-0.6981468,-0.014716749,0.3790516,0.62806433,0.22506137,0.51410496,-0.30048552,-0.6185024,0.3207554,-0.8413347,0.73908216,-1.0481248,-0.5776212,-0.87825733,0.13763644,0.38908923,-0.28873396,0.13563566,-0.6980777,-1.2821028,-0.8755353,-1.00003,-0.14456828,-1.0050938,1.0331622,0.5680685,-1.2630208,-0.37568575,-0.29186314,-0.7047865,-0.6449995,-0.591676,0.60129356,0.18826796,-0.5008982,-0.3615857,-1.1909037,-1.2723746,-0.5671746,-0.11100939,-1.1307408,-1.1741581,-0.75644666,-0.18123749,0.31213725,0.14740716,0.5188292,0.2989704,-0.45327148,-0.84024984,0.17312124,-0.35074484,-0.7472316,-1.670383,0.30375624,-1.1479751,-0.24540757,-0.13819702,-0.8454316,-0.27469555,-0.59583616,-1.5488073,-0.4865282,-0.72864306,0.046463095,-0.45112354,0.3134391,-0.08370232,-1.3501015,-1.1323411,-1.8284551,0.48568892,-0.6558349,0.3602624,1.0724721,0.89257646
-0.87177336,-0.18953164,-0.1829224,0.060310204,-0.363979,-0.04048547,-0.2665991,-0.47571766,-1.0328859,-0.5879843,-0.19229421,0.32089353,0.5410628,0.20694333,0.45135888,-0.2289747,-0.5992007,0.25997406,-0.8462382,0.4398916,-0.9841089,-0.44604477,-0.67089105,0.13030203,0.38482895,-0.015905809,0.10911898,-0.588693,-1.2439084,-0.86996645,-0.9505321,-0.06985684,-0.92954504,0.8342213,0.6341367,-1.3081186,-0.20389183,-0.42182976,-0.974224,-1.0401651,-0.43858096,0.61328804,-0.1422172,-0.5257274,-0.21745792,-0.9914541,-1.0458386,-0.38503093,-0.15466617,-1.0656158,-1.2543848,-0.69014037,-0.27462438,0.14324474,0.22651875,0.39615366,0.18729888,-0.32553864,-0.81328124,-0.11046708,-0.5171968,-0.95464545,-1.7027473,0.30130604,-0.9635625,-0.05474327,-0.13300136,-0.69113976,-0.26651314,-0.5767598,-1.6087905,-0.4898191,-0.72977227,0.01654267,-0.41474935,0.28377247,-0.0871465,-1.4277873,-0.9246557,-1.6028188,0.6653723,-0.7819392,0.3639333,0.90382034,0.8579965
-0.9163908,-0.13207833,-0.27782175,0.089554146,-0.11091499,0.108471,-0.28067827,-0.4170479,-0.7221485,-0.46662158,-0.37817162,0.19992226,0.38454694,0.15784788,0.33536124,-0.17282228,-0.5398914,0.24008104,-0.8453665,0.020421246,-0.9098347,-0.30097905,-0.4759631,0.09144816,0.36497703,0.21076342,0.07406546,-0.48888257,-1.187537,-0.8548792,-0.87695503,0.022997629,-0.8514583,0.63852805,0.6725259,-1.2299162,-0.06370073,-0.596216,-1.1798743,-1.4222047,-0.2823155,0.69407654,-0.44246593,-0.5071318,-0.06238089,-0.75410914,-0.8478935,-0.24664795,-0.21649943,-0.9831454,-1.2906375,-0.6082907,-0.36338755,-0.06002345,0.2427943,0.25551882,0.02305587,-0.21175146,-0.7571976,-0.364052,-0.66599953,-1.107587,-1.6563224,0.2725843,-0.7638155,0.12028009,-0.13975193,-0.56545365,-0.26114675,-0.56266737,-1.6187524,-0.49912307,-0.70261407,0.004361733,-0.37131402,0.26090637,-0.10057592,-1.3950471,-0.6945649,-1.2448363,0.80971146,-0.89995253,0.36642006,0.6351511,0.69719464
-0.93540996,-0.050049927,-0.3413002,0.08820909,0.07815333,0.173424,-0.3002739,-0.38575473,-0.40599257,-0.3373592,-0.5440315,0.030227302,0.17944074,0.07379786,0.18039495,-0.13860272,-0.44795537,0.2482692,-0.83621323,-0.50359565,-0.82589394,-0.16024114,-0.3064527,0.0316587,0.33098277,0.37930998,0.03762888,-0.40524423,-1.1212405,-0.8348155,-0.7869735,0.13494137,-0.7741979,0.47851977,0.68613434,-1.0493494,0.024424113,-0.77002746,-1.3083115,-1.753129,-0.14771484,0.8210996,-0.6835224,-0.45757854,0.08208208,-0.50033337,-0.6820129,-0.15948546,-0.28364456,-0.89234567,-1.287516,-0.517374,-0.42629445,-0.27316794,0.20359905,0.11151319,-0.1745168,-0.11823141,-0.67494464,-0.55538386,-0.7643488,-1.1994133,-1.5304425,0.2208239,-0.5641826,0.2733932,-0.15029494,-0.48057523,-0.24701346,-0.54556733,-1.5723343,-0.51143354,-0.6480152,0.021143766,-0.32058528,0.25360382,-0.10963498,-1.2640522,-0.47055885,-0.7581879,0.8980112,-0.9827699,0.368591,0.3072194,0.42670467
-0.9209362,0.04498581,-0.36562195,0.06634122,0.19408758,0.15196307,-0.31867564,-0.37439305,-0.10903688,-0.20344356,-0.6603705,-0.16404673,-0.046023827,-0.040124822,0.012590494,-0.12696268,-0.33831802,0.26569527,-0.81431085,-1.0958117,-0.7312017,-0.039737105,-0.1721543,-0.03254069,0.28684294,0.48776284,0.007630698,-0.34010947,-1.0565053,-0.8093409,-0.6883835,0.2686485,-0.693278,0.38089097,0.68386626,-0.80032927,0.048476912,-0.8993147,-1.3491827,-1.9976622,-0.053081267,0.96552163,-0.84528476,-0.39337498,0.19503804,-0.25178128,-0.5441888,-0.11959414,-0.33854753,-0.79783887,-1.2493467,-0.42337328,-0.44265994,-0.46602392,0.12845333,-0.020335408,-0.37696865,-0.043752518,-0.57412654,-0.6687122,-0.7858347,-1.226956,-1.3319302,0.15238857,-0.37908602,0.40530705,-0.15002947,-0.44003564,-0.2110427,-0.51317185,-1.4667808,-0.5173247,-0.5696176,0.07760693,-0.2601939,0.2705138,-0.09768164,-1.0568333,-0.27810895,-0.16332878,0.9168398,-1.0012636,0.3689068,-0.027878918,0.08226604
-0.8642375,0.1389933,-0.35171017,0.037487783,0.23967022,0.056192383,-0.32657975,-0.3693908,0.14826189,-0.06687666,-0.7028468,-0.35378978,-0.26270124,-0.16973507,-0.13581222,-0.13208213,-0.22969307,0.27215132,-0.7734482,-1.7024769,-0.62329197,0.04923579,-0.07847592,-0.08281397,0.23756446,0.5436394,-0.009204529,-0.2910972,-1.0045944,-0.7747034,-0.5879663,0.42551786,-0.5989011,0.3600186,0.6777761,-0.5237103,0.0057347156,-0.9498486,-1.2969882,-2.1284163,-0.008454573,1.0967637,-0.91856503,-0.33064434,0.26017487,-0.027353078,-0.42442772,-0.112932295,-0.36294883,-0.6997623,-1.1794701,-0.33042112,-0.3980046,-0.6088858,0.04321265,-0.12554905,-0.5514854,0.01907947,-0.4649507,-0.7048126,-0.71581364,-1.1894488,-1.0754281,0.07779372,-0.21929982,0.52061045,-0.121548146,-0.4380243,-0.14351116,-0.4523337,-1.3038404,-0.50395787,-0.4730675,0.18117149,-0.18721326,0.3174783,-0.050389256,-0.8026629,-0.13660169,0.5020827,0.8610844,-0.93046725,0.36326227,-0.31552792,-0.2863685
-0.7587347,0.2197621,-0.30812842,0.017051734,0.22922249,-0.09027586,-0.31431192,-0.3546555,0.3534177,0.071583994,-0.6573714,-0.5115676,-0.44640505,-0.29329124,-0.23356399,-0.14194384,-0.14004321,0.2505262,-0.70654243,-2.2595658,-0.49831796,0.10268697,-0.02529737,-0.10347104,0.18771502,0.5615621,-0.009490681,-0.25165918,-0.97275656,-0.7257685,-0.49047276,0.6023404,-0.47973472,0.41372433,0.67928815,-0.25999653,-0.09794399,-0.9034954,-1.1529683,-2.130562,-0.0155641,1.1865132,-0.9049781,-0.28169605,0.26881507,0.15879981,-0.30952975,-0.1184373,-0.34215793,-0.5945005,-1.0805146,-0.23925771,-0.28837386,-0.6791684,-0.026988592,-0.19246802,-0.66697097,0.08175821,-0.3573962,-0.6776437,-0.55422163,-1.0874026,-0.7830674,0.011366187,-0.0905246,0.62492645,-0.049453598,-0.46059597,-0.041762225,-0.35282713,-1.0901899,-0.45914447,-0.36480147,0.33255553,-0.09959931,0.39483967,0.040230367,-0.53441733,-0.057499122,1.1852677,0.7335449,-0.75616354,0.34585506,-0.50816023,-0.6235484
-0.6032318,0.2805315,-0.24847011,0.019611664,0.18634045,-0.25755706,-0.2746267,-0.3156845,0.50348574,0.21275002,-0.5239442,-0.6169597,-0.5822145,-0.38520715,-0.257424,-0.14054273,-0.08256279,0.18979734,-0.6080362,-2.702797,-0.35253134,0.1244384,-0.007150563,-0.08541351,0.14023726,0.5594536,0.005913791,-0.21281646,-0.96177226,-0.6589422,-0.39837968,0.78916013,-0.32722062,0.5222844,0.69554263,-0.04260801,-0.24943951,-0.76083,-0.92747545,-2.004793,-0.0690777,1.2119665,-0.81538236,-0.25231653,0.22177804,0.29974416,-0.18624158,-0.112653054,-0.26882946,-0.47660723,-0.9549994,-0.14741582,-0.122406796,-0.66630626,-0.064072154,-0.21357705,-0.699957,0.1565436,-0.25877026,-0.6090263,-0.3155105,-0.92240155,-0.48180443,-0.030491326,0.0073536984,0.72122806,0.074825116,-0.48835242,0.087349996,-0.21091433,-0.8369038,-0.37532756,-0.25145385,0.52340794,0.0021369255,0.49586588,0.17275903,-0.2845987,-0.0434899,1.8241757,0.5442037,-0.47893056,0.31080377,-0.5735261,-0.8768491
-0.4045469,0.32184133,-0.18820696,0.056492005,0.13985763,-0.4151964,-0.20460121,-0.24317129,0.60459125,0.35829872,-0.31770045,-0.6604076,-0.666171,-0.420692,-0.19736116,-0.1115504,-0.06277123,0.08707793,-0.47564122,-2.9780343,-0.18386078,0.12528148,-0.013339705,-0.028177174,0.095131196,0.5544114,0.031858165,-0.16494516,-0.96456015,-0.57418495,-0.3122962,0.9682866,-0.13876185,0.6513604,0.7264557,0.107133724,-0.4308463,-0.5407176,-0.64089143,-1.7674539,-0.15890755,1.1588979,-0.6667615,-0.2408225,0.12986398,0.3964297,-0.04398187,-0.0748361,-0.14541192,-0.34095678,-0.8068674,-0.04989933,0.079150714,-0.5742805,-0.06123938,-0.1861132,-0.6395857,0.25301367,-0.17206442,-0.5226261,-0.0268574,-0.69705164,-0.20000999,-0.03205673,0.08009261,0.8082873,0.24969515,-0.5006439,0.22804514,-0.031321358,-0.5587131,-0.25275087,-0.139179,0.73527116,0.11395387,0.60645384,0.33527234,-0.08132363,-0.08830053,2.3556147,0.3087243,-0.116568476,0.2539244,-0.50052106,-1.0049865
-0.17727335,0.35155767,-0.14096421,0.13350683,0.11909858,-0.5377155,-0.1069525,-0.13552602,0.6696914,0.509691,-0.06709722,-0.64464223,-0.7042342,-0.38087648,-0.059526205,-0.04284182,-0.07763123,-0.052435715,-0.3116458,-3.0511782,0.006115541,0.12050404,-0.029683849,0.059464514,0.049190644,0.55881184,0.05956714,-0.099760816,-0.9670135,-0.4764337,-0.23157266,1.1152822,0.08027057,0.7580986,0.76371086,0.18179418,-0.6215359,-0.2758198,-0.32330346,-1.4487721,-0.27275604,1.0232974,-0.47905037,-0.23882353,0.012513421,0.45778415,0.122165926,0.008696306,0.015437568,-0.18484892,-0.6423068,0.059151366,0.2866704,-0.42131257,-0.024773879,-0.11190001,-0.49035817,0.37496138,-0.095748655,-0.43812457,0.27695096,-0.41615635,0.03652429,0.018172286,0.13726903,0.87989956,0.46222427,-0.4798154,0.35827315,0.1725897,-0.27262697,-0.1007997,-0.033707857,0.94051194,0.22823294,0.706476,0.506208,0.05473706,-0.17768596,2.7247806,0.046868637,0.29763392,0.17450641,-0.30139157,-0.9846217
0.05598106,0.38279068,-0.11536908,0.24961482,0.14861408,-0.60850024,0.010127142,0.00015510846,0.71468824,0.6672516,0.1899228,-0.58313245,-0.70928025,-0.2574087,0.1343674,0.06984025,-0.11659381,-0.21682876,-0.12433142,-2.9142659,0.21078889,0.12634937,-0.04031956,0.16126442,-0.0035136174,0.57783467,0.0785485,-0.0124515,-0.95056486,-0.3756018,-0.15564054,1.2024592,0.3164195,0.7992888,0.7917258,0.1870895,-0.8005498,-0.0061664907,-0.011754529,-1.0885669,-0.39832568,0.8120689,-0.2722953,-0.23358941,-0.10520956,0.49852884,0.3107589,0.14193328,0.19259611,-0.010022756,-0.47068182,0.18436228,0.46705616,-0.2368017,0.028070195,0.0029287408,-0.27223796,0.51828724,-0.024822034,-0.36715394,0.55908155,-0.087789364,0.20882908,0.12438147,0.1905691,0.9264346,0.68950605,-0.41518447,0.45433688,0.3803676,0.0036032328,0.062283732,0.05959572,1.1055663,0.3346611,0.77247274,0.6574915,0.112567954,-0.2914578,2.8940434,-0.21936956,0.71917605,0.07669441,-0.009607988,-0.8132341
0.268422,0.43060416,-0.11294964,0.39639857,0.24422574,-0.6216671,0.13395822,0.14909801,0.7543452,0.82859963,0.41199923,-0.49642292,-0.69688255,-0.055326298,0.35046983,0.22002912,-0.16437441,-0.3896724,0.0731169,-2.5876544,0.41802683,0.1565878,-0.030284736,0.25647262,-0.07044803,0.60845447,0.07859619,0.09762769,-0.8964794,-0.28551266,-0.08531197,1.203282,0.55014855,0.73980063,0.7902557,0.13820426,-0.9487448,0.22863048,0.253639,-0.73069656,-0.52500015,0.5425764,-0.06476062,-0.21139039,-0.196416,0.5364243,0.5135137,0.31837255,0.35991943,0.17674834,-0.30376637,0.32684368,0.58946294,-0.05573606,0.07385809,0.14908949,-0.01776436,0.6705399,0.04726919,-0.31105134,0.78666604,0.27568313,0.30766928,0.2817385,0.25093782,0.9369696,0.9022248,-0.3056337,0.49583346,0.56790906,0.25328606,0.21187845,0.13548075,1.1957797,0.42167115,0.78139555,0.75902253,0.0912851,-0.4062202,2.8492813,-0.4677936,1.0993961,-0.030511979,0.32560843,-0.50912195
0.4325374,0.5081854,-0.1277528,0.55875885,0.41018903,-0.58133715,0.24930884,0.29117736,0.7989101,0.98843265,0.56056166,-0.4073548,-0.6812658,0.20570602,0.54857403,0.39026472,-0.20467603,-0.5530157,0.26413617,-2.116553,0.6112582,0.21920043,0.012077841,0.32410714,-0.15885943,0.64095366,0.051841054,0.22655776,-0.7898141,-0.22156952,-0.023469927,1.0975505,0.758852,0.5597121,0.73884606,0.05456631,-1.0501543,0.39669347,0.43588814,-0.41643202,-0.6442289,0.24016875,0.12785071,-0.16125849,-0.2367122,0.58828115,0.71685636,0.5223767,0.49113876,0.363794,-0.15497726,0.4832031,0.63101554,0.087125875,0.08894904,0.3147015,0.23289521,0.8120651,0.12621102,-0.26115263,0.9363001,0.65714276,0.3350417,0.4760186,0.32669804,0.9024561,1.0699271,-0.16037053,0.47059545,0.7114545,0.4622206,0.32121018,0.18869625,1.1812052,0.4785784,0.71473694,0.78411585,-0.00057796895,-0.49890748,2.602334,-0.67778945,1.3936781,-0.13392903,0.64735794,-0.10837744
0.5245234,0.62314343,-0.147554,0.71725756,0.6384295,-0.49945903,0.3412353,0.40483308,0.8523095,1.1380395,0.60652536,-0.3354796,-0.67230463,0.49365023,0.6897114,0.55403364,-0.22397768,-0.689695,0.4310737,-1.5636381,0.77124864,0.31491795,0.09349811,0.34694597,-0.2732716,0.66181,-0.0054368726,0.36659992,-0.62326455,-0.19775376,0.02460688,0.8764606,0.9207507,0.25831038,0.6211162,-0.04513293,-1.0934329,0.4799411,0.5066849,-0.17839876,-0.7497669,-0.064993404,0.29261997,-0.0782752,-0.20855701,0.6661614,0.90443397,0.7322847,0.5646747,0.5357369,-0.036909778,0.64499044,0.58094555,0.16360985,0.05593437,0.48617098,0.43864566,0.9191477,0.21483505,-0.20125277,0.99724084,1.0352808,0.30375895,0.6855784,0.42195407,0.81862843,1.1664829,0.0027264778,0.3776134,0.7922714,0.619915,0.36598295,0.21421711,1.0425606,0.49748555,0.56215936,0.7146534,-0.1470081,-0.55032176,2.1890907,-0.8323545,1.569022,-0.21824156,0.9003158,0.3410613
0.5289492,0.77488697,-0.15723176,0.85046065,0.909852,-0.3919989,0.39771676,0.4709093,0.91206974,1.2662737,0.5346156,-0.29339725,-0.67417514,0.76789546,0.7429217,0.6805652,-0.21470244,-0.785276,0.5584562,-0.9981366,0.880342,0.43677092,0.21463706,0.31533366,-0.41364062,0.65754706,-0.09204529,0.50773346,-0.3997859,-0.22378126,0.05185311,0.54552513,1.018728,-0.14515601,0.429296,-0.14693627,-1.0723919,0.4771714,0.45190233,-0.0355283,-0.8366184,-0.34271467,0.41885585,0.034403216,-0.10457644,0.77471894,1.0598402,0.92420185,0.5678701,0.6760555,0.040852662,0.79912937,0.44205156,0.15717876,-0.031418018,0.648799,0.5644737,0.96837884,0.31170264,-0.11164368,0.9725576,1.3865405,0.23437111,0.88465685,0.53573686,0.68781334,1.1751677,0.16023645,0.22777946,0.7998332,0.7205406,0.3293359,0.20806274,0.775564,0.4746762,0.32407343,0.5449333,-0.32736844,-0.54801047,1.6635857,-0.9197615,1.6099395,-0.26829225,1.0396316,0.7865178
0.4412695,0.9538277,-0.14261961,0.93862635,1.1972326,-0.27528566,0.41179597,0.47653198,0.97104466,1.3607993,0.34615746,-0.28433526,-0.6855288,0.98593056,0.6913213,0.7403821,-0.17662166,-0.82852626,0.63560486,-0.48452297,0.92482764,0.5716073,0.36990643,0.2288525,-0.57377374,0.6189972,-0.20183197,0.63899505,-0.13276014,-0.3027722,0.05079737,0.12589042,1.0425731,-0.6145268,0.16670343,-0.24340923,-0.98620605,0.40463674,0.27412856,0.009528904,-0.9009404,-0.56698376,0.49820572,0.16530903,0.07046247,0.9092049,1.1700354,1.076068,0.499314,0.76955545,0.07420289,0.9301999,0.23033406,0.06561237,-0.16605194,0.7872787,0.58752954,0.9418668,0.41110495,0.02564462,0.8778533,1.6872115,0.15117228,1.0476289,0.6622319,0.5195117,1.0919613,0.28762105,0.042346686,0.7338822,0.76356745,0.20562164,0.16811582,0.3935134,0.41177624,0.01277946,0.2838701,-0.5192201,-0.48838875,1.0894387,-0.93461335,1.5207071,-0.27196318,1.0379778,1.1776848
0.2692593,1.1421511,-0.09486751,0.9663517,1.4692553,-0.16295272,0.38326705,0.41797853,1.020282,1.4101452,0.059215736,-0.3025213,-0.7008411,1.110238,0.53486896,0.7118209,-0.11675711,-0.8120975,0.658488,-0.07205232,0.8991818,0.7020596,0.54843014,0.09711145,-0.7411537,0.544052,-0.32454312,0.75021523,0.15545371,-0.42990807,0.015633084,-0.3473506,0.9909284,-1.1024332,-0.15133093,-0.33293864,-0.8395376,0.292647,-0.0066860626,-0.02940708,-0.9393703,-0.7201227,0.5249898,0.29629374,0.29957724,1.0566076,1.2275378,1.1712487,0.36933964,0.80539024,0.06593379,1.0229053,-0.027803134,-0.09883964,-0.32844704,0.88657963,0.5014222,0.8316426,0.5039307,0.22165616,0.73717165,1.9168026,0.07704212,1.1531575,0.7916912,0.32942912,0.92664814,0.3643647,-0.15094973,0.6049018,0.75355256,0.002397091,0.09533621,-0.07311222,0.31515005,-0.34830877,-0.04532428,-0.7010764,-0.376598,0.530355,-0.8785333,1.3247311,-0.22266245,0.8899203,1.4736308
0.032894854,1.3167475,-0.013688937,0.9254362,1.6950407,-0.064201355,0.31855214,0.3015696,1.0520076,1.4057083,-0.29433498,-0.3354796,-0.71258634,1.1149664,0.29044825,0.5862593,-0.047356028,-0.73173803,0.6303745,0.21172594,0.8074487,0.8099737,0.7356667,-0.062296156,-0.8979928,0.43935785,-0.4476835,0.8331095,0.43714386,-0.59266883,-0.055629414,-0.82894313,0.87075865,-1.5576646,-0.49893427,-0.41752344,-0.64187557,0.18018694,-0.35581714,-0.12551649,-0.9494101,-0.79526263,0.4975375,0.4058422,0.5550968,1.1978369,1.2319199,1.2008082,0.19807395,0.7794409,0.025738273,1.0649096,-0.29993314,-0.3112951,-0.4904301,0.9326106,0.31735325,0.64245707,0.5795385,0.4764979,0.578713,2.0605462,0.028620398,1.1878005,0.91197264,0.13695513,0.7016798,0.37781832,-0.3228337,0.43218318,0.69955707,-0.2599828,-0.005279204,-0.5797647,0.19515704,-0.72701436,-0.40760016,-0.85457814,-0.22565693,0.040825065,-0.7600023,1.0596346,-0.121140055,0.61254865,1.6473372
-0.23911567,1.4534016,0.091270186,0.81601006,1.8484831,0.016639994,0.2298779,0.14316511,1.061863,1.3441342,-0.6731343,-0.3674448,-0.71328235,0.9907915,-0.011599767,0.37151134,0.016884875,-0.5867656,0.56128937,0.3638578,0.66314167,0.879331,0.9154523,-0.22634579,-1.0238242,0.31926212,-0.5583763,0.88212174,0.68381786,-0.77229416,-0.15941684,-1.2694362,0.69587505,-1.9325751,-0.84275746,-0.49951318,-0.40695852,0.10650261,-0.7289426,-0.24402829,-0.9303393,-0.7970409,0.4194127,0.47370175,0.80242306,1.3117131,1.1898085,1.1648661,0.011495178,0.69564337,-0.030666877,1.0495512,-0.5522907,-0.5389861,-0.62037706,0.9142645,0.06270784,0.39220184,0.628155,0.7771737,0.42907894,2.1110837,0.013062216,1.1478827,1.0103639,-0.038003594,0.44898862,0.32623872,-0.44758904,0.2411186,0.6142982,-0.5508027,-0.124018945,-1.0733321,0.0644794,-1.0861173,-0.7606144,-0.9657521,-0.05339541,-0.34077945,-0.59334475,0.77049625,0.023880657,0.24275923,1.6884701
-0.512442,1.531574,0.2011637,0.6471415,1.9116877,0.07907885,0.13313487,-0.034240194,1.0502014,1.2285609,-1.0325439,-0.3837688,-0.69731754,0.7470818,-0.33342105,0.09215033,0.06254262,-0.38048697,0.46594316,0.40386546,0.48786235,0.89950866,1.0723441,-0.3707596,-1.098796,0.20352101,-0.6452709,0.8948213,0.87144405,-0.94639015,-0.28561845,-1.6216003,0.48457456,-2.1893804,-1.1465954,-0.5784169,-0.15199059,0.10326259,-1.0785589,-0.34954038,-0.8838872,-0.74041575,0.30080554,0.4854325,1.0053937,1.3801907,1.1139224,1.0721587,-0.16300744,0.56621706,-0.08433391,0.9781255,-0.7544566,-0.7470776,-0.68975425,0.8245787,-0.22368662,0.10957285,0.6432949,1.0982262,0.30879614,2.0691822,0.02712282,1.0403464,1.0759202,-0.1781257,0.20505798,0.21914624,-0.5074695,0.059119597,0.5125069,-0.8337407,-0.24685219,-1.4991596,-0.06364322,-1.3878722,-1.060403,-1.0258609,0.12061136,-0.5964853,-0.3970646,0.5011809,0.19629504,-0.16869108,1.603835
-0.75275385,1.5388489,0.29138333,0.43557853,1.8771256,0.124981396,0.0449958,-0.20427784,1.0220097,1.0693231,-1.3307847,-0.37389994,-0.6616904,0.41097012,-0.63679004,-0.21345465,0.08047259,-0.1214577,0.3612258,0.36828882,0.3077498,0.86719066,1.1936632,-0.47381288,-1.1072288,0.11294499,-0.699735,0.87175375,0.98435426,-1.0922863,-0.41782966,-1.847051,0.25716093,-2.3047528,-1.3763429,-0.64907956,0.10363745,0.18734634,-1.3612068,-0.41264573,-0.8146654,-0.64777225,0.15819855,0.4364053,1.1319059,1.3919678,1.0206145,0.9386425,-0.30157205,0.41024652,-0.1161508,0.8603779,-0.8827647,-0.90433294,-0.67847466,0.66322166,-0.49802056,-0.17025936,0.62358797,1.4049989,0.22956681,1.9430168,0.05898797,0.88169616,1.1011736,-0.271325,0.005726605,0.07634138,-0.4950896,-0.088378645,0.4096028,-1.0722309,-0.35627568,-1.8083106,-0.1768538,-1.5987333,-1.2673434,-1.0312667,0.2786278,-0.7293451,-0.19141069,0.2871156,0.37474868,-0.5652175,1.4150062
-0.92954874,1.4739665,0.33636582,0.20370965,1.7485614,0.156784,-0.01988378,-0.3414325,0.9854939,0.88357264,-1.5345175,-0.33361754,-0.60653144,0.023111545,-0.88987964,-0.49858177,0.06829066,0.17520562,0.2633734,0.3026583,0.14894302,0.78766024,1.2711778,-0.519537,-1.0407774,0.06531924,-0.716761,0.81644136,1.0186455,-1.190314,-0.53489506,-1.9213511,0.03305259,-2.2715232,-1.504699,-0.7015769,0.34003976,0.35708162,-1.5433481,-0.41529614,-0.73002356,-0.54431975,0.013252818,0.33403733,1.1598376,1.3459045,0.92725325,0.7849014,-0.38755766,0.25116387,-0.11012695,0.7138873,-0.92310053,-0.9887026,-0.57870954,0.4381507,-0.71882087,-0.41166446,0.5738297,1.6596802,0.19305354,1.746385,0.09135232,0.69622993,1.083787,-0.31217238,-0.11927267,-0.07549215,-0.41411552,-0.18135452,0.31973392,-1.235355,-0.43343112,-1.9643223,-0.26488584,-1.693598,-1.3516824,-0.98292124,0.40739942,-0.7605273,0.0038144172,0.14945269,0.5361898,-0.89303106,1.1545979
-1.0208169,1.3477749,0.31554592,-0.023386475,1.5404799,0.1761455,-0.05158256,-0.4251135,0.9501168,0.6935477,-1.6226785,-0.26571473,-0.5345376,-0.36814967,-1.0723798,-0.7160781,0.031418275,0.48709053,0.18567988,0.25211892,0.033734113,0.67429423,1.3022437,-0.49990112,-0.9003206,0.07146154,-0.69477504,0.7352834,0.9826815,-1.2266104,-0.61375076,-1.8375064,-0.17051594,-2.0983262,-1.5147374,-0.7229685,0.53860945,0.5917218,-1.6057873,-0.35364223,-0.6390408,-0.45348936,-0.110978425,0.19763437,1.0810702,1.2512134,0.84944326,0.6330352,-0.4141169,0.11340817,-0.05645991,0.5616604,-0.87144876,-0.99084634,-0.3965881,0.1661646,-0.85416675,-0.5842608,0.50475276,1.8280416,0.19222224,1.4968649,0.1069937,0.51304376,1.0273516,-0.30196053,-0.15078796,-0.20721231,-0.2775647,-0.20816457,0.25487575,-1.3022298,-0.4605329,-1.948019,-0.32007426,-1.659276,-1.2979358,-0.88544846,0.49975652,-0.7234966,0.17156762,0.092526585,0.6593824,-1.1090533,0.8612226
-1.0153146,1.1813787,0.21873647,-0.22115187,1.2759588,0.18342873,-0.04635432,-0.44291222,0.92435944,0.52375895,-1.588293,-0.17869487,-0.4502766,-0.71424836,-1.177686,-0.8267663,-0.017276786,0.785276,0.13609986,0.25346747,-0.023475787,0.5464273,1.2900456,-0.4157874,-0.69626725,0.13279288,-0.63501716,0.6368619,0.8957546,-1.1949745,-0.63295716,-1.6067073,-0.3400285,-1.8073806,-1.4025937,-0.7004196,0.6842877,0.8552609,-1.5453432,-0.23803328,-0.55084425,-0.39264524,-0.19389206,0.055681657,0.9039456,1.12613,0.79872787,0.50298953,-0.38440374,0.018535234,0.0466027,0.42867777,-0.7337107,-0.9152045,-0.15132153,-0.12715156,-0.8869123,-0.6680113,0.4316111,1.8866578,0.21377212,1.2139256,0.09318269,0.36201644,0.94115937,-0.24799284,-0.08313059,-0.292046,-0.105202556,-0.16657463,0.2236124,-1.2652171,-0.42383257,-1.7602252,-0.33758777,-1.4964292,-1.1070297,-0.74629396,0.55480283,-0.6563678,0.29959407,0.104605325,0.7289324,-1.1872166,0.57374513
-0.9131611,1.0023352,0.049694024,-0.36906374,0.9839136,0.17803758,-0.0071219336,-0.39254072,0.9137581,0.39709368,-1.438475,-0.084661275,-0.35918596,-0.9732921,-1.212444,-0.8066118,-0.05953796,1.0372194,0.11713959,0.32796007,-0.017261608,0.42626053,1.2427558,-0.27606204,-0.44763488,0.24078736,-0.5408734,0.53144586,0.78474015,-1.0972629,-0.5765562,-1.2568883,-0.4658054,-1.4303709,-1.1780964,-0.62495255,0.76696664,1.1032792,-1.3739319,-0.08986198,-0.47292766,-0.36998123,-0.22195685,-0.058943123,0.6523738,0.99382854,0.7808786,0.40952417,-0.3105358,-0.018214872,0.19254418,0.33751437,-0.52412254,-0.77877367,0.12783527,-0.40974742,-0.8174354,-0.65598124,0.37178245,1.8276137,0.24216422,0.91724044,0.045260165,0.26975974,0.83860666,-0.16151528,0.07474926,-0.31037152,0.08081469,-0.063802764,0.23071288,-1.1302487,-0.31641346,-1.4215525,-0.3155217,-1.2199136,-0.7967928,-0.57450116,0.57673645,-0.5938036,0.38103592,0.16187818,0.73761624,-1.1212602,0.32619092
-0.72583985,0.8389982,-0.1723851,-0.45302075,0.69511455,0.15903896,0.057016637,-0.28187084,0.9195692,0.33124506,-1.1919172,0.0033516926,-0.2666598,-1.1158501,-1.1930835,-0.6517884,-0.07488784,1.2112702,0.12553006,0.4782296,0.048628416,0.3344774,1.171791,-0.09604378,-0.17950194,0.3783474,-0.41701764,0.4299984,0.67891115,-0.9427566,-0.4374421,-0.82894313,-0.54200345,-1.0045668,-0.8638421,-0.49491924,0.7830156,1.2915139,-1.1156019,0.06316843,-0.40961444,-0.38378882,-0.19160901,-0.115308635,0.36251676,0.87748295,0.7951473,0.3593808,-0.2107311,0.0092905,0.36712635,0.30439207,-0.26343012,-0.60674214,0.40616798,-0.64669913,-0.6633287,-0.55529684,0.34134293,1.6605895,0.262627,0.6257675,-0.031615555,0.2551947,0.7350278,-0.055842016,0.30024856,-0.2529814,0.2594465,0.08481257,0.277025,-0.91577,-0.14019533,-0.9698207,-0.25517678,-0.85754746,-0.39987248,-0.3799976,0.5730573,-0.55993956,0.4151222,0.23435059,0.68768394,-0.9248083,0.14300781
-0.47368586,0.7147088,-0.41471112,-0.46725222,0.43831334,0.12658837,0.13292904,-0.12780938,0.9383768,0.33487025,-0.87582093,0.074295856,-0.17704819,-1.128356,-1.1409878,-0.38018748,-0.04477594,1.2820768,0.15407942,0.6876437,0.16225912,0.2865343,1.0896496,0.10472439,0.08024224,0.5227831,-0.26869595,0.34308594,0.60486436,-0.74626666,-0.21975648,-0.3713356,-0.5666158,-0.56830657,-0.49280205,-0.3180697,0.73536384,1.383541,-0.8017344,0.19284987,-0.36128888,-0.42371234,-0.11058864,-0.090768725,0.07705437,0.7946639,0.8345867,0.35040525,-0.105863534,0.09656628,0.5505252,0.33529386,0.023970317,-0.4280499,0.6490138,-0.805459,-0.45592898,-0.38522902,0.35187003,1.410882,0.2644175,0.35682952,-0.123467065,0.3257059,0.6447312,0.056035914,0.55987996,-0.12300438,0.4139561,0.25813267,0.3593695,-0.64896154,0.09310596,-0.45518938,-0.16078041,-0.44691598,0.04028825,-0.17291471,0.5521142,-0.5639051,0.40635717,0.29237476,0.5898325,-0.62845695,0.035991393
-0.18349347,0.64283437,-0.6353895,-0.4150557,0.23620582,0.082888946,0.20571272,0.04661009,0.9620139,0.40504745,-0.52157277,0.12109541,-0.09313518,-1.014566,-1.0774161,-0.028615102,0.043142974,1.2360972,0.19308963,0.9243504,0.30656615,0.28928837,1.0069073,0.30526045,0.3045867,0.64943373,-0.10186982,0.27909216,0.5809441,-0.52568454,0.06025843,0.06594848,-0.540941,-0.15743388,-0.10449941,-0.11183288,0.6327578,1.3570982,-0.4659215,0.27595958,-0.3242521,-0.4739567,0.003619467,0.023856051,-0.16215307,0.7536343,0.8865847,0.37138808,-0.015645063,0.22883005,0.72034305,0.4241751,0.31228334,-0.26926336,0.82680887,-0.8614919,-0.23457888,-0.17378408,0.4073828,1.1141104,0.24210027,0.12570538,-0.21074264,0.47469142,0.5779779,0.16254939,0.8143157,0.06454154,0.5338764,0.4325269,0.4706988,-0.36171696,0.3623736,0.06617068,-0.04018349,-0.031081473,0.4747183,0.036820024,0.5209354,-0.59828264,0.36330295,0.3128335,0.4608769,-0.27445772,0.0030244868
0.11483294,0.62404317,-0.7902337,-0.3081461,0.10237677,0.03273569,0.26132968,0.21560076,0.9787012,0.52662665,-0.16076829,0.14182626,-0.015616781,-0.7940561,-1.0191696,0.3528118,0.19151431,1.0751684,0.23264468,1.1471218,0.4621179,0.33976066,0.9295732,0.4855108,0.4711322,0.7358385,0.07697467,0.24292825,0.61395293,-0.29981002,0.37547824,0.43753093,-0.4702911,0.19735673,0.25969446,0.09892774,0.48823473,1.2071166,-0.13932891,0.29804644,-0.29163474,-0.51733214,0.12656997,0.22138521,-0.3214385,0.75106996,0.9348953,0.40421864,0.044569753,0.38283268,0.85472965,0.5529018,0.57705194,-0.14982894,0.91926026,-0.80346966,-0.03944581,0.04693243,0.5026747,0.8088351,0.19535561,-0.05493223,-0.27272576,0.68115443,0.5385302,0.25510237,1.0242659,0.28440294,0.6155412,0.5848802,0.60046816,-0.08568584,0.6391507,0.5388868,0.09583646,0.34662005,0.85531497,0.23972113,0.48371902,-0.6411903,0.29691586,0.28341687,0.3203955,0.08997645,0.028984666
0.39126933,0.64615047,-0.8406917,-0.16526732,0.039144862,-0.01653632,0.28887057,0.35442284,0.9741858,0.6731493,0.17799595,0.13977799,0.05668152,-0.49899727,-0.9760316,0.7089109,0.3909322,0.8178187,0.26511687,1.3140237,0.60859495,0.42508024,0.8573465,0.6284392,0.5649019,0.7648081,0.26011142,0.23469341,0.6970883,-0.08578414,0.69061685,0.70798963,-0.36322433,0.4726185,0.5616423,0.28598216,0.3171834,0.94530207,0.15297064,0.25545034,-0.2547901,-0.5394731,0.23170157,0.47843614,-0.38192,0.7723445,0.96150887,0.42703646,0.066190645,0.5301992,0.93572307,0.69371784,0.79740846,-0.0789339,0.9182302,-0.636863,0.095315926,0.24565774,0.6231084,0.52883005,0.12827605,-0.17578313,-0.2925271,0.911643,0.5225116,0.32787794,1.1566604,0.5048007,0.661129,0.69598716,0.7346886,0.15199181,0.89099973,0.9150597,0.23394689,0.647873,1.1408058,0.4267451,0.4414555,-0.6614459,0.21863915,0.20504954,0.18701908,0.41952258,0.08861747
0.61854285,0.6866891,-0.7616779,-0.009545499,0.037044406,-0.056347895,0.28187212,0.44260198,0.93358654,0.8104737,0.47149396,0.12215058,0.12663078,-0.16938156,-0.95039654,0.9886491,0.6200047,0.4970108,0.28571165,1.390186,0.7277494,0.525238,0.78265613,0.7210478,0.58023,0.7265792,0.43871745,0.24893077,0.8106119,0.10209576,0.9665712,0.8557257,-0.23195834,0.6532615,0.77110314,0.4233097,0.13499273,0.59710443,0.3936689,0.15429252,-0.20564789,-0.53180224,0.2950144,0.7587119,-0.34329972,0.7950438,0.94895023,0.4181407,0.048470642,0.64177674,0.9519327,0.8134392,0.9577784,-0.053822048,0.82835406,-0.38493603,0.14750947,0.39653113,0.7462138,0.29735994,0.04763991,-0.23183955,-0.26099473,1.1243676,0.5182932,0.37757993,1.1901479,0.691989,0.6770156,0.7525719,0.8569865,0.331733,1.0856527,1.1595294,0.35965386,0.8441062,1.3021904,0.58942634,0.3921638,-0.62592727,0.13882044,0.09085059,0.07547077,0.67685133,0.1515268
0.7748831,0.71748513,-0.54752564,0.13446139,0.076189265,-0.07856047,0.23885237,0.4663336,0.84339654,0.9012116,0.70340484,0.098130114,0.19788507,0.15214732,-0.9381363,1.1527413,0.8474443,0.15552254,0.29366624,1.3550588,0.80310863,0.6160094,0.6917418,0.75544536,0.5213769,0.61959314,0.6024913,0.27502435,0.92474884,0.25356084,1.1658219,0.8750207,-0.09118973,0.7331072,0.86955434,0.49246445,-0.044268705,0.19675286,0.573923,0.008834746,-0.13858774,-0.49288988,0.29902366,1.0187613,-0.22468293,0.7932393,0.8827904,0.36041796,-0.002033443,0.6922109,0.8999633,0.8790053,1.0493401,-0.060942177,0.66590744,-0.08620445,0.110297084,0.48246536,0.8448854,0.12423869,-0.03881534,-0.2230504,-0.17921029,1.2756332,0.5087733,0.40233397,1.1188498,0.81530625,0.67133045,0.74904877,0.9496638,0.44366494,1.195669,1.2536525,0.4592067,0.9199614,1.3262417,0.72014934,0.33197606,-0.5081879,0.065534934,-0.036756344,-0.0058024074,0.83727324,0.18812308
0.8458164,0.7103902,-0.2149163,0.24406107,0.1293008,-0.07754964,0.16293997,0.41983983,0.69352484,0.9110051,0.8643823,0.076902725,0.27370694,0.4259948,-0.93091226,1.1795242,1.0363785,-0.16134873,0.29137793,1.2067158,0.82125795,0.67328256,0.56687737,0.7287072,0.40151864,0.45003814,0.74046385,0.29809186,1.0044272,0.36233133,1.2578338,0.77583057,0.043440543,0.7150468,0.85241777,0.4867834,-0.20925523,-0.21786524,0.69260055,-0.16237,-0.052600894,-0.42793134,0.23598924,1.2151594,-0.061785012,0.7433769,0.75351685,0.2446933,-0.07283046,0.6641563,0.78523636,0.8637703,1.0707552,-0.07862766,0.45633382,0.21064831,-0.0071469764,0.49694738,0.8917207,0.006177171,-0.12348009,-0.15503663,-0.05765679,1.3264407,0.47434205,0.4015584,0.95308155,0.85195726,0.6520433,0.6875661,0.9954991,0.48778766,1.2023034,1.1967903,0.52159566,0.8749138,1.2168673,0.8126244,0.2569772,-0.29627413,0.004301364,-0.15153323,-0.055182077,0.8909047,0.17542024
0.82548136,0.6426801,0.1983304,0.30146423,0.16618153,-0.0521231,0.060886357,0.30564123,0.47922042,0.8144235,0.95177615,0.06554421,0.3557929,0.62012297,-0.9182805,1.06695,1.1501963,-0.41302967,0.28309643,0.96255994,0.77144593,0.6769359,0.39045677,0.6427367,0.24116592,0.23042795,0.84195215,0.30121714,1.0153,0.42615598,1.223441,0.58197576,0.15694077,0.61060584,0.7292278,0.41331524,-0.35130292,-0.6101168,0.7545545,-0.33988526,0.04779716,-0.34707314,0.109196536,1.3117409,0.09939976,0.62940574,0.5584041,0.07192403,-0.14815085,0.55116004,0.62073046,0.7524991,1.0278034,-0.081001036,0.2301756,0.4549495,-0.18149197,0.44430643,0.8637474,-0.0699812,-0.1997679,-0.039653406,0.085778,1.2491915,0.3969287,0.37480074,0.71779776,0.7909021,0.6253176,0.5776191,0.98018533,0.47328323,1.098272,1.0053263,0.5404563,0.72318053,0.9940084,0.86256766,0.16447861,0.0017117427,-0.041715115,-0.22920702,-0.077681206,0.84254974,0.10217725
0.7175862,0.501399,0.6383501,0.29660472,0.1590618,-0.006324235,-0.058128152,0.13347083,0.2026429,0.59988797,0.96886426,0.06790281,0.44318599,0.7135855,-0.88979703,0.8315624,1.158949,-0.5710192,0.27405217,0.65617704,0.64607733,0.613986,0.14932057,0.50389326,0.065221526,-0.022231461,0.8977516,0.26832733,0.9298786,0.4460222,1.0582582,0.3271094,0.23797864,0.43895337,0.521993,0.29141775,-0.4640994,-0.9476537,0.76905894,-0.5064833,0.15223035,-0.26265842,-0.06732208,1.2855703,0.21105224,0.44600713,0.3022618,-0.14620164,-0.21143657,0.3592174,0.42561245,0.54500675,0.9325913,-0.043027014,0.018799305,0.60249174,-0.37961438,0.33802843,0.7466934,-0.12239356,-0.2620515,0.10572538,0.23004477,1.0324852,0.2643341,0.3225135,0.44807842,0.63513523,0.5945007,0.4342455,0.89466155,0.41615936,0.88916475,0.70992523,0.5151849,0.49114203,0.6902547,0.86848336,0.0544803,0.3558428,-0.071337715,-0.2534223,-0.08332573,0.70961297,-0.028278952
0.53445166,0.28582698,1.0439565,0.22857133,0.087673575,0.050775312,-0.18360591,-0.08092784,-0.12623464,0.27275503,0.9239468,0.08484748,0.5317536,0.69873756,-0.83650416,0.5044018,1.0450332,-0.6233499,0.26882175,0.33181313,0.44130534,0.48049858,-0.16121815,0.32252884,-0.0999185,-0.28836727,0.901567,0.187467,0.7329408,0.42580053,0.7735737,0.050068185,0.28035676,0.2248037,0.26158452,0.14904037,-0.5429002,-1.2046082,0.74770665,-0.6492907,0.24590318,-0.18654223,-0.2705134,1.130519,0.23272727,0.20030431,-0.002404841,-0.38878068,-0.24808004,0.10608561,0.22200629,0.2567132,0.80130213,0.054587655,-0.15018842,0.623435,-0.564027,0.19811232,0.5380467,-0.16945772,-0.30617437,0.25928012,0.35550863,0.6836387,0.073251955,0.24605389,0.18309967,0.40177557,0.5601239,0.27596307,0.737232,0.33677095,0.59268236,0.35077375,0.4510771,0.2135539,0.3458075,0.83251333,-0.06962158,0.7177052,-0.08456644,-0.21972898,-0.08498356,0.51828015,-0.1982551
0.29641253,0.0077889715,1.3569238,0.10591166,-0.056603197,0.106708504,-0.3049258,-0.3180499,-0.48986104,-0.14414193,0.8288808,0.115074776,0.6143616,0.5811913,-0.75179696,0.12518434,0.807208,-0.5763729,0.2696935,0.03570507,0.15851088,0.2821503,-0.5337084,0.11229091,-0.22948314,-0.54753566,0.85129976,0.05342735,0.42543465,0.37149426,0.39541548,-0.21101044,0.28478345,-0.0041190246,-0.017010555,0.016692521,-0.58403337,-1.3619583,0.70295316,-0.7610502,0.3118104,-0.12813881,-0.47136596,0.8582655,0.13962147,-0.089562334,-0.33651742,-0.62888646,-0.24758206,-0.18082151,0.032474034,-0.08289827,0.65212643,0.22202551,-0.25675216,0.5081089,-0.699098,0.04693243,0.2481975,-0.22577427,-0.32932287,0.39689174,0.4471937,0.22810642,-0.16862202,0.14891204,-0.04046548,0.12014381,0.52038074,0.12227789,0.51505035,0.2562043,0.2364067,-0.02805871,0.3583531,-0.07179318,0.0021996459,0.7604372,-0.20150635,1.027873,-0.082131706,-0.13743174,-0.09603576,0.29934397,-0.37821206
0.02894747,-0.3099908,1.5322695,-0.05471307,-0.2685583,0.14810114,-0.41196063,-0.5564128,-0.8640888,-0.6127655,0.698104,0.15659852,0.6818313,0.37893212,-0.63191897,-0.26432595,0.46203154,-0.45313066,0.27579564,-0.19181843,-0.19480957,0.033554528,-0.9480204,-0.11048052,-0.30326912,-0.78011805,0.74928683,-0.129823,0.02587178,0.29084456,-0.03885938,-0.4237488,0.2586365,-0.22040743,-0.27989712,-0.07879852,-0.58461094,-1.4077889,0.6466069,-0.8398688,0.33458012,-0.09309677,-0.6390865,0.496269,-0.07210114,-0.3975694,-0.67602754,-0.8377973,-0.20496276,-0.46836933,-0.12326989,-0.4349075,0.50209904,0.45737258,-0.29115745,0.26894683,-0.7564456,-0.09428629,-0.10047557,-0.29990032,-0.33066574,0.49505436,0.49752903,-0.29378527,-0.44310308,0.037034117,-0.19447704,-0.17257264,0.47218943,-0.008979648,0.24422501,0.19359556,-0.14575684,-0.384524,0.25006673,-0.32955033,-0.3034643,0.66187644,-0.3324006,1.2271198,-0.06496683,-0.028145188,-0.12777138,0.08367613,-0.5323601
-0.23971376,-0.6372304,1.5461495,-0.2309577,-0.529424,0.16370438,-0.49598297,-0.77480555,-1.2205298,-1.0843109,0.5473794,0.20842563,0.7246795,0.119181335,-0.47637478,-0.62597555,0.04235915,-0.28831768,0.28309643,-0.32352903,-0.6036631,-0.24370591,-1.3720669,-0.32800645,-0.30788073,-0.96860415,0.6026344,-0.34889,-0.4312335,0.1929748,-0.48507223,-0.5660132,0.21472378,-0.4009712,-0.49931228,-0.11965311,-0.5433127,-1.3371878,0.58880484,-0.88902783,0.30345193,-0.08302001,-0.7458329,0.083667144,-0.38378212,-0.6939894,-0.9945888,-0.9895438,-0.1212596,-0.72241646,-0.23071349,-0.75644666,0.36478683,0.7461589,-0.25494948,-0.061006226,-0.7194737,-0.20918454,-0.47639123,-0.39389494,-0.3120574,0.53363466,0.5065977,-0.8323179,-0.7236837,-0.081113115,-0.263841,-0.43721977,0.41204333,-0.103803016,-0.052034922,0.16292092,-0.5180113,-0.6839144,0.13950408,-0.53185374,-0.54345727,0.5492405,-0.45272893,1.2683443,-0.03380223,0.07796275,-0.18769011,-0.10135641,-0.62576634
-0.4819395,-0.9404862,1.3999007,-0.39843783,-0.8094939,0.14729765,-0.5503237,-0.9538783,-1.5294218,-1.5061315,0.39212117,0.27154917,0.7349892,-0.16518347,-0.2884255,-0.92953277,-0.40726185,-0.1214577,0.28429508,-0.34992254,-1.0448698,-0.5233832,-1.7658285,-0.5225543,-0.23844287,-1.0989676,0.42235914,-0.5818968,-0.8992674,0.08791689,-0.8982729,-0.62883496,0.16850919,-0.5301264,-0.65753144,-0.10026033,-0.4611289,-1.1522976,0.53747314,-0.9152165,0.21559161,-0.09553751,-0.7711135,-0.33437926,-0.75754607,-0.9504245,-1.2665496,-1.065417,-0.0035274012,-0.9127573,-0.28235433,-1.007917,0.24803802,1.0627366,-0.1603349,-0.4335642,-0.58581156,-0.28841415,-0.84328693,-0.5040144,-0.2789972,0.49904013,0.48063967,-1.3351525,-0.97946703,-0.19531779,-0.24832988,-0.63902384,0.33696696,-0.15385704,-0.34564543,0.1714123,-0.84695935,-0.9029319,0.037349742,-0.6620902,-0.70281583,0.43657055,-0.55296326,1.1269258,0.011078041,0.1477767,-0.27823925,-0.23504134,-0.63171446
-0.67428464,-1.1880109,1.1193411,-0.5344178,-1.0725693,0.099477105,-0.57103086,-1.0778099,-1.7628872,-1.8287195,0.24593014,0.34832776,0.70858425,-0.4398706,-0.07550169,-1.1547891,-0.8368627,0.010812569,0.2699114,-0.27941144,-1.4880493,-0.7779367,-2.0867624,-0.6782482,-0.09930362,-1.1615824,0.22224408,-0.8010134,-1.3259845,-0.014139374,-1.2384244,-0.6171099,0.13474832,-0.60216975,-0.7489684,-0.027563702,-0.34251517,-0.86268157,0.4982195,-0.9271434,0.07772443,-0.124965854,-0.7052949,-0.71307766,-1.1431531,-1.1442704,-1.4703733,-1.0568404,0.13632368,-1.0174699,-0.27813762,-1.1587253,0.15343437,1.3734193,-0.027967185,-0.7932467,-0.36748514,-0.3304426,-1.1652654,-0.6223433,-0.24101318,0.3860586,0.42963877,-1.7543062,-1.1801261,-0.29491565,-0.16208948,-0.7535359,0.24499443,-0.15750904,-0.6080456,0.21850093,-1.105612,-1.0319488,-0.050450023,-0.7168593,-0.7801507,0.33821383,-0.62513196,0.80722934,0.07020151,0.15170662,-0.3961031,-0.30556554,-0.53815705
-0.80048126,-1.3543042,0.74964434,-0.6215856,-1.2819601,0.028588653,-0.55748683,-1.1349286,-1.8981134,-2.0127926,0.119547434,0.44112,0.64629114,-0.67323977,0.15075569,-1.2918291,-1.1984994,0.08209155,0.22970258,-0.13594899,-1.8972973,-0.9815683,-2.2964723,-0.7828334,0.0962292,-1.1524606,0.017025994,-0.97652495,-1.6607563,-0.103320114,-1.4751134,-0.54852843,0.12388819,-0.62224996,-0.78038543,0.08156892,-0.19617678,-0.48527145,0.474333,-0.93332773,-0.09400909,-0.16279732,-0.5518295,-1.0138427,-1.4873838,-1.2610909,-1.5912031,-0.9666462,0.28310508,-1.025845,-0.2251825,-1.1919093,0.07598712,1.6409982,0.11712225,-1.0862865,-0.08926848,-0.3405187,-1.4118189,-0.7381051,-0.21159793,0.19882911,0.3643277,-2.0519028,-1.3009776,-0.37098747,-0.030756801,-0.7708334,0.1355944,-0.11991482,-0.8139067,0.29602042,-1.2760993,-1.0750608,-0.123616494,-0.7055175,-0.78657603,0.2668177,-0.66329175,0.3434612,0.14470437,0.06975614,-0.53275573,-0.31088144,-0.35139495
-0.85263455,-1.4236852,0.34674394,-0.65004855,-1.406187,-0.049997743,-0.51228523,-1.1187586,-1.9197087,-2.0348685,0.019250344,0.5496776,0.5546785,-0.8399699,0.37474266,-1.3397903,-1.4533075,0.08109427,0.15440632,0.047007397,-2.2340467,-1.1136506,-2.366656,-0.8294859,0.32707387,-1.0736191,-0.17898756,-1.0812961,-1.8622663,-0.17097583,-1.5912448,-0.4500377,0.13935207,-0.60502136,-0.76891905,0.20500942,-0.03477961,-0.0442106,0.46710774,-0.9397645,-0.27525398,-0.19881566,-0.32747823,-1.2092941,-1.7436855,-1.296327,-1.6225195,-0.80851704,0.42034173,-0.9400796,-0.13663189,-1.1067905,0.006266352,1.8300263,0.24959296,-1.2693605,0.2152683,-0.32837376,-1.5617101,-0.8390257,-0.20654619,-0.049617853,0.29360867,-2.2044616,-1.3268011,-0.41803953,0.11335644,-0.6969503,0.009617001,-0.052460052,-0.94484186,0.3894257,-1.3510809,-1.0482255,-0.18758489,-0.6477817,-0.7425252,0.23196955,-0.66371626,-0.20500973,0.23592576,-0.10391181,-0.674816,-0.25894317,-0.096329905
-0.83241916,-1.392298,-0.03259877,-0.6185918,-1.4240546,-0.11622077,-0.4410247,-1.0279038,-1.8216659,-1.8901854,-0.053147692,0.6689109,0.44549152,-0.92322445,0.57784176,-1.3043852,-1.5765965,0.01343698,0.03813847,0.23336732,-2.4611108,-1.1610316,-2.2838538,-0.81755584,0.5667026,-0.933263,-0.35363516,-1.0955335,-1.904308,-0.2104713,-1.5840983,-0.35327485,0.1761821,-0.5719503,-0.73821604,0.3209453,0.126205,0.43050465,0.47611234,-0.9477789,-0.43651536,-0.22200269,-0.05963768,-1.2860963,-1.8800297,-1.2549174,-1.5670478,-0.6045129,0.5324716,-0.77449816,-0.02929782,-0.9185424,-0.06765226,1.9118694,0.34822494,-1.3161651,0.5087066,-0.3053098,-1.605417,-0.91186816,-0.24165265,-0.33884242,0.22347206,-2.204938,-1.2544612,-0.4353609,0.23668705,-0.5526258,-0.131025,0.029130151,-0.9922668,0.48027137,-1.3336059,-0.97545904,-0.251832,-0.5695988,-0.6733232,0.23876919,-0.6247074,-0.7630093,0.3446772,-0.35848996,-0.8054294,-0.16648597,0.1870141
-0.75012225,-1.2685227,-0.3401223,-0.5342009,-1.3279519,-0.14836033,-0.35132128,-0.86628073,-1.6079111,-1.5932443,-0.100087844,0.78721327,0.33404252,-0.9161982,0.74032104,-1.1961759,-1.5609527,-0.099990025,-0.1204086,0.3920494,-2.547123,-1.1199456,-2.0514905,-0.75266016,0.78665507,-0.7455561,-0.49780765,-1.0098612,-1.7797999,-0.21785694,-1.4646778,-0.28880742,0.22180648,-0.5465629,-0.71360326,0.4130347,0.27056307,0.9045928,0.49956748,-0.9527011,-0.5471934,-0.22231649,0.21750212,-1.2460908,-1.8831953,-1.1493042,-1.4353694,-0.38164014,0.6070865,-0.5534941,0.07836483,-0.6557228,-0.15678047,1.8693783,0.39926633,-1.2213955,0.755243,-0.28090495,-1.5454742,-0.94331557,-0.32855552,-0.6437546,0.15658021,-2.062282,-1.0930219,-0.42734653,0.31029856,-0.36896843,-0.28303736,0.10693945,-0.95814204,0.54897445,-1.235616,-0.8841818,-0.3271354,-0.49805665,-0.6043527,0.2869446,-0.5465011,-1.2514551,0.469782,-0.6667578,-0.9056492,-0.05666351,0.45024526
-0.62260985,-1.0715106,-0.5431324,-0.41045648,-1.1250806,-0.12718451,-0.25165537,-0.64292455,-1.2922264,-1.1758063,-0.12721968,0.8870192,0.23694877,-0.82220536,0.8437695,-1.0286887,-1.4164025,-0.22800875,-0.31556863,0.50243974,-2.470284,-0.9966313,-1.6899364,-0.64561474,0.9602277,-0.52938384,-0.6061159,-0.8279999,-1.5013995,-0.1921059,-1.2549914,-0.280497,0.25822335,-0.54937494,-0.7165433,0.47377303,0.3842672,1.3418388,0.53483105,-0.9435508,-0.5800029,-0.19253947,0.46897155,-1.1051112,-1.7596252,-0.9966778,-1.2442647,-0.16770306,0.6364677,-0.30768487,0.1689964,-0.35583338,-0.2686014,1.6995671,0.39844227,-1.0011873,0.925774,-0.26086769,-1.3952175,-0.92096007,-0.47102764,-0.93752706,0.09393148,-1.7995667,-0.8622069,-0.40226933,0.3142048,-0.1816013,-0.44169134,0.16382487,-0.8543371,0.577902,-1.0754331,-0.7998727,-0.42260024,-0.4561811,-0.5562789,0.3707161,-0.4307953,-1.5996807,0.60706043,-0.9879135,-0.95621306,0.044338506,0.64532465
-0.47009733,-0.8284072,-0.6278447,-0.26523474,-0.83628154,-0.03973382,-0.15001345,-0.37152353,-0.8971886,-0.6824557,-0.14172718,0.9471014,0.16926154,-0.6542379,0.8741931,-0.81760514,-1.1682569,-0.33608195,-0.5345924,0.5570248,-2.2224073,-0.8066014,-1.2335622,-0.51067066,1.0664707,-0.30688584,-0.6768429,-0.56622076,-1.0998851,-0.13503496,-0.98415333,-0.3408915,0.2660143,-0.5928623,-0.7600148,0.5054748,0.45782834,1.7067069,0.57866794,-0.9041731,-0.515777,-0.13023087,0.665091,-0.8902226,-1.5323354,-0.8172682,-1.0140413,0.01252587,0.6186232,-0.069610104,0.22868729,-0.059583127,-0.40445346,1.4146088,0.35090318,-0.69051975,1.0019854,-0.2461558,-1.1760209,-0.83522844,-0.66171515,-1.1944566,0.036607485,-1.4501756,-0.589493,-0.3706643,0.24055535,-0.024001945,-0.60098284,0.1857799,-0.7004579,0.55470306,-0.87479514,-0.7415212,-0.54268616,-0.45860007,-0.54154706,0.47937426,-0.2807976,-1.7557915,0.74823445,-1.2728907,-0.93991107,0.111476295,0.73379093
-0.31280014,-0.57083136,-0.5993526,-0.11784353,-0.49347076,0.117464885,-0.052776407,-0.069837585,-0.45279557,-0.16513556,-0.15072462,0.9469152,0.14194305,-0.43306527,0.8246567,-0.5803315,-0.8528984,-0.3942389,-0.7579749,0.56113476,-1.8113838,-0.57323724,-0.7264131,-0.36323953,1.0934817,-0.10134796,-0.71161026,-0.25210565,-0.6195288,-0.05094914,-0.68399817,-0.4685921,0.22894819,-0.6780548,-0.84515154,0.51859033,0.48806968,1.9673195,0.62773496,-0.81639355,-0.34735805,-0.039156433,0.78648233,-0.6355652,-1.2354769,-0.63121027,-0.7657548,0.14057697,0.5573294,0.13070773,0.24873029,0.19453953,-0.55873954,1.0402279,0.26962838,-0.33752358,0.9784829,-0.2332446,-0.91382533,-0.6816816,-0.8801553,-1.3926214,-0.012729421,-1.0537204,-0.30606207,-0.34261402,0.094356254,0.07835271,-0.753314,0.16434045,-0.52056116,0.47438022,-0.65597636,-0.7182763,-0.6847917,-0.5088279,-0.56247264,0.59829986,-0.1017909,-1.6935983,0.88076514,-1.4717565,-0.8441911,0.12502198,0.6939685
-0.16770394,-0.3308385,-0.47806224,0.013754197,-0.13527483,0.33645448,0.035815503,0.24138755,0.0062822835,0.32307485,-0.15944308,0.87144005,0.15973487,-0.18506913,0.6976785,-0.3361062,-0.51222897,-0.38337383,-0.96054465,0.5299891,-1.2619715,-0.3250349,-0.21704061,-0.21831508,1.0402943,0.065181725,-0.71461487,0.07952093,-0.111962356,0.054306254,-0.38473627,-0.64743054,0.13817163,-0.79283303,-0.9600673,0.52837443,0.4785806,2.0982268,0.67863536,-0.6634894,-0.082480125,0.07029329,0.82668626,-0.3778041,-0.9077071,-0.45778415,-0.5188578,0.20603861,0.46117657,0.26979062,0.22698966,0.37544772,-0.7194137,0.6124076,0.17233555,0.0038681484,0.86330664,-0.2162723,-0.6355308,-0.4636622,-1.0945029,-1.5155163,-0.04850492,-0.6509694,-0.043039087,-0.32580972,-0.107857384,0.11214316,-0.8897054,0.097659044,-0.33933976,0.34075257,-0.43924668,-0.72803706,-0.8384645,-0.5983298,-0.61100954,0.71100384,0.09863057,-1.4150977,0.98870504,-1.5413392,-0.66411906,0.0741469,0.5256054
-0.045933176,-0.1373224,-0.2943758,0.115240216,0.19787931,0.5980031,0.114033274,0.54012644,0.44337213,0.73402,-0.17025396,0.716207,0.21993996,0.06071752,0.50601405,-0.105299264,-0.18775849,-0.29907778,-1.1152779,0.48336703,-0.61500645,-0.09268244,0.24738543,-0.088477254,0.9167028,0.17468886,-0.69167507,0.39125487,0.3704571,0.17417496,-0.11154307,-0.8488964,-0.004662776,-0.91355217,-1.0809472,0.5499765,0.43847883,2.0838556,0.72861904,-0.434985,0.2556067,0.18173048,0.7927746,-0.15139519,-0.5861569,-0.3138006,-0.2897032,0.20723535,0.34207493,0.33367997,0.16795592,0.46315703,-0.8698061,0.17180182,0.077566445,0.28220907,0.6764201,-0.18941545,-0.36598226,-0.19421989,-1.2651753,-1.5531257,-0.06264872,-0.27973068,0.17238437,-0.32387078,-0.3410933,0.077637576,-1.0006994,-0.009409296,-0.17862497,0.16641499,-0.24117775,-0.75814366,-0.9865163,-0.70791364,-0.67066044,0.801269,0.3099009,-0.9489617,1.0546863,-1.4530894,-0.40474752,-0.041070215,0.24967138
0.04772744,-0.012647439,-0.082515635,0.17832729,0.4688927,0.8737812,0.18208273,0.80501294,0.8236466,1.0293919,-0.18239005,0.48965746,0.31224862,0.27583608,0.27166572,0.091395885,0.08478362,-0.1525832,-1.1963494,0.44085488,0.0765429,0.094256185,0.6261249,0.016339976,0.74146116,0.2154389,-0.64918166,0.6484205,0.7813389,0.30229825,0.11767448,-1.0362098,-0.1861569,-1.0088838,-1.1758703,0.594373,0.38055408,1.9213321,0.7755832,-0.13031249,0.6297216,0.27465293,0.7025107,0.015307852,-0.30162558,-0.2126512,-0.09058234,0.15090883,0.21313803,0.31944674,0.08192437,0.45063594,-0.9920304,-0.24147189,0.000927089,0.45610994,0.44658294,-0.14922597,-0.12564014,0.10327375,-1.3515667,-1.5018727,-0.046840943,0.029028015,0.31940132,-0.3366679,-0.5764909,-0.0122021055,-1.0769447,-0.14603744,-0.05463137,-0.028521318,-0.07368301,-0.78817046,-1.1071132,-0.8109937,-0.7198052,0.8554621,0.518577,-0.34522998,1.0625992,-1.199089,-0.082812585,-0.20905252,-0.095019296
0.115550645,0.029819164,0.12552436,0.20154022,0.6489045,1.1300682,0.24165173,1.0178993,1.1177752,1.1850587,-0.19215472,0.21326695,0.41986957,0.43598184,0.023323374,0.23506418,0.2799231,0.032332733,-1.184472,0.41664478,0.7528034,0.21082586,0.8892536,0.089266405,0.5385058,0.18408567,-0.5935729,0.8242297,1.0854995,0.4332257,0.29308987,-1.1706164,-0.3827608,-1.0455986,-1.2102695,0.66503567,0.31825608,1.6229367,0.81861126,0.23897986,0.9932682,0.32765183,0.5805068,0.103288546,-0.07597434,-0.16326368,0.070167914,0.050701853,0.086898565,0.23509999,-0.016702496,0.3439291,-1.0702077,-0.5937269,-0.0478996,0.5006489,0.20722795,-0.09647009,0.07074394,0.39656904,-1.3197854,-1.3649254,0.005491123,0.25345916,0.38609767,-0.36071098,-0.7863653,-0.1350724,-1.1111621,-0.29731658,0.023685958,-0.2193135,0.055982146,-0.79412794,-1.1774924,-0.8782684,-0.7359263,0.8646756,0.70862126,0.33233485,1.0007975,-0.79505825,0.2733447,-0.40849704,-0.45896587
0.16423503,-0.012673145,0.30430824,0.19038934,0.7209474,1.3331176,0.29483983,1.1657952,1.3054978,1.1934453,-0.19417739,-0.08161992,0.5215744,0.52374387,-0.20735098,0.31083223,0.38515148,0.22449204,-1.0701655,0.41690165,1.354395,0.23977154,1.020848,0.12630987,0.3321247,0.08677146,-0.53047657,0.903453,1.2628105,0.5625733,0.41230735,-1.2180104,-0.5636647,-0.99573463,-1.1535256,0.7570199,0.2630543,1.217098,0.8580267,0.64897513,1.296528,0.32172433,0.45293453,0.104551055,0.07817163,-0.16820243,0.18800512,-0.07487599,-0.026227266,0.09825962,-0.11187934,0.1608621,-1.0940564,-0.86161214,-0.0666989,0.41118416,-0.008521395,-0.036703076,0.21433267,0.6482286,-1.1500083,-1.1513284,0.09609465,0.3819583,0.36996514,-0.3912819,-0.9485685,-0.2638873,-1.0989947,-0.44661936,0.055161256,-0.38004047,0.14502284,-0.75340956,-1.1780963,-0.88285536,-0.70035565,0.82625765,0.862817,1.0148066,0.8647365,-0.28029603,0.6256732,-0.611643,-0.7908025
0.20287153,-0.13176987,0.4375366,0.15637264,0.6824845,1.4544444,0.34321132,1.2426902,1.3784508,1.0639665,-0.18252954,-0.35894144,0.5946992,0.5308143,-0.39051172,0.31050888,0.40141582,0.39250678,-0.85691696,0.43835038,1.8302236,0.17434865,1.0204273,0.12579924,0.14230151,-0.06110214,-0.46451876,0.8847014,1.3097031,0.68702346,0.47914386,-1.1552709,-0.69617015,-0.8426574,-0.9854361,0.8578413,0.22278751,0.7477131,0.89506966,1.0652179,1.4939615,0.24407394,0.34368232,0.022803966,0.15660396,-0.22319353,0.26153982,-0.20480198,-0.11885267,-0.06654378,-0.18849178,-0.07161078,-1.0608386,-1.0337203,-0.06093035,0.20418298,-0.17228337,0.020726893,0.30211177,0.82124287,-0.8423632,-0.87600297,0.22006091,0.41278994,0.27881348,-0.42392105,-1.0502063,-0.3715608,-1.0406551,-0.57787687,0.0455703,-0.4875439,0.1941166,-0.64976525,-1.0964286,-0.8053342,-0.60200834,0.74411803,0.96451354,1.636369,0.6590014,0.2862487,0.9305561,-0.7885245,-1.0462204
0.24007261,-0.30901396,0.51852417,0.11493649,0.5455457,1.4754907,0.3868898,1.2502518,1.3410711,0.8220526,-0.15260781,-0.5844979,0.6185811,0.45882824,-0.5022162,0.23425584,0.34168193,0.51102513,-0.56205213,0.46936756,2.1444836,0.019728038,0.9029538,0.08875578,-0.018929614,-0.23647858,-0.39937165,0.78042626,1.2385557,0.80381155,0.50119257,-0.97453994,-0.7513562,-0.585852,-0.70125484,0.95049185,0.20071505,0.27028042,0.9313577,1.4473838,1.5515102,0.090621166,0.27073613,-0.12743393,0.1612965,-0.31636494,0.29210803,-0.31793374,-0.18674476,-0.23134717,-0.23471114,-0.32129246,-0.9762733,-1.1107401,-0.041667502,-0.08526504,-0.26423195,0.064172916,0.3360223,0.8859561,-0.4186557,-0.55887794,0.3651597,0.35276014,0.1294023,-0.45623702,-1.089041,-0.43520844,-0.94135034,-0.67772716,0.006411635,-0.5252067,0.20673588,-0.4767055,-0.9296555,-0.6375125,-0.440016,0.62845623,0.99993753,2.1410193,0.3974298,0.8333172,1.1442978,-0.911617,-1.1953276
0.28205842,-0.5179023,0.5485762,0.08261196,0.3352273,1.3907874,0.42439315,1.1973598,1.2100463,0.50552475,-0.10218027,-0.7319724,0.57795143,0.31887746,-0.5278513,0.09161144,0.22776617,0.56598026,-0.21499202,0.49293548,2.2819846,-0.20677908,0.6969095,0.018753836,-0.14937267,-0.41139662,-0.3377061,0.61453855,1.0751843,0.91021234,0.48807704,-0.685568,-0.7091551,-0.24223034,-0.31425422,1.0171918,0.19592924,-0.15426677,0.9674301,1.7548959,1.452217,-0.13221835,0.24512143,-0.32293782,0.09865491,-0.4291014,0.2837178,-0.39536276,-0.2284096,-0.36850792,-0.2434731,-0.55444384,-0.8533189,-1.1027012,-0.022765186,-0.40853173,-0.27553654,0.08252445,0.32218406,0.8264306,0.079101436,-0.22432789,0.5135032,0.21548112,-0.05381311,-0.4877774,-1.0729231,-0.4394546,-0.81085664,-0.7369327,-0.047265936,-0.48571563,0.18844217,-0.23973574,-0.6859531,-0.38441074,-0.22424811,0.4939935,0.9602683,2.487362,0.10234,1.2874546,1.2298341,-0.95997196,-1.2270343
0.33062318,-0.7274848,0.53463256,0.07410779,0.08590046,1.2088878,0.4524692,1.0987495,1.0116439,0.15988715,-0.032223403,-0.7874616,0.4661544,0.12996377,-0.46403196,-0.09942535,0.085992016,0.55647993,0.14645173,0.4904952,2.2495327,-0.47667664,0.44033045,-0.07738278,-0.25579137,-0.55739087,-0.28152508,0.41868788,0.85454935,1.0028292,0.4495425,-0.3146026,-0.5628974,0.15545358,0.14456871,1.043458,0.20434566,-0.4680262,1.0014535,1.9541826,1.1998768,-0.40770808,0.27068046,-0.53485423,-0.021898486,-0.5379439,0.2428355,-0.42256862,-0.24446966,-0.454548,-0.21308003,-0.7399163,-0.70949703,-1.025222,-0.017151147,-0.71135247,-0.20877418,0.067391135,0.26998243,0.6455545,0.5945077,0.100615405,0.6444582,0.019431414,-0.24153194,-0.5195764,-1.0173637,-0.3777289,-0.662351,-0.75102514,-0.099141896,-0.37236166,0.14606738,0.04414925,-0.38385686,-0.06417115,0.026251037,0.35755882,0.8440437,2.6510615,-0.19814679,1.5838748,1.163363,-0.9224063,-1.1498091
0.38397264,-0.90670824,0.48624375,0.099750474,-0.16394468,0.95125306,0.46683657,0.97249126,0.77743256,-0.1676245,0.053077944,-0.750655,0.28719217,-0.0836523,-0.31876653,-0.31406558,-0.056925215,0.49370402,0.4823972,0.44695556,2.0748453,-0.75371224,0.17575963,-0.18958086,-0.3510543,-0.6496171,-0.23187783,0.22695462,0.6151796,1.0775151,0.39427853,0.09914899,-0.32078716,0.5635935,0.63056654,1.0211896,0.22043587,-0.62558526,1.0285752,2.0247974,0.81918085,-0.7104992,0.344796,-0.7325149,-0.18852064,-0.61753374,0.17870641,-0.39093482,-0.23704135,-0.4728544,-0.1469272,-0.8525445,-0.5634241,-0.8959878,-0.03342671,-0.9425572,-0.07696743,0.015516436,0.1912918,0.36645868,1.0655353,0.38871577,0.73872244,-0.2136775,-0.4031423,-0.5526679,-0.94143873,-0.25257912,-0.5102324,-0.7199616,-0.13363755,-0.19843037,0.08762914,0.34864607,-0.0497532,0.2942699,0.28647494,0.23536937,0.6584333,2.6253,-0.47351524,1.6772684,0.9397532,-0.7991169,-0.98860395
0.4373221,-1.0290183,0.4131512,0.16361855,-0.3775365,0.6490117,0.46341968,0.8375857,0.539334,-0.43442774,0.14688851,-0.6340906,0.05629001,-0.2953682,-0.10959922,-0.52401745,-0.17789537,0.3972832,0.75688523,0.35493153,1.8010268,-0.99820507,-0.055642195,-0.30451772,-0.44925994,-0.6712526,-0.18909824,0.07049235,0.39376402,1.1294516,0.3295129,0.5095682,-0.0057251807,0.93486017,1.0916156,0.9502814,0.23838264,-0.6022257,1.0409229,1.9641532,0.35321862,-1.0093155,0.45956093,-0.8875135,-0.38668704,-0.64450693,0.102820314,-0.2987061,-0.20907114,-0.4157842,-0.05229798,-0.8761064,-0.43110067,-0.73069364,-0.07329154,-1.0624698,0.09930174,-0.070072986,0.09956216,0.030377777,1.4345049,0.61524093,0.78231865,-0.4603986,-0.5106545,-0.58582413,-0.86312455,-0.07441944,-0.3676776,-0.6476518,-0.13782366,0.014788832,0.021681435,0.64231837,0.28551182,0.65515274,0.52991205,0.14034447,0.41985208,2.4199762,-0.6949949,1.5502393,0.57566196,-0.60168064,-0.77875495
0.48481032,-1.0766776,0.32353643,0.26323885,-0.5255232,0.3385539,0.43987203,0.7112498,0.324637,-0.6082746,0.2407688,-0.45924395,-0.20119113,-0.47933257,0.13907336,-0.70066583,-0.25983763,0.28973487,0.94398165,0.21801928,1.4787773,-1.1724975,-0.22004505,-0.40650332,-0.5602902,-0.6159261,-0.15247089,-0.027085733,0.21979861,1.1539782,0.26101157,0.8707832,0.34793752,1.2262812,1.4761801,0.8384485,0.25340018,-0.39977673,1.0288987,1.7894777,-0.14219055,-1.2706838,0.60294753,-0.97738796,-0.59870756,-0.60119784,0.028590888,-0.15122795,-0.1640449,-0.2853053,0.061552804,-0.80517405,-0.3228692,-0.5412829,-0.13056503,-1.0497602,0.29543126,-0.17964584,0.008974295,-0.30968753,1.657677,0.76179504,0.7700884,-0.6966043,-0.54286253,-0.61458534,-0.7953534,0.14012308,-0.24451624,-0.5404116,-0.10343398,0.24169989,-0.04279825,0.89372975,0.59132445,0.98107463,0.73294514,0.0801337,0.15296936,2.05974,-0.83937466,1.2181607,0.10910105,-0.35183352,-0.55877393
0.5218918,-1.043645,0.22328883,0.38989028,-0.5900917,0.056581166,0.3968934,0.60670674,0.15218832,-0.67158014,0.3264189,-0.25193557,-0.45284316,-0.6131851,0.39984107,-0.818629,-0.29321548,0.1908996,1.0317001,0.051566858,1.1585004,-1.2470256,-0.2956367,-0.4793369,-0.68563855,-0.4891838,-0.12008811,-0.053328134,0.11168356,1.1477776,0.19368781,1.1440806,0.6990032,1.4063301,1.7414607,0.69940263,0.26231167,-0.047973204,0.98366,1.5355419,-0.60579896,-1.462491,0.7595312,-0.9888557,-0.80361485,-0.4789638,-0.030354438,0.03965196,-0.106071025,-0.09235581,0.18487746,-0.646039,-0.24195419,-0.3353351,-0.19180441,-0.9049257,0.48671594,-0.29795387,-0.06695327,-0.5983299,1.7122232,0.8188223,0.70677406,-0.89918786,-0.4884794,-0.6302909,-0.74347264,0.3707116,-0.1453708,-0.4064043,-0.027660111,0.45642236,-0.097142994,1.0763373,0.84111243,1.2382385,0.87858486,0.056334976,-0.1115549,1.581365,-0.8920867,0.727845,-0.40451068,-0.078281485,-0.362888
0.546533,-0.9366817,0.11616495,0.5304695,-0.5673686,-0.16461153,0.33925927,0.532022,0.030351281,-0.6234787,0.39679426,-0.037365165,-0.66395247,-0.6801776,0.6460368,-0.85856086,-0.27610198,0.11295461,1.0237455,-0.1193808,0.881427,-1.2051528,-0.27568725,-0.5082568,-0.8156863,-0.3072984,-0.089231476,-0.008036426,0.074883185,1.1099409,0.13184577,1.3039532,1.005684,1.4601151,1.8598626,0.5498012,0.26383817,0.39977673,0.899545,1.249233,-0.9795295,-1.557366,0.910992,-0.9193917,-0.9780951,-0.28008413,-0.062044896,0.2570197,-0.03958989,0.14489518,0.3088045,-0.41572493,-0.18464445,-0.11706104,-0.23918897,-0.6497937,0.6516805,-0.40610918,-0.11659733,-0.78795034,1.5993581,0.787396,0.6061867,-1.047765,-0.34870213,-0.6212424,-0.70452416,0.5958024,-0.06970997,-0.25435176,0.08600069,0.6368949,-0.13356103,1.1728806,1.0158293,1.4011537,0.9586404,0.06500451,-0.34126836,1.0304692,-0.849073,0.15170662,-0.8996889,0.18708014,-0.21554509
0.55969095,-0.7741415,0.0045205327,0.66944325,-0.4672287,-0.3011269,0.27569705,0.48940596,-0.043151435,-0.4792827,0.4469428,0.16355018,-0.80315495,-0.6705883,0.85536927,-0.8097373,-0.21339607,0.05747458,0.93711674,-0.26521933,0.67409045,-1.0471036,-0.16914986,-0.48267916,-0.9306694,-0.09438057,-0.05651486,0.09708201,0.101702854,1.0431936,0.07942418,1.3413912,1.2311499,1.3912402,1.8232374,0.40556514,0.25851604,0.87433517,0.7762842,0.98071986,-1.21669,-1.5355389,1.0371165,-0.7775442,-1.0985367,-0.017855482,-0.058197152,0.48065037,0.030626142,0.40338162,0.42659816,-0.14044595,-0.14230093,0.110400274,-0.25438294,-0.32348773,0.7744848,-0.48487905,-0.13187419,-0.84793043,1.3431897,0.67891127,0.48804435,-1.1264775,-0.13726903,-0.5748367,-0.66883713,0.7946119,-0.012804957,-0.09336256,0.22795747,0.7676785,-0.146265,1.1775349,1.1059054,1.456151,0.9737775,0.09801674,-0.5066432,0.4575203,-0.7171916,-0.42373824,-1.3107125,0.41389167,-0.12813742
0.56519336,-0.58293897,-0.10963883,0.79123515,-0.31084022,-0.34000537,0.21806291,0.4756401,-0.07954941,-0.2681018,0.47456285,0.3364727,-0.84791726,-0.5826496,1.0121106,-0.6715118,-0.11561403,0.015169091,0.79818374,-0.3588488,0.54507226,-0.79086393,0.0013219528,-0.39833334,-1.004104,0.121608384,-0.018838286,0.241192,0.17374238,0.9537363,0.039833907,1.2644993,1.3487227,1.2207364,1.6433876,0.27900356,0.24832557,1.3028017,0.62040186,0.7739237,-1.2886978,-1.3867933,1.1170232,-0.5816721,-1.1443821,0.2841681,-0.016513241,0.68928194,0.09968021,0.6581152,0.5330013,0.14784758,-0.1043378,0.3425318,-0.22270739,0.024921928,0.8462295,-0.518134,-0.10974673,-0.77000713,0.98509103,0.5129393,0.37322995,-1.1261373,0.120509446,-0.4802155,-0.6234794,0.94939536,0.032304622,0.06732588,0.38310844,0.8417039,-0.13237533,1.0964439,1.1111548,1.4027056,0.93230253,0.14547819,-0.5863118,-0.08678535,-0.513242,-0.9124358,-1.582123,0.5777394,-0.09910235
0.5674661,-0.39389575,-0.22367086,0.8822211,-0.12630014,-0.28049538,0.17928335,0.48281386,-0.09584408,-0.028027596,0.47965443,0.4736438,-0.7892782,-0.42254797,1.1088717,-0.45385385,0.0028087024,-0.03180785,0.63582283,-0.3830589,0.48579097,-0.47066268,0.20334037,-0.25870082,-1.0090231,0.31348652,0.025658222,0.3979519,0.2654645,0.85096914,0.015145818,1.0966043,1.3452404,0.9824666,1.34942,0.176569,0.23598973,1.6210554,0.44462314,0.65724194,-1.1897889,-1.11221,1.1313897,-0.3568939,-1.1017396,0.59568924,0.058357473,0.8629288,0.16279994,0.88493156,0.62401617,0.4151081,-0.06187262,0.5712181,-0.13756971,0.34498358,0.8648185,-0.4961045,-0.053137876,-0.5692089,0.5755157,0.31329256,0.27896568,-1.0453829,0.39128515,-0.33188513,-0.55631506,1.0467887,0.07194155,0.21830428,0.5325896,0.8599462,-0.093021266,0.94591093,1.0398465,1.253163,0.8474715,0.1974274,-0.57135916,-0.5568584,-0.26193684,-1.2431273,-1.6779615,0.6633844,-0.11588825
0.56985843,-0.23644541,-0.33362803,0.932335,0.05652136,-0.13371609,0.17088524,0.49999213,-0.11123568,0.19976425,0.46361247,0.572767,-0.63367593,-0.2039384,1.146478,-0.17724119,0.12518321,-0.106131144,0.4747695,-0.3367579,0.47375715,-0.13191369,0.40037143,-0.0751546,-0.92456454,0.45915988,0.07668851,0.53982955,0.34865567,0.74555576,0.005319309,0.8714415,1.2217653,0.7172648,0.982202,0.09857705,0.22435528,1.7845197,0.266418,0.6377424,-0.9383135,-0.7247601,1.0651256,-0.13156337,-0.9668107,0.88299155,0.15545961,0.9849962,0.21591845,1.0631902,0.69575477,0.62987876,-0.010464199,0.7839032,-0.002729762,0.5934292,0.834272,-0.41767946,0.028795386,-0.27976435,0.16466144,0.103579186,0.2139042,-0.8913608,0.6381756,-0.13204311,-0.46029013,1.0788807,0.10961256,0.3502063,0.6557354,0.83008415,-0.033651397,0.74918085,0.90591705,1.0304124,0.7343923,0.24567081,-0.46754003,-0.91683793,0.0069795717,-1.3721213,-1.5880045,0.666692,-0.15873516
0.5723704,-0.13398059,-0.43428946,0.9361532,0.2115732,0.07905293,0.20052566,0.51480496,-0.14343238,0.3773986,0.42845967,0.63520783,-0.40242574,0.0530284,1.1331445,0.12927991,0.23429804,-0.22968838,0.33027917,-0.23722039,0.47849175,0.17620343,0.5575636,0.13420133,-0.74233955,0.54473954,0.13105723,0.6425172,0.39705375,0.64752805,0.007308974,0.6273951,0.9926991,0.46596467,0.58747315,0.03997789,0.2158976,1.7750087,0.105035886,0.6987653,-0.57491094,-0.24954817,0.9102124,0.06699158,-0.74793756,1.1143531,0.25908154,1.0445938,0.25596482,1.1776052,0.7436718,0.7675491,0.048244826,0.96443295,0.16744258,0.7412478,0.76345515,-0.291096,0.121278584,0.052492585,-0.20616251,-0.09714062,0.17613193,-0.67904454,0.8263505,0.10800001,-0.3362769,1.0437493,0.14420189,0.4540093,0.732781,0.76377815,0.03593811,0.532424,0.72646177,0.7643487,0.6074496,0.28412274,-0.294854,-1.1449847,0.2616528,-1.2902286,-1.3297776,0.594199,-0.20506021
0.5712939,-0.09991991,-0.5197021,0.8933286,0.321097,0.32930085,0.27050996,0.51519275,-0.20586257,0.47598216,0.3763582,0.6642558,-0.1279358,0.32395935,1.0824935,0.4313282,0.31441137,-0.418121,0.20464015,-0.11822489,0.46783888,0.4095114,0.64781696,0.3470388,-0.46999025,0.56600845,0.18265983,0.6883546,0.390307,0.56391615,0.01486158,0.40132713,0.68300813,0.26334035,0.2087468,-0.0075747576,0.21185443,1.6021378,-0.021675782,0.8033939,-0.15660174,0.27695417,0.6683763,0.21628259,-0.46556628,1.2635603,0.35281688,1.0380516,0.2814866,1.219893,0.76190764,0.81368595,0.10671049,1.0956577,0.3498731,0.77771884,0.6646001,-0.1326751,0.20597492,0.37929437,-0.51009876,-0.27711394,0.15308586,-0.42929474,0.9284472,0.36840218,-0.19398402,0.94568557,0.17034313,0.5221515,0.7477238,0.67407006,0.10293036,0.32080013,0.51880836,0.48767334,0.4785677,0.30873743,-0.08452701,-1.2361065,0.4715269,-1.0238607,-0.9453582,0.46110472,-0.23328875
0.5590929,-0.13588285,-0.5842629,0.8086774,0.37838215,0.58499175,0.37680382,0.49126726,-0.30539748,0.48025665,0.30898198,0.6641317,0.15186124,0.58234024,1.0113676,0.69371414,0.35272077,-0.6765729,0.088481255,-0.023760568,0.41526496,0.53765935,0.65604913,0.5405654,-0.13105793,0.52846706,0.22315022,0.66871,0.31709656,0.49701083,0.01920636,0.22318809,0.32438755,0.13351186,-0.11848586,-0.053864945,0.21222574,1.2996141,-0.10012918,0.90152264,0.2512353,0.8089656,0.35259178,0.3017383,-0.14975138,1.3148472,0.4236261,0.9702364,0.2930648,1.1897789,0.7443289,0.7671173,0.15398191,1.1628778,0.5173157,0.7109657,0.55217266,0.03643489,0.26393107,0.6587111,-0.7366601,-0.43240607,0.12521425,-0.16606882,0.9293023,0.6235046,-0.050325863,0.7947459,0.18006639,0.54999274,0.69091994,0.5730266,0.15332276,0.13550627,0.29898375,0.23158208,0.35663205,0.316591,0.12636599,-1.2019287,0.61034733,-0.62953913,-0.49442825,0.28776714,-0.22602998
0.5266765,-0.2313813,-0.6237698,0.69196194,0.38872075,0.8148414,0.5096505,0.43659154,-0.44148746,0.39125007,0.22835374,0.639925,0.40064222,0.8027616,0.93702173,0.88577485,0.341388,-0.9966985,-0.03530533,0.0014770083,0.30419886,0.55075514,0.5817794,0.69528455,0.23822327,0.4456835,0.24370542,0.5850716,0.17653029,0.44392896,0.010557407,0.112560846,-0.04904768,0.08760849,-0.37007406,-0.10769482,0.2156088,0.9169258,-0.124015674,0.94008,0.5853351,1.2946727,-0.01341987,0.31838754,0.16423865,1.264605,0.46584442,0.8546713,0.29360428,1.094906,0.6854595,0.640056,0.17898647,1.1578248,0.6439148,0.56563383,0.44153196,0.19451097,0.27909374,0.8615148,-0.890067,-0.5652143,0.070802204,0.08701598,0.8288017,0.8457739,0.074180394,0.6065296,0.16572058,0.5373611,0.5613625,0.4702361,0.1750042,-0.007925588,0.081017345,0.022295594,0.24827056,0.3050996,0.3014105,-1.0694684,0.6591637,-0.18262587,-0.04385357,0.09635553,-0.17138758
0.46626958,-0.36559325,-0.6363764,0.5570233,0.36785257,0.9919977,0.6549297,0.34934303,-0.6059655,0.22627684,0.13740283,0.5983392,0.58991414,0.96410054,0.874771,0.9870863,0.278976,-1.3561376,-0.18535298,-0.07738239,0.13187869,0.46228808,0.4400901,0.798802,0.5953386,0.33713898,0.23731472,0.448502,-0.02163416,0.39696884,-0.019449992,0.07705646,-0.40454006,0.123649955,-0.5342154,-0.17593777,0.21965198,0.50915354,-0.095330305,0.8747029,0.79434556,1.6811116,-0.3966379,0.2714645,0.44161946,1.1232808,0.48347992,0.7129375,0.28829244,0.9504227,0.58256114,0.45748246,0.17454527,1.082183,0.71123177,0.377255,0.3478653,0.32396784,0.24210046,0.97457576,-0.98387605,-0.6804953,-0.027039621,0.3105623,0.64285004,1.0110378,0.16053458,0.40092632,0.1236927,0.489799,0.3677947,0.37252417,0.16057813,-0.09992092,-0.1227803,-0.12142769,0.15904018,0.2716794,0.41136163,-0.8768687,0.60896766,0.23637335,0.34352618,-0.09269346,-0.06361504
0.37464246,-0.5102676,-0.62303764,0.4207396,0.3386917,1.0975399,0.796545,0.23270147,-0.78391117,0.016556842,0.041081354,0.54781556,0.70371217,1.0524812,0.83592623,0.99118185,0.17110224,-1.7204583,-0.37375703,-0.2770354,-0.09015491,0.3077237,0.25964355,0.84791476,0.8990908,0.2254316,0.20097351,0.27819923,-0.25827172,0.34586173,-0.07483577,0.11284883,-0.7138179,0.22840784,-0.6100699,-0.26234612,0.22142604,0.12719694,-0.024587454,0.6789502,0.84742683,1.9203389,-0.7585289,0.17535645,0.6535655,0.9140487,0.49032035,0.57248014,0.28410104,0.77751875,0.43755063,0.2539993,0.14084081,0.94827867,0.7126224,0.1861132,0.28467643,0.41518918,0.15313391,1.000568,-1.0347773,-0.78167284,-0.17496714,0.4921831,0.40160313,1.1032029,0.19641118,0.20073134,0.05722381,0.41890705,0.12897454,0.28456312,0.110157505,-0.13625096,-0.30074903,-0.18954678,0.09484526,0.21388252,0.4394744,-0.66755116,0.4626401,0.5570089,0.61927867,-0.26288086,0.0975397
0.25574252,-0.6338629,-0.5873509,0.3008134,0.32658,1.1223184,0.9184824,0.09500393,-0.95494634,-0.19738352,-0.053147692,0.49865738,0.7403398,1.0632194,0.8264318,0.90803105,0.031026363,-2.0474074,-0.6010623,-0.59041804,-0.33773568,0.13804007,0.0791369,0.8496323,1.1168033,0.13352628,0.13782948,0.09852063,-0.50678575,0.28010178,-0.15320422,0.20706095,-0.9553378,0.3804157,-0.60486174,-0.3676212,0.218208,-0.19011603,0.070311494,0.35124424,0.739631,1.9763364,-1.0598913,0.051525917,0.78197706,0.67034036,0.5075283,0.46321788,0.2890394,0.601045,0.2583137,0.068896845,0.087242216,0.77823776,0.6552974,0.030503113,0.26247957,0.46828985,0.023406241,0.95537573,-1.0558795,-0.8672649,-0.36532608,0.62837315,0.14576285,1.1176159,0.1797623,0.029901864,-0.022156294,0.34174222,-0.12833868,0.21005017,0.032635078,-0.11670295,-0.44127512,-0.18071526,0.06260308,0.130349,0.3845224,-0.4833391,0.23543881,0.7308502,0.757076,-0.4023936,0.30748948
0.12141191,-0.70594305,-0.5351419,0.21381919,0.3542951,1.0676035,1.007239,-0.051147014,-1.0953946,-0.37171733,-0.13524064,0.4615405,0.7115423,1.0017507,0.8464527,0.76274604,-0.121558025,-2.2927897,-0.85244936,-0.9867058,-0.5772282,0.0101731485,-0.058105834,0.8199233,1.2293708,0.08269187,0.057945613,-0.06394415,-0.73662084,0.19198743,-0.24416034,0.34093264,-1.1152887,0.5539296,-0.5306873,-0.48916802,0.20826507,-0.42005298,0.16688196,-0.08367766,0.49281514,1.8314263,-1.2665907,-0.0745929,0.8215656,0.43100095,0.55883163,0.41347343,0.3105358,0.44672203,0.05903374,-0.05945977,0.031514276,0.60054076,0.5593437,-0.058906373,0.28739092,0.49284798,-0.12541178,0.86344016,-1.0522985,-0.9289423,-0.5759855,0.72481555,-0.07929453,1.0626141,0.12060003,-0.08872227,-0.09526676,0.27828318,-0.3720338,0.1525606,-0.054485902,-0.043989673,-0.5323732,-0.101414144,0.06995453,0.022370799,0.26108092,-0.3576972,-0.04565127,0.73969257,0.7562471,-0.5044194,0.557665
-0.008732088,-0.70144445,-0.4735417,0.17225288,0.4373586,0.9440476,1.0535522,-0.1897752,-1.1807159,-0.46629694,-0.19368917,0.44565096,0.6385045,0.8828345,0.89025116,0.59202546,-0.2621238,-2.4174492,-1.098715,-1.4160014,-0.77115,-0.023999637,-0.110443145,0.78055876,1.2338507,0.09075937,-0.0222721,-0.18414329,-0.9162736,0.07883293,-0.32983774,0.49323538,-1.1881225,0.72277004,-0.40161708,-0.62141067,0.19139098,-0.5565519,0.24156097,-0.5779186,0.15213427,1.4912568,-1.3545159,-0.17719759,0.78004044,0.23487556,0.6646446,0.44506732,0.3541096,0.3374328,-0.14079383,-0.09942857,-0.0027377266,0.4441276,0.45365557,-0.06260874,0.35982278,0.5053377,-0.2640909,0.7529464,-1.0193661,-0.9520394,-0.77366596,0.794476,-0.22984584,0.95836276,0.039669067,-0.13610041,-0.1381979,0.24863744,-0.56899285,0.116238594,-0.12735021,0.076888844,-0.5624759,0.035577103,0.12401951,-0.105156355,0.09716833,-0.31005368,-0.34504244,0.5979263,0.64090943,-0.56632006,0.83546406
-0.11100517,-0.60435224,-0.41006324,0.18227565,0.5805715,0.7693017,1.0530581,-0.30354726,-1.1885295,-0.45087636,-0.21698487,0.45626467,0.54702234,0.7283451,0.94767207,0.43752545,-0.36451077,-2.3941443,-1.3013936,-1.8182615,-0.88389295,0.071605474,-0.04458586,0.75498116,1.1426723,0.17051761,-0.08241154,-0.24144003,-1.0174747,-0.055728093,-0.38709137,0.6436045,-1.1758459,0.8636882,-0.23180555,-0.75614315,0.16927725,-0.6073471,0.27407464,-1.0681207,-0.22169235,0.9862679,-1.314145,-0.23361571,0.6752033,0.11463599,0.8362434,0.5690894,0.42196018,0.29011074,-0.318826,-0.03158029,0.009125755,0.3331914,0.369548,0.026358668,0.47420874,0.52487695,-0.3604561,0.6509027,-0.9444213,-0.91862017,-0.9198463,0.85447174,-0.2706047,0.83323526,-0.03526982,-0.099449396,-0.12688066,0.26930353,-0.69007206,0.105472,-0.15947713,0.2386985,-0.5221996,0.21302904,0.22913943,-0.24288297,-0.070187606,-0.34257677,-0.62284565,0.34866515,0.45491663,-0.5888437,1.1241009
-0.16172305,-0.41003922,-0.35196483,0.24197842,0.7765413,0.56456757,1.0068685,-0.37590536,-1.1019125,-0.31057605,-0.19626983,0.49288502,0.46167383,0.5638245,1.0052993,0.33820787,-0.40477973,-2.2130601,-1.4197319,-2.1344697,-0.8880357,0.30957845,0.1582738,0.7632904,0.98025537,0.32842973,-0.10172674,-0.22263876,-1.0189244,-0.20194028,-0.39172038,0.77459633,-1.0872531,0.9588614,-0.035029143,-0.88326585,0.14538948,-0.58900434,0.25110477,-1.4863828,-0.5625654,0.36970228,-1.1522713,-0.22738211,0.5307403,0.09212669,1.0712765,0.7826276,0.51192963,0.3127649,-0.4534317,0.14821765,0.08754641,0.28174272,0.33390656,0.20258045,0.6190037,0.56878275,-0.38534665,0.57894266,-0.8107098,-0.8117195,-0.97925025,0.9221584,-0.18047914,0.7190306,-0.07512851,0.025834495,-0.04266548,0.34986258,-0.71460587,0.12383615,-0.12672913,0.43138602,-0.40680557,0.4110422,0.38461965,-0.37761772,-0.20117617,-0.43988934,-0.8406326,0.054672174,0.25321388,-0.57592803,1.4025049
-0.14222538,-0.12665433,-0.30561346,0.3408611,1.0062548,0.3509432,0.92119944,-0.3936265,-0.9123446,-0.048480164,-0.12742892,0.5486224,0.40142524,0.41415182,1.0484786,0.32311893,-0.36555588,-1.8851138,-1.419514,-2.3173618,-0.76996636,0.6759804,0.49789548,0.81811285,0.77795887,0.56376237,-0.063573256,-0.1232748,-0.9094711,-0.34558526,-0.3234221,0.87292254,-0.9365687,0.9972,0.17489369,-0.99148667,0.124595985,-0.5218523,0.16903876,-1.7725655,-0.8105341,-0.28891382,-0.89155823,-0.15047461,0.3708218,0.17409095,1.3522154,1.0678105,0.6174612,0.40306124,-0.52719647,0.4273825,0.24353598,0.29100657,0.36295536,0.44986567,0.77802396,0.6483188,-0.31862175,0.55035657,-0.6035881,-0.62035096,-0.92766696,1.0110801,0.04378016,0.6446392,-0.055293977,0.23470058,0.12278944,0.49095905,-0.63427496,0.17250928,-0.01253458,0.64125454,-0.21843095,0.6087359,0.5827036,-0.4935515,-0.2592885,-0.57209295,-0.9671171,-0.21360292,0.091693826,-0.5346216,1.645724
-0.043540824,0.22564882,-0.2763255,0.46087408,1.2417514,0.14597578,0.80617815,-0.34911036,-0.62226015,0.3137684,-0.012694068,0.6103805,0.3765863,0.29925695,1.0634633,0.4057309,-0.23975214,-1.4417984,-1.2814527,-2.3404803,-0.53284115,1.1321422,0.9528275,0.9215839,0.56828374,0.8675771,0.040585775,0.051492654,-0.6907877,-0.4703514,-0.1711518,0.9299023,-0.74191254,0.9745058,0.3836405,-1.0695487,0.112218894,-0.42512205,0.03472439,-1.8850192,-0.9218847,-0.9131852,-0.56747675,-0.004287251,0.21567029,0.35226586,1.6478505,1.3928449,0.7282216,0.5482768,-0.53015363,0.77821976,0.47526932,0.34926912,0.45849702,0.7434581,0.9322337,0.766282,-0.15384181,0.5685939,-0.3164697,-0.344259,-0.75827414,1.128213,0.3862117,0.6312604,0.03868303,0.51226497,0.364224,0.68344146,-0.45490816,0.24913493,0.18793401,0.8506177,0.03210034,0.7856402,0.8079936,-0.5748751,-0.21735516,-0.7004451,-0.9832675,-0.3919521,0.017012501,-0.47539857,1.8268908
0.13098133,0.61645985,-0.26849416,0.5794986,1.4504603,-0.038567465,0.67485464,-0.24220186,-0.2462655,0.7386732,0.13914652,0.6615869,0.38802698,0.23093869,1.038819,0.58113986,-0.03360645,-0.9318755,-1.005984,-2.2018983,-0.19865644,1.6211277,1.4815485,1.0646051,0.37999773,1.222547,0.20822267,0.2876247,-0.37876508,-0.56107247,0.06310081,0.9410103,-0.5232343,0.8928778,0.5757968,-1.1074927,0.11292027,-0.31391618,-0.13544668,-1.8092296,-0.8761532,-1.4312147,-0.22268075,0.200475,0.07832061,0.60395217,1.9179943,1.7163236,0.8316782,0.7275423,-0.46186507,1.1611925,0.76692843,0.43455753,0.60755235,1.0525784,1.0625286,0.9164275,0.09908262,0.62667537,0.045209955,0.003883581,-0.4844668,1.2725364,0.8134103,0.6881365,0.2080161,0.83470446,0.6624042,0.9098661,-0.19642918,0.34680623,0.46530396,1.0381988,0.3252772,0.923316,1.038204,-0.60832936,-0.061838675,-0.78480554,-0.8851882,-0.43442994,0.058103018,-0.4118047,1.9200954
0.36459458,1.0086075,-0.2853029,0.6734784,1.600411,-0.19750275,0.5416786,-0.08108295,0.18909672,1.1774837,0.31344584,0.6851108,0.4284827,0.21100885,0.9670325,0.82746685,0.23282836,-0.41444683,-0.6146832,-1.9231933,0.19451366,2.0774019,2.0265536,1.2281442,0.23409477,1.6035988,0.42522064,0.5637404,-0.0028436654,-0.60641325,0.3624033,0.90542364,-0.3003654,0.7595244,0.73569596,-1.097919,0.12950556,-0.1982161,-0.31866637,-1.5606577,-0.6790079,-1.7863423,0.09911771,0.44513762,-0.035976082,0.8966681,2.1211233,1.9931294,0.91513234,0.91499984,-0.33164036,1.5309657,1.0905886,0.52022874,0.78488386,1.3428,1.1522781,1.0847713,0.41448456,0.7085028,0.46207517,0.39827144,-0.13827646,1.4353043,1.2787454,0.8111958,0.43992466,1.171715,0.98624736,1.1470749,0.11005757,0.45459408,0.7958894,1.1807796,0.6345275,1.0065194,1.246794,-0.5857546,0.20485535,-0.79131013,-0.6852154,-0.3225427,0.22080725,-0.3597483,1.9045193
0.6300261,1.3625045,-0.32869366,0.7236357,1.6656889,-0.33150396,0.42097625,0.11823142,0.6473893,1.5771204,0.49220902,0.6674834,0.48490325,0.2313806,0.8452556,1.109684,0.5272196,0.04965384,-0.14775933,-1.5442443,0.59646255,2.43779,2.521685,1.3869019,0.14230151,1.9797002,0.6674953,0.85374624,0.39621738,-0.6009234,0.696058,0.8255285,-0.09048146,0.5853768,0.84876364,-1.0370755,0.16197477,-0.0834044,-0.48996976,-1.1825938,-0.3597997,-1.9454436,0.35994208,0.7052922,-0.12811358,1.1927081,2.2219663,2.1817355,0.9680019,1.0842426,-0.15678442,1.8426976,1.4104767,0.5800225,0.95850706,1.5794755,1.1900747,1.252387,0.754229,0.79134643,0.90215284,0.8030325,0.23428792,1.601203,1.7289742,0.983957,0.70994735,1.4894167,1.2975513,1.3700193,0.42666516,0.5588472,1.1444862,1.2561259,0.9293303,1.0245476,1.4068183,-0.50585884,0.56423664,-0.6985337,-0.40984696,-0.068658076,0.48641542,-0.33588585,1.7684175
0.8933046,1.6408253,-0.39863455,0.7185592,1.6309904,-0.44487363,0.32571524,0.33367708,1.0863638,1.8873177,0.6566739,0.60181504,0.54193276,0.27632216,0.67559355,1.3864044,0.8092982,0.4069935,0.3434642,-1.1138569,0.95264345,2.6515946,2.9015663,1.5140938,0.10725318,2.316885,0.90481,1.1295643,0.7713582,-0.5458272,1.0237843,0.7067554,0.09366868,0.38362378,0.90399545,-0.92552316,0.20752245,0.027540173,-0.6264948,-0.7378275,0.034731,-1.9030097,0.53289694,0.9536897,-0.20170441,1.4555067,2.19904,2.2514255,0.9839789,1.2127078,0.04008599,2.058702,1.6886297,0.5940331,1.0966948,1.7309412,1.1713825,1.3990078,1.0735815,0.84873265,1.3255405,1.1771849,0.582059,1.7505628,2.1115944,1.1805674,0.98630345,1.7545556,1.5576885,1.5555415,0.7144469,0.6457519,1.4691997,1.2464982,1.179908,0.97244847,1.4954119,-0.3745919,0.9841831,-0.5012268,-0.09605027,0.2854974,0.8143896,-0.35510182,1.5123442
1.11998,1.8131852,-0.4924197,0.6571209,1.4944608,-0.542666,0.2660639,0.5401652,1.4630259,2.0679278,0.7909381,0.49021608,0.58499855,0.3259479,0.46531165,1.6172113,1.0370318,0.61946577,0.80439484,-0.68102926,1.2120608,2.6879032,3.111396,1.5865095,0.124382064,2.582104,1.106165,1.3643569,1.0751286,-0.44847092,1.3020937,0.55766165,0.2460057,0.16856317,0.8963092,-0.768382,0.2610327,0.13216148,-0.7117421,-0.29684743,0.4500619,-1.6804142,0.6054533,1.1635283,-0.2593183,1.6541014,2.049245,2.18736,0.96190155,1.285018,0.23509447,2.1536279,1.8916473,0.55200136,1.1738492,1.7726619,1.0994318,1.506282,1.3284926,0.8547226,1.6905454,1.4816371,0.8576968,1.861332,2.3823702,1.3709086,1.2357711,1.9381682,1.73377,1.6857249,0.93959594,0.703729,1.7278806,1.1425613,1.3615003,0.8517282,1.4980167,-0.20419304,1.4233273,-0.21074407,0.21445952,0.67710274,1.149153,-0.42783114,1.1506156
1.2812246,1.8602018,-0.6038094,0.5487361,1.2684845,-0.6279395,0.24823849,0.71307236,1.7395642,2.0945487,0.8840512,0.34385884,0.60300785,0.3607699,0.22654633,1.7692863,1.1737764,0.6689621,1.1873051,-0.2864754,1.3361471,2.5394652,3.1163235,1.5892483,0.1846406,2.7478087,1.2453777,1.5354534,1.2669923,-0.3209006,1.4920052,0.38993117,0.36747396,-0.045546908,0.828435,-0.5750854,0.3165233,0.22680143,-0.73794717,0.07629434,0.83445674,-1.3206143,0.5805068,1.3117409,-0.29931656,1.766743,1.7892017,1.993249,0.9064176,1.2952238,0.40704805,2.1181617,1.9958026,0.45492265,1.1753944,1.690823,0.98459905,1.5606086,1.4829282,0.7877632,1.9605901,1.6855763,1.0262576,1.9112208,2.5112596,1.5254436,1.4298309,2.019426,1.8042238,1.7498285,1.0783204,0.7258716,1.8851274,0.9462567,1.4584981,0.6705794,1.4111596,-0.011151401,1.8365285,0.14729546,0.4811035,1.0339745,1.4295237,-0.557539,0.7101495
1.3588564,1.7761426,-0.7228077,0.41123748,0.977885,-0.7000461,0.27380335,0.8321569,1.8884151,1.9618776,0.9316888,0.18186036,0.59034914,0.3657192,-0.024396662,1.8226365,1.1949396,0.5594193,1.4584152,0.041613106,1.305668,2.2221303,2.9072144,1.5182716,0.27722442,2.7956636,1.3056601,1.6263841,1.3199068,-0.1772951,1.5663943,0.21821006,0.46598247,-0.24543843,0.71141917,-0.35846838,0.36867207,0.3057116,-0.7070511,0.33628827,1.1482847,-0.87936354,0.47481838,1.381994,-0.31469762,1.7826989,1.4519895,1.690474,0.82678133,1.2467576,0.54050374,1.9600135,1.9914831,0.31389815,1.0994761,1.4857005,0.8426216,1.554632,1.5147834,0.63448375,2.1100323,1.7719859,1.0716841,1.8800489,2.486519,1.6206465,1.5491794,1.9882728,1.7620896,1.7451452,1.1202345,0.71128595,1.9180448,0.6723186,1.4664884,0.44326472,1.2436104,0.18671797,2.1810515,0.537744,0.67056644,1.2886683,1.6001223,-0.7383976,0.22789508
1.3488085,1.5700305,-0.8361075,0.2671872,0.65572417,-0.7541909,0.33851826,0.88458353,1.8966213,1.6843611,0.9365711,0.027558362,0.5471529,0.33337188,-0.26844585,1.7719808,1.0929772,0.31466678,1.6023607,0.28962207,1.1244705,1.7712519,2.5028172,1.3810065,0.39159268,2.7193432,1.2825773,1.6286165,1.2256756,-0.031793844,1.5153533,0.05920141,0.5545162,-0.41954643,0.5635744,-0.13378565,0.41430226,0.3616281,-0.6298379,0.46483383,1.3700252,-0.41516978,0.31550616,1.3669229,-0.29421434,1.7019693,1.0810562,1.3138602,0.7352349,1.1511067,0.62774,1.7021283,1.8836775,0.14745557,0.9558803,1.1730989,0.6918136,1.4875473,1.4197655,0.39263812,2.1285768,1.740253,0.99955076,1.751924,2.315503,1.6422982,1.5866868,1.8468982,1.615178,1.6761007,1.0696303,0.66533494,1.8205348,0.34739608,1.3924392,0.18877089,1.0150787,0.37299398,2.4219441,0.9215167,0.76146317,1.3917131,1.621911,-0.9539473,-0.25430894
1.2608895,1.2649238,-0.92858744,0.1386267,0.33762783,-0.78306466,0.43225607,0.8668624,1.7674419,1.2940849,0.9068586,-0.095771514,0.47920462,0.26531878,-0.48582795,1.6266419,0.8795811,-0.025929172,1.6229554,0.45658824,0.8197784,1.2349977,1.9470562,1.1948607,0.5184782,2.5251732,1.184332,1.541952,0.9972902,0.10387305,1.3486681,-0.070144825,0.6483619,-0.5586031,0.40783328,0.0825859,0.45296,0.3869734,-0.5233461,0.47322682,1.4980927,0.020467343,0.13497828,1.2692103,-0.22557674,1.533482,0.7218264,0.9050939,0.6443939,1.024884,0.66919506,1.3786771,1.6911241,-0.023197839,0.7624792,0.7833553,0.54980177,1.3647184,1.2119865,0.073029675,2.0221703,1.6058096,0.8350667,1.5178623,2.0227802,1.5875549,1.547397,1.6094265,1.38437,1.552534,0.9438351,0.59829766,1.6046239,0.007074518,1.2529352,-0.0713596,0.75300246,0.53516525,2.5358102,1.2610979,0.7473417,1.3214369,1.4806796,-1.1774906,-0.69487584
1.1167504,0.8951148,-0.9853806,0.042390697,0.05529382,-0.7795397,0.5390028,0.7852366,1.5197629,0.8357959,0.85398996,-0.16969496,0.39616165,0.17194459,-0.6583797,1.4079062,0.5842754,-0.41355455,1.5402495,0.55060303,0.43795165,0.6669876,1.3018831,0.98309094,0.6501071,2.2309387,1.0297627,1.3743776,0.66775954,0.22184598,1.0946001,-0.1548123,0.7611539,-0.65639037,0.26817873,0.27469018,0.48654318,0.37594688,-0.40774196,0.39787906,1.5477153,0.3903091,-0.03446846,1.1014552,-0.100107364,1.2927179,0.41315168,0.50522345,0.5648407,0.88639605,0.6726451,1.0295669,1.4419302,-0.17792666,0.5405959,0.35813528,0.43039915,1.1961064,0.92174923,-0.300141,1.8119792,1.3971182,0.61883295,1.1780678,1.6458603,1.4641725,1.4462901,1.3001723,1.0991011,1.387506,0.77003205,0.523419,1.2989664,-0.3092043,1.0706462,-0.31560704,0.48788726,0.66571826,2.5132635,1.5250772,0.6373323,1.0882422,1.1910329,-1.373903,-1.0575622
0.9454579,0.50168175,-0.9947082,-0.0136674205,-0.1691549,-0.7401169,0.63829815,0.6545189,1.1850742,0.36067945,0.78954315,-0.18483964,0.30976906,0.07004168,-0.77276736,1.144658,0.24997452,-0.7959836,1.3848624,0.5856017,0.037285075,0.11842444,0.6374216,0.7703463,0.7793643,1.8626755,0.8440506,1.1408749,0.28598353,0.3184124,0.7954194,-0.18431015,0.90127325,-0.7099377,0.1655694,0.4283245,0.517981,0.3260924,-0.30297568,0.2904107,1.5443046,0.6753177,-0.16577159,0.8848833,0.08308762,0.9988622,0.18046996,0.14783719,0.5028829,0.7520728,0.6507402,0.69402623,1.16834,-0.30172503,0.31016278,-0.055093486,0.3411994,0.9946993,0.59061366,-0.69104093,1.5302962,1.1504598,0.39835602,0.7438046,1.2292078,1.288115,1.3041869,0.95033395,0.7923134,1.1948518,0.58027947,0.453944,0.9444129,-0.5641263,0.8702397,-0.52491635,0.24838632,0.7620351,2.3581715,1.6910021,0.45411852,0.73252624,0.7949298,-1.5039259,-1.3157022
0.7769166,0.12742552,-0.94991666,-0.03219437,-0.3267982,-0.667777,0.70692396,0.49557152,0.80283654,-0.08105277,0.7228644,-0.14312969,0.23142417,-0.020548506,-0.8225514,0.869177,-0.07384275,-1.12309,1.1915548,0.57751024,-0.32274276,-0.3679757,0.020610446,0.5777481,0.89922255,1.4504081,0.6537601,0.8621299,-0.09066274,0.3939277,0.50013685,-0.15489459,1.0688971,-0.71975994,0.11441173,0.5322319,0.5493775,0.23955248,-0.22570853,0.2049661,1.5149537,0.8744123,-0.2413906,0.6465332,0.31402725,0.67233485,0.031957664,-0.14624153,0.45918465,0.633905,0.61875904,0.4049309,0.9011379,-0.38709,0.08627079,-0.4101895,0.28254607,0.77517045,0.26484448,-1.0556545,1.2147858,0.9037501,0.21956173,0.2377711,0.8172866,1.080388,1.1427042,0.594104,0.4954084,0.98737466,0.40615854,0.4007611,0.587629,-0.7284626,0.67424643,-0.6847965,0.056582995,0.8256457,2.085817,1.7467479,0.22975777,0.316879,0.35493365,-1.5299541,-1.4541732
0.6367247,-0.18876046,-0.851229,-0.02572946,-0.4230373,-0.57343185,0.7223617,0.33216476,0.41490555,-0.44622314,0.6585571,-0.05784773,0.16969655,-0.081089266,-0.8095894,0.61228776,-0.33939576,-1.3512038,0.9927989,0.5425116,-0.5917279,-0.76225543,-0.49435025,0.41889757,1.0018202,1.0237015,0.48197398,0.5622026,-0.40502715,0.45151207,0.25613892,-0.07072079,1.2543458,-0.68926334,0.12054393,0.57946897,0.580279,0.12374788,-0.18715583,0.18451996,1.4800307,1.0010518,-0.25559005,0.41599482,0.57174414,0.3330807,-0.041416705,-0.3708695,0.4286415,0.5377964,0.59132314,0.1843006,0.664355,-0.43402162,-0.1228908,-0.6696317,0.24787638,0.5523851,-0.011874386,-1.3473454,0.9029202,0.6904598,0.118142344,-0.3067169,0.44840458,0.86225504,0.9801976,0.26420018,0.23378345,0.775601,0.27368674,0.37037086,0.27395397,-0.78569704,0.50004053,-0.78655297,-0.07493267,0.86001784,1.7193605,1.6901177,-4.0578907e-05,-0.086689495,-0.05723463,-1.4232818,-1.4705559
0.54126984,-0.41649148,-0.7058716,-0.0132769225,-0.47533047,-0.4751211,0.6659214,0.18717714,0.060466975,-0.7040445,0.59599346,0.048661612,0.1285448,-0.097307116,-0.7439537,0.40001866,-0.50821185,-1.446155,0.8142019,0.4962748,-0.73712,-1.0487336,-0.87333006,0.29797244,1.0785928,0.6082711,0.34452602,0.26634303,-0.60926926,0.49590498,0.10114808,0.056115862,1.4390271,-0.6243491,0.18064788,0.5682822,0.6063121,-0.009406511,-0.19211645,0.25122228,1.4474614,1.0772377,-0.21488497,0.22154303,0.8268168,-0.0011397116,-0.06252587,-0.53354627,0.40121076,0.46351814,0.58004206,0.04138745,0.47259244,-0.44925717,-0.31521025,-0.81037706,0.22550772,0.34021223,-0.20487882,-1.5234883,0.6260332,0.53480995,0.11315041,-0.84841436,0.14986724,0.6521365,0.8287649,-0.012157409,0.024547262,0.56696385,0.19997942,0.36391088,0.040313922,-0.73452646,0.35863185,-0.82744724,-0.14425047,0.8691973,1.2862539,1.5281869,-0.20232642,-0.41050366,-0.37435395,-1.170757,-1.3743773
0.49521706,-0.53746474,-0.5267057,-0.015619908,-0.5085558,-0.39505732,0.52669376,0.07968697,-0.2282432,-0.8387177,0.5305005,0.14970894,0.10609841,-0.06230837,-0.6423216,0.25090757,-0.55693954,-1.3855311,0.6722178,0.4536342,-0.74984425,-1.2253305,-1.1046118,0.20977372,1.1207123,0.22364391,0.24833153,-0.0016866573,-0.6724432,0.53168786,0.05725363,0.20743121,1.5980927,-0.5323047,0.28363523,0.50245893,0.61901927,-0.14438994,-0.2386493,0.40097123,1.4102324,1.1267151,-0.13609196,0.086455174,1.0468072,-0.31484532,-0.061991457,-0.6523027,0.36373731,0.40557837,0.59170645,-0.027262673,0.32968313,-0.44305575,-0.49264482,-0.827839,0.20135231,0.15064351,-0.29357135,-1.5528232,0.40516305,0.4479915,0.20400354,-1.3424351,-0.06475815,0.46237707,0.69310886,-0.21633038,-0.124595955,0.36597437,0.19097134,0.37739962,-0.09011347,-0.5885148,0.25438705,-0.8100352,-0.15909807,0.85631204,0.81484604,1.2757334,-0.3525901,-0.60439914,-0.5469657,-0.7801766,-1.18575
0.49210697,-0.54705316,-0.3298397,-0.050157264,-0.54868275,-0.3550384,0.30406126,0.022141732,-0.42860878,-0.8502967,0.45475453,0.21934967,0.094657704,0.022183549,-0.5252507,0.17395395,-0.48058206,-1.1603042,0.57392955,0.42852506,-0.6451896,-1.3007016,-1.1973287,0.14167501,1.1196581,-0.11748296,0.19114898,-0.22209308,-0.5847914,0.5624153,0.12746039,0.36146185,1.7047462,-0.4206554,0.41287345,0.39129233,0.60730225,-0.26442748,-0.3193134,0.6048014,1.3485044,1.1684866,-0.042765394,0.025828714,1.2028153,-0.59568924,-0.0714505,-0.75003636,0.30244353,0.3549154,0.6267543,-0.03589791,0.22990818,-0.42621243,-0.65818167,-0.7364402,0.16176906,-0.0073559396,-0.27388728,-1.4221667,0.24945408,0.4271428,0.3709004,-1.7455604,-0.19626965,0.2982765,0.57159865,-0.34022868,-0.21423066,0.17435126,0.24146959,0.40283316,-0.110919744,-0.37311435,0.1868416,-0.74068385,-0.134381,0.8230958,0.3324949,0.95378304,-0.43845508,-0.64537436,-0.55367595,-0.28221497,-0.9330038
0.5161501,-0.45453662,-0.1316048,-0.1263911,-0.6163611,-0.37118593,0.009303798,0.018884456,-0.5288112,-0.7532822,0.36178094,0.2377219,0.08134647,0.1458723,-0.41395894,0.16808005,-0.29236633,-0.77645797,0.5190101,0.43353406,-0.4584683,-1.2904723,-1.1767182,0.07733636,1.068535,-0.40841717,0.16386925,-0.3815814,-0.35936123,0.58946973,0.29593223,0.49640322,1.735556,-0.29629254,0.5496299,0.24877468,0.55952674,-0.35378933,-0.42219248,0.8157625,1.2350882,1.2122107,0.039647084,0.044529542,1.2761081,-0.83455384,-0.11692871,-0.8495652,0.20558524,0.30100304,0.67921656,-0.005797944,0.16061328,-0.40699574,-0.8127995,-0.5668495,0.095968775,-0.12903544,-0.15838604,-1.1409048,0.15577292,0.45570755,0.5794799,-2.022092,-0.25823453,0.1578959,0.45816633,-0.3866682,-0.25184855,-0.008592965,0.33695525,0.42960745,-0.032889158,-0.12114447,0.15209335,-0.62808764,-0.088651516,0.77019465,-0.13561113,0.588383,-0.4616662,-0.54076904,-0.4056159,0.2715832,-0.6502647
0.54617417,-0.28107134,0.054660242,-0.24310653,-0.7216839,-0.4494872,-0.3349367,0.06561088,-0.5277903,-0.5737541,0.24711585,0.19495678,0.050286904,0.29134688,-0.32685748,0.22196913,-0.020836653,-0.25572252,0.5017933,0.47829384,-0.23781563,-1.2133588,-1.0766103,0.0003249427,0.9627312,-0.64732516,0.15290011,-0.47509167,-0.029273026,0.61194265,0.5309563,0.593742,1.675058,-0.16495901,0.675928,0.091879,0.46665734,-0.40035155,-0.5330517,0.9800257,1.0438035,1.2562834,0.089038886,0.13603473,1.2626264,-1.0259304,-0.21429805,-0.9684812,0.065817155,0.23317781,0.7367717,0.03848848,0.10543289,-0.38892746,-0.9538716,-0.36051142,-0.00223343,-0.21493137,0.026260661,-0.74224997,0.11107453,0.5066029,0.7871442,-2.1486175,-0.27351198,0.03354399,0.34515122,-0.36843207,-0.24956383,-0.18569398,0.45596793,0.44634643,0.11845743,0.13295306,0.14470702,-0.4818541,-0.040548734,0.6977105,-0.5667838,0.20843321,-0.43679133,-0.32641485,-0.14486282,0.81565523,-0.3740282
0.56004983,-0.056733534,0.22099674,-0.38850185,-0.86126876,-0.5830478,-0.69729084,0.149796,-0.43410578,-0.34536707,0.11048024,0.092730165,-0.015094772,0.4362912,-0.27711472,0.3148739,0.29491377,0.36458305,0.5148694,0.5678134,-0.033339564,-1.08774,-0.9325776,-0.10212485,0.8004899,-0.83539873,0.14340943,-0.50679094,0.3578,0.6265559,0.79046553,0.64084804,1.5191206,-0.031407565,0.7768573,-0.061404634,0.3252698,-0.3981567,-0.6372788,1.0499464,0.75745285,1.2885709,0.09098783,0.28322157,1.1743994,-1.1681094,-0.3669253,-1.1163982,-0.118396185,0.14210346,0.7822792,0.0727827,0.048001472,-0.37047637,-1.0745991,-0.16246223,-0.13438377,-0.27125028,0.2436076,-0.28003177,0.09611112,0.546614,0.95154506,-2.1177518,-0.2705477,-0.08615441,0.22538553,-0.30643824,-0.2223068,-0.36146307,0.57365584,0.44228357,0.30692783,0.3583802,0.15868995,-0.31195575,-0.0059043127,0.6060175,-0.9407875,-0.15631065,-0.3878126,-0.058370925,0.16388841,1.280422,-0.14008415
0.5385186,0.18364492,0.36644965,-0.5425315,-1.0185574,-0.7522211,-1.0417372,0.25224513,-0.2646412,-0.10523875,-0.043871257,-0.056482226,-0.12876232,0.5564005,-0.27117035,0.4186104,0.6115133,1.0333878,0.5498478,0.70016617,0.11215113,-0.9295785,-0.775806,-0.23679039,0.58326054,-0.97580075,0.12237732,-0.48982513,0.7469919,0.62805676,1.0285757,0.6322908,1.2763611,0.100163594,0.8417074,-0.1941733,0.13948974,-0.3490338,-0.72177124,0.9952341,0.37512365,1.2900702,0.042041503,0.46010354,1.0372732,-1.2637502,-0.5657789,-1.293715,-0.34211642,0.019953981,0.7956412,0.076545194,-0.025795467,-0.34613013,-1.1657629,-0.013538519,-0.29787084,-0.30960077,0.452985,0.17921819,0.08958861,0.54242384,1.037739,-1.9390918,-0.27858546,-0.21399643,0.094356254,-0.22647645,-0.18617664,-0.5418294,0.66527337,0.40819612,0.49141765,0.5317325,0.18730617,-0.12859333,0.0040230365,0.49606737,-1.2406414,-0.47837505,-0.34313524,0.19857673,0.44611433,1.6044554,0.020465694
0.4678246,0.40525788,0.49719492,-0.68141854,-1.1667079,-0.9270706,-1.332666,0.3491879,-0.042366147,0.110703595,-0.20763868,-0.23201162,-0.29893738,0.6286075,-0.30865288,0.50025237,0.8871254,1.6901726,0.59964573,0.865848,0.17222153,-0.7515765,-0.62942976,-0.40362525,0.3156107,-1.073115,0.08036079,-0.44483104,1.0843844,0.60977036,1.202245,0.5699627,0.96667016,0.22527897,0.86388415,-0.2923646,-0.078305684,-0.26338232,-0.77714694,0.810651,-0.08396928,1.2402095,-0.048890647,0.63522327,0.88562244,-1.319976,-0.79204774,-1.4926131,-0.5947198,-0.13922021,0.7564314,0.034232542,-0.12569207,-0.30938107,-1.2179375,0.055811856,-0.48757496,-0.3458058,0.6154357,0.5674708,0.07232314,0.4667962,1.0241777,-1.6376156,-0.32384777,-0.3611634,-0.049453598,-0.15652664,-0.15753816,-0.7333666,0.70867115,0.33677095,0.6317259,0.63931304,0.22265834,0.05739347,-0.016960427,0.36952615,-1.453374,-0.73545027,-0.32937896,0.3837455,0.63254136,1.7454644,0.085189715
0.341628,0.57782346,0.62545705,-0.7830347,-1.274213,-1.0725021,-1.5402725,0.41538045,0.20539139,0.27107772,-0.37001115,-0.4096513,-0.52575046,0.63391036,-0.38349408,0.5266041,1.0866412,2.271427,0.6577252,1.0472631,0.14095336,-0.5632889,-0.50775003,-0.5961306,0.005621788,-1.133392,0.013019878,-0.39710858,1.3249251,0.56466657,1.2767559,0.46155706,0.6177883,0.33847293,0.8406574,-0.34612435,-0.30901453,-0.15907456,-0.79925406,0.5182209,-0.5809637,1.1230888,-0.16137254,0.7756767,0.75497633,-1.3480889,-1.0208818,-1.6993299,-0.86122537,-0.33949226,0.64739966,-0.063592345,-0.25619036,-0.2554059,-1.2244786,0.030282076,-0.6973456,-0.39752725,0.69924146,0.8278212,0.030694172,0.3044012,0.9052865,-1.24977,-0.4263435,-0.5351527,-0.20422363,-0.12340664,-0.15137479,-0.94208974,0.68736964,0.22268568,0.69389063,0.67718565,0.25499097,0.23406951,-0.0702729,0.22816175,-1.5722401,-0.91321474,-0.3656971,0.45240358,0.67323714,1.6885647,0.04330057
0.16100535,0.6796456,0.76693064,-0.8323242,-1.3114756,-1.1543025,-1.6449196,0.42720747,0.44969368,0.35250923,-0.5196198,-0.5661878,-0.7993269,0.5601125,-0.48595178,0.46818835,1.185599,2.718679,0.718093,1.2209079,0.033438202,-0.37258452,-0.4170761,-0.8030727,-0.3351552,-1.1645619,-0.078930035,-0.3731481,1.4377795,0.48603112,1.2298973,0.31884012,0.26040718,0.4332501,0.77185917,-0.34977144,-0.52957416,-0.059522312,-0.78992593,0.16363211,-1.0616254,0.93292034,-0.2663371,0.8516111,0.67464465,-1.3622403,-1.226362,-1.8972706,-1.1247015,-0.5826471,0.45742932,-0.22087699,-0.4164386,-0.18474054,-1.1836351,-0.08929897,-0.92144454,-0.48123938,0.6842387,0.9252654,-0.041501075,0.055341028,0.6916319,-0.8177188,-0.59758776,-0.7383556,-0.36585802,-0.15013507,-0.18059772,-1.1724241,0.5915131,0.06297442,0.6544801,0.649845,0.2725509,0.38856405,-0.15380156,0.07357205,-1.598136,-1.0069041,-0.4597996,0.38403445,0.54818934,1.4491918,-0.10182439
-0.066387795,0.70013344,0.93715096,-0.8247312,-1.2573003,-1.1454382,-1.6399796,0.36609474,0.66250604,0.3417419,-0.64607227,-0.6838074,-1.0998303,0.40363452,-0.6050455,0.30441943,1.1721107,2.9874184,0.7748648,1.3605815,-0.11846395,-0.18643278,-0.35842946,-1.0107111,-0.691436,-1.1766173,-0.19009976,-0.3966125,1.4099562,0.36900607,1.0540353,0.15555283,-0.07678825,0.50267947,0.6596315,-0.30158758,-0.71741706,0.009145219,-0.7573583,-0.19234502,-1.4646107,0.67775846,-0.33120906,0.8403537,0.6619823,-1.3784811,-1.3858831,-2.0701594,-1.3682166,-0.8677235,0.18476793,-0.4367579,-0.60090053,-0.1047348,-1.0996821,-0.28696135,-1.1550614,-0.6092404,0.56442153,0.853546,-0.14279184,-0.2637769,0.4064263,-0.3833876,-0.83968973,-0.96702343,-0.52897143,-0.25392002,-0.25408012,-1.42553,0.4193527,-0.14293163,0.50319,0.56774336,0.26228437,0.50784665,-0.2630024,-0.09329099,-1.5414387,-1.0214254,-0.60588366,0.18609345,0.2713316,1.0710151,-0.33264315
-0.32799158,0.6409064,1.1477377,-0.7678053,-1.1041579,-1.030928,-1.5328212,0.22157243,0.8195239,0.2362867,-0.74176604,-0.75270325,-1.3991157,0.17026536,-0.73045504,0.027213987,1.0473194,3.0549707,0.8218296,1.4419454,-0.2732266,-0.012365153,-0.33072856,-1.2050267,-1.0439397,-1.1817511,-0.3119048,-0.48476514,1.2468636,0.21153767,0.756357,-0.014399231,-0.37195966,0.54101807,0.5081326,-0.20304559,-0.8548027,0.021896267,-0.7151391,-0.48559546,-1.7316983,0.38030207,-0.32636455,0.7295691,0.719112,-1.411153,-1.4840007,-2.2049122,-1.5772048,-1.1900994,-0.16132969,-0.7065473,-0.8000245,-0.030011725,-0.98281735,-0.535407,-1.3944163,-0.7869706,0.34833056,0.6357138,-0.26460934,-0.62198615,0.08061967,0.016674943,-1.1456379,-1.2113969,-0.68795115,-0.4443265,-0.37522244,-1.6981847,0.17703532,-0.3924322,0.243775,0.44502974,0.2113698,0.58048415,-0.3918843,-0.2718494,-1.4223367,-0.9699876,-0.78597283,-0.107783936,-0.11202198,0.61825836,-0.6192133
-0.60777724,0.5148176,1.4024793,-0.6799867,-0.86085963,-0.8110572,-1.3433284,-0.00659211,0.90284264,0.044530332,-0.8024464,-0.7725031,-1.6641225,-0.1248377,-0.85413086,-0.35658404,0.8244195,2.9257975,0.8526673,1.4474039,-0.38873142,0.14124377,-0.33301193,-1.3739041,-1.3703108,-1.193119,-0.43399596,-0.64559287,0.9699687,0.015521715,0.35744944,-0.17793335,-0.6122992,0.5457312,0.32399857,-0.058283553,-0.93286085,-0.041911233,-0.6799833,-0.66096514,-1.8187419,0.07559319,-0.23209137,0.51925707,0.83329695,-1.4710827,-1.5149964,-2.293112,-1.7407103,-1.54085,-0.56021816,-1.0228437,-1.0013387,0.019446373,-0.8471018,-0.8013146,-1.6359017,-1.0114801,0.057636444,0.3185388,-0.39358878,-0.9788157,-0.25325724,0.35459778,-1.5004395,-1.456546,-0.83790475,-0.72242725,-0.5405711,-1.9820963,-0.12187406,-0.6790268,-0.106826246,0.29712975,0.11000521,0.598809,-0.53335625,-0.4615592,-1.2699335,-0.87167645,-0.973488,-0.44437036,-0.5344925,0.16538341,-0.9237791
-0.88863945,0.34315175,1.6951361,-0.5870916,-0.5522562,-0.501714,-1.1007298,-0.30726987,0.90319604,-0.21572591,-0.8274161,-0.75133777,-1.861442,-0.45878404,-0.9704175,-0.8251496,0.5262725,2.6329658,0.86203843,1.3700858,-0.43084973,0.26540115,-0.36594057,-1.5081519,-1.6462177,-1.223418,-0.5463103,-0.87661535,0.612782,-0.21240658,-0.11158367,-0.32295418,-0.7950328,0.51927435,0.11680581,0.12596542,-0.9536956,-0.19549866,-0.66882193,-0.6826103,-1.7048935,-0.19424799,-0.0444916,0.22185865,0.97991997,-1.5624496,-1.4835731,-2.3320458,-1.8522176,-1.9062,-0.9814496,-1.3757781,-1.1911544,0.022125991,-0.7084505,-1.0509206,-1.8747069,-1.2713133,-0.276285,-0.037892,-0.5136158,-1.2911884,-0.56675047,0.61254895,-1.8830029,-1.6844382,-0.9749261,-1.0804003,-0.73912764,-2.2639456,-0.4579285,-0.9913799,-0.5206368,0.13952227,-0.04612972,0.561178,-0.6793722,-0.6610945,-1.1192753,-0.7483169,-1.1389687,-0.76084477,-0.92056966,-0.21499844,-1.2069719
-1.1533533,0.15158932,2.0086126,-0.51706237,-0.21612874,-0.13252382,-0.8391943,-0.6586293,0.82078034,-0.519755,-0.8190464,-0.7037313,-1.9627553,-0.80360126,-1.0756823,-1.343832,0.18230438,2.2344227,0.8460203,1.2160916,-0.38024855,0.35122654,-0.43167767,-1.6024317,-1.8478993,-1.2823199,-0.6404063,-1.1649841,0.21517068,-0.460833,-0.6123702,-0.438724,-0.9257676,0.47044015,-0.10042527,0.33956656,-0.93042666,-0.44189698,-0.69545835,-0.54106504,-1.3983672,-0.387171,0.22117728,-0.13913839,1.127921,-1.6811696,-1.4038393,-2.3244267,-1.9097764,-2.268026,-1.3883882,-1.7528912,-1.3557222,-0.040270835,-0.5814393,-1.2549379,-2.1038568,-1.547659,-0.61698854,-0.3729835,-0.60844797,-1.5207796,-0.839393,0.7820889,-2.2687016,-1.8762013,-1.0960191,-1.5015295,-0.9527207,-2.5262458,-0.80786604,-1.3134027,-0.96214193,-0.013218178,-0.25364375,0.47354746,-0.8208442,-0.8675994,-1.007296,-0.62159085,-1.2559171,-0.9973337,-1.2019666,-0.4626404,-1.434514
-1.3863685,-0.034112096,2.3166137,-0.49410978,0.102649555,0.25724602,-0.5923555,-1.0305018,0.66490114,-0.8387177,-0.78249866,-0.6474353,-1.9499661,-1.129284,-1.167242,-1.8697356,-0.17495604,1.8054367,0.8035231,1.0040445,-0.23653334,0.3917505,-0.532747,-1.6548867,-1.9553281,-1.374546,-0.7108949,-1.4890703,-0.18227337,-0.7138804,-1.1035333,-0.5156982,-1.0154227,0.41400158,-0.31181815,0.56810683,-0.884879,-0.7726926,-0.76701,-0.2550086,-0.9373047,-0.46914497,0.5304468,-0.53193474,1.2458302,-1.8147057,-1.2971178,-2.2773151,-1.9155034,-2.6047266,-1.7430834,-2.1391947,-1.4831177,-0.17792666,-0.47745085,-1.3920914,-2.3131807,-1.8169172,-0.9279604,-0.6379868,-0.66420907,-1.640864,-1.0609515,0.86263907,-2.631826,-2.0147076,-1.1989843,-1.9611868,-1.157972,-2.7491903,-1.1472588,-1.624415,-1.3922982,-0.14768721,-0.500598,0.34951824,-0.9474396,-1.0764842,-0.9673437,-0.51058435,-1.3060727,-1.1077762,-1.3317511,-0.53769296,-1.5834197
-1.5746467,-0.19223079,2.5867634,-0.5336368,0.35928708,0.6241035,-0.38878345,-1.3881819,0.45228514,-1.1435043,-0.7247476,-0.5998909,-1.8187678,-1.4075063,-1.242207,-2.356785,-0.5139272,1.4263669,0.73563665,0.76181525,-0.01805071,0.3829825,-0.6700498,-1.6670953,-1.95546,-1.4977587,-0.75572526,-1.8214906,-0.54386497,-0.95270944,-1.544711,-0.54601884,-1.0769242,0.36853388,-0.49990028,0.79243886,-0.8429207,-1.1675048,-0.8823985,0.13245808,-0.38516343,-0.42123675,0.8342036,-0.9202071,1.307578,-1.9430183,-1.1882052,-2.2007236,-1.8749175,-2.89351,-2.0121853,-2.516431,-1.5645803,-0.3888509,-0.4033352,-1.4506662,-2.4894156,-2.0538397,-1.1776422,-0.80503786,-0.67149895,-1.640864,-1.2311764,0.8595423,-2.947978,-2.087354,-1.2819631,-2.428353,-1.329484,-2.913058,-1.4531627,-1.9009743,-1.7728244,-0.25207624,-0.7675279,0.20903546,-1.0483917,-1.2812213,-1.0232862,-0.43024653,-1.2826992,-1.0690548,-1.2933842,-0.42495662,-1.6458753
-1.7086184,-0.3079857,2.7850938,-0.6385939,0.5164939,0.92642266,-0.24811499,-1.6973131,0.2037423,-1.4076562,-0.65395373,-0.57562214,-1.580514,-1.6150683,-1.2966145,-2.7622466,-0.80724066,1.1691222,0.6460657,0.52164084,0.2413666,0.3258218,-0.8404615,-1.6430496,-1.8457032,-1.6419195,-0.7764712,-2.1325302,-0.8427286,-1.1574539,-1.9006175,-0.52487254,-1.1214862,0.35296872,-0.6480811,0.98899686,-0.82897586,-1.5950307,-1.031433,0.5610063,0.17850678,-0.24463183,1.0768193,-1.2672377,1.2968149,-2.0417933,-1.1015775,-2.1057026,-1.7959452,-3.1126378,-2.1717625,-2.8633208,-1.595547,-0.65719557,-0.36104965,-1.4287835,-2.6170304,-2.235133,-1.343404,-0.8707405,-0.62750393,-1.5290066,-1.3576386,0.7823271,-3.1960657,-2.0880003,-1.3437802,-2.8677182,-1.443719,-3.001136,-1.7068197,-2.1192315,-2.070436,-0.31675756,-1.0296265,0.07526189,-1.1133971,-1.4739909,-1.1847932,-0.3905341,-1.1911532,-0.8853309,-1.10376,-0.13494499,-1.6306016
-1.7825421,-0.37482175,2.8810754,-0.798698,0.5510287,1.1300163,-0.17895402,-1.9289289,-0.059171256,-1.6108292,-0.5789751,-0.58350486,-1.2612182,-1.7366359,-1.3250979,-3.0515232,-1.0349089,1.0844587,0.539387,0.3140248,0.4979234,0.22622609,-1.0355698,-1.5883663,-1.6357646,-1.7896097,-0.777282,-2.3939123,-1.0632521,-1.3097879,-2.1442094,-0.45151874,-1.1566635,0.38211876,-0.7433822,1.1319354,-0.86078495,-2.015763,-1.1965356,0.9636814,0.6705533,0.037622254,1.2064519,-1.5403066,1.2088486,-2.086812,-1.0569544,-2.0024638,-1.6880068,-3.244444,-2.211739,-3.1560552,-1.5764438,-0.9541738,-0.348843,-1.3329086,-2.6801505,-2.342407,-1.4141709,-0.85442847,-0.5372759,-1.331404,-1.4524852,0.6434827,-3.359899,-2.0180683,-1.3840181,-3.2424526,-1.4834092,-3.0019953,-1.8954594,-2.258019,-2.2602332,-0.3354279,-1.2609254,-0.029620964,-1.1343226,-1.6463956,-1.4440817,-0.3962399,-1.0475445,-0.5875236,-0.808824,0.2984383,-1.5602823
-1.7954608,-0.39402428,2.851915,-0.99164724,0.4577903,1.2129313,-0.17846002,-2.0636406,-0.3173731,-1.7404163,-0.5088787,-0.6260217,-0.89798665,-1.766597,-1.3215477,-3.2023048,-1.1862522,1.1916921,0.42039493,0.1624067,0.7056545,0.09515547,-1.2407728,-1.5096374,-1.3479555,-1.9182314,-0.7641667,-2.582074,-1.2013092,-1.3955325,-2.2595286,-0.3308532,-1.1849353,0.46243975,-0.7793354,1.1968819,-0.9453204,-2.386432,-1.3558148,1.2780721,1.0177193,0.38277766,1.1851805,-1.7143216,1.0506059,-2.058129,-1.0662531,-1.898587,-1.5611032,-3.2775328,-2.137317,-3.3703325,-1.512746,-1.2416586,-0.3622858,-1.1761934,-2.6651006,-2.3646665,-1.391404,-0.79121274,-0.41443527,-1.0887823,-1.5288618,0.4582547,-3.4290466,-1.8866717,-1.4037389,-3.5176928,-1.4406374,-2.911941,-2.0135713,-2.3022635,-2.328496,-0.30633196,-1.4382437,-0.08872597,-1.1070586,-1.7906499,-1.7753974,-0.4475922,-0.8747189,-0.22776219,-0.47370538,0.82234937,-1.466372
-1.7500061,-0.3732794,2.686056,-1.1874168,0.25109997,1.1683506,-0.23374762,-2.0941193,-0.556571,-1.7923594,-0.4516159,-0.6991382,-0.5334501,-1.7095473,-1.2803087,-3.2060232,-1.2606502,1.4741311,0.29290345,0.07950158,0.82461166,-0.0525519,-1.4362416,-1.413315,-1.0153037,-2.002986,-0.74327767,-2.6805944,-1.2629219,-1.4070257,-2.243124,-0.17414841,-1.2041177,0.5889809,-0.7578727,1.1652853,-1.0773426,-2.6656485,-1.4867322,1.4561553,1.1686525,0.7343836,0.99741375,-1.7749218,0.8384364,-1.944443,-1.1311837,-1.797981,-1.4250286,-3.2083344,-1.9683206,-3.4833925,-1.413762,-1.47869,-0.395764,-0.9764312,-2.5633593,-2.2994592,-1.2881882,-0.72232795,-0.28027615,-0.8506575,-1.5970848,0.24420285,-3.3993468,-1.709063,-1.4057488,-3.6639392,-1.3188044,-2.7356133,-2.06248,-2.2457085,-2.2738407,-0.23356548,-1.5453688,-0.0943398,-1.0331968,-1.900226,-2.1377976,-0.54105335,-0.69807893,0.12991865,-0.16921714,1.3709891,-1.3816864
-1.6531159,-0.3241292,2.385122,-1.3532481,-0.037208077,1.0053978,-0.3246449,-2.0257552,-0.76789135,-1.7708246,-0.41332445,-0.7930477,-0.20928226,-1.5795835,-1.1975831,-3.0677977,-1.2669535,1.8806523,0.15920088,0.06614429,0.8270776,-0.20009065,-1.598962,-1.305202,-0.67733765,-2.0206335,-0.71967024,-2.6816363,-1.261528,-1.3445834,-2.1042535,0.0011519385,-1.2089574,0.744791,-0.6897465,1.0290799,-1.2403902,-2.8199153,-1.5698228,1.4711745,1.1018326,1.0312821,0.6540098,-1.7200818,0.5947599,-1.7454683,-1.2429821,-1.6998484,-1.2882899,-3.041609,-1.7359096,-3.4775329,-1.2913551,-1.6282892,-0.44299403,-0.7538469,-2.3736894,-2.152915,-1.1268564,-0.6846766,-0.16114439,-0.6677715,-1.6623958,0.021098908,-3.2725668,-1.5046321,-1.3947507,-3.660587,-1.1325214,-2.4860306,-2.0496037,-2.0925384,-2.1074185,-0.12763388,-1.5753787,-0.049953997,-0.92078334,-1.9703982,-2.4806225,-0.6706323,-0.5407139,0.42032847,0.04207732,1.8734397,-1.3324881
-1.5145986,-0.25937533,1.9640759,-1.4595503,-0.36261508,0.7477112,-0.42748067,-1.8747572,-0.94728976,-1.6862549,-0.396864,-0.89409506,0.04049923,-1.3981822,-1.0729991,-2.8043878,-1.2211651,2.3333106,0.021030644,0.11270216,0.70269537,-0.33116126,-1.7056797,-1.1898474,-0.3747273,-1.9534808,-0.6961104,-2.5857944,-1.2144681,-1.2171315,-1.8639102,0.17295533,-1.1927853,0.9026605,-0.59335333,0.7936663,-1.4103276,-2.8287468,-1.5916603,1.3207945,0.8289805,1.2181033,0.1916647,-1.5605593,0.34404457,-1.4717475,-1.3836386,-1.5991628,-1.1577761,-2.7896214,-1.4772673,-3.3427615,-1.157815,-1.6649617,-0.49738327,-0.5293837,-2.1036506,-1.9386733,-0.9352449,-0.7022722,-0.08498449,-0.5838657,-1.7236302,-0.19009437,-3.0560603,-1.294255,-1.3768504,-3.4990096,-0.9053264,-2.1828709,-1.9863352,-1.857786,-1.8513067,-0.005079823,-1.5317575,0.029643783,-0.7841738,-1.9982427,-2.7515144,-0.82871175,-0.41962647,0.5888528,0.11723231,2.261697,-1.3313287
-1.3458182,-0.19048277,1.4501996,-1.4850628,-0.6751193,0.42973694,-0.5190778,-1.6650894,-1.0939418,-1.5533673,-0.40132785,-0.98719764,0.19405699,-1.1911504,-0.9107262,-2.4414988,-1.1434685,2.7402515,-0.120735504,0.20164375,0.4605397,-0.43176866,-1.7368056,-1.0700827,-0.14309208,-1.7926351,-0.6729799,-2.4016016,-1.139362,-1.0414163,-1.5523854,0.31702992,-1.150053,1.0293998,-0.49196202,0.47917357,-1.559884,-2.6882763,-1.5462059,1.0259032,0.39188868,1.2557952,-0.33265686,-1.3185269,0.109120004,-1.1436056,-1.5283567,-1.4873075,-1.0377614,-2.4703119,-1.2296323,-3.0794485,-1.0237881,-1.5802858,-0.5513604,-0.3227141,-1.7699418,-1.6756984,-0.7426058,-0.7807838,-0.07603202,-0.6281692,-1.7733831,-0.36861834,-2.7618554,-1.0971276,-1.3585707,-3.1843474,-0.6658578,-1.8500654,-1.8860805,-1.5659504,-1.535853,0.11305931,-1.4275126,0.120492056,-0.64267284,-1.9822296,-2.904814,-1.0068185,-0.34329754,0.6004114,0.04006424,2.4792156,-1.3728145
-1.159693,-0.12583174,0.8802304,-1.420327,-0.92722857,0.09133854,-0.5805405,-1.4241672,-1.2081616,-1.3885022,-0.42162442,-1.059197,0.2445614,-0.9849142,-0.7198873,-2.0102243,-1.0544065,3.0114582,-0.264681,0.31126344,0.12704544,-0.49202067,-1.6798414,-0.9475793,-0.007817799,-1.5404799,-0.6482278,-2.143791,-1.0514313,-0.84022635,-1.2056558,0.41017237,-1.0778685,1.091304,-0.40976536,0.11870627,-1.6638515,-2.4116204,-1.4346457,0.62549996,-0.1448326,1.1293302,-0.85051906,-1.0247581,-0.09180232,-0.78697085,-1.6499346,-1.3541504,-0.93007195,-2.104916,-1.0242189,-2.6995597,-0.89675754,-1.385822,-0.59658176,-0.15024993,-1.396959,-1.3860966,-0.57538253,-0.9063595,-0.15033749,-0.8093689,-1.8002564,-0.4956542,-2.4056854,-0.9289552,-1.3455626,-2.7362216,-0.4434447,-1.5127915,-1.7618219,-1.2480311,-1.1958667,0.20377803,-1.282527,0.19372293,-0.5181034,-1.9219508,-2.9093895,-1.1956238,-0.31038806,0.4455262,-0.17758524,2.4885085,-1.4334052
-0.96890295,-0.06945809,0.29701808,-1.269378,-1.0820076,-0.22845003,-0.6003419,-1.1785529,-1.2900276,-1.2076756,-0.44966295,-1.1011552,0.2000601,-0.80271745,-0.51377475,-1.5438683,-0.9714844,3.0741816,-0.40873545,0.4192135,-0.25744456,-0.50669026,-1.5320231,-0.82312626,0.019324897,-1.2114084,-0.61904037,-1.8316602,-0.96160495,-0.63951045,-0.86124074,0.433458,-0.9772942,1.0605301,-0.367806,-0.245864,-1.7032106,-2.0266328,-1.2647982,0.1695009,-0.704852,0.851818,-1.2934861,-0.7143927,-0.24699108,-0.42938635,-1.7227212,-1.1901971,-0.83396065,-1.7154015,-0.88178223,-2.2262871,-0.7804954,-1.1119651,-0.6240339,-0.023374667,-1.0144583,-1.0922804,-0.45387557,-1.0486217,-0.31141794,-1.1127992,-1.7915205,-0.5565688,-2.0059636,-0.80027294,-1.3416184,-2.187529,-0.26364398,-1.1942502,-1.6244751,-0.93783134,-0.86643875,0.24550705,-1.1206316,0.22053698,-0.4317384,-1.8177124,-2.7538729,-1.3843434,-0.310875,0.14240195,-0.49944124,2.2764633,-1.4747902
-0.78540945,-0.020873416,-0.25499624,-1.0486165,-1.1190248,-0.4975151,-0.57621795,-0.95081484,-1.338519,-1.0245763,-0.4762368,-1.1111481,0.08078095,-0.66121995,-0.30873543,-1.0748717,-0.90619844,2.8858538,-0.5502837,0.5052011,-0.6451896,-0.47476566,-1.3022437,-0.6977448,-0.05863349,-0.83086073,-0.5831284,-1.4870365,-0.87584895,-0.4651775,-0.5536142,0.37516168,-0.8539372,0.92000794,-0.38053238,-0.56972,-1.6676471,-1.5713054,-1.048903,-0.2904107,-1.2124627,0.46356615,-1.603925,-0.4217813,-0.35153028,-0.09621065,-1.7271034,-0.9893045,-0.7470206,-1.322363,-0.80987936,-1.6921362,-0.6757317,-0.8038089,-0.625064,0.05266208,-0.6537078,-0.8149768,-0.38986805,-1.1666831,-0.5485304,-1.5007485,-1.7371085,-0.5425142,-1.5822423,-0.71612215,-1.3476485,-1.5812677,-0.14457381,-0.91304547,-1.4819355,-0.6672851,-0.57839745,0.2216505,-0.9654722,0.1777486,-0.40094334,-1.6710783,-2.4486418,-1.5600823,-0.32812104,-0.26579,-0.8720584,1.8571376,-1.451552
-0.6204567,0.02447228,-0.73385435,-0.784293,-1.0380071,-0.6954067,-0.51529044,-0.7570068,-1.3519866,-0.8498097,-0.4936737,-1.0949483,-0.08526154,-0.56793416,-0.12173563,-0.63255006,-0.862337,2.4415412,-0.6871463,0.5529791,-0.9885476,-0.3990572,-1.0102123,-0.5736631,-0.22570601,-0.4332614,-0.54063493,-1.1326896,-0.7959475,-0.33966094,-0.31014413,0.23248588,-0.71747726,0.66704434,-0.4535308,-0.812007,-1.5564597,-1.0877062,-0.8022736,-0.7088621,-1.6041111,0.025836969,-1.7441376,-0.17530385,-0.40649995,0.19270624,-1.6527671,-0.750914,-0.66589034,-0.94310015,-0.802596,-1.1353484,-0.5812498,-0.5131852,-0.59344,0.07984964,-0.343639,-0.57081324,-0.38548368,-1.2175713,-0.83679986,-1.9171603,-1.6319451,-0.45165277,-1.1540747,-0.6763735,-1.3613013,-0.9662012,-0.09516049,-0.6812073,-1.3383361,-0.46251664,-0.35472298,0.123617895,-0.83721024,0.052213226,-0.43642712,-1.4857203,-2.02379,-1.7071781,-0.3420396,-0.71738446,-1.2346102,1.2704597,-1.3205918
-0.48385337,0.073930964,-1.1045698,-0.50764704,-0.8586773,-0.8159041,-0.43283242,-0.6060475,-1.3287815,-0.68997663,-0.49827704,-1.0649072,-0.2676168,-0.52042955,0.03174456,-0.24061474,-0.83562165,1.7745211,-0.8176888,0.5509241,-1.2469785,-0.2854664,-0.68501186,-0.45533755,-0.4565507,-0.057939313,-0.49532768,-0.7904966,-0.72022796,-0.27883792,-0.14739764,0.012259916,-0.5805451,0.31435287,-0.582769,-0.9418299,-1.377817,-0.6154994,-0.5413014,-1.0531647,-1.8373804,-0.38936767,-1.701595,0.0072330916,-0.41741195,0.42435262,-1.5006207,-0.4815679,-0.58758205,-0.591068,-0.8422986,-0.5953378,-0.49589354,-0.28924567,-0.5268441,0.06719527,-0.106792316,-0.37116846,-0.43318674,-1.1647846,-1.1403524,-2.2948387,-1.4782768,-0.28976968,-0.73947424,-0.6763089,-1.3769641,-0.39127192,-0.11455389,-0.50320405,-1.1942598,-0.33993998,-0.2074699,-0.047074802,-0.74973565,-0.15613762,-0.53986835,-1.2683359,-1.523939,-1.8071439,-0.33286875,-1.1415273,-1.528362,0.5776606,-1.0509588
-0.38265684,0.1360885,-1.3427255,-0.25013548,-0.6173158,-0.8668349,-0.34926292,-0.4997207,-1.2690605,-0.54783666,-0.49186027,-1.0372248,-0.4384879,-0.5062445,0.14018793,0.084228635,-0.8146217,0.95019394,-0.9411485,0.4929997,-1.3929625,-0.14214306,-0.36125365,-0.3493598,-0.7207747,0.25513467,-0.45440808,-0.48015165,-0.6452333,-0.28989667,-0.06931344,-0.2696359,-0.45701104,-0.11133248,-0.75539464,-0.9431976,-1.1466956,-0.18687601,-0.2818391,-1.3065957,-1.8957939,-0.71206826,-1.4906079,0.12148964,-0.3919382,0.5930299,-1.282956,-0.19494882,-0.5101452,-0.2752368,-0.902811,-0.107693724,-0.41996723,-0.1687394,-0.42883018,0.029840002,0.044153195,-0.22086975,-0.51664996,-0.985807,-1.4171115,-2.5653605,-1.2851723,-0.07000073,-0.3536616,-0.70810777,-1.386104,0.10038802,-0.193137,-0.37602815,-1.047322,-0.30430865,-0.13660999,-0.27811366,-0.708716,-0.43347472,-0.70284474,-1.0291587,-1.0006922,-1.8395814,-0.28478277,-1.468809,-1.7049999,-0.1467581,-0.6313616
-0.321293,0.21865673,-1.4371792,-0.038398944,-0.36037824,-0.86735326,-0.28648287,-0.43399346,-1.1758864,-0.42198303,-0.4819561,-1.0272317,-0.57651585,-0.5050513,0.19777396,0.33395064,-0.78277886,0.054535244,-1.0574164,0.37882054,-1.4154519,0.01995286,-0.0748706,-0.26417843,-0.98807317,0.4706194,-0.42741448,-0.21767801,-0.56694883,-0.36991447,-0.06655227,-0.5899982,-0.35986006,-0.57246524,-0.951625,-0.81726724,-0.88236237,0.17715596,-0.03795958,-1.467893,-1.7897274,-0.8869298,-1.1492087,0.17719759,-0.33797407,0.69997287,-1.0215764,0.089476205,-0.43304038,-0.00032036207,-0.9540685,0.30099964,-0.35560027,-0.1685097,-0.30861762,-0.012488593,0.10830418,-0.11765672,-0.61262697,-0.6773763,-1.6252563,-2.6691954,-1.0668586,0.18774626,-0.007695731,-0.76084745,-1.3778744,0.47677606,-0.31406683,-0.28992665,-0.892595,-0.34798446,-0.13000393,-0.5472113,-0.71089935,-0.753372,-0.90689087,-0.78161806,-0.5043791,-1.7840924,-0.1881238,-1.6420146,-1.7329462,-0.8244757,-0.074704826
-0.29928336,0.32654557,-1.3915918,0.10964308,-0.13628413,-0.8431708,-0.26363504,-0.40045127,-1.0560125,-0.30770838,-0.47986367,-1.044735,-0.66852003,-0.49188262,0.20532826,0.50925183,-0.72167325,-0.82012814,-1.1659476,0.21416621,-1.3208582,0.18688242,0.1417494,-0.20842753,-1.2315669,0.5623872,-0.4237899,-0.014237372,-0.4819734,-0.5059763,-0.11828356,-0.9203166,-0.2990079,-1.0253599,-1.1474354,-0.5823095,-0.605652,0.4680262,0.17912176,-1.5480367,-1.5521827,-0.88368714,-0.7329142,0.19621405,-0.26207423,0.7514498,-0.7442181,0.3492484,-0.3566825,0.23294899,-0.966609,0.6164325,-0.30644286,-0.28090057,-0.1802673,-0.037907854,0.09682778,-0.05221951,-0.6933956,-0.2571682,-1.7292329,-2.5648496,-0.8397258,0.45842484,0.29186773,-0.8217308,-1.3397981,0.72081816,-0.45550582,-0.23007664,-0.7239319,-0.45187193,-0.16532095,-0.82466006,-0.7445327,-1.0800698,-1.1249163,-0.540639,-0.07646109,-1.6234168,-0.041309327,-1.6243877,-1.6005566,-1.3835504,0.58246577
-0.31136474,0.46014056,-1.2245868,0.18696164,0.012902801,-0.82080275,-0.2933578,-0.38796502,-0.920276,-0.1978705,-0.4976493,-1.0895483,-0.7094543,-0.44106373,0.17040512,0.61907774,-0.61442,-1.5895528,-1.2643448,0.011623413,-1.1314738,0.34144682,0.26433048,-0.1887917,-1.4303498,0.5173742,-0.44940042,0.12506068,-0.3881882,-0.6765572,-0.1951902,-1.2296532,-0.27929437,-1.4256182,-1.317205,-0.27128854,-0.3367392,0.68876565,0.36207184,-1.5640655,-1.232158,-0.7024448,-0.30581713,0.20823413,-0.16870771,0.7578132,-0.48011315,0.5625472,-0.2818601,0.42731723,-0.9157896,0.83829635,-0.27547613,-0.47444558,-0.05943671,-0.025419261,0.031508543,-0.009079988,-0.7301377,0.23775424,-1.7051251,-2.235716,-0.61816734,0.71344936,0.5432046,-0.8760216,-1.2586396,0.8322909,-0.59274733,-0.1785618,-0.53476214,-0.58785605,-0.2134831,-1.0767629,-0.79075533,-1.3733127,-1.3238974,-0.3203988,0.2557508,-1.3473698,0.14941153,-1.4052367,-1.3165544,-1.7677518,1.2847012
-0.34713042,0.6138635,-0.968349,0.1981125,0.058785487,-0.821995,-0.37927383,-0.38435876,-0.7823406,-0.08424511,-0.54396176,-1.1493822,-0.7005801,-0.33111817,0.1067096,0.6791102,-0.4492291,-2.1889155,-1.3478136,-0.20979941,-0.88132834,0.46369323,0.27989346,-0.2079169,-1.5698404,0.33810157,-0.50376916,0.20145634,-0.28553745,-0.85397077,-0.26454425,-1.4873172,-0.299362,-1.7330401,-1.4364468,0.072661564,-0.0932407,0.8512893,0.5074398,-1.5329546,-0.88528025,-0.37395614,0.06921534,0.24453111,-0.0606305,0.7319798,-0.25491315,0.7125785,-0.20832416,0.58832204,-0.7856197,0.9796058,-0.2627609,-0.69846165,0.039864827,0.04210756,-0.058550227,0.031607553,-0.6966154,0.75599486,-1.5439168,-1.6931391,-0.41150144,0.9237919,0.7485951,-0.9078206,-1.1215802,0.8273743,-0.7001814,-0.11669246,-0.31968093,-0.722662,-0.243041,-1.2701951,-0.82606107,-1.5938498,-1.4686978,-0.13113096,0.48136055,-0.9569498,0.37089118,-1.0012636,-0.90805703,-1.9430583,1.965866
-0.39103007,0.7756325,-0.6652505,0.15758753,-0.008510939,-0.8593443,-0.51463175,-0.37772787,-0.6572446,0.040418174,-0.62040514,-1.2007749,-0.64676964,-0.14918657,0.03236376,0.70928806,-0.2224427,-2.5796378,-1.4087262,-0.4253784,-0.61037046,0.53248847,0.18909934,-0.26222876,-1.6412987,0.043179456,-0.5778346,0.22278759,-0.17630725,-1.0079241,-0.29544497,-1.6655797,-0.35094765,-1.9161386,-1.4842443,0.40198818,0.11110496,0.9721629,0.61544126,-1.4657474,-0.56434274,0.045676693,0.33972874,0.331223,0.060220834,0.68772095,-0.08641395,0.79092497,-0.13441473,0.72328603,-0.57111585,1.063491,-0.26349097,-0.8923129,0.109499514,0.17423245,-0.14125586,0.09152781,-0.57360137,1.2392582,-1.2529616,-0.97559637,-0.22172488,1.0628405,0.9136258,-0.90071106,-0.91777384,0.7355233,-0.7533672,-0.027368594,-0.07587984,-0.821999,-0.22534013,-1.3764725,-0.8258752,-1.7090247,-1.5266122,0.022948768,0.6048021,-0.46793342,0.6048692,-0.4537906,-0.41615498,-1.9016336,2.5595727
-0.42488188,0.92735034,-0.36313882,0.08708099,-0.17883882,-0.9339651,-0.6825941,-0.35775766,-0.55908394,0.18050204,-0.7187493,-1.2126299,-0.55354744,0.10552652,-0.031992238,0.7303587,0.059733916,-2.7506967,-1.4374934,-0.6071147,-0.35884416,0.52838546,0.006068965,-0.34123626,-1.6404641,-0.33406782,-0.6534739,0.20264691,-0.0654043,-1.1094669,-0.2640976,-1.742307,-0.4197679,-1.9552298,-1.4452671,0.67068166,0.26684994,1.0677435,0.6893654,-1.3649682,-0.31133005,0.48427755,0.47119892,0.4828549,0.19090414,0.6382385,0.01816991,0.79990053,-0.05647992,0.83985204,-0.27895907,1.118078,-0.26635036,-0.9964352,0.14972487,0.3707344,-0.18637115,0.19048819,-0.3528748,1.6310674,-0.85464084,-0.1436925,-0.04334659,1.110313,1.0456504,-0.83931065,-0.6404696,0.594685,-0.7311046,0.10251407,0.19558136,-0.8554364,-0.1393484,-1.3758076,-0.7681318,-1.6973406,-1.472113,0.14507021,0.6425845,0.08738447,0.8304879,0.1773667,0.10989049,-1.6619852,3.0086083
-0.4297862,1.046447,-0.109415986,0.011497988,-0.42382836,-1.0354898,-0.8584194,-0.31680903,-0.4984599,0.33562776,-0.8205111,-1.1532305,-0.42535067,0.41989657,-0.065883376,0.7610755,0.38084045,-2.7156346,-1.4246354,-0.72707343,-0.16127273,0.43789503,-0.24281868,-0.42776385,-1.5663267,-0.7488565,-0.7055534,0.15849617,0.0396998,-1.135139,-0.1582799,-1.7030587,-0.48734862,-1.8445705,-1.3114507,0.84027207,0.36900213,1.1497369,0.7344963,-1.2243695,-0.15146175,0.865277,0.45143107,0.6980854,0.3257586,0.5950244,0.06338092,0.7528288,0.03033565,0.9444274,0.07256002,1.1701978,-0.25479108,-0.963897,0.17022385,0.6199537,-0.17001557,0.34293237,-0.04032724,1.8853743,-0.38393292,0.7276093,0.1347821,1.0551836,1.1519654,-0.7115333,-0.28925046,0.44530982,-0.6179853,0.28000176,0.4881321,-0.80030334,0.024391616,-1.2599025,-0.6373612,-1.5517688,-1.291279,0.24519484,0.6181981,0.66098946,1.0268086,0.8224521,0.6190024,-1.2653012,3.2729485
-0.3898339,1.1087588,0.05574262,-0.045341123,-0.7018796,-1.14422,-1.0125908,-0.25065526,-0.4804769,0.50000584,-0.8990469,-0.99750096,-0.26444125,0.7674093,-0.05197191,0.8144796,0.71553326,-2.5061016,-1.363287,-0.76187944,-0.042019684,0.25781342,-0.52259195,-0.5000404,-1.4201603,-1.1500312,-0.7056488,0.10943429,0.12958193,-1.0703269,0.020465126,-1.5430627,-0.5339764,-1.5928744,-1.0832573,0.88449323,0.4167777,1.22154,0.75714266,-1.0324031,-0.09074254,1.1192882,0.29133925,0.9582663,0.45472875,0.5658668,0.06386189,0.67208874,0.13088733,1.0405817,0.4557317,1.2395881,-0.20873643,-0.7695864,0.1885596,0.8990682,-0.078204416,0.55410916,0.3424162,1.9734056,0.11580655,1.5585934,0.32489145,0.898269,1.2386706,-0.5107864,0.127654,0.32378042,-0.40625188,0.50466484,0.78931993,-0.6453456,0.26125002,-1.033518,-0.42784965,-1.2808899,-0.98497826,0.33739787,0.55687827,1.1935697,1.175165,1.411305,1.064643,-0.76926917,3.3340936
-0.2948575,1.0922041,0.10505463,-0.06469245,-0.96528226,-1.2349883,-1.1149737,-0.15918006,-0.5037213,0.66184086,-0.9234586,-0.7347034,-0.07155879,1.1114311,0.021796003,0.89569044,1.0327207,-2.1644034,-1.2519226,-0.6970837,-0.013217459,-0.0012365152,-0.79419315,-0.5344379,-1.2054343,-1.4864367,-0.6274818,0.07331999,0.19348076,-0.9119501,0.2567886,-1.2683254,-0.54200345,-1.2224394,-0.7704311,0.79233366,0.4127345,1.2766726,0.7640983,-0.778278,-0.11677879,1.1940794,0.02238501,1.2293888,0.56325287,0.5538049,0.040882297,0.5852055,0.24812154,1.1279949,0.83649385,1.3347608,-0.109204866,-0.41610646,0.22657025,1.1766907,0.091089584,0.8177353,0.75904727,1.8877275,0.59725744,2.2748075,0.5359669,0.6528751,1.3088443,-0.23855658,0.5919262,0.25740632,-0.09818905,0.7679103,1.080599,-0.3923916,0.55236846,-0.7141806,-0.14605421,-0.9080035,-0.5704029,0.43623057,0.48140773,1.6219903,1.2613547,1.8822023,1.4101034,-0.23960906,3.1956224
-0.14342156,0.9809734,0.028683096,-0.035839014,-1.1684809,-1.2817461,-1.1393447,-0.04637743,-0.56061524,0.80522525,-0.86466134,-0.3727827,0.15290526,1.4105555,0.15967223,1.0003968,1.2995474,-1.7363098,-1.0958817,-0.5306955,-0.07387968,-0.3131756,-1.0198866,-0.5095566,-0.9283417,-1.7136102,-0.4525004,0.06394415,0.22096953,-0.66925055,0.52368796,-0.89587903,-0.4996843,-0.767208,-0.39204076,0.56915885,0.36235976,1.2996663,0.762265,-0.45827088,-0.20247741,1.0617217,-0.30932522,1.4674233,0.63293326,0.5563692,0.017849265,0.51974386,0.3817478,1.2019985,1.1784843,1.451028,0.057613935,0.06561237,0.3053213,1.4171238,0.32810807,1.1151528,1.1619543,1.6432078,1.0140587,2.8152385,0.7690068,0.34370804,1.3619163,0.09410414,1.074933,0.2602222,0.29292005,1.0534545,1.338866,-0.056839492,0.8666646,-0.33029488,0.18897854,-0.46818465,-0.080055535,0.55202836,0.40919185,1.8893931,1.2771804,2.1889675,1.6321738,0.25925818,2.880975
0.056459527,0.7692316,-0.1641399,0.042390697,-1.2754678,-1.2624106,-1.0676314,0.0796482,-0.63875115,0.9119249,-0.70138216,0.06057874,0.40686283,1.6254531,0.35761133,1.1152345,1.4859669,-1.265753,-0.9081315,-0.27517307,-0.21167663,-0.6382105,-1.168426,-0.409892,-0.5985448,-1.8001066,-0.17488606,0.08889676,0.2032942,-0.36316073,0.7871359,-0.45316437,-0.4038318,-0.26943967,0.024696805,0.2357994,0.2733273,1.2697744,0.7586524,-0.08109034,-0.31185845,0.7215872,-0.6510586,1.6261306,0.6443667,0.5653919,0.014696251,0.49784353,0.5271182,1.254126,1.4473124,1.571798,0.2960395,0.62014025,0.4394402,1.5857198,0.6127845,1.416938,1.498479,1.273861,1.3253487,3.1386998,1.013861,0.0041517206,1.3933263,0.4658672,1.5395466,0.33191517,0.7429001,1.3389558,1.5387924,0.33380505,1.1652079,0.081968665,0.54742455,-0.003833838,0.44120267,0.6874091,0.3509852,1.9556661,1.2214656,2.3050737,1.7229203,0.6723229,2.4284108
0.2867235,0.46373942,-0.44645032,0.1618396,-1.2658384,-1.1626483,-0.8932469,0.20749635,-0.723562,0.9647878,-0.42566976,0.52131236,0.6850503,1.726207,0.60298145,1.2197794,1.5690849,-0.79125965,-0.70752317,0.04289746,-0.4052039,-0.9280047,-1.2196817,-0.2290846,-0.22965883,-1.7322663,0.19529818,0.14832662,0.13538077,-0.023973742,1.0113996,0.023902724,-0.26129252,0.22417,0.44609654,-0.17442983,0.15508486,1.1663028,0.76021606,0.32890496,-0.40702042,0.20000115,-0.9519198,1.665873,0.5804961,0.5682412,0.043768108,0.5315916,0.6750616,1.2738969,1.6151587,1.6722134,0.59816283,1.1761993,0.63258374,1.6547939,0.91835207,1.6869239,1.718452,0.8273398,1.4999858,3.226898,1.24948,-0.32791787,1.3952645,0.84700185,1.9438221,0.45845056,1.2182243,1.5988071,1.6560564,0.7432607,1.4070349,0.48260978,0.8919806,0.44054908,0.9415642,0.8347912,0.31169334,1.8063451,1.1002159,2.2256083,1.6890532,0.9606414,1.885213
0.52177215,0.08454762,-0.77778625,0.30684444,-1.1377379,-0.97864944,-0.6231486,0.32359502,-0.8011482,0.9506657,-0.04645192,0.9562255,0.97807163,1.6977484,0.876092,1.289943,1.5362949,-0.34495246,-0.5166128,0.38530654,-0.6280266,-1.1335473,-1.1672242,0.028084334,0.16039664,-1.5170566,0.6318695,0.23464379,0.016894719,0.31264603,1.165091,0.49401703,-0.088710785,0.6673612,0.8351552,-0.6197625,0.018565627,0.9750894,0.77348036,0.733347,-0.45491368,-0.45380318,-1.1705357,1.5618218,0.4307447,0.549436,0.106400855,0.62015027,0.8130452,1.2509681,1.6644995,1.7251351,0.94354224,1.6573822,0.8749145,1.6088182,1.2152609,1.8877181,1.7824595,0.35685867,1.5199369,3.0848918,1.4462453,-0.6148971,1.358097,1.201896,2.2463462,0.61524534,1.679256,1.8077021,1.6713172,1.1306956,1.555756,0.8323995,1.1829276,0.82363623,1.3686718,0.97690356,0.29164648,1.4572066,0.9256454,1.9653664,1.5492427,1.1046824,1.3016384
0.73098344,-0.33646816,-1.1109686,0.45683894,-0.9076698,-0.71808577,-0.27779657,0.41398448,-0.86075133,0.8632824,0.40969756,1.3120636,1.271789,1.5433033,1.1527526,1.3023374,1.3870418,0.047711775,-0.357303,0.70761544,-0.85203296,-1.214258,-1.0194058,0.34527484,0.5501886,-1.1812469,1.0948621,0.33425578,-0.14658816,0.61000735,1.2259586,0.914022,0.08941906,1.0184685,1.1553316,-1.0551007,-0.12377084,0.69409597,0.803999,1.084465,-0.43272042,-1.1742398,-1.2809016,1.3096105,0.19436768,0.49340016,0.19292168,0.74935824,0.9264615,1.177468,1.5904062,1.7068777,1.3007243,1.9942485,1.1431522,1.4472401,1.4754727,1.9872148,1.6688308,-0.08736285,1.3827084,2.7389464,1.5714595,-0.82425267,1.2722468,1.4937093,2.4126453,0.7717273,2.0844982,1.9441583,1.573606,1.4560093,1.5855397,1.0967897,1.3838451,1.1118131,1.6765354,1.0892335,0.2885805,0.9539828,0.71475685,1.5559608,1.3302118,1.1048399,0.725524
0.8837352,-0.75943756,-1.3996779,0.590259,-0.60744095,-0.39928213,0.11090456,0.46617848,-0.89624625,0.7044233,0.90099984,1.5453786,1.5482364,1.284613,1.4070807,1.239395,1.1328542,0.3673649,-0.24681039,0.9660277,-1.0517744,-1.1465306,-0.7980989,0.69607365,0.9165711,-0.7681084,1.5355349,0.42975035,-0.34386048,0.8354079,1.184541,1.2438055,0.24429405,1.2449356,1.3746628,-1.4370297,-0.25773215,0.33670083,0.8549533,1.333163,-0.33150572,-1.8871797,-1.2744979,0.9273876,-0.11805816,0.38788185,0.28414533,0.8940041,1.0012009,1.0504673,1.4016405,1.6026381,1.6312591,2.1346605,1.4036642,1.185477,1.6760004,1.9646106,1.3784792,-0.46550736,1.1024323,2.2326503,1.5960864,-0.93311626,1.1308165,1.6896734,2.420913,0.89647484,2.3954835,1.9936968,1.3628699,1.685033,1.4856583,1.2496365,1.4669529,1.2824416,1.831813,1.1449906,0.29975957,0.36602765,0.48678455,1.0409675,1.0621958,0.9786367,0.19845675
0.95335263,-1.1417141,-1.6053939,0.68770987,-0.27821493,-0.049038738,0.50351655,0.4712195,-0.9061408,0.48458523,1.3758417,1.6301019,1.7867076,0.9585326,1.6149682,1.0928706,0.79610384,0.6002551,-0.19483311,1.1245813,-1.2070303,-0.92940986,-0.5352707,1.0470117,1.2367934,-0.33099666,1.90343,0.5032688,-0.55880815,0.96451855,1.0451833,1.4503728,0.34776044,1.3264447,1.4698799,-1.7283072,-0.3678057,-0.06798817,0.9262353,1.4381703,-0.15708213,-2.51832,-1.1592875,0.4536595,-0.4848578,0.22689758,0.35607678,1.0222148,1.0258098,0.87284935,1.1196148,1.4100723,1.8949934,2.0517454,1.6180793,0.8525399,1.8012786,1.8142736,0.9359756,-0.7529731,0.7087156,1.6215483,1.5005741,-0.93114245,0.93152547,1.7658745,2.2663324,0.9624467,2.5811818,1.9510326,1.0512432,1.7936333,1.2626331,1.2754612,1.417432,1.325481,1.8181231,1.1211919,0.3232026,-0.224438,0.26071948,0.47049278,0.77475953,0.75623536,-0.24689893
0.9220128,-1.4439931,-1.70284,0.7353506,0.036444277,0.30117872,0.8585841,0.42557883,-0.89259464,0.22205648,1.7800292,1.5622611,1.9659309,0.6113733,1.7567661,0.8666442,0.4072292,0.73877144,-0.2014801,1.1621487,-1.304879,-0.5856024,-0.2678757,1.3617884,1.491355,0.07471605,2.153669,0.54007757,-0.77186,0.9845428,0.82514256,1.5122484,0.37697658,1.2567778,1.4296846,-1.9013693,-0.43728238,-0.47858238,1.0134237,1.3747495,0.07191191,-3.0010982,-0.9556506,-0.058574893,-0.87601393,0.013771515,0.38536242,1.1015586,0.99356514,0.6539963,0.77559817,1.1402212,2.0556068,1.7479533,1.7499835,0.48694462,1.8442634,1.5475825,0.38715065,-0.9421122,0.24376288,0.96747154,1.2803469,-0.82221085,0.67842144,1.7113252,1.9628603,0.9511832,2.6220407,1.8205485,0.662465,1.7711657,0.93947244,1.1709657,1.2357469,1.2436697,1.6382152,1.0047821,0.35857943,-0.7355073,0.052874316,-0.10327608,0.49415195,0.47488666,-0.5875066
0.78421324,-1.6359411,-1.6820519,0.7268898,0.29788285,0.61928254,1.138439,0.3322811,-0.85906297,-0.059193417,2.0651574,1.360601,2.0668528,0.29161203,1.8194296,0.5769365,0.0016656258,0.7824941,-0.25759813,1.0760326,-1.340783,-0.1586112,-0.0320874,1.6061918,1.6666405,0.40007463,2.2537744,0.5316443,-0.9619395,0.89623094,0.55186814,1.4224384,0.31913453,1.044648,1.2567649,-1.9405407,-0.44945318,-0.8470563,1.1077296,1.1405026,0.3278549,-3.2833524,-0.6905943,-0.55047774,-1.2570401,-0.23762986,0.35538206,1.1055876,0.9044257,0.40914813,0.40677422,0.8160915,2.086391,1.2546738,1.7721306,0.13129601,1.8061577,1.1916239,-0.20672849,-1.0399575,-0.24203633,0.33225057,0.9480507,-0.62384707,0.3830194,1.5299678,1.5422014,0.8554883,2.5120032,1.6157782,0.22960012,1.6216116,0.5525943,0.94521946,0.9378315,1.051316,1.3137096,0.7973932,0.40749377,-1.0988818,-0.12461782,-0.6304638,0.24180645,0.17337695,-0.8101592
0.5484469,-1.700335,-1.5479003,0.66454035,0.47852206,0.8770211,1.3147172,0.20136955,-0.8080587,-0.33173203,2.1963527,1.0633556,2.0750308,0.04233434,1.7973033,0.25063813,-0.38391042,0.7390339,-0.34640628,0.8835721,-1.3175045,0.2950775,0.14259063,1.7531587,1.7568966,0.6099213,2.188818,0.4778697,-1.1086392,0.7138409,0.2588189,1.190117,0.17435241,0.7120368,0.96825755,-1.8429105,-0.3894656,-1.1262729,1.1969669,0.7572008,0.5800029,-3.332725,-0.3912922,-0.96660405,-1.5938225,-0.5030877,0.2608451,1.0194622,0.76561207,0.15761814,0.051969405,0.46932507,1.9743267,0.6278729,1.672108,-0.17373513,1.6950016,0.78570634,-0.77731556,-1.0637035,-0.69656587,-0.22759828,0.53305495,-0.36446664,0.06413109,1.2413862,1.049865,0.68094903,2.2593577,1.3577315,-0.20824566,1.3632946,0.1468014,0.6187544,0.55341727,0.7721304,0.88220274,0.51762223,0.4726343,-1.2703414,-0.26429042,-1.066801,0.034103945,-0.11214571,-0.91042095
0.23756064,-1.6353755,-1.3172258,0.55884564,0.5657319,1.0537627,1.3723513,0.049363267,-0.73950326,-0.5678023,2.1579218,0.7214829,1.9835052,-0.104996234,1.6918734,-0.078354724,-0.715272,0.6245046,-0.44709185,0.6185454,-1.2433289,0.7154365,0.2379515,1.7865349,1.7648901,0.68780017,1.9636648,0.38778237,-1.1940049,0.4634397,-0.019165754,0.8400923,-0.0433225,0.2919359,0.59389937,-1.6180875,-0.2466753,-1.2774042,1.267602,0.2688287,0.80025417,-3.140569,-0.08012943,-1.263345,-1.8567532,-0.7499302,0.11014172,0.84386075,0.5917319,-0.0787633,-0.25294697,0.13569656,1.7228817,-0.05971721,1.4556843,-0.39466166,1.524024,0.37599578,-1.2585022,-1.0346093,-1.0719299,-0.6661874,0.0781237,-0.07946121,-0.25327507,0.87802523,0.53962827,0.44499695,1.886048,1.0722731,-0.60995317,1.026483,-0.23107104,0.2216771,0.12203702,0.43630448,0.39254996,0.19984128,0.5573028,-1.2356786,-0.36253193,-1.376109,-0.11715337,-0.35092786,-0.89192116
-0.11399561,-1.4543784,-1.0145093,0.42707434,0.5632223,1.1390362,1.3118354,-0.10244914,-0.6499022,-0.7422984,1.9555839,0.39016184,1.7943639,-0.13473633,1.5107355,-0.3741519,-0.9639075,0.4622111,-0.53797036,0.32545558,-1.1295996,1.0490708,0.25002933,1.7036746,1.7014693,0.6375616,1.6026374,0.27879453,-1.2044874,0.17954636,-0.25021055,0.4105838,-0.30727103,-0.17581107,0.17287764,-1.2864463,-0.017204147,-1.2764113,1.3074487,-0.26510546,0.9683368,-2.723656,0.22830485,-1.4147139,-2.0238595,-0.94102186,-0.0752448,0.5958166,0.4031197,-0.27793697,-0.4786771,-0.15000638,1.3518285,-0.72893274,1.1470151,-0.5091036,1.3094772,0.009233237,-1.5955064,-0.9724098,-1.3305923,-0.9519372,-0.36590847,0.19407593,-0.5398413,0.48150814,0.066330016,0.17494154,1.4250164,0.7872445,-0.93678755,0.64961165,-0.5383094,-0.20933658,-0.3118053,0.077224456,-0.101241596,-0.11029008,0.66376346,-1.0112406,-0.41796273,-1.5330749,-0.20438683,-0.5193433,-0.76569927
-0.4637576,-1.1833838,-0.6677018,0.2904869,0.4890789,1.1338784,1.1485661,-0.23033607,-0.5335229,-0.8359041,1.6158433,0.12004025,1.5193954,-0.04874194,1.266067,-0.60371935,-1.1096988,0.2799196,-0.6011713,0.05111733,-0.9874626,1.257817,0.18891907,1.515672,1.583807,0.4818039,1.1457493,0.17367609,-1.1321691,-0.09901511,-0.40954617,-0.051343545,-0.58196163,-0.648984,-0.2510422,-0.8766029,0.2937082,-1.117807,1.3084192,-0.778278,1.0747876,-2.123304,0.52738416,-1.4149768,-2.082628,-1.0405567,-0.26431873,0.30656472,0.22351274,-0.41976583,-0.6056708,-0.35879403,0.8952974,-1.304668,0.78498685,-0.5083299,1.0689883,-0.2734724,-1.7521342,-0.8913043,-1.4499159,-1.0704376,-0.7472919,0.42214832,-0.76524067,0.096947946,-0.32084158,-0.09556081,0.9166968,0.5295844,-1.1563728,0.27448723,-0.7419399,-0.63465875,-0.70439565,-0.27204275,-0.5466988,-0.3632365,0.7922992,-0.63933593,-0.42969003,-1.5250416,-0.2244387,-0.60199565,-0.5497005
-0.7675864,-0.8571982,-0.30484945,0.17129834,0.3717807,1.0501341,0.9101666,-0.311419,-0.38424015,-0.8374732,1.1808274,-0.050585732,1.1794802,0.13473633,0.9730594,-0.74167544,-1.1428806,0.10518636,-0.62503505,-0.16420479,-0.82559806,1.3239144,0.077033795,1.2457374,1.4324579,0.2569682,0.6430294,0.09718122,-0.9760463,-0.33440804,-0.4817832,-0.49566266,-0.82767224,-1.0878186,-0.6350187,-0.4221174,0.67046666,-0.81585807,1.2688421,-1.2077097,1.1214799,-1.4019258,0.8163847,-1.2775744,-2.030228,-1.019567,-0.42234352,0.016674567,0.076689854,-0.48800296,-0.62527573,-0.47086707,0.3972137,-1.7262101,0.4174991,-0.39725885,0.81984067,-0.44181612,-1.7149811,-0.7984328,-1.4240817,-1.0254698,-1.0203505,0.5782122,-0.90136963,-0.23306286,-0.58460677,-0.33115533,0.40439224,0.32249397,-1.2459767,-0.058586527,-0.8224548,-1.0160178,-1.0178269,-0.5821729,-0.8991342,-0.5145284,0.9401743,-0.17941917,-0.3960907,-1.3543211,-0.17951937,-0.5927814,-0.2677679
-0.9852905,-0.513995,0.04819779,0.088903315,0.24419847,0.90843487,0.63212305,-0.3268523,-0.19840236,-0.74592364,0.70200986,-0.10092319,0.80245894,0.38436753,0.6485962,-0.7733622,-1.0644329,-0.039891034,-0.60531205,-0.29398888,-0.648346,1.2514659,-0.055762373,0.9257153,1.2681963,0.0066923574,0.14703402,0.07133568,-0.7421967,-0.49428564,-0.4624144,-0.8757201,-1.0068054,-1.4592438,-0.9424687,0.04218719,1.0872444,-0.40275544,1.1939474,-1.5025377,1.1194143,-0.6361264,1.09642,-1.0309654,-1.8726557,-0.8621918,-0.5170408,-0.23073132,-0.01713902,-0.47171026,-0.5402299,-0.47783694,-0.09448198,-1.9548965,0.093172446,-0.19324164,0.57821786,-0.48009002,-1.4943687,-0.6950254,-1.2643441,-0.8380359,-1.1515551,0.64603496,-0.926224,-0.47388154,-0.7037277,-0.4994371,-0.0705601,0.18328795,-1.1947366,-0.31580657,-0.77564776,-1.3205678,-1.2245047,-0.83034545,-1.1269712,-0.53309137,1.1014454,0.3026076,-0.31444594,-1.0384823,-0.07827329,-0.4957171,0.05151709
-1.0870851,-0.19012289,0.36864623,0.056839112,0.13756622,0.7347258,0.35197994,-0.26500282,0.02261622,-0.5708323,0.23142263,-0.029730754,0.42021757,0.66139674,0.31059304,-0.6964625,-0.8854598,-0.14334528,-0.54570705,-0.32969394,-0.45619965,1.0636841,-0.17720176,0.5911172,1.1089855,-0.22570664,-0.29406804,0.111567415,-0.44350028,-0.55601704,-0.35753065,-1.1545303,-1.0887877,-1.7398523,-1.1473094,0.48394287,1.5100043,0.0759837,1.0951123,-1.6312727,1.0845392,0.09219021,1.3665437,-0.7126568,-1.6231321,-0.5703307,-0.5248966,-0.39755678,-0.044569753,-0.3666315,-0.36345726,-0.38340446,-0.5344651,-1.9780177,-0.14658308,0.077584006,0.35824218,-0.38840896,-1.1214672,-0.5790229,-0.995834,-0.54375243,-1.1240994,0.6210906,-0.8272626,-0.603404,-0.6752843,-0.5754656,-0.47298643,0.12154749,-1.0046661,-0.4732426,-0.6122465,-1.524665,-1.309703,-1.0022976,-1.2148123,-0.40753612,1.2677164,0.7452072,-0.18163118,-0.6100051,0.06343176,-0.32619908,0.37730473
-1.0571808,0.08483038,0.63720405,0.08052931,0.07583465,0.5560143,0.10386496,-0.12335,0.2707664,-0.33135328,-0.18559843,0.14592277,0.064772666,0.92556655,-0.02253905,-0.5202452,-0.6255568,-0.20622614,-0.45602715,-0.28146642,-0.24600257,0.79743993,-0.25862202,0.27610844,0.96769416,-0.40406254,-0.642934,0.22338288,-0.09880343,-0.50913596,-0.18183103,-1.3092192,-1.0548497,-1.9178021,-1.2368563,0.8757963,1.9002125,0.56783974,0.9873265,-1.5852058,1.0325147,0.70638484,1.6200734,-0.36220694,-1.3006508,-0.16563809,-0.4348487,-0.4571943,-0.0011619674,-0.17574148,-0.1161508,-0.20169443,-0.8859891,-1.8092017,-0.27452135,0.3840519,0.17183667,-0.18186794,-0.64251846,-0.44860703,-0.6534661,-0.18804707,-0.93989724,0.5108318,-0.6037443,-0.61419755,-0.5142188,-0.54493797,-0.77791446,0.1383897,-0.690231,-0.51919365,-0.35511822,-1.616155,-1.2723533,-1.0931003,-1.1646256,-0.14891201,1.4289404,1.1002227,0.0040578907,-0.11315869,0.22293875,-0.11049187,0.6790981
-0.89653426,0.29166228,0.8381449,0.1561557,0.07212475,0.3962496,-0.086204216,0.0903119,0.5312456,-0.0538909,-0.5164114,0.39518937,-0.23533924,1.1416131,-0.33218265,-0.26389483,-0.3099697,-0.24307287,-0.34891254,-0.17454386,-0.014203837,0.49584264,-0.27935266,0.008959134,0.8508225,-0.5040812,-0.8768626,0.40142444,0.2692561,-0.35601205,0.043894447,-1.3335334,-0.9003289,-1.992697,-1.2123694,1.1978287,2.2197475,1.0204496,0.88557976,-1.3785989,0.9740052,1.1452996,1.8431439,-0.015255248,-0.92770624,0.31247094,-0.25037068,-0.39907265,0.107357495,0.090616696,0.17529406,0.044718184,-1.1257532,-1.4843554,-0.28183505,0.69510627,0.0282443,0.11213977,-0.11120819,-0.3050346,-0.27611965,0.17982002,-0.6186665,0.33336276,-0.26781145,-0.5136948,-0.2505295,-0.4062005,-0.9725923,0.2264676,-0.2766011,-0.4545128,-0.035345256,-1.5953571,-1.1239299,-1.1066785,-0.9941242,0.21099268,1.575306,1.3386399,0.24116044,0.40079442,0.37289348,0.115886524,0.9304834
-0.62189215,0.423355,0.9602311,0.27113557,0.12714578,0.27279744,-0.20328386,0.3585332,0.7843038,0.23152526,-0.7444164,0.6790281,-0.45867226,1.2842153,-0.5999267,0.04677572,0.03327986,-0.27871236,-0.23765716,-0.043025896,0.24077477,0.20115855,-0.23026013,-0.1914841,0.75867784,-0.51595324,-0.98974925,0.62986726,0.6364792,-0.11117972,0.29629767,-1.237799,-0.6350819,-1.973805,-1.0878354,1.4379766,2.436264,1.3888191,0.8016265,-1.045529,0.911941,1.3715212,2.0152078,0.30123854,-0.52865475,0.8109048,0.011543237,-0.2304122,0.26613206,0.41532654,0.48223665,0.32875577,-1.246274,-1.0543915,-0.17928872,0.98383594,-0.06621261,0.4585969,0.41957685,-0.15408164,0.09911659,0.51345026,-0.19510126,0.11512517,0.15602382,-0.32257813,0.075431906,-0.17011434,-1.05702,0.37087238,0.20273484,-0.29155126,0.31296927,-1.4741062,-0.8855698,-1.0541002,-0.73311883,0.6250225,1.6982287,1.4524708,0.5236302,0.8803029,0.48503387,0.31245652,1.112255
-0.26279998,0.48504984,0.99757326,0.40637797,0.23012269,0.1944443,-0.2444511,0.6564578,1.0085028,0.49567723,-0.86947393,0.95715654,-0.59313315,1.3417953,-0.8087638,0.38261247,0.37649676,-0.3430104,-0.13304879,0.07738239,0.5155796,-0.051765025,-0.11428883,-0.31751543,0.68651694,-0.44389582,-0.99089384,0.8851478,0.98000515,0.20150582,0.55263966,-1.0462893,-0.28230453,-1.8775624,-0.8869429,1.5923474,2.5283496,1.6404955,0.7409667,-0.6342085,0.84113395,1.3763329,2.1125436,0.57117754,-0.12822531,1.2715383,0.3235847,0.025370872,0.45308432,0.7757796,0.7774053,0.6218603,-1.2563732,-0.57688355,0.0050989897,1.2305685,-0.10878523,0.81949764,0.90480536,-0.0053482004,0.44116476,0.77533644,0.28562158,-0.11213049,0.6329311,-0.07090127,0.41891444,0.14141928,-1.0435774,0.5510239,0.70962495,-0.051842168,0.6573032,-1.2734133,-0.5847743,-0.950906,-0.4185405,1.0389842,1.7913405,1.4530128,0.83990216,1.2797103,0.5348083,0.43980175,1.2148355
0.14222538,0.49181056,0.95109457,0.5391038,0.36196038,0.16095696,-0.21732189,0.9552355,1.1849564,0.7147037,-0.90490574,1.1941956,-0.63737345,1.3172255,-0.944576,0.71440756,0.69472927,-0.4639957,-0.041298516,0.15656288,0.8007413,-0.23892847,0.054079887,-0.37224507,0.6264341,-0.30331048,-0.9020439,1.1399323,1.2806531,0.55254143,0.79355156,-0.7927394,0.12483254,-1.723693,-0.6388408,1.6641673,2.4891968,1.759697,0.70155126,-0.19985457,0.75072765,1.1804461,2.113156,0.78911716,0.25019392,1.639855,0.6528342,0.3326536,0.64211154,1.1455232,1.0373619,0.8977561,-1.1781349,-0.10657225,0.23094818,1.4244733,-0.10060743,1.1585605,1.3123937,0.13025542,0.72802734,0.94161505,0.7739155,-0.315769,1.1214675,0.2062406,0.7370255,0.49849847,-0.95426154,0.7430337,1.2048575,0.23714948,0.97072417,-1.0199274,-0.2512281,-0.81418854,-0.088477865,1.4010308,1.8503963,1.3662275,1.1732985,1.5652077,0.50626993,0.46653873,1.2397372
0.552155,0.4648962,0.8293585,0.6470981,0.49963573,0.1645597,-0.13733393,1.2264426,1.3012571,0.87383336,-0.8735193,1.364263,-0.6003978,1.2267679,-0.9979102,1.0158092,0.9676633,-0.6610889,0.035850164,0.17512181,1.0800835,-0.34942797,0.25243288,-0.36760303,0.5696013,-0.116474524,-0.7528161,1.3676807,1.5250968,0.9106468,1.0046185,-0.5147519,0.5470203,-1.532,-0.37351817,1.6626943,2.328047,1.7478865,0.6740521,0.20294672,0.6284246,0.830479,2.0027902,0.9582663,0.58582175,1.8746356,0.9657307,0.64939064,0.8071109,1.4968231,1.24513,1.1349167,-1.0432563,0.31175447,0.45262545,1.563174,-0.04690203,1.4452122,1.6252152,0.24406512,0.94755465,1.0047743,1.2211925,-0.46669424,1.5779669,0.47388154,0.99457103,0.8672434,-0.81765765,0.92275554,1.6518704,0.54527724,1.2342327,-0.7417074,0.08682421,-0.65964836,0.22294569,1.6702284,1.8730373,1.2262925,1.5033673,1.7182436,0.39586627,0.376011,1.1990578
0.928831,0.42695388,0.6486646,0.7122244,0.6208893,0.19270773,-0.02330066,1.446464,1.3544996,0.9696574,-0.8019582,1.4535173,-0.49969348,1.096318,-0.96575284,1.2649922,1.1808634,-0.9392239,0.10046763,0.12670162,1.3329906,-0.38455626,0.4545715,-0.32127547,0.5080691,0.091997,-0.5758792,1.5470616,1.7068126,1.2469506,1.176826,-0.24803704,0.94371045,-1.3191572,-0.117519826,1.6016405,2.069366,1.6227276,0.6444501,0.52737117,0.46543384,0.3917038,1.7798312,1.0868576,0.8614149,1.9542254,1.2330955,0.9337758,0.9257561,1.8032266,1.3915095,1.3181688,-0.88647586,0.64831454,0.62650615,1.6506494,0.043362904,1.6570021,1.8404841,0.33319288,1.0966132,0.9732969,1.5854369,-0.5442498,1.9620123,0.7019031,1.1684929,1.2139978,-0.664742,1.0686212,2.019824,0.84316653,1.437355,-0.464232,0.4052261,-0.49926615,0.490029,1.8224722,1.8579433,1.0690689,1.807425,1.737084,0.2142154,0.17073868,1.1139185
1.2410331,0.3974175,0.4312015,0.72367907,0.70842654,0.23148255,0.10637616,1.6004479,1.35234,1.0106167,-0.71526194,1.4611517,-0.35831594,0.9564998,-0.8521907,1.4461673,1.3261974,-1.2865384,0.15691257,0.017659882,1.5374668,-0.35656604,0.63495797,-0.25261974,0.43656698,0.29964343,-0.40194702,1.6657228,1.8259677,1.5381111,1.3059106,-0.02118744,1.2778957,-1.097126,0.10953957,1.4975927,1.7492946,1.4141122,0.5976477,0.7394682,0.2608428,-0.061611235,1.4587566,1.1844385,1.0640504,1.8801442,1.4337127,1.1501063,0.9828585,2.0424454,1.4754053,1.4395555,-0.7402204,0.8903223,0.71823645,1.6940279,0.15850481,1.7807121,1.9665581,0.40263924,1.1785283,0.8693089,1.8350334,-0.5403703,2.240826,0.8687829,1.2501445,1.5090384,-0.5249501,1.1646045,2.2864633,1.1052214,1.5772963,-0.20712912,0.6859995,-0.34023032,0.6980981,1.8530705,1.8041234,0.92616695,2.0630317,1.635484,-0.014565227,-0.1262033,1.0107331
1.4684262,0.38847175,0.20227791,0.67972636,0.75269973,0.26896143,0.23724684,1.6845943,1.3119763,1.0150535,-0.6326807,1.3974075,-0.20097362,0.8367882,-0.6684108,1.5499039,1.4015752,-1.6743736,0.20888986,-0.13588476,1.6745732,-0.28574744,0.77340245,-0.17927553,0.3532064,0.4889088,-0.25586686,1.7217299,1.8880823,1.7683697,1.3911008,0.14757155,1.5198879,-0.8723223,0.29669768,1.3679451,1.4099975,1.1594048,0.5219442,0.8216313,0.023970636,-0.45694128,1.0701371,1.258479,1.1854603,1.6762308,1.5563062,1.2737694,0.97285724,2.198828,1.5032793,1.4981518,-0.62882537,1.0406872,0.70788395,1.700438,0.28587905,1.812358,2.0186684,0.4652934,1.2002699,0.72439003,1.9523438,-0.46203208,2.3935432,0.964115,1.2455556,1.7300619,-0.4220854,1.201898,2.4398656,1.3117775,1.6567384,0.018005446,0.91836697,-0.18459474,0.8440273,1.7753507,1.7107285,0.8207236,2.2502627,1.4393923,-0.25601643,-0.47386286,0.91732687
1.6022784,0.40297002,-0.013752606,0.588133,0.75280887,0.2974723,0.3607486,1.7065033,1.2566137,1.0073161,-0.5649558,1.2811534,-0.050156403,0.76047146,-0.4312554,1.5733995,1.4104586,-2.0612643,0.25825194,-0.31203407,1.7319804,-0.1973928,0.8577671,-0.11391562,0.25974417,0.64837945,-0.1541878,1.7239126,1.9023564,1.9301826,1.4335334,0.2521511,1.6509768,-0.6463304,0.4421064,1.2288992,1.0928553,0.89764243,0.41318786,0.77329266,-0.22611178,-0.73358166,0.65746224,1.3121355,1.2219951,1.3834199,1.5997536,1.2938746,0.9004003,2.2652345,1.4877269,1.4990152,-0.5651276,1.1147212,0.5926159,1.6741899,0.4135969,1.7556943,2.01401,0.53968686,1.1700873,0.574259,1.9344561,-0.33149108,2.4136662,0.9891922,1.172968,1.8641063,-0.37182194,1.1801578,2.4787593,1.4508088,1.6814123,0.20805998,1.0982404,-0.03039686,0.9349942,1.6163412,1.5769099,0.7648067,2.3536577,1.1824447,-0.47066602,-0.8193567,0.85824853
1.644623,0.43438298,-0.19763005,0.464996,0.71551895,0.31470844,0.4739585,1.6834697,1.2109494,1.0124563,-0.51376104,1.1355411,0.07717039,0.7402323,-0.16103448,1.519672,1.3609143,-2.399393,0.3036912,-0.4879907,1.7065319,-0.118255824,0.8854079,-0.062946044,0.16153857,0.77278394,-0.10368211,1.6892865,1.878938,2.0237472,1.4348733,0.29802296,1.664847,-0.41776416,0.55135196,1.0934653,0.831245,0.6637861,0.27709416,0.6094712,-0.46365646,-0.8509115,0.27107024,1.343435,1.1742505,1.0521438,1.5716972,1.2141318,0.7800537,2.2440448,1.4453409,1.4520149,-0.54900545,1.1350863,0.3865961,1.6151177,0.5324841,1.6205672,1.9680653,0.64534056,1.095654,0.45366356,1.7936004,-0.18298198,2.3094604,0.9556482,1.058891,1.9082663,-0.37947306,1.1072035,2.4123645,1.5183742,1.6577829,0.36723664,1.2275708,0.12658513,0.985615,1.4103463,1.4022427,0.75873,2.3641677,0.9002993,-0.6206207,-1.1066513,0.8510906
1.6067042,0.46893206,-0.33840325,0.3321834,0.65305084,0.3233654,0.5786468,1.6387985,1.1958718,1.0506561,-0.4731679,0.9842804,0.17156708,0.77615905,0.12066234,1.3971283,1.264504,-2.6428335,0.34074,-0.6439756,1.6052309,-0.07301061,0.8626944,-0.026273938,0.066407375,0.8616181,-0.102012895,1.6397781,1.8267484,2.0553832,1.3963388,0.29946285,1.5681093,-0.18440557,0.6349767,0.9697443,0.6450111,0.48427853,0.12924589,0.35717613,-0.6615703,-0.7933449,-0.03948003,1.3460126,1.0463976,0.7334994,1.4861917,1.0516146,0.6337702,2.1468835,1.3938644,1.3698568,-0.56841284,1.1265881,0.11789482,1.518856,0.63707733,1.4209224,1.891955,0.79728293,0.98387605,0.39157736,1.555319,-0.057069145,2.1028726,0.88274336,0.93275404,1.8694252,-0.44009736,0.997901,2.258697,1.5183336,1.5912988,0.5046844,1.3121651,0.29039043,1.013892,1.191908,1.1871989,0.7920804,2.2801287,0.6257248,-0.6761581,-1.2860136,0.903263
1.5051488,0.48926565,-0.43473515,0.21386258,0.57988954,0.3296378,0.6784774,1.5969967,1.2237887,1.1326287,-0.43257478,0.847792,0.23164167,0.8554365,0.39340135,1.2186477,1.1347158,-2.7558405,0.36351413,-0.76592517,1.4437609,-0.080429696,0.80284595,0.0016247135,-0.01603088,0.9178614,-0.13883102,1.5972148,1.7515863,2.0350034,1.3188231,0.27568355,1.3787061,0.054101806,0.704699,0.8598402,0.5367941,0.37406558,-0.0073870206,0.050799787,-0.79751605,-0.5718304,-0.23409599,1.3107414,0.84588486,0.47041595,1.3604453,0.8340475,0.48786032,1.9932013,1.3495617,1.2663573,-0.6021173,1.1114291,-0.17640443,1.3783318,0.72589916,1.1730425,1.7917306,1.0009425,0.84108424,0.4073672,1.2549711,0.007248496,1.8260545,0.79374516,0.8215972,1.7623774,-0.5392428,0.8716274,2.0419734,1.4610472,1.4860253,0.63088214,1.3599207,0.46273056,1.0370462,0.98992485,0.9340895,0.8459433,2.107709,0.38426563,-0.6213313,-1.3227917,1.0108843
1.3595742,0.4790089,-0.49429795,0.13276923,0.5100016,0.34119767,0.7765789,1.5787327,1.2959958,1.2564262,-0.37998506,0.7404137,0.26300573,0.9545996,0.63906044,1.0002891,0.9856259,-2.7197812,0.36580244,-0.8467111,1.2440194,-0.15034902,0.7232884,0.029662626,-0.07589414,0.9464185,-0.198112,1.5791577,1.6556823,1.9737065,1.2032602,0.24639142,1.1232568,0.29435185,0.7703471,0.7598955,0.49215412,0.33539438,-0.10789364,-0.27261502,-0.85953224,-0.22113098,-0.28894484,1.2282842,0.5827306,0.2920511,1.2124139,0.5958166,0.36880016,1.8074827,1.3246448,1.1553329,-0.6245667,1.1059167,-0.45669436,1.1868032,0.8004957,0.894398,1.6691276,1.2486175,0.6743126,0.5084936,0.9337405,-0.019091109,1.5166861,0.7115333,0.7452551,1.6075045,-0.6551781,0.7495214,1.7894291,1.3613038,1.3448137,0.75420743,1.3782705,0.6410497,1.0679281,0.82397974,0.6478203,0.89678204,1.8602182,0.19187275,-0.4576402,-1.2035975,1.1591346
1.1888797,0.427031,-0.53065324,0.10630216,0.45473507,0.36493945,0.87344545,1.5965314,1.4020878,1.4076021,-0.3053551,0.6694075,0.27583846,1.0432454,0.84282005,0.76021326,0.83046144,-2.53644,0.3437911,-0.88517755,1.0305673,-0.28130722,0.6423489,0.0676345,-0.10431052,0.9538443,-0.26058835,1.5950321,1.5379769,1.8816822,1.0516396,0.22754899,0.8333384,0.5281065,0.83696127,0.6612834,0.48291257,0.35917196,-0.15108344,-0.57760304,-0.84896404,0.20613788,-0.20163216,1.0916708,0.26967165,0.21046674,1.0584507,0.37326297,0.29912362,1.6158605,1.325302,1.0488727,-0.61008716,1.118932,-0.68640643,0.9407337,0.86389077,0.6028806,1.5232553,1.5189157,0.49251354,0.689029,0.6324775,-0.14844103,1.2127901,0.65543276,0.7134364,1.4277358,-0.76245284,0.651046,1.5276117,1.2359644,1.1705717,0.8780115,1.3727888,0.8178398,1.1123551,0.7029803,0.33669296,0.9203755,1.5566474,0.054094244,-0.2045842,-0.9389053,1.3246244
1.0095729,0.33022153,-0.55917716,0.14378993,0.4216461,0.4056582,0.9662364,1.6522541,1.5218439,1.5619162,-0.2029656,0.63471127,0.28197208,1.0889825,0.9928327,0.5170118,0.6800979,-2.2281241,0.29704422,-0.8851133,0.82766944,-0.46065813,0.576792,0.123849586,-0.094516315,0.9477478,-0.30632484,1.6441436,1.3959051,1.7663949,0.86794066,0.22857751,0.54153126,0.742573,0.90378547,0.5529924,0.47342348,0.4278395,-0.12568718,-0.8338106,-0.7808951,0.648086,0.007740091,0.8985604,-0.07802267,0.22119902,0.91212946,0.19993524,0.29381177,1.4422243,1.3506021,0.95666075,-0.53762865,1.1519296,-0.8372644,0.6424442,0.9186957,0.31638205,1.352858,1.7788382,0.30674988,0.9297599,0.38645858,-0.372702,0.947658,0.63811135,0.72473794,1.2455534,-0.835032,0.59111005,1.2792007,1.1011585,0.967647,0.99896985,1.3457985,0.9809377,1.168475,0.6264164,0.012877162,0.8964967,1.2196395,-0.03276863,0.10235131,-0.56151605,1.4786212
0.8348115,0.19462146,-0.5922853,0.24449496,0.41479912,0.46498677,1.0488591,1.7364392,1.6296242,1.6901506,-0.07239804,0.6304906,0.29206425,1.0627775,1.0802231,0.28803715,0.5420469,-1.8330979,0.23002946,-0.85300446,0.65613836,-0.66586345,0.5398374,0.20322844,-0.043085735,0.93729675,-0.3170555,1.7160746,1.227404,1.6320313,0.6588634,0.25108144,0.2772286,0.92218626,0.96426743,0.42502806,0.42907226,0.5201278,-0.03348423,-1.0180782,-0.6806412,1.0430675,0.298968,0.6527405,-0.44243878,0.30601257,0.78397816,0.101882406,0.35776147,1.3042855,1.39255,0.8849883,-0.39411095,1.2010815,-0.8924262,0.3012735,0.9649105,0.052066263,1.157981,1.9894502,0.1300026,1.2000775,0.22022732,-0.6633565,0.7449468,0.66454583,0.76785815,1.0801768,-0.8501748,0.57757616,1.0600923,0.97021234,0.7426174,1.1073216,1.2965099,1.1151448,1.2273735,0.5873185,-0.30730662,0.81282103,0.8725682,-0.07911861,0.41686547,-0.12116304,1.5913337
0.67416507,0.034060683,-0.63580334,0.39752668,0.43558547,0.5415515,1.1136975,1.8301247,1.6995932,1.7643317,0.08174422,0.64749736,0.31311864,0.9437288,1.0986341,0.087138645,0.41970506,-1.3983907,0.15190008,-0.7968781,0.53175616,-0.86848336,0.5405585,0.30637455,0.049454167,0.93294215,-0.27813894,1.7922719,1.0334214,1.4795394,0.43354398,0.28934225,0.06374428,1.0510246,1.0079068,0.27170935,0.32415584,0.6153426,0.10967299,-1.1165856,-0.57851374,1.3392686,0.61787087,0.3644163,-0.8033169,0.43878895,0.6817991,0.09430306,0.48462343,1.210694,1.4371265,0.8363226,-0.17612708,1.2597269,-0.84818345,-0.06736104,0.9987899,-0.17474188,0.94115925,2.1128333,-0.024299553,1.4609418,0.14401717,-0.9759607,0.61645657,0.73169845,0.8242519,0.94541734,-0.791782,0.6098427,0.8779701,0.85161734,0.5047145,1.1886255,1.221671,1.2046239,1.2754184,0.57565707,-0.60376436,0.66746557,0.53677773,-0.09917278,0.6892628,0.3231277,1.6358945
0.5333751,-0.13266958,-0.68677074,0.5830131,0.48389596,0.6314126,1.1535885,1.9086096,1.7112547,1.763953,0.2510217,0.6754902,0.34700575,0.7229981,1.0443919,-0.07657638,0.31235385,-0.9713467,0.07605901,-0.7254037,0.46517566,-1.03901,0.5831614,0.42911005,0.17796473,0.9456851,-0.18017986,1.8499655,0.81975627,1.3076551,0.20270221,0.33245766,-0.08422508,1.1161765,1.0227333,0.09433379,0.14873129,0.69754505,0.27720198,-1.1251048,-0.50223047,1.5014731,0.90447694,0.049342837,-1.1387585,0.5904656,0.6114175,0.17891252,0.65725857,1.1594361,1.4663148,0.80868983,0.108961515,1.3207456,-0.713292,-0.44400817,1.0124654,-0.3523955,0.7077134,2.119251,-0.14400682,1.6702974,0.15266986,-1.257529,0.56047726,0.8295512,0.8721127,0.8478899,-0.6526809,0.67850053,0.7319332,0.7480955,0.26492006,1.2268704,1.1169616,1.2358195,1.29727,0.5814028,-0.8539964,0.47001603,0.22894618,-0.10784173,0.8749004,0.7124875,1.5920395
0.4155517,-0.28569844,-0.73340863,0.77513796,0.559185,0.7290495,1.1635511,1.9457194,1.6540074,1.680249,0.42525128,0.70509684,0.39028904,0.40588823,0.9169595,-0.2004135,0.21571487,-0.59106964,0.018088533,-0.64789295,0.46093425,-1.1520388,0.6676462,0.56312567,0.33238822,0.9856559,-0.020364426,1.8661871,0.5974485,1.1142063,-0.022901451,0.36730382,-0.16142648,1.110394,0.99833053,-0.09759514,-0.088496156,0.75811255,0.43707436,-1.0493784,-0.4709101,1.5156643,1.1027124,-0.27301633,-1.4264554,0.7345441,0.5771084,0.34346417,0.8500207,1.1381549,1.4607291,0.79524356,0.4444851,1.3783957,-0.5077872,-0.80827725,0.99476975,-0.47510943,0.4650877,1.9934614,-0.22106197,1.7884401,0.22663362,-1.456165,0.56321347,0.94285107,0.8902785,0.7866559,-0.4357936,0.7664925,0.61371535,0.656681,0.0343854,1.2082798,0.9788977,1.2001283,1.279152,0.5966,-1.0351728,0.24041426,-0.040660065,-0.11783992,0.9422399,0.9969863,1.4482756
0.32117337,-0.40782848,-0.7571255,0.94582886,0.66041607,0.8279564,1.1423087,1.9190407,1.5294611,1.5185763,0.59418005,0.72942764,0.43470332,0.012373294,0.7200937,-0.2883066,0.12319099,-0.28238654,-0.0061021554,-0.5740425,0.51873595,-1.1905394,0.7899269,0.6971878,0.49840665,1.0600511,0.19682431,1.8222347,0.3820548,0.89757377,-0.23421201,0.38141507,-0.1716964,1.0342317,0.92818826,-0.28713942,-0.360792,0.79647017,0.5587715,-0.90379447,-0.49002898,1.3895478,1.1690879,-0.5821455,-1.6451423,0.8500349,0.58213186,0.56294614,1.0323666,1.1258439,1.4029001,0.78457284,0.8060475,1.4288491,-0.25973943,-1.1421537,0.9333333,-0.54491425,0.2218455,1.7380848,-0.2526514,1.7847608,0.33570728,-1.5302835,0.60100806,1.0535656,0.8623282,0.75308895,-0.15440334,0.8512191,0.50996345,0.5694513,-0.17760146,1.1247154,0.80627126,1.0958388,1.2115418,0.61567295,-1.1272941,0.005705809,-0.26899758,-0.1385298,0.87880814,1.1431538,1.2029896
0.24856547,-0.48751765,-0.7361146,1.0690526,0.78570694,0.92126477,1.0922905,1.8137608,1.3510443,1.2974937,0.7491593,0.74401367,0.46911246,-0.42462492,0.46275225,-0.35022515,0.027662452,-0.053065572,0.016998861,-0.5134852,0.63335305,-1.1478796,0.9421918,0.818902,0.65810055,1.1705208,0.4595111,1.7068971,0.19164075,0.6580733,-0.42534167,0.3657816,-0.12678029,0.89668,0.8115084,-0.4527671,-0.62842584,0.8185232,0.61921567,-0.70930386,-0.55031586,1.1502159,1.0795478,-0.8592387,-1.7766078,0.9239262,0.6280376,0.80261314,1.1735456,1.0966909,1.279904,0.7618745,1.1647506,1.469273,-0.0016996632,-1.4317123,0.8173667,-0.572499,-0.013769721,1.3735515,-0.24242,1.6430101,0.44486415,-1.4563352,0.64450324,1.1437918,0.7793872,0.7323051,0.16938674,0.9076749,0.40525773,0.4755178,-0.36533785,0.9760441,0.6019626,0.92915803,1.0909954,0.6351879,-1.1166339,-0.20458178,-0.4597996,-0.17441927,0.69415736,1.1384679,0.86384386
0.19461791,-0.52011305,-0.6495241,1.1249806,0.9308839,1.0016396,1.0190952,1.6254591,1.1413338,1.0454077,0.88391167,0.74668264,0.48164067,-0.8625953,0.16012631,-0.39996475,-0.07661879,0.10550129,0.096217915,-0.4737986,0.79482305,-1.0282186,1.1130842,0.91666335,0.791662,1.3116562,0.7489053,1.5183884,0.04332408,0.39890411,-0.5941384,0.31637168,-0.043735657,0.7142151,0.6533313,-0.57242024,-0.84651005,0.83409625,0.60702974,-0.49026525,-0.6292892,0.8392308,0.8334797,-1.0893825,-1.8072209,0.95051944,0.7137568,1.0225738,1.2471231,1.0243348,1.0855527,0.7103715,1.4902358,1.4970645,0.23342042,-1.6681113,0.6410288,-0.576062,-0.23481598,0.9353735,-0.19995974,1.3647721,0.5204087,-1.2333673,0.663657,1.1978889,0.64183486,0.70517445,0.50741637,0.912487,0.28534424,0.36330146,-0.5277792,0.7711757,0.37312576,0.7136416,0.92058074,0.652425,-0.9991828,-0.3637168,-0.6216283,-0.22573945,0.41812858,0.9928518,0.44706956
0.15490484,-0.50746566,-0.48194608,1.1028957,1.0879271,1.061331,0.93005043,1.3611931,0.9270687,0.79521537,0.9948104,0.73637927,0.46245682,-1.254652,-0.16586427,-0.4516444,-0.19272271,0.21462426,0.23362538,-0.45877165,0.9888435,-0.8444275,1.2880026,0.98137337,0.8801173,1.4700267,1.0412087,1.2643976,-0.05012657,0.12646446,-0.74190146,0.23487203,0.05736985,0.50869954,0.46390513,-0.628249,-0.9744066,0.8531183,0.5237236,-0.27072185,-0.69673365,0.50579095,0.45360273,-1.2631608,-1.7294962,0.9299097,0.83410573,1.1832161,1.2352544,0.886991,0.8217628,0.61439705,1.754761,1.5083189,0.4166235,-1.8469856,0.40610632,-0.5781692,-0.43654352,0.46764663,-0.13901901,0.9701287,0.53588367,-0.8839762,0.63219005,1.2049984,0.45983502,0.6512706,0.8290811,0.84735227,0.13973126,0.22309196,-0.66836977,0.52729094,0.13142091,0.4686639,0.70950156,0.6642903,-0.7829597,-0.452813,-0.76568335,-0.2887916,0.095719986,0.73670435,-0.024649568
0.1247612,-0.45636177,-0.2270135,1.0031018,1.2440155,1.0921228,0.8326899,1.0383736,0.73369217,0.5779204,1.0807395,0.7124829,0.4061233,-1.5555881,-0.48756173,-0.5162035,-0.3199308,0.30191213,0.42366394,-0.4662851,1.1970679,-0.61505395,1.450002,1.0078794,0.90791875,1.6251886,1.3100954,0.96079934,-0.08380449,-0.1496483,-0.8720824,0.12831771,0.15670468,0.30425334,0.25671238,-0.61082006,-0.9847621,0.8823307,0.38218394,-0.0711197,-0.7211847,0.19940841,-0.016760916,-1.3769965,-1.5432847,0.86646575,0.9785031,1.2508318,1.1313828,0.6713874,0.49811772,0.4622935,1.9362419,1.497677,0.5267411,-1.9672297,0.12407563,-0.6012331,-0.61669165,0.016124824,-0.07526466,0.49510545,0.4768125,-0.45097217,0.5319175,1.1604669,0.25181893,0.5523129,1.1052113,0.7022171,-0.03682716,0.049445078,-0.7936309,0.2675019,-0.10847219,0.21647494,0.4711873,0.6664322,-0.48881328,-0.46456698,-0.902556,-0.35750747,-0.2215967,0.41530925,-0.5237907
0.099163026,-0.37615848,0.10998901,0.83670646,1.3812271,1.0857468,0.7332298,0.68208945,0.5798155,0.4171134,1.1423266,0.6741247,0.31333613,-1.7281072,-0.7732215,-0.59795326,-0.45399734,0.39429137,0.6522768,-0.48696324,1.3973025,-0.3605566,1.5805147,0.9956244,0.8661506,1.7520684,1.5298595,0.6286767,-0.06250488,-0.41758546,-0.9882139,0.007734444,0.23620796,0.12372916,0.046117503,-0.5216062,-0.8696552,0.9222039,0.20295435,0.09421625,-0.6774707,-0.03727358,-0.5199782,-1.4327308,-1.2568539,0.76636106,1.1300615,1.2026831,0.94115216,0.3756474,0.13071756,0.24924992,2.0209289,1.4588608,0.5532661,-2.029065,-0.18365668,-0.6620729,-0.7753289,-0.38004312,-0.023276413,-0.013796932,0.34228,0.009052113,0.35537174,1.065975,0.041982464,0.39538398,1.3122159,0.4774681,-0.24385409,-0.15731417,-0.9108462,0.017473528,-0.3308518,-0.020903546,0.22138278,0.6530709,-0.14929017,-0.4050554,-1.0397127,-0.4250097,-0.4854681,0.08127414,-1.0198569
0.07356485,-0.27680412,0.5112659,0.6238852,1.4778208,1.0349714,0.63595164,0.32103574,0.47364488,0.32448164,1.1812458,0.6200631,0.19109894,-1.7486999,-0.9903146,-0.6925286,-0.5882599,0.5113401,0.8983245,-0.50488,1.5647894,-0.10004532,1.6612139,0.9485077,0.7548129,1.8247675,1.6787059,0.29084918,-0.0015612281,-0.6644321,-1.0924073,-0.11358936,0.2817143,-0.014416587,-0.15523706,-0.37382832,-0.6436084,0.9658919,0.009759494,0.21802889,-0.55247754,-0.1742688,-0.9920124,-1.4364394,-0.8873728,0.63671887,1.2662824,1.0307914,0.6810789,0.009885458,-0.26001132,-0.020786246,2.0049284,1.3855158,0.49733174,-2.033541,-0.48767805,-0.76762295,-0.9144419,-0.6944371,0.0052435873,-0.5069606,0.14451638,0.43446738,0.10705617,0.9291491,-0.143734,0.1755226,1.4345803,0.18401834,-0.47615662,-0.39044142,-1.0257747,-0.19837905,-0.52127045,-0.22512388,-0.024543418,0.61740685,0.19494985,-0.29333565,-1.1798316,-0.48534557,-0.659935,-0.21444716,-1.4815953
0.044019293,-0.16745004,0.9472744,0.39080143,1.5106915,0.9348204,0.5429548,-0.017139485,0.4113325,0.29791495,1.1995198,0.54955345,0.05207044,-1.6117098,-1.1097798,-0.787535,-0.7154353,0.66051155,1.1346741,-0.499871,1.6738827,0.15152933,1.6757554,0.874003,0.5834801,1.8211005,1.7415161,-0.031500805,0.075050466,-0.87782604,-1.1838508,-0.2222007,0.28342596,-0.09865856,-0.33844703,-0.1905262,-0.34189633,0.9994941,-0.17507778,0.29943475,-0.3489913,-0.19804856,-1.3717223,-1.3970125,-0.46087375,0.48475733,1.3605522,0.7436538,0.37593797,-0.40480036,-0.65265685,-0.33467707,1.8938984,1.2726656,0.37124765,-1.9816524,-0.75397164,-0.91278785,-1.0374788,-0.9172698,0.0033252018,-0.93931556,-0.09492987,0.7686809,-0.19763777,0.7616877,-0.2823482,-0.10257814,1.4668318,-0.15776683,-0.7254686,-0.6374636,-1.140788,-0.36064085,-0.6694151,-0.38406843,-0.25342235,0.55236834,0.5000395,-0.15862149,-1.3199507,-0.53516316,-0.72826135,-0.43141446,-1.878912
0.007057441,-0.056039464,1.3792081,0.1653107,1.4591622,0.7844125,0.4547334,-0.3102557,0.37780082,0.32172218,1.198892,0.46259564,-0.087306075,-1.3311454,-1.1103578,-0.8647042,-0.8298083,0.83519226,1.3316865,-0.45196456,1.7008109,0.38433143,1.6121215,0.78181213,0.37090626,1.7266282,1.7119471,-0.3220027,0.13766687,-1.047854,-1.2591332,-0.30653906,0.23626699,-0.12535301,-0.49906027,-0.0011572547,-0.014852501,1.0047199,-0.3341953,0.3425357,-0.08550648,-0.112657554,-1.6091594,-1.3249446,-0.011135454,0.3188343,1.3857229,0.36560383,0.054487973,-0.8398978,-1.0270666,-0.671698,1.7023183,1.1188555,0.19628535,-1.8753335,-0.9492422,-1.08094,-1.1486185,-1.055601,-0.03120574,-1.277085,-0.3497679,0.969665,-0.5348248,0.57755125,-0.35815933,-0.42515177,1.413274,-0.52090555,-0.9825168,-0.8819263,-1.2538815,-0.4576362,-0.7707797,-0.49346974,-0.45602134,0.45166576,0.7246587,-0.035204843,-1.4521973,-0.574578,-0.6958152,-0.54647404,-2.185595
-0.04055038,0.050049927,1.7632624,-0.026770787,1.3089659,0.5881279,0.37079337,-0.5450899,0.34972686,0.36982358,1.1804088,0.36098972,-0.20967378,-0.93988425,-0.98288417,-0.9047977,-0.9290273,1.016224,1.4600496,-0.34594104,1.6258461,0.59386456,1.4644833,0.682194,0.14216974,1.5375462,1.5928129,-0.5710823,0.15562098,-1.1687101,-1.3131384,-0.3584997,0.1399423,-0.098618954,-0.63695073,0.16338332,0.2805885,0.96192026,-0.45740214,0.35433638,0.20651256,0.061471764,-1.6728063,-1.2312826,0.4225514,0.1485424,1.3180666,-0.06606001,-0.25463685,-1.2634622,-1.3666475,-1.0060049,1.4505692,0.9266886,-0.0010300989,-1.7177342,-1.0465853,-1.2472916,-1.2521083,-1.1299677,-0.095599554,-1.502026,-0.59420604,1.0171036,-0.8758312,0.3904417,-0.3660097,-0.7706099,1.286234,-0.87558013,-1.2386643,-1.1058714,-1.359268,-0.48694494,-0.82768697,-0.55684215,-0.6275648,0.31067532,0.8361193,0.043535322,-1.5654936,-0.6073466,-0.58845097,-0.55746025,-2.381884
-0.101675,0.14336334,2.0560465,-0.16561443,1.0559838,0.35620475,0.29051724,-0.719044,0.30017534,0.4105123,1.1442796,0.24839766,-0.2993289,-0.48587272,-0.7328493,-0.8921337,-1.01515,1.1759456,1.4950281,-0.17647038,1.437448,0.7798477,1.2344035,0.58443266,-0.07505965,1.2622887,1.39575,-0.776408,0.102483466,-1.2398019,-1.341075,-0.37421545,-0.0014165395,-0.028833173,-0.7547226,0.27577728,0.49058637,0.85479057,-0.5423259,0.34310365,0.48897216,0.29131967,-1.5534753,-1.1270998,0.7989223,-0.014151419,1.1420857,-0.5059016,-0.52678627,-1.645288,-1.6597899,-1.3108288,1.1620128,0.70366776,-0.19278301,-1.5147669,-1.0305734,-1.3839895,-1.3514421,-1.1682341,-0.18295005,-1.6129124,-0.8074447,0.91627115,-1.1914132,0.21186358,-0.3129912,-1.11285,1.1035641,-1.1930473,-1.4868104,-1.2921945,-1.4486756,-0.45532236,-0.8483594,-0.5839757,-0.7673291,0.12762915,0.81512904,0.05180875,-1.6475036,-0.6401152,-0.4467064,-0.48295894,-2.4568915
-0.17870876,0.21590617,2.2206638,-0.23941849,0.70891756,0.10432395,0.213411,-0.8397572,0.20370303,0.41218963,1.0898764,0.13009533,-0.3445262,-0.026028108,-0.3813475,-0.81949127,-1.0941203,1.2850686,1.4197319,0.049062364,1.1342356,0.9441918,0.9316162,0.49567688,-0.25535217,0.92033666,1.1388817,-0.94219655,-0.039197974,-1.26579,-1.3404253,-0.3540565,-0.17919225,0.070063025,-0.85531586,0.31722805,0.57371914,0.6741856,-0.5938194,0.31704116,0.72445124,0.53657913,-1.2653656,-1.0228643,1.0792825,-0.15547566,0.8545736,-0.90629065,-0.74399114,-1.9606159,-1.8996488,-1.5623609,0.8598895,0.46143028,-0.35363296,-1.2751627,-0.90082824,-1.4660541,-1.4486066,-1.1981038,-0.28302583,-1.6236944,-0.9760055,0.69718283,-1.4562603,0.049895875,-0.21742138,-1.4249198,0.88545483,-1.4496332,-1.7214975,-1.4271629,-1.5134659,-0.37678456,-0.8450611,-0.5881062,-0.87748504,-0.09573886,0.658905,-0.023194114,-1.6871492,-0.6810905,-0.31664565,-0.35762194,-2.4103143
-0.27296746,0.2592725,2.2322516,-0.24566646,0.28983563,-0.14794563,0.13947463,-0.92239124,0.041502334,0.34969565,1.0158741,0.01228954,-0.33943662,0.38167194,0.03624411,-0.69026524,-1.1743642,1.3194485,1.227732,0.3092727,0.7272562,1.0885268,0.573367,0.4201509,-0.37977815,0.5400641,0.84433675,-1.0769802,-0.27433008,-1.2560345,-1.3121233,-0.30160218,-0.3804589,0.18333621,-0.9394866,0.2803011,0.5079968,0.42120266,-0.6219656,0.2845419,0.8838872,0.755897,-0.8433358,-0.92796624,1.232572,-0.26061404,0.4668598,-1.2237058,-0.8959599,-2.1932445,-2.0834858,-1.742899,0.56458,0.21459915,-0.46380204,-1.0110787,-0.6729153,-1.475977,-1.5430764,-1.2400872,-0.38367712,-1.5591555,-1.0948135,0.40908062,-1.6516749,-0.09132496,-0.10611286,-1.6826838,0.65098065,-1.6290543,-1.9377445,-1.5017571,-1.5466373,-0.26994872,-0.83112466,-0.5822642,-0.96104264,-0.353377,0.38192812,-0.17822094,-1.6762741,-0.7376698,-0.23971441,-0.22472456,-2.2534444
-0.3836138,0.26605892,2.082342,-0.1904761,-0.1673818,-0.37968737,0.06870814,-0.9856367,-0.19479005,0.20928714,0.9207384,-0.09930941,-0.2847126,0.6862759,0.47435203,-0.51841295,-1.2637202,1.2665929,0.9246945,0.57031786,0.24057749,1.2126843,0.18303037,0.35915452,-0.43924612,0.1542451,0.5351027,-1.1907305,-0.5934897,-1.2224239,-1.261001,-0.22232413,-0.5883951,0.2980352,-1.0039167,0.17011644,0.29473963,0.10859294,-0.63932776,0.25444067,0.9522923,0.91297597,-0.33739,-0.8500593,1.2401321,-0.31598505,0.0056647365,-1.4243191,-0.97987056,-2.3360345,-2.2110271,-1.8427594,0.29141578,-0.021207266,-0.51103204,-0.7369928,-0.3768312,-1.4067469,-1.6313579,-1.3027414,-0.47160316,-1.4496487,-1.1652828,0.11087136,-1.7679089,-0.21147579,-0.009481135,-1.8679055,0.4162408,-1.7236629,-2.1298816,-1.5122393,-1.5440401,-0.15417662,-0.8174669,-0.576057,-1.0200858,-0.63460994,0.014245065,-0.3934726,-1.6111042,-0.8142455,-0.24346428,-0.12647894,-2.0082593
-0.50670034,0.23153554,1.7810261,-0.08686405,-0.6207802,-0.57166934,0.0013173518,-1.046478,-0.5006195,-0.008061992,0.8034229,-0.20035674,-0.18718387,0.8512384,0.8827794,-0.3261367,-1.3665644,1.1295462,0.52827233,0.79077744,-0.29088274,1.313123,-0.21133217,0.31134152,-0.43612778,-0.20384188,0.23192553,-1.2913842,-0.97325844,-1.1771226,-1.19453,-0.12181749,-0.78311026,0.40501103,-1.0405419,0.0029808073,-0.04138072,-0.23944797,-0.6581458,0.23670807,0.9320206,0.98215353,0.19467165,-0.7940357,1.0993562,-0.31161615,-0.48951873,-1.4880655,-0.998794,-2.3903587,-2.283149,-1.8602148,0.049704947,-0.23205495,-0.49109966,-0.4689301,-0.052330986,-1.262195,-1.706806,-1.3810924,-0.53433436,-1.3246076,-1.1939032,-0.14013758,-1.8041644,-0.3128187,0.04346152,-1.970126,0.19271195,-1.7341893,-2.2903843,-1.4597877,-1.5051094,-0.046303518,-0.80989474,-0.5729306,-1.0542382,-0.9242744,-0.402541,-0.63545597,-1.493182,-0.9100663,-0.33511862,-0.09525297,-1.7055081
-0.63397354,0.15590796,1.3561916,0.0477275,-1.0256772,-0.7091437,-0.06265655,-1.1158891,-0.8581992,-0.28595722,0.6635789,-0.28886625,-0.058856558,0.8599439,1.2138062,-0.13887216,-1.4811007,0.927624,0.06679681,0.928075,-0.8243157,1.3836044,-0.57973635,0.27360174,-0.38302824,-0.5046771,-0.048454933,-1.3824637,-1.3789546,-1.1298466,-1.1213185,-0.0044431915,-0.94317925,0.49959016,-1.0372238,-0.19666316,-0.455683,-0.5894747,-0.6873164,0.24219823,0.84166235,0.9521324,0.6951604,-0.7610791,0.82517815,-0.2438033,-0.9709679,-1.4112747,-0.9595776,-2.3637228,-2.3006182,-1.80057,-0.15684131,-0.40745512,-0.4071981,-0.22269483,0.25711936,-1.0557306,-1.7600808,-1.458481,-0.5617033,-1.2083046,-1.1889113,-0.29967257,-1.7672249,-0.3989731,0.030491328,-1.9869319,-0.012751824,-1.6681523,-2.409132,-1.3498466,-1.4324428,0.041994978,-0.8077578,-0.5693478,-1.0600556,-1.2035354,-0.820978,-0.86231893,-1.3295273,-1.018486,-0.49971753,-0.14652184,-1.381031
-0.75347155,0.045551345,0.8499556,0.19416414,-1.3409092,-0.78420514,-0.12263723,-1.1956536,-1.2385129,-0.59463954,0.5027409,-0.36521035,0.085305035,0.7177394,1.4291242,0.020100627,-1.598119,0.6938415,-0.42290118,0.94605595,-1.3141508,1.4163721,-0.8926787,0.24217515,-0.30010685,-0.7257541,-0.2948311,-1.4610916,-1.7690945,-1.0860461,-1.0486348,0.12679552,-1.0480032,0.58129734,-0.98060596,-0.40090105,-0.8899536,-0.9030773,-0.7303445,0.28182837,0.7121537,0.82751524,1.1137935,-0.7480595,0.44925413,-0.11758024,-1.3889292,-1.206393,-0.8707286,-2.2672482,-2.2637084,-1.6741872,-0.3295006,-0.5420485,-0.2687528,-0.012267556,0.511215,-0.80693126,-1.7806326,-1.511241,-0.5476991,-1.1165806,-1.1587101,-0.34442267,-1.6692325,-0.47323525,-0.060224168,-1.9232843,-0.19706883,-1.5378829,-2.4743083,-1.1910291,-1.3312063,0.10555926,-0.80404145,-0.5557468,-1.0316628,-1.4510761,-1.1941799,-1.0309826,-1.1328413,-1.1265589,-0.7029202,-0.2758359,-1.071374
-0.850003,-0.08668123,0.31277627,0.33435282,-1.5346149,-0.79687953,-0.1771015,-1.2775121,-1.6046915,-0.895855,0.3246752,-0.43218213,0.22937962,0.45122752,1.5055754,0.13418381,-1.7016491,0.469402,-0.8991962,0.8219873,-1.7181711,1.4043441,-1.1240804,0.21381229,-0.21011433,-0.85332143,-0.5012892,-1.518438,-2.1013014,-1.0460767,-0.98106736,0.27017072,-1.0803474,0.6521921,-0.85939,-0.583081,-1.2810695,-1.1420027,-0.7847496,0.3641177,0.57981074,0.6279325,1.4127614,-0.74761236,0.016461106,0.053091563,-1.6991004,-0.90026706,-0.74087876,-2.112925,-2.1729672,-1.4942659,-0.47240993,-0.6360648,-0.08961861,0.15174194,0.67940944,-0.5384012,-1.7584367,-1.5149579,-0.4917462,-1.0562829,-1.1106212,-0.2762936,-1.5250088,-0.5376087,-0.22826779,-1.7898656,-0.35960147,-1.3580751,-2.4740963,-0.99430513,-1.2080343,0.14532018,-0.78745705,-0.5192569,-0.9624609,-1.6455456,-1.4819585,-1.1049299,-0.92069477,-1.2170627,-0.89818895,-0.46023843,-0.8093527
-0.90741944,-0.22282115,-0.20390148,0.4531075,-1.5887631,-0.7547093,-0.22292064,-1.3450618,-1.917078,-1.148969,0.13544989,-0.49443674,0.35844645,0.10371471,1.4384123,0.19680293,-1.7716054,0.29571852,-1.3194822,0.55182314,-2.0029383,1.34353,-1.2534516,0.18642427,-0.13351747,-0.8830703,-0.66673225,-1.5412575,-2.338385,-1.0059888,-0.91950953,0.4234608,-1.0293521,0.7150468,-0.66853577,-0.7221269,-1.5699506,-1.2746345,-0.84287524,0.49190602,0.47825983,0.38476512,1.5693452,-0.7490853,-0.42083824,0.24598776,-1.8691493,-0.5304347,-0.5780373,-1.9122412,-2.0304759,-1.2753626,-0.59116644,-0.69501644,0.11331088,0.26303408,0.74514097,-0.27209315,-1.6861856,-1.4505389,-0.3999834,-1.0264406,-1.0502188,-0.120433934,-1.3494892,-0.5919641,-0.46108654,-1.6008894,-0.5007748,-1.1442392,-2.399382,-0.7725946,-1.0703233,0.16665012,-0.7456012,-0.44757777,-0.8475583,-1.7680751,-1.6561067,-1.0612805,-0.71463513,-1.2709836,-1.0363021,-0.66362065,-0.6200702
-0.9117257,-0.34279186,-0.65461767,0.53932077,-1.501335,-0.670965,-0.25507227,-1.3775958,-2.138607,-1.3182168,-0.05698381,-0.5579947,0.46023828,-0.27168217,1.2417942,0.21183798,-1.7878044,0.20617366,-1.6445309,0.15168233,-2.1482317,1.2346042,-1.2687743,0.15959328,-0.08415114,-0.8193554,-0.79340184,-1.5151639,-2.4540274,-0.9590682,-0.861728,0.58267516,-0.8924789,0.7710894,-0.41266346,-0.80502844,-1.710348,-1.2812713,-0.8940452,0.6593875,0.43108714,0.13580972,1.5758603,-0.7404582,-0.80961084,0.43328035,-1.8840059,-0.14005838,-0.38984007,-1.6753105,-1.8412721,-1.0325274,-0.6903938,-0.7281672,0.32133934,0.3202827,0.7081348,-0.02701009,-1.561459,-1.3090522,-0.2849442,-1.0207685,-0.98216224,0.08099259,-1.1565828,-0.6342335,-0.73619115,-1.3724017,-0.6207482,-0.9115847,-2.2465627,-0.5403205,-0.925611,0.17688955,-0.6685325,-0.3331788,-0.6864632,-1.804895,-1.7031343,-0.8958691,-0.5374676,-1.2712147,-1.0757347,-0.8451092,-0.5181954
-0.8537111,-0.42839342,-1.0054046,0.5864842,-1.2860792,-0.5616128,-0.26680493,-1.3552601,-2.2398696,-1.3790876,-0.24320997,-0.6293113,0.52570695,-0.6205649,0.94622725,0.19179124,-1.734537,0.21861336,-1.842633,-0.34311545,-2.1493168,1.0835809,-1.1676449,0.13429418,-0.06658305,-0.67427796,-0.88587636,-1.4281522,-2.436854,-0.8983242,-0.80354047,0.7402439,-0.6771059,0.8184185,-0.10777551,-0.8277176,-1.6755272,-1.1588821,-0.927799,0.85059667,0.44679534,-0.080927946,1.4382648,-0.7109209,-1.1036762,0.58590674,-1.7477316,0.22726078,-0.18404734,-1.4112865,-1.6145016,-0.78056365,-0.77307314,-0.7466948,0.51499796,0.3270243,0.583475,0.18240432,-1.3880472,-1.0941348,-0.16453354,-1.0305287,-0.910528,0.27877784,-0.957919,-0.66112036,-1.0245693,-1.12094,-0.7189373,-0.67446184,-2.019771,-0.31271878,-0.7814633,0.1824215,-0.55197716,-0.1766304,-0.4849351,-1.7498521,-1.6253053,-0.62504286,-0.41021216,-1.2063133,-0.99094856,-0.96839863,-0.5063495
-0.7319404,-0.4670298,-1.2366521,0.5928189,-0.96940136,-0.4418152,-0.25054386,-1.2640952,-2.2028434,-1.3224913,-0.41388243,-0.7145312,0.5492409,-0.8958706,0.593487,0.15406889,-1.6048795,0.3305707,-1.8931937,-0.883251,-2.0172408,0.9010824,-0.95841575,0.11243017,-0.075762376,-0.4654397,-0.9494496,-1.2743688,-2.291827,-0.8189383,-0.7405209,0.8847299,-0.39981827,0.8511331,0.21920514,-0.7939819,-1.4623525,-0.9225174,-0.9366419,1.0397865,0.5176504,-0.2339623,1.1734868,-0.65345067,-1.2698143,0.6788882,-1.4828784,0.533267,0.03033565,-1.1290932,-1.3635808,-0.53396595,-0.8390219,-0.76154757,0.67517835,0.29066372,0.39823776,0.3470701,-1.1762264,-0.8219114,-0.059278116,-1.0463696,-0.8388106,0.4274911,-0.7629605,-0.66900545,-1.2949333,-0.86205864,-0.7936417,-0.44601783,-1.7317773,-0.10530949,-0.64530504,0.18654387,-0.39862952,0.011935104,-0.2558246,-1.6054618,-1.4386101,-0.28355017,-0.34824815,-1.0728114,-0.777641,-1.0100595,-0.57540864
-0.5528728,-0.4548965,-1.3434577,0.56101507,-0.58594537,-0.32251006,-0.19929063,-1.1001456,-2.0232487,-1.1563277,-0.5604222,-0.8180613,0.52831703,-1.0645452,0.23001388,0.11661597,-1.4028162,0.518216,-1.7888033,-1.4116989,-1.7757756,0.70099175,-0.65893334,0.09595094,-0.099215776,-0.2138804,-0.9894631,-1.0561947,-2.0394657,-0.7200022,-0.66962385,1.0015694,-0.084579214,0.86008406,0.53345937,-0.71272856,-1.0915763,-0.6044206,-0.9184169,1.1947731,0.6220836,-0.30352336,0.80663997,-0.56683767,-1.2920852,0.695509,-1.1261069,0.7495577,0.2428097,-0.838296,-1.1049933,-0.30667424,-0.88538074,-0.7813767,0.7843173,0.22186594,0.18630242,0.46319434,-0.94182146,-0.51858824,0.0112545295,-1.0594,-0.77000517,0.49531388,-0.579346,-0.6549803,-1.5175124,-0.60961366,-0.8423643,-0.23815402,-1.4026644,0.0677686,-0.5242503,0.18808644,-0.21833804,0.213417,-0.018118136,-1.3831477,-1.1690859,0.08119366,-0.35766247,-0.8767775,-0.4529825,-0.9650516,-0.70546156
-0.33074278,-0.39777738,-1.3332069,0.49762425,-0.1727284,-0.20833689,-0.108393356,-0.87116665,-1.7103909,-0.903917,-0.6763427,-0.9408946,0.46323985,-1.1123149,-0.09952682,0.09441367,-1.1435012,0.73971623,-1.5354549,-1.871498,-1.4572742,0.49854046,-0.29521608,0.08597055,-0.12073668,0.05803099,-1.0103998,-0.7847421,-1.7120538,-0.60487294,-0.5903215,1.0749232,0.24081172,0.8342213,0.79748,-0.5949341,-0.6049506,-0.24937706,-0.87727606,1.2828681,0.73055196,-0.28521782,0.36874017,-0.45642123,-1.1733938,0.6313052,-0.72166604,0.8608943,0.44158912,-0.5494667,-0.85620826,-0.11108614,-0.906735,-0.8108525,0.82850856,0.13311957,-0.0179018,0.53165823,-0.70380855,-0.21628122,0.033124126,-1.0608307,-0.7049437,0.4703355,-0.41289023,-0.61749375,-1.667466,-0.37504715,-0.8619702,-0.060881156,-1.0571779,0.19554573,-0.4245948,0.18173,-0.025643105,0.4027584,0.20552218,-1.1016089,-0.84781724,0.41760817,-0.43273345,-0.6327177,-0.051669054,-0.8484563,-0.8685822
-0.08468929,-0.31001648,-1.2220082,0.41240898,0.23593304,-0.09683337,0.022600818,-0.5959655,-1.2858655,-0.5996715,-0.75731975,-1.0793071,0.3567064,-1.044306,-0.3586846,0.09667701,-0.8505796,0.94221574,-1.151346,-2.2129438,-1.0977396,0.30822954,0.10221098,0.082535446,-0.124689505,0.32861307,-1.0155505,-0.47861382,-1.3480089,-0.48065972,-0.5045222,1.090968,0.54914516,0.7634454,0.97779185,-0.4504526,-0.05874989,0.0924451,-0.82238567,1.2781352,0.81322426,-0.19079608,-0.1051316,-0.33353758,-0.93403745,0.49501473,-0.31433943,0.8670376,0.6145563,-0.27390957,-0.6326139,0.042867776,-0.89633167,-0.8500515,0.79930526,0.037963115,-0.18485929,0.5576722,-0.4810953,0.051690355,0.0015986548,-1.0409019,-0.6412134,0.36259496,-0.2676404,-0.55661047,-1.7272731,-0.16635984,-0.8494309,0.0785397,-0.7204346,0.272212,-0.35099646,0.15938942,0.16333543,0.553556,0.39240524,-0.7840319,-0.5055583,0.67973304,-0.55576867,-0.3613218,0.38161683,-0.6926415,-1.0319549
0.16447426,-0.21115054,-1.0305222,0.3172143,0.61259663,0.020294573,0.18871066,-0.30153084,-0.7799455,-0.2827108,-0.80126077,-1.223554,0.21384986,-0.88305545,-0.52343434,0.12674712,-0.5517467,1.0716516,-0.66295564,-2.399047,-0.7312017,0.14248028,0.5014407,0.0844851,-0.0999185,0.5788889,-1.0062983,-0.16112538,-0.985581,-0.35624903,-0.41612425,1.0409821,0.8183467,0.64130044,1.0515462,-0.28598216,0.4846866,0.3738043,-0.7656081,1.168395,0.8473788,-0.04647865,-0.5777226,-0.21320525,-0.6074223,0.3075322,0.05803683,0.78186965,0.7507555,-0.02292877,-0.44494352,0.14889614,-0.8471743,-0.89392066,0.69593483,-0.050120153,-0.29481277,0.5495117,-0.2890043,0.25548354,-0.0754565,-0.9879114,-0.5719088,0.2012904,-0.14536381,-0.47368765,-1.6881349,0.0122021055,-0.80208975,0.17632765,-0.41352397,0.29878315,-0.30540335,0.11287314,0.33512565,0.64337736,0.5240656,-0.45486158,-0.16858232,0.8354731,-0.6989716,-0.08507129,0.80085063,-0.5404494,-1.162512
0.3986856,-0.12146168,-0.7803012,0.22462296,0.9389038,0.15452905,0.37877983,-0.018574238,-0.22781129,0.009631104,-0.8076775,-1.3579321,0.04219576,-0.66373885,-0.58506584,0.18284565,-0.27316263,1.0840389,-0.101230405,-2.4090006,-0.38498318,0.010735201,0.87339014,0.089730605,-0.042426933,0.79350275,-0.9824524,0.14336587,-0.6561061,-0.24021137,-0.3294317,0.9242249,1.0350182,0.46794498,1.0120649,-0.10415292,0.9661139,0.55838096,-0.7179429,0.9601475,0.82278365,0.11136745,-1.0122814,-0.111021385,-0.23432869,0.097825244,0.36906293,0.6309608,0.8421774,0.19363599,-0.29708537,0.20539525,-0.7541524,-0.93373215,0.5266896,-0.11875215,-0.3400655,0.51767427,-0.1361444,0.37252888,-0.17713094,-0.8882669,-0.4854652,0.027973069,-0.0452623,-0.371246,-1.5505826,0.16050462,-0.7183528,0.23308417,-0.14948118,0.28379118,-0.28612155,0.036861964,0.48192313,0.6586671,0.5899103,-0.1361287,0.14462043,0.8724182,-0.82902706,0.1757485,1.1675864,-0.43566716,-1.2310165
0.60490644,-0.057324775,-0.49149647,0.14600275,1.2057981,0.3166783,0.57597095,0.22393784,0.33464938,0.24764924,-0.7774768,-1.4625794,-0.14825067,-0.42762986,-0.5507206,0.25996092,-0.03409634,0.95449793,0.50375473,-2.2388878,-0.07683881,-0.080935545,1.1942642,0.09595094,0.04392022,0.9615451,-0.9422481,0.412983,-0.37960145,-0.1383131,-0.24797724,0.7495006,1.1965628,0.25169617,0.8715284,0.09577159,1.337839,0.6270485,-0.6861841,0.68078023,0.74429065,0.24212134,-1.3751748,-0.03974255,0.14390433,-0.10266902,0.6065543,0.4471018,0.8850457,0.36846215,-0.18493222,0.21569586,-0.6148934,-0.9584612,0.30882365,-0.15732312,-0.32559976,0.47357693,-0.022607004,0.39007097,-0.27145156,-0.7277626,-0.36624125,-0.11270901,0.03602742,-0.25264636,-1.3239456,0.282034,-0.5982731,0.2534495,0.06867338,0.24255309,-0.2873355,-0.06851112,0.6038208,0.5980559,0.5898235,0.15540566,0.42400295,0.7993553,-0.9128631,0.4067471,1.4566016,-0.41223785,-1.2170535
0.7778735,-0.027479904,-0.18168084,0.08985786,1.4117519,0.5133257,0.75941217,0.4033208,0.87457234,0.41316354,-0.7121233,-1.5162685,-0.34496123,-0.21551627,-0.44182315,0.35168016,0.15686277,0.68407875,1.1249759,-1.9002033,0.186524,-0.12972169,1.4477185,0.10073224,0.14823075,1.0763236,-0.8829672,0.63105786,-0.16220044,-0.052370977,-0.17310086,0.5350343,1.3111844,0.00962426,0.6607235,0.31624612,1.5697856,0.5812179,-0.670763,0.3754767,0.63044214,0.30784696,-1.6387833,-0.0065229335,0.49133795,-0.2659327,0.77157986,0.26495808,0.88077134,0.49797994,-0.09731257,0.18800142,-0.4311615,-0.95677686,0.0676775,-0.15892564,-0.26742747,0.428177,0.060331013,0.30618447,-0.3195391,-0.49454334,-0.19718124,-0.18257362,0.1042629,-0.121701986,-1.0254036,0.38264552,-0.4440823,0.24567287,0.24809319,0.1950582,-0.29922077,-0.19593224,0.7085301,0.47341055,0.534977,0.409406,0.6671124,0.6433585,-0.92390054,0.60197186,1.6589359,-0.4850853,-1.1124063
0.9186635,-0.031361535,0.13415158,0.060049873,1.5602841,0.74403065,0.9067498,0.5067006,1.3644726,0.5008174,-0.61384887,-1.5005652,-0.5333631,-0.061645515,-0.29069594,0.4514827,0.3030786,0.3012298,1.740204,-1.4168363,0.40924805,-0.13601668,1.62474,0.102032006,0.25469336,1.1345379,-0.80193865,0.7872721,0.0032897305,0.020419152,-0.10394985,0.30653906,1.3952324,-0.23379426,0.42492783,0.5588488,1.6523408,0.44153118,-0.66510147,0.10134715,0.50982034,0.2799528,-1.7842859,-0.011415134,0.78227496,-0.3730656,0.8753621,0.11548534,0.8359111,0.5826013,-0.017797742,0.13384615,-0.20958817,-0.9194919,-0.16672151,-0.12123882,-0.18915434,0.39066938,0.12856306,0.12969385,-0.28238636,-0.1830393,0.037356276,-0.15820779,0.16617078,0.017192103,-0.67790115,0.4687754,-0.26066855,0.22015177,0.40409198,0.16296154,-0.30912986,-0.3306938,0.8091979,0.30853269,0.44670177,0.6222686,0.8763545,0.4433699,-0.84704405,0.76356107,1.7807469,-0.6440109,-0.9233254
1.0337356,-0.059792567,0.44282117,0.055103566,1.6567415,1.0000585,0.99789405,0.5325649,1.7832654,0.51661676,-0.48600146,-1.4038006,-0.69783956,0.010782442,-0.13539942,0.55306363,0.418562,-0.14192809,2.3317862,-0.82147354,0.6034658,-0.102855586,1.7229251,0.097854175,0.34582782,1.1353172,-0.697732,0.8779547,0.13393107,0.086534545,-0.03760061,0.09425325,1.4694827,-0.44925094,0.21723108,0.82172096,1.59586,0.24357638,-0.6570135,-0.08247866,0.4148025,0.1443523,-1.8029957,-0.047606893,1.0037178,-0.41684952,0.93457466,0.021381741,0.7611717,0.6264909,0.071738586,0.06642964,0.03881488,-0.8410939,-0.36305836,-0.04796504,-0.11782203,0.3672223,0.20186456,-0.12094955,-0.1275087,0.2025594,0.34760472,-0.035902176,0.22807866,0.15893,-0.30753008,0.54551905,-0.055736102,0.1874985,0.5560636,0.16568367,-0.3033425,-0.45213085,0.9212007,0.13546228,0.3534773,0.79555726,1.0556443,0.24155544,-0.6817256,0.8997214,1.8390473,-0.85298467,-0.6704279
1.1314633,-0.09788912,0.7324536,0.068423875,1.7058703,1.2650543,1.0181072,0.48994884,2.1163836,0.47457537,-0.3334634,-1.2242988,-0.8229913,-0.007644928,-0.013581222,0.6496329,0.52408427,-0.57810503,2.8838134,-0.15174656,0.7856498,-0.035971355,1.7441365,0.08592413,0.40498835,1.0791197,-0.5709193,0.90449476,0.25158074,0.15438774,0.029804371,-0.07137904,1.5540619,-0.60628873,0.08996693,1.0977788,1.4267066,0.030100835,-0.6316172,-0.12532717,0.3748354,-0.095119104,-1.6966947,-0.103183344,1.1554058,-0.40336293,0.9661582,-0.0059836963,0.67008173,0.6366967,0.18777986,-0.0012952854,0.29883805,-0.72158295,-0.4936749,0.050672743,-0.07930395,0.36036444,0.2995999,-0.41924542,0.16421382,0.64610523,0.7354777,0.16756617,0.29431894,0.29821187,0.059617374,0.6148878,0.16088553,0.1569505,0.72319,0.21699767,-0.26971933,-0.536307,1.0579175,-0.010451773,0.28676435,0.93375987,1.2074815,0.0747461,-0.44198543,1.0210289,1.855902,-1.0555006,-0.38652942
1.218545,-0.12963624,0.99193853,0.08946737,1.7100985,1.5174276,0.9610905,0.39610824,2.3544426,0.39227813,-0.1631397,-0.9716805,-0.89546365,-0.11224345,0.04400481,0.73326874,0.64142925,-0.9364945,3.3809211,0.5522727,0.9720751,0.056711085,1.6924601,0.06354951,0.4197016,0.9668165,-0.42517295,0.8719026,0.37675777,0.23254925,0.10159474,-0.16378097,1.6634896,-0.6776984,0.08576679,1.3737314,1.1814752,-0.15792486,-0.5751631,0.0049222154,0.41052717,-0.41659933,-1.4766868,-0.16417803,1.2476178,-0.3489417,0.98347306,0.032511417,0.5769168,0.6217312,0.34127852,-0.059028003,0.55289906,-0.5661651,-0.53832966,0.15842831,-0.09383842,0.3685249,0.43608683,-0.7326232,0.5936125,1.1194932,1.1921561,0.41823483,0.36620277,0.42915624,0.40078652,0.6751832,0.3777728,0.13503845,0.91940725,0.32291657,-0.19979104,-0.559738,1.2271991,-0.09596006,0.2759398,1.042112,1.3306872,-0.032665756,-0.15411869,1.1360947,1.8517574,-1.1850903,-0.11175479
1.29833,-0.14290063,1.2107705,0.106258765,1.6693715,1.7336439,0.8303845,0.27271944,2.4920247,0.28622776,0.015553721,-0.6660558,-0.9060343,-0.2857347,0.019071503,0.79405564,0.78725314,-1.1557378,3.8051298,1.2496775,1.1739866,0.16468135,1.5721624,0.027480869,0.38316,0.80028677,-0.26702675,0.7870241,0.5231229,0.3276148,0.17943531,-0.16390438,1.8034909,-0.64328074,0.2302095,1.630677,0.90010285,-0.28935474,-0.4784848,0.3142014,0.5291794,-0.78291947,-1.1617932,-0.21786073,1.2969639,-0.27685493,0.99325275,0.12505925,0.49495664,0.5900612,0.53524655,-0.100045376,0.78250307,-0.38502288,-0.4874428,0.25485572,-0.17269568,0.38653165,0.6167602,-1.0244745,1.1413116,1.5857785,1.6978385,0.6718641,0.44139293,0.5459462,0.6988355,0.72139925,0.5832366,0.12515654,1.1503851,0.48067766,-0.09076278,-0.50327486,1.4289063,-0.094864674,0.34366572,1.1242516,1.4197425,-0.07260642,0.14827532,1.2472885,1.8398368,-1.1793019,0.1124605
1.3686651,-0.13338935,1.3795902,0.10812448,1.581698,1.891957,0.63920385,0.1420018,2.526656,0.16870664,0.19138749,-0.33516926,-0.8510928,-0.5016045,-0.090569,0.8204613,0.96795726,-1.1948414,4.1362805,1.8998823,1.3939488,0.27546188,1.3872092,-0.025902575,0.29571483,0.5830602,-0.10535132,0.6575483,0.6941889,0.44290206,0.2626764,-0.06306863,1.9688718,-0.49337202,0.52682316,1.845716,0.61992687,-0.34845898,-0.33964118,0.7787828,0.722866,-1.1470429,-0.7761808,-0.2555254,1.3213204,-0.21170142,0.99533695,0.25187373,0.43432683,0.5491006,0.76360524,-0.121818505,0.9697636,-0.1920138,-0.343847,0.31774077,-0.31604755,0.40653062,0.8357284,-1.2570143,1.7681122,2.0038767,2.2220745,0.8828532,0.51481587,0.64295876,0.9437142,0.74701023,0.76633155,0.12760553,1.4115665,0.6796362,0.053751893,-0.35553443,1.6542126,0.00832947,0.50177974,1.1811305,1.4660153,-0.0532352,0.42993352,1.3484839,1.8222322,-0.9941906,0.2502763
1.4227322,-0.10678346,1.4906615,0.08816571,1.4448955,1.975779,0.40883192,0.022956053,2.458218,0.045883015,0.35229528,-0.009806804,-0.73411924,-0.72838926,-0.26997322,0.80030674,1.1765851,-1.0405786,4.3518176,2.4628794,1.6242679,0.37533858,1.1416264,-0.09966457,0.16540354,0.32196656,0.05017184,0.49185902,0.8823169,0.57837147,0.34827262,0.13588761,2.1442277,-0.230705,0.9557831,1.9950368,0.3705699,-0.336126,-0.1651026,1.347488,0.9693456,-1.4591786,-0.34730178,-0.27406842,1.3351,-0.17475578,0.9835265,0.38909984,0.40042228,0.503838,1.0114045,-0.12601276,1.0994102,-0.0026796183,-0.12227274,0.32669276,-0.5122458,0.419097,1.0756139,-1.3950245,2.4190843,2.3351052,2.7270913,1.013122,0.57940304,0.71528196,1.1320474,0.74647385,0.91749376,0.14058091,1.6882735,0.9035814,0.22409797,-0.11534656,1.8866265,0.21636082,0.74897945,1.210573,1.4599776,0.004307886,0.6600159,1.4248863,1.7888387,-0.6158957,0.27779913
1.4508424,-0.07812107,1.5387956,0.045037404,1.2584732,1.9758309,0.16532765,-0.07103968,2.2894995,-0.08191849,0.48753592,0.28135598,-0.5654232,-0.9344046,-0.4890891,0.7231915,1.3926919,-0.70932555,4.429729,2.9005876,1.846992,0.45087844,0.84130275,-0.19519772,0.0075103575,0.028740468,0.19057669,0.29938167,1.0702218,0.73086345,0.4315949,0.41864735,2.3066576,0.1291948,1.4762641,2.0575638,0.17150514,-0.26782426,0.031057838,1.9479351,1.2353284,-1.6741031,0.09588803,-0.2762515,1.3454534,-0.18007444,0.9477745,0.5131219,0.392994,0.456699,1.2569039,-0.11731584,1.159701,0.16728474,0.1520426,0.26679173,-0.7390592,0.41518918,1.3095164,-1.4102937,3.0297704,2.549111,3.1710403,1.0393935,0.62831366,0.7587792,1.2652763,0.7176894,1.0292317,0.16094624,1.9578272,1.1335396,0.406047,0.2073153,2.104314,0.5189602,1.0700988,1.2076491,1.3944598,0.072264075,0.81665045,1.4552854,1.7192494,-0.06635025,0.18716532
1.4433064,-0.06842984,1.5219868,-0.016270738,1.0255135,1.8911796,-0.064344406,-0.13331573,2.027175,-0.21816075,0.5890187,0.51597446,-0.36144802,-1.092385,-0.7075445,0.5828643,1.5853819,-0.24401765,4.3520355,3.1786504,2.036574,0.49106517,0.49633318,-0.31087732,-0.15648775,-0.27897045,0.30971095,0.09167478,1.2352102,0.89516455,0.50736463,0.7609788,2.4296014,0.55891997,2.0320263,2.0185678,0.03147905,-0.16764493,0.22878195,2.4975195,1.4818561,-1.75796,0.5244886,-0.26922882,1.351077,-0.23250116,0.8771257,0.60463256,0.40590012,0.4075921,1.4744744,-0.102019146,1.1438222,0.3044812,0.4469599,0.13135126,-0.9662506,0.387681,1.5053296,-1.2865363,3.53405,2.628622,3.5134034,0.9570397,0.6563603,0.77054226,1.3469279,0.6639197,1.0959662,0.18556508,2.1928322,1.3510247,0.583225,0.5918127,2.2835371,0.89403737,1.437295,1.1660014,1.2673391,0.123302534,0.8896925,1.417142,1.587136,0.59790045,-0.011845906
1.3929474,-0.09958573,1.4417634,-0.085562386,0.7539,1.7288748,-0.25597793,-0.16391087,1.6826704,-0.36701,0.65360504,0.68182117,-0.14242156,-1.1829311,-0.88162357,0.3800797,1.7191545,0.29372397,4.1084943,3.2697754,2.164211,0.48994106,0.12318196,-0.44076157,-0.30133662,-0.5774679,0.40538085,-0.117173076,1.3540865,1.0651135,0.5711151,1.1312448,2.4877975,1.0220727,2.5591013,1.8726485,-0.050333478,-0.061351355,0.40574694,2.9164758,1.6702105,-1.6930711,0.9108806,-0.26191682,1.3430326,-0.32804698,0.76292247,0.6512256,0.42760402,0.354412,1.638816,-0.086475715,1.0511044,0.39941627,0.72771335,-0.07581571,-1.159803,0.33297122,1.631198,-1.0235653,3.872837,2.571697,3.7196534,0.78025126,0.6614908,0.7488259,1.3799223,0.5946404,1.1146688,0.21177362,2.3656814,1.5405169,0.73968136,1.0088636,2.40209,1.3101685,1.8132896,1.0796801,1.0837098,0.1372247,0.8808463,1.2924826,1.3672366,1.2944403,-0.29342562
1.2982103,-0.1881178,1.3035051,-0.14912674,0.45689008,1.5025241,-0.391624,-0.16817635,1.2732618,-0.5303059,0.68352675,0.7780272,0.07047127,-1.1969393,-0.9719862,0.12372933,1.7610564,0.8336176,3.7001946,3.1577153,2.2024825,0.448574,-0.25429565,-0.5741273,-0.400772,-0.83856153,0.48025706,-0.3107418,1.4084507,1.2341936,0.62004465,1.493982,2.4620047,1.476908,2.9947395,1.6253467,-0.08177127,0.029839544,0.5406544,3.1408782,1.7683508,-1.4801341,1.2297835,-0.26196942,1.3080249,-0.45493487,0.60142404,0.64907146,0.4433736,0.294367,1.7285714,-0.075743355,0.8875101,0.4474197,0.9612368,-0.33984447,-1.2866619,0.25190264,1.6616833,-0.63937736,4.002264,2.3915703,3.7658288,0.5387028,0.6455293,0.69330704,1.3648282,0.52455646,1.0848615,0.23823996,2.45253,1.6910866,0.86262757,1.4236537,2.442738,1.7298825,2.1558845,0.94504726,0.856119,0.10572864,0.8019609,1.074025,1.0423808,1.928725,-0.6198686
1.1639993,-0.33988708,1.1159348,-0.1924286,0.15256949,1.2300895,-0.46136132,-0.15499213,0.82160485,-0.7050726,0.6865259,0.8144613,0.25817716,-1.1362219,-0.95097446,-0.16840337,1.6880628,1.3075336,3.143046,2.8416998,2.1314633,0.37629408,-0.6057548,-0.695888,-0.43151614,-1.0323648,0.5413026,-0.47122228,1.3888797,1.395888,0.6535847,1.8137271,2.34213,1.8809685,3.286061,1.2931093,-0.07521141,0.093856074,0.6170589,3.1327376,1.7556689,-1.1381516,1.460093,-0.27309525,1.2326463,-0.5971139,0.39615747,0.6031167,0.43756375,0.22521453,1.7303785,-0.07259766,0.66672766,0.44963995,1.1206961,-0.6359789,-1.3204038,0.15022208,1.5829927,-0.16940424,3.8995664,2.1136389,3.641613,0.27129114,0.61366326,0.6057308,1.2997497,0.47159126,1.0093601,0.2646633,2.4373221,1.796843,0.94413054,1.799401,2.3956792,2.1134489,2.423315,0.76271504,0.603387,0.03383545,0.67145914,0.7699761,0.61012113,2.4106603,-0.947723
1.0016781,-0.54674464,0.8908314,-0.20318899,-0.13775718,0.93150276,-0.46407837,-0.13444026,0.35490975,-0.88200355,0.6743898,0.80906135,0.4064713,-1.0125332,-0.80847484,-0.47115225,1.4929234,1.6589421,2.467995,2.339774,1.9423747,0.28990662,-0.89688486,-0.7878932,-0.3773186,-1.1309167,0.5984852,-0.5815991,1.2972132,1.543443,0.67348135,2.0588021,2.1295311,2.1955194,3.3968186,0.90143126,-0.044928815,0.12871243,0.62606347,2.886122,1.6261122,-0.70227045,1.5866072,-0.2932427,1.1078846,-0.73644364,0.15893327,0.5260467,0.39735135,0.1467716,1.641116,-0.07691528,0.4100506,0.41304404,1.1889402,-0.932058,-1.2455667,0.038235564,1.3966105,0.3374447,3.5667906,1.7711684,3.351665,0.018954987,0.5735885,0.49023345,1.1815389,0.45371273,0.89464676,0.29186004,2.3145473,1.8561609,0.982186,2.1015043,2.2598915,2.4226434,2.580011,0.5385991,0.3477777,-0.061793912,0.510645,0.40564904,0.08703611,2.6701546,-1.2344947
0.8282326,-0.7857607,0.6423613,-0.17359793,-0.3918305,0.6263066,-0.40673238,-0.115710914,-0.09698275,-1.046057,0.6607193,0.78417194,0.50774115,-0.84505177,-0.55455965,-0.75450104,1.1875259,1.8500516,1.7199361,1.6897618,1.6402473,0.21127549,-1.0942764,-0.83176047,-0.23255756,-1.1128107,0.66282153,-0.62832946,1.1466663,1.669315,0.6831454,2.2047691,1.8367796,2.3897471,3.3118918,0.4815582,-0.004909577,0.14099315,0.56793785,2.4274726,1.3888557,-0.21966654,1.6021432,-0.31433702,0.93243605,-0.8555435,-0.0902617,0.43589234,0.31547415,0.062012944,1.4696006,-0.08542716,0.1454037,0.34926912,1.1607155,-1.192329,-1.0611886,-0.07064767,1.1202341,0.8257354,3.0309854,1.3999287,2.915287,-0.18247153,0.5337987,0.3536661,1.0087548,0.48526835,0.7516138,0.32154876,2.0906699,1.8706247,0.980351,2.30108,2.0431795,2.6246274,2.6013997,0.28449672,0.11150773,-0.15719505,0.34021354,0.02178796,-0.49087575,2.6691701,-1.4439908
0.662921,-1.021949,0.3865055,-0.10209346,-0.589628,0.33165947,-0.3025381,-0.10551253,-0.50423175,-1.1784576,0.6582781,0.7618894,0.5614646,-0.65675676,-0.219281,-0.9871402,0.8024724,1.8646959,0.9540066,0.94746876,1.244414,0.16293898,-1.1707695,-0.8120318,-0.004962985,-0.96741235,0.7438977,-0.6036745,0.95959765,1.7648151,0.6869217,2.2364473,1.4855958,2.443849,3.038505,0.066173926,0.032510474,0.14235187,0.45222583,1.8107442,1.0667173,0.25565,1.5095961,-0.32349017,0.7141588,-0.9391224,-0.32513452,0.3529982,0.19296959,-0.02201345,1.2359847,-0.0918419,-0.09496869,0.2736273,1.0430782,-1.3820894,-0.7818036,-0.1616008,0.7858332,1.2418253,2.341006,1.0328281,2.3635957,-0.30739748,0.5021037,0.20552965,0.78462076,0.57385653,0.5948195,0.35561985,1.7837592,1.8431597,0.94695365,2.3777828,1.7611518,2.69496,2.4775538,0.017441064,-0.08693263,-0.22723384,0.17801966,-0.33109608,-1.071235,2.4075494,-1.5509064
0.5250018,-1.2136915,0.14016834,0.0059008542,-0.7162828,0.060831882,-0.1687857,-0.107063614,-0.83986276,-1.2595104,0.676552,0.75959283,0.57329684,-0.47062707,0.15149873,-1.1405624,0.3833879,1.7090158,0.22948463,0.18128672,0.78653747,0.1631076,-1.1113417,-0.7196552,0.28394422,-0.6978387,0.8475321,-0.5078823,0.7640539,1.8202666,0.6892362,2.1492293,1.1037794,2.3506956,2.6042109,-0.31470314,0.057800982,0.14527833,0.2965592,1.1087606,0.69245833,0.66911125,1.3229988,-0.30552578,0.469365,-0.9749283,-0.51682705,0.29643232,0.03963139,-0.09455258,0.9694019,-0.08795604,-0.2784572,0.2025026,0.85441554,-1.472383,-0.4359312,-0.22083144,0.4348537,1.5426081,1.5611823,0.695672,1.7362764,-0.34377608,0.484261,0.057716344,0.5192628,0.7179576,0.4416382,0.39579198,1.4216874,1.7768943,0.8930888,2.3217452,1.4345274,2.6201088,2.2146094,-0.242169,-0.23527943,-0.25131238,0.037860118,-0.60046923,-1.5926621,1.9225428,-1.5421858
0.42954695,-1.3200378,-0.07993702,0.13832296,-0.76522064,-0.17801166,-0.024494512,-0.11989884,-1.0829871,-1.2727667,0.71937704,0.78702706,0.55328643,-0.30557618,0.5029593,-1.192781,-0.015676478,1.408101,-0.39762083,-0.53583294,0.3064675,0.22038074,-0.91689444,-0.55453795,0.60025764,-0.32265413,0.9737248,-0.34983256,0.588583,1.8255986,0.6936622,1.9487096,0.7208415,2.1159906,2.0521028,-0.6374018,0.064979695,0.1596494,0.124015674,0.4018547,0.30402836,0.9722511,1.0675757,-0.24624075,0.22021385,-0.95374864,-0.6388326,0.27979764,-0.12719394,-0.14260688,0.7040787,-0.06464091,-0.37665033,0.15151328,0.62140715,-1.4444219,-0.062501684,-0.2379953,0.111505054,1.7024659,0.76306987,0.4043012,1.0774249,-0.29307064,0.4831779,-0.07742909,0.23069496,0.9064868,0.31008187,0.44296736,1.0385259,1.6739414,0.83078295,2.1342704,1.0865337,2.3987277,1.8337522,-0.4729486,-0.3290044,-0.21787632,-0.070566714,-0.7417153,-1.9938177,1.2816033,-1.4174258
0.38540804,-1.308393,-0.25888008,0.27742693,-0.7401516,-0.3824866,0.1114809,-0.14087726,-1.2212759,-1.2088659,0.7837541,0.8438196,0.5129612,-0.17388897,0.78015655,-1.1321557,-0.34106138,1.0014224,-0.8830691,-1.1358837,-0.15338172,0.3304868,-0.606536,-0.32717088,0.9016821,0.124771215,1.1156558,-0.146888,0.4576071,1.7714897,0.7023924,1.6494936,0.36387357,1.7575165,1.4341367,-0.8870532,0.051818725,0.19058636,-0.040224213,-0.23380522,-0.061103504,1.1293302,0.7775729,-0.13558759,-0.0093478225,-0.8701698,-0.67244697,0.30792102,-0.28630048,-0.1533619,0.4740223,-0.0140630985,-0.37093154,0.13252626,0.3751105,-1.2928457,0.29495022,-0.2084566,-0.14482184,1.7172804,0.015858656,0.16367249,0.43072036,-0.16862112,0.49908242,-0.1884668,-0.056697186,1.1192862,0.21566524,0.49645856,0.6698834,1.5353163,0.7710461,1.8273002,0.7393762,2.0416558,1.3681219,-0.6557228,-0.37103206,-0.12646925,-0.14113343,-0.7265735,-2.2241378,0.5703759,-1.1870103
0.3925851,-1.1614307,-0.38526398,0.40151843,-0.65610605,-0.55627346,0.22152095,-0.16584972,-1.2535511,-1.068728,0.85984874,0.91941893,0.46271783,-0.079763554,0.9371043,-0.9594412,-0.54864407,0.5370068,-1.2000543,-1.5643445,-0.55414695,0.47482187,-0.2164998,-0.058304004,1.1434629,0.5991952,1.2594467,0.076494865,0.38690576,1.6509892,0.7158734,1.2727686,0.053946547,1.3027999,0.8033182,-1.0585022,0.019349508,0.23761892,-0.17286706,-0.73637605,-0.37099242,1.1229144,0.49152362,0.029511014,-0.19801743,-0.7236219,-0.6119519,0.37422037,-0.4177273,-0.11743558,0.30710688,0.068341725,-0.25692043,0.15143672,0.14606802,-1.0278776,0.59464216,-0.13466734,-0.30649617,1.6043264,-0.62251616,-0.031375244,-0.16456729,0.007792984,0.52912426,-0.2677056,-0.31553215,1.3300742,0.16874915,0.55304325,0.34750003,1.3610195,0.72217816,1.4221377,0.41126525,1.571075,0.8576593,-0.7768923,-0.37103206,0.012410135,-0.17095894,-0.5501893,-2.2528734,-0.121832445,-0.8696912
0.44114986,-0.881182,-0.4531038,0.48660356,-0.5384533,-0.70875496,0.28998208,-0.19202428,-1.1909639,-0.8655549,0.93134004,0.9943355,0.40873337,-0.020194983,0.94412196,-0.6895108,-0.61167663,0.06534781,-1.3445446,-1.7871801,-0.86613816,0.622473,0.20358072,0.22314279,1.2849739,1.0484083,1.3852102,0.2910972,0.3806051,1.460779,0.732481,0.84420633,-0.19660388,0.7866149,0.20668873,-1.1560624,-0.028673578,0.29458058,-0.25584972,-1.0667955,-0.6040216,0.95697904,0.2462908,0.24379465,-0.3313822,-0.5201834,-0.4683027,0.4599069,-0.5082363,-0.0324481,0.21981579,0.18109323,-0.047271412,0.20640717,-0.040585898,-0.6753234,0.8024199,-0.026856843,-0.36276248,1.3984207,-1.1125358,-0.19331035,-0.6773217,0.20990011,0.5678309,-0.31256017,-0.52021086,1.509262,0.17145891,0.6063626,0.09447888,1.1508068,0.6887244,0.94726735,0.1142326,1.0181351,0.3432316,-0.8311534,-0.34310797,0.17987563,-0.16020551,-0.23383047,-2.076117,-0.7162283,-0.48996687
0.5118439,-0.49008825,-0.46297255,0.5085582,-0.42060947,-0.8541864,0.30299094,-0.22002135,-1.057269,-0.62499374,0.9774433,1.0431833,0.35148633,0.013124529,0.7927058,-0.35076404,-0.5263378,-0.3661052,-1.3360451,-1.7946293,-1.0746584,0.7351083,0.5969819,0.48337546,1.2963932,1.4194673,1.4692432,0.46566623,0.42972803,1.2023603,0.74847955,0.39128882,-0.38494462,0.24801281,-0.32030243,-1.1919723,-0.0875885,0.3501835,-0.2800058,-1.2134523,-0.75192857,0.65770954,0.06927103,0.49350727,-0.40463784,-0.2742906,-0.26966283,0.5356605,-0.5558769,0.09441528,0.21373719,0.31543282,0.22814387,0.28656605,-0.16934825,-0.2741412,0.89649886,0.09769607,-0.32168168,1.144595,-1.4376383,-0.33782044,-1.0880743,0.41047585,0.60710764,-0.32749015,-0.652302,1.6281543,0.21614343,0.6464917,-0.0789002,0.9050846,0.67088234,0.43582755,-0.1473085,0.42021605,-0.13915655,-0.8232658,-0.3040048,0.35210547,-0.11252531,0.17621085,-1.7193283,-1.1563451,-0.07541054
0.577514,-0.028019732,-0.4226061,0.44534096,-0.33956462,-1.0099854,0.24848549,-0.25565752,-0.8872547,-0.38280934,0.97549033,1.0377213,0.28488663,0.030270379,0.49631315,0.016705615,-0.3131703,-0.7176712,-1.2153096,-1.6017193,-1.181779,0.7740024,0.90709996,0.6881358,1.1635344,1.6653886,1.4866984,0.56994134,0.5130307,0.88213104,0.75838727,-0.058831144,-0.5178632,-0.27312303,-0.75707465,-1.1843274,-0.15314579,0.38843665,-0.24695295,-1.1930062,-0.8211504,0.27022472,-0.028231842,0.7578702,-0.4237059,-0.010352381,-0.059105646,0.5653396,-0.5720615,0.24539734,0.27419475,0.4544601,0.5252176,0.37307945,-0.23671673,0.12770416,0.86980075,0.21654049,-0.208738,0.8894859,-1.6049215,-0.47936672,-1.3906685,0.58454186,0.6361804,-0.3235476,-0.7047517,1.6624364,0.28542835,0.6601975,-0.17703532,0.62568134,0.66475624,-0.07723459,-0.37591305,-0.18263218,-0.56308043,-0.76812077,-0.27108076,0.50445056,-0.035831172,0.6150331,-1.2353996,-1.4145795,0.34524518
0.60646147,0.45386827,-0.34613907,0.2795096,-0.33069906,-1.1941918,0.11629747,-0.3101006,-0.72348344,-0.1808267,0.90351075,0.9515083,0.19710205,0.039417777,0.08776194,0.36515242,-0.014533402,-0.9609015,-1.0382382,-1.2455676,-1.2075235,0.7077926,1.0849627,0.80692554,0.8903068,1.7512891,1.415113,0.5777297,0.5998461,0.51115024,0.7551388,-0.48089316,-0.60964316,-0.73896885,-1.0982518,-1.154379,-0.2229938,0.38995215,-0.16973971,-1.0476115,-0.8319107,-0.14762986,-0.054848846,1.012291,-0.4037068,0.23772484,0.111263976,0.51204485,-0.58023673,0.39335886,0.3720002,0.57492167,0.7913855,0.44006988,-0.2518077,0.47981617,0.7300224,0.30496502,-0.062249184,0.67341864,-1.6423299,-0.6266362,-1.5935905,0.7118499,0.642052,-0.31779537,-0.68442416,1.595079,0.35402253,0.6321415,-0.2183665,0.31645662,0.66297764,-0.55782306,-0.58026814,-0.7512041,-0.9141265,-0.689245,-0.26013753,0.6150577,0.05737857,1.008141,-0.6983414,-1.4934123,0.7442758
0.5667484,0.9017213,-0.2523858,0.0007809954,-0.42167336,-1.4224863,-0.10065392,-0.39843485,-0.6109913,-0.06076253,0.74399793,0.76387554,0.07312482,0.044367097,-0.3865901,0.64472896,0.3122232,-1.0808896,-0.8680316,-0.78101635,-1.1862177,0.51961744,1.0965599,0.81732374,0.49831882,1.6592463,1.23789,0.47013092,0.6547679,0.10399154,0.73089737,-0.8529693,-0.6798209,-1.1173251,-1.351688,-1.1238697,-0.2977514,0.3340879,-0.07171341,-0.83778626,-0.8149055,-0.53417325,-0.039257295,1.2322822,-0.36590582,0.4288165,0.18912739,0.34545875,-0.61165136,0.5055771,0.46805322,0.65048,0.97365725,0.4586741,-0.2343475,0.7369928,0.49695536,0.3399057,0.073849544,0.5240969,-1.5924519,-0.77988434,-1.7180558,0.7787879,0.610528,-0.3303986,-0.61195034,1.4184836,0.39201236,0.54677033,-0.23235554,-0.01694215,0.6561175,-0.9754324,-0.7721269,-1.2506756,-1.1904715,-0.615231,-0.2842881,0.66797906,0.14997964,1.2837558,-0.19226888,-1.4210373,1.0961748
0.4312216,1.2681885,-0.16232532,-0.3913655,-0.6274089,-1.7046405,-0.40475637,-0.5367528,-0.590888,-0.05670448,0.4866292,0.46402323,-0.10144383,0.043262336,-0.87435824,0.8102223,0.60426295,-1.076323,-0.7649488,-0.27337497,-1.1612623,0.21200617,0.9269893,0.7075395,0.023409477,1.3907269,0.94754195,0.23806672,0.6437835,-0.32295436,0.6782728,-1.1574514,-0.74929035,-1.3843883,-1.53431,-1.1120867,-0.38113168,0.20239677,0.016876915,-0.63256776,-0.8053942,-0.8337217,-0.02455669,1.3980119,-0.33249944,0.52027833,0.13098367,0.048667397,-0.6984254,0.5490548,0.5199131,0.6561546,1.02683,0.4012537,-0.21065523,0.8673494,0.19891272,0.30377734,0.15813485,0.4542761,-1.5046538,-0.9299132,-1.7954308,0.77946854,0.5276991,-0.38152248,-0.51873183,1.1353769,0.3696435,0.39102286,-0.2542399,-0.3670393,0.6343232,-1.3054347,-0.96389276,-1.6534568,-1.4006535,-0.5751131,-0.3523531,0.6547131,0.22147967,1.3843734,0.20111065,-1.2430532,1.3795189
0.1824169,1.5203404,-0.09588622,-0.88564885,-0.9463782,-2.0416133,-0.7913991,-0.7379285,-0.6937604,-0.18894279,0.13168351,0.05399949,-0.33630455,0.029342383,-1.3246851,0.8278441,0.80407274,-0.95859206,-0.7772621,0.20877191,-1.1770444,-0.19171607,0.58328164,0.4786406,-0.48931515,0.9667248,0.5479318,-0.115337595,0.54024065,-0.75282294,0.59149903,-1.3821616,-0.837529,-1.5274849,-1.6670763,-1.1336186,-0.47919944,-0.016722687,0.06378719,-0.4980272,-0.83685863,-1.0055846,-0.05952631,1.498039,-0.32173643,0.47449994,-0.08860503,-0.3764543,-0.8658732,0.49674428,0.4894105,0.5739348,0.92151874,0.24698426,-0.20838901,0.85839736,-0.13225342,0.18799789,0.15941364,0.46195078,-1.4262558,-1.0600132,-1.8619066,0.716376,0.38262033,-0.4877128,-0.44163126,0.7584972,0.2623688,0.15746608,-0.31835622,-0.7253028,0.5890123,-1.5311012,-1.1652747,-1.9415195,-1.5602146,-0.59350616,-0.46843624,0.57494587,0.2498849,1.2773986,0.4161155,-1.0117921,1.5784796
-0.18325423,1.6452981,-0.06911321,-1.4579449,-1.3596225,-2.4236333,-1.246503,-1.0073131,-0.9339792,-0.45823497,-0.308703,-0.44968542,-0.6321969,-0.006054076,-1.6948043,0.68131965,0.8692934,-0.7491116,-0.93406564,0.6015277,-1.2707503,-0.64945155,0.09343802,0.14441381,-0.9922017,0.42528558,0.055370253,-0.5736123,0.33053428,-1.1699345,0.46777433,-1.5212582,-0.9594104,-1.5466938,-1.7704417,-1.1962857,-0.5987621,-0.32269558,0.040547732,-0.4861634,-0.93389404,-1.0306545,-0.18648608,1.5317321,-0.3431135,0.26640758,-0.4715626,-0.9069289,-1.125739,0.33299348,0.34965718,0.3973442,0.6495104,-0.013627773,-0.2510351,0.72080183,-0.46534374,-0.004980584,0.062409032,0.53348297,-1.3951141,-1.1503065,-1.9529262,0.6002299,0.16981913,-0.65853506,-0.41652521,0.30912,0.05568297,-0.15334146,-0.4517818,-1.0827944,0.5143695,-1.645118,-1.3815688,-2.1079035,-1.687331,-0.68608314,-0.6314054,0.43583822,0.21498704,0.9613287,0.41418135,-0.77592385,1.6842864
-0.6537104,1.6515962,-0.09162037,-2.071981,-1.8326615,-2.8298619,-1.7455324,-1.3395942,-1.3058903,-0.844399,-0.8101884,-1.0162456,-0.9784631,-0.070218444,-1.9544988,0.37533745,0.7797415,-0.47633043,-1.2406989,0.85371083,-1.4644748,-1.1061192,-0.4971744,-0.26956317,-1.4411981,-0.18362729,-0.50190914,-1.1071913,0.017229266,-1.5607026,0.30827627,-1.5761398,-1.1233158,-1.4552832,-1.8607446,-1.3002282,-0.7452655,-0.6993218,-0.07209085,-0.62644655,-1.107405,-0.9141615,-0.43066087,1.5095594,-0.39499208,-0.11017212,-0.9940544,-1.5003121,-1.4720052,0.05757364,0.09013871,0.13378447,0.22534531,-0.37507,-0.35342693,0.48799455,-0.7735571,-0.26136574,-0.12961349,0.6482286,-1.4346967,-1.1834191,-2.0962777,0.4489984,-0.10870933,-0.8943125,-0.47174332,-0.1852664,-0.25184855,-0.5309593,-0.66903555,-1.4306976,0.40839016,-1.6506766,-1.6125425,-2.157173,-1.7986157,-0.856754,-0.8350344,0.25025678,0.10144726,0.467083,0.19084789,-0.57250226,1.6966867
-1.2015592,1.5669714,-0.16519044,-2.6818082,-2.3201036,-3.2303362,-2.2538655,-1.717167,-1.7836187,-1.3075036,-1.337899,-1.6030401,-1.3526133,-0.16531605,-2.0880406,-0.06391245,0.54074055,-0.1721613,-1.6789645,0.93295556,-1.7601908,-1.5020288,-1.131892,-0.7287536,-1.8010365,-0.8044122,-1.0862776,-1.6756444,-0.38010326,-1.9139104,0.11848659,-1.5561043,-1.3306028,-1.2788384,-1.9483595,-1.4376609,-0.9206075,-1.1132606,-0.28032935,-0.9211484,-1.3525395,-0.6840695,-0.7921621,1.4512476,-0.46478418,-0.6382385,-1.6092128,-2.100118,-1.8804368,-0.31313103,-0.28032812,-0.19472457,-0.31520358,-0.815293,-0.5189638,0.21114564,-1.036346,-0.5577871,-0.3960336,0.7833241,-1.5526135,-1.1507663,-2.3079357,0.28589022,-0.44207698,-1.185738,-0.622683,-0.69400036,-0.6472082,-0.95510805,-0.9688457,-1.7607242,0.27313527,-1.5615536,-1.8529466,-2.1047316,-1.9063115,-1.0969511,-1.0686157,0.034320444,-0.09767342,-0.14592731,-0.22321506,-0.42188522,1.6246535
-1.786968,1.4321425,-0.283552,-3.2362282,-2.7724383,-3.5895476,-2.729553,-2.1109486,-2.3235416,-1.7932792,-1.8501953,-2.1600418,-1.722109,-0.28595567,-2.0937374,-0.5919177,0.18138993,0.13090558,-2.2107239,0.8301429,-2.1386638,-1.7821558,-1.7502655,-1.1934681,-2.0488343,-1.3833928,-1.6543831,-2.2313483,-0.8271163,-2.2210665,-0.09201186,-1.4784719,-1.5757232,-1.0524504,-2.0376544,-1.594206,-1.1212813,-1.5167999,-0.5753249,-1.3457842,-1.6496024,-0.38591576,-1.2434818,1.3818098,-0.5316714,-1.2779016,-2.2536566,-2.6440358,-2.3116927,-0.7476793,-0.7350193,-0.55462885,-0.92054534,-1.2977774,-0.7392505,-0.049236003,-1.2403784,-0.8648976,-0.7030778,0.9178849,-1.7415744,-1.0572027,-2.5877333,0.13666648,-0.81078804,-1.5145854,-0.8687374,-1.1860626,-1.1039892,-1.3969153,-1.334044,-2.065236,0.11461801,-1.4010737,-2.0939546,-1.9750656,-2.0164096,-1.3868196,-1.3179988,-0.19513868,-0.37852004,-0.7986992,-0.7668256,-0.327026,1.4859807
-2.363166,1.2926095,-0.43371645,-3.6846497,-3.143455,-3.871624,-3.128299,-2.4839456,-2.8701396,-2.2412338,-2.3039036,-2.6357958,-2.0488868,-0.4183057,-1.9819502,-1.1517174,-0.2504644,0.40237457,-2.7851982,0.56158423,-2.5616226,-1.9050766,-2.2965324,-1.6235994,-2.1755002,-1.8756936,-2.1625874,-2.7248445,-1.2796494,-2.4757729,-0.31030655,-1.3672687,-1.8478167,-0.8165966,-2.1283774,-1.7505755,-1.3376328,-1.8540756,-0.93389195,-1.854413,-1.9683303,-0.07430308,-1.7328337,1.3267595,-0.5718186,-1.9698015,-2.856684,-3.0739844,-2.7176344,-1.2038292,-1.2324799,-0.90521944,-1.5309975,-1.7751323,-0.9958481,-0.2344098,-1.3789197,-1.1518942,-1.0106016,1.0355988,-1.9832271,-0.92255485,-2.9197798,0.026237514,-1.1885629,-1.8561007,-1.1932198,-1.6331155,-1.58553,-1.8221812,-1.7339499,-2.337326,-0.05824063,-1.2000351,-2.3250678,-1.798709,-2.128881,-1.6984808,-1.5666741,-0.42257223,-0.72469866,-1.4053522,-1.3583949,-0.27634782,1.3055701
-2.8820674,1.1897846,-0.5981747,-3.9835107,-3.3972557,-4.0456443,-3.4095125,-2.7964118,-3.36377,-2.5937428,-2.6601746,-2.9837513,-2.2950578,-0.54172933,-1.7717922,-1.6822555,-0.69665617,0.6156866,-3.3470323,0.16760834,-2.9784658,-1.8497144,-2.7266479,-1.9833574,-2.1854262,-2.2510157,-2.5721653,-3.110841,-1.6906427,-2.6736054,-0.5216171,-1.2509229,-2.1324232,-0.6119128,-2.2174623,-1.8853782,-1.5543143,-2.07053,-1.3210905,-2.388095,-2.2738957,0.1968282,-2.1925616,1.3072696,-0.56425846,-2.6419466,-3.3509054,-3.3451655,-3.0495005,-1.6340754,-1.7231499,-1.2051705,-2.0874252,-2.1961386,-1.2639314,-0.29817897,-1.4509736,-1.3910772,-1.2793052,1.1256089,-2.2528243,-0.7800887,-3.2740405,-0.025080476,-1.5451888,-2.1821043,-1.565942,-2.0116937,-2.049962,-2.1952877,-2.1288218,-2.5703316,-0.23451522,-0.9932517,-2.5360196,-1.6086146,-2.2388632,-2.0003507,-1.7972839,-0.6351992,-1.1079259,-1.88619,-1.9093078,-0.24898079,1.112255
-3.3018057,1.153359,-0.75798506,-4.1023955,-3.5131626,-4.090614,-3.542812,-3.0120125,-3.7491095,-2.8048155,-2.8902023,-3.1685288,-2.4292142,-0.63183343,-1.4878662,-2.1271098,-1.0978107,0.75000393,-3.8446848,-0.2923192,-3.33514,-1.6190481,-3.0138721,-2.2455397,-2.0942917,-2.4969368,-2.854215,-3.3541164,-2.0169952,-2.8117607,-0.7108383,-1.1586444,-2.4136653,-0.4740047,-2.301213,-1.9778534,-1.7520587,-2.1227882,-1.6947011,-2.8851123,-2.5332494,0.38368422,-2.5511675,1.336123,-0.49625394,-3.2197802,-3.681277,-3.4333253,-3.2663734,-1.9926063,-2.1565933,-1.4185225,-2.5397584,-2.5127163,-1.5166147,-0.21584268,-1.4595637,-1.5617579,-1.4774933,1.1817116,-2.5233805,-0.67053086,-3.6109126,-0.005410849,-1.8505667,-2.46474,-1.9479939,-2.304857,-2.4555764,-2.4838824,-2.4758978,-2.7581577,-0.40257457,-0.81513876,-2.7178905,-1.4358181,-2.3385131,-2.2615585,-1.9927526,-0.8232056,-1.4900168,-2.180183,-2.337778,-0.22141689,0.9346672
-3.5912805,1.1962883,-0.89637065,-4.028505,-3.4881482,-3.9988604,-3.5131304,-3.1035264,-3.9829676,-2.8467488,-2.9794095,-3.1703908,-2.4319983,-0.6647552,-1.1569632,-2.4419298,-1.402163,0.79183704,-4.237184,-0.7472378,-3.5838058,-1.2397189,-3.151295,-2.3945956,-1.9261212,-2.6190495,-2.9932845,-3.4341831,-2.2261996,-2.8887372,-0.8637583,-1.1162696,-2.6761382,-0.42853698,-2.3764794,-2.0104318,-1.9108568,-1.9881706,-2.0101862,-3.291258,-2.720643,0.46007937,-2.7460618,1.4155555,-0.36665067,-3.6365347,-3.8127418,-3.3381846,-3.3417354,-2.241253,-2.4886718,-1.5203567,-2.8532586,-2.687734,-1.7298965,0.010775556,-1.4108063,-1.6525961,-1.585436,1.2010721,-2.7686782,-0.633688,-3.8875487,0.08596104,-2.0785885,-2.6797705,-2.2980373,-2.5027726,-2.7661364,-2.662788,-2.7356486,-2.8949544,-0.5510416,-0.6952709,-2.8634336,-1.3056045,-2.4192631,-2.456062,-2.1380334,-0.97963035,-1.8272276,-2.2540424,-2.5813212,-0.17388885,0.79659945
-3.734104,1.3132257,-1.0013616,-3.7687368,-3.3361242,-3.7771752,-3.32372,-3.0573041,-4.039783,-2.7135365,-2.929749,-2.988096,-2.2995384,-0.6219348,-0.80554396,-2.6003098,-1.5727427,0.7363045,-4.4982696,-1.1243887,-3.6908276,-0.7583773,-3.1510546,-2.4278326,-1.7095506,-2.638439,-2.9888012,-3.3475187,-2.3006368,-2.904417,-0.9688451,-1.1417356,-2.9058537,-0.48822325,-2.4414136,-1.9705943,-2.013339,-1.6704918,-2.2259736,-3.5671546,-2.8216176,0.42165515,-2.734702,1.5370977,-0.18695647,-3.8428226,-3.7340233,-3.082641,-3.2676184,-2.354524,-2.6876233,-1.499632,-3.0120468,-2.7005193,-1.8856475,0.35316196,-1.3124666,-1.661906,-1.5970592,1.1824603,-2.9652488,-0.69914675,-4.0644293,0.2368863,-2.210613,-2.8093576,-2.5783756,-2.6029372,-2.9553947,-2.7172673,-2.8771284,-2.9756024,-0.66975313,-0.65410036,-2.9669352,-1.2343361,-2.473444,-2.5652983,-2.2212868,-1.1002512,-2.0757732,-2.1060345,-2.6055176,-0.094977334,0.7132244
-3.7295585,1.482321,-1.0679599,-3.3489952,-3.084315,-3.4458268,-2.9956994,-2.8749354,-3.9142945,-2.420275,-2.7591465,-2.6388993,-2.0442758,-0.49400374,-0.45812887,-2.5954058,-1.5917832,0.5886027,-4.6167164,-1.3599393,-3.6420019,-0.23482549,-3.0408518,-2.3549526,-1.4741821,-2.586413,-2.8544533,-3.108063,-2.2390242,-2.8599055,-1.0180182,-1.2419131,-3.0913024,-0.6511624,-2.4951754,-1.851888,-2.0476649,-1.2013682,-2.3079855,-3.692671,-2.8340113,0.28595006,-2.5021653,1.6832588,0.0208557,-3.813665,-3.4580011,-2.708141,-3.0553105,-2.322259,-2.7377307,-1.3602347,-3.0195906,-2.550231,-1.973721,0.76147264,-1.1732724,-1.5963156,-1.5189166,1.1249672,-3.0925655,-0.878047,-4.1110206,0.42303312,-2.2377474,-2.843354,-2.7601478,-2.6092393,-3.00959,-2.644313,-2.8818445,-2.9960792,-0.75029624,-0.70000494,-3.0234709,-1.2278323,-2.495556,-2.5796115,-2.2351074,-1.1832992,-2.1981592,-1.7652292,-2.4075253,0.015790178,0.68923014
-3.591161,1.6700532,-1.0984257,-2.8107593,-2.7678008,-3.0351403,-2.5650077,-2.572784,-3.620951,-1.9993739,-2.4984298,-2.1561315,-1.693007,-0.2829949,-0.13614246,-2.4391816,-1.4618317,0.36416316,-4.595141,-1.4082954,-3.4442332,0.26635662,-2.8576412,-2.19587,-1.2469828,-2.4978995,-2.6154218,-2.744241,-2.0555797,-2.757494,-1.0074203,-1.4107956,-3.2234538,-0.9015911,-2.5370507,-1.6539273,-2.0095847,-0.63629824,-2.2333605,-3.667366,-2.7666628,0.0885291,-2.0635417,1.8308665,0.22822095,-3.5521011,-3.0189838,-2.2671826,-2.7323666,-2.1501787,-2.6403635,-1.11962,-2.896393,-2.2553966,-1.9916962,1.1731541,-1.0024666,-1.4685061,-1.3667418,1.0278974,-3.1334271,-1.1581247,-4.01035,0.61054116,-2.1616454,-2.7798853,-2.8262124,-2.53111,-2.9284565,-2.452647,-2.7457695,-2.953866,-0.78634727,-0.827958,-3.0283022,-1.2812322,-2.4826188,-2.4976418,-2.1771364,-1.229659,-2.1687396,-1.2850273,-2.0150537,0.14801815,0.7187189
-3.3425953,1.8375547,-1.1008134,-2.2050972,-2.4232442,-2.5808063,-2.0764346,-2.1785371,-3.1903791,-1.4944444,-2.1862395,-1.584854,-1.2823596,-0.0028281815,0.14249963,-2.1584733,-1.2043781,0.088232666,-4.4454203,-1.2489711,-3.122181,0.6845798,-2.64012,-1.9766729,-1.0492541,-2.404298,-2.3039463,-2.2946973,-1.7760642,-2.6006968,-0.937985,-1.6297461,-3.295638,-1.212419,-2.5655277,-1.3820426,-1.9026879,-0.046405453,-1.992878,-3.5075831,-2.6362414,-0.12433824,-1.461318,1.9550389,0.40553164,-3.0879536,-2.4666188,-1.8141371,-2.337339,-1.858283,-2.4122238,-0.8050507,-2.674637,-1.8506975,-1.9429725,1.524603,-0.8092576,-1.2940325,-1.1611551,0.89141124,-3.0740852,-1.503559,-3.7610865,0.7612282,-1.9935933,-2.6245747,-2.772056,-2.3817794,-2.7240555,-2.160744,-2.4789183,-2.848597,-0.77412325,-1.0204061,-2.9769695,-1.3804556,-2.4339082,-2.3250332,-2.050063,-1.2429249,-1.9775724,-0.73408663,-1.4799691,0.28284502,0.7875764
-3.013288,1.9475771,-1.0864558,-1.5855509,-2.0827248,-2.1184633,-1.5762527,-1.7264735,-2.6636095,-0.9525054,-1.8624709,-0.97614944,-0.85257185,0.32263362,0.36380336,-1.7889558,-0.85554385,-0.2069085,-4.184335,-0.88999385,-2.712144,0.9713389,-2.4219377,-1.7253993,-0.89465487,-2.327886,-1.954508,-1.8022429,-1.4327613,-2.3940961,-0.815113,-1.8702955,-3.303311,-1.5490701,-2.577162,-1.0462635,-1.7366699,0.49316248,-1.5919838,-3.2409632,-2.4627306,-0.30498782,-0.7589744,2.0331037,0.52742577,-2.4723194,-1.8588886,-1.3967543,-1.9128889,-1.4775099,-2.0821166,-0.44934067,-2.3922255,-1.380769,-1.8339881,1.7622179,-0.60275126,-1.0884492,-0.9230965,0.71770173,-2.9051392,-1.8593665,-3.3773735,0.8391921,-1.7525175,-2.3887327,-2.604354,-2.1768467,-2.4185429,-1.7939962,-2.1032813,-2.6823041,-0.7124102,-1.249796,-2.86571,-1.505101,-2.3503795,-2.0721889,-1.8611037,-1.2290313,-1.6317996,-0.18435965,-0.8691769,0.39699894,0.87705076
-2.6331432,1.9705842,-1.0660498,-1.0008457,-1.7691841,-1.6787993,-1.1055464,-1.2519968,-2.085404,-0.41716748,-1.5621376,-0.3806033,-0.44122845,0.6631644,0.5178615,-1.369106,-0.46036592,-0.48546338,-3.8304102,-0.36719713,-2.2546618,1.0963956,-2.2250268,-1.467302,-0.7880605,-2.2780602,-1.5989174,-1.3078539,-1.0590702,-2.143458,-0.648306,-2.0981326,-3.2438164,-1.8739978,-2.5664515,-0.6604768,-1.5249393,0.9152535,-1.050952,-2.900005,-2.2647686,-0.41380993,-0.031739943,2.0479643,0.5773677,-1.7697822,-1.2540978,-1.0493808,-1.49844,-1.044838,-1.6860759,-0.085920595,-2.0860868,-0.8919301,-1.6715415,1.8519037,-0.39181235,-0.8654723,-0.67060596,0.5128389,-2.6236482,-2.160855,-2.8862507,0.8176508,-1.4617329,-2.0874186,-2.3380857,-1.9327152,-2.0403452,-1.3810184,-1.6493269,-2.4598215,-0.60301495,-1.4827498,-2.6928048,-1.6316861,-2.2338562,-1.751892,-1.6206827,-1.1951958,-1.1544293,0.2996567,-0.25352967,0.4676413,0.96808785
-2.2279983,1.8894039,-1.0464396,-0.488773,-1.4941608,-1.2839234,-0.69412094,-0.7865938,-1.4980104,0.077102944,-1.3099302,0.15752955,-0.07730089,0.9869911,0.59988546,-0.9342211,-0.06623312,-0.7132622,-3.400535,0.26059565,-1.7867243,1.0515438,-2.0568383,-1.2215525,-0.7253424,-2.2505114,-1.2622129,-0.8457098,-0.68476576,-1.8555756,-0.4502734,-2.2783697,-3.116741,-2.1512003,-2.5257103,-0.24186622,-1.2813995,1.1718422,-0.4034823,-2.5161986,-2.0559022,-0.4271294,0.6433742,1.9901524,0.55010635,-1.0475849,-0.70354956,-0.7893692,-1.1242865,-0.5985736,-1.2619967,0.25578803,-1.7861537,-0.42537028,-1.4605772,1.78399,-0.18472184,-0.63575244,-0.4168138,0.28751925,-2.2349193,-2.3455296,-2.3234937,0.6844554,-1.1453528,-1.737178,-1.9928207,-1.6652522,-1.6202787,-0.95033896,-1.1518688,-2.1885033,-0.45082143,-1.6847459,-2.4595082,-1.7370938,-2.0861325,-1.377844,-1.3408757,-1.1482085,-0.5803189,0.670052,0.3029488,0.4774068,1.0448594
-1.8167528,1.7013633,-1.0283575,-0.07224208,-1.2576276,-0.9453694,-0.3574552,-0.35419017,-0.9362565,0.5084466,-1.1170082,0.6051046,0.22255,1.265567,0.6111963,-0.51210797,0.2837116,-0.86295855,-2.9098566,0.9196625,-1.3355552,0.8507787,-1.909741,-0.9985489,-0.6949057,-2.2293344,-0.96027565,-0.43932462,-0.3327646,-1.5384271,-0.23538956,-2.3807688,-2.9239736,-2.3500621,-2.4459918,0.19000018,-1.0179739,1.2411891,0.30583343,-2.1151643,-1.8428087,-0.34163377,1.1968743,1.85851,0.4521218,-0.36651224,-0.24593507,-0.6164005,-0.8077749,-0.1735447,-0.8448725,0.5532719,-1.5113467,-0.010565353,-1.2037221,1.5735075,0.010892266,-0.40653062,-0.1699864,0.057519894,-1.7542998,-2.3649986,-1.7284558,0.44542518,-0.82492536,-1.3544275,-1.589152,-1.388537,-1.1874605,-0.5270495,-0.6459325,-1.8778566,-0.26398844,-1.8249065,-2.1711164,-1.8011965,-1.9085691,-0.9632703,-1.0341351,-1.092634,0.048816424,0.90064603,0.7519841,0.41853818,1.0968806
-1.4105313,1.4182869,-1.0057548,0.24176148,-1.0502826,-0.6642261,-0.096043184,0.030866584,-0.42421117,0.8682062,-0.9799542,0.9431911,0.4553227,1.4774597,0.5601325,-0.12038821,0.5559271,-0.9183336,-2.3729758,1.5319787,-0.9169366,0.5279358,-1.7640859,-0.7995911,-0.67953366,-2.1911054,-0.69887656,-0.100207284,-0.017954122,-1.2009779,-0.018353645,-2.3836486,-2.670295,-2.4479284,-2.3180556,0.6137307,-0.74312013,1.1310807,1.0257175,-1.7143823,-1.6254877,-0.1748964,1.5743568,1.6596658,0.29991242,0.22718251,0.09683493,-0.51531595,-0.55176854,0.20274343,-0.46263176,0.79320806,-1.2673849,0.33740222,-0.90226364,1.2563746,0.18877639,-0.18209782,0.06551464,-0.15779865,-1.2076238,-2.1955516,-1.1384928,0.12380295,-0.51715314,-0.95345074,-1.1455865,-1.1141461,-0.7658002,-0.13078493,-0.16325824,-1.5388105,-0.053723663,-1.8798006,-1.8371055,-1.8086588,-1.7015419,-0.520784,-0.7116872,-1.0291568,0.69016606,0.9887804,1.0666956,0.2953275,1.1193122
-1.0128026,1.0642614,-0.96783966,0.46048358,-0.85717696,-0.4326658,0.10230061,0.3638069,0.025325455,1.1593577,-0.8825865,1.1685615,0.6305004,1.6112238,0.46258715,0.23366305,0.7303606,-0.87718284,-1.8051484,2.0262628,-0.5349126,0.1310144,-1.5940347,-0.6181803,-0.65954995,-2.1107972,-0.47467712,0.17184061,0.25236136,-0.8530624,0.18759699,-2.2765183,-2.363378,-2.4314127,-2.1337955,1.0071973,-0.4619953,0.87663454,1.7032744,-1.3230662,-1.3990396,0.038354475,1.7420774,1.4063498,0.116829164,0.7064312,0.32091266,-0.4607845,-0.34630778,0.51253355,-0.1335652,0.97164905,-1.0473933,0.6181497,-0.5585196,0.88132995,0.34456673,0.035668645,0.28729165,-0.33781907,-0.62999785,-1.8434234,-0.584971,-0.24325,-0.23218305,-0.54581696,-0.67657375,-0.8506164,-0.37187508,0.22569422,0.27077237,-1.1829034,0.16645019,-1.8355981,-1.4702047,-1.7494853,-1.46453,-0.06255664,-0.3832017,-0.953726,1.3044901,0.95271754,1.2433336,0.12447071,1.1121038
-0.6224902,0.67172813,-0.90226007,0.60201734,-0.6620255,-0.23666635,0.25832447,0.64800435,0.40995824,1.3932096,-0.7995868,1.2922016,0.7663533,1.6659756,0.34122303,0.5518242,0.8021132,-0.75121117,-1.2244629,2.3481865,-0.1857349,-0.28507298,-1.37423,-0.44261837,-0.61615676,-1.9675072,-0.27708972,0.38649255,0.47701094,-0.50490993,0.37210798,-2.060201,-2.01367,-2.2965543,-1.8874575,1.3489031,-0.17769368,0.5340808,2.2898147,-0.9437401,-1.1571716,0.25380203,1.689957,1.1151323,-0.07120732,1.0643007,0.43923086,-0.42296755,-0.17213717,0.74859464,0.13537236,1.0930358,-0.8345807,0.8429314,-0.17846464,0.5012015,0.47640783,0.24676879,0.4935634,-0.4642505,-0.062155697,-1.344792,-0.089605145,-0.6108474,0.026051475,-0.140316,-0.19193609,-0.60344553,-0.013973875,0.53628695,0.63851404,-0.82114583,0.38179654,-1.6889482,-1.0851865,-1.6187241,-1.1962601,0.3990366,-0.056602906,-0.8584105,1.8592443,0.82661325,1.2990288,-0.067334674,1.0777758
-0.23612523,0.27659845,-0.79924285,0.69018304,-0.4509979,-0.059250824,0.39623475,0.8925329,0.73494864,1.585507,-0.7012426,1.337077,0.8845884,1.6509067,0.22336775,0.84158576,0.7812765,-0.5641432,-0.65194994,2.468081,0.13750103,-0.6671562,-1.0868856,-0.2595828,-0.5342895,-1.7491806,-0.09156837,0.55962294,0.65867096,-0.16651285,0.5288449,-1.7458451,-1.6342144,-2.0479474,-1.5767313,1.6194551,0.1062779,0.1705714,2.7460845,-0.5761516,-0.8956563,0.42667612,1.432418,0.8040042,-0.23965435,1.311808,0.4786168,-0.37338266,-0.0055193454,0.913993,0.34790477,1.1682857,-0.6071669,1.0296625,0.22579768,0.16367793,0.58502126,0.45216042,0.6821606,-0.5246852,0.45427373,-0.7599043,0.33687207,-0.93413717,0.25857657,0.256395,0.30237234,-0.37518123,0.30758464,0.80107915,0.9309058,-0.46320733,0.57811517,-1.4458612,-0.6966377,-1.4157588,-0.8953427,0.8508383,0.26131675,-0.733225,2.330203,0.6531764,1.2663853,-0.24752384,1.0200082
0.1484455,-0.08691259,-0.65525436,0.7498858,-0.21555589,0.11650588,0.5385087,1.1092582,1.0101912,1.7519412,-0.5591667,1.3333529,1.0045636,1.5831629,0.13733959,1.1123245,0.6903856,-0.3469995,-0.11136434,2.3846622,0.4407135,-0.9705521,-0.72731435,-0.058071904,-0.40560323,-1.4560003,0.097434476,0.70948744,0.8019694,0.15316339,0.6559398,-1.3522935,-1.2397672,-1.697553,-1.2037592,1.8033534,0.3841847,-0.14731641,3.0466876,-0.22080553,-0.61507016,0.52109784,1.006713,0.48982498,-0.3688107,1.4720325,0.47386056,-0.28969067,0.17612107,1.0196667,0.5165178,1.212017,-0.34379762,1.1971769,0.63490146,-0.09565378,0.6736025,0.65341437,0.8505714,-0.5159676,0.8830329,-0.1622417,0.69421107,-1.1757196,0.4695536,0.6385638,0.8020281,-0.16649394,0.59822,1.0244962,1.1471528,-0.11684802,0.74329495,-1.1199547,-0.3172405,-1.1434194,-0.56114125,1.2787054,0.56352913,-0.56943977,2.7012565,0.4761565,1.1858226,-0.38325638,0.9425813
0.52990615,-0.39093953,-0.47494242,0.80312365,0.046373703,0.30493698,0.7012017,1.3100073,1.2467977,1.9048485,-0.3515978,1.3131808,1.137937,1.4846184,0.108030565,1.3714771,0.56046677,-0.13242774,0.37310323,2.1244516,0.7249875,-1.1653032,-0.30657285,0.16762401,-0.22957098,-1.1009387,0.30289102,0.8533494,0.9118687,0.4468516,0.7556261,-0.9033255,-0.8457331,-1.2635901,-0.7759753,1.890919,0.6461251,-0.3653907,3.18235,0.11756522,-0.322859,0.51743674,0.46930566,0.18658747,-0.44612578,1.5743216,0.46183634,-0.15868762,0.38975707,1.082,0.6593926,1.2395881,-0.029384932,1.3597915,1.0228367,-0.25778446,0.74696213,0.85190976,0.9966035,-0.44579923,1.1982237,0.37476555,0.9909813,-1.3117056,0.663486,0.9995333,1.3014944,0.02306332,0.8664865,1.2134125,1.2936666,0.212366,0.8688949,-0.7299254,0.04329597,-0.80770755,-0.19507386,1.6675085,0.8419211,-0.3631177,2.9632745,0.33329222,1.0968918,-0.44740152,0.8495783
0.9017974,-0.6175909,-0.27084994,0.8666446,0.33064452,0.51581395,0.89143556,1.5042807,1.4545841,2.0509923,-0.067236714,1.3054843,1.2853177,1.3786501,0.15248945,1.620768,0.42587766,0.050861068,0.7800952,1.7362554,0.9863776,-1.2384262,0.14896004,0.41564813,-0.01405447,-0.7083815,0.5328135,1.0045036,0.9933871,0.7095359,0.83322304,-0.42510644,-0.46722195,-0.76982194,-0.30661,1.879627,0.87782407,-0.4510422,3.1600811,0.4278541,-0.03295362,0.41597173,-0.110087484,-0.095766135,-0.46694425,1.6467882,0.4744484,0.021860437,0.64331496,1.1190248,0.7959697,1.2641368,0.34039065,1.5239372,1.3596276,-0.32089055,0.81011665,1.0478383,1.1192979,-0.33265805,1.3881439,0.7911263,1.2408274,-1.3352206,0.84299606,1.3306428,1.7912139,0.19407159,1.1209385,1.3750463,1.3824227,0.52049375,0.9509625,-0.2976617,0.3787468,-0.4180481,0.19782342,2.0017445,1.0863513,-0.118252896,3.1128485,0.2508794,1.0309733,-0.42318466,0.7462921
1.2519183,-0.7607743,-0.060995355,0.95125246,0.6282546,0.7534911,1.1062462,1.6978172,1.6403434,2.1905892,0.29168457,1.3313047,1.4354824,1.286469,0.27624783,1.85497,0.319147,0.18292138,1.0944651,1.2824928,1.2165982,-1.1944176,0.60124815,0.6763914,0.22592561,-0.310232,0.7884896,1.1703417,1.0510968,0.93872803,0.89571476,0.055745594,-0.11810398,-0.24492355,0.18510003,1.775404,1.0617063,-0.39883608,3.0009098,0.6924547,0.23586337,0.23626357,-0.6562929,-0.35173866,-0.43372408,1.710992,0.53328687,0.243696,0.9340558,1.1476284,0.94262314,1.2941134,0.7564034,1.6867049,1.6150405,-0.29806846,0.8666396,1.2395908,1.2196821,-0.20339206,1.4563744,1.0506108,1.4596403,-1.25644,1.0072857,1.6202587,2.255448,0.3459945,1.36673,1.5150256,1.4285228,0.8047725,0.99009067,0.15343194,0.6854421,0.011821001,0.6073917,2.2670324,1.2849332,0.15183158,3.151155,0.24030328,1.0057111,-0.30710125,0.64023346
1.5634027,-0.82629937,0.13488378,1.0619802,0.9272558,1.0165689,1.3332835,1.8920518,1.80757,2.3179038,0.70933336,1.4002627,1.5675073,1.2241164,0.4717101,2.061419,0.26584694,0.2549877,1.3096751,0.828409,1.4064758,-1.0528365,1.0067271,0.93342113,0.47020987,0.05848937,1.0635285,1.3517566,1.0895699,1.1342701,0.9496387,0.512736,0.18946216,0.27795497,0.67382795,1.5928383,1.1797837,-0.23009372,2.7361093,0.88940644,0.46312806,0.012691845,-1.097478,-0.579489,-0.3545469,1.77833,0.64583343,0.48954615,1.2489076,1.1803969,1.1089362,1.3315533,1.1958997,1.8369167,1.7633748,-0.2126929,0.9176305,1.4229146,1.3007476,-0.08888709,1.4202448,1.1464229,1.6608983,-1.1001719,1.1511674,1.8543557,2.672163,0.47682074,1.6040201,1.6357998,1.4482347,1.0624801,0.99074,0.5989138,0.9608267,0.4628675,1.0172493,2.4516764,1.4251668,0.42505425,3.083307,0.29763392,1.0227237,-0.10923181,0.54203844
1.8165135,-0.83015525,0.29931018,1.1995223,1.2147455,1.2982825,1.5535283,2.0842311,1.9567742,2.4229803,1.1566249,1.5093168,1.6551178,1.2002537,0.71856636,2.2219546,0.28103355,0.2700518,1.4287761,0.4307727,1.5488101,-0.8440341,1.3235751,1.1658944,0.69648683,0.3650085,1.344386,1.543341,1.1134901,1.2980182,0.99974585,0.92002857,0.44567874,0.7620988,1.1296688,1.3544438,1.2167499,0.011862655,2.402507,0.99580204,0.6306823,-0.21328576,-1.3745065,-0.77954316,-0.24106956,1.849277,0.8045529,0.736234,1.5667056,1.2244238,1.295347,1.3715222,1.6251752,1.9576526,1.7876337,-0.09244875,0.96078724,1.5904537,1.3666505,-0.018584996,1.3067404,1.1006374,1.8535868,-0.9007873,1.2654632,2.017939,3.0146594,0.5829299,1.826327,1.7359078,1.456342,1.2903255,0.96005285,1.0135179,1.2018812,0.9099432,1.4046766,2.5487752,1.4962035,0.6737134,2.9184754,0.4053023,1.0685508,0.14872694,0.46491402
1.9921123,-0.79522055,0.42021853,1.3611883,1.4783391,1.587357,1.744709,2.2684224,2.0870137,2.4941854,1.5950584,1.6432604,1.6725616,1.2147039,0.9864755,2.316045,0.3669929,0.24092084,1.4633187,0.12888503,1.641431,-0.60437495,1.519104,1.3519473,0.8831917,0.5834727,1.611508,1.7346774,1.1277084,1.4331322,1.0477821,1.2526509,0.6435221,1.169407,1.5201975,1.0886961,1.1643124,0.2720572,2.0374696,0.9928992,0.72670895,-0.40160623,-1.4485106,-0.9531374,-0.10636407,1.9150004,0.9888706,0.95810944,1.8612229,1.2804872,1.4930388,1.4030408,2.004016,2.0301554,1.6828725,0.036084298,0.9908183,1.7318641,1.4213412,-0.014974961,1.1471946,0.95806915,2.0397859,-0.6958216,1.3383161,2.0980182,3.2553666,0.65945005,2.0212705,1.8099792,1.4645022,1.4836367,0.9061881,1.3712065,1.4038671,1.3222634,1.7418301,2.5580566,1.491581,0.86922294,2.6698484,0.5361456,1.1188778,0.4371635,0.4231257
2.0739307,-0.7471243,0.49257886,1.5418152,1.7072889,1.8695371,1.8854599,2.4370642,2.197307,2.5208604,1.9809023,1.7773281,1.6008288,1.258364,1.2400192,2.324344,0.51294744,0.1863856,1.4308465,-0.06094265,1.6892703,-0.3711794,1.5752269,1.4724082,1.0122293,0.6985721,1.8416213,1.9123222,1.1367971,1.5436405,1.0917983,1.4870292,0.77891964,1.463442,1.8139551,0.82684094,1.0240799,0.49540958,1.6749126,0.8711059,0.7488062,-0.5212722,-1.3065162,-1.100824,0.036348507,1.9610637,1.1697681,1.1307989,2.105402,1.3439646,1.6857473,1.4111209,2.2918422,2.0374286,1.458002,0.15207349,1.0008172,1.8345025,1.4668292,-0.08899405,0.97166234,0.7757453,2.2141705,-0.5197818,1.3574699,2.0865784,3.370733,0.7011965,2.172114,1.8495069,1.47971,1.6366442,0.83690906,1.6458361,1.5595839,1.6649127,1.9984072,2.4870005,1.4120067,0.9880179,2.3544288,0.6583778,1.1446531,0.72347367,0.4292251
2.0523996,-0.7099275,0.518174,1.73394,1.8928654,2.1291158,1.9593962,2.582362,2.2880862,2.4958627,2.2712617,1.8812306,1.4323503,1.3142205,1.4445219,2.232948,0.6966235,0.12665403,1.3520633,-0.14660913,1.70377,-0.17783338,1.4918838,1.5141865,1.0715655,0.7073272,2.010546,2.0620873,1.1444917,1.6337296,1.1265565,1.6026756,0.8512222,1.6140636,1.9849007,0.59907216,0.8093788,0.6387021,1.3423887,0.6338299,0.7056206,-0.55575633,-0.96266687,-1.2217087,0.17455477,1.9719859,1.3161428,1.2351147,2.2753813,1.4063895,1.8531008,1.3799723,2.4545238,1.9675289,1.1350145,0.24275394,0.98432416,1.8844998,1.5018129,-0.23754032,0.8043791,0.6103865,2.365842,-0.3988034,1.3128347,1.9834257,3.3464992,0.70361006,2.2603672,1.8446088,1.5038729,1.74301,0.7583139,1.8129383,1.6603446,1.902565,2.1458125,2.3509738,1.2673391,1.0166897,1.9922214,0.7411952,1.1188778,0.97694343,0.49092463
1.9265618,-0.7024213,0.50394386,1.9278872,2.0287676,2.3512676,1.9580789,2.698034,2.3621778,2.417245,2.430356,1.9244922,1.1743907,1.3596925,1.5719129,2.0365224,0.88741934,0.078574836,1.2469101,-0.15592071,1.7016987,-0.04991025,1.287522,1.4729652,1.0562813,0.6195473,2.0968204,2.1711743,1.1530784,1.7075466,1.1444229,1.5850263,0.86373496,1.6022214,2.0168216,0.43035847,0.54521054,0.6789411,1.059687,0.30000272,0.6164152,-0.50443107,-0.45577443,-1.3137661,0.29652336,1.936275,1.4012207,1.2600467,2.3541875,1.4575101,1.9750017,1.2961489,2.469916,1.8163985,0.7467187,0.30364963,0.9375252,1.8687918,1.5209261,-0.44333905,0.66113967,0.506654,2.479575,-0.3471451,1.1992229,1.7985137,3.1814895,0.6641432,2.2690809,1.7860048,1.5336525,1.796965,0.6741007,1.8524067,1.6970905,2.004139,2.1622229,2.1717014,1.0768703,0.95583713,1.6047333,0.7599779,1.0228026,1.1728834,0.60736734
1.7062261,-0.735608,0.45937523,2.111508,2.1113946,2.5239658,1.8831133,2.7803192,2.4246864,2.2890646,2.4355173,1.8818513,0.8490483,1.3699888,1.6056802,1.7405634,1.0510426,0.051543415,1.1326036,-0.12946299,1.7016987,-0.0021920044,0.99633175,1.3545469,0.96962667,0.4565471,2.084993,2.2305546,1.1626688,1.7690016,1.1368297,1.4286917,0.8241309,1.424628,1.9076601,0.33686632,0.26540595,0.61691034,0.8380224,-0.09661425,0.5082351,-0.38141784,0.15680645,-1.3750238,0.39126784,1.849372,1.408542,1.2047175,2.3347247,1.4878072,2.0358427,1.1518788,2.3320563,1.5883247,0.33297947,0.33686048,0.8611076,1.7774173,1.5150118,-0.67748326,0.5485304,0.48897347,2.5395613,-0.3662362,1.0184587,1.5518781,2.8895464,0.5834216,2.186566,1.6674649,1.5613656,1.7948116,0.58537054,1.7522198,1.6629461,1.948822,2.037509,1.9747499,0.8677697,0.8209518,1.2130659,0.7003355,0.8499145,1.2957791,0.7673123
1.4119667,-0.81182677,0.39360467,2.2706575,2.1401737,2.6398497,1.745944,2.828558,2.4819732,2.1206825,2.2813053,1.7387216,0.49125436,1.3223516,1.5435534,1.3624777,1.15454,0.04524483,1.0220021,-0.11071141,1.7208344,-0.037095457,0.6635602,1.1748536,0.8226257,0.2480756,1.9686724,2.2361107,1.1709211,1.8214515,1.0959806,1.1412008,0.7445686,1.0970467,1.6720744,0.32375076,0.008540188,0.47523785,0.68079215,-0.5102065,0.41163203,-0.21091475,0.80780935,-1.4052714,0.44858378,1.7159308,1.3352746,1.0792992,2.2212667,1.4900497,2.0275733,0.94722366,2.053234,1.2963228,-0.06427817,0.34802285,0.76125604,1.6059703,1.4726294,-0.90432715,0.4657201,0.55760044,2.5324893,-0.44630998,0.7802901,1.2722802,2.4986203,0.46604893,2.0087843,1.4880438,1.5765203,1.7365094,0.49105066,1.5122447,1.5555888,1.7313203,1.7771981,1.7854482,0.6717822,0.6407909,0.83592546,0.5600141,0.60739756,1.3401569,0.9486303
1.0734488,-0.9252681,0.313604,2.3901498,2.118078,2.6974158,1.566496,2.8449993,2.5397308,1.9255174,1.9818091,1.4941721,0.14346558,1.2001212,1.3978338,0.93055665,1.1716535,0.049758814,0.9234959,-0.13684803,1.7709423,-0.14506572,0.3386002,0.958256,0.63354915,0.029107172,1.7524375,2.1893308,1.1731514,1.8676217,1.016597,0.74575675,0.6415153,0.6549645,1.3413978,0.3844891,-0.1880079,0.29149732,0.5835746,-0.88808125,0.3551401,-0.021827184,1.429411,-1.4077175,0.45945853,1.5499128,1.1932821,0.90425617,2.0293763,1.4611714,1.9512895,0.69081885,1.6627126,0.9605283,-0.40539542,0.3433258,0.6493097,1.3580137,1.3822927,-1.08761,0.4067617,0.69117516,2.4498727,-0.5699428,0.50233173,0.9935225,2.0471287,0.32141152,1.7416867,1.2535847,1.5676183,1.6267715,0.38888252,1.1472422,1.3795712,1.3658733,1.4043871,1.6251467,0.5205109,0.45241362,0.48812366,0.3490119,0.3145931,1.3104273,1.1204212
0.72691643,-1.0639529,0.2231615,2.4554496,2.0516546,2.7011223,1.3699636,2.8341417,2.6007476,1.7184488,1.5696703,1.1628511,-0.15046921,0.9964037,1.1928358,0.48139116,1.0873598,0.048131682,0.8417706,-0.23163344,1.8547844,-0.30581272,0.0684411,0.7346026,0.42611396,-0.16414611,1.4523126,2.0973086,1.1627804,1.9093684,0.8972984,0.28156668,0.53468466,0.15137416,0.9613273,0.5025291,-0.2937082,0.10796584,0.5352085,-1.1778609,0.36023206,0.15798557,1.9621966,-1.3898582,0.4170023,1.3725927,1.0070405,0.70799094,1.7842425,1.4024079,1.8167387,0.39931798,1.2034438,0.60635936,-0.6571516,0.3266375,0.540387,1.0463442,1.2351645,-1.1974888,0.36398172,0.8528548,2.2903807,-0.7165462,0.20829779,0.7496015,1.5783813,0.16354397,1.4014786,0.97757864,1.5238496,1.475836,0.27657947,0.68808997,1.1471108,0.88757914,0.95892984,1.5074451,0.44018194,0.29479063,0.17952108,0.08755639,-0.0005920824,1.2190332,1.2477521
0.41088662,-1.2120205,0.12345511,2.4551024,1.9511054,2.6604552,1.1828996,2.8012588,2.6623924,1.5136524,1.0925268,0.7736203,-0.35270435,0.7164137,0.9601387,0.05588298,0.9006464,0.02041791,0.77867866,-0.40142518,1.96516,-0.49179584,-0.10900102,0.5354127,0.22750674,-0.29849747,1.0949098,1.9712063,1.1321691,1.9472445,0.74129236,-0.19780429,0.44520655,-0.34865168,0.5865071,0.65440995,-0.29016012,-0.0383054,0.51827765,-1.3347408,0.43738005,0.30613846,2.36173,-1.3629775,0.31782597,1.2085692,0.8092557,0.5230947,1.517571,1.3192052,1.6401851,0.095542714,0.7265926,0.26191357,-0.7955969,0.2985658,0.45108417,0.6932973,1.0276595,-1.216154,0.33085757,1.0003287,2.0603359,-0.86662066,-0.0747911,0.56966615,1.1339816,0.010369555,1.0135576,0.6804769,1.4372131,1.2988576,0.15329453,0.18061298,0.8784157,0.34999746,0.49353108,1.4360149,0.4469743,0.20127241,-0.08485049,-0.19730529,-0.3066592,1.083537,1.2979585
0.16148382,-1.3524277,0.0148668215,2.3829038,1.8294699,2.5877266,1.0290576,2.7510812,2.7155955,1.3222208,0.60652536,0.3657069,-0.43744388,0.3781367,0.73297316,-0.30608997,0.62552416,-0.05017872,0.73389316,-0.63556314,2.085005,-0.67193365,-0.16963057,0.3894206,0.06583641,-0.34694833,0.7145195,1.8248143,1.0738461,1.9801048,0.55657834,-0.62998694,0.3935619,-0.7760401,0.27300888,0.81407607,-0.17398055,-0.1235911,0.51078284,-1.3281146,0.5842302,0.40830082,2.6022854,-1.3404102,0.16334483,1.0821562,0.6350918,0.38203907,1.2630587,1.2202133,1.4410694,-0.19447784,0.28435853,-0.045400392,-0.80795807,0.25667927,0.39651975,0.32902506,0.7634545,-1.1418407,0.3034886,1.095783,1.7727175,-1.0049206,-0.31997138,0.47310597,0.74790984,-0.117864296,0.60974973,0.38784346,1.3036284,1.1148098,0.020778043,-0.31861928,0.59973276,-0.1806468,0.0670892,1.4041586,0.54381245,0.19302753,-0.3045447,-0.4759831,-0.57353044,0.9237845,1.2471471
0.0072966763,-1.4687481,-0.10117079,2.240025,1.7012329,2.495403,0.9255632,2.6861684,2.7446117,1.1507006,0.16851027,-0.017006736,-0.39585713,0.010384728,0.54011154,-0.5711704,0.28936166,-0.1721613,0.70545274,-0.90938765,2.189561,-0.8162125,-0.10581631,0.31890804,-0.033071924,-0.29157594,0.34924752,1.6719239,0.9816779,2.0047104,0.3550131,-0.95158345,0.39657205,-1.0672234,0.07001628,0.95718986,0.0421646,-0.14120218,0.48835215,-1.1465607,0.7863233,0.458859,2.6772363,-1.334466,-0.039514106,1.0120639,0.5161323,0.31191015,1.0514976,1.1155465,1.2385037,-0.44489968,-0.07683886,-0.29138935,-0.69325656,0.19744134,0.38765475,-0.011800153,0.45437795,-0.98955077,0.28181085,1.1145877,1.4454134,-1.121441,-0.5040989,0.46696594,0.4420105,-0.20095482,0.22453839,0.12734774,1.1237848,0.94412875,-0.11594487,-0.7488351,0.34051442,-0.6342948,-0.26332077,1.396339,0.7190928,0.27410707,-0.4826455,-0.72090983,-0.77685153,0.7585586,1.0856899
-0.034330264,-1.5466893,-0.22029637,2.035708,1.5805522,2.393049,0.88032037,2.606016,2.7291024,1.000715,-0.1722069,-0.33324513,-0.23738377,-0.3506061,0.40074924,-0.7171559,-0.070968725,-0.34143576,0.69030637,-1.1886064,2.2509136,-0.89934003,0.073548645,0.33603716,-0.048795365,-0.1255963,0.036198124,1.5243413,0.8525978,2.0158482,0.15121455,-1.1077123,0.46438888,-1.1738428,0.011760383,1.0647444,0.33187088,-0.10059741,0.42747664,-0.7999862,1.0194966,0.45980042,2.5973852,-1.3529564,-0.2782374,1.0082649,0.47476906,0.33010057,0.9059196,1.0148154,1.0478215,-0.63333285,-0.32262585,-0.45875067,-0.46220538,0.118531115,0.42885295,-0.2945824,0.119862795,-0.78853863,0.2688298,1.0502532,1.0988902,-1.2105329,-0.6112121,0.5445889,0.22409609,-0.22169393,-0.109453164,-0.07505955,0.9031397,0.8058288,-0.24854605,-1.0532521,0.12933044,-0.94759697,-0.45150626,1.3912393,0.9480515,0.42979008,-0.6247122,-0.9102397,-0.90095204,0.6032163,0.8206441
0.039354205,-1.5748632,-0.33432838,1.7865704,1.4790211,2.284915,0.8911062,2.5066302,2.647197,0.8691801,-0.3808918,-0.55098104,0.011571208,-0.6661251,0.32165617,-0.7362865,-0.41447955,-0.5394737,0.6845311,-1.4351383,2.242924,-0.9042299,0.34472921,0.44141144,0.030568473,0.14576505,-0.19324742,1.3894583,0.68716335,2.0066063,-0.039427854,-1.0615937,0.598606,-1.0706692,0.11151364,1.1249217,0.659286,-0.022523368,0.3098235,-0.31861877,1.2544953,0.418796,2.3872333,-1.3960919,-0.53535837,1.0690495,0.5205145,0.44095853,0.8379445,0.9253887,0.8786608,-0.7438639,-0.43535936,-0.5389861,-0.13628209,0.021551112,0.5164034,-0.48989794,-0.2147437,-0.57672316,0.2692774,0.91509426,0.7530326,-1.2690313,-0.6347553,0.68749017,0.08862965,-0.16890754,-0.36592424,-0.19948567,0.6513373,0.71433306,-0.36610007,-1.1877211,-0.010498808,-1.0741365,-0.46947968,1.3660467,1.1958308,0.6283522,-0.73784626,-1.0307381,-0.94018734,0.4676413,0.47509646
0.21579023,-1.5451468,-0.43183818,1.514437,1.4036775,2.1685386,0.94585866,2.380721,2.479892,0.74981934,-0.44247895,-0.6528973,0.3117701,-0.90081996,0.2966403,-0.63643,-0.70237154,-0.7347298,0.68398625,-1.6114804,2.1464562,-0.8235192,0.6737152,0.62337935,0.20620543,0.5054563,-0.31786627,1.2696065,0.49056014,1.9688486,-0.20274282,-0.80191374,0.7905471,-0.7607918,0.3588597,1.1333381,0.9848859,0.068563014,0.12590286,0.2511592,1.4616324,0.347108,2.0801911,-1.4547983,-0.7903193,1.1808362,0.6486123,0.6342319,0.8453313,0.85079014,0.7342527,-0.76896775,-0.41564772,-0.53423935,0.2541254,-0.086536005,0.63845176,-0.57859063,-0.52130836,-0.39303923,0.28788576,0.73660284,0.42531243,-1.2938396,-0.57854795,0.8681365,0.020100005,-0.040047936,-0.5282975,-0.2356191,0.38104188,0.67671096,-0.45646763,-1.1281197,-0.06475813,-0.9928272,-0.31287068,1.3004981,1.4227141,0.82634383,-0.82963574,-1.0785906,-0.8989784,0.35518056,0.083475836
0.46878156,-1.4532216,-0.49961436,1.2425637,1.3556943,2.0351853,1.0247762,2.2190592,2.21529,0.6349495,-0.3631759,-0.63930434,0.6175806,-1.0279114,0.30832264,-0.43914214,-0.903749,-0.88726056,0.684967,-1.6852024,1.9534222,-0.66013056,1.0206076,0.85928774,0.4670037,0.92537886,-0.32955077,1.1615115,0.2725458,1.8946761,-0.3272796,-0.34698033,1.021502,-0.27605388,0.72032344,1.0916418,1.2718279,0.15165386,-0.12158928,0.8534364,1.6157361,0.25777695,1.7143466,-1.5110323,-1.021259,1.3197861,0.8409462,0.88590616,0.91177094,0.78992134,0.6121328,-0.71105,-0.281925,-0.45721945,0.6720365,-0.19285482,0.77613413,-0.554952,-0.7724288,-0.2690412,0.3274045,0.5508042,0.1287918,-1.2803634,-0.45632833,1.0547936,-0.0028443404,0.15719709,-0.592216,-0.1851784,0.10677227,0.6910122,-0.5083563,-0.87508595,-0.03107833,-0.7122952,-0.0023154167,1.1807226,1.59007,0.9765492,-0.90714145,-1.0588833,-0.79046947,0.262999,-0.3150003
0.76112705,-1.2989845,-0.5250503,0.99147373,1.3298614,1.8717921,1.103488,2.0119894,1.8519386,0.5173743,-0.16906825,-0.5279536,0.8842839,-1.0332142,0.33234778,-0.17648675,-1.0001267,-0.95554775,0.68594766,-1.6321584,1.6693454,-0.4260919,1.3452071,1.1180815,0.7895977,1.3689538,-0.23454858,1.0571868,0.04666957,1.7774141,-0.4059729,0.25618288,1.2643205,0.32603666,1.1442432,1.0052335,1.4909848,0.21431167,-0.41696227,1.4298404,1.6997534,0.16450584,1.328066,-1.5403329,-1.2074333,1.4550318,1.0687648,1.161236,1.0092517,0.73724467,0.50583917,-0.5819532,-0.066983044,-0.33005244,1.0771744,-0.28005394,0.90587926,-0.4284452,-0.94536096,-0.22197706,0.38738602,0.39413235,-0.1281262,-1.2222733,-0.2895305,1.2159212,-0.0020858496,0.40468082,-0.5656497,-0.06277161,-0.15668765,0.74573904,-0.5132685,-0.45518938,0.07990243,-0.27058226,0.4186563,1.0014162,1.6663896,1.0371449,-0.9761661,-0.98340565,-0.63435704,0.18349683,-0.6838869
1.0495253,-1.0872427,-0.4987548,0.7753983,1.3152946,1.664466,1.1570054,1.7515622,1.4009491,0.39189938,0.097995415,-0.35074842,1.0745999,-0.9174355,0.34242016,0.11472985,-0.9875855,-0.90479165,0.6875822,-1.4393126,1.3126713,-0.14068171,1.6119411,1.364063,1.1402568,1.7942394,-0.052794892,0.9460163,-0.17112175,1.6131525,-0.4369142,0.93710196,1.4865992,0.97018874,1.568289,0.88105655,1.6247811,0.25481194,-0.7324473,1.9278046,1.7066709,0.081032544,0.95665294,-1.5162927,-1.3308916,1.5534269,1.2971178,1.419612,1.1020432,0.68365264,0.40748614,-0.4017235,0.18732134,-0.18091252,1.4296228,-0.3286821,1.0029132,-0.22240224,-1.0251477,-0.2505899,0.463482,0.29561204,-0.3417808,-1.1127973,-0.1042629,1.3243736,0.0036028312,0.675362,-0.4673544,0.10569347,-0.3955608,0.8212677,-0.46739304,0.081915475,0.24574643,0.27005738,0.88987255,0.76659083,1.6322392,0.98028654,-1.0404432,-0.86753064,-0.4538114,0.10686919,-0.99611473
1.2906743,-0.82789314,-0.41649386,0.59971774,1.2972907,1.4025028,1.1633863,1.4338614,0.8857627,0.25673926,0.3879363,-0.14797102,1.164081,-0.6957768,0.31575307,0.39813253,-0.8766744,-0.7147319,0.6933574,-1.1071783,0.9129911,0.17210044,1.7931689,1.5614425,1.4779154,2.158102,0.1846152,0.8173343,-0.364491,1.4017727,-0.4232302,1.6110682,1.6549313,1.5732694,1.9291228,0.72573894,1.6682659,0.2808889,-1.0324575,2.3066258,1.6398509,0.020502212,0.6292861,-1.4161079,-1.3783011,1.5850539,1.4901998,1.6206642,1.1529622,0.61806995,0.30962592,-0.19608153,0.43621108,-0.039964594,1.6934826,-0.32017216,1.0450392,0.029270511,-1.0066054,-0.33487755,0.5476991,0.27144185,-0.51158965,-0.947307,0.071997836,1.3606967,0.0012515098,0.9365228,-0.32405573,0.28661835,-0.59824264,0.89277416,-0.37279084,0.66989833,0.4355147,0.8325818,1.343347,0.48862177,1.4834679,0.7985565,-1.1011086,-0.7270359,-0.27235788,0.024295611,-1.2375696
1.4464165,-0.5356396,-0.28049585,0.46109104,1.2602736,1.0825586,1.1077282,1.0609418,0.3401071,0.11395003,0.6497689,0.039041013,1.1443316,-0.395857,0.23756817,0.6433817,-0.68973243,-0.38536838,0.7088308,-0.651746,0.5065049,0.48640016,1.8723058,1.6790718,1.7590926,2.4211206,0.44000512,0.66305476,-0.5187738,1.147817,-0.37271705,2.1913574,1.7402778,2.0563834,2.1719747,0.54506695,1.6281642,0.30550256,-1.2791947,2.5422611,1.5115432,-0.005230156,0.36673552,-1.2258906,-1.3420271,1.5283532,1.6163204,1.7306046,1.1300133,0.5300619,0.2071657,0.0069698687,0.6388637,0.06584205,1.8411473,-0.24065408,1.0164512,0.2876479,-0.89491767,-0.4401836,0.62948626,0.3220817,-0.6392166,-0.72593856,0.21456838,1.3149372,-0.015283589,1.1541047,-0.16577372,0.4436118,-0.75599,0.9343779,-0.23773356,1.2347959,0.6145519,1.3369826,1.7134084,0.18614,1.2319623,0.50747466,-1.1563365,-0.57504034,-0.11024574,-0.06894913,-1.407445
1.4897182,-0.22904204,-0.09945171,0.3493653,1.1907948,0.7113468,0.98430884,0.6420715,-0.19557533,-0.03057064,0.83962196,0.17497076,1.0230949,-0.053205162,0.10415022,0.82946074,-0.45664275,0.06015148,0.7395595,-0.104803376,0.13158277,0.776925,1.8446649,1.6948082,1.943294,2.552401,0.67421985,0.48059812,-0.6230415,0.86052704,-0.2965007,2.6014063,1.722571,2.3557653,2.2589176,0.34412545,1.5203598,0.3415086,-1.4392828,2.6293464,1.3402419,0.013179992,0.17958124,-0.9445103,-1.2211385,1.3742073,1.6527671,1.7277724,1.0126961,0.4119856,0.0982983,0.18152499,0.7636432,0.11683136,1.8564957,-0.08333097,0.9106897,0.5146476,-0.7044479,-0.5249526,0.6977808,0.43281487,-0.7262426,-0.45577046,0.30463693,1.1874185,-0.046192087,1.2976694,-0.021253042,0.5437198,-0.8635042,0.9238144,-0.07605441,1.705544,0.75029314,1.7126303,1.9466287,-0.11882362,0.9038069,0.14378639,-1.2012573,-0.42102197,0.018394025,-0.17109308,-1.5151167
1.4080193,0.07130893,0.112376615,0.2512636,1.08078,0.30682907,0.79827404,0.194506,-0.6790363,-0.1676245,0.9274342,0.23610812,0.8220778,0.2936448,-0.076574974,0.9462923,-0.20957492,0.5766879,0.78979325,0.48702744,-0.17646295,1.0210243,1.717397,1.5989501,1.9987214,2.5342033,0.8523013,0.27428025,-0.6709935,0.5536078,-0.20733123,2.7861278,1.5950235,2.4319673,2.1742008,0.12813964,1.3658937,0.3965367,-1.4900752,2.5810077,1.1479965,0.0807536,0.06737777,-0.585407,-1.0216314,1.1279346,1.5890654,1.606064,0.7966947,0.26127815,-0.015333438,0.307106,0.7924806,0.10442855,1.7377769,0.14931053,0.73232454,0.67931336,-0.4564788,-0.5501961,0.742671,0.57727385,-0.77341634,-0.151742,0.33177152,0.9882227,-0.08715059,1.3453157,0.08634048,0.5625814,-0.91887736,0.84649813,0.094573975,2.0236313,0.81802434,1.9088634,2.0094924,-0.4039663,0.53536916,-0.2404428,-1.2281612,-0.27041343,0.107601106,-0.27284327,-1.5745982
1.2057458,0.34482265,0.33700252,0.15472387,0.92951995,-0.10295025,0.56485575,-0.25728616,-1.0707759,-0.2857949,0.9010696,0.21407385,0.5726443,0.6087661,-0.28623766,0.9944152,0.022077708,1.1019897,0.8605129,1.0655652,-0.38961914,1.2007687,1.5085284,1.3957217,1.9071916,2.3646023,0.94849575,0.05565969,-0.6618492,0.24423991,-0.11799932,2.719809,1.3660163,2.2752464,1.9262668,-0.096227475,1.1874574,0.46907136,-1.4237539,2.4260843,0.95704806,0.19668873,0.019433754,-0.17551425,-0.75654054,0.8086254,1.4286358,1.3761704,0.4957866,0.08192116,-0.12874612,0.37199363,0.7222731,0.03169606,1.4979699,0.4447818,0.4966805,0.76195276,-0.17601493,-0.4890127,0.75820994,0.7224482,-0.77924025,0.1643673,0.29551607,0.7354471,-0.13140853,1.2870317,0.14292671,0.4888108,-0.9233814,0.69873166,0.25492626,2.151345,0.80515635,1.9021086,1.8930558,-0.64939916,0.16778046,-0.5868425,-1.2272685,-0.12587315,0.16002013,-0.35829136,-1.5986934
0.9029936,0.5730421,0.5550068,0.052760582,0.7447071,-0.4830523,0.3073135,-0.68344665,-1.3389509,-0.37274536,0.7672239,0.11588167,0.31003007,0.86308146,-0.49932662,0.9826674,0.2157802,1.5650932,0.9482314,1.5671059,-0.49022967,1.3040739,1.2443181,1.1030412,1.6676068,2.0588624,0.9499265,-0.15770246,-0.59995764,-0.048500422,-0.03938725,2.4094028,1.0593945,1.9066331,1.5457764,-0.32041925,1.0057206,0.54756343,-1.2491075,2.203701,0.78757226,0.3529309,0.016315443,0.24829231,-0.44523197,0.44667196,1.1882586,1.0638613,0.14047356,-0.115467645,-0.23443733,0.37464586,0.5649451,-0.086819634,1.1641663,0.7809239,0.22801603,0.756704,0.111253865,-0.33346027,0.7434384,0.8351232,-0.74046963,0.46645603,0.20493446,0.45307007,-0.17176023,1.126527,0.145052,0.32597414,-0.8810964,0.48872215,0.38690636,2.0763445,0.71350086,1.6984359,1.6134403,-0.83992493,-0.15924285,-0.84120744,-1.187988,0.010807291,0.18591386,-0.40743387,-1.5943582
0.53385353,0.7415718,0.74824363,-0.05401885,0.5416176,-0.79628336,0.053723257,-1.0519068,-1.4627118,-0.4172757,0.54996,-0.03873067,0.06764372,1.0374123,-0.68772995,0.92506,0.35837084,1.8965563,1.045321,1.9301931,-0.4730667,1.3258816,0.9561925,0.7502927,1.2970959,1.648016,0.858072,-0.34516945,-0.49351534,-0.3053394,0.020749364,1.8934989,0.71151596,1.3743285,1.0805272,-0.53363466,0.8369797,0.61215484,-0.9899686,1.9574009,0.65527743,0.5339989,0.033020675,0.6444816,-0.11195042,0.07845015,0.8959903,0.7057969,-0.22637616,-0.31477863,-0.32369983,0.32320455,0.3447102,-0.22868629,0.7739133,1.1277863,-0.044118833,0.6712295,0.38180718,-0.09720354,0.70372784,0.8878581,-0.652778,0.727538,0.07729934,0.16746141,-0.20213778,0.8807417,0.09962363,0.091944724,-0.7981691,0.23564622,0.47591883,1.8127521,0.55885243,1.3313231,1.2085607,-0.9662281,-0.41301256,-0.9632547,-1.1006217,0.13731615,0.20036067,-0.40018848,-1.5608368
0.14102921,0.8412603,0.90203726,-0.15715364,0.34095582,-1.008897,-0.16746835,-1.3322265,-1.4349128,-0.41116157,0.28596526,-0.22177033,-0.1280663,1.1238928,-0.82560617,0.83738244,0.4465837,2.039849,1.141539,2.1046727,-0.34552807,1.2683275,0.6770201,0.37424114,0.8298286,1.1750588,0.68843204,-0.48650143,-0.35378543,-0.50901747,0.058349974,1.2359066,0.36641157,0.7462168,0.58780915,-0.7233543,0.69220906,0.6392769,-0.6807382,1.7275714,0.57025135,0.71803063,0.04326655,0.9730744,0.2163779,-0.25947434,0.58662087,0.34358385,-0.5567899,-0.49660698,-0.38744313,0.23370649,0.09393444,-0.3677202,0.3707841,1.4498373,-0.2894182,0.52430224,0.6160979,0.18681264,0.64982116,0.86363685,-0.5127544,0.92365575,-0.06498617,-0.09571994,-0.21829364,0.57725346,0.022315694,-0.18401834,-0.68228275,-0.0333155,0.51267564,1.3981748,0.3679228,0.85510564,0.73155594,-1.0253849,-0.5720667,-0.93421215,-0.95863605,0.24966574,0.21970204,-0.32135573,-1.4908199
-0.23026396,0.86915153,1.0071237,-0.24223875,0.16517222,-1.0958033,-0.3316845,-1.5000927,-1.2629745,-0.35094014,0.01820413,-0.40313414,-0.2609177,1.1255279,-0.89371866,0.73456204,0.4857422,1.9610118,1.2262064,2.0604908,-0.12724271,1.1407416,0.43678522,0.013972536,0.31337076,0.68972534,0.46766642,-0.56592315,-0.19325773,-0.64618516,0.07321156,0.5166444,0.06958751,0.09952989,0.12575209,-0.8765678,0.57685465,0.6076606,-0.3603464,1.5455756,0.536385,0.87957275,0.023832798,1.2015876,0.512864,-0.5358544,0.29675737,0.017272936,-0.8054509,-0.64177674,-0.41794574,0.1268146,-0.15173088,-0.4788095,-0.0014936434,1.7099426,-0.48142445,0.3417064,0.79989976,0.47272742,0.5963622,0.75867796,-0.31931713,1.0371475,-0.1978658,-0.3142406,-0.21795233,0.25007612,-0.06641576,-0.46608242,-0.54186267,-0.2874884,0.4942972,0.8875595,0.17364842,0.33559775,0.24230836,-1.0203872,-0.6287168,-0.76009935,-0.7608545,0.34277025,0.25783214,-0.16495027,-1.3738731
-0.5378009,0.8284072,1.060638,-0.2928299,0.034398377,-1.0449243,-0.42188194,-1.5411965,-0.9684925,-0.23942493,-0.21154456,-0.5558844,-0.32642987,1.0539395,-0.8825317,0.62867004,0.48734254,1.6557404,1.2906059,1.794244,0.15288852,0.95903003,0.25910273,-0.29430524,-0.19707002,0.24188747,0.22911172,-0.5752494,-0.024477826,-0.7094569,0.06833891,-0.18007267,-0.13893892,-0.49028274,-0.2550323,-0.9809311,0.49190658,0.5048683,-0.06529695,1.4291463,0.55146873,0.99331117,-0.04137329,1.3096893,0.75389636,-0.7298903,0.059052207,-0.24062437,-0.93779075,-0.7344529,-0.410279,0.02393194,-0.35870302,-0.5425079,-0.30485776,1.873068,-0.6015486,0.1512182,0.9245808,0.7113374,0.5590176,0.5828437,-0.07604373,1.0590291,-0.29984847,-0.47187796,-0.2001278,-0.0650779,-0.14468008,-0.71746963,-0.3856519,-0.4977417,0.42425603,0.3446301,0.009105161,-0.16040505,-0.20167279,-0.9592245,-0.5891419,-0.47055808,-0.5131608,0.41148612,0.32343486,0.06213691,-1.2011245
-0.7488065,0.7279732,1.0663681,-0.294739,-0.03761726,-0.8597849,-0.43106222,-1.454452,-0.5855088,-0.08662583,-0.3693137,-0.6611524,-0.33104095,0.92693645,-0.7936965,0.5281669,0.46559143,1.1521685,1.330161,1.33239,0.45955333,0.7442698,0.15773301,-0.5223686,-0.6456711,-0.12527543,0.0074876226,-0.5158195,0.14073355,-0.6984377,0.04864528,-0.77743506,-0.23101398,-0.96032685,-0.5182969,-1.0263447,0.434972,0.3317363,0.17631793,1.3803658,0.608345,1.0385346,-0.15858833,1.2920142,0.92200816,-0.8322744,-0.102820314,-0.4094045,-0.9362138,-0.7652534,-0.36345726,-0.056499112,-0.50051725,-0.5482499,-0.5115471,1.9104785,-0.64185345,-0.02225938,0.98705834,0.8598034,0.5512161,0.35800484,0.20783068,0.9901173,-0.35514373,-0.55958354,-0.16459249,-0.33616132,-0.19388087,-0.90642893,-0.22239365,-0.64124215,0.3116142,-0.1673682,-0.09820566,-0.57525826,-0.5533846,-0.8531842,-0.47202107,-0.11337443,-0.22898677,0.4523458,0.41812858,0.33864224,-0.9698017
-0.8436632,0.581448,1.034024,-0.24076355,-0.046373703,-0.5598244,-0.3632186,-1.2531213,-0.15705708,0.0908462,-0.43424872,-0.7104347,-0.28971523,0.76458114,-0.6397209,0.437741,0.43423846,0.50803334,1.3441087,0.7288073,0.7552693,0.5207415,0.134719,-0.6533669,-0.9837251,-0.38105184,-0.16711229,-0.3985472,0.29194966,-0.6207501,0.019774836,-1.2163236,-0.19518735,-1.2681447,-0.6466951,-1.0061803,0.40159512,0.104673564,0.34907717,1.3866132,0.6962533,1.0033531,-0.32324624,1.1585046,1.0081496,-0.8463308,-0.17795824,-0.4823657,-0.8030855,-0.7331257,-0.2813686,-0.10189578,-0.56123394,-0.4957294,-0.60744935,1.8039939,-0.6059468,-0.16060469,0.98915917,0.88937896,0.58101505,0.11374804,0.51716393,0.8404852,-0.3559988,-0.5756769,-0.11130852,-0.53854644,-0.20169136,-1.0106616,-0.060301162,-0.7052729,0.16944268,-0.5944191,-0.13104928,-0.86804485,-0.7824372,-0.7154576,-0.304901,0.2543935,0.07129714,0.4653492,0.53638715,0.6297564,-0.68585277
-0.819022,0.40559205,0.9778039,-0.133637,0.0017731122,-0.17855597,-0.23263611,-0.9639603,0.2694314,0.27080718,-0.4016766,-0.70584166,-0.22250651,0.5861848,-0.44174057,0.3587935,0.40389794,-0.19651583,1.3356093,0.05747489,1.0054147,0.31401867,0.18032637,-0.68409723,-1.1766226,-0.51123196,-0.27403745,-0.24238257,0.42036065,-0.49140248,-0.01335918,-1.4626328,-0.038954835,-1.396785,-0.64291495,-0.9185446,0.38566995,-0.14668931,0.4512553,1.4243503,0.80183935,0.88755745,-0.5207578,0.93249017,1.0132519,-0.7848814,-0.1699421,-0.4667682,-0.5609398,-0.64584994,-0.172775,-0.10695356,-0.53781116,-0.39451638,-0.5935945,1.5490829,-0.5081912,-0.25481436,0.9368434,0.78979546,0.6484783,-0.11732502,0.83098996,0.628237,-0.30349684,-0.52571636,-0.040768877,-0.65824324,-0.16423288,-1.0203286,0.092942216,-0.68922454,0.012816891,-0.89838403,-0.0852912,-1.0191163,-0.8780639,-0.5599839,-0.120375514,0.57668614,0.36253193,0.4545997,0.6665663,0.89094406,-0.36540842
-0.6868445,0.21837397,0.9141981,0.013146756,0.09040144,0.24032092,-0.06191554,-0.62427276,0.64723223,0.42847592,-0.28324512,-0.65848345,-0.15064321,0.40716973,-0.22650506,0.2901388,0.38051385,-0.87056935,1.3085855,-0.5988306,1.1820749,0.1480446,0.2742451,-0.6251897,-1.2092993,-0.519712,-0.3054187,-0.071286075,0.51894104,-0.33168286,-0.047548935,-1.5106851,0.2113595,-1.3550403,-0.5284612,-0.7671897,0.379894,-0.38451725,0.4933667,1.4634756,0.9105479,0.7033514,-0.7294061,0.6469277,0.948264,-0.66720617,-0.09683493,-0.38168004,-0.24882703,-0.5184373,-0.050490823,-0.07469479,-0.44010475,-0.261837,-0.48486754,1.1574053,-0.3711961,-0.30550137,0.83922225,0.5700112,0.74516493,-0.3055254,1.1252642,0.37685373,-0.20698667,-0.42114186,0.04535775,-0.69283825,-0.086712405,-0.9391681,0.2306069,-0.60414815,-0.1430749,-1.0610713,0.029824046,-1.0306178,-0.8489765,-0.4006685,0.048442654,0.80819935,0.6179761,0.4283039,0.79303515,1.0736533,-0.03347099
-0.4732074,0.037068307,0.8596652,0.17654836,0.19536969,0.64859694,0.12136104,-0.2768686,0.9364136,0.5397747,-0.1042727,-0.58524275,-0.09300467,0.23739047,-0.02266289,0.22859748,0.36513132,-1.4262094,1.2663063,-1.1624697,1.2679884,0.04237875,0.38895455,-0.49901915,-1.0891775,-0.42743996,-0.26721752,0.08993852,0.58250535,-0.16671033,-0.081657484,-1.3819971,0.51384974,-1.1738825,-0.33878303,-0.56214523,0.37552074,-0.57045263,0.49374413,1.47332,1.0066226,0.47360805,-0.9239664,0.33942926,0.83292454,-0.51505464,0.012237969,-0.25406775,0.08432564,-0.37061316,0.07047906,-0.014618221,-0.28879973,-0.119357854,-0.30748454,0.65764046,-0.2223122,-0.32147756,0.70753074,0.2555905,0.8550245,-0.42852247,1.3750271,0.112572886,-0.08163175,-0.2778528,0.14293759,-0.65100247,0.018118218,-0.78286207,0.34744704,-0.47084552,-0.28482294,-1.0846087,0.19348466,-0.92343014,-0.7200946,-0.25094053,0.17174266,0.9217164,0.81328243,0.39744243,0.8990179,1.1331127,0.27921054
-0.2129194,-0.123646714,0.8278623,0.32784453,0.2890173,0.99998075,0.28862357,0.03614027,1.1088623,0.585279,0.10141305,-0.5044918,-0.063380644,0.0809125,0.14349036,0.1698045,0.35477832,-1.7919472,1.2093165,-1.5733349,1.2587165,0.00944248,0.49435025,-0.33626926,-0.8454203,-0.26861107,-0.17741373,0.21946388,0.6084886,-0.022117456,-0.116334505,-1.1201367,0.8169892,-0.8996108,-0.117015816,-0.31989324,0.36244228,-0.673872,0.47347027,1.4275055,1.074067,0.2281394,-1.0794921,0.047001947,0.69330305,-0.34903666,0.121845275,-0.11416893,0.38797262,-0.22292623,0.17507501,0.058719605,-0.11182092,0.010718473,-0.094666086,0.09383023,-0.08947465,-0.31714827,0.55414563,-0.115735054,0.95727444,-0.47476774,1.5583141,-0.13840203,0.054782204,-0.11439858,0.2441961,-0.55021214,0.13299091,-0.57620126,0.43991235,-0.3160097,-0.40192527,-0.98889,0.3772138,-0.7313274,-0.52684414,-0.12331138,0.22678898,0.9118739,0.9302714,0.3746142,0.9696336,1.0363634,0.54027414
0.055502586,-0.2530259,0.8274484,0.4378347,0.34504762,1.2566048,0.41447183,0.2797381,1.15221,0.55395085,0.29747364,-0.43218213,-0.06864423,-0.06288285,0.25131452,0.10885595,0.34449062,-1.9242175,1.1359817,-1.7982255,1.1630378,0.052102257,0.56273127,-0.17091987,-0.52475876,-0.08480042,-0.0621425,0.30235812,0.59711397,0.079425365,-0.1530824,-0.7821251,1.0672445,-0.5846243,0.09357905,-0.062561885,0.33017936,-0.6785753,0.45055434,1.3081102,1.097269,-0.0020920623,-1.1752131,-0.19858125,0.55811346,-0.18548806,0.19714352,0.009334566,0.6184987,-0.09308806,0.25092077,0.12891173,0.06077753,0.10971123,0.11907943,-0.47782683,0.0030237208,-0.30852804,0.39178622,-0.49888012,1.030365,-0.4446189,1.6594007,-0.35221565,0.18509658,0.049831245,0.3378318,-0.41335192,0.23994683,-0.34822991,0.5066781,-0.16734944,-0.48746532,-0.80596316,0.55002606,-0.49349254,-0.3081241,-0.028966445,0.20027995,0.7943913,0.9600969,0.37160897,0.99536943,0.7693085,0.72083604
0.29641253,-0.34482265,0.8604292,0.48252502,0.3434109,1.3945457,0.48054525,0.43143418,1.0717182,0.44584438,0.45217386,-0.3786792,-0.10814295,-0.19713308,0.28892088,0.041225147,0.3296306,-1.8140973,1.0433596,-1.8345728,1.0007787,0.16288279,0.57408804,-0.034258243,-0.18428925,0.08205014,0.050219532,0.3328668,0.5521729,0.122119956,-0.19279449,-0.4283154,1.2174567,-0.2775985,0.25713238,0.18361774,0.26903656,-0.58649594,0.43599597,1.1087606,1.0623459,-0.19037767,-1.1969299,-0.37422702,0.4545053,-0.03533106,0.21061063,0.093983926,0.7470621,0.0073683276,0.29029486,0.18072315,0.20247008,0.16514105,0.30264306,-0.99516404,0.03796831,-0.30979234,0.23266946,-0.84627247,1.0565189,-0.34936896,1.6721301,-0.50933444,0.2961431,0.1969336,0.409585,-0.26496002,0.32421514,-0.1275196,0.5490691,-0.048835646,-0.53797066,-0.5731955,0.684002,-0.24684897,-0.099360324,0.023220753,0.090140134,0.60196286,0.9050313,0.39825153,0.97421235,0.34139863,0.80022883
0.48253757,-0.39736608,0.92145646,0.44811782,0.27425954,1.4070386,0.4782399,0.48420984,0.8891394,0.27286324,0.5435433,-0.3464657,-0.17426413,-0.32431287,0.255071,-0.03632124,0.3078795,-1.4883555,0.93046975,-1.7076786,0.80005085,0.32374218,0.5197678,0.050087597,0.11779403,0.19692032,0.13492028,0.31510726,0.4814158,0.09972603,-0.23453686,-0.111902595,1.2348683,-0.015406737,0.35092142,0.39129233,0.1722065,-0.41801488,0.4320059,0.8355145,0.9594979,-0.3193533,-1.1386843,-0.46759966,0.40378127,0.09573577,0.14813821,0.1266948,0.7639936,0.074781656,0.2913901,0.20249628,0.2949444,0.17249086,0.4333626,-1.3976172,0.0075936625,-0.32994455,0.08791613,-1.1118374,1.0259527,-0.20818037,1.6011615,-0.5957379,0.3809102,0.31249553,0.44508237,-0.12693766,0.37782595,0.06251382,0.5710064,0.023361478,-0.5528766,-0.32590654,0.75930536,-0.019830985,0.07339871,0.027980497,-0.09396083,0.3772681,0.778344,0.46072575,0.91346467,-0.2131871,0.76983273
0.59904516,-0.4128412,0.9985283,0.33426604,0.14007586,1.3053324,0.40994343,0.4473328,0.6392616,0.057678413,0.5633516,-0.3300176,-0.25347906,-0.44384772,0.15942456,-0.12475322,0.28057632,-1.0051491,0.8009079,-1.4634584,0.5922211,0.5084326,0.40439737,0.07051256,0.33208078,0.23762453,0.17631681,0.2623248,0.39577132,0.017180525,-0.27453318,0.12922281,1.1070256,0.18258369,0.36868802,0.5355985,0.037750106,-0.20793615,0.43216765,0.5070513,0.7854586,-0.3835099,-1.0032048,-0.47725254,0.41782162,0.20609784,0.012131087,0.10543273,0.6802489,0.11327087,0.2583137,0.18849486,0.33132574,0.13574181,0.499701,-1.6346242,-0.08500779,-0.37090027,-0.032951422,-1.2550087,0.93892187,-0.04435458,1.4622195,-0.60397327,0.43934074,0.3872101,0.4326052,-0.015599029,0.40077922,0.20704749,0.57853085,0.04359455,-0.53370774,-0.091649584,0.76734203,0.17151861,0.19709985,-0.015333177,-0.33098552,0.16486935,0.60243446,0.5605343,0.8289548,-0.8384939,0.63549507
0.6452176,-0.39610648,1.074677,0.1550276,-0.044491477,1.1162792,0.28854123,0.34337136,0.36390126,-0.16951826,0.5178064,-0.3170453,-0.3285179,-0.5502139,0.021548321,-0.22229245,0.25268525,-0.44389272,0.6643722,-1.1570113,0.40628892,0.6861536,0.24528232,0.029430524,0.42607003,0.19857049,0.17102303,0.19386637,0.3085656,-0.109955356,-0.3062054,0.2776583,0.84455264,0.3156995,0.32097447,0.59809023,-0.13000064,0.0009929095,0.42461887,0.15239936,0.5458003,-0.38961175,-0.8007932,-0.41181278,0.49684983,0.29613507,-0.17838576,0.03937272,0.5242548,0.13267566,0.199499,0.13921234,0.31708956,0.06645454,0.50232774,-1.6735821,-0.22650418,-0.42679775,-0.12251169,-1.2446064,0.80636144,0.11942011,1.2799308,-0.53329194,0.47764838,0.41810417,0.36684406,0.060474172,0.40131056,0.30126935,0.5786368,0.017023409,-0.48314595,0.11359123,0.71224654,0.32423317,0.27237985,-0.10162055,-0.59098154,0.0033664275,0.4053021,0.69403607,0.7426687,-1.4637613,0.41717756
0.6333754,-0.35327998,1.1307062,-0.063217245,-0.25456434,0.87743574,0.13478157,0.20315331,0.10452149,-0.3758836,0.42580926,-0.29122484,-0.38063186,-0.6330707,-0.13176675,-0.32457393,0.23175061,0.10744335,0.5367718,-0.84157366,0.2648424,0.8259922,0.06946261,-0.057375595,0.38983586,0.091538616,0.12829112,0.13165848,0.23323631,-0.25790533,-0.32102638,0.33751798,0.48032492,0.39934736,0.23193155,0.5698953,-0.32015392,0.16623396,0.39550215,-0.19259745,0.25642335,-0.3543605,-0.54843277,-0.28761402,0.6288739,0.3663223,-0.39118746,-0.05305544,0.3359331,0.14535284,0.12556991,0.061495215,0.26841888,-0.018451087,0.45355254,-1.5055939,-0.39469865,-0.48518553,-0.1759921,-1.0632222,0.64828646,0.26479888,1.0838312,-0.3897513,0.5064931,0.40860328,0.25094667,0.10101377,0.3932344,0.35024926,0.57805395,-0.04176626,-0.4047766,0.2857999,0.60962766,0.44632265,0.3116551,-0.22024018,-0.8384306,-0.080566026,0.21579862,0.8519843,0.6781317,-2.0134249,0.14709088
0.58540875,-0.29063404,1.148279,-0.28584433,-0.4593179,0.63022035,-0.0261412,0.059096325,-0.104717806,-0.53138804,0.3144223,-0.23579778,-0.39211607,-0.6788519,-0.27050987,-0.42480764,0.22518608,0.56624275,0.43761173,-0.55940086,0.17952073,0.9022065,-0.091395006,-0.1637247,0.23756446,-0.05661001,0.06743629,0.09544496,0.18087941,-0.39910161,-0.31038776,0.3311823,0.06474766,0.45871678,0.13356435,0.45364383,-0.5163307,0.2537145,0.3329012,-0.49007595,-0.056924254,-0.30073395,-0.26745078,-0.1259347,0.7912504,0.41589975,-0.58699495,-0.14759785,0.15840106,0.1622405,0.04654794,-0.033183977,0.20855393,-0.098916195,0.3738744,-1.1481769,-0.561931,-0.52916795,-0.19163433,-0.71117693,0.48938018,0.37992662,0.9036225,-0.185228,0.5376751,0.36814365,0.09739021,0.112947695,0.3925968,0.3667048,0.5811273,-0.11237887,-0.30291903,0.43050838,0.48336324,0.55195856,0.3347803,-0.3560629,-1.036871,-0.076029904,0.059245203,1.0199885,0.6548431,-2.419087,-0.13474089
0.52775306,-0.2135155,1.1129742,-0.47579977,-0.626727,0.41270816,-0.16899155,-0.06153928,-0.24281025,-0.61401,0.21356724,-0.13735732,-0.3488328,-0.6740352,-0.3664453,-0.51512575,0.23775993,0.8681024,0.3857434,-0.3367579,0.14983076,0.89866555,-0.20658517,-0.25828302,0.0049190647,-0.20934244,0.012972186,0.098669454,0.15751676,-0.50743765,-0.26823935,0.2926335,-0.34203526,0.5207398,0.05859191,0.2633631,-0.69922274,0.24446477,0.22948292,-0.70652723,-0.36085653,-0.253279,0.018041652,0.049947787,0.9537759,0.44230306,-0.7273308,-0.21836503,0.029339679,0.18933398,-0.030776402,-0.13082382,0.16249928,-0.15526475,0.28811866,-0.6439915,-0.69868565,-0.54092973,-0.17156205,-0.20962271,0.35490134,0.46040872,0.7635157,0.06350091,0.5812842,0.31010416,-0.073877,0.1080758,0.41358417,0.3675211,0.5883867,-0.17319997,-0.18338881,0.5581688,0.36058295,0.6557232,0.36325994,-0.4916136,-1.154322,0.011211915,-0.046990372,1.1797284,0.6827894,-2.630305,-0.38678145
0.4846907,-0.12598597,1.0168015,-0.59989125,-0.7287491,0.253099,-0.272733,-0.14231202,-0.30480853,-0.6138476,0.14932968,0.010551625,-0.24260387,-0.60973823,-0.3972817,-0.5877143,0.26855767,0.9756507,0.3940249,-0.18327747,0.16324548,0.8116599,-0.2523728,-0.31041312,-0.25754815,-0.3271921,-0.011732198,0.14569743,0.1622562,-0.5637187,-0.19340357,0.25898045,-0.67964387,0.6060511,0.032719065,0.022233317,-0.84976935,0.1387983,0.08400714,-0.81834984,-0.61900926,-0.2338577,0.2834878,0.21772921,1.0832301,0.44201815,-0.7818405,-0.24257904,-0.025936773,0.22548912,-0.10443167,-0.2174229,0.15173088,-0.17118934,0.22013214,-0.05559082,-0.7783676,-0.5055676,-0.122123495,0.39860135,0.26505697,0.50777817,0.6774881,0.33673176,0.64250803,0.24954401,-0.23884875,0.09994106,0.46469775,0.36988416,0.5952223,-0.2059873,-0.054090668,0.67851543,0.2663724,0.7670871,0.41454643,-0.60989326,-1.1686141,0.16044736,-0.095928535,1.310514,0.7585759,-2.623611,-0.5722833
0.47356626,-0.031284418,0.8595697,-0.63416827,-0.7456073,0.16528544,-0.3235334,-0.1804687,-0.3016674,-0.53479683,0.13935576,0.20544635,-0.07282031,-0.48569596,-0.35063493,-0.63589114,0.30964312,0.8830615,0.4651804,-0.096198194,0.19757143,0.6509691,-0.21637963,-0.29653344,-0.49357542,-0.37532207,0.009824524,0.23052637,0.18606493,-0.5598086,-0.09176823,0.2619426,-0.8972597,0.72257197,0.06892425,-0.24091938,-0.9527467,-0.043217693,-0.098996855,-0.81734014,-0.7977562,-0.25791642,0.505556,0.3580249,1.148069,0.4117208,-0.7341178,-0.20460252,0.0010374709,0.26205617,-0.1781417,-0.28138533,0.18969403,-0.13643086,0.18835358,0.5423144,-0.78132254,-0.41461447,-0.054370984,1.0512689,0.23116547,0.5269406,0.6468709,0.61356986,0.7202064,0.20042372,-0.37458065,0.10092438,0.54615,0.38741383,0.59172505,-0.19997425,0.07427586,0.79543114,0.2189884,0.88643813,0.49726468,-0.69750655,-1.0713987,0.33980948,-0.09187064,1.3918865,0.86444026,-2.406368,-0.6657904
0.500241,0.067530125,0.6488874,-0.5680874,-0.6688998,0.14742725,-0.31657612,-0.18678936,-0.25694537,-0.39449653,0.1893648,0.4352235,0.15242675,-0.3132653,-0.22567944,-0.65512955,0.34592763,0.61510926,0.58853114,-0.06575898,0.22469682,0.43823224,-0.099807434,-0.20452821,-0.65111727,-0.3300799,0.08265,0.3376787,0.21249428,-0.5006839,0.023388717,0.32081488,-0.9618303,0.8631733,0.16388933,-0.49614662,-0.99953204,-0.26432297,-0.3104166,-0.7134688,-0.8727905,-0.33187082,0.6643114,0.45571107,1.1233401,0.3501764,-0.5847505,-0.09881077,0.10117417,0.28438997,-0.26023036,-0.31598794,0.27888307,-0.048922174,0.2020539,1.0728034,-0.69823897,-0.2688749,0.016213104,1.6724089,0.25303507,0.5228015,0.65935075,0.8740733,0.8064556,0.17314903,-0.46400672,0.119741544,0.64922726,0.42745703,0.56401193,-0.15394199,0.18807517,0.90388936,0.22618891,1.0035528,0.6085494,-0.74714386,-0.8709301,0.51166844,-0.049181633,1.4064504,0.97034407,-2.015945,-0.65712017
0.5576575,0.16629326,0.39917576,-0.406161,-0.50282735,0.1833769,-0.2558956,-0.18256266,-0.20115086,-0.22129896,0.29294002,0.67952466,0.4163025,-0.116353154,-0.032941688,-0.64370507,0.35729307,0.22181514,0.7404312,-0.081363894,0.21581942,0.20385641,0.08262205,-0.036486425,-0.6918313,-0.18330643,0.19873199,0.44522792,0.22024468,-0.4036041,0.13225183,0.43847716,-0.8630857,1.0065471,0.2982937,-0.7165861,-0.9896304,-0.4766488,-0.53882116,-0.53481764,-0.83368814,-0.4516065,0.7448863,0.5002669,0.9938859,0.25861955,-0.3511068,0.069291204,0.25052848,0.27514526,-0.36132154,-0.32067564,0.4102331,0.08383378,0.25979096,1.4667466,-0.5319687,-0.0798426,0.07085811,2.1812901,0.3185799,0.49730274,0.6917151,1.1010567,0.8879163,0.17243809,-0.50003505,0.16019174,0.7569802,0.48971307,0.4960274,-0.07638188,0.27180842,0.9895549,0.2840717,1.0990564,0.7341029,-0.75894123,-0.5922551,0.63848007,0.010307042,1.3421845,1.039223,-1.5132977,-0.55378354
0.62739456,0.2588612,0.12963104,-0.16734996,-0.26359358,0.24672292,-0.15297748,-0.19415702,-0.1653811,-0.050103385,0.43264455,0.91234314,0.69479454,0.07092549,0.20784636,-0.6028033,0.32247823,-0.22989832,0.8877547,-0.13575633,0.14637843,-0.018322907,0.30549127,0.19162335,-0.5975785,0.056059953,0.3381353,0.5289159,0.18701282,-0.2947151,0.21155418,0.60127074,-0.6151323,1.1221966,0.44051036,-0.8820385,-0.9305917,-0.6296614,-0.7719167,-0.32373032,-0.686886,-0.60265344,0.73937356,0.48564294,0.75661504,0.14217903,-0.06407565,0.283707,0.41544485,0.21844116,-0.491601,-0.30143142,0.5646409,0.2455296,0.34971857,1.6720347,-0.2973898,0.13083611,0.089537434,2.503145,0.40573856,0.4478893,0.7140956,1.2816906,0.94839907,0.19699822,-0.48740616,0.22102349,0.84757125,0.5664483,0.37309358,0.016982779,0.31006148,1.0314701,0.3779106,1.1482574,0.85079986,-0.74020827,-0.2743354,0.6885485,0.061314728,1.1945235,1.0342101,-0.97269076,-0.37982515
0.6833756,0.33687943,-0.1383856,0.11784353,0.022723114,0.3064403,-0.02437101,-0.24681634,-0.17511864,0.08332528,0.5844851,1.1065551,0.95893127,0.20928542,0.4714624,-0.5365197,0.22414099,-0.6668101,0.99388856,-0.22521167,0.00078910205,-0.19598767,0.5373738,0.45245948,-0.37327793,0.3635417,0.4729602,0.5671137,0.09395248,-0.20328312,0.238638,0.78241307,-0.25367862,1.1777638,0.552822,-0.98089606,-0.83590704,-0.6794114,-0.9981105,-0.12949212,-0.45496172,-0.7614758,0.64810735,0.41007686,0.4207265,0.008072957,0.23711732,0.52042204,0.55944586,0.10402614,-0.6573664,-0.27003616,0.71643263,0.4127378,0.45169836,1.6598225,-0.019585464,0.3338907,0.053731598,2.580266,0.48611894,0.36781597,0.6962078,1.4086925,0.9721133,0.23959069,-0.441745,0.2970073,0.8977816,0.6443435,0.18535455,0.10685337,0.29035622,1.0072411,0.48512852,1.1268746,0.9314053,-0.7037962,0.034999464,0.640848,0.079088286,0.967397,0.926451,-0.4690195,-0.17239575
0.6976101,0.3906825,-0.38367224,0.4119751,0.32371572,0.33313686,0.111439735,-0.35849443,-0.24579433,0.14787532,0.7218182,1.2377056,1.1786537,0.2615184,0.7314045,-0.4511594,0.053561304,-1.0198457,1.0259249,-0.34780335,-0.22420363,-0.30395794,0.74618226,0.71213514,-0.04616015,0.70370597,0.5733039,0.5448399,-0.06975344,-0.15533563,0.1966114,0.94825107,0.17027985,1.1470692,0.5994855,-1.0103184,-0.72183156,-0.59668636,-1.2067803,0.0010727905,-0.1731266,-0.898994,0.48033112,0.2759885,0.006591891,-0.134391,0.5112692,0.7511135,0.6499133,-0.069701634,-0.85839874,-0.24221836,0.83762264,0.5580497,0.54095644,1.4284519,0.26986706,0.49660257,-0.05012361,2.38142,0.52992207,0.24839588,0.613009,1.4811434,0.94691694,0.28871098,-0.38656482,0.38072357,0.88763326,0.70702916,-0.06930924,0.17498763,0.20631242,0.89923507,0.5798965,1.0169712,0.95044965,-0.6651403,0.2870239,0.4883602,0.043662902,0.6733462,0.7020518,-0.065523334,0.023590997
0.64641374,0.41104177,-0.5874782,0.6761685,0.6047131,0.3042631,0.23658817,-0.5356283,-0.38070637,0.12212024,0.82079005,1.2884154,1.3267739,0.20018221,0.96364754,-0.3548596,-0.18543968,-1.2333678,0.9620702,-0.49865085,-0.51873595,-0.32756415,0.9046964,0.9361135,0.3392837,1.0360777,0.6132697,0.45648885,-0.3034916,-0.16793469,0.07844965,1.0656254,0.598606,1.0169238,0.55446005,-0.9752851,-0.6037129,-0.37312493,-1.3882746,0.033572033,0.11711505,-0.98511726,0.25352973,0.090295285,-0.45633018,-0.27647504,0.72150576,0.9474984,0.6634419,-0.29427543,-1.0864836,-0.23450834,0.90314555,0.6547456,0.59235835,1.0032319,0.53722584,0.5883986,-0.22741732,1.9084785,0.51112187,0.08278159,0.45018888,1.5046585,0.8672234,0.33091566,-0.3478818,0.46461865,0.8040025,0.73830754,-0.38300246,0.20842502,0.060301494,0.70069647,0.6378258,0.8120891,0.8899304,-0.6388937,0.4402763,0.23941575,-0.057053942,0.33225194,0.36645952,0.19593997,0.16246535
0.5161501,0.39196777,-0.7353187,0.8757996,0.83330816,0.20792218,0.33617172,-0.77112174,-0.57129514,-0.0021101858,0.86375463,1.250678,1.3830204,0.01453862,1.1497391,-0.25651202,-0.47509527,-1.2721566,0.7963313,-0.66593814,-0.85992396,-0.26450187,0.9943488,1.0946391,0.72850466,1.3221531,0.57659465,0.3068724,-0.59371275,-0.24502982,-0.110040665,1.1090288,0.97528744,0.79144686,0.40741327,-0.886422,-0.49252543,-0.024091119,-1.5332111,-0.045940675,0.37473935,-0.9947408,-0.008463984,-0.13521937,-0.93254775,-0.41086602,0.840198,1.085602,0.5895325,-0.55198383,-1.3256305,-0.2611542,0.8945674,0.68100584,0.5848902,0.43290105,0.75136024,0.58648294,-0.4731258,1.1979702,0.4124529,-0.12989555,0.2067491,1.4905359,0.7351418,0.35334295,-0.34871614,0.54221153,0.64348894,0.72524625,-0.7377089,0.2024526,-0.13525489,0.41949764,0.64075243,0.5203066,0.74376976,-0.6352899,0.46862492,-0.08307658,-0.22484772,-0.030745873,-0.054905772,0.30052528,0.20450571
0.30729774,0.3333577,-0.8179935,0.9853559,0.98331344,0.04442516,0.39973396,-1.0452759,-0.79965615,-0.21799842,0.8417144,1.1274722,1.3371271,-0.28546956,1.2779145,-0.16468503,-0.7853589,-1.1258194,0.54080355,-0.8283448,-1.2151185,-0.12494425,1.0078087,1.1674262,1.0659876,1.5312206,0.4600357,0.1101784,-0.91510266,-0.37666818,-0.3498156,1.0657077,1.2545228,0.49238187,0.16687144,-0.75772125,-0.39326122,0.41268453,-1.6321541,-0.22705296,0.5661682,-0.91342926,-0.27869895,-0.38351166,-1.3831799,-0.53310007,0.85264975,1.1490293,0.4312559,-0.8184335,-1.5539345,-0.3304828,0.8036748,0.62473387,0.505212,-0.2165058,0.8879087,0.48077962,-0.7708075,0.31864578,0.22867157,-0.3812552,-0.10441454,1.4543954,0.56064826,0.34591028,-0.4034033,0.609256,0.41321224,0.66058415,-1.1067224,0.16141766,-0.35844946,0.07914949,0.57975715,0.16437581,0.5198979,-0.6575927,0.3668812,-0.44439694,-0.45062876,-0.38802218,-0.5196115,0.2607939,0.12249172
0.034689117,0.2430262,-0.832542,0.9918642,1.0380344,-0.17448668,0.42196426,-1.3293183,-1.0421523,-0.5042262,0.7548786,0.9323292,1.1907034,-0.66882074,1.3433851,-0.08665364,-1.0778886,-0.8096305,0.22327352,-0.9562024,-1.5462455,0.07087481,0.9490419,1.1465836,1.3039035,1.644899,0.2742759,-0.112956434,-1.2339277,-0.5410088,-0.61074597,0.93771905,1.4065057,0.15573081,-0.14066258,-0.604122,-0.3046413,0.8816514,-1.6759909,-0.47556174,0.6702651,-0.7416361,-0.5307809,-0.63267195,-1.769271,-0.64127773,0.7587541,1.1315169,0.20388378,-1.0663481,-1.7469715,-0.4427409,0.63405746,0.48631245,0.35059416,-0.8702781,0.9322681,0.27715036,-1.0935625,-0.63697064,-0.03171731,-0.65244156,-0.45817596,1.413695,0.36033124,0.30325317,-0.51399124,0.6635621,0.13022801,0.5442354,-1.4580376,0.09759004,-0.58054304,-0.2837786,0.45674458,-0.22097056,0.23958775,-0.7004304,0.15273352,-0.8023509,-0.71495974,-0.71252984,-0.97452813,0.112381965,-0.09325501
-0.2732067,0.13739951,-0.78214765,0.8960187,0.9922063,-0.42823365,0.40261567,-1.590327,-1.2734581,-0.8276257,0.61203545,0.6872832,0.9575828,-1.0869055,1.3468113,-0.027429542,-1.3124806,-0.36232606,-0.117466494,-1.015668,-1.8148361,0.2960892,0.8313881,1.0372171,1.4097073,1.6589254,0.042159606,-0.3389189,-1.512607,-0.70890397,-0.8561651,0.74119014,1.4209071,-0.17442486,-0.47461545,-0.4398269,-0.22080718,1.3173296,-1.6565259,-0.73990995,0.68078524,-0.49665558,-0.74299306,-0.8572397,-2.054361,-0.73558885,0.5728866,1.0372139,-0.068099596,-1.269961,-1.8819058,-0.58842963,0.40074232,0.2802115,0.12979247,-1.4543133,0.88155204,-0.002260419,-1.4068179,-1.5640544,-0.34690806,-0.9152987,-0.82150525,1.384803,0.15516874,0.22563018,-0.66834414,0.7044146,-0.18059772,0.38346106,-1.7585896,0.027993146,-0.7701144,-0.6252172,0.28393236,-0.59415364,-0.06552629,-0.74999976,-0.13561113,-1.1128895,-0.9902876,-0.980227,-1.3636447,-0.09411104,-0.43214875
-0.57954746,0.040075928,-0.67594695,0.7115302,0.8525669,-0.69102633,0.3460107,-1.7971642,-1.4704076,-1.1471835,0.42825043,0.41995466,0.66203845,-1.4804646,1.292569,0.011047262,-1.4539608,0.15909174,-0.4387014,-0.97553194,-1.9875509,0.52175325,0.6747968,0.8563633,1.3714528,1.582605,-0.20521809,-0.5448399,-1.7162356,-0.85025823,-1.0490001,0.5022863,1.3062855,-0.4543601,-0.78752565,-0.2770047,-0.13379627,1.6537691,-1.5682591,-0.9613465,0.6061833,-0.21049634,-0.90147,-1.0306498,-2.2075386,-0.8169833,0.32208836,0.88004214,-0.35539603,-1.4086778,-1.9413228,-0.74886,0.1289165,0.03353351,-0.13715766,-1.9035711,0.7446943,-0.3210178,-1.6725986,-2.3597329,-0.68454397,-1.1365606,-1.1580446,1.3800048,-0.032607097,0.11885818,-0.84146965,0.7315006,-0.4897232,0.19231056,-1.9791286,-0.029333891,-0.8981704,-0.9010436,0.08185354,-0.91318375,-0.35857123,-0.7855278,-0.44555923,-1.3357869,-1.2443116,-1.1722732,-1.6366341,-0.30288792,-0.86328936
-0.844381,-0.021618895,-0.5280428,0.4623059,0.6366018,-0.936246,0.26009467,-1.9255552,-1.6145861,-1.4197763,0.22249493,0.16013643,0.33621755,-1.7885596,1.1869327,0.03050122,-1.478292,0.68665063,-0.7017479,-0.8153728,-2.0404208,0.7211694,0.5019214,0.6301103,1.1994612,1.4360149,-0.43390056,-0.7118686,-1.8174925,-0.9398734,-1.1579851,0.251822,1.0875483,-0.64846915,-1.0332336,-0.124983504,-0.03638863,1.8351058,-1.409573,-1.0854115,0.46687496,0.07524451,-1.0016457,-1.1285465,-2.2064958,-0.885176,0.04269929,0.681184,-0.6281264,-1.4698212,-1.9163512,-0.89831126,-0.14954071,-0.2178147,-0.42156798,-2.1698654,0.5412804,-0.6335303,-1.8545736,-2.937285,-1.0054259,-1.2835746,-1.4334327,1.4047449,-0.18264535,-0.0057522445,-0.99897027,0.74428374,-0.7666503,-0.010139698,-2.0984063,-0.059561614,-0.943086,-1.0750076,-0.124173954,-1.1424153,-0.60336864,-0.782502,-0.7192343,-1.4402603,-1.4442438,-1.275318,-1.7556427,-0.46287668,-1.3384867
-1.0315826,-0.021541776,-0.35591236,0.1778934,0.37008944,-1.1402284,0.15495351,-1.9615016,-1.6938999,-1.6060678,0.01499574,-0.064551115,0.01609529,-1.9582505,1.0368375,0.036105685,-1.377048,1.1503315,-0.8772938,-0.5321725,-1.9622996,0.87371045,0.33445406,0.38965273,0.9251794,1.2455578,-0.6124589,-0.82750386,-1.8015456,-0.9624253,-1.1631014,0.019582953,0.8012892,-0.7359588,-1.1751983,0.010275018,0.07550021,1.8241315,-1.1841879,-1.0737371,0.29115435,0.31747046,-1.0482533,-1.1322024,-2.0406187,-0.93750775,-0.22407775,0.46549168,-0.85989743,-1.4496841,-1.8077576,-1.0073619,-0.40019476,-0.43432784,-0.68970275,-2.2265615,0.29938272,-0.89140964,-1.9231938,-3.238148,-1.2695237,-1.3307908,-1.6196316,1.4556886,-0.27875647,-0.13307722,-1.1025043,0.7414232,-0.98327196,-0.20210654,-2.1058247,-0.053792343,-0.89407694,-1.1251941,-0.30790308,-1.2579325,-0.7701076,-0.71651155,-0.9033352,-1.4093919,-1.5611923,-1.2818487,-1.7006185,-0.53536975,-1.7984607
-1.1142384,0.05938127,-0.1784337,-0.11098813,0.083118044,-1.2854526,0.041784756,-1.9029481,-1.7030485,-1.6755958,-0.1751363,-0.23151506,-0.26322323,-1.9526383,0.84901214,0.03637513,-1.1585244,1.4873582,-0.9501928,-0.14404042,-1.7564425,0.9672922,0.19000067,0.16692771,0.59639263,1.0390114,-0.7166656,-0.88609034,-1.6676704,-0.9148333,-1.0586643,-0.17098059,0.4896505,-0.7140963,-1.1925869,0.1262109,0.20170522,1.6094018,-0.9015939,-0.9114933,0.10986141,0.48047698,-1.0525967,-1.0318598,-1.713631,-0.9678051,-0.4380017,0.25773776,-1.0305822,-1.3531636,-1.6252897,-1.0475775,-0.5906797,-0.57971627,-0.9072081,-2.0707855,0.052021742,-1.0510182,-1.8600084,-3.2397792,-1.4410274,-1.2649742,-1.6979218,1.5202104,-0.31130657,-0.24566609,-1.1168398,0.72126514,-1.1170067,-0.36176383,-2.0023906,-0.010563451,-0.7528935,-1.0480393,-0.44564188,-1.2509266,-0.8398306,-0.5680415,-0.95904195,-1.2427537,-1.5745021,-1.1896688,-1.471601,-0.49937916,-2.1808062
-1.0784727,0.22821943,-0.013179581,-0.37713403,-0.19400576,-1.3626653,-0.06870814,-1.7588524,-1.6431311,-1.6115867,-0.331092,-0.32610726,-0.471679,-1.7572286,0.6300613,0.042033482,-0.8462686,1.650754,-0.919682,0.3103002,-1.4401113,0.9990481,0.08039876,-0.009516179,0.26967016,0.8408076,-0.7331193,-0.88896763,-1.4293042,-0.8054309,-0.8539318,-0.30555168,0.19471516,-0.5984468,-1.0838033,0.22370084,0.3376056,1.2079005,-0.57629544,-0.610544,-0.048373606,0.5439013,-1.0287639,-0.828623,-1.2448992,-0.9670453,-0.5651911,0.07846621,-1.1282704,-1.1919299,-1.3851571,-0.9964445,-0.69574755,-0.62710726,-1.0438508,-1.7229285,-0.16661389,-1.0802888,-1.6603131,-2.9579024,-1.4939748,-1.0885779,-1.6608983,1.5773476,-0.2779584,-0.3261329,-1.0161501,0.68260276,-1.1532962,-0.4699063,-1.7997088,0.06468082,-0.5330302,-0.85896885,-0.51955163,-1.1286546,-0.80709636,-0.32628047,-0.86843014,-0.95672154,-1.4747998,-1.0014371,-1.0889974,-0.35348737,-2.42952
-0.9253621,0.47664392,0.12603372,-0.60032517,-0.4352854,-1.3717369,-0.16709785,-1.5467027,-1.5206267,-1.413067,-0.43989828,-0.34280366,-0.5884351,-1.3822294,0.38712674,0.064235784,-0.47480136,1.6161642,-0.79840165,0.7765853,-1.043193,0.97420543,0.010755888,-0.11846482,0.0013176065,0.6684565,-0.66067535,-0.84313023,-1.1114829,-0.6512801,-0.5708309,-0.38038653,-0.04662776,-0.41966525,-0.8664882,0.30656728,0.4750325,0.6640997,-0.22716436,-0.20704857,-0.16126136,0.5075343,-0.9884486,-0.53482795,-0.6692445,-0.92449605,-0.5837885,-0.059198704,-1.1496838,-0.98227584,-1.1066362,-0.84150374,-0.7006755,-0.5637917,-1.077947,-1.2234954,-0.3258059,-0.96401125,-1.3342242,-2.4429777,-1.4163442,-0.81958884,-1.5124716,1.6004202,-0.18372846,-0.35961226,-0.78977853,0.6258384,-1.0868806,-0.5125704,-1.5174379,0.16174269,-0.25710005,-0.589685,-0.51950514,-0.91277295,-0.6805878,0.007581593,-0.63758457,-0.5825346,-1.2656155,-0.72507095,-0.591135,-0.11470521,-2.5032668
-0.66961956,0.78056806,0.23140669,-0.7689768,-0.6223897,-1.3213245,-0.2463448,-1.2890289,-1.3464111,-1.0958898,-0.49297622,-0.28551456,-0.6047479,-0.86162317,0.12813407,0.112466514,-0.0839998,1.3861084,-0.60869,1.1941934,-0.6042549,0.90344304,-0.02037009,-0.14877734,-0.16175817,0.5303464,-0.5100645,-0.7593926,-0.74649006,-0.47347155,-0.23997797,-0.40099803,-0.20669672,-0.21751618,-0.5739487,0.3809472,0.6035891,0.044158343,0.12439311,0.24566902,-0.21501516,0.39187813,-0.9372749,-0.17288405,-0.03415121,-0.8305648,-0.48796895,-0.15130773,-1.0994703,-0.74250776,-0.8084555,-0.5831868,-0.6043683,-0.3937508,-0.9996595,-0.62768996,-0.40260154,-0.706515,-0.90546757,-1.7717518,-1.2119082,-0.4888202,-1.2667854,1.5609789,-0.040359832,-0.336474,-0.4458788,0.55392194,-0.92270076,-0.4829676,-1.1796879,0.2683523,0.047258757,-0.28292754,-0.44392303,-0.6355728,-0.48137513,0.4190275,-0.2949955,-0.16198792,-0.963465,-0.3738629,-0.030196201,0.1845994,-2.382237
-0.33815908,1.1028464,0.30227083,-0.8806158,-0.7469167,-1.2275496,-0.3024969,-1.0097948,-1.1346196,-0.69078827,-0.4869082,-0.16615705,-0.52544594,-0.24865901,-0.13762856,0.19195291,0.28681424,0.9898225,-0.37866056,1.5073191,-0.16679645,0.79968816,-0.019769203,-0.10124286,-0.1903063,0.42546892,-0.30222332,-0.65104973,-0.36928618,-0.2921479,0.10435591,-0.37997514,-0.2696147,-0.033981953,-0.24961413,0.45448545,0.7122187,-0.5733791,0.45556888,0.687217,-0.2054077,0.2340669,-0.8724586,0.2273558,0.6052622,-0.679743,-0.29018414,-0.20344567,-0.9892078,-0.4906116,-0.50583917,-0.23635875,-0.41996723,-0.13719647,-0.8128511,0.00093940744,-0.3857993,-0.33193678,-0.4087529,-1.0351976,-0.90061814,-0.13454564,-0.9471355,1.4340111,0.13521685,-0.25445604,-0.012135852,0.47212762,-0.6756342,-0.38298845,-0.81141627,0.37305236,0.3514764,0.014627763,-0.29981995,-0.335187,-0.23996401,0.8806547,0.11381901,0.25795963,-0.5957795,0.032421872,0.53374255,0.5018993,-2.0715215
0.034689117,1.3988273,0.34473836,-0.9405788,-0.81096697,-1.1117176,-0.33489555,-0.73156905,-0.9019396,-0.24050707,-0.42434457,-0.003227556,-0.36875615,0.39112866,-0.39959338,0.30140164,0.60409963,0.48010957,-0.13806127,1.6765971,0.22578183,0.6746877,0.0016223966,0.011465835,-0.07817799,0.34502313,-0.06519478,-0.53218997,-0.012601341,-0.12306785,0.4291586,-0.33352733,-0.23225346,0.09410387,0.060355965,0.534827,0.7905656,-1.1096548,0.74366266,1.0610529,-0.13657017,0.07963784,-0.78386515,0.6321985,1.1924992,-0.47430998,-0.020360988,-0.22909579,-0.8354131,-0.24306327,-0.20946573,0.17085432,-0.17338935,0.17210805,-0.53570294,0.5975184,-0.278629,0.118729465,0.11401694,-0.32511708,-0.5166213,0.203888,-0.58339024,1.2026378,0.32242262,-0.12028009,0.46624428,0.3876962,-0.36974978,-0.22380377,-0.4358322,0.46722957,0.6294957,0.2594965,-0.10192205,-0.05009092,0.007959245,1.3545552,0.5344258,0.63111955,-0.19782217,0.4671408,1.0394204,0.7908477,-1.600508
0.410767,1.6236535,0.36966497,-0.96001697,-0.82594293,-0.99741477,-0.34650472,-0.47350734,-0.6665895,0.20544553,-0.3141433,0.18130174,-0.16434596,0.9884494,-0.6464496,0.43148988,0.84323126,-0.07427081,0.08499431,1.6875783,0.5351098,0.53692865,0.030585181,0.16581361,0.15609246,0.27475336,0.16959226,-0.41675317,0.29602,0.024605671,0.70633113,-0.27839884,-0.10352543,0.14087857,0.31400225,0.6285646,0.8302961,-1.4974121,0.96753794,1.3243915,-0.019551199,-0.02733628,-0.65785205,1.0077932,1.6771708,-0.2268026,0.27751866,-0.24680753,-0.6577151,-0.013912867,0.0740386,0.59984046,0.09953157,0.49213105,-0.19916962,1.1025329,-0.09923302,0.59272784,0.61803895,0.27864122,-0.1041044,0.49188617,-0.20974426,0.86226475,0.49862635,0.04996051,0.93157834,0.3079132,-0.03613017,-0.02556407,-0.07243558,0.54584605,0.86017144,0.41790187,0.129284,0.18573576,0.22644776,1.7965995,0.9121087,0.9170947,0.19141069,0.8970051,1.431892,1.0076575,-1.0185463
0.7525146,1.7401025,0.38937065,-0.9534653,-0.81006676,-0.90734625,-0.34370533,-0.25073284,-0.44757342,0.59620863,-0.17157917,0.36427933,0.050199904,1.4793599,-0.8670516,0.5647576,0.99010026,-0.59868044,0.26587963,1.5545192,0.7321881,0.39057022,0.052818023,0.33028105,0.47170314,0.19861634,0.3710427,-0.31773648,0.53650486,0.14798948,0.9148805,-0.22861865,0.09697393,0.09576733,0.47982362,0.73980135,0.8258816,-1.6918656,1.1085923,1.454136,0.13032532,-0.054602828,-0.48239142,1.3236558,2.0212898,0.039984882,0.55172396,-0.27636698,-0.47686315,0.18521504,0.34051186,1.0059433,0.35803378,0.7793096,0.15595697,1.4675202,0.12091447,1.0327816,1.059766,0.7184505,0.28775784,0.7045633,0.13819326,0.42299908,0.6415389,0.232158,1.3214805,0.23827629,0.28941327,0.18444799,0.263089,0.607114,1.028005,0.47053525,0.36940938,0.3471221,0.38392505,2.161366,1.2001703,1.0854732,0.5339372,1.2838136,1.6690408,1.1179131,-0.38809207
1.0266782,1.7248588,0.4134059,-0.93623996,-0.7847522,-0.86007005,-0.33563656,-0.074103065,-0.2630706,0.8861698,-0.017506655,0.5242295,0.23386021,1.8131294,-1.0512856,0.6771702,1.0404936,-1.0237824,0.3854165,1.3182621,0.8003468,0.23623063,0.05450051,0.4693101,0.81182134,0.10203553,0.5122583,-0.2464504,0.6969768,0.2487029,1.041813,-0.19369023,0.3420943,-0.035090923,0.54131365,0.8690632,0.77558935,-1.6769719,1.1530762,1.4497818,0.29538164,0.011122798,-0.25319564,1.555483,2.204038,0.29385564,0.75052416,-0.33472797,-0.31290123,0.34470958,0.5859016,1.3440745,0.5622682,0.99482745,0.48373446,1.659491,0.3413712,1.3845258,1.4009949,0.96548384,0.61132556,0.828889,0.42681003,-0.09028291,0.7306384,0.39684024,1.5778505,0.1805286,0.57000655,0.37456733,0.5586071,0.65107423,1.1232847,0.41489655,0.5928574,0.42048988,0.45758423,2.4082947,1.3657339,1.1183386,0.7972132,1.5873424,1.726828,1.1021624,0.22416489
1.2081382,1.572781,0.4452088,-0.9223122,-0.77084005,-0.8671718,-0.33329,0.04920816,-0.12870827,1.0406462,0.123802036,0.6430905,0.34804976,1.9585156,-1.191391,0.74194485,0.99878764,-1.2960387,0.4307468,1.0380157,0.73731726,0.07216753,0.023434617,0.5478998,1.1128944,-0.02534845,0.5733039,-0.21197313,0.77314246,0.33026102,1.0817688,-0.17719282,0.6002586,-0.22979406,0.49851424,1.0126679,0.6820186,-1.4674157,1.0937104,1.3307651,0.45750767,0.16070525,0.02238501,1.6870463,2.2241116,0.49843386,0.8309527,-0.43270102,-0.18325886,0.45688206,0.8045127,1.5747586,0.6788345,1.1110463,0.7389929,1.6636354,0.5188086,1.6043228,1.6119707,1.0216935,0.8264406,0.86394346,0.6281512,-0.64031786,0.7497922,0.51285464,1.6561645,0.13203304,0.77169794,0.5128711,0.80468667,0.6782142,1.1412396,0.2654008,0.77556455,0.40529147,0.43651393,2.5070593,1.3931391,1.0116684,0.95814914,1.7695638,1.602096,0.95934194,0.7562729
1.2813442,1.2974422,0.48000416,-0.9224424,-0.78502494,-0.9313991,-0.34786323,0.1159048,-0.05532336,1.040484,0.22765626,0.7076416,0.36197,1.9069014,-1.2822902,0.734616,0.875564,-1.3855311,0.39664012,0.778255,0.5552319,-0.10353005,-0.049873672,0.53680533,1.3151909,-0.18766104,0.5434965,-0.2203072,0.7675666,0.39534953,1.0362501,-0.17669913,0.8396538,-0.45400366,0.36784798,1.1624447,0.552348,-1.104638,0.9318969,1.1310998,0.5990257,0.3647162,0.3237474,1.711218,2.0988283,0.6184835,0.7658617,-0.57267964,-0.10096667,0.5161948,0.987802,1.6694378,0.6859526,1.1154869,0.88367033,1.484098,0.6140215,1.6650093,1.6742884,0.9171896,0.9061175,0.81928223,0.72308105,-1.181709,0.6886254,0.55195695,1.5332133,0.08545943,0.8677617,0.5719048,0.99369746,0.688087,1.0815874,0.050851423,0.89774096,0.31378138,0.3236663,2.442293,1.2847445,0.77559066,1.0057482,1.7999629,1.3125283,0.70815605,1.1581264
1.2433058,0.9285842,0.50556743,-0.9424012,-0.8370181,-1.0458056,-0.38882464,0.12652972,-0.04680301,0.8848171,0.27243423,0.709814,0.25765514,1.6725157,-1.3222909,0.6384239,0.68568265,-1.2897401,0.2858206,0.5949775,0.27884895,-0.2906935,-0.17095253,0.41699433,1.3730339,-0.3821978,0.42245454,-0.2733873,0.6885573,0.4444424,0.9126472,-0.18447472,1.0315359,-0.6661334,0.17896783,1.3064353,0.3977995,-0.64884025,0.67895883,0.89098406,0.7036511,0.5797105,0.61937433,1.6301022,1.8605891,0.62731624,0.54937255,-0.7481216,-0.07341144,0.5197188,1.1253649,1.6141723,0.57650435,1.0128192,0.89314723,1.1429273,0.59876543,1.5598807,1.5827643,0.70368946,0.84025294,0.7117173,0.7044445,-1.6669499,0.5441167,0.4931419,1.2119545,0.030527612,0.8420986,0.53297865,1.1197577,0.67874235,0.94822407,-0.19008113,0.9459612,0.16941914,0.13550976,2.2160351,1.0592762,0.43349886,0.9420799,1.6607395,0.8939654,0.38447705,1.3965064
1.1027551,0.50666875,0.5054401,-0.98210174,-0.9279105,-1.1942177,-0.46197882,0.08585253,-0.0987889,0.5915554,0.24348897,0.6463801,0.0334521,1.289253,-1.3131266,0.44921938,0.44651836,-1.032233,0.10962087,0.52279675,-0.057407174,-0.4858943,-0.34040284,0.18322127,1.2624428,-0.6000661,0.22028871,-0.36878267,0.54905045,0.47493288,0.72301996,-0.1894116,1.1535944,-0.82356733,-0.029946975,1.4297005,0.23252416,-0.16790622,0.35608673,0.6491014,0.7572127,0.7578496,0.8717347,1.4541934,1.551031,0.51249033,0.19826578,-0.94446665,-0.10104967,0.4677744,1.2065773,1.4117994,0.3591289,0.82302564,0.760419,0.6773128,0.46060202,1.3029592,1.3464184,0.44515744,0.6373517,0.5620461,0.5780655,-2.0528216,0.32156754,0.32652068,0.7222728,-0.043802433,0.69221157,0.389648,1.178575,0.64684886,0.7493646,-0.41476357,0.91465056,0.0034002494,-0.100026004,1.8480728,0.7486678,0.020455325,0.7817932,1.3507957,0.3951558,0.036069334,1.4573994
0.87978774,0.07601316,0.46386394,-1.0352962,-1.0503098,-1.35349,-0.56761396,0.0031021691,-0.19816677,0.19473228,0.13642636,0.51876754,-0.2945438,0.8051921,-1.2594622,0.1777262,0.17671964,-0.65746725,-0.11245401,0.56794184,-0.41417995,-0.6813761,-0.5529969,-0.15411568,0.9855258,-0.8275146,-0.043685745,-0.49910173,0.36549464,0.48235804,0.4834074,-0.1790853,1.192018,-0.888838,-0.21853311,1.5163192,0.07137452,0.27362496,-0.0067939023,0.43536362,0.7482777,0.85711795,1.0446895,1.2009562,1.2143977,0.28036904,-0.25005,-1.1416893,-0.17740753,0.36470932,1.2230607,1.0810698,0.057127226,0.5778023,0.49846485,0.13477734,0.20526941,0.92669517,0.9882686,0.20678817,0.3236956,0.39188397,0.36208132,-2.3065872,0.03391822,0.055518858,0.11737645,-0.14660406,0.42978963,0.14934573,1.1684012,0.58854675,0.49743086,-0.5831158,0.8064571,-0.14945123,-0.34780455,1.3732883,0.3932487,-0.41974786,0.54911375,0.88804716,-0.12895554,-0.28536513,1.3454933
0.6027533,-0.32266393,0.37138402,-1.0903565,-1.1894583,-1.496511,-0.69963735,-0.10838204,-0.32491183,-0.26020214,-0.041081354,0.3321279,-0.6937505,0.27490807,-1.1686869,-0.15094332,-0.10499975,-0.22207758,-0.35457882,0.70671636,-0.75231016,-0.86511105,-0.7975581,-0.569346,0.56986487,-1.048179,-0.34266603,-0.6529844,0.15673615,0.4617019,0.2124069,-0.14242896,1.142203,-0.8358452,-0.35058543,1.5511069,-0.07252971,0.62380844,-0.37458125,0.26699862,0.6695445,0.8502141,1.1113434,0.892695,0.89065015,-0.04397387,-0.7436837,-1.3176897,-0.2894959,0.2189446,1.1715842,0.65374905,-0.29537028,0.31428096,0.13906336,-0.43268,-0.14393598,0.4763354,0.543276,0.04414939,-0.060620986,0.22100641,0.08444682,-2.4104822,-0.2991644,-0.3027361,-0.53348446,-0.2823022,0.07996457,-0.16730502,1.0905079,0.50038254,0.2090226,-0.6638877,0.6316473,-0.25611407,-0.57095283,0.8367631,0.03627303,-0.83875394,0.27406994,0.30838344,-0.62444955,-0.5331252,1.0819597
0.3044269,-0.6584123,0.22898726,-1.1323133,-1.3259878,-1.5963769,-0.8453694,-0.2324688,-0.45460173,-0.72265744,-0.26985356,0.09484049,-1.1189706,-0.24812873,-1.0501298,-0.50127625,-0.38084045,0.21457177,-0.58787733,0.89172775,-1.0372747,-1.0222046,-1.0575022,-1.0242194,0.06399176,-1.2450993,-0.64555705,-0.81624293,-0.05776544,0.4095284,-0.07004433,-0.07216072,1.0085762,-0.653816,-0.40027305,1.5219651,-0.19023578,0.84888536,-0.71098727,0.14728783,0.51899546,0.72992057,1.0606152,0.55408114,0.6096568,-0.418939,-1.2247053,-1.451884,-0.41980225,0.04233356,1.0552691,0.17011414,-0.65784526,0.068062305,-0.2717916,-0.97493917,-0.5500423,0.0025286044,0.054804858,-0.0057225744,-0.46725482,0.06550988,-0.22189128,-2.3643029,-0.6539661,-0.71890134,-1.1548401,-0.4491984,-0.32166478,-0.5292837,0.9496638,0.3808124,-0.09618314,-0.639446,0.40601584,-0.2903676,-0.73705506,0.28728458,-0.28207114,-1.1889765,-0.012376566,-0.3383202,-1.0453806,-0.6734255,0.70112646
0.017105322,-0.91406024,0.049757693,-1.145677,-1.4391942,-1.6305381,-0.9868612,-0.35201865,-0.5627355,-1.1443158,-0.5211543,-0.1817983,-1.5184383,-0.7187116,-0.9138635,-0.8334485,-0.635126,0.59999263,-0.7851077,1.0629323,-1.2440194,-1.1367509,-1.3123987,-1.4727331,-0.47104436,-1.4031948,-0.9201191,-0.97384614,-0.2596099,0.32544258,-0.3443339,0.033323936,0.8024106,-0.34991908,-0.3561716,1.4218452,-0.27897948,0.93521625,-0.98333645,0.06701785,0.30105004,0.5100797,0.9009132,0.20944403,0.3876181,-0.7938091,-1.639193,-1.5285951,-0.5484901,-0.150799,0.88452035,-0.32684368,-0.989171,-0.13359812,-0.6807924,-1.4505557,-0.9683122,-0.44649023,-0.43053782,0.069740534,-0.8471591,-0.06351699,-0.52448547,-2.1853025,-1.0050625,-1.1550378,-1.6758095,-0.63888973,-0.7334956,-0.8998553,0.7543474,0.23060827,-0.39698485,-0.5084344,0.1488415,-0.2372872,-0.82373846,-0.22945368,-0.5299447,-1.429676,-0.28295672,-0.9950798,-1.3595,-0.6915783,0.2466973
-0.23277594,-1.087397,-0.14261961,-1.1177781,-1.5105824,-1.5843245,-1.1032822,-0.45152074,-0.6288173,-1.4855708,-0.76143485,-0.48419544,-1.8413012,-1.1053771,-0.77008414,-1.1115162,-0.8553479,0.89508134,-0.9246945,1.1612496,-1.3592284,-1.1945862,-1.5402552,-1.8674921,-0.9720862,-1.511006,-1.1367832,-1.1121521,-0.43357533,0.2130385,-0.5929202,0.16888241,0.5397606,0.050656084,-0.22336328,1.2501155,-0.34235016,0.8867204,-1.1669335,0.008014376,0.026900914,0.22256057,0.66002375,-0.119832605,0.22609814,-1.1169174,-1.9456767,-1.5393258,-0.65642864,-0.34553337,0.6753832,-0.7970939,-1.2529662,-0.2767663,-1.0359704,-1.8311262,-1.3530463,-0.8323706,-0.86888534,0.2570345,-1.1579376,-0.1609642,-0.7964624,-1.9055036,-1.3290812,-1.5688763,-2.0395818,-0.83738625,-1.1129687,-1.2420701,0.5162161,0.053589202,-0.6730844,-0.28617224,-0.12045756,-0.09627954,-0.82263863,-0.6768017,-0.68824416,-1.5333506,-0.5175028,-1.6058362,-1.5516111,-0.59404147,-0.23197813
-0.42859003,-1.1895276,-0.31828368,-1.0420215,-1.5266223,-1.4534336,-1.1740487,-0.51949704,-0.63988984,-1.7204506,-0.95707697,-0.7965235,-2.0451458,-1.3926584,-0.62783223,-1.3099358,-1.0333085,1.078685,-0.99454236,1.142177,-1.382211,-1.1860992,-1.7204014,-2.1663,-1.3843213,-1.5616571,-1.2723712,-1.2207431,-0.5691234,0.07970183,-0.8019569,0.3227896,0.23833278,0.5071153,-0.022680739,1.0131589,-0.38958937,0.72080004,-1.2478133,-0.052125,-0.2859663,-0.08978434,0.38143614,-0.41720474,0.1135146,-1.3453345,-2.1215508,-1.4837971,-0.7281386,-0.5283228,0.4474626,-1.2078844,-1.4215493,-0.36259064,-1.2943193,-2.1042175,-1.6643177,-1.1313206,-1.2250255,0.5197916,-1.3697274,-0.22770047,-1.0207665,-1.566594,-1.6068116,-1.9197632,-2.2108488,-1.0272564,-1.4221473,-1.5239624,0.24920595,-0.14378482,-0.90743023,-0.0020744829,-0.38436785,0.118095905,-0.7408465,-1.0311646,-0.75263,-1.4907568,-0.70465267,-2.123488,-1.6245161,-0.4071976,-0.6839877
-0.5654326,-1.240683,-0.4471507,-0.91992587,-1.4804668,-1.2442932,-1.1823233,-0.55009216,-0.5924586,-1.8388916,-1.0804605,-1.1014035,-2.1027408,-1.5807767,-0.49441427,-1.4191151,-1.1655135,1.1480219,-0.99432445,0.9856141,-1.3232255,-1.1087046,-1.835892,-2.3379626,-1.6699346,-1.5536354,-1.3125755,-1.2936165,-0.66151464,-0.06425911,-0.9625919,0.47797218,-0.084579214,0.96781236,0.21307294,0.72405565,-0.43307418,0.46259132,-1.2240887,-0.13523471,-0.6155506,-0.38120863,0.11660252,-0.6722567,0.029421434,-1.4525625,-2.1653724,-1.3698276,-0.7537849,-0.68800044,0.22080152,-1.5365169,-1.4789807,-0.40684262,-1.4281291,-2.2727582,-1.8731606,-1.3363674,-1.4767854,0.8057866,-1.4694195,-0.27062425,-1.1918232,-1.2136296,-1.8254274,-2.173185,-2.1793716,-1.1904875,-1.6317022,-1.7228036,-0.031157367,-0.35306305,-1.0884476,0.30481598,-0.6294639,0.37774715,-0.5997508,-1.2832271,-0.733668,-1.3140764,-0.8416877,-2.5156713,-1.597162,-0.17235315,-1.0607884
-0.65012187,-1.264641,-0.5052809,-0.76142716,-1.3723342,-0.9729991,-1.117773,-0.5435388,-0.49217764,-1.8461962,-1.1141486,-1.3807112,-2.0062997,-1.6825912,-0.37478393,-1.4465446,-1.2529426,1.1172113,-0.9346105,0.70080835,-1.2006187,-0.96807903,-1.875791,-2.3667433,-1.8132463,-1.4905163,-1.2542483,-1.3292844,-0.71191996,-0.20703518,-1.0712925,0.61423004,-0.41368857,1.3764275,0.44445848,0.4011816,-0.48501667,0.14073186,-1.1052493,-0.25810078,-0.9378812,-0.6113703,-0.083971635,-0.8807275,-0.05035162,-1.4331874,-2.094937,-1.2116586,-0.73062855,-0.8171063,0.013088185,-1.7710868,-1.4219751,-0.4350169,-1.4282837,-2.3521657,-1.9645251,-1.4559398,-1.617337,1.0575264,-1.4609146,-0.3007731,-1.3137096,-0.88788974,-1.978715,-2.3049698,-1.960016,-1.3115699,-1.7243123,-1.8275948,-0.3090832,-0.56445396,-1.2112526,0.5918393,-0.84710515,0.6447466,-0.43089905,-1.4364569,-0.6540466,-1.0359752,-0.9323003,-2.7671287,-1.4999421,0.06190065,-1.3206925
-0.69856703,-1.2828153,-0.479845,-0.58357716,-1.2086624,-0.66235995,-0.97903943,-0.505227,-0.3516508,-1.7600031,-1.0538867,-1.6166952,-1.7686548,-1.7181202,-0.271707,-1.4147501,-1.3001679,1.0129173,-0.8343608,0.32455653,-1.0357951,-0.778555,-1.8364929,-2.2540348,-1.8214593,-1.380505,-1.105402,-1.3299292,-0.72608256,-0.33701473,-1.1296831,0.71123976,-0.7357742,1.6796907,0.6321206,0.065928444,-0.5539983,-0.21556588,-0.9101672,-0.42873758,-1.2292757,-0.751678,-0.18002672,-1.0435379,-0.14781478,-1.3027853,-1.9411342,-1.02764,-0.66277796,-0.9113843,-0.16237016,-1.9091272,-1.259415,-0.47643614,-1.3039507,-2.3650413,-1.9377583,-1.5095001,-1.6545587,1.223374,-1.3632689,-0.33122855,-1.3972412,-0.6208524,-2.0665033,-2.3039355,-1.5892657,-1.3800447,-1.6957802,-1.8391523,-0.5688339,-0.7675566,-1.2775391,0.81915474,-1.0330176,0.8769905,-0.27003548,-1.5039773,-0.5438596,-0.70526654,-0.98387617,-2.8786113,-1.3690919,0.24882329,-1.4325986
-0.73062456,-1.3094727,-0.37208438,-0.40728912,-1.0003353,-0.33800963,-0.7741089,-0.44368777,-0.18685867,-1.6054726,-0.9088813,-1.7930315,-1.4213881,-1.709017,-0.18605036,-1.3553104,-1.3138522,0.8689422,-0.71613157,-0.08611601,-0.8489752,-0.5609845,-1.7215431,-2.0173836,-1.7212334,-1.2351067,-0.88415945,-1.2994702,-0.71253335,-0.44381046,-1.143286,0.75172216,-1.0393268,1.8346691,0.7432142,-0.25968093,-0.64212316,-0.577403,-0.66429263,-0.64398986,-1.4693183,-0.788568,-0.14884362,-1.1652379,-0.2776415,-1.0938382,-1.7406774,-0.8372388,-0.5602343,-0.9694156,-0.29796156,-1.9553875,-1.0104644,-0.55667156,-1.0795952,-2.3348143,-1.8050582,-1.5216835,-1.607906,1.2677641,-1.2053217,-0.37374356,-1.4546484,-0.42966905,-2.0928967,-2.172668,-1.118698,-1.3920233,-1.5547662,-1.768604,-0.7952547,-0.95213264,-1.294506,0.95561844,-1.1859472,1.034794,-0.15032843,-1.5038413,-0.434616,-0.3781525,-1.0036787,-2.8625448,-1.2398599,0.35199103,-1.3799222
-0.7653137,-1.3486745,-0.19724803,-0.25304252,-0.7606378,-0.024700802,-0.52002466,-0.36811116,-0.013310588,-1.4096582,-0.7001267,-1.8965615,-1.0098271,-1.6726925,-0.11715352,-1.3011519,-1.3009844,0.72034806,-0.6014982,-0.46532184,-0.6556452,-0.34043515,-1.5412768,-1.6874739,-1.551877,-1.0682102,-0.61622655,-1.2420743,-0.6801379,-0.5192073,-1.1198161,0.7241579,-1.313014,1.8149849,0.75661266,-0.55492115,-0.7434915,-0.91577613,-0.39636487,-0.8889647,-1.6420606,-0.72367924,0.010691348,-1.2517194,-0.44370502,-0.8480404,-1.527074,-0.65824646,-0.43660927,-0.991246,-0.39149556,-1.9188727,-0.70231813,-0.69111186,-0.7894678,-2.2802181,-1.5883812,-1.515247,-1.5031602,1.1782353,-1.0201975,-0.43536985,-1.4945838,-0.31553078,-2.064166,-1.9264203,-0.6072856,-1.3506346,-1.3206639,-1.6341671,-0.9741976,-1.1082685,-1.2725422,0.98303884,-1.3056614,1.0870757,-0.09603191,-1.4546459,-0.35254177,-0.10758303,-0.9960498,-2.7375386,-1.1409823,0.35195166,-1.1623102
-0.81555307,-1.3939432,0.0181458,-0.13676098,-0.50323653,0.25727195,-0.24049905,-0.28563222,0.15717487,-1.1964213,-0.45649824,-1.9182854,-0.5859991,-1.6188245,-0.06315887,-1.2781413,-1.267182,0.5979456,-0.50680584,-0.7514119,-0.4644852,-0.14152479,-1.3108363,-1.3030666,-1.3567395,-0.8945298,-0.33126768,-1.1603706,-0.6354756,-0.55759686,-1.0674757,0.6248855,-1.5447954,1.6150142,0.6660577,-0.80201256,-0.84432346,-1.2008456,-0.13533884,-1.137789,-1.7374628,-0.5712725,0.27858758,-1.3084005,-0.63770026,-0.60737133,-1.3243726,-0.5046251,-0.3069669,-0.9775162,-0.4449983,-1.8106239,-0.36691618,-0.8809054,-0.47168228,-2.2109232,-1.3152841,-1.5057073,-1.3666277,0.96756965,-0.83871824,-0.515852,-1.5183787,-0.2649955,-1.9870378,-1.591045,-0.112787575,-1.2653092,-1.0209961,-1.4574528,-1.0925744,-1.226823,-1.2226862,0.8982244,-1.3913708,1.0166745,-0.1179126,-1.3719283,-0.31324992,0.06778501,-0.96103024,-2.522491,-1.0903394,0.2500046,-0.7963474
-0.8844529,-1.4301374,0.24124363,-0.06621106,-0.24081591,0.49404198,0.037215192,-0.20005114,0.3181191,-0.9829678,-0.2098706,-1.8547274,-0.20097362,-1.5475013,-0.021589601,-1.2984574,-1.2154824,0.5235698,-0.44055384,-0.8989201,-0.2776653,0.015063005,-1.0487893,-0.9053368,-1.1744705,-0.7282752,-0.05889945,-1.0547065,-0.5817247,-0.5558591,-0.9933302,0.45867723,-1.7213906,1.2507577,0.48053765,-0.98654205,-0.9249395,-1.4024062,0.09290391,-1.3573325,-1.7515857,-0.3540118,0.6173697,-1.3388321,-0.8400751,-0.40526244,-1.1429942,-0.38483146,-0.18512632,-0.9288669,-0.46339843,-1.6416817,-0.037902303,-1.1118119,-0.16182853,-2.126321,-1.0148363,-1.4973935,-1.2199789,0.6711189,-0.68441606,-0.6068095,-1.5185452,-0.2539696,-1.8674403,-1.1995046,0.3155701,-1.150082,-0.68769526,-1.2597287,-1.1395754,-1.2997514,-1.1543671,0.71250504,-1.4399161,0.82311136,-0.2114265,-1.2660921,-0.3186744,0.1318042,-0.89403445,-2.2325435,-1.0927472,0.06757094,-0.31363928
-0.96483594,-1.4373351,0.43855533,-0.039179936,0.015603387,0.6789999,0.28611237,-0.11090255,0.46830496,-0.77784693,0.009904163,-1.708246,0.10279235,-1.4504594,0.010526478,-1.3572505,-1.1458852,0.5076659,-0.40317813,-0.88671875,-0.09311404,0.116401054,-0.77502483,-0.5324418,-1.0324326,-0.5817309,0.17512453,-0.9238913,-0.5177701,-0.51328295,-0.9022116,0.23816328,-1.8290476,0.758257,0.22248125,-1.0975333,-0.96301967,-1.4919772,0.26792777,-1.5119405,-1.6869755,-0.09797825,0.9796505,-1.3442503,-1.0236052,-0.2604241,-0.9797857,-0.30125916,-0.08175271,-0.8457101,-0.45255548,-1.4225317,0.2526009,-1.357265,0.1114567,-2.0165763,-0.7140104,-1.4831414,-1.0767328,0.33931658,-0.57059187,-0.69250375,-1.4801904,-0.25356123,-1.7102765,-0.7877344,0.6428209,-1.0212224,-0.35370374,-1.0588251,-1.1071993,-1.3206346,-1.0737674,0.4492319,-1.4460018,0.52304506,-0.35755822,-1.1421347,-0.35636246,0.0946879,-0.7874742,-1.8776945,-1.1403112,-0.15762615,0.24276547
-1.0395969,-1.3956654,0.5818116,-0.04386591,0.25658298,0.8119644,0.48317996,-0.014463864,0.6100882,-0.5814915,0.17994888,-1.4875308,0.29689285,-1.3140438,0.036409233,-1.433234,-1.0556802,0.54792434,-0.38759583,-0.72142226,0.09252222,0.15928565,-0.50925225,-0.21483354,-0.9423083,-0.46461463,0.3516798,-0.76604,-0.4392069,-0.4313694,-0.7963127,-0.017608203,-1.8551946,0.18848498,-0.076022476,-1.1273063,-0.93810046,-1.4468782,0.3768459,-1.5700605,-1.5523268,0.17137477,1.3164836,-1.3238662,-1.1579756,-0.17380601,-0.82095927,-0.25063708,-0.003070914,-0.72877795,-0.41772667,-1.1634129,0.47691196,-1.583731,0.32937413,-1.8663263,-0.43465987,-1.4466299,-0.94106793,0.027730418,-0.49929184,-0.75315917,-1.3851774,-0.23651196,-1.5200493,-0.39082947,0.85106456,-0.8945976,-0.04941332,-0.8675457,-0.9922138,-1.285247,-0.9833435,0.13954885,-1.4028451,0.14780815,-0.5267284,-1.0006343,-0.402258,-0.009214882,-0.6334773,-1.46407,-1.2145189,-0.3785705,0.8230637
-1.0860085,-1.2900131,0.6523256,-0.06130814,0.47377557,0.8976007,0.61277443,0.09484883,0.7466886,-0.38859883,0.28722072,-1.2068576,0.37040916,-1.123716,0.05919596,-1.4935898,-0.9409153,0.6305408,-0.38225645,-0.43494686,0.28111762,0.14995559,-0.26937792,0.02766655,-0.90010095,-0.38288537,0.46022648,-0.5804085,-0.34029195,-0.31347546,-0.675674,-0.2858453,-1.790742,-0.39910972,-0.37834832,-1.0717932,-0.8356595,-1.2550899,0.41593778,-1.5099211,-1.362195,0.4321852,1.5858277,-1.2757859,-1.2158128,-0.13021205,-0.6477573,-0.22470774,0.049840104,-0.57980955,-0.36247155,-0.87487274,0.61452836,-1.7574469,0.48357993,-1.6602093,-0.19169702,-1.3674386,-0.8090339,-0.2140617,-0.46277857,-0.7690512,-1.2168661,-0.1827778,-1.3021177,-0.03910234,0.93950456,-0.7829908,0.20025678,-0.6926789,-0.79695034,-1.1926543,-0.88236105,-0.18247469,-1.3041749,-0.26108894,-0.68440825,-0.8401969,-0.4256067,-0.12903687,-0.42713356,-0.9971604,-1.2899501,-0.547616,1.3762423
-1.0806258,-1.1137972,0.643571,-0.06942182,0.6592158,0.94306266,0.6684737,0.22238676,0.8796374,-0.19137761,0.32969704,-0.88565373,0.33008394,-0.8689587,0.08148733,-1.5014576,-0.79835737,0.7323154,-0.37343013,-0.07808879,0.47040346,0.10268697,-0.07048412,0.1869813,-0.8890331,-0.33878914,0.49919072,-0.3689811,-0.2159513,-0.16497253,-0.5392805,-0.54280984,-1.632975,-0.9445637,-0.64837515,-0.93127435,-0.6509934,-0.92021805,0.39097288,-1.3250225,-1.135747,0.6667751,1.7587825,-1.1982208,-1.1779747,-0.102763996,-0.44291827,-0.21218187,0.08021725,-0.40237474,-0.28826866,-0.5682602,0.6540733,-1.8512335,0.5750012,-1.3881127,0.0076967436,-1.2271776,-0.67165637,-0.35156393,-0.4466002,-0.7251565,-0.96643764,-0.08351084,-1.063607,0.24430881,0.9219076,-0.6940898,0.3776134,-0.5357284,-0.530682,-1.0455785,-0.7683924,-0.48460448,-1.1467392,-0.6580737,-0.7974295,-0.6599386,-0.3954185,-0.20886114,-0.16925462,-0.48627028,-1.3388561,-0.62491304,1.8550186
-1.0038313,-0.87102807,0.56105536,-0.047814276,0.8047747,0.9559703,0.6536124,0.37101945,1.0065788,0.016556842,0.3160265,-0.54645,0.19810256,-0.5476508,0.1050171,-1.4251506,-0.62738574,0.8242747,-0.3483677,0.2896863,0.65347517,0.03625238,0.07613246,0.2659424,-0.8849924,-0.33081332,0.47496325,-0.13780983,-0.06428914,0.0070301914,-0.38623866,-0.76640934,-1.3873824,-1.3946463,-0.85531586,-0.71188694,-0.3912809,-0.46421131,0.31683308,-1.0262188,-0.895224,0.8613718,1.8234875,-1.0905662,-1.0381297,-0.060594667,-0.19692975,-0.20077296,0.09490784,-0.20214847,-0.19478944,-0.2561581,0.59469503,-1.8494726,0.6115182,-1.049926,0.16362453,-1.0155795,-0.51891065,-0.37113836,-0.43349123,-0.61503655,-0.6370535,0.057817817,-0.8139803,0.44518498,0.8218247,-0.6295035,0.47378343,-0.39420226,-0.20951739,-0.8511298,-0.6392071,-0.7402712,-0.9325357,-0.99974173,-0.840149,-0.4621372,-0.28725976,-0.2005592,0.13123219,0.051955905,-1.3360142,-0.5859692,2.2203262
-0.8455771,-0.5764096,0.4204732,0.017615786,0.90218675,0.94244057,0.5802935,0.5394285,1.1205237,0.23720652,0.26211157,-0.21363936,0.007569136,-0.16885127,0.12990913,-1.246239,-0.4316584,0.8756082,-0.29758906,0.61071086,0.81958115,-0.03046324,0.16356161,0.2760156,-0.86364716,-0.35441992,0.3997055,0.10303492,0.11157205,0.19356725,-0.21732016,-0.93870646,-1.0688971,-1.7091576,-0.9772878,-0.42678148,-0.07574776,0.0728482,0.2155716,-0.642286,-0.6633477,1.0043643,1.7844529,-0.9541895,-0.80476934,0.02355404,0.08812406,-0.179471,0.10221164,0.012860249,-0.080610074,0.047925558,0.44606692,-1.7498673,0.6051831,-0.6578063,0.2820994,-0.7350193,-0.3437863,-0.2811014,-0.40765697,-0.4435969,-0.24643494,0.2260646,-0.56492364,0.5584202,0.6669409,-0.5844049,0.48855427,-0.26320252,0.14450024,-0.62056214,-0.49435368,-0.9309374,-0.6708552,-1.2507212,-0.79878986,-0.2534904,-0.0888194,-0.074974336,0.45675617,0.5916269,-1.2625564,-0.42578354,2.4443398
-0.60789686,-0.25366855,0.24372675,0.13129401,0.94370484,0.9061799,0.46683657,0.72121555,1.2105567,0.46608052,0.18783036,0.088881925,-0.20293115,0.24600759,0.1545122,-0.9652612,-0.21996059,0.85854954,-0.21662652,0.8383628,0.95520806,-0.08183483,0.18958004,0.23381948,-0.8069462,-0.40264156,0.28858346,0.34001026,0.3030455,0.38385636,-0.036423054,-1.0474824,-0.7015412,-1.8648489,-1.0033706,-0.09689377,0.2662311,0.6371866,0.11328562,-0.21664058,-0.46067816,1.0847691,1.6599432,-0.79295725,-0.5014679,0.16630292,0.39733317,-0.14077643,0.11009642,0.23290323,0.055090856,0.33023608,0.22710963,-1.563519,0.56933564,-0.23639913,0.37267357,-0.4020098,-0.14539272,-0.10830105,-0.35797077,-0.22678068,0.17438476,0.3974422,-0.3294913,0.5875692,0.48380333,-0.54922885,0.42931142,-0.1375304,0.5053534,-0.36890823,-0.33676803,-1.0470818,-0.3783287,-1.3876212,-0.6734679,-0.045727544,0.19622341,0.17103162,0.7819961,1.0984137,-1.1091677,-0.16030379,2.512794
-0.30634078,0.067992836,0.05431006,0.28645176,0.9234641,0.84835464,0.33460736,0.9047864,1.2638776,0.69165397,0.11201469,0.33957613,-0.39568314,0.66449004,0.17519364,-0.6033422,-0.0057807015,0.75268084,-0.10842223,0.944001,1.047533,-0.108588524,0.15653123,0.15722585,-0.70803785,-0.46745658,0.15681085,0.55739063,0.49658203,0.56561446,0.14910308,-1.086854,-0.31647852,-1.8569672,-0.9343625,0.24961632,0.5990921,1.1686544,0.036126304,0.19770898,-0.30325976,1.091673,1.476297,-0.6131558,-0.16364276,0.3694565,0.70477873,-0.08225588,0.12416452,0.4472712,0.21143717,0.577944,-0.03601631,-1.3117114,0.5163371,0.18003468,0.44551775,-0.045974623,0.06946516,0.10875565,-0.28002036,0.010373249,0.5842222,0.5435351,-0.12039544,0.5427792,0.29342216,-0.5115051,0.3096568,-0.013104271,0.845647,-0.113800876,-0.17288686,-1.0876406,-0.078044236,-1.4012907,-0.47772837,0.14575018,0.54725575,0.51315194,1.0765178,1.5329014,-0.87778187,0.17636959,2.4257896
0.031339824,0.35811275,-0.12724344,0.4658204,0.8390094,0.7683686,0.20435421,1.074475,1.2683145,0.8968831,0.048823338,0.5211882,-0.5388877,1.0462946,0.18671083,-0.19955127,0.19422504,0.5491841,0.016889894,0.9196625,1.085903,-0.10909437,0.07138545,0.062203318,-0.5732028,-0.54075164,0.017025994,0.7394504,0.6752869,0.72549206,0.32813233,-1.0575618,0.051054444,-1.6981076,-0.7817715,0.5795391,0.88611674,1.6103947,0.005931184,0.5449776,-0.20060396,1.0148942,1.2614121,-0.42299122,0.16602628,0.61838853,0.97818244,-0.007100653,0.14669839,0.64502615,0.38410264,0.7800702,-0.31337842,-1.0219299,0.4561793,0.5524821,0.5086036,0.29511878,0.2867664,0.3287004,-0.17629965,0.23822702,0.93823326,0.6360981,0.051760916,0.4391742,0.1089572,-0.45925507,0.14680538,0.11179447,1.1397873,0.12623325,-0.012393425,-1.0582522,0.20314728,-1.2966132,-0.23565154,0.30418167,0.9285707,0.9043993,1.3088726,1.8561954,-0.58189857,0.5374961,2.1976929
0.3687812,0.58962256,-0.28660813,0.64462495,0.69293225,0.66510737,0.092873305,1.2125217,1.2155433,1.0620728,0.005021829,0.6221734,-0.611186,1.3485123,0.18287177,0.19583292,0.36248592,0.25372797,0.14176615,0.7772917,1.0644001,-0.088523254,-0.055522017,-0.039364487,-0.4205361,-0.6152385,-0.12218655,0.8724979,0.8217635,0.8502187,0.48677766,-0.9658593,0.36582133,-1.4151226,-0.56571645,0.8584375,1.0947119,1.9184579,0.035802785,0.7738606,-0.155641,0.84756416,1.0390098,-0.23198497,0.44392848,0.885176,1.1852125,0.076431744,0.17624557,0.81614524,0.5649825,0.92871964,-0.5749834,-0.723497,0.395764,0.8432011,0.5656076,0.5812725,0.4872837,0.51559323,-0.054482155,0.4283692,1.1949016,0.6515479,0.18019411,0.29433396,-0.063978694,-0.38367355,-0.040487044,0.23604874,1.3672149,0.33348003,0.13310933,-0.9691558,0.43830198,-1.0904075,0.022922626,0.41453975,1.294084,1.284777,1.451264,2.0365674,-0.2451221,0.8713343,1.8554722
0.66627026,0.74290854,-0.4173534,0.7947496,0.49387994,0.5384153,0.010662316,1.3015151,1.1033653,1.1681231,-0.020715045,0.63787675,-0.6040954,1.5317254,0.15760823,0.53032243,0.4832928,-0.11221977,0.24288759,0.5444381,0.9825307,-0.057216935,-0.21073128,-0.14060734,-0.2754676,-0.68514156,-0.25682068,0.94681,0.920567,0.92751133,0.6100151,-0.8226898,0.5973665,-1.0445688,-0.31202817,1.0552409,1.2009897,2.0696938,0.12773614,0.8453589,-0.16510436,0.5889504,0.82423615,-0.049947787,0.63230014,1.1332532,1.3000036,0.15681273,0.20832416,0.9520245,0.74224794,1.0194513,-0.7944274,-0.44305575,0.3382845,1.0221306,0.6148461,0.77758414,0.6501683,0.64512664,0.07520072,0.55938894,1.323527,0.57501334,0.26279497,0.12667865,-0.22542346,-0.28158706,-0.23383659,0.35574874,1.5143646,0.49323192,0.251962,-0.832692,0.60447115,-0.8080727,0.267749,0.46665895,1.5938907,1.593604,1.4840517,2.05535,0.10132503,1.1294506,1.4360768
0.88648635,0.8089477,-0.5199886,0.8899877,0.25674665,0.39039192,-0.039273553,1.3274182,0.93692404,1.200858,-0.036896493,0.57158774,-0.5225749,1.5665032,0.10588399,0.7588661,0.5454435,-0.5129672,0.29486486,0.25764164,0.8455229,-0.027540568,-0.3792202,-0.23846152,-0.1644373,-0.7463812,-0.386161,0.95826936,0.9613262,0.9478515,0.6835515,-0.642,0.7234385,-0.62747794,-0.0490576,1.1468043,1.1929446,2.0655131,0.27170217,0.73807985,-0.22164431,0.24808373,0.6218801,0.114177644,0.7049227,1.3248198,1.3088213,0.22179568,0.23695835,1.0463026,0.9013324,1.051895,-0.9515729,-0.20120105,0.28384376,1.0721955,0.6498594,0.8607599,0.7569693,0.70732623,0.20315704,0.6209641,1.3095496,0.40305722,0.30275574,-0.045630164,-0.37731123,-0.15639256,-0.416719,0.46505126,1.5761495,0.5953724,0.33448133,-0.6615738,0.6865105,-0.47952643,0.47309753,0.45761544,1.7819539,1.7820383,1.3998911,1.911041,0.42254946,1.2743579,0.98260534
1.0006016,0.7902593,-0.59967095,0.91077083,0.0013093752,0.22603956,-0.061009858,1.2818164,0.7285485,1.1536764,-0.056007344,0.43472695,-0.3837204,1.4391466,0.024809465,0.8518786,0.5442678,-0.9034794,0.27405217,-0.04495243,0.66314167,-0.010960022,-0.54506516,-0.33195218,-0.107692376,-0.7959322,-0.5109229,0.90900904,0.9400266,0.9057493,0.6963828,-0.43950567,0.73353136,-0.20460463,0.19547437,1.1215551,1.0715255,1.9314703,0.4472652,0.45265448,-0.31613377,-0.15453367,0.42759827,0.25323713,0.6508841,1.4280586,1.2133224,0.26124817,0.25650433,1.0950433,1.0271213,1.0291967,-1.0347389,-0.009799747,0.22971205,0.9925669,0.66112965,0.8237503,0.79540116,0.7058287,0.3224167,0.61549646,1.157795,0.14554843,0.30788624,-0.2058528,-0.51998335,-0.017699758,-0.57516044,0.5574256,1.5559608,0.6357166,0.37462586,-0.4675033,0.679821,-0.13539381,0.6216894,0.39257693,1.8234627,1.8222357,1.2052747,1.6201111,0.684763,1.2843992,0.53977007
0.9925872,0.7003905,-0.6628947,0.8477272,-0.24965419,0.053237617,-0.064097404,1.1639726,0.495947,1.0295542,-0.09088116,0.24659768,-0.21328434,1.1552237,-0.08565664,0.8005762,0.4823783,-1.2359922,0.16366853,-0.32969394,0.44791406,-0.01523162,-0.6928835,-0.4196867,-0.11370945,-0.8314108,-0.63086796,0.80761117,0.8600136,0.80108637,0.64282423,-0.23145735,0.62976986,0.18800971,0.39729095,0.98131686,0.8498931,1.7114102,0.62687224,0.012999697,-0.43954173,-0.5865794,0.23147884,0.36268038,0.47621757,1.4224551,1.0306615,0.26958546,0.26335162,1.0971028,1.1058147,0.9580794,-1.0408227,0.12885137,0.17094491,0.7997673,0.6391046,0.6768231,0.7617647,0.65443254,0.42997417,0.5566806,0.8913923,-0.17471257,0.2894165,-0.33860686,-0.6494198,0.12041199,-0.6978967,0.62702864,1.4640783,0.616418,0.3712099,-0.26087952,0.5911386,0.19618754,0.70623106,0.28415674,1.7003986,1.7119995,0.92093825,1.2152711,0.8601378,1.1565026,0.14930883
0.8616059,0.5612687,-0.7142123,0.7036769,-0.4736119,-0.11811286,-0.06096869,0.98141,0.25937977,0.8411525,-0.15107337,0.033082448,-0.040847234,0.7407626,-0.22188166,0.618,0.36944234,-1.4687774,-0.04227922,-0.57211596,0.21345212,-0.043109417,-0.8084342,-0.49785864,-0.1757248,-0.8499294,-0.7427531,0.6677179,0.73087776,0.63974744,0.5238098,-0.033282794,0.4266735,0.5218884,0.5376595,0.7406079,0.5509865,1.4585841,0.7809752,-0.5358273,-0.58418214,-1.0063169,0.023665745,0.44092926,0.20218857,1.3033552,0.79087204,0.24760535,0.2572928,1.0541743,1.1275554,0.84798014,-0.97469145,0.22171928,0.10187678,0.5256814,0.5775307,0.44599217,0.66195136,0.57207024,0.52602136,0.4655698,0.5489459,-0.52393353,0.26034373,-0.43077204,-0.75648075,0.24216487,-0.7761079,0.67003644,1.315392,0.5455616,0.3280164,-0.0509844,0.43751225,0.4916441,0.7293273,0.15006794,1.4151671,1.4733255,0.579061,0.74055946,0.93138504,0.90535605,-0.15399678
0.622251,0.39929405,-0.7547379,0.49306846,-0.6511959,-0.27717775,-0.06380923,0.7496392,0.03804708,0.608978,-0.2394436,-0.17546731,0.10588091,0.23999771,-0.3761049,0.33648342,0.22048314,-1.5736488,-0.33561856,-0.7587328,-0.027815849,-0.09127731,-0.8796394,-0.5589943,-0.27234927,-0.8476833,-0.8392337,0.50654286,0.56667,0.43354166,0.3475011,0.14140044,0.14867763,0.77794117,0.6046517,0.42404616,0.20409812,1.224989,0.8829916,-1.1323619,-0.74328184,-1.3672324,-0.2007412,0.48922002,-0.13831799,1.0818713,0.53104234,0.20276752,0.24181372,0.97069705,1.0878527,0.7104332,-0.8472351,0.2837333,0.01751168,0.2132455,0.47609857,0.1681905,0.5103017,0.47831628,0.61202896,0.3646478,0.1776295,-0.8610056,0.23303813,-0.47168407,-0.82830983,0.33307725,-0.8034181,0.6856756,1.1263812,0.43582362,0.25337356,0.15332556,0.24347013,0.7329249,0.7011661,0.009723478,0.9905509,1.1459262,0.21888262,0.2451001,0.8947549,0.56037414,-0.34569883
0.3023934,0.24086687,-0.7818293,0.23998255,-0.76865774,-0.41351166,-0.08146998,0.4901815,-0.15301286,0.35835284,-0.35076082,-0.34683812,0.20645472,-0.28953508,-0.5360661,0.0015088943,0.053463325,-1.541526,-0.69368434,-0.88633347,-0.2654342,-0.15113589,-0.8975458,-0.59241694,-0.37077448,-0.8198596,-0.90915,0.34229222,0.38305846,0.1991756,0.12847552,0.28185466,-0.17329,0.94717765,0.59410936,0.062176134,-0.15875673,1.0508641,0.91377985,-1.706368,-0.90982735,-1.624347,-0.43745434,0.5109193,-0.5060487,0.7830768,0.2886878,0.14835578,0.22363724,0.85353607,0.9884044,0.55783623,-0.67287236,0.33502886,-0.08467413,-0.08957526,0.3418179,-0.11508981,0.32700232,0.3902047,0.6888923,0.27282155,-0.17380236,-1.1432205,0.21764667,-0.45423344,-0.85133004,0.38273492,-0.77568287,0.6761804,0.9126777,0.30276477,0.15843257,0.34295455,0.036792282,0.90768397,0.6363633,-0.11936759,0.4667853,0.7775306,-0.11877446,-0.22313876,0.7615758,0.16089444,-0.4131953
-0.061244234,0.107940234,-0.7909022,-0.02572946,-0.8193688,-0.5179652,-0.11728548,0.22785433,-0.305476,0.115627356,-0.47163346,-0.45067853,0.25191304,-0.78468776,-0.6849642,-0.33594453,-0.11381777,-1.3841664,-1.0814981,-0.9588353,-0.49230105,-0.21003897,-0.85686576,-0.585686,-0.43336082,-0.76114106,-0.9391482,0.19158442,0.19420561,-0.04364248,-0.114060596,0.3810448,-0.50611776,1.0299542,0.5092666,-0.313616,-0.5067591,0.9574261,0.86514413,-2.1882403,-1.0744994,-1.7413281,-0.6719958,0.51031435,-0.8611542,0.4417332,0.09464385,0.101044685,0.21147807,0.71143264,0.8366581,0.40277207,-0.46742117,0.39788505,-0.202981,-0.33658418,0.18894818,-0.3644255,0.13440892,0.32083854,0.7548848,0.20123081,-0.4627519,-1.332328,0.22021191,-0.3757056,-0.8149983,0.38644472,-0.69120204,0.6467065,0.6865748,0.16263652,0.055502217,0.5081419,-0.15604201,1.0090982,0.5502877,-0.22465993,-0.10405501,0.41358557,-0.39767328,-0.62335527,0.5567153,-0.24933518,-0.3567382
-0.4284704,0.014755346,-0.77769077,-0.27239385,-0.8037654,-0.5832033,-0.16771536,-0.012563786,-0.41863564,-0.09593229,-0.58253217,-0.46216118,0.24691045,-1.1855383,-0.80195254,-0.62770003,-0.26627153,-1.1314882,-1.455691,-0.98407286,-0.7034845,-0.25348562,-0.7566377,-0.5270106,-0.42505988,-0.66671467,-0.91582686,0.06746629,0.010203741,-0.2746909,-0.35883,0.4365024,-0.81905496,1.034707,0.36045575,-0.6753107,-0.8132157,0.94336855,0.74123627,-2.518786,-1.2238475,-1.6969415,-0.88164645,0.4913768,-1.1684034,0.09583075,-0.03217143,0.0780274,0.21405101,0.5540433,0.6448806,0.25665155,-0.24542198,0.49312633,-0.33040422,-0.48987335,0.0371093,-0.5482474,-0.04672114,0.27909583,0.80565804,0.15176626,-0.65868515,-1.4007974,0.24181697,-0.23875047,-0.7154464,0.34563693,-0.55093193,0.60430026,0.4561269,0.030430865,-0.044012185,0.6387545,-0.31412804,1.0353645,0.456195,-0.30010188,-0.66555583,0.08915327,-0.5910723,-0.9258438,0.31534308,-0.6275119,-0.1888288
-0.76076823,-0.03408639,-0.74063516,-0.4708101,-0.72803986,-0.60365343,-0.22263247,-0.20997807,-0.49877402,-0.25912,-0.660789,-0.36502415,0.20880376,-1.444096,-0.86379045,-0.8356041,-0.39338163,-0.82542944,-1.7712597,-0.96988076,-0.8963213,-0.2669749,-0.6006473,-0.40845296,-0.3206176,-0.5337843,-0.82897997,-0.022373013,-0.16448653,-0.47592026,-0.58532697,0.45040795,-1.087017,0.9759712,0.16388933,-1.0015863,-1.057787,0.98642945,0.5582323,-2.6576176,-1.3401458,-1.4901062,-1.0401791,0.45673686,-1.4012052,-0.2189196,-0.08769654,0.093265876,0.23849382,0.39125362,0.42791247,0.12872669,-0.019224923,0.63629454,-0.45437664,-0.52485245,-0.09170808,-0.6466714,-0.20060861,0.2698702,0.8343699,0.118500315,-0.74687594,-1.3364117,0.27881348,-0.051511675,-0.55707353,0.267463,-0.35896388,0.5567382,0.225467,-0.08178549,-0.13150017,0.7251115,-0.4250159,0.989541,0.36320207,-0.3463054,-1.1650765,-0.17556775,-0.6850125,-1.1141334,0.07736543,-0.9364245,0.06699238
-1.0267979,-0.043674793,-0.6821547,-0.59737474,-0.60206705,-0.5752203,-0.26664025,-0.34980837,-0.5572778,-0.36462927,-0.68443346,-0.15479854,0.16451997,-1.5314603,-0.8477324,-0.936215,-0.49015123,-0.5117075,-1.988322,-0.9219743,-1.0687401,-0.23864745,-0.39748716,-0.22806336,-0.110327594,-0.3624874,-0.67374295,-0.07570115,-0.33098036,-0.6338626,-0.77649724,0.42963192,-1.2930645,0.8722431,-0.059767947,-1.2792222,-1.2277242,1.0493486,0.3421215,-2.5898426,-1.4021621,-1.1419871,-1.1240394,0.4069469,-1.5440295,-0.47478485,-0.08219212,0.15457882,0.28841692,0.23194213,0.20097756,0.025535626,0.2018617,0.8351222,-0.5582621,-0.43372995,-0.17640662,-0.65303123,-0.31823355,0.2942045,0.8340501,0.090242155,-0.72890496,-1.1445818,0.32333472,0.17263198,-0.352812,0.16291822,-0.122576915,0.5115822,-0.0046100183,-0.16572429,-0.20196484,0.7593937,-0.48559308,0.8794779,0.27599767,-0.3687442,-1.5605893,-0.37475756,-0.6792503,-1.1853921,-0.11920592,-1.1484697,0.37821206
-1.2055066,-0.027222842,-0.60871196,-0.6368584,-0.43703124,-0.4950269,-0.28199562,-0.42616048,-0.6074968,-0.41159445,-0.63637733,0.15995023,0.14485762,-1.4419307,-0.7352023,-0.9227427,-0.55661297,-0.23126301,-2.0788736,-0.84298646,-1.2188668,-0.16074699,-0.16013655,0.00840209,0.19720179,-0.15713288,-0.4525004,-0.09559378,-0.4949093,-0.74148774,-0.92056525,0.3848709,-1.4295244,0.7436424,-0.28728935,-1.5030985,-1.318407,1.0887514,0.12482447,-2.3279555,-1.3889518,-0.6948785,-1.1184154,0.34084958,-1.5930403,-0.65580904,-0.037034553,0.26124817,0.36340532,0.0833399,-0.022233486,-0.04989933,0.4113282,1.087236,-0.6236734,-0.2258446,-0.20011534,-0.5728438,-0.39772344,0.3487294,0.7991355,0.05513663,-0.6208297,-0.8476997,0.36517668,0.41642374,-0.12173777,0.04478575,0.1476555,0.47540578,-0.23458105,-0.21744458,-0.25453103,0.7373988,-0.50157356,0.71772647,0.19582637,-0.37554383,-1.8261985,-0.5135228,-0.58608115,-1.1492715,-0.24449055,-1.248251,0.7060664
-1.2880428,-0.0028019734,-0.52937984,-0.58357716,-0.24359834,-0.36169958,-0.25182003,-0.44229177,-0.6616422,-0.4062378,-0.5079022,0.55700165,0.1781792,-1.1934484,-0.5160864,-0.80445623,-0.5968819,-0.013332004,-2.031255,-0.7335594,-1.3442354,-0.031193908,0.09469989,0.28729576,0.5757502,0.07375345,-0.17541067,-0.08864872,-0.6636892,-0.79867715,-1.0121305,0.32933098,-1.4971052,0.60949683,-0.49519613,-1.6743721,-1.3327231,1.0649738,-0.06076768,-1.9107031,-1.2840383,-0.20760232,-1.0220819,0.25610405,-1.5556118,-0.7591429,0.020360988,0.40362027,0.45856217,-0.04956459,-0.23153493,-0.09770153,0.60473335,1.3796972,-0.6340259,0.0736606,-0.15256046,-0.4212425,-0.4432343,0.42526215,0.72783554,0.003679182,-0.4489409,-0.48153153,0.39350837,0.66066796,0.11434248,-0.07464292,0.43829083,0.4534078,-0.46465808,-0.2370276,-0.2918807,0.65992486,-0.484664,0.5210597,0.12190669,-0.3744899,-1.9541211,-0.60224813,-0.42717415,-1.0254211,-0.28175226,-1.2343116,1.00912
-1.2784734,0.010411002,-0.45367682,-0.44195664,-0.03087943,-0.17591222,-0.16368097,-0.40983534,-0.7276062,-0.35992193,-0.30117026,1.0020319,0.28397313,-0.8243707,-0.19236624,-0.6031266,-0.61745733,0.12791374,-1.8520042,-0.5935647,-1.4414922,0.14618982,0.3482144,0.58856404,0.98499876,0.31756613,0.14026177,-0.06354729,-0.8435092,-0.8119081,-1.0518426,0.27675322,-1.5034796,0.48616374,-0.66210955,-1.7982686,-1.2800794,0.9505802,-0.18645486,-1.3972781,-1.0806001,0.2521981,-0.8489599,0.15068503,-1.448205,-0.7939991,0.062365543,0.5639833,0.56558764,-0.1641169,-0.42106718,-0.12076994,0.7787311,1.6900736,-0.57778245,0.42820403,-0.031336743,-0.21918403,-0.4626215,0.51045895,0.6225801,-0.06847366,-0.24402218,-0.08953424,0.3990949,0.8864274,0.33510122,-0.18513231,0.7341332,0.44919723,-0.69325143,-0.22804867,-0.3190954,0.5336208,-0.44940472,0.30919448,0.053457186,-0.3711241,-1.9538852,-0.6515178,-0.22996067,-0.84013677,-0.22960955,-1.1194488,1.2479032
-1.1913917,-0.003624571,-0.38937065,-0.2260114,0.19346018,0.058525093,-0.01255601,-0.3463572,-0.8069593,-0.28606543,-0.029433498,1.4519036,0.46837294,-0.3868422,0.21981764,-0.3489857,-0.6255895,0.19383892,-1.5644401,-0.42415828,-1.507185,0.3615683,0.5812386,0.8884398,1.3770306,0.55894935,0.4718633,-0.02916925,-1.0362093,-0.7926738,-1.0456705,0.23931523,-1.4605112,0.38508922,-0.77110314,-1.8815207,-1.1748741,0.73585045,-0.23422787,-0.85873723,-0.7849302,0.617786,-0.62694734,0.024197979,-1.2936865,-0.7788979,0.066908024,0.71936,0.67410713,-0.25976786,-0.58924216,-0.12416235,0.93058366,1.9886596,-0.45138934,0.79512554,0.15785196,0.010574164,-0.4648137,0.58651036,0.4905312,-0.16009551,-0.036191493,0.28381434,0.3757797,1.0776733,0.52514106,-0.27975452,1.0190834,0.46496534,-0.91617495,-0.19672397,-0.3421037,0.37082708,-0.4094535,0.10289748,-0.009174839,-0.36741826,-1.8487453,-0.6684926,-0.023251712,-0.62277734,-0.10168028,-0.92902166,1.3900037
-1.0496448,-0.054574214,-0.3408227,0.042434085,0.4223826,0.33344787,0.19723228,-0.27233168,-0.8938118,-0.19770817,0.28359386,1.8593825,0.7222,0.061645515,0.6904544,-0.07522916,-0.62777764,0.19788052,-1.204304,-0.22919317,-1.537664,0.60049677,0.77652705,1.1631092,1.7037971,0.7811723,0.7942126,0.006994667,-1.237329,-0.7551532,-1.0031567,0.22528626,-1.3813031,0.3111844,-0.8120965,-1.9299852,-1.0343117,0.43013886,-0.19998875,-0.36689436,-0.4177808,0.833373,-0.39307413,-0.12075318,-1.1180518,-0.73682356,0.021216042,0.84557605,0.7734968,-0.33734125,-0.73814076,-0.11373839,1.0574925,2.2426875,-0.260409,1.1323175,0.4020174,0.24676879,-0.45725518,0.63320017,0.3423679,-0.26520768,0.1502571,0.5995833,0.32156754,1.2232245,0.67664963,-0.3548444,1.2780516,0.5012276,-1.1262223,-0.15069169,-0.36607185,0.18835239,-0.37447295,-0.078867525,-0.06384762,-0.36191058,-1.6699744,-0.6563392,0.1664141,-0.4020081,0.07708912,-0.69807553,1.4146533
-0.87990737,-0.14344047,-0.30796924,0.33604497,0.64830434,0.63563746,0.4519752,-0.20741878,-0.9758349,-0.10507643,0.6075716,2.179283,1.0225294,0.46744537,1.1787592,0.18672566,-0.62859416,0.16003653,-0.81300324,-0.015476479,-1.529773,0.8454392,0.92098045,1.3922867,1.9255064,0.96846664,1.0823668,0.03993409,-1.4354377,-0.7134854,-0.9356299,0.23762846,-1.2778367,0.26223138,-0.7830735,-1.9470284,-0.8760913,0.059835862,-0.095168546,0.016786017,-0.012249523,0.86283624,-0.18670881,-0.27790853,-0.9469605,-0.68971545,-0.07588609,0.9218882,0.8547931,-0.39830157,-0.8719798,-0.09523431,1.1571457,2.4205375,-0.019211344,1.4044142,0.6823988,0.47200614,-0.44417053,0.6306865,0.19081543,-0.37466335,0.2998486,0.8294934,0.23913771,1.3176519,0.7894751,-0.40950802,1.4981269,0.55712485,-1.3140142,-0.0982401,-0.3939641,0.0052393987,-0.34869048,-0.22176927,-0.10682754,-0.3504192,-1.4503552,-0.61528593,0.31765166,-0.20250666,0.27587092,-0.46594808,1.3166095
-0.70885414,-0.26192024,-0.28689465,0.62518686,0.86222357,0.9467172,0.7298953,-0.1670518,-1.0359093,-0.014284334,0.90923005,2.3747983,1.3366486,0.7887975,1.6381265,0.41128147,-0.6299332,0.10072486,-0.43063784,0.20665273,-1.4811445,1.0780165,1.0075684,1.5627887,2.017036,1.1079519,1.3149123,0.06721825,-1.6131946,-0.67951936,-0.8542972,0.27325627,-1.1588473,0.2294772,-0.6906705,-1.9332465,-0.7158493,-0.33680534,0.05424338,0.25103298,0.3906397,0.69557583,-0.041540343,-0.43727326,-0.8022741,-0.6540045,-0.21365677,0.9354911,0.9119784,-0.44397604,-0.9951949,-0.07333782,1.2280833,2.4966388,0.25067458,1.5877644,0.9763869,0.67391133,-0.4258566,0.56353986,0.048535157,-0.47819144,0.4065927,0.9592857,0.1358439,1.3618602,0.8701027,-0.444103,1.670064,0.63007915,-1.4688473,-0.04700736,-0.4257805,-0.16000113,-0.33057308,-0.31823137,-0.13374425,-0.3277764,-1.2181889,-0.54516155,0.41650188,-0.042188887,0.46427152,-0.27044126,1.1076679
-0.5588536,-0.39361298,-0.27081808,0.8814835,1.053556,1.2443451,1.0039045,-0.16030459,-1.0555414,0.07288257,1.1578803,2.4232116,1.6281039,1.0014414,2.0229828,0.5818404,-0.6305864,0.034852166,-0.08978886,0.42435092,-1.3906938,1.281086,1.0365913,1.6700662,1.972457,1.1920648,1.4766831,0.08929362,-1.7499136,-0.6607195,-0.76857924,0.323489,-1.029234,0.19945586,-0.5492519,-1.8867459,-0.56497264,-0.7166194,0.21222857,0.32139543,0.7489983,0.34857246,0.020937225,-0.5858278,-0.69937354,-0.6365289,-0.37114713,0.8845898,0.9428951,-0.47486812,-1.1104696,-0.05063949,1.2706702,2.4549131,0.5240628,1.6738583,1.2595859,0.84501356,-0.39911637,0.4240588,-0.07347417,-0.5659297,0.47356775,0.9892666,0.022802167,1.3621832,0.92892367,-0.4589422,1.7890278,0.7161377,-1.5800706,-0.0031690353,-0.45821795,-0.29210314,-0.31394222,-0.3686418,-0.14043002,-0.28918847,-0.99300367,-0.44784895,0.45720252,0.069178216,0.6177788,-0.14136344,0.8154017
-0.44449916,-0.5163857,-0.25184458,1.0809845,1.2111447,1.5042348,1.2458032,-0.188418,-1.0183581,0.15853447,1.3300174,2.3194335,1.8632256,1.1010906,2.2951026,0.6919897,-0.6264713,-0.03128297,0.18883993,0.6227196,-1.258815,1.4403716,1.0156202,1.7187147,1.805692,1.2197509,1.5603347,0.108640574,-1.8247968,-0.65921867,-0.68493205,0.37561423,-0.8898229,0.15683979,-0.37893635,-1.8045458,-0.4293198,-1.0382698,0.33904806,0.24245065,1.0269424,-0.13567024,-0.0039535714,-0.7087115,-0.64507425,-0.6336796,-0.52072823,0.7798751,0.9489954,-0.4901997,-1.2168727,-0.027509393,1.2875832,2.2918394,0.7751494,1.6697692,1.5081494,0.9818264,-0.3585151,0.21513136,-0.16741112,-0.62949777,0.50959283,0.9332524,-0.08602117,1.32851,0.9768982,-0.4528635,1.8550186,0.80980104,-1.6382523,0.02909012,-0.4852068,-0.38130587,-0.29011086,-0.380691,-0.123990566,-0.23159556,-0.78352576,-0.32874018,0.44271585,0.13078555,0.7220642,-0.09529235,0.47922993
-0.37141278,-0.6058175,-0.22249296,1.2072887,1.324924,1.703215,1.4301089,-0.24511014,-0.9136403,0.24710816,1.4124593,2.0771804,2.0169573,1.1021069,2.4293048,0.74587876,-0.6110561,-0.10072486,0.39751184,0.7858969,-1.0873827,1.5458689,0.95865613,1.7207109,1.5481877,1.1972444,1.5672977,0.12942614,-1.8204477,-0.67185724,-0.6063606,0.41552067,-0.7388434,0.088321395,-0.2025306,-1.6844016,-0.30872574,-1.2685202,0.3991148,0.055280264,1.2010778,-0.6948785,-0.10290423,-0.7911161,-0.6366203,-0.632255,-0.63258004,0.64324737,0.93459535,-0.48809448,-1.3089828,-0.0019737682,1.2838112,2.0172167,0.9809632,1.5962191,1.7005681,1.0840816,-0.2981841,-0.048668623,-0.2292471,-0.66184396,0.52656543,0.8153367,-0.1748926,1.2727972,1.0228627,-0.42255938,1.8724461,0.9047103,-1.6361327,0.048023075,-0.4987295,-0.42420512,-0.2505313,-0.3674323,-0.083239235,-0.15401173,-0.5884344,-0.19687894,0.38347065,0.15026179,0.7742464,-0.13234611,0.1441168
-0.33516863,-0.6392355,-0.17722398,1.2530638,1.3880194,1.8223646,1.5382965,-0.31793356,-0.73911065,0.34358153,1.4044383,1.7269286,2.076336,1.0331259,2.4163842,0.7566566,-0.57646984,-0.1833413,0.5406946,0.8980211,-0.8793556,1.5919572,0.8840259,1.6924872,1.2427226,1.1372882,1.5071583,0.15675992,-1.7260492,-0.69085455,-0.5320121,0.43037245,-0.57352144,-0.014218557,-0.041833363,-1.5261383,-0.19807461,-1.3862585,0.36816478,-0.18048123,1.2641988,-1.2554815,-0.24695902,-0.8197592,-0.6619078,-0.6127849,-0.6793943,0.50422615,0.9055876,-0.46594375,-1.3767238,0.029791564,1.2664723,1.6527886,1.1237864,1.4832139,1.8197988,1.15358,-0.21351059,-0.34185696,-0.25853443,-0.65734714,0.5359669,0.6656706,-0.22830668,1.206291,1.0716337,-0.36280033,1.849174,0.9941201,-1.5697378,0.054401774,-0.49023196,-0.42388597,-0.18865335,-0.34388158,-0.019073246,-0.0577629,-0.39909768,-0.06393359,0.29573905,0.14211297,0.7822987,-0.23622264,-0.14658679
-0.32320687,-0.5993395,-0.113299824,1.2205223,1.3985218,1.8499423,1.5611855,-0.39052433,-0.5021508,0.4520126,1.3169746,1.3111326,2.0420573,0.93025076,2.2636058,0.74366933,-0.514711,-0.29151946,0.6314641,0.9438726,-0.6384822,1.5772877,0.81149876,1.6510803,0.9356324,1.0573008,1.3960363,0.19575146,-1.5392593,-0.70542836,-0.45790723,0.4112009,-0.39185023,-0.15125534,0.08555679,-1.3328067,-0.08911501,-1.384952,0.23945808,-0.3973742,1.2264895,-1.742688,-0.3972504,-0.78469837,-0.7011612,-0.55418473,-0.6416116,0.39480427,0.8678652,-0.42068115,-1.4064597,0.0724743,1.243597,1.2300979,1.1930605,1.364075,1.8546404,1.1936545,-0.102827616,-0.63074,-0.25757524,-0.61110187,0.5465331,0.5161406,-0.23206905,1.1382335,1.1234007,-0.267463,1.7953507,1.0716287,-1.4382728,0.05119211,-0.4518095,-0.3883538,-0.10196851,-0.32366267,0.065671004,0.054329082,-0.20386481,0.057514556,0.19912069,0.1254108,0.7623653,-0.37660167,-0.3578472
-0.31686714,-0.47728658,-0.03138905,1.1205549,1.3603863,1.7830714,1.5005872,-0.4453164,-0.219448,0.57407874,1.1706442,0.8772745,1.9268672,0.82958513,1.992683,0.72928095,-0.4192805,-0.4342874,0.6871463,0.91054356,-0.36900386,1.5041646,0.75898117,1.6104624,0.6683779,0.9763966,1.2542006,0.25126234,-1.2667693,-0.70373005,-0.37763032,0.35467362,-0.19465613,-0.31490737,0.1686775,-1.110719,0.0273121,-1.2720739,0.025935452,-0.53305066,1.1129773,-2.0909464,-0.5120711,-0.68067336,-0.73006123,-0.4389789,-0.51057446,0.3432647,0.82603437,-0.34988114,-1.3831857,0.13082382,1.2226079,0.78620005,1.1857984,1.2691947,1.8012098,1.2093625,0.032060843,-0.87788033,-0.23046206,-0.5192245,0.5635057,0.39563856,-0.17540567,1.074571,1.1744471,-0.13118382,1.7219745,1.1321661,-1.2448109,0.043228894,-0.3775619,-0.32864594,0.0076186038,-0.31608626,0.16639164,0.17869441,0.0070281946,0.15582564,0.11345862,0.12142309,0.73489267,-0.51465744,-0.4683418
-0.29569483,-0.27461907,0.06430617,0.97069055,1.2831603,1.6282572,1.3686463,-0.46637237,0.085085675,0.7082649,0.99195075,0.47103694,1.7527336,0.7601621,1.635856,0.73499316,-0.28632435,-0.6126423,0.7253937,0.78904355,-0.075457886,1.3777028,0.73981285,1.5787573,0.47038555,0.9117191,1.1034943,0.32686427,-0.92374516,-0.67505634,-0.28375062,0.2636705,0.013516148,-0.49020356,0.20454666,-0.86878264,0.15871547,-1.0669596,-0.24080609,-0.54169613,0.9588254,-2.2527676,-0.5553376,-0.50797343,-0.72406524,-0.2580497,-0.29082543,0.368476,0.7829171,-0.25198764,-1.293266,0.20854095,1.2094667,0.35906887,1.1070988,1.2201245,1.6635275,1.2072936,0.1857428,-1.0474182,-0.1819269,-0.37885353,0.58804935,0.32652262,-0.05244498,1.017307,1.2185154,0.048629638,1.6391939,1.1722952,-0.99565804,0.036200136,-0.26435542,-0.2562784,0.13392948,-0.32432446,0.27706856,0.31203523,0.23777938,0.22201304,0.056039467,0.15037738,0.7206827,-0.6093985,-0.47287852
-0.24090993,-0.0037273956,0.16633649,0.7921897,1.1803471,1.4006107,1.1859872,-0.4417489,0.38388678,0.849972,0.8088632,0.12947464,1.5463223,0.7392159,1.2310201,0.7778889,-0.115548715,-0.816244,0.7598273,0.5763543,0.23732245,1.2050965,0.76060355,1.556754,0.35452402,0.87550706,0.96423405,0.42459115,-0.5319327,-0.6116267,-0.16920274,0.14650188,0.2239903,-0.65793496,0.19791044,-0.6170622,0.30917957,-0.79709727,-0.5154199,-0.40273818,0.8027521,-2.2051382,-0.5036071,-0.27301633,-0.6628016,-0.013486587,0.000106881824,0.47574374,0.7390943,-0.12709221,-1.1275554,0.30722934,1.2069724,-0.016613634,0.9693231,1.2260925,1.4534819,1.195685,0.35022587,-1.1110618,-0.116829686,-0.18952896,0.61874974,0.3219285,0.13635695,0.9650845,1.2487413,0.26983193,1.5551913,1.1908561,-0.7004579,0.036159508,-0.11247245,-0.18135767,0.26734796,-0.34561595,0.3904661,0.45180175,0.4843322,0.2509415,0.039118066,0.22897585,0.7372215,-0.6248343,-0.38239595
-0.13875647,0.31328118,0.26499236,0.60718054,1.0672499,1.1215149,0.9784219,-0.36528042,0.6497844,0.99205786,0.6467,-0.12370229,1.3345605,0.7701492,0.81681347,0.868207,0.08942125,-1.0234674,0.7986196,0.27799866,0.5633202,0.99539477,0.820452,1.5384179,0.31587422,0.8726192,0.8528259,0.54424465,-0.117259376,-0.51016283,-0.028708026,0.015468888,0.42484382,-0.7982591,0.1593532,-0.3653067,0.47783798,-0.4938941,-0.7464665,-0.12412817,0.6803529,-1.9524171,-0.35119966,0.011730759,-0.53461355,0.28027406,0.33341783,0.65481585,0.6934041,0.022745706,-0.8840275,0.4264573,1.2142122,-0.3135919,0.79096144,1.2827885,1.1899028,1.18377,0.5161476,-1.0529269,-0.039710585,0.045836475,0.65244526,0.3844085,0.38364643,0.91383135,1.2589809,0.52446705,1.4748017,1.1885359,-0.3715569,0.04822622,0.07424763,-0.11106461,0.39635321,-0.37268102,0.49853817,0.596192,0.7340454,0.24243984,0.0682943,0.36756346,0.7955614,-0.53568476,-0.22134203
0.016387617,0.647153,0.34948173,0.43575206,0.95813525,0.8159559,0.7728739,-0.23770371,0.8605158,1.1259193,0.5243627,-0.28017667,1.1406341,0.843019,0.42853087,1.0075103,0.3214658,-1.2040794,0.8426423,-0.09073969,0.8949404,0.75899553,0.9110658,1.5127939,0.33458424,0.89961785,0.779905,0.68279856,0.29351088,-0.37256065,0.13992624,-0.11576982,0.60220635,-0.8948581,0.103239365,-0.121546805,0.6584196,-0.18870506,-0.886065,0.2595522,0.6183848,-1.5249043,-0.11170232,0.32822454,-0.3392403,0.59806365,0.672928,0.8809597,0.6435225,0.19336139,-0.56958246,0.56283236,1.2261364,-0.5147164,0.5943671,1.3744084,0.89639574,1.1802069,0.6743738,-0.87320065,0.045209955,0.31932232,0.6852256,0.5061356,0.6748871,0.85786,1.2449489,0.79836637,1.3989815,1.1672684,-0.02352699,0.07613811,0.28866234,-0.049282264,0.50914574,-0.39639148,0.59265983,0.74343807,0.96724933,0.20150065,0.14186385,0.5684519,0.8986626,-0.33226314,-0.023187732
0.22081417,0.9652155,0.40977672,0.29382783,0.8638057,0.50941193,0.5933847,-0.06654153,1.0019456,1.2424124,0.45154613,-0.34683812,0.98072517,0.938205,0.09486215,1.1883081,0.5708851,-1.3249596,0.886556,-0.504302,1.2217273,0.50798297,1.0184444,1.4668378,0.3807883,0.94550174,0.7488576,0.83420086,0.6753984,-0.20592932,0.33503523,-0.2347486,0.74238473,-0.9378306,0.044563454,0.10846632,0.8394551,0.090616055,-0.89814305,0.6942217,0.63073033,-0.9737853,0.18386893,0.6542397,-0.088413276,0.90740037,0.9795185,1.1186321,0.5865446,0.37830183,-0.20037518,0.71055657,1.2337413,-0.61470443,0.40328372,1.4773564,0.59855926,1.1910876,0.81730026,-0.5893717,0.13390332,0.61764264,0.7130972,0.67057097,0.989329,0.7912245,1.2045213,1.0722209,1.3244364,1.1295452,0.32741728,0.12111403,0.52086264,0.0029521484,0.59504086,-0.40887427,0.66406155,0.8903442,1.1606426,0.13816617,0.25126457,0.8244171,1.0402492,-0.022169253,0.17491615
0.46160448,1.2358502,0.43791863,0.191691,0.79004425,0.22492504,0.45728576,0.13490558,1.0701084,1.3336374,0.42797145,-0.3427416,0.86240304,1.0307838,-0.1643369,1.3951883,0.82647705,-1.35703,0.92055374,-0.9284603,1.5306607,0.25567764,1.1251621,1.3884337,0.4216341,0.99367756,0.7554391,0.9893733,1.008386,-0.021722501,0.5508936,-0.33233425,0.83398765,-0.9256716,-0.003654119,0.32119077,1.0054318,0.32175493,-0.76555413,1.1169642,0.7170535,-0.3630077,0.49274868,0.96526265,0.19555944,1.173808,1.216903,1.3271041,0.51973146,0.5688715,0.19960852,0.8613031,1.2251022,-0.6203699,0.23929198,1.5656607,0.32048005,1.2177912,0.9396293,-0.23451857,0.22227696,0.92173725,0.7319833,0.8551864,1.3014336,0.70862484,1.1375844,1.323325,1.2438343,1.0771711,0.6642666,0.1816101,0.7589914,0.046197135,0.64558375,-0.4059076,0.70440763,1.0309267,1.2915368,0.0661018,0.3824156,1.1180055,1.2053218,0.36998633,0.33763355
0.718304,1.4327595,0.42922774,0.13342005,0.7367963,-0.019050462,0.37260473,0.3491879,1.0714827,1.3934801,0.44331592,-0.29513514,0.7841016,1.0960971,-0.33882877,1.6070263,1.0770394,-1.2820244,0.9323222,-1.3235922,1.806156,0.015793672,1.2128316,1.2690405,0.42809036,1.0251225,0.7882034,1.1368567,1.2789804,0.16619688,0.7782839,-0.40449497,0.8699323,-0.86519325,-0.03200504,0.5145926,1.1386093,0.48919082,-0.49331278,1.4671988,0.8638556,0.24006414,0.76788384,1.2369639,0.48377776,1.3656595,1.356651,1.4675214,0.44075915,0.75491035,0.6008518,1.0047097,1.1861657,-0.5498577,0.118924916,1.6158913,0.081571735,1.2553371,1.0385064,0.14672787,0.30617437,1.2082535,0.73739123,1.0350035,1.5831543,0.60637707,1.0456175,1.5282578,1.1470797,1.0105326,0.97017044,0.25299466,0.99042946,0.08133036,0.6555716,-0.38842714,0.70643365,1.1554619,1.3423852,0.0007417552,0.5179086,1.4223434,1.3713022,0.80577165,0.43648386
0.96519476,1.538489,0.38278088,0.11710592,0.69868803,-0.2104104,0.33715975,0.5571884,1.0215385,1.4184777,0.4788872,-0.23368746,0.73616374,1.114436,-0.4278704,1.7999492,1.3125784,-1.0973184,0.909766,-1.6493046,2.031642,-0.1984607,1.2648084,1.105223,0.38030517,1.021593,0.8299815,1.263356,1.4815496,0.34333402,1.005593,-0.45262954,0.8483891,-0.7702972,-0.03612118,0.68705857,1.2218245,0.5846669,-0.10827108,1.6968391,1.0472142,0.77406305,0.9665647,1.4480387,0.74581474,1.4595907,1.3831576,1.5095669,0.34809226,0.9252514,0.97241384,1.1291804,1.1031821,-0.43057638,0.05093839,1.6116364,-0.10572714,1.2921934,1.113315,0.50452244,0.38118324,1.4516927,0.72441226,1.1862011,1.8067296,0.48280075,0.93116117,1.6660568,1.0227494,0.9285128,1.2295502,0.32771075,1.2030656,0.10819225,0.62305313,-0.36257154,0.66469824,1.2505208,1.3042253,-0.043735027,0.6390366,1.7036797,1.5108758,1.2385249,0.45326975
1.175363,1.5465608,0.30147496,0.13550271,0.6661173,-0.34404874,0.33913577,0.740798,0.9416357,1.408089,0.5106224,-0.18614307,0.70279866,1.0749298,-0.4389748,1.9509465,1.5249295,-0.8176087,0.843732,-1.8703421,2.1920269,-0.37618166,1.2679931,0.8992557,0.2710756,0.9691542,0.859932,1.3553779,1.6183244,0.49712932,1.2204362,-0.48319706,0.7733715,-0.65951926,-0.016674543,0.8362042,1.2415453,0.60672,0.34497926,1.7773615,1.2372499,1.191046,1.0574969,1.5828372,0.9548932,1.4441096,1.2961024,1.4366057,0.24081776,1.0688652,1.2854898,1.222626,0.96465313,-0.29605955,0.03497186,1.5454911,-0.23712155,1.3118093,1.1649686,0.7911325,0.4423158,1.6273737,0.68755513,1.2894156,1.947875,0.33893,0.79774266,1.7208545,0.8605356,0.8284048,1.4294766,0.39604816,1.386398,0.12484131,0.5494686,-0.33842748,0.5763941,1.3004642,1.178614,-0.056972504,0.72826964,1.9253737,1.5954251,1.6202456,0.38244635
1.3241674,1.4618589,0.19158144,0.17758968,0.6273271,-0.42190942,0.35943124,0.8853203,0.855058,1.3643162,0.51264507,-0.17348112,0.66530097,0.97722507,-0.38609472,2.04148,1.7081157,-0.47302368,0.73007935,-1.9622377,2.2756717,-0.51045597,1.2147545,0.6583339,0.10628693,0.8602888,0.8568797,1.400868,1.6983373,0.61873585,1.4114034,-0.506565,0.6540281,-0.5532959,0.02116869,0.958277,1.190758,0.5603145,0.8111164,1.7028972,1.4026425,1.4614799,1.025924,1.633574,1.0925407,1.3208307,1.1111435,1.2481991,0.11864518,1.1760491,1.5171342,1.2740674,0.76358235,-0.1811422,0.061805934,1.4196105,-0.31618497,1.2956415,1.1951798,0.9683184,0.4842645,1.7146521,0.6213289,1.3319536,1.9884058,0.17857811,0.64983696,1.6843376,0.6534779,0.70707214,1.5608886,0.4472809,1.5326065,0.12734133,0.43918464,-0.32788444,0.44189727,1.2899587,0.9780039,-0.03497661,0.7707963,2.0533273,1.599254,1.9091153,0.23152447
1.3928279,1.2990617,0.062141404,0.23004654,0.57017833,-0.45207912,0.37540412,0.98164266,0.7826547,1.2913254,0.46138054,-0.20792907,0.6054439,0.8316179,-0.2876412,2.0596945,1.8581853,-0.10345425,0.57066053,-1.9156798,2.2770526,-0.5994289,1.1031696,0.39355204,-0.097107604,0.6953176,0.8022248,1.3908969,1.7351935,0.704204,1.5694398,-0.5350754,0.5030486,-0.4713907,0.06850423,1.0480168,1.0713605,0.45548415,1.2327158,1.4887809,1.5156744,1.5757413,0.8752985,1.6015381,1.1513836,1.1041906,0.8578335,0.9600641,-0.01817649,1.2393435,1.6527257,1.2746842,0.499483,-0.11706104,0.115165055,1.244107,-0.35295066,1.2271394,1.2060951,1.012762,0.5012102,1.6997309,0.52140707,1.3086088,1.9192013,0.008402155,0.49305692,1.5572658,0.40003535,0.5619799,1.6197592,0.4710893,1.637146,0.11026674,0.29879794,-0.3422157,0.26511523,1.2073091,0.7242342,0.01882917,0.755985,2.0624008,1.5041655,2.075798,0.019608757
1.3706986,1.0796851,-0.075703,0.27929264,0.4846052,-0.44718042,0.3648653,1.0270506,0.7392284,1.1945275,0.3397407,-0.29165933,0.5087852,0.65715444,-0.16421306,2.002195,1.9724929,0.24853164,0.373866,-1.7395947,2.1984384,-0.6468661,0.9372044,0.1179542,-0.31473228,0.4823998,0.68318594,1.3210992,1.7447839,0.7550347,1.6892257,-0.58102953,0.33495256,-0.43075493,0.114201725,1.099462,0.89490443,0.30602515,1.5588231,1.1674485,1.5559297,1.5425822,0.62594503,1.4968555,1.1357418,0.8192627,0.5747036,0.6006035,-0.16898327,1.2547667,1.6870615,1.2192336,0.17929067,-0.12647799,0.1749623,1.0343981,-0.36147207,1.096035,1.1998382,0.9196498,0.48714206,1.5779603,0.385793,1.2212865,1.7415154,-0.1623555,0.33419102,1.3495618,0.105308816,0.39239773,1.6073068,0.4590632,1.698972,0.06750048,0.13611285,-0.39011586,0.053283527,1.0479257,0.4452762,0.09388909,0.678317,1.9413823,1.3028575,2.107969,-0.22517304
1.2571814,0.82835585,-0.20966357,0.31296223,0.3641427,-0.42232412,0.31035987,1.0258098,0.7309437,1.079874,0.14026248,-0.41747195,0.36740762,0.47853714,-0.03715228,1.8738312,2.0491116,0.54571986,0.15407942,-1.4603759,2.0499885,-0.6617605,0.72593236,-0.15476556,-0.5197958,0.23620355,0.49537537,1.1931612,1.7423306,0.7771126,1.7691778,-0.6548359,0.16414152,-0.44426057,0.14591275,1.1073173,0.68197733,0.12756275,1.752611,0.7817488,1.5133206,1.3851545,0.31077302,1.3373328,1.0601027,0.49852884,0.30327716,0.20583916,-0.3321152,1.2220898,1.6246326,1.1074073,-0.18245426,-0.21926934,0.22105922,0.8081114,-0.35741752,0.90148574,1.1786698,0.7032616,0.4363688,1.3549098,0.21631697,1.0776098,1.4678894,-0.32257813,0.18135515,1.0795511,-0.21890633,0.20047387,1.5302082,0.40624595,1.7200888,-0.0065957913,-0.04064804,-0.47624028,-0.18352573,0.8166702,0.1719785,0.17451218,0.53831977,1.696918,1.0015665,2.0114954,-0.46985403
1.0613674,0.5692119,-0.32732475,0.32168335,0.20767236,-0.39262095,0.20217234,0.9879633,0.75462,0.9532088,-0.13286923,-0.5706567,0.18157227,0.32214755,0.072983585,1.6865666,2.0863106,0.7625486,-0.07061066,-1.1183522,1.8489648,-0.6565896,0.48251277,-0.4117024,-0.6877028,-0.024294175,0.2438008,1.0148716,1.7397099,0.77960086,1.8115698,-0.7631593,0.0031281915,-0.51947236,0.15183495,1.0690228,0.45939612,-0.06448686,1.7963401,0.37819022,1.3897685,1.1355366,-0.03051489,1.1458269,0.94599223,0.1770352,0.0811233,-0.18677111,-0.5048749,1.1452944,1.4784173,0.94450974,-0.5649451,-0.38984618,0.23702575,0.5823221,-0.35542464,0.65337604,1.1451018,0.39437628,0.3447339,1.0469828,0.01930213,0.8889787,1.1208974,-0.4602442,0.043347746,0.7720849,-0.55528885,-0.008378141,1.399538,0.31223124,1.7050416,-0.11587848,-0.22381972,-0.60063463,-0.43312764,0.5294196,-0.06617823,0.24286777,0.34293234,1.3537432,0.6203839,1.8087827,-0.68141687
0.80119896,0.32302383,-0.41722605,0.3001192,0.020322593,-0.3707194,0.0403439,0.9275874,0.7986745,0.82021296,-0.4633335,-0.73172414,-0.03989022,0.21229036,0.1477835,1.4574302,2.0826528,0.88899267,-0.27971846,-0.7616868,1.6175606,-0.6456296,0.22280914,-0.6418083,-0.80018246,-0.2786496,-0.05680101,0.8001205,1.744059,0.77276814,1.8216805,-0.9076452,-0.13852575,-0.65777653,0.12218198,0.9866122,0.2562469,-0.25716355,1.6928679,0.0005679479,1.1989641,0.8291889,-0.35788175,0.9473246,0.8176552,-0.11121686,-0.06407565,-0.543918,-0.68298787,1.0322523,1.2678015,0.74145836,-0.943238,-0.6174606,0.21307597,0.3715633,-0.36696973,0.37147495,1.1022855,0.035752717,0.21083058,0.6801887,-0.19352049,0.669516,0.73137945,-0.56404316,-0.07110851,0.45576876,-0.883117,-0.22543643,1.2295502,0.18156947,1.6600415,-0.26133165,-0.40666622,-0.75868917,-0.68217963,0.2122166,-0.24424155,0.2828655,0.1059921,0.95260197,0.19175574,1.5342069,-0.8318851
0.50119793,0.10603798,-0.46984887,0.24761894,-0.18636774,-0.3650172,-0.16520415,0.86073565,0.84622353,0.6867302,-0.82427746,-0.8790745,-0.28118905,0.16770232,0.17189121,1.206307,2.037485,0.93040586,-0.45319402,-0.4382862,1.3798436,-0.6424259,-0.035572547,-0.8362168,-0.84779197,-0.50738156,-0.38401487,0.56751055,1.7567719,0.7660934,1.8064535,-1.0840153,-0.25456396,-0.8537075,0.051199667,0.8680111,0.09897542,-0.4411131,1.4640859,-0.31470627,0.9648301,0.49989828,-0.63719326,0.76555043,0.697437,-0.33697474,-0.11863882,-0.84046996,-0.8600219,0.8941763,1.0164427,0.51478344,-1.2911118,-0.8688854,0.14751016,0.18727364,-0.3989937,0.08263939,1.0542856,-0.32444856,0.037344575,0.28871357,-0.40559432,0.4349438,0.33490682,-0.62518495,-0.15431495,0.15983418,-1.1811378,-0.43940127,1.0360354,0.023808394,1.5923433,-0.43981695,-0.58347356,-0.94143546,-0.91699183,-0.10117857,-0.3444287,0.28374988,-0.15233321,0.54435223,-0.24306956,1.227578,-0.9022548
0.18971358,-0.070075035,-0.47853976,0.16847807,-0.39526764,-0.3784951,-0.39611125,0.8026863,0.87904847,0.5590369,-1.1813853,-0.99216306,-0.5216614,0.1993426,0.13469765,0.95356727,1.9520482,0.9044767,-0.57382053,-0.18822224,1.158106,-0.6576013,-0.2749061,-0.98903275,-0.8306192,-0.69467586,-0.7099411,0.33852205,1.7740011,0.76652783,1.7734413,-1.2815316,-0.34168112,-1.0941951,-0.061153993,0.72738713,0.0068899104,-0.6111097,1.1461744,-0.5410019,0.7180622,0.17615165,-0.84489495,0.62049407,0.6022084,-0.47877383,-0.08454352,-1.0616274,-1.0276357,0.74452144,0.7497504,0.28508615,-1.5841094,-1.1040027,0.046817996,0.037852596,-0.45304272,-0.18366863,1.006377,-0.63972497,-0.16747507,-0.08819816,-0.5969516,0.20244743,-0.031695012,-0.6390162,-0.20031741,-0.08912454,-1.4299046,-0.63738316,0.8349962,-0.1474414,1.5095135,-0.6433822,-0.74913174,-1.1360255,-1.1239322,-0.37353796,-0.3576832,0.243096,-0.40660062,0.18251029,-0.63905424,0.92728907,-0.88541853
-0.10334964,-0.19711496,-0.44021073,0.07120075,-0.58534527,-0.40858704,-0.62833565,0.7656929,0.8816792,0.4445458,-1.4981093,-1.053797,-0.7396873,0.30915558,0.031249193,0.71834147,1.8307841,0.83576965,-0.62765026,-0.036668338,0.970201,-0.69683254,-0.4780061,-1.0974708,-0.75753593,-0.82985234,-1.0052013,0.13523023,1.7883867,0.77731013,1.7297093,-1.4833677,-0.39875588,-1.3584068,-0.20769677,0.5842032,-0.0115519455,-0.76506287,0.7828085,-0.66298455,0.49118185,-0.120816596,-0.9703513,0.5263324,0.54060954,-0.5245523,0.022071097,-1.2022841,-1.1759526,0.5978414,0.49264148,0.07555831,-1.8023366,-1.2822356,-0.07596979,-0.07084238,-0.5254402,-0.4001708,0.9649994,-0.8717834,-0.3890486,-0.40992218,-0.7460439,-0.009460478,-0.33445075,-0.60624784,-0.20562685,-0.2700107,-1.6144873,-0.806192,0.6412695,-0.31596908,1.419259,-0.85880923,-0.89806616,-1.3260744,-1.2898319,-0.5696054,-0.2846183,0.1679505,-0.62816143,-0.08512908,-0.95297635,0.6643688,-0.78697145
-0.35083854,-0.2688095,-0.35565767,-0.032281145,-0.7348322,-0.4483468,-0.8363538,0.7572007,0.8452812,0.35180584,-1.7404126,-1.0521832,-0.9162135,0.49033594,-0.1366791,0.5167963,1.6824454,0.74905914,-0.60618377,0.009761099,0.826979,-0.7596138,-0.6297302,-1.1618558,-0.6443535,-0.90814376,-1.2426592,-0.022472229,1.7911189,0.79788727,1.6811858,-1.6679658,-0.42549306,-1.6181827,-0.37351817,0.46062243,0.039689183,-0.90197986,0.41825634,-0.6762366,0.3129633,-0.3771291,-1.0166248,0.49079815,0.51297575,-0.47269538,0.17443113,-1.2654321,-1.2943072,0.4681863,0.26762328,-0.090793334,-1.9328958,-1.3698975,-0.20380507,-0.13505363,-0.60848945,-0.5458337,0.9374143,-0.99612904,-0.6062099,-0.6391556,-0.8323211,-0.18196107,-0.54582685,-0.5332137,-0.16933306,-0.36968356,-1.7255875,-0.9337975,0.46767843,-0.46479186,1.3294277,-1.0678533,-1.0234479,-1.4922758,-1.4020427,-0.66170645,-0.13509227,0.07437522,-0.78844815,-0.2243524,-1.1492319,0.45846644,-0.6238004
-0.52954733,-0.27976033,-0.22956029,-0.12843037,-0.82466084,-0.48841754,-0.99702954,0.77872205,0.76985455,0.28996116,-1.8825582,-0.98223215,-1.0383637,0.72803575,-0.36033583,0.36132628,1.5205204,0.6638183,-0.506261,-0.03570507,0.73189217,-0.8390318,-0.7181208,-1.185948,-0.51079214,-0.9303294,-1.4010439,-0.11885973,1.7743914,0.82399374,1.6324999,-1.8110942,-0.42183366,-1.8403327,-0.5366515,0.3783872,0.14472938,-1.0196658,0.09080104,-0.5868795,0.20276564,-0.5852893,-0.99830467,0.51528543,0.5123054,-0.33184603,0.34073925,-1.2594085,-1.3729061,0.36777565,0.09331492,-0.19361432,-1.9706764,-1.345934,-0.3189701,-0.15284713,-0.69215715,-0.6088956,0.93115735,-1.0052744,-0.7929967,-0.74697614,-0.8397258,-0.2978009,-0.6472965,-0.43122447,-0.09325644,-0.38385233,-1.7600175,-1.0103608,0.3245559,-0.57834893,1.2479247,-1.2482535,-1.1163577,-1.6132243,-1.4489009,-0.6349839,0.07249889,-0.015205981,-0.86291045,-0.22036469,-1.2048087,0.3169455,-0.42080694
-0.623806,-0.22531465,-0.070291094,-0.20379642,-0.84228283,-0.51977956,-1.0938138,0.8262628,0.66439074,0.26766896,-1.9107362,-0.845992,-1.1017878,1.0017949,-0.62415826,0.25979927,1.3627433,0.5902823,-0.33071503,-0.1424992,0.68109375,-0.9224404,-0.73542637,-1.1761997,-0.37806526,-0.9021848,-1.4677647,-0.14460605,1.7335207,0.8489944,1.5873467,-1.8887677,-0.38736454,-1.9899246,-0.67034185,0.3550317,0.27860817,-1.1127902,-0.17173475,-0.41081566,0.16592099,-0.74212426,-0.93772036,0.5959542,0.52742577,-0.119859666,0.4895722,-1.1951038,-1.4042791,0.30580848,-0.016647734,-0.21766962,-1.9189029,-1.2062111,-0.40642554,-0.12477542,-0.7661352,-0.58778554,0.9532163,-0.9096219,-0.9208891,-0.7169806,-0.75885653,-0.3445928,-0.63099295,-0.31501618,0.018241704,-0.31747824,-1.7205399,-1.0293512,0.21953227,-0.64428926,1.1828804,-1.3757012,-1.1656,-1.6670578,-1.4203345,-0.49059367,0.31273106,-0.07617255,-0.834911,-0.080216676,-1.1126412,0.23630139,-0.20586674
-0.62583953,-0.10233629,0.11068938,-0.24709828,-0.78488857,-0.53616035,-1.1195844,0.8909818,0.54557705,0.29158437,-1.8253652,-0.6525249,-1.1114451,1.287397,-0.90692836,0.2151791,1.2293952,0.52876616,-0.08826332,-0.2673385,0.6653117,-0.9933714,-0.6795438,-1.141663,-0.26637614,-0.8327401,-1.4407712,-0.09747887,1.6685625,0.865227,1.5490965,-1.8807864,-0.3211413,-2.0350358,-0.7464903,0.40079585,0.41195062,-1.1726784,-0.35414562,-0.17252995,0.19157293,-0.84651816,-0.8602081,0.725124,0.5464566,0.13875988,0.5953852,-1.0841659,-1.3850237,0.2875936,-0.05399561,-0.15524921,-1.7885263,-0.9645095,-0.4563853,-0.054430373,-0.8217992,-0.49028105,1.0087748,-0.735324,-0.962582,-0.5490157,-0.58971334,-0.31828725,-0.5001655,-0.20042372,0.15848665,-0.18352325,-1.6149123,-0.98819095,0.15732351,-0.65521836,1.1420866,-1.4268718,-1.1584923,-1.6336943,-1.3093103,-0.24645276,0.55584055,-0.08664271,-0.6992151,0.16754189,-0.8833869,0.2053117,-0.004486322
-0.5370832,0.088840544,0.29946935,-0.2511334,-0.6607707,-0.5359011,-1.0779232,0.96151733,0.43426284,0.36452106,-1.641092,-0.41709954,-1.0806899,1.5596536,-1.1835477,0.22568747,1.1404312,0.47118658,0.20583878,-0.36186704,0.6726109,-1.0344574,-0.5550399,-1.0927359,-0.19263408,-0.7327673,-1.3287907,0.017213825,1.5846465,0.86570096,1.5213629,-1.7736973,-0.22245573,-1.9522197,-0.7404421,0.5165564,0.51657826,-1.1879379,-0.4531964,0.096298724,0.25344503,-0.8973901,-0.7889881,0.892695,0.56008726,0.41589975,0.64219946,-0.9381638,-1.3165091,0.31427518,-0.015990587,-0.007463311,-1.5964596,-0.6504582,-0.46606824,0.05089378,-0.8535139,-0.33140042,1.1000934,-0.51949745,-0.89722896,-0.2600977,-0.3424464,-0.22613266,-0.26860952,-0.10198924,0.3185282,-0.0009833198,-1.4546643,-0.8887274,0.13962528,-0.60926735,1.1325445,-1.3826959,-1.0823528,-1.4977984,-1.1134839,0.064596534,0.77074295,-0.032209292,-0.46406037,0.4769656,-0.5445579,0.20924939,0.16508657
-0.36734578,0.34227774,0.48016334,-0.21390598,-0.48937896,-0.52263063,-0.9824975,1.0262752,0.3514545,0.4842606,-1.3842114,-0.15945368,-1.0285325,1.7946578,-1.4271429,0.2852888,1.1118542,0.4052614,0.53066957,-0.38068286,0.6911548,-1.0306917,-0.3732113,-1.0401416,-0.16940029,-0.61322165,-1.1499939,0.18766543,1.4911958,0.84587425,1.5081255,-1.5637565,-0.09166191,-1.731337,-0.63577473,0.6930903,0.5706248,-1.147333,-0.4754114,0.35988966,0.3137319,-0.89257836,-0.7410441,1.0873573,0.5641467,0.68420684,0.62536556,-0.7686656,-1.2052922,0.3833361,0.09468398,0.21575753,-1.3639354,-0.30509368,-0.4396977,0.18020046,-0.85894287,-0.13033806,1.2253909,-0.30297554,-0.714215,0.11640523,-0.03718988,-0.087866746,0.0410439,-0.030829446,0.48725447,0.20761459,-1.2541419,-0.7369756,0.16543078,-0.5102959,1.1592228,-1.2320832,-0.92723984,-1.2519991,-0.8369363,0.39978454,0.92899525,0.090465605,-0.15079121,0.7915907,-0.13779731,0.23307249,0.29529074
-0.13409138,0.64427394,0.63580334,-0.13910396,-0.29848298,-0.5043318,-0.85459083,1.0759486,0.3140749,0.6426327,-1.0882025,0.09744736,-0.9762881,1.9717728,-1.611831,0.38476804,1.1523519,0.31902328,0.86094874,-0.2898147,0.7114742,-0.9732499,-0.15202457,-0.9935355,-0.20335062,-0.4840958,-0.92989594,0.39700937,1.4005331,0.8046015,1.5133637,-1.258246,0.068938255,-1.3788831,-0.42828795,0.9124427,0.5623322,-1.0430776,-0.43303037,0.581768,0.32958424,-0.82887506,-0.72456163,1.297301,0.56016177,0.920792,0.5512964,-0.5875591,-1.0621628,0.4890098,0.27014232,0.4960943,-1.1140722,0.025341533,-0.38731718,0.3194538,-0.8386358,0.09237068,1.3780682,-0.12236682,-0.41731283,0.5345545,0.2982678,0.06601916,0.39966497,0.006850988,0.65135396,0.41938594,-1.0290723,-0.5430754,0.23071288,-0.36707994,1.2239283,-0.9747409,-0.6885081,-0.8996284,-0.49176556,0.7130097,1.0088525,0.27213857,0.20825094,1.0527573,0.28609422,0.26362905,0.3896043
0.1403115,0.9722333,0.74916685,-0.03596918,-0.119998775,-0.49119088,-0.719233,1.1054193,0.33150825,0.8256778,-0.78905493,0.33032793,-0.9433145,2.0755317,-1.7154032,0.5128624,1.2600623,0.20543882,1.1683449,-0.073657766,0.72794664,-0.8621322,0.085566394,-0.96006644,-0.29457292,-0.35341147,-0.6976843,0.6252538,1.3252038,0.7452398,1.540082,-0.8752264,0.25420982,-0.91885936,-0.12839818,1.150206,0.49165905,-0.8740739,-0.34039608,0.72943443,0.26093885,-0.70352566,-0.73820424,1.5101117,0.55438924,1.1101741,0.43543655,-0.4074498,-0.9004003,0.62333304,0.49773437,0.8088132,-0.86931944,0.2969017,-0.32262698,0.453347,-0.79448265,0.31741646,1.5464561,-0.002781064,-0.025770314,0.94161505,0.6318951,0.19836377,0.7744756,0.010276482,0.7958085,0.6134575,-0.79603267,-0.32043165,0.32900697,-0.19188915,1.3240074,-0.6231161,-0.36940938,-0.45652342,-0.09840521,0.96211433,0.9985696,0.49181223,0.5743538,1.208625,0.6737108,0.28981474,0.46062934
0.43062353,1.2950001,0.8042728,0.08256857,0.015630666,-0.49248683,-0.6004243,1.1147257,0.40379375,1.0147829,-0.5194106,0.51758826,-0.9434015,2.0965662,-1.7222557,0.6575007,1.4214647,0.065190345,1.4253981,0.2607883,0.73879683,-0.70768017,0.31372342,-0.9429837,-0.43625954,-0.22731097,-0.4822601,0.8515635,1.2752445,0.6754118,1.5886055,-0.4419741,0.4565389,-0.39087167,0.23890379,1.379167,0.36924967,-0.6481086,-0.21039529,0.77928764,0.07882929,-0.51639074,-0.7728397,1.7125068,0.5554692,1.2467495,0.29862782,-0.24126263,-0.73349196,0.7771526,0.7606481,1.1252329,-0.6496321,0.4745987,-0.25979096,0.5673469,-0.7285449,0.5282484,1.7143188,0.047144383,0.42664897,1.2855674,0.9319933,0.2719377,1.1324126,-0.015770199,0.90438646,0.77355987,-0.57128173,-0.08468367,0.45194077,0.0013813744,1.4514987,-0.2021025,0.017374134,0.0491781,0.31535977,1.1155481,0.898807,0.7196452,0.9081965,1.2226108,0.9758702,0.30198225,0.52545416
0.7120838,1.5751973,0.7881962,0.20171377,0.08513667,-0.5137145,-0.51677245,1.1088704,0.52150804,1.1884134,-0.30486688,0.64160085,-0.9825522,2.0324461,-1.6256186,0.8072584,1.6116073,-0.09285163,1.6081359,0.68276316,0.74441916,-0.53024024,0.5072693,-0.9410341,-0.6145756,-0.109828,-0.30866173,1.0564427,1.255785,0.60633427,1.6551578,0.008639539,0.66571456,0.15509713,0.63686675,1.5733403,0.21329843,-0.38237467,-0.052302264,0.7204104,-0.22846562,-0.27228191,-0.8139903,1.8896518,0.5711483,1.3338425,0.16331543,-0.101323925,-0.57268393,0.9408119,1.0390048,1.4159319,-0.47052392,0.537608,-0.21091275,0.64984894,-0.641716,0.7121086,1.8622006,0.036421243,0.8953106,1.522517,1.1721052,0.25614756,1.4434341,-0.06191742,0.96089405,0.88914466,-0.37012172,0.14745528,0.5899234,0.1993242,1.592908,0.2530869,0.4497299,0.57909214,0.7167662,1.1568899,0.72281915,0.9216308,1.1755303,1.0791109,1.1545211,0.29032665,0.5995037
0.96292204,1.773315,0.69320136,0.3072783,0.07687123,-0.55422586,-0.4781164,1.0963454,0.66753185,1.3247097,-0.16041954,0.6911935,-1.0577215,1.8875902,-1.4291656,0.9522201,1.7968184,-0.2532031,1.6994504,1.1410853,0.74540555,-0.35752153,0.6449327,-0.9480435,-0.8095375,-0.0034836929,-0.19448742,1.223273,1.264762,0.5511196,1.730968,0.44201526,0.87022746,0.66549975,1.0218093,1.7115797,0.045052588,-0.10138129,0.12805966,0.55658895,-0.65157855,0.017120043,-0.8457859,2.02495,0.60503876,1.3824701,0.049539726,0.0026727177,-0.4248236,1.1046542,1.311009,1.6534626,-0.3418508,0.48263755,-0.18356362,0.6942221,-0.53330874,0.8601086,1.9692299,-0.011044034,1.3306563,1.6233368,1.3345093,0.13319537,1.6829709,-0.11562658,0.95091987,0.9560998,-0.2058357,0.35987338,0.7330989,0.39031953,1.7299132,0.7009092,0.89778745,1.0887415,1.0718642,1.0865136,0.4944264,1.064647,1.3521703,0.7867361,1.1877962,0.24405867,0.6907928
1.1666309,1.8531582,0.518556,0.38845846,-0.00665599,-0.6065822,-0.4837563,1.0868838,0.82003427,1.4039769,-0.09018368,0.66295236,-1.1579473,1.6726483,-1.1472623,1.0840328,1.9389192,-0.39754564,1.6919316,1.5705094,0.74037504,-0.22049315,0.71289307,-0.9539389,-0.9963302,0.09048434,-0.1477494,1.3398508,1.2926968,0.52291983,1.8020276,0.8264336,1.0585681,1.0914624,1.3498399,1.7809799,-0.115601964,0.16644299,0.32729355,0.30643946,-1.1599578,0.33347473,-0.8539715,2.1002004,0.6546083,1.4078287,-0.027949596,0.06526218,-0.29144633,1.2595721,1.5548655,1.8151883,-0.26695874,0.32415727,-0.17964925,0.6992507,-0.40157074,0.9673444,2.0154486,-0.06297506,1.6847264,1.5776536,1.4127162,-0.09848426,1.8345482,-0.1630018,0.8637314,0.976392,-0.088731445,0.5385211,0.8721413,0.566201,1.8409458,1.0990503,1.3274488,1.5332614,1.3500617,0.92070454,0.24405287,1.1214768,1.4269166,0.37681034,1.0728928,0.15168022,0.79559124
1.3134017,1.7878646,0.27186865,0.4391364,-0.14915965,-0.6573835,-0.52327687,1.0889002,0.95612425,1.4109567,-0.08753327,0.5622775,-1.2659597,1.4032199,-0.8040166,1.1962837,2.0007758,-0.5088731,1.5878681,1.9019372,0.72429705,-0.14753875,0.70652366,-0.94576895,-1.1479428,0.17170939,-0.16591999,1.3988342,1.322639,0.53251725,1.850551,1.1370867,1.2206439,1.3959929,1.5836196,1.7783848,-0.25389525,0.39366248,0.54162496,0.00088347454,-1.7046533,0.65359515,-0.8288022,2.0971494,0.7109932,1.4253993,-0.06167081,0.08696305,-0.16860978,1.3969159,1.7507501,1.8856272,-0.24311012,0.09202575,-0.19540976,0.6690791,-0.2448183,1.03259,1.9842784,-0.08709544,1.918002,1.394972,1.4114681,-0.42350954,1.8906416,-0.19085819,0.69458795,0.95694906,-0.025025455,0.6725284,0.99883735,0.7224588,1.90376,1.4102759,1.7050807,1.8735602,1.5286092,0.6877491,0.0034905127,1.0747747,1.4023664,-0.10125333,0.8258365,0.0030714062,0.8973652
1.4004834,1.5653262,-0.030529512,0.4589216,-0.32382485,-0.6896526,-0.57848215,1.1069703,1.055345,1.3368839,-0.13712384,0.40350655,-1.361531,1.0980856,-0.43076003,1.283584,1.9521788,-0.5755856,1.399573,2.0739765,0.6888861,-0.15906082,0.6316531,-0.9101181,-1.2380232,0.2402373,-0.23655164,1.397842,1.3326755,0.58634955,1.8571291,1.3589994,1.3492539,1.5601994,1.6984093,1.7108432,-0.36174092,0.55874676,0.76388264,-0.32082745,-2.2245615,0.9527949,-0.7661576,1.9995159,0.76045096,1.4467689,-0.0517308,0.0748361,-0.048719633,1.5086765,1.8827273,1.8571925,-0.26160496,-0.17264399,-0.22219233,0.61210686,-0.06312017,1.0576463,1.8647581,-0.059525467,2.0051606,1.101915,1.3451587,-0.81213784,1.853132,-0.18859607,0.44652352,0.9081406,-0.015939781,0.7555794,1.1066164,0.85836166,1.898396,1.6080433,2.002485,2.0821621,1.5962772,0.42297128,-0.19938375,0.9196623,1.2929657,-0.58798593,0.47844204,-0.20759556,0.96949923
1.4325409,1.1916355,-0.36453956,0.45245668,-0.49876282,-0.6862832,-0.62747115,1.1403962,1.1022266,1.1801349,-0.2177521,0.20873597,-1.4242157,0.7773964,-0.062003024,1.3410836,1.77461,-0.593904,1.1475321,2.043666,0.62348926,-0.2629843,0.5029429,-0.8354277,-1.2440403,0.29629725,-0.33904144,1.3392059,1.299109,0.6850882,1.8040984,1.4886336,1.4409748,1.5857849,1.686397,1.5940306,-0.43748868,0.6499899,0.98166496,-0.6162866,-2.6541595,1.2093515,-0.6672627,1.7962792,0.7876379,1.4771612,-0.004863123,0.041566744,0.07751983,1.5875771,1.9405015,1.7309331,-0.3087547,-0.42383906,-0.24804781,0.53888834,0.1400876,1.0469571,1.6532114,0.028907022,1.938273,0.73726714,1.2344211,-1.2246215,1.7323946,-0.14975226,0.13167399,0.8418559,-0.05674562,0.78664297,1.1904975,0.97622544,1.810541,1.6805172,2.2013583,2.1475656,1.5554969,0.16295326,-0.34508905,0.6648979,1.1216822,-1.0234562,0.07302349,-0.4781156,0.980337
1.4193829,0.6921131,-0.7003642,0.42768177,-0.64333963,-0.6339009,-0.648837,1.1825857,1.087581,0.9467159,-0.30493662,0.0058344277,-1.4365698,0.46064004,0.26906505,1.3635554,1.4649996,-0.5685522,0.8574618,1.7950789,0.5180455,-0.45228356,0.34160462,-0.71375984,-1.1502706,0.34016427,-0.44787428,1.2291763,1.2005286,0.82300633,1.6791556,1.5338472,1.4967511,1.4946911,1.5577048,1.4492335,-0.48365518,0.6674965,1.1764234,-0.84485406,-2.9320555,1.4078534,-0.5377414,1.4847301,0.7795563,1.5136319,0.06712178,0.0033907613,0.2179104,1.6270732,1.9200203,1.5161006,-0.36758542,-0.61723095,-0.25968793,0.45992285,0.35703957,1.0066144,1.3543879,0.16972513,1.7279539,0.3448722,1.1019685,-1.6171633,1.5455878,-0.07271096,-0.22879873,0.76971596,-0.13671018,0.7701015,1.2469835,1.0805598,1.6340123,1.6324052,2.2961264,2.07632,1.4224763,-0.059462808,-0.42475766,0.33224925,0.9155413,-1.3566328,-0.34415776,-0.79561234,0.90109545
1.375244,0.10883995,-1.005914,0.3932746,-0.73469585,-0.5259482,-0.6256598,1.2216343,1.0085813,0.64928794,-0.37398678,-0.17447422,-1.3860655,0.16491833,0.53536433,1.3457181,1.0368358,-0.5111301,0.55736655,1.344206,0.36604473,-0.70515096,0.17137314,-0.54288644,-0.95021397,0.37160918,-0.5358181,1.0769802,1.0220468,0.9886503,1.4779557,1.5121661,1.5217175,1.3250982,1.3391297,1.2994217,-0.50395364,0.6226065,1.3255658,-0.9720744,-3.0092995,1.5413269,-0.3857795,1.0732856,0.728944,1.5457338,0.14915358,-0.023216741,0.37635297,1.621627,1.8239673,1.2288557,-0.4191155,-0.71652997,-0.24444248,0.38383085,0.57557213,0.9433993,0.9813723,0.3384876,1.4015087,-0.033572532,0.9689336,-1.9478036,1.3142028,0.039296232,-0.6060341,0.7009283,-0.23936237,0.71536434,1.2736368,1.1765246,1.372593,1.4844254,2.2948256,1.8921361,1.2251159,-0.21918623,-0.43994612,-0.045617945,0.70116293,-1.5532446,-0.7295639,-1.1354359,0.7128211
1.3161529,-0.50427806,-1.2508186,0.35596037,-0.7620836,-0.36509496,-0.5487594,1.2421861,0.8674655,0.30581462,-0.4024438,-0.30221096,-1.2664818,-0.09633493,0.71976346,1.2820213,0.5190548,-0.43748915,0.27437907,0.7381189,0.16738828,-0.98831296,0.014301126,-0.3267995,-0.64738405,0.38989857,-0.57797766,0.8935811,0.7588126,1.1660639,1.2059807,1.4478221,1.5244325,1.1246126,1.0695648,1.1650748,-0.50007546,0.5353873,1.4056368,-0.97321033,-2.8558202,1.6108183,-0.21984085,0.58261895,0.63684374,1.557226,0.22509311,-0.025291089,0.5508141,1.5669366,1.6605567,0.8908479,-0.44472846,-0.698232,-0.19195893,0.3156409,0.7801543,0.86374825,0.55480784,0.50005674,0.9988395,-0.3639324,0.85120726,-2.1816952,1.0610988,0.17890127,-0.96639305,0.64121395,-0.34429926,0.6356216,1.268709,1.2687924,1.0404266,1.2699292,2.2167814,1.6324391,0.99872607,-0.30129182,-0.40008822,-0.4286204,0.50127125,-1.5996523,-1.0475911,-1.4626982,0.41269124
1.2577795,-1.0888108,-1.410438,0.31825563,-0.72907645,-0.16378213,-0.41834155,1.227761,0.67028034,-0.062331643,-0.3721036,-0.35254842,-1.0784714,-0.31397232,0.8172263,1.1682075,-0.047356028,-0.36379573,0.03160045,0.049511887,-0.07082191,-1.2622011,-0.11296687,-0.07561881,-0.2556596,0.39342812,-0.55537176,0.6906366,0.41785154,1.3368818,0.8782138,1.3677212,1.515166,0.94198924,0.7934899,1.0607115,-0.46971035,0.43029562,1.3976567,-0.8356407,-2.4655168,1.6233009,-0.047665596,0.04487147,0.5127523,1.5301578,0.2791753,0.0033109786,0.73270345,1.4603933,1.4422194,0.52650267,-0.4283021,-0.55475754,-0.095747694,0.25634772,0.95360595,0.7727185,0.10102362,0.6166207,0.5663714,-0.6235191,0.75769174,-2.2955272,0.8077097,0.33602157,-1.2754781,0.5918245,-0.42952397,0.5458681,1.2308749,1.3603288,0.6604933,1.0296615,2.0887983,1.342528,0.78064275,-0.3018018,-0.31886303,-0.773936,0.3324224,-1.5038893,-1.2743192,-1.7364078,0.016886719
1.2129229,-1.5896443,-1.4692049,0.27729678,-0.65228707,0.05702179,-0.24391593,1.1635073,0.42531058,-0.43253398,-0.27145776,-0.30972123,-0.82921195,-0.48357484,0.8346466,1.0020136,-0.61445266,-0.30296192,-0.15397047,-0.6326733,-0.33418474,-1.4876403,-0.2020785,0.19533698,0.20207693,0.3794475,-0.45731726,0.47901067,0.018232914,1.482778,0.5175972,1.2972062,1.504247,0.81857693,0.55391407,0.99274915,-0.40654597,0.33163178,1.291704,-0.5600597,-1.8584208,1.5879102,0.12445398,-0.49924114,0.37324256,1.4482886,0.2971849,0.05943805,0.9074551,1.3013107,1.1837962,0.16067706,-0.35864216,-0.29483458,0.045375858,0.20318832,1.079159,0.6731451,-0.35052273,0.6563579,0.15046538,-0.80185723,0.68946874,-2.2801795,0.57113725,0.49876487,-1.502684,0.54931825,-0.47495234,0.4602392,1.1592872,1.451215,0.26192755,0.80529827,1.9393992,1.068226,0.6039475,-0.22703981,-0.20999679,-1.0413102,0.2042742,-1.2922513,-1.3990906,-1.9159275,-0.44031486
1.1903151,-1.9623324,-1.4222168,0.22527379,-0.5576029,0.2705684,-0.043143272,1.0387614,0.14237225,-0.78293306,-0.09680971,-0.1705639,-0.5321886,-0.60500985,0.7884539,0.7847328,-1.1333767,-0.26175866,-0.27296248,-1.2155778,-0.6034658,-1.632706,-0.2540553,0.46717477,0.69560844,0.3445189,-0.2836712,0.26783127,-0.41104904,1.5876384,0.15145819,1.2561477,1.4995251,0.7814265,0.38519454,0.9590485,-0.30171207,0.2595152,1.0910683,-0.1612972,-1.0802158,1.5125611,0.29122788,-1.005426,0.2386488,1.300411,0.26768553,0.13072382,1.0565604,1.0914736,0.90078473,-0.18423893,-0.2313683,0.05696103,0.22677627,0.15063675,1.1425885,0.565258,-0.77028227,0.6004157,-0.2089122,-0.89950883,0.6404646,-2.1419475,0.36198437,0.65446323,-1.6256354,0.5064544,-0.4657604,0.38930428,1.0533098,1.5380791,-0.124244794,0.632664,1.7928804,0.84873873,0.49217078,-0.092067055,-0.08414966,-1.198334,0.12039761,-1.0042111,-1.4238791,-1.9681808,-0.9105722
1.1923487,-2.1785214,-1.2755542,0.151166,-0.474403,0.44858006,0.16129327,0.8491025,-0.16765843,-1.0945913,0.14605153,0.05337881,-0.20606321,-0.6817243,0.7003617,0.5217541,-1.5605282,-0.23897879,-0.32395908,-1.6153976,-0.8579512,-1.6781198,-0.27827105,0.719191,1.1894474,0.28451687,-0.044973426,0.06364651,-0.83469945,1.6392984,-0.19251025,1.2559421,1.5048372,0.83917207,0.30782804,0.9503165,-0.14732856,0.22711498,0.81365067,0.33269128,-0.19916284,1.4014726,0.44731045,-1.4318892,0.12911913,1.082916,0.18276791,0.19670404,1.160515,0.83509237,0.60791606,-0.4907281,-0.050435007,0.46395677,0.437483,0.091951415,1.1337235,0.44660515,-1.1317888,0.4472165,-0.48311347,-0.92546755,0.59903157,-1.9020326,0.18304439,0.790255,-1.6336374,0.45322108,-0.39578477,0.33778945,0.9130486,1.6138515,-0.46956682,0.53633356,1.6645255,0.71035546,0.45523986,0.0819696,0.052452028,-1.2253511,0.07961582,-0.6849048,-1.3616316,-1.8753692,-1.3394948
1.2154349,-2.2289312,-1.0445614,0.043648966,-0.42909315,0.5659413,0.34485802,0.5973227,-0.49217764,-1.3528455,0.44178146,0.3354796,0.12645678,-0.7201257,0.5923724,0.22240023,-1.8630842,-0.2255943,-0.31273547,-1.7691349,-1.078308,-1.6203971,-0.29022872,0.9310537,1.6451635,0.1956827,0.23826855,-0.13036868,-1.2164197,1.6306884,-0.4906352,1.2978644,1.5188254,0.98131806,0.3253426,0.952631,0.060111374,0.23955248,0.49023935,0.88221246,0.7004806,1.254819,0.5860196,-1.7453845,0.0606305,0.8001725,0.039065305,0.23272589,1.2018478,0.5391236,0.31822363,-0.7484282,0.17162503,0.8809054,0.66080844,0.020501187,1.0474787,0.3124742,-1.4144677,0.21229681,-0.65781444,-0.8938368,0.55094266,-1.5941247,0.028901745,0.89308447,-1.5296862,0.37889102,-0.26885098,0.30285904,0.73988146,1.6680096,-0.7525265,0.5259346,1.5575864,0.66272914,0.48803195,0.27069348,0.19759132,-1.1189091,0.07787092,-0.37825516,-1.2334654,-1.6404853,-1.6753137
1.2498847,-2.1234074,-0.75107694,-0.1057381,-0.43932265,0.60533816,0.4849913,0.29358155,-0.81665754,-1.5483353,0.76596844,0.6367595,0.43974942,-0.7286986,0.48227784,-0.10077258,-2.023017,-0.2060162,-0.25062424,-1.6441672,-1.250135,-1.4719028,-0.308015,1.0845659,2.024239,0.07554113,0.53772575,-0.31436315,-1.5240374,1.5598731,-0.72663385,1.3733164,1.5345254,1.1811303,0.42446584,0.9508425,0.31598696,0.29421476,0.16024981,1.439117,1.5271072,1.0711359,0.6983344,-1.9263433,0.04204658,0.46414754,-0.16139156,0.21417643,1.1684828,0.21272041,0.042824104,-0.9544403,0.41473514,1.2590379,0.8754296,-0.06885304,0.88440394,0.15688841,-1.6057595,-0.07530266,-0.733207,-0.82132626,0.48230362,-1.2603195,-0.1126427,0.9500252,-1.3305824,0.2737205,-0.099092305,0.27415854,0.53656375,1.6877145,-0.9617185,0.59545636,1.4630971,0.69807804,0.57150275,0.44952387,0.3508437,-0.89367235,0.109319575,-0.12090295,-1.0655115,-1.2896756,-1.8785592
1.2806265,-1.8884271,-0.42021853,-0.29938158,-0.51062906,0.56047237,0.5643206,-0.045756996,-1.1245286,-1.6775976,1.0875747,0.91004664,0.7077578,-0.71751845,0.3805219,-0.4338071,-2.039118,-0.16087633,-0.15277182,-1.24332,-1.3655411,-1.2579294,-0.34845474,1.1651517,2.290703,-0.0762287,0.8211108,-0.49136296,-1.7345802,1.4299331,-0.8941718,1.4653069,1.5404277,1.4013001,0.5777708,0.9319407,0.6060233,0.38216564,-0.13506925,1.9507749,2.1927607,0.85073715,0.77311814,-1.9719775,0.07377704,0.09212669,-0.41101405,0.12166849,1.0559379,-0.13317908,-0.20941097,-1.113637,0.65340406,1.5514225,1.0572935,-0.17915052,0.6507528,-0.026205536,-1.7023531,-0.3793746,-0.7221443,-0.7251565,0.38221544,-0.9454353,-0.2588046,0.9485387,-1.0655278,0.13037927,0.09096301,0.23518945,0.30744055,1.6594776,-1.0973122,0.7250583,1.3627546,0.7936273,0.67642003,0.596464,0.51041675,-0.58193547,0.16686046,0.061780713,-0.88575524,-0.86999553,-1.9291185
1.2900763,-1.5624986,-0.07691272,-0.53172773,-0.63542885,0.43766814,0.57284224,-0.39983085,-1.3979651,-1.7431216,1.3720753,1.1068654,0.9057733,-0.697677,0.28954008,-0.7629616,-1.9268352,-0.070544146,-0.035741195,-0.60563767,-1.4234415,-1.0114133,-0.42380604,1.1631556,2.414646,-0.25669315,1.0557548,-0.6666265,-1.8373424,1.2474245,-0.9971877,1.55162,1.5217766,1.6012709,0.7486744,0.8876143,0.90592,0.4899747,-0.36018464,2.36544,2.6245685,0.6001778,0.79834306,-1.8966218,0.14785202,-0.29575515,-0.6962816,-0.054810658,0.86848766,-0.48681304,-0.43185535,-1.2368742,0.8602545,1.7182479,1.1823475,-0.31122017,0.35820782,-0.24155834,-1.7103454,-0.66349775,-0.64643204,-0.6225482,0.24502057,-0.6908531,-0.4285667,0.87731427,-0.772447,-0.05461895,0.27389857,0.16597311,0.058499545,1.5709883,-1.1703176,0.8853786,1.2332382,0.9166068,0.7686605,0.69427675,0.6700841,-0.23045763,0.24193144,0.15800606,-0.72095895,-0.44283378,-1.8305707
1.2594541,-1.1905302,0.2565243,-0.78893554,-0.79500896,0.25493923,0.50895065,-0.7461105,-1.6197296,-1.752861,1.5862006,1.184451,1.0135683,-0.68097305,0.20508057,-1.0770272,-1.715856,0.080674365,0.08423154,0.19843286,-1.4291625,-0.76579636,-0.5395971,1.0746783,2.375469,-0.45929742,1.2134718,-0.84610665,-1.8358369,1.0214316,-1.048919,1.6081061,1.4629312,1.7447634,0.89782125,0.8159697,1.1836206,0.6013896,-0.49212655,2.638118,2.7748773,0.33466023,0.7635405,-1.7293928,0.24997047,-0.6791731,-0.99913126,-0.31322655,0.6184572,-0.83623654,-0.62029237,-1.3386465,1.0096127,1.7315694,1.229629,-0.46401203,0.023262033,-0.49085572,-1.6441914,-0.8974013,-0.5326078,-0.5303643,0.071135,-0.52828944,-0.6389737,0.7278205,-0.49389127,-0.28082722,0.42171347,0.04674573,-0.20315875,1.4132273,-1.2002708,1.0430659,1.0521106,1.0309145,0.81554765,0.7318447,0.8172988,0.10547188,0.32373852,0.16892892,-0.5941349,-0.0732806,-1.6101863
1.1717744,-0.81758493,0.5618831,-1.0501785,-0.9638365,0.03903401,0.37910917,-1.0629971,-1.775334,-1.7196391,1.7025396,1.1131964,1.0177008,-0.6793822,0.11921753,-1.368136,-1.4455673,0.30086237,0.1925448,1.075519,-1.392272,-0.54890037,-0.69372475,0.9020409,2.1650033,-0.67441547,1.2739928,-1.0351115,-1.7469027,0.76190686,-1.0690999,1.6127139,1.3496081,1.8057963,0.9892582,0.72142553,1.40319,0.6990083,-0.52555686,2.7361207,2.6285076,0.0784872,0.66280794,-1.5091122,0.36203262,-1.0403668,-1.2983469,-0.63865983,0.32427192,-1.1703284,-0.7734625,-1.4337575,1.0809761,1.5795968,1.1839442,-0.63470787,-0.33384627,-0.7716457,-1.524968,-1.0609492,-0.40752906,-0.4652121,-0.13336773,-0.47455528,-0.9019397,0.49572715,-0.27146384,-0.54382056,0.5102855,-0.13770226,-0.46995693,1.1823752,-1.2109985,1.166604,0.8032517,1.1037118,0.7912937,0.7043742,0.9329574,0.37022144,0.39864716,0.10703263,-0.52253246,0.1820005,-1.3144923
1.0145968,-0.483199,0.8254747,-1.2907251,-1.1147965,-0.1791521,0.19636776,-1.3327694,-1.8555509,-1.6591471,1.703516,0.8818055,0.91356,-0.7041288,0.024479223,-1.6325697,-1.1595695,0.5877104,0.2772122,1.9218447,-1.3247051,-0.37764302,-0.8775363,0.6535526,1.7897929,-0.8898544,1.2280178,-1.2370143,-1.5976939,0.47864544,-1.0801445,1.548987,1.1714191,1.7723688,0.99606246,0.6132047,1.5298076,0.7652719,-0.47395554,2.64405,2.206067,-0.13845965,0.49803865,-1.2778374,0.46530557,-1.3648996,-1.5717506,-1.004902,0.0071378,-1.4792032,-0.8932276,-1.5342346,1.061812,1.268761,1.0387517,-0.8189975,-0.69057655,-1.0766873,-1.3776572,-1.1459589,-0.2946001,-0.44298372,-0.35808778,-0.52839154,-1.221113,0.18303771,-0.14054833,-0.8357325,0.5230373,-0.39476082,-0.7342647,0.8809918,-1.2262715,1.2312587,0.48090115,1.1111284,0.6812245,0.6128171,0.99342823,0.5170604,0.45050701,-0.0073975036,-0.51554585,0.28607392,-1.0016092
0.7811032,-0.21670307,1.0379078,-1.4862777,-1.2240748,-0.3699159,-0.021736305,-1.5432904,-1.8582994,-1.5885911,1.5843871,0.49971253,0.70653975,-0.7646254,-0.08338622,-1.8700589,-0.8991767,0.92699414,0.3291895,2.6369095,-1.2387916,-0.2553404,-1.0773314,0.34327874,1.2717539,-1.0922753,1.0781223,-1.4520135,-1.420829,0.18069172,-1.103046,1.4084094,0.92340666,1.6473327,0.90399545,0.50277454,1.5351298,0.78356236,-0.3678952,2.3668914,1.5618863,-0.28640333,0.28092632,-1.0737591,0.54347724,-1.6429893,-1.7987676,-1.3775266,-0.31244475,-1.7545773,-0.98446155,-1.6466777,0.94895685,0.8242506,0.7971935,-1.0106919,-1.0243198,-1.3939506,-1.2279485,-1.1552914,-0.21172583,-0.47727165,-0.5908781,-0.6696181,-1.590109,-0.20094077,-0.125644,-1.1459253,0.45311484,-0.72146535,-0.9890344,0.5182998,-1.2650892,1.2225884,0.09165552,1.0417086,0.48357478,0.46274915,0.97441906,0.51697487,0.46154448,-0.14985724,-0.57396466,0.22897728,-0.73137134
0.47284853,-0.034112096,1.1936435,-1.6171812,-1.2751404,-0.509697,-0.25556627,-1.6895189,-1.7893121,-1.5238788,1.3540107,-0.003227556,0.4118219,-0.86710274,-0.20322296,-2.0822742,-0.69812584,1.2933093,0.3423745,3.1368446,-1.1451844,-0.17210044,-1.2764655,-0.0099339625,0.6470327,-1.268706,0.8385183,-1.6762893,-1.248871,-0.12366028,-1.1534373,1.1924208,0.6075184,1.4467678,0.71322525,0.40044516,1.4021174,0.7394563,-0.24943326,1.9307075,0.77762854,-0.34285414,0.032964993,-0.9248363,0.58462995,-1.868937,-1.9629381,-1.7187569,-0.6181252,-1.9899061,-1.054831,-1.7702234,0.74873775,0.2874082,0.4727639,-1.2015574,-1.3148375,-1.7078806,-1.0991571,-1.1008468,-0.16984108,-0.57712054,-0.8195085,-0.86161816,-1.9919972,-0.6386284,-0.23672497,-1.4616603,0.30402476,-1.1036804,-1.2275367,0.10961612,-1.3386028,1.1376677,-0.3458103,0.8973235,0.20925578,0.2627039,0.855836,0.36505768,0.41463527,-0.29543778,-0.6888681,0.029729638,-0.5552454
0.09988073,0.06310867,1.2908986,-1.6726753,-1.26041,-0.5846289,-0.48544416,-1.7733938,-1.6611142,-1.4774005,1.0336598,-0.5804635,0.05272295,-1.0131077,-0.32904536,-2.2712092,-0.57800484,1.6525385,0.31502378,3.3653955,-1.0515771,-0.10768924,-1.4581139,-0.38408226,-0.036936905,-1.4077328,0.5328135,-1.902103,-1.1082488,-0.42674842,-1.2391148,0.9121707,0.23272564,1.1960618,0.43765426,0.31235355,1.1283776,0.6222407,-0.16434772,1.3799242,-0.048421644,-0.29909518,-0.21644412,-0.8446147,0.5828051,-2.0406537,-2.0535738,-1.9924113,-0.8993628,-2.18043,-1.113372,-1.8965445,0.4760602,-0.28848004,0.08771292,-1.381371,-1.5468049,-2.000854,-1.0091858,-1.0003809,-0.17323023,-0.74406344,-1.0337455,-1.0562385,-2.400327,-1.1046895,-0.46730617,-1.7684561,0.08862518,-1.5173887,-1.4432007,-0.3246636,-1.447998,0.984475,-0.80343753,0.69173396,-0.12057532,0.023186754,0.6271602,0.08284835,0.29638833,-0.42217785,-0.8422569,-0.26823616,-0.50725687
-0.31961834,0.08693829,1.3320608,-1.6531938,-1.1813837,-0.5923268,-0.69366807,-1.8032134,-1.490825,-1.4561363,0.65423274,-1.1749544,-0.34178567,-1.198928,-0.4517717,-2.4371338,-0.5462273,1.9661031,0.2490987,3.3005357,-0.96230996,-0.0364772,-1.6063529,-0.7554918,-0.7261769,-1.5004174,0.19086283,-2.1180446,-1.0147425,-0.72095007,-1.3585758,0.5875709,-0.18462232,0.92531514,0.102609344,0.23835939,0.72760755,0.42679432,-0.15356375,0.7725985,-0.81418496,-0.16377361,-0.43439174,-0.8309113,0.53874743,-2.1591835,-2.0666668,-2.1693292,-1.1522152,-2.32322,-1.1687366,-2.0113316,0.15215676,-0.8450751,-0.3290136,-1.5381416,-1.71201,-2.2554383,-0.9682648,-0.87424356,-0.22010279,-0.9701798,-1.2261844,-1.2012085,-2.7814653,-1.5677775,-0.79463285,-2.0505347,-0.17321229,-1.9313118,-1.6289792,-0.7615029,-1.5847775,0.779713,-1.2472212,0.4473952,-0.47801778,-0.24427688,0.29122195,-0.2840637,0.10035163,-0.51320183,-1.008119,-0.60672086,-0.59854597
-0.76005054,0.060023922,1.3246434,-1.5710157,-1.0469545,-0.54131824,-0.86562365,-1.7918905,-1.2969381,-1.4603567,0.25206792,-1.7267424,-0.74051386,-1.4152397,-0.5628157,-2.5779998,-0.5958368,2.1965263,0.15190008,2.9569066,-0.8774815,0.06643459,-1.707963,-1.1010451,-1.3659627,-1.5408007,-0.15542778,-2.3103237,-0.97091657,-0.9983662,-1.501913,0.24482808,-0.62233305,0.6644304,-0.25893843,0.17144904,0.22889355,0.15562549,-0.24528143,0.17259306,-1.4272376,0.036820296,-0.5904186,-0.8672609,0.45971924,-2.2273765,-2.0050495,-2.2311609,-1.3775954,-2.417269,-1.2276608,-2.0967586,-0.19784637,-1.3265642,-0.74558556,-1.6595461,-1.8104528,-2.4565392,-0.9775588,-0.74262434,-0.30431992,-1.2370226,-1.3920828,-1.248647,-3.0986433,-1.9932498,-1.1819562,-2.2915823,-0.4574717,-2.3113358,-1.7769767,-1.1770122,-1.7325952,0.5456687,-1.6422272,0.19121268,-0.83262384,-0.52700573,-0.13400738,-0.67365634,-0.17022851,-0.5579914,-1.1554685,-0.9253596,-0.81575453
-1.1906741,0.011182187,1.2822714,-1.4483994,-0.8709254,-0.44873556,-0.9905251,-1.7548971,-1.0962192,-1.4837853,-0.13607763,-2.1807725,-1.1134026,-1.6481669,-0.65685225,-2.6893885,-0.70776033,2.31347,0.035087395,2.3821576,-0.7933435,0.21948145,-1.7526089,-1.3997602,-1.906972,-1.5258117,-0.47586942,-2.4645536,-0.9658426,-1.2509001,-1.6526809,-0.0870125,-1.0538464,0.43899298,-0.6108259,0.09927842,-0.32646623,-0.1796121,-0.44899064,-0.35875377,-1.8168685,0.2630071,-0.6621397,-0.92733496,0.35879254,-2.2502656,-1.8774326,-2.173438,-1.5787402,-2.4635384,-1.2933208,-2.1354938,-0.5477887,-1.6870878,-1.1307911,-1.7345883,-1.8504827,-2.5931988,-1.0290754,-0.62274444,-0.41660944,-1.516896,-1.5285289,-1.1635027,-3.31686,-2.346916,-1.5830082,-2.4755077,-0.73965895,-2.6251507,-1.878556,-1.5489676,-1.8703909,0.30651814,-1.9567269,-0.049657334,-1.1551036,-0.8114004,-0.6161698,-1.0182872,-0.5005408,-0.5529056,-1.2522937,-1.1742222,-1.1235465
-1.5791922,-0.029767754,1.2245549,-1.3138946,-0.66939074,-0.33661,-1.0621561,-1.7079381,-0.9010365,-1.5148429,-0.47777125,-2.493535,-1.4348733,-1.8808732,-0.734418,-2.7657492,-0.8545314,2.2987733,-0.085212246,1.6496899,-0.70338583,0.4303635,-1.7333806,-1.6347867,-2.3105989,-1.4553127,-0.74585307,-2.5675886,-0.9782209,-1.4704554,-1.7911047,-0.37976944,-1.4504184,0.26745936,-0.9183179,0.006978596,-0.88991237,-0.5575448,-0.7529369,-0.77127326,-1.9427264,0.46865684,-0.64031154,-0.9808598,0.25332227,-2.2344046,-1.696642,-2.0062535,-1.7581812,-2.4650488,-1.3643475,-2.1143992,-0.87284803,-1.8970166,-1.457899,-1.7553657,-1.8471842,-2.659747,-1.1069896,-0.52709186,-0.5462923,-1.7762272,-1.6337755,-0.9304619,-3.4078407,-2.5993683,-1.9475768,-2.5881426,-0.9971927,-2.8468063,-1.9252921,-1.8588424,-1.9764831,0.08489422,-2.1663315,-0.25157282,-1.4207398,-1.0828079,-1.1125773,-1.2575604,-0.8645336,-0.5008341,-1.2707272,-1.3228704,-1.471564
-1.8953415,-0.037299663,1.1754977,-1.1969622,-0.4585541,-0.22775021,-1.0787877,-1.6650894,-0.71885026,-1.5392994,-0.7482526,-2.638465,-1.6859598,-2.0959034,-0.8019113,-2.802394,-1.0051563,2.1503367,-0.19069237,0.84767437,-0.5995203,0.6939099,-1.6469729,-1.7943336,-2.5530384,-1.3318708,-0.9487342,-2.6101518,-0.9813991,-1.6500807,-1.8980999,-0.6100337,-1.7844266,0.15929537,-1.1524335,-0.11884654,-1.4123491,-0.94786274,-1.1251457,-1.0324662,-1.8000073,0.6102197,-0.53066957,-1.000113,0.16271171,-2.1880562,-1.4780687,-1.7531034,-1.9148809,-2.4271545,-1.4354289,-2.0279233,-1.1520962,-1.9466279,-1.7072344,-1.7188946,-1.8195927,-2.6563373,-1.1902702,-0.46152294,-0.68217796,-1.9811372,-1.7060753,-0.5580321,-3.3552246,-2.7296662,-2.2282183,-2.6192513,-1.2119547,-2.9605772,-1.9105612,-2.0933917,-2.0325782,-0.100745395,-2.2566862,-0.39723584,-1.6113853,-1.3263028,-1.5759665,-1.3501941,-1.2273496,-0.41038805,-1.1918224,-1.3644131,-1.8032495
-2.1149595,0.0056039467,1.1603124,-1.1224207,-0.25325498,-0.1417769,-1.043178,-1.6369371,-0.5522912,-1.5430328,-0.9334325,-2.6079893,-1.8555694,-2.277128,-0.8700238,-2.797382,-1.1303394,1.883854,-0.26250166,0.0669149,-0.47395444,0.9923597,-1.4941071,-1.8722734,-2.6270878,-1.161124,-1.0775499,-2.5883741,-0.9493939,-1.7847997,-1.9583584,-0.7620896,-2.032321,0.11485742,-1.2930962,-0.28598216,-1.850663,-1.313567,-1.5182754,-1.1313523,-1.418687,0.655478,-0.3528145,-0.96576244,0.105470255,-2.1205285,-1.2378519,-1.4475359,-2.0429049,-2.357087,-1.4985698,-1.8801376,-1.3695933,-1.8466399,-1.8676723,-1.6280484,-1.7871563,-2.5888312,-1.2564698,-0.42462036,-0.81326765,-2.1032655,-1.743182,-0.078508355,-3.157929,-2.7283738,-2.3865533,-2.5644982,-1.3714588,-2.9628544,-1.8316611,-2.2456272,-2.0270448,-0.23832615,-2.2251897,-0.47717592,-1.7168815,-1.528014,-1.9619039,-1.2821809,-1.5498707,-0.29503325,-1.0092242,-1.3132231,-2.0658758
-2.2234528,0.10449561,1.2006471,-1.1053689,-0.06606889,-0.09206427,-0.9623255,-1.6298021,-0.40159497,-1.5151134,-1.030312,-2.4137151,-1.9402219,-2.4114225,-0.9501076,-2.7529237,-1.2069255,1.5317632,-0.28462198,-0.6109035,-0.32146046,1.2983972,-1.280131,-1.8681884,-2.54219,-0.95187324,-1.1346371,-2.5052814,-0.86386096,-1.8725982,-1.9631498,-0.8299717,-2.1778114,0.1259075,-1.3314854,-0.4939373,-2.1738286,-1.6154115,-1.8772198,-1.0788486,-0.8588117,0.5901708,-0.1359249,-0.8705486,0.09608519,-2.0414133,-0.99143577,-1.128206,-2.1313803,-2.2639987,-1.5448987,-1.6844878,-1.5154229,-1.6256862,-1.9366889,-1.4918343,-1.7655092,-2.4679945,-1.2859503,-0.4075061,-0.92907417,-2.124983,-1.7422668,0.45621285,-2.831858,-2.5985928,-2.3983858,-2.4272804,-1.4688509,-2.8622737,-1.6919827,-2.3151429,-1.9570884,-0.322981,-2.081226,-0.49057153,-1.7353181,-1.676654,-2.2357206,-1.0701245,-1.7945615,-0.17158741,-0.7311823,-1.1975335,-2.2191164
-2.2174718,0.25276884,1.3098402,-1.1476728,0.092747405,-0.08421081,-0.8466456,-1.6452354,-0.26687926,-1.44986,-1.0462842,-2.0837598,-1.9425709,-2.4894626,-1.0496757,-2.6757545,-1.2216549,1.1396763,-0.24637453,-1.1229117,-0.14144655,1.5798731,-1.0155602,-1.7867206,-2.3219302,-0.71617395,-1.1308217,-2.3708448,-0.71838796,-1.9149767,-1.9116216,-0.81808203,-2.2141104,0.1774349,-1.2706254,-0.73247206,-2.3667047,-1.8173902,-2.1487603,-0.9049935,-0.20098826,0.42127162,0.08753542,-0.72065264,0.14237739,-1.9591643,-0.75298244,-0.83313,-2.1664052,-2.1581419,-1.5674608,-1.4625006,-1.5856912,-1.3244971,-1.9187137,-1.3246198,-1.7633102,-2.308041,-1.265741,-0.39531222,-1.0193022,-2.0427635,-1.7003345,0.9831751,-2.4089918,-2.3555765,-2.2568893,-2.2195318,-1.5022181,-2.6779976,-1.5022302,-2.307789,-1.8291736,-0.35713017,-1.8450958,-0.44472522,-1.6725413,-1.7652873,-2.3780768,-0.7581594,-1.9320428,-0.058486514,-0.3795248,-1.0494366,-2.2409935
-2.1064668,0.43273777,1.4888787,-1.2369232,0.21531038,-0.1157024,-0.70894116,-1.6802124,-0.15073553,-1.3479759,-0.9966239,-1.6580948,-1.8694897,-2.5057688,-1.1686869,-2.5757365,-1.1728946,0.76029164,-0.14503516,-1.4311569,0.060859498,1.805481,-0.7160778,-1.6367364,-2.000478,-0.46906093,-1.0823668,-2.2008398,-0.5212829,-1.9169515,-1.8106765,-0.74028504,-2.145349,0.24975547,-1.1250906,-0.98293,-2.4311068,-1.8926423,-2.2904615,-0.6528877,0.46557796,0.1759773,0.2887221,-0.5341967,0.24363928,-1.8798593,-0.5346763,-0.5935029,-2.1337042,-2.0500884,-1.563025,-1.2399582,-1.5817367,-0.98900884,-1.8231721,-1.1444193,-1.7800094,-2.125062,-1.192508,-0.3701757,-1.0741042,-1.8677468,-1.6149726,1.4392518,-1.9336807,-2.0244024,-1.9736309,-1.9608293,-1.4734733,-2.4361916,-1.2807373,-2.23482,-1.6580652,-0.3497631,-1.5455545,-0.35408235,-1.5410835,-1.7925878,-2.3876522,-0.40939182,-1.9462861,0.026584778,0.013381062,-0.8946061,-2.1300957
-1.9102938,0.61895335,1.7249014,-1.3482585,0.29605517,-0.17720817,-0.5630444,-1.7279859,-0.059563898,-1.2164409,-0.90127885,-1.1830233,-1.7295911,-2.457778,-1.2968621,-2.4640243,-1.0707035,0.44593978,0.013838817,-1.5251716,0.27332523,1.9508277,-0.40193373,-1.4301193,-1.6174499,-0.22744848,-1.0079198,-2.0145137,-0.2947933,-1.8860661,-1.6735114,-0.6175213,-1.9860474,0.32132354,-0.9186959,-1.221114,-2.384239,-1.828678,-2.278815,-0.3711855,1.0561491,-0.10320841,0.44758886,-0.3375355,0.38977814,-1.8054931,-0.34635055,-0.42919058,-2.0223215,-1.9492201,-1.5330701,-1.0427665,-1.5090349,-0.6620954,-1.662116,-0.97085,-1.8056767,-1.935072,-1.0735815,-0.31549034,-1.0843995,-1.6233879,-1.4854319,1.7726486,-1.4572294,-1.6364167,-1.5767127,-1.676471,-1.3868672,-2.165814,-1.051985,-2.1112275,-1.4643439,-0.31462988,-1.2167003,-0.23842822,-1.3588023,-1.7630774,-2.2808614,-0.09357527,-1.8384273,0.06912042,0.40948418,-0.7454854,-1.9036624
-1.6571828,0.78249604,1.9921223,-1.448573,0.3317902,-0.25460228,-0.42212895,-1.7789001,-0.003612313,-1.0668883,-0.78082466,-0.7046003,-1.5312711,-2.3454905,-1.4140983,-2.3502107,-0.93487334,0.24076338,0.21553685,-1.4206252,0.47819585,2.00293,-0.09632228,-1.1804703,-1.2126812,-0.008434204,-0.9245068,-1.8314618,-0.07125891,-1.8314043,-1.5172617,-0.47439295,-1.7592831,0.3717816,-0.6815142,-1.42181,-2.2541146,-1.6313503,-2.113335,-0.10633247,1.502416,-0.36635497,0.5557274,-0.16007489,0.5622846,-1.7336913,-0.19564718,-0.3455784,-1.8274843,-1.8628138,-1.4838935,-0.89232826,-1.3760421,-0.37751994,-1.4482161,-0.821871,-1.8227882,-1.7518247,-0.9261336,-0.22069348,-1.0423869,-1.340653,-1.3136264,1.9524318,-1.0305439,-1.225422,-1.1069794,-1.3939453,-1.2475004,-1.8942332,-0.8437924,-1.9541166,-1.2711024,-0.26835296,-0.8939781,-0.120606154,-1.1468259,-1.6865474,-2.0883172,0.12681161,-1.6274576,0.06056706,0.77089125,-0.5986486,-1.5926948
-1.3784738,0.8960402,2.2554274,-1.5025918,0.32205173,-0.3318409,-0.297104,-1.8217101,0.0049865623,-0.91376454,-0.652768,-0.26298374,-1.2814026,-2.1709828,-1.4929024,-2.2395763,-0.79153156,0.17342103,0.4390283,-1.1541857,0.65298194,1.9625746,0.17672105,-0.9017624,-0.82104456,0.17280951,-0.8438121,-1.6685009,0.11279873,-1.761537,-1.3601189,-0.3352141,-1.4936229,0.38508922,-0.4455085,-1.5636615,-2.0735328,-1.3248549,-1.8173689,0.10500726,1.7611933,-0.5655891,0.6164231,-0.028853461,0.7362435,-1.6578054,-0.08742933,-0.33349136,-1.552762,-1.7946225,-1.4251883,-0.80227506,-1.1924928,-0.1545757,-1.1935241,-0.7116288,-1.8095595,-1.5848219,-0.77407295,-0.08538402,-0.943526,-1.0522971,-1.1048805,1.9741092,-0.6969482,-0.82334656,-0.6123296,-1.1390867,-1.0607393,-1.6430608,-0.6833425,-1.7803072,-1.1003611,-0.22787395,-0.6097206,-0.023733284,-0.92720866,-1.5766654,-1.8493586,0.2089182,-1.347666,0.00011558599,1.0651957,-0.4380298,-1.23515
-1.1047885,0.93863535,2.475883,-1.4794223,0.26954034,-0.3936836,-0.19517392,-1.8448601,-0.04503612,-0.7715164,-0.52875674,0.11259204,-0.98529273,-1.9382764,-1.5038004,-2.1320138,-0.66856915,0.25173342,0.6587059,-0.7765853,0.7742078,1.8444312,0.39556432,-0.6073179,-0.46884835,0.30541903,-0.7696513,-1.536396,0.22342288,-1.683178,-1.218406,-0.21989682,-1.2185191,0.352137,-0.24033183,-1.6334124,-1.8739731,-0.9494828,-1.4346457,0.24024197,1.8190302,-0.6637068,0.6419264,0.03642848,0.8835741,-1.5682431,-0.023727765,-0.3713083,-1.210687,-1.7442799,-1.3676332,-0.7759376,-0.9681818,0.003062421,-0.90906227,-0.6475833,-1.7442058,-1.4380096,-0.6437744,0.07923359,-0.78756124,-0.7865784,-0.8683462,1.8595965,-0.48580015,-0.45727113,-0.14100343,-0.9324107,-0.8314721,-1.4257448,-0.59257287,-1.6043038,-0.9696232,-0.2079004,-0.38943145,0.03188019,-0.72058666,-1.4490702,-1.6049755,0.13776676,-1.0438924,-0.1039696,1.2699772,-0.2417748,-0.86868304
-0.8608882,0.8992535,2.616656,-1.3585416,0.18066649,-0.42810404,-0.11884984,-1.8378414,-0.16019823,-0.6522638,-0.41269672,0.4067962,-0.64729166,-1.6544862,-1.4211985,-2.0217028,-0.590644,0.46037403,0.84830856,-0.3442714,0.82017297,1.6742979,0.5433827,-0.3087884,-0.17137669,0.38416883,-0.69663507,-1.4383218,0.23624726,-1.5999215,-1.1043048,-0.14098904,-0.96053183,0.27272695,-0.08870689,-1.6283976,-1.680313,-0.5551932,-1.0225362,0.29299802,1.6915871,-0.6409033,0.6489426,0.026565174,0.9769406,-1.4553168,-0.003633982,-0.42946982,-0.82200897,-1.7072095,-1.3204281,-0.8062226,-0.71217394,0.10657225,-0.6051316,-0.6298451,-1.6094097,-1.308821,-0.5588497,0.25157934,-0.5802477,-0.56260824,-0.61700255,1.6520786,-0.40832978,-0.14664993,0.26486498,-0.78594077,-0.5644808,-1.2460228,-0.58409464,-1.4363856,-0.88927764,-0.21875155,-0.24853373,0.03172045,-0.5436309,-1.3193672,-1.3912523,-0.070980266,-0.7642631,-0.23492853,1.3750126,0.008190417,-0.524446
-0.6636387,0.7785116,2.6485863,-1.1337885,0.065550596,-0.42794853,-0.06590876,-1.7923558,-0.33904698,-0.5640689,-0.30130976,0.61863554,-0.27235842,-1.3303058,-1.2297404,-1.8986201,-0.57483685,0.7620762,0.9848443,0.087657236,0.77470094,1.483987,0.61092246,-0.01582935,0.066978335,0.4102507,-0.6110758,-1.369417,0.14062203,-1.5118071,-1.0243933,-0.101781994,-0.73949265,0.15608728,-0.003402111,-1.557279,-1.5078589,-0.19424446,-0.6428325,0.27204704,1.4181585,-0.49801543,0.65434396,-0.055602748,0.99343896,-1.312093,-0.022979591,-0.47658145,-0.41328692,-1.675219,-1.2887756,-0.8769082,-0.43231744,0.17777354,-0.291621,-0.6509541,-1.3959969,-1.1887889,-0.5354435,0.40437743,-0.3340549,-0.3876938,-0.36699006,1.4066846,-0.45632833,0.09740037,0.57482225,-0.7020457,-0.26507854,-1.0984387,-0.6587028,-1.2817123,-0.86107486,-0.26441675,-0.19074382,-0.030328399,-0.4069345,-1.2015295,-1.2343208,-0.37478608,-0.55264413,-0.3695284,1.3827887,0.31749678,-0.22315672
-0.5198583,0.5884401,2.554069,-0.814665,-0.062058926,-0.3915842,-0.029928587,-1.7033236,-0.56984234,-0.50963694,-0.18545894,0.759717,0.13224238,-0.98058355,-0.9284767,-1.7512335,-0.6271898,1.1020423,1.0509874,0.4720647,0.62990075,1.3058163,0.59746253,0.2638999,0.25100404,0.3909987,-0.49380153,-1.3177754,-0.05770968,-1.4158331,-0.9788746,-0.096228,-0.56643873,0.019644579,0.014490472,-1.4386779,-1.3618094,0.08763733,-0.3522045,0.19733036,1.0535551,-0.25603357,0.6711605,-0.19595103,0.91817224,-1.1370523,-0.07460351,-0.48491874,-0.01394361,-1.6376909,-1.272292,-0.96548104,-0.13585207,0.24338591,0.021065522,-0.6974824,-1.1049294,-1.064734,-0.5787393,0.5113147,-0.06771901,-0.25718504,-0.1360301,1.1792588,-0.60402936,0.2724237,0.77362263,-0.67348474,0.060252372,-0.9701028,-0.8041568,-1.139837,-0.8782958,-0.34162477,-0.2076534,-0.15054661,-0.3136811,-1.1066406,-1.1471994,-0.7131691,-0.44157964,-0.48210916,1.3066863,0.6737405,0.026817117
-0.4277527,0.35032377,2.3291566,-0.42481813,-0.18593127,-0.32258782,-0.0018113588,-1.5697752,-0.83075345,-0.48626256,-0.05349643,0.8502127,0.554896,-0.6239675,-0.53276366,-1.5692501,-0.7413668,1.4159217,1.0381292,0.77311754,0.38863277,1.1665398,0.51081455,0.5244575,0.39110956,0.33819324,-0.32473388,-1.2672749,-0.33789435,-1.3072602,-0.9623888,-0.110791795,-0.44284567,-0.11378806,-0.024654804,-1.2978786,-1.2389874,0.2581042,-0.19270957,0.09528904,0.657295,0.04801283,0.7062972,-0.37188613,0.7462244,-0.9358932,-0.14883293,-0.43573275,0.34767726,-1.5833209,-1.264954,-1.046899,0.1704691,0.32829154,0.3219059,-0.7527417,-0.74751186,-0.92163795,-0.68154407,0.55399334,0.19541955,-0.15708062,0.05765679,1.0155381,-0.81249815,0.3833968,0.8622902,-0.6850611,0.40258574,-0.8437432,-0.9968238,-1.0058031,-0.9267967,-0.4401627,-0.28054115,-0.3151278,-0.2594714,-1.042248,-1.1289922,-1.0201131,-0.44730127,-0.5493224,1.1677444,1.0456957,0.22829835
-0.37858984,0.0907171,1.9832085,0.0019091,-0.28882635,-0.22878698,0.028199563,-1.3948516,-1.0918216,-0.4865872,0.10538866,0.91308796,0.97902864,-0.28096214,-0.072653346,-1.3464726,-0.89927465,1.639784,0.9471417,0.9686606,0.064410456,1.0830749,0.3663011,0.7608301,0.49968034,0.26622748,-0.08837302,-1.2005527,-0.66736925,-1.1813487,-0.9649876,-0.12770061,-0.36192584,-0.22036782,-0.10155931,-1.1629357,-1.1314305,0.30294192,-0.18569998,-0.007130902,0.28418893,0.36743587,0.759921,-0.5560012,0.48377776,-0.7212475,-0.23380399,-0.32168353,0.64787984,-1.5017658,-1.256192,-1.0974151,0.4790413,0.44910404,0.59915704,-0.79960155,-0.34374207,-0.74555516,-0.82510996,0.52743953,0.43054968,-0.067911565,0.19826281,0.9429511,-1.0364155,0.4411778,0.85660154,-0.71643794,0.75055116,-0.7013578,-1.2050694,-0.8716066,-0.9875499,-0.54409957,-0.38292775,-0.50175357,-0.23313352,-1.0118537,-1.1665387,-1.237105,-0.5675771,-0.5551595,0.9906328,1.3880394,0.3925784
-0.3599295,-0.1627458,1.5370766,0.42746484,-0.354677,-0.12067884,0.0685023,-1.1857266,-1.3190832,-0.49968117,0.2976131,0.96888745,1.3831074,0.028723717,0.41139954,-1.0823622,-1.0740674,1.7204583,0.787505,1.0502814,-0.31909314,1.0601432,0.18423215,0.9686078,0.587389,0.18999878,0.22129025,-1.1024786,-1.0072151,-1.0348995,-0.9742862,-0.12905826,-0.31104848,-0.28009367,-0.19203025,-1.0603259,-1.0296496,0.2275853,-0.32896504,-0.08695914,-0.02406671,0.65349054,0.82685333,-0.72075784,0.14744236,-0.5109707,-0.31615642,-0.14743827,0.8707701,-1.3853829,-1.2332466,-1.0979702,0.78104293,0.6098046,0.8412818,-0.82330775,0.081056334,-0.5267926,-0.9822401,0.44253683,0.61554605,0.03045545,0.27455616,0.9669085,-1.2309179,0.4604381,0.78325546,-0.74540114,1.0899091,-0.52756506,-1.3940802,-0.72875625,-1.0396361,-0.63455236,-0.4853608,-0.6827655,-0.218749,-1.0142336,-1.2374339,-1.3239759,-0.78268594,-0.49476585,0.7997454,1.6504871,0.53528374
-0.35897255,-0.3857469,1.0201759,0.8157931,-0.37085325,-0.009823299,0.12457208,-0.9527925,-1.4802238,-0.5129375,0.5227585,1.0308317,1.7422934,0.28949088,0.8753077,-0.7826311,-1.234784,1.6250873,0.57621783,1.0227962,-0.7300181,1.0907751,-0.012378285,1.1436126,0.6609993,0.12316688,0.59700674,-0.9628829,-1.3183455,-0.8679917,-0.9774128,-0.10079462,-0.27522182,-0.28136107,-0.27174884,-1.0109146,-0.92539334,0.055237122,-0.59753984,-0.12867175,-0.24321309,0.86304545,0.89863014,-0.842642,-0.23764326,-0.32415298,-0.38210252,0.07232294,1.0105797,-1.2306023,-1.1840153,-1.0367835,1.0658274,0.79952157,1.0379276,-0.81325054,0.50035703,-0.26259172,-1.1220838,0.32426137,0.73442197,0.15401463,0.28179446,1.0713141,-1.35861,0.45720652,0.6743362,-0.7509882,1.404401,-0.31274095,-1.531056,-0.57042634,-1.0638301,-0.69277084,-0.5594099,-0.82934135,-0.19851804,-1.043336,-1.3139893,-1.2658623,-1.0595558,-0.37652138,0.6157262,1.7893304,0.67178893
-0.3647142,-0.5604718,0.4669519,1.1384745,-0.3302626,0.092712246,0.19813795,-0.7084579,-1.5497215,-0.51337034,0.77217597,1.1023965,2.0313995,0.4927664,1.2786988,-0.45859608,-1.3519003,1.3468997,0.33496475,0.9024521,-1.1324601,1.1590644,-0.20075655,1.2822239,0.7226633,0.07677876,1.0172198,-0.7780947,-1.5673057,-0.6844563,-0.9629573,-0.035792373,-0.2407527,-0.22393236,-0.32105845,-1.0269759,-0.8130507,-0.1771037,-0.9487199,-0.12608443,-0.36787,0.9648591,0.96634203,-0.9054779,-0.6406052,-0.17684525,-0.41796136,0.316737,1.0722054,-1.0383393,-1.1000648,-0.91058564,1.3215919,0.9936025,1.181575,-0.7637383,0.890314,0.04133885,-1.2155945,0.20665446,0.7809748,0.31181067,0.22338887,1.2236006,-1.3944094,0.4470593,0.561359,-0.71639323,1.6767586,-0.054909047,-1.5906154,-0.39324477,-1.0453389,-0.70378155,-0.5827303,-0.9163786,-0.15562494,-1.0882475,-1.3675263,-1.0748888,-1.3579731,-0.22076924,0.45321932,1.7779504,0.8132341
-0.37033623,-0.6774092,-0.086494975,1.3788909,-0.23233226,0.17775247,0.28767672,-0.46567437,-1.5135983,-0.48940077,1.0301027,1.1770027,2.2290237,0.63855034,1.5916861,-0.12604657,-1.402555,0.90736353,0.08684675,0.7142941,-1.4897261,1.2442154,-0.36029223,1.3817956,0.7707999,0.058856074,1.4476388,-0.55158657,-1.7303983,-0.49179745,-0.92271733,0.064467415,-0.19802041,-0.119649746,-0.3283667,-1.1104385,-0.6891148,-0.4248085,-1.3293402,-0.08203692,-0.4087978,0.9438339,1.0230284,-0.9023742,-1.0281488,-0.07750039,-0.41192254,0.5628664,1.0703795,-0.81440616,-0.9783829,-0.7246196,1.5359254,1.1579779,1.2689273,-0.6733894,1.2331626,0.3709386,-1.2407135,0.12501419,0.75955284,0.5038946,0.111486435,1.3828974,-1.3282262,0.443246,0.4699988,-0.630755,1.8907237,0.23995854,-1.5580273,-0.19859289,-0.9762575,-0.65928656,-0.54208225,-0.9265109,-0.07736386,-1.1336012,-1.3722432,-0.7866314,-1.6375617,-0.056637134,0.31960607,1.6142209,0.9641056
-0.37236974,-0.7352738,-0.60540116,1.5342655,-0.08322716,0.23912865,0.3896068,-0.23634651,-1.3718151,-0.43161416,1.2757539,1.2402503,2.32155,0.7351062,1.7995325,0.19718015,-1.3746313,0.35298315,-0.1468876,0.4893393,-1.7686737,1.3258255,-0.47410032,1.4417243,0.8022906,0.07398263,1.8457228,-0.2925358,-1.7960256,-0.30032346,-0.8525106,0.19027555,-0.14307049,0.009347018,-0.29174152,-1.2522547,-0.5513166,-0.64188987,-1.6840789,-0.0072571123,-0.38790157,0.80254996,1.0651813,-0.8357509,-1.3679477,-0.024313847,-0.35468733,0.7900873,1.0270548,-0.5688715,-0.82241994,-0.4911599,1.6972687,1.2553629,1.302045,-0.5440827,1.5191104,0.70525074,-1.186137,0.1080069,0.68428814,0.7216817,-0.033778727,1.5091164,-1.1645637,0.45571998,0.41633558,-0.49014026,2.0328002,0.55875754,-1.4313313,0.0075569307,-0.85624737,-0.559738,-0.43556115,-0.85337126,0.04286415,-1.1612417,-1.3085177,-0.45244214,-1.8643167,0.08374205,0.21547851,1.3224373,1.1209756
-0.3709343,-0.73946387,-1.0588552,1.6147949,0.10562293,0.2742748,0.50001734,-0.030129818,-1.1379963,-0.33367988,1.48688,1.2738914,2.3071074,0.7970611,1.9049212,0.49340844,-1.2684231,-0.25157595,-0.34858564,0.26021034,-1.9435585,1.388157,-0.5298627,1.4641918,0.81511533,0.12348775,2.167166,-0.014237372,-1.7648568,-0.12152752,-0.7522152,0.32546377,-0.07820479,0.13485846,-0.21844912,-1.4332774,-0.39676806,-0.78711593,-1.9635994,0.08203692,-0.33136162,0.5603589,1.0934131,-0.71610236,-1.6314744,-0.0048437743,-0.24123228,0.98292184,0.9678774,-0.31464133,-0.64148533,-0.22692166,1.7966787,1.2527598,1.2884992,-0.3794101,1.7466798,1.0193723,-1.0528014,0.17122263,0.576347,0.94928,-0.18703097,1.5717666,-0.9201814,0.49068585,0.40548918,-0.2973202,2.0943809,0.8835716,-1.220913,0.21545377,-0.6924226,-0.4146306,-0.27231863,-0.7024824,0.2044513,-1.1524361,-1.164652,-0.12949334,-2.0150268,0.171703,0.13621841,0.9496552,1.2739139
-0.36722615,-0.6993622,-1.4215482,1.6414789,0.3198149,0.28469425,0.61639714,0.14661627,-0.83687866,-0.19251387,1.6436028,1.2604847,2.197268,0.84204686,1.9265933,0.7476571,-1.0956552,-0.83424747,-0.506261,0.057282235,-1.9982038,1.4230604,-0.5197678,1.4549078,0.81067944,0.20581292,2.3732424,0.2687242,-1.6478205,0.033808112,-0.62536395,0.45102507,-0.010624046,0.2281306,-0.12213998,-1.6266091,-0.22142604,-0.82913166,-2.130805,0.16735531,-0.26314858,0.24975738,1.1115105,-0.55923635,-1.7964579,0.0020894713,-0.07155738,1.1327935,0.9179958,-0.06599458,-0.44866738,0.049467564,1.8294097,1.1293443,1.2409601,-0.18323971,1.9216433,1.2884388,-0.8530376,0.31399283,0.45919758,1.1664028,-0.3203155,1.5560105,-0.6192498,0.5504704,0.43279484,-0.06127871,2.0734468,1.194551,-0.94717336,0.4132747,-0.49740264,-0.24119851,-0.070936635,-0.49038896,0.3996699,-1.0906955,-0.9376272,0.13000686,-2.0790195,0.18800062,0.07464185,0.5566333,1.4088564
-0.36244145,-0.6255855,-1.6752712,1.6415657,0.54486376,0.27572626,0.73870504,0.29117736,-0.49983415,-0.008116099,1.7318336,1.188113,2.017001,0.8869884,1.895179,0.94979507,-0.87654376,-1.3266393,-0.6138115,-0.096005544,-1.9281709,1.4312103,-0.44027036,1.422924,0.79491204,0.31678686,2.4376266,0.5427068,-1.4634283,0.15715243,-0.47796628,0.54856956,0.049578883,0.26547906,-0.019194625,-1.800583,-0.020174647,-0.7497512,-2.164559,0.2311548,-0.19983536,-0.08891265,1.1254872,-0.38309085,-1.8487834,0.022509305,0.1484054,1.2379869,0.89791036,0.16365924,-0.2582589,0.32104573,1.7958877,0.8815179,1.1756519,0.04050504,2.054687,1.4918766,-0.6075347,0.520166,0.35407004,1.3513328,-0.40767428,1.4653872,-0.2885614,0.6345566,0.48695108,0.20457523,1.9752576,1.4732208,-0.6372423,0.5889124,-0.28713787,-0.061755754,0.14396374,-0.24191976,0.6147721,-0.9647662,-0.6328205,0.28791514,-2.0572288,0.12691341,0.024078017,0.20609924,1.5112857
-0.35634097,-0.5275422,-1.809964,1.6438218,0.7690397,0.2561315,0.8697404,0.4046004,-0.15921661,0.21653752,1.7452949,1.0537349,1.8013674,0.9445242,1.8469635,1.0959961,-0.63515866,-1.674741,-0.67025644,-0.18616727,-1.7403647,1.420194,-0.2919112,1.3797531,0.7778271,0.45017564,2.3506842,0.79744166,-1.2337605,0.24380547,-0.3172907,0.6037803,0.09172093,0.23272489,0.07522445,-1.9231118,0.2120607,-0.54583895,-2.060871,0.2596153,-0.1480511,-0.41356584,1.1414129,-0.20486745,-1.7837583,0.081299424,0.40738007,1.3026507,0.9204027,0.3636567,-0.08307438,0.5745516,1.7023792,0.5262005,1.1097771,0.28751394,2.1586616,1.6170424,-0.34109172,0.76171744,0.27567202,1.4843454,-0.42913958,1.3202472,0.04748551,0.73971283,0.5543051,0.48392746,1.8120342,1.7052739,-0.3202638,0.73200655,-0.078030586,0.099867724,0.34604257,0.013829201,0.8321608,-0.7709766,-0.263062,0.3264864,-1.9589872,-0.0022539268,-0.019301886,-0.04941814,1.5699607
-0.34677154,-0.41230136,-1.8245442,1.6734563,0.9853048,0.23684777,1.0138258,0.49095705,0.15682149,0.4756034,1.6864977,0.8643022,1.5902146,1.0207083,1.8163335,1.1899248,-0.3950146,-1.8472173,-0.6791917,-0.21185437,-1.4522437,1.4019272,-0.078896545,1.3378356,0.77211744,0.5982784,2.1216679,1.0267278,-0.98145485,0.2930563,-0.15105213,0.6087995,0.10718482,0.12768976,0.15061691,-1.96586,0.47796175,-0.22894403,-1.831334,0.24484865,-0.10510571,-0.68640566,1.1638535,-0.038690466,-1.6073786,0.1967902,0.68928087,1.3351222,0.9890833,0.5278652,0.067905225,0.80196667,1.5602608,0.098916195,1.0583236,0.5525374,2.245628,1.6617911,-0.07818826,1.0047932,0.22943893,1.5502641,-0.37439474,1.1522727,0.37002215,0.8608331,0.62317604,0.75948054,1.6018949,1.8824179,-0.02357998,0.83524394,0.11532378,0.22215582,0.5112826,0.24783026,1.0328206,-0.5143924,0.15296936,0.25097,-1.7982948,-0.17701995,-0.054787356,-0.17727527,1.5797902
-0.32990545,-0.2846188,-1.7273527,1.7476509,1.1918861,0.22979781,1.1753249,0.5567618,0.42864805,0.76037025,1.565346,0.6360147,1.42104,1.113729,1.8284287,1.2420355,-0.17534794,-1.8393966,-0.64770025,-0.18424074,-1.0899472,1.3879884,0.19084191,1.3082193,0.78990513,0.7529819,1.776808,1.2290275,-0.72691894,0.30822256,0.01335918,0.5631745,0.09095364,-0.040200096,0.20274061,-1.9083129,0.77571315,0.17595401,-1.5001583,0.18527724,-0.061968178,-0.87925893,1.1941457,0.105287515,-1.3369621,0.3761998,0.9754035,1.3462518,1.0980593,0.6553235,0.19029893,1.0003921,1.3850462,-0.35110655,1.031129,0.8275627,2.3242447,1.6352024,0.16062391,1.2157797,0.21076664,1.5411173,-0.24502057,0.99671924,0.66724837,0.99093723,0.68677545,1.0148755,1.3660923,2.0029342,0.2306069,0.89504933,0.28174573,0.2890712,0.62147367,0.43516344,1.1987202,-0.20847681,0.5923966,0.08826887,-1.589638,-0.36634982,-0.0774049,-0.17038429,1.5435468
-0.30215418,-0.14806758,-1.5361851,1.8726535,1.3915657,0.24623045,1.3562961,0.609615,0.64735,1.0593674,1.3966962,0.39171356,1.3218148,1.214262,1.8937342,1.2682257,0.010777579,-1.6734813,-0.58569795,-0.12503196,-0.68513787,1.3857964,0.50588727,1.2981461,0.840062,0.9065853,1.3548304,1.4064738,-0.48632255,0.2957025,0.16859366,0.47315875,0.04255521,-0.25221106,0.23361161,-1.7412124,1.097311,0.6333718,-1.1001807,0.08512908,-0.008214386,-0.9770977,1.2294494,0.22043833,-1.0011481,0.61316484,1.2465092,1.3477279,1.2339264,0.7503795,0.28476387,1.1708763,1.1938921,-0.7690505,1.0303049,1.1008198,2.3980854,1.5560495,0.36075297,1.3664919,0.20673802,1.457007,-0.055077627,0.8838741,0.9341477,1.121623,0.7442691,1.2360331,1.1258799,2.0711622,0.42730102,0.91162586,0.41389522,0.2922627,0.6665349,0.5580288,1.3151857,0.12681319,1.0300785,-0.11782496,-1.3455966,-0.5374749,-0.0795364,-0.04756742,1.4713625
-0.2616038,-0.0068635494,-1.2772733,2.042303,1.5896087,0.29521737,1.5546398,0.6573109,0.8147336,1.3584186,1.1977062,0.15616405,1.305241,1.3072827,2.0049846,1.287464,0.15634021,-1.3941392,-0.5051713,-0.06306183,-0.27135247,1.3957447,0.8511573,1.3093334,0.92544293,1.0529003,0.9006131,1.5636802,-0.27143064,0.2633162,0.30717993,0.35023043,-0.033642814,-0.4845003,0.24999215,-1.4680301,1.4277792,1.1013457,-0.6688758,-0.047833838,0.06283285,-0.97964305,1.262303,0.30244845,-0.6387803,0.88812023,1.4855504,1.3510787,1.3784668,0.8214999,0.35529768,1.3159482,1.0032855,-1.1048449,1.0487437,1.3565043,2.4648821,1.4495416,0.51406956,1.4377834,0.19938421,1.3066716,0.1703912,0.8315012,1.1706061,1.2426788,0.80001813,1.4126284,0.89948183,2.0956953,0.55929595,0.88863003,0.50796103,0.23173036,0.64507276,0.60743517,1.3724054,0.46808687,1.440827,-0.31413332,-1.0758685,-0.6624811,-0.05340583,0.15093206,1.3789643
-0.20873278,0.13284951,-0.98362964,2.2386801,1.7910888,0.38222742,1.7630285,0.70686805,0.94159645,1.6408046,0.9844878,-0.047792654,1.3657941,1.3745403,2.1379485,1.3185041,0.2590538,-1.061154,-0.41930526,-0.029411731,0.11945032,1.4105266,1.2085652,1.3369535,1.0418755,1.1879393,0.45769882,1.7059547,-0.089157276,0.21923928,0.4209969,0.20874771,-0.12931825,-0.71255165,0.2608285,-1.1052133,1.7463653,1.5357175,-0.24463439,-0.20408262,0.15035689,-0.9010512,1.2812914,0.34760925,-0.29622543,1.1709586,1.6799151,1.366756,1.5123836,0.8793481,0.4078147,1.4377668,0.82697594,-1.3215878,1.0709938,1.5752758,2.5170758,1.3430337,0.6178106,1.4211504,0.17035265,1.1067183,0.3986888,0.84062135,1.3785049,1.3430521,0.860887,1.5387615,0.6989594,2.087532,0.62685657,0.8321562,0.5625034,0.11531997,0.5640554,0.583679,1.3664142,0.79225945,1.8015763,-0.44716427,-0.7879206,-0.72420406,0.005960296,0.37167954,1.2846508
-0.14772779,0.262203,-0.69215083,2.4346664,1.9980792,0.5082456,1.9687,0.7635602,1.044037,1.8886703,0.7701533,-0.20352222,1.4802881,1.3980938,2.2556386,1.376381,0.3192776,-0.7396637,-0.34161174,-0.05175951,0.46044105,1.4162034,1.5578612,1.3700049,1.1780721,1.310556,0.062285572,1.8381091,0.05776544,0.1704624,0.50098956,0.06348004,-0.23307978,-0.9154136,0.27443695,-0.6802553,2.0287693,1.8954642,0.136579,-0.37484562,0.24436598,-0.7676474,1.2724932,0.35158086,-0.022457121,1.4269189,1.8231367,1.4035358,1.6186206,0.9349538,0.44795546,1.5359617,0.67366326,-1.4027419,1.0755777,1.736025,2.5431552,1.261084,0.67316353,1.3184116,0.105894886,0.88024426,0.59503806,0.8950361,1.5594971,1.4117559,0.933247,1.6135385,0.52909446,2.0576284,0.63607657,0.75004566,0.57760704,-0.043191794,0.4371406,0.49536383,1.299354,1.079986,2.0940719,-0.47215572,-0.48869175,-0.7196384,0.09844356,0.5582084,1.2056613
-0.085526615,0.3700147,-0.43951038,2.598285,2.20777,0.66917664,2.155064,0.83072215,1.1390564,2.0840518,0.5639096,-0.30276957,1.6120521,1.363758,2.3156602,1.4692858,0.33802408,-0.49008235,-0.28429508,-0.14956315,0.73317444,1.3956885,1.8782545,1.3933079,1.3177823,1.4221259,-0.26120833,1.9628723,0.17017385,0.122119956,0.53785926,-0.07228414,-0.33147025,-1.0785508,0.29631966,-0.22854026,2.250649,2.1478722,0.44386828,-0.55324435,0.32694218,-0.61419463,1.2218764,0.3093396,0.13746141,1.6226643,1.9156429,1.4678007,1.6852678,0.9974244,0.47988185,1.6072024,0.5464502,-1.3540494,1.0390607,1.8188033,2.5304077,1.2213925,0.6835536,1.1410118,0.001023139,0.6546389,0.7279066,0.96500283,1.7132407,1.4393538,1.0198667,1.6410267,0.38712415,2.0155659,0.59771276,0.65135866,0.5540341,-0.22633138,0.2823529,0.35777926,1.1793286,1.3182452,2.3063798,-0.3614345,-0.18666297,-0.65947586,0.21772842,0.66125804,1.1552027
-0.030263264,0.44433126,-0.25754303,2.6976883,2.4112144,0.8560007,2.3038013,0.9092458,1.2404368,2.2109337,0.3714061,-0.34596917,1.718107,1.2638878,2.2792509,1.5966257,0.31594637,-0.35922927,-0.25650847,-0.33046457,0.9284772,1.3326825,2.1501563,1.3904299,1.4422522,1.52572,-0.50209993,2.0807893,0.25197107,0.07752959,0.5232007,-0.18834195,-0.41014722,-1.1950717,0.32786268,0.21107623,2.3918302,2.2731879,0.65404785,-0.7341042,0.37618047,-0.47922173,1.1176914,0.21620369,0.14990035,1.7328365,1.9641672,1.562742,1.7069716,1.0726638,0.5057297,1.6461227,0.4432075,-1.2020003,0.9414589,1.8081384,2.467734,1.2318901,0.6537991,0.9079372,-0.13748431,0.45887575,0.77532995,1.0141429,1.8367715,1.4205459,1.1181291,1.6297632,0.2643347,1.9682616,0.5253302,0.54576474,0.49342206,-0.41558805,0.11999301,0.19041397,1.019449,1.5016654,2.4349627,-0.10958006,0.106966,-0.56504214,0.35201272,0.6474367,1.1405843
0.0111244405,0.47435609,-0.16846943,2.7066264,2.5937085,1.0553437,2.397951,0.9978515,1.3550885,2.2573576,0.19543286,-0.34081748,1.7577362,1.10003,2.1205282,1.7486469,0.2536977,-0.37387347,-0.26217476,-0.5882346,1.0469412,1.2154945,2.3570418,1.3472588,1.5336062,1.6248677,-0.6622015,2.1901245,0.30929044,0.03862656,0.4517352,-0.27790517,-0.4550043,-1.2653723,0.36616793,0.60075545,2.4398947,2.2684846,0.754231,-0.91332334,0.37171298,-0.39954904,0.9533676,0.070016325,-0.0001489693,1.7449934,1.9805201,1.6876816,1.6854337,1.1626855,0.5259917,1.6467395,0.35736457,-0.98732454,0.7709775,1.6962936,2.3486407,1.2900863,0.5896318,0.64362913,-0.29146674,0.32059982,0.72940415,1.0077791,1.9258709,1.3557847,1.2199186,1.5921737,0.14935574,1.9199262,0.43424255,0.44350243,0.39893278,-0.59351486,-0.029916957,0.014171509,0.83658904,1.6324223,2.4848676,0.2648066,0.37827656,-0.46274853,0.48602068,0.50465566,1.162512
0.03504797,0.45273718,-0.18078947,2.6088285,2.7361577,1.2508507,2.4249156,1.0931656,1.4814017,2.2173183,0.037942708,-0.29941788,1.7008806,0.88358575,1.8337538,1.9072963,0.15317225,-0.5374267,-0.29965943,-0.9033511,1.0969505,1.0403028,2.4874945,1.2554858,1.578273,1.7216319,-0.7531022,2.2872064,0.35004964,0.007227669,0.3235439,-0.3380528,-0.4529385,-1.2952353,0.4052292,0.9081293,2.3929029,2.1484995,0.74366266,-1.0861057,0.30071378,-0.405093,0.7299073,-0.1259347,-0.30419528,1.6624593,1.9790772,1.8375133,1.6282068,1.2657505,0.54055846,1.6052903,0.28089073,-0.75626487,0.5282862,1.48559,2.1736772,1.3838362,0.49810764,0.3754704,-0.43355516,0.2622439,0.5982828,0.9209333,1.9764347,1.252826,1.3127578,1.543097,0.031560767,1.8723211,0.34045252,0.35529763,0.276523,-0.745351,-0.14912023,-0.15134533,0.64970595,1.7186418,2.469585,0.721899,0.6124574,-0.3771571,0.6042398,0.24350739,1.2159445
0.043301586,0.37721244,-0.28708565,2.4014742,2.8176663,1.4250004,2.3789315,1.1902635,1.6090106,2.0922763,-0.09897188,-0.2345564,1.5350121,0.6352361,1.4368438,2.0494018,0.019432303,-0.8306258,-0.360572,-1.2449254,1.0923145,0.81222194,2.5359862,1.1151105,1.5693134,1.815279,-0.79144645,2.3674715,0.3830027,-0.014139374,0.14609827,-0.36899057,-0.39291266,-1.293651,0.43769625,1.1100878,2.2607982,1.9443258,0.6354994,-1.2454467,0.16270249,-0.5142638,0.45716652,-0.36078662,-0.72864604,1.5033746,1.9738935,2.0027432,1.5472012,1.3774196,0.5504157,1.5226388,0.20642458,-0.55092955,0.22826992,1.1898977,1.9512963,1.4944434,0.38824674,0.1307635,-0.5322881,0.29811594,0.4062599,0.74363446,1.9872087,1.1271168,1.3824253,1.4985348,-0.09531989,1.8258761,0.26001564,0.29199818,0.13596067,-0.8599263,-0.22289062,-0.29032195,0.47810462,1.7725629,2.4093971,1.207549,0.79652333,-0.32520118,0.6942758,-0.104821585,1.2920607
0.043540824,0.25130358,-0.4644688,2.0956712,2.8185663,1.5611011,2.2623873,1.2830572,1.7210315,1.8918628,-0.21189329,-0.15659852,1.2683524,0.38308603,0.9702111,2.15039,-0.13746312,-1.2158368,-0.43118268,-1.5747478,1.0488153,0.544966,2.503418,0.93537074,1.5080007,1.9010421,-0.7945941,2.4262068,0.41651335,-0.020972088,-0.06448139,-0.37331036,-0.26707673,-1.2700459,0.4570589,1.1953739,2.064704,1.6984501,0.4567012,-1.3811862,-0.027813623,-0.7304784,0.15435635,-0.6146813,-1.2177495,1.2984164,1.9759777,2.1699276,1.4561112,1.4919719,0.55868477,1.4056313,0.13019411,-0.40041155,-0.10053765,0.83386225,1.6977161,1.600185,0.27139822,-0.066397905,-0.5579944,0.43082199,0.19027573,0.48323306,1.9609863,1.000115,1.416216,1.4735048,-0.2307549,1.7805482,0.20803371,0.26449257,-0.008412849,-0.92968744,-0.2407293,-0.3922838,0.33941114,1.8078189,2.3289266,1.6625302,0.9226832,-0.3119666,0.7496947,-0.49437827,1.3800733
0.049521703,0.084136315,-0.6778889,1.7155867,2.723773,1.6455711,2.0857384,1.365032,1.7974005,1.633392,-0.29600894,-0.07063382,0.92913324,0.15859911,0.4907403,2.1888666,-0.30151093,-1.6437731,-0.49416563,-1.85204,0.9819389,0.25888133,2.3966403,0.7341848,1.4039537,1.9702575,-0.77675736,2.4593945,0.4574398,-0.0070301914,-0.28391305,-0.35512617,-0.0719484,-1.2324201,0.45941097,1.1660217,1.8344077,1.4575912,0.24652159,-1.4803878,-0.24244449,-1.0409056,-0.15095961,-0.8597121,-1.7010803,1.0851954,1.9909412,2.3231502,1.3682581,1.6039156,0.5714444,1.2677143,0.053537764,-0.31550592,-0.4196108,0.45036298,1.4345493,1.6806407,0.16128613,-0.19860542,-0.48918834,0.6497844,-0.005574322,0.16252966,1.905862,0.8967685,1.4060143,1.4804775,-0.3663493,1.736982,0.19796586,0.28245044,-0.13819093,-0.95061845,-0.19692233,-0.45289496,0.24772064,1.8373634,2.2532203,2.0329514,0.9912615,-0.32965124,0.77104914,-0.8724369,1.4689429
0.07811032,-0.11084504,-0.88627905,1.2948036,2.5258393,1.6694684,1.8663994,1.4298285,1.8193885,1.3402926,-0.34552974,0.023896327,0.5608121,-0.008042641,0.06179662,2.1506054,-0.45144993,-2.061894,-0.5320862,-2.0388496,0.90421236,-0.022144865,2.2276106,0.5352735,1.2738181,2.0116036,-0.74652076,2.4644048,0.5096294,0.03546692,-0.48218927,-0.31925154,0.18993434,-1.185883,0.4446685,1.0371807,1.6045653,1.2643396,0.052194424,-1.529042,-0.44256806,-1.4172676,-0.42615047,-1.0629226,-2.1040795,0.9021767,2.017341,2.4455767,1.2947222,1.7089943,0.59690887,1.1276385,-0.016852228,-0.28733164,-0.6866639,0.07620253,1.1855735,1.720562,0.072867624,-0.25831807,-0.31768468,0.9305775,-0.13786046,-0.1847856,1.8344913,0.84086186,1.3500377,1.5273639,-0.48706657,1.6968528,0.24014488,0.35330683,-0.23262374,-0.92178845,-0.091005154,-0.47377568,0.21203429,1.8715996,2.2038815,2.2790713,1.0117133,-0.35953024,0.7650099,-1.1879648,1.5484868
0.14653161,-0.31785688,-1.0503871,0.87141734,2.2272472,1.6296828,1.6257769,1.4717854,1.7739204,1.0394559,-0.3549457,0.13226773,0.21367584,-0.0932858,-0.25874498,2.031349,-0.5632101,-2.422698,-0.53066957,-2.1057644,0.8247103,-0.27439398,2.0117116,0.36444643,1.138456,2.0129786,-0.70636415,2.4401963,0.5731937,0.113786414,-0.62747544,-0.27041757,0.5090689,-1.1324545,0.41631755,0.8353976,1.4096674,1.1493188,-0.077321075,-1.5151589,-0.5863438,-1.8191528,-0.637583,-1.1911981,-2.3609025,0.7819371,2.0467868,2.5214896,1.2428486,1.8046911,0.64411396,1.0064985,-0.0700858,-0.2903175,-0.86265635,-0.25314268,0.9724011,1.7121333,0.020528987,-0.24965398,-0.051093005,1.2372782,-0.1708904,-0.5208368,1.7619233,0.8507505,1.2538232,1.6159074,-0.57404464,1.6628677,0.34045252,0.48047453,-0.27130026,-0.84513897,0.072376736,-0.4610875,0.23489903,1.9170891,2.1951551,2.3816047,1.0021367,-0.37681034,0.74156344,-1.3995768,1.6086742
0.26866123,-0.52090997,-1.1405113,0.48239484,1.8416635,1.5290911,1.3860189,1.4863268,1.6570307,0.75788134,-0.3205601,0.26230097,-0.064685665,-0.084889635,-0.4299344,1.8381566,-0.61357087,-2.6903353,-0.4826151,-2.0364091,0.7489565,-0.47796935,1.7664293,0.24496037,1.0193005,1.9646653,-0.6539031,2.3873641,0.64400655,0.23290472,-0.69142896,-0.21286178,0.8684568,-1.0712633,0.3804484,0.5953549,1.2788004,1.1255413,-0.099050775,-1.4321753,-0.63678306,-2.1995595,-0.7568027,-1.217211,-2.4261138,0.74670106,2.0649033,2.5384834,1.2154595,1.8899531,0.7200692,0.9240319,-0.093326055,-0.28886285,-0.9195178,-0.5089931,0.8106664,1.6559676,0.015710726,-0.18889843,0.28718233,1.5262984,-0.08378123,-0.81047034,1.7032648,0.9346428,1.1290514,1.7408338,-0.6087934,1.6382058,0.49867684,0.6617596,-0.2377618,-0.7252711,0.28328198,-0.42402706,0.3118577,1.975838,2.2309566,2.343661,0.9860674,-0.35692954,0.7101436,-1.4815991,1.6387677
0.45048004,-0.7058659,-1.142867,0.15836851,1.3934752,1.3760914,1.1664739,1.4703895,1.4753157,0.5191598,-0.24195452,0.42069948,-0.2390368,0.01458281,-0.43653926,1.5888656,-0.5850919,-2.844598,-0.38966623,-1.8309124,0.67991006,-0.61955035,1.5094898,0.19301596,0.9344905,1.8617588,-0.5843207,2.3076448,0.7140946,0.3930193,-0.65476227,-0.15012227,1.2434856,-0.99941796,0.3439072,0.35527718,1.2312723,1.1866837,0.016014198,-1.2821109,-0.5695788,-2.511451,-0.76610196,-1.1251534,-2.2837365,0.8039715,2.0536273,2.4889784,1.210687,1.9641398,0.8271295,0.8946721,-0.075500414,-0.24621865,-0.8452477,-0.67449456,0.7065542,1.5601106,0.06423586,-0.102498256,0.660756,1.7527725,0.12504785,-1.0270064,1.6702586,1.0877559,0.9914612,1.8894938,-0.5779233,1.6254452,0.7073994,0.88814247,-0.123143785,-0.5696051,0.5270773,-0.37254408,0.43165156,2.0449903,2.3038328,2.188777,0.98813695,-0.28226098,0.6756055,-1.4269044,1.6264178
0.68792105,-0.8615939,-1.0626435,-0.08065947,0.9158534,1.1830984,0.9802333,1.4224222,1.2454627,0.34011865,-0.12352305,0.61019427,-0.29354328,0.18719026,-0.29313147,1.3091274,-0.4702617,-2.881235,-0.26359132,-1.5069338,0.6185574,-0.6948092,1.2577178,0.21460144,0.8953137,1.7065512,-0.49337232,2.203717,0.7729194,0.58769244,-0.5114657,-0.0847909,1.6038178,-0.9132353,0.31228018,0.1518809,1.2729831,1.3087592,0.2767167,-1.0769554,-0.37954307,-2.7147298,-0.66347617,-0.91492033,-1.9508274,0.9463405,1.9948958,2.3714585,1.2221823,2.025695,0.9610233,0.9240936,-0.01003833,-0.13321531,-0.64705664,-0.7468289,0.6553571,1.4375116,0.16450591,-0.023130966,1.0264642,1.8779668,0.43646106,-1.1562542,1.6686054,1.2916051,0.85785306,2.0430706,-0.47659945,1.6251016,0.95188934,1.1434937,0.07119867,-0.38798147,0.7850878,-0.31542447,0.5774939,2.1169302,2.395435,1.9554949,1.028797,-0.146852,0.63593596,-1.2472272,1.5573083
0.96591246,-0.9806392,-0.92285717,-0.22753,0.447288,0.96501607,0.8324429,1.3426576,0.99161917,0.22854935,0.025457883,0.826937,-0.23477373,0.4013366,-0.042064633,1.0291197,-0.27459964,-2.8093786,-0.12509419,-1.0976741,0.5649971,-0.7089729,1.025595,0.30391425,0.9040538,1.5092183,-0.3797703,2.0782099,0.8091622,0.8034561,-0.27116293,-0.018431015,1.9161057,-0.80899227,0.2883814,0.01504431,1.39498,1.4557621,0.66833663,-0.8380387,-0.083008535,-2.781885,-0.46485093,-0.60352916,-1.4755781,1.1523434,1.8745469,2.1907508,1.2399023,2.0712323,1.1098671,1.0074236,0.10233013,0.06461708,-0.3502336,-0.73771113,0.6419222,1.302691,0.3067702,0.016124824,1.3406318,1.8762805,0.8126862,-1.1977034,1.6968231,1.5160073,0.74316925,2.1784558,-0.31093198,1.6348115,1.2108452,1.405386,0.33250514,-0.192262,1.0362694,-0.2586928,0.72898,2.180099,2.479632,1.6895472,1.1197343,0.041321993,0.5818196,-0.97028875,1.4163167
1.2590953,-1.0587089,-0.7595768,-0.28810054,0.02665124,0.73700666,0.7191918,1.2332286,0.74103457,0.18277456,0.19069001,1.0601901,-0.090177126,0.6168529,0.25362623,0.77896667,-0.01711349,-2.6464026,-0.00043586825,-0.64757186,0.5183414,-0.6762052,0.8242375,0.44391814,0.9533762,1.2871329,-0.24690077,1.9333557,0.8130095,1.0202862,0.04141752,0.04858712,2.14771,-0.68367887,0.27158085,-0.036471054,1.5737876,1.5869306,1.1534536,-0.5926221,0.2828439,-2.7021775,-0.20341404,-0.22348939,-0.92908424,1.3903532,1.6857935,1.9573468,1.251107,2.0946188,1.2553158,1.1294272,0.2530876,0.34375677,0.0058715637,-0.67068166,0.64339966,1.1686367,0.47392502,-0.011659076,1.566298,1.7407129,1.2033048,-1.1635368,1.7460189,1.7235405,0.6579149,2.2715137,-0.09787025,1.648947,1.4584615,1.6473702,0.6374286,0.00470748,1.2590207,-0.20483649,0.8650686,2.2202168,2.526565,1.4353534,1.260746,0.26139772,0.49908596,-0.6350723,1.1902868
1.5357709,-1.0939778,-0.6137737,-0.2791191,-0.31212232,0.5127555,0.62862384,1.0980903,0.5193092,0.19197279,0.35445744,1.2927603,0.09731125,0.7915373,0.52165926,0.58394206,0.27169296,-2.4125152,0.082706004,-0.20523994,0.47671628,-0.6172459,0.660736,0.60875696,1.0270743,1.062343,-0.1031575,1.7702956,0.77793765,1.2140903,0.39001498,0.11671605,2.2715392,-0.53555244,0.25839242,0.0018586211,1.7742138,1.664848,1.6769615,-0.36878753,0.66574955,-2.4828596,0.07506218,0.18195829,-0.39305547,1.6231393,1.4320561,1.6859663,1.2418528,2.087525,1.3751357,1.2665423,0.42647696,0.68291986,0.37428644,-0.5763541,0.63326335,1.0441604,0.64386576,-0.12129718,1.6792909,1.4850098,1.5526567,-1.075636,1.8012571,1.8757489,0.6067926,2.3005216,0.13740091,1.6584852,1.66782,1.8422253,0.9549148,0.19063964,1.4338305,-0.15253198,0.96700484,2.2221887,2.5080748,1.2284037,1.4394555,0.48430532,0.37309083,-0.28571954,0.8721108
1.7623267,-1.0860859,-0.52234435,-0.22483991,-0.5452729,0.30288938,0.5433665,0.94309825,0.34580043,0.23882975,0.49757957,1.5035444,0.27810052,0.88875604,0.69383943,0.46075165,0.5545554,-2.1254048,0.10101247,0.18449761,0.43607754,-0.55626327,0.5370734,0.76788604,1.1028367,0.8575385,0.039393477,1.5892776,0.70227385,1.3602235,0.732278,0.1873957,2.2700045,-0.36469212,0.24352394,0.11954791,1.9538053,1.6624963,2.1741564,-0.1896315,1.0065745,-2.1480598,0.319237,0.56547,0.05467173,1.813756,1.127443,1.3933237,1.1986109,2.0403402,1.4472028,1.3905197,0.6020565,1.0481136,0.70793545,-0.48617098,0.5866705,0.932442,0.79302627,-0.3111048,1.6711698,1.141926,1.8089923,-0.9612935,1.8442962,1.9396052,0.58847505,2.2498806,0.36549917,1.6523412,1.8143338,1.9658177,1.250522,0.35521528,1.5455545,-0.09753467,1.020954,2.1724494,2.402369,1.0898951,1.6335038,0.6793567,0.19392672,0.035124287,0.46496445
1.9088584,-1.0356761,-0.5097378,-0.15229411,-0.6633349,0.11378439,0.44361824,0.77558106,0.23040274,0.30235174,0.60213125,1.6709429,0.40568832,0.8843812,0.71835995,0.41494593,0.7938177,-1.7974585,0.03933711,0.48766962,0.39040825,-0.51652616,0.45000473,0.8908072,1.1553652,0.6914672,0.16692153,1.3893095,0.5894751,1.4375162,1.0267891,0.262066,2.1385615,-0.17323667,0.22193523,0.29243475,2.0689948,1.5678041,2.5816288,-0.068595484,1.2495955,-1.7351216,0.48127773,0.88319993,0.35398826,1.9306715,0.79520077,1.0958542,1.1103429,1.9442774,1.454048,1.4728628,0.7578027,1.3988373,0.9666963,-0.42626995,0.48496357,0.83102965,0.9003753,-0.56177497,1.5502474,0.757656,1.9327921,-0.8487206,1.8564954,1.8930056,0.59617376,2.1127522,0.5581049,1.6187427,1.8797218,2.001002,1.4916716,0.49135986,1.5855987,-0.034070954,1.0200568,2.0611393,2.197938,1.0241927,1.8150538,0.8209495,-0.038682714,0.2924924,-0.014416721
1.9539542,-0.9442907,-0.582512,-0.08708099,-0.67310065,-0.052485965,0.3111832,0.6035658,0.17221309,0.3616534,0.65395373,1.7759005,0.4453175,0.7712097,0.5689252,0.43935767,0.95825744,-1.4350275,-0.105044246,0.68603826,0.33181742,-0.516751,0.3914783,0.95180357,1.1602844,0.5745343,0.2665975,1.1691512,0.44790518,1.4320263,1.2393583,0.3413852,1.8871257,0.03394235,0.19026619,0.48660806,2.081743,1.385161,2.847238,-0.0063105323,1.3523954,-1.289094,0.52565795,1.1015078,0.47301474,1.952041,0.4644015,0.80716074,0.9703258,1.7934784,1.3861976,1.4894549,0.87382144,1.6961218,1.1226017,-0.4123446,0.31934613,0.7328738,0.9508414,-0.83835715,1.3390971,0.38309482,1.9030069,-0.76248735,1.821836,1.7285819,0.6190802,1.8923097,0.69284916,1.5469486,1.8547112,1.9401404,1.6522214,0.59580207,1.5530802,0.043244783,0.964921,1.8841789,1.8954899,1.0195711,1.9566742,0.8952713,-0.3124616,0.4642155,-0.53452766
1.8882841,-0.8147573,-0.7279012,-0.049940318,-0.5972115,-0.1977101,0.13301137,0.43504044,0.16070867,0.3988251,0.64460754,1.8047003,0.38024035,0.56037766,0.24900283,0.5155568,1.0286709,-1.040946,-0.32167077,0.77902555,0.25172356,-0.56801015,0.34887534,0.9336996,1.0976102,0.50605226,0.32907385,0.9275623,0.28927326,1.3396859,1.3481809,0.42411906,1.5395423,0.24884453,0.14792882,0.66405374,1.9658935,1.1335891,2.9391716,0.00877164,1.2934055,-0.8559324,0.43572813,1.2016664,0.41301736,1.8681773,0.16465145,0.5364982,0.7776467,1.5867076,1.2447467,1.4243205,0.93563324,1.9095726,1.1625696,-0.44715795,0.0921204,0.6281666,0.93793947,-1.0957392,1.0705231,0.06499888,1.7198863,-0.7202895,1.7293732,1.454413,0.64456546,1.6015599,0.75708646,1.4288812,1.7405734,1.7866453,1.7161082,0.66878134,1.4548746,0.13753894,0.8629848,1.6445597,1.5079014,1.0518944,2.0372639,0.9033045,-0.6025425,0.54442644,-1.0514629
1.7160348,-0.6520372,-0.91645837,-0.054409347,-0.47077492,-0.3262424,-0.096166685,0.27682984,0.17818126,0.40147638,0.57283723,1.7511352,0.21398035,0.27950385,-0.20937373,0.6159522,1.0014657,-0.61831105,-0.58809525,0.7815943,0.14282748,-0.67193365,0.30723384,0.830275,0.9549573,0.4733697,0.35020134,0.664543,0.12690553,1.1671698,1.3463942,0.5061947,1.1306937,0.46038023,0.09719117,0.78928274,1.7118745,0.8428234,2.850689,-0.002145581,1.0759405,-0.47563037,0.21744645,1.181782,0.20725353,1.6821194,-0.07914599,0.28813493,0.5380324,1.328816,1.0413595,1.2720935,0.9362416,2.0216572,1.088557,-0.5203212,-0.18396592,0.5065254,0.86450094,-1.2863224,0.78142244,-0.1625994,1.4050618,-0.7304306,1.5746036,1.0924741,0.6602662,1.2612418,0.74954164,1.260631,1.5490192,1.5541681,1.6788998,0.71295714,1.3044071,0.24805845,0.7266936,1.3523794,1.0580027,1.0900092,2.0464349,0.86134684,-0.8741899,0.54422957,-1.5140077
1.4540721,-0.46355948,-1.1081035,-0.10621538,-0.33569106,-0.4430593,-0.37174022,0.13381982,0.20413494,0.3640341,0.44478062,1.6172538,-0.031277064,-0.032789227,-0.75167316,0.70847976,0.88895434,-0.17536308,-0.87260824,0.7197526,0.0015782041,-0.82076514,0.25141138,0.64723945,0.72951484,0.45407188,0.33188766,0.38212708,-0.026540877,0.9310659,1.241754,0.580289,0.7016002,0.6547665,0.04267339,0.83595866,1.3289275,0.54683185,2.6012557,-0.013820066,0.7276217,-0.17632599,-0.10179055,1.0555054,-0.08636495,1.4087785,-0.25138605,0.061711855,0.2638911,1.0306505,0.79624355,1.0386338,0.8769242,2.0298493,0.9157064,-0.6113885,-0.48839962,0.35925338,0.74189794,-1.3682301,0.5073491,-0.283297,0.9976372,-0.79117507,1.3601491,0.6752747,0.6562083,0.89643013,0.68015045,1.0429711,1.3002902,1.2645264,1.5474278,0.73215944,1.1194702,0.3693264,0.57098174,1.0238891,0.574661,1.1020485,1.9866215,0.7976589,-1.0884053,0.4898893,-1.87125
1.1293101,-0.2596838,-1.2603054,-0.20366625,-0.23345068,-0.5516858,-0.67950654,0.008647297,0.219448,0.28763455,0.27334094,1.4130487,-0.31960025,-0.3338138,-1.3104022,0.76166826,0.7168397,0.27083912,-1.1394686,0.6238755,-0.16936103,-0.9990481,0.16866915,0.4007936,0.42901272,0.42042673,0.2818112,0.08532502,-0.16047195,0.65519017,1.053954,0.6364871,0.29410902,0.8169927,-0.010038327,0.79159725,0.8443647,0.2775966,2.23239,-0.002334897,0.29586202,0.029498078,-0.47715712,0.84824437,-0.39718938,1.0716138,-0.34886226,-0.14620164,-0.026600756,0.7080002,0.5350822,0.7401014,0.76692843,1.9454795,0.66904926,-0.6954931,-0.7967504,0.18117833,0.5874624,-1.3132238,0.2775904,-0.30026212,0.5481139,-0.8913268,1.095131,0.24075407,0.6265513,0.53309345,0.567775,0.78174496,1.0198209,0.94396627,1.3376712,0.729952,0.91906375,0.4914159,0.41063917,0.6794535,0.08863072,1.0609096,1.8718238,0.74604976,-1.2089927,0.41834128,-2.0810485
0.774285,-0.05323749,-1.3362949,-0.3390388,-0.19768837,-0.6523811,-0.99661785,-0.09826121,0.21041723,0.17904115,0.0764434,1.1558374,-0.6087065,-0.58490324,-1.816251,0.7497049,0.51889145,0.6932117,-1.3533709,0.5227325,-0.36012647,-1.1862116,0.051676337,0.115493916,0.07128251,0.34502313,0.21218109,-0.2176284,-0.2676391,0.3670708,0.81032157,0.66359884,-0.05524504,0.9328403,-0.055441808,0.6601612,0.2992779,0.059104245,1.8003302,0.049095944,-0.16020454,0.14592135,-0.85441697,0.5916406,-0.6558373,0.6990231,-0.38140777,-0.3401931,-0.31165627,0.37958327,0.284271,0.40036654,0.621829,1.790521,0.37979746,-0.7495919,-1.0847942,-0.028274395,0.4211525,-1.1119443,0.111394264,-0.23352584,0.11107044,-1.0126455,0.7939144,-0.17250271,0.5706126,0.19402689,0.43637806,0.48700628,0.73437065,0.6192214,1.071142,0.708755,0.72074777,0.601091,0.25808215,0.3407297,-0.3718811,0.94816285,1.7241166,0.7385367,-1.2095059,0.37045884,-2.1175945
0.4230876,0.14125544,-1.3117503,-0.50027096,-0.24818115,-0.74086857,-1.2946275,-0.18795268,0.17091736,0.048750702,-0.12456926,0.86808836,-0.85735697,-0.75839454,-2.2087443,0.6570157,0.33031648,1.0572174,-1.4845673,0.4377082,-0.5540483,-1.3605602,-0.099747345,-0.17960048,-0.3177628,0.20709638,0.13792486,-0.51547223,-0.34441805,0.09376222,0.5404986,0.65154463,-0.31948867,0.9914968,-0.089420915,0.46121857,-0.25752586,-0.09631222,1.36579,0.14659368,-0.580099,0.19205132,-1.178387,0.31772998,-0.8071156,0.31997404,-0.37013176,-0.52361333,-0.5680361,0.06434701,0.06680998,0.046938676,0.46139818,1.5929948,0.081326306,-0.7588202,-1.3321208,-0.26446903,0.26171604,-0.7765052,0.016881794,-0.114259034,-0.26249233,-1.1330454,0.47417104,-0.5300467,0.4926018,-0.10365085,0.3110914,0.17216006,0.46815532,0.313897,0.7714131,0.6698186,0.5377619,0.6839293,0.122022465,0.027844505,-0.7848465,0.75582004,1.5679283,0.79771674,-1.0792083,0.3831776,-1.9760485
0.10586161,0.30888543,-1.1788403,-0.6730011,-0.38746592,-0.80836165,-1.5434424,-0.26205575,0.10291165,-0.091441385,-0.30793577,0.57543594,-1.032752,-0.8424887,-2.444331,0.4806906,0.18138993,1.3259045,-1.512136,0.37946272,-0.7291303,-1.5028157,-0.2785114,-0.45510545,-0.7070716,-0.002887798,0.07449469,-0.79476285,-0.3904743,-0.14159122,0.27185324,0.5936186,-0.4849287,0.98785305,-0.10958157,0.22584,-0.7777347,-0.18948893,0.9833904,0.28410017,-0.9118449,0.19763015,-1.4019588,0.053708993,-0.8203739,-0.038750194,-0.34335786,-0.6973799,-0.7743268,-0.22127865,-0.1007626,-0.29347464,0.30656454,1.381841,-0.19443117,-0.7208571,-1.5248142,-0.5179424,0.12349361,-0.3392096,-0.009080359,0.02222839,-0.5314741,-1.2309171,0.15437067,-0.8058959,0.40033144,-0.35046414,0.21401812,-0.14775603,0.23945603,0.045544725,0.4602506,0.61351496,0.37753898,0.7268318,0.006888365,-0.24312095,-1.1365864,0.48604935,1.4236703,0.9307562,-0.82662594,0.48193514,-1.6740534
-0.15418714,0.43600246,-0.9468924,-0.8420432,-0.6006758,-0.8428339,-1.7161801,-0.3218113,0.014998951,-0.23065953,-0.45363855,0.30339023,-1.1152296,-0.8424887,-2.5018756,0.2304836,0.091870695,1.4682,-1.425943,0.34677586,-0.8619954,-1.5994887,-0.4710959,-0.6856755,-1.0644065,-0.2810332,0.035530437,-1.0416597,-0.4079266,-0.3225989,0.025418987,0.4885865,-0.55150604,0.92416656,-0.11592378,-0.009573652,-1.2208756,-0.23270664,0.69254667,0.4444508,-1.1210475,0.19752555,-1.4936705,-0.18148485,-0.6939734,-0.35587496,-0.3311199,-0.85901946,-0.9136384,-0.46576068,-0.2106705,-0.5988536,0.17685713,1.1819414,-0.4197653,-0.6468097,-1.6563804,-0.77551526,0.013975238,0.15162148,0.020782512,0.14410129,-0.6700002,-1.2891092,-0.14878413,-0.98512036,0.303055,-0.5450721,0.16157624,-0.45761836,0.058552533,-0.17600335,0.15541185,0.5401102,0.24119385,0.7202823,-0.08729121,-0.4620352,-1.4222896,0.14983454,1.3027046,1.1268479,-0.47966567,0.6744099,-1.2492139
-0.3436615,0.5117071,-0.6398464,-0.99307907,-0.8585682,-0.8312222,-1.793657,-0.36764583,-0.080373965,-0.36067945,-0.54619366,0.07404758,-1.1009178,-0.7790756,-2.383814,-0.07275026,0.06802939,1.4664679,-1.227187,0.32796007,-0.93123907,-1.6446215,-0.6609764,-0.85381013,-1.3606045,-0.6102421,0.031333555,-1.243761,-0.400455,-0.4407693,-0.18593217,0.34126177,-0.5322057,0.8101805,-0.1105476,-0.2105502,-1.5604203,-0.24645059,0.5113759,0.6024034,-1.196226,0.22569865,-1.4420513,-0.37840906,-0.4546915,-0.61639404,-0.35976422,-1.0033861,-0.97638464,-0.6636071,-0.26368037,-0.8548267,0.087728925,1.0110583,-0.57417715,-0.55872643,-1.7272661,-1.0220925,-0.06704461,0.6388693,0.086711034,0.22831367,-0.669085,-1.2980593,-0.42286617,-1.065264,0.20866081,-0.6936428,0.1623201,-0.74415076,-0.07307144,-0.3485939,-0.13102025,0.4504553,0.12422041,0.6598994,-0.16419199,-0.62546444,-1.6450691,-0.23502228,1.2043008,1.3579042,-0.082931004,0.94748944,-0.75309724
-0.45981023,0.5296501,-0.29138333,-1.113309,-1.1234165,-0.76264054,-1.7681332,-0.3987451,-0.17052473,-0.47668555,-0.57632464,-0.09719908,-1.001214,-0.68331516,-2.1142535,-0.40152755,0.102191046,1.3224403,-0.92741865,0.30464903,-0.9213753,-1.6399565,-0.8321693,-0.9522214,-1.5734857,-0.9638828,0.067150146,-1.3924844,-0.37240866,-0.49590498,-0.3577743,0.16197078,-0.44998738,0.66161835,-0.09790519,-0.35099885,-1.7874985,-0.25413257,0.43540284,0.72968686,-1.1503023,0.31000876,-1.2576256,-0.5365376,-0.15124106,-0.8117596,-0.44676602,-1.124137,-0.9619846,-0.816008,-0.26822564,-1.056151,0.048366502,0.8775367,-0.64602655,-0.48418167,-1.7434843,-1.2426175,-0.12678191,1.0651208,0.16491722,0.26357248,-0.53713167,-1.257529,-0.6610918,-1.0565387,0.12151022,-0.8081102,0.21630283,-0.9972995,-0.16172157,-0.47698045,-0.39260903,0.34606627,0.017838683,0.5467327,-0.23067339,-0.7369784,-1.8136044,-0.64546967,1.1158388,1.5828346,0.30804074,1.2679396,-0.24382405
-0.50969076,0.4889058,0.0612182,-1.1923198,-1.3559943,-0.6314126,-1.6452078,-0.4138294,-0.24567655,-0.5773793,-0.54298526,-0.20432912,-0.83991313,-0.58949906,-1.734062,-0.7261554,0.17495604,1.059107,-0.5462519,0.2567426,-0.82559806,-1.5931375,-0.9733178,-0.9848085,-1.6909723,-1.3107853,0.1424556,-1.4842088,-0.32813668,-0.49487808,-0.4930309,-0.035710093,-0.33430332,0.4971346,-0.084632754,-0.41762865,-1.910568,-0.27723077,0.4404174,0.7999862,-1.0173349,0.46788973,-0.97101945,-0.6616569,0.15589637,-0.9394073,-0.5980572,-1.2156477,-0.8793604,-0.92932457,-0.23832545,-1.2056023,0.06035166,0.78030485,-0.6338714,-0.44914728,-1.7142091,-1.4240639,-0.17747639,1.3817343,0.23084575,0.25008217,-0.29743582,-1.176094,-0.863005,-0.97982055,0.041034352,-0.90411794,0.31576705,-1.2112644,-0.21932031,-0.57095456,-0.62766063,0.22867183,-0.088450134,0.3866928,-0.29599708,-0.8061307,-1.939027,-1.0545192,1.0162581,1.7543064,0.63463336,1.5870113,0.22204775
-0.50897306,0.39471835,0.38325837,-1.2225616,-1.5223123,-0.43940473,-1.4433649,-0.41181296,-0.3009999,-0.66373456,-0.45349908,-0.25212178,-0.6485532,-0.52785355,-1.2942616,-1.0194737,0.25924978,0.71772367,-0.10929397,0.16760834,-0.6473596,-1.5150684,-1.080456,-0.96563685,-1.712625,-1.6213382,0.25047767,-1.5214145,-0.27187672,-0.45028773,-0.59933585,-0.23783416,-0.2166125,0.33431432,-0.07963459,-0.4110358,-1.9521962,-0.33090016,0.4890531,0.7941174,-0.84536123,0.70422304,-0.6280054,-0.7626046,0.4067979,-1.0020914,-0.80679744,-1.274647,-0.7461491,-1.013717,-0.19095607,-1.3120624,0.11693134,0.71009886,-0.54620993,-0.47064313,-1.6495771,-1.5575054,-0.23330885,1.5559251,0.2617957,0.19663183,0.015558181,-1.0690681,-1.0336221,-0.86412936,-0.03792454,-0.99829316,0.44626072,-1.3843267,-0.26043954,-0.6430298,-0.83767134,0.099389,-0.20481966,0.1886796,-0.3711034,-0.8470985,-2.0318086,-1.4323863,0.8816985,1.8268366,0.8439542,1.8484746,0.5969833
-0.47823134,0.25832137,0.64761406,-1.1999995,-1.5990471,-0.19706212,-1.1913389,-0.39288974,-0.33724082,-0.73748285,-0.32335,-0.25547346,-0.4607603,-0.5183968,-0.84847546,-1.2602501,0.32574415,0.3510936,0.35446987,0.02889799,-0.40007475,-1.4163158,-1.1577903,-0.9160135,-1.6495996,-1.8726683,0.37876877,-1.5117906,-0.20769909,-0.37832698,-0.6865157,-0.4332523,-0.1263081,0.18583138,-0.09362105,-0.34395012,-1.9431198,-0.42130718,0.53962994,0.7039399,-0.6863096,1.0103266,-0.2823741,-0.84774464,0.55364436,-1.0066502,-1.0551374,-1.301414,-0.58625406,-1.0800778,-0.14386052,-1.3870039,0.20374769,0.6518363,-0.40045094,-0.55181897,-1.5586593,-1.6386888,-0.30706707,1.5757669,0.2397982,0.11620083,0.36174852,-0.95475966,-1.1813232,-0.7417164,-0.123140976,-1.1058773,0.5886561,-1.5184199,-0.29901534,-0.70616674,-1.0253513,-0.042234343,-0.33874914,-0.03719736,-0.46748263,-0.876201,-2.098883,-1.7480031,0.6923573,1.7646513,0.89763635,1.9988948,0.84720916
-0.44019294,0.095781215,0.83769923,-1.1245033,-1.5766786,0.077212684,-0.92346364,-0.35946387,-0.35985705,-0.7996522,-0.17450856,-0.23710121,-0.306376,-0.56674105,-0.44595116,-1.4347968,0.34834442,0.013909373,0.8146378,-0.15669133,-0.10534512,-1.3044112,-1.2166172,-0.86035544,-1.5227579,-2.052216,0.5100645,-1.466995,-0.13972992,-0.29676887,-0.76350355,-0.615958,-0.086881086,0.056478165,-0.1381005,-0.23615009,-1.9146937,-0.5451596,0.5549432,0.53488076,-0.58466256,1.365001,0.012640293,-0.92220604,0.5697703,-0.96334124,-1.316891,-1.2997785,-0.42594406,-1.1378345,-0.11291982,-1.4409741,0.30029818,0.5880614,-0.22008063,-0.67990994,-1.4484653,-1.6684191,-0.40699458,1.4511539,0.15321507,0.021155296,0.699619,-0.8504562,-1.3152289,-0.64347583,-0.22246534,-1.2379997,0.7212751,-1.6175827,-0.3451685,-0.7718633,-1.1927896,-0.19867161,-0.49344397,-0.2813535,-0.595612,-0.90931517,-2.1426086,-1.9713571,0.43869856,1.5487945,0.7787857,1.9972804,0.9559899
-0.41591054,-0.07357108,0.94851595,-1.0007155,-1.4596806,0.35952237,-0.67399013,-0.3163825,-0.37650508,-0.84894395,-0.032990627,-0.2230117,-0.20667222,-0.66373885,-0.12565726,-1.5372938,0.30882663,-0.24679953,1.2410259,-0.37496746,0.2095066,-1.1819962,-1.2716584,-0.8213159,-1.3588476,-2.1588812,0.62438184,-1.4001735,-0.072262555,-0.22299136,-0.8365527,-0.7857866,-0.113264136,-0.05750792,-0.22390929,-0.10874687,-1.8920023,-0.6911695,0.50965047,0.30568218,-0.56784946,1.7367953,0.21327013,-0.986357,0.4546915,-0.8847961,-1.5621847,-1.2762825,-0.28991088,-1.1925707,-0.11078409,-1.480943,0.382795,0.5021605,-0.031315006,-0.8278943,-1.3232901,-1.6516767,-0.5344844,1.2110198,-0.0018544395,-0.0804821,0.9918133,-0.7684767,-1.441952,-0.5939031,-0.34056234,-1.4000688,0.8227052,-1.6863694,-0.4034561,-0.8484889,-1.3402967,-0.373992,-0.6668601,-0.5354594,-0.7631035,-0.9589185,-2.1601555,-2.0770001,0.12551056,1.1811155,0.4966387,1.8230371,0.92352706
-0.42129335,-0.2297104,0.9856353,-0.8379647,-1.2647473,0.623948,-0.47140613,-0.27050915,-0.3946059,-0.8816789,0.07511819,-0.23803224,-0.17121908,-0.7876927,0.08800962,-1.5684417,0.20007107,-0.3995927,1.6050849,-0.60242677,0.5153823,-1.0476094,-1.336374,-0.815142,-1.1861973,-2.201694,0.7012135,-1.3231827,-0.010203741,-0.1722002,-0.90761214,-0.94771624,-0.20958883,-0.16733538,-0.3588177,0.022057975,-1.888743,-0.84292793,0.39431593,0.046634834,-0.63908887,2.087913,0.2922302,-1.0355946,0.23347212,-0.7850713,-1.7621071,-1.238665,-0.19699498,-1.2448813,-0.14539385,-1.5087607,0.42769372,0.38173077,0.14117506,-0.95990866,-1.1855735,-1.5960857,-0.6833937,0.89766866,-0.22144565,-0.18692288,1.2081302,-0.7134153,-1.5633734,-0.60650635,-0.4770907,-1.5904305,0.8738719,-1.7279164,-0.47175857,-0.94014716,-1.4656707,-0.57250404,-0.85179704,-0.7924178,-0.97233033,-1.0317086,-2.145203,-2.0482142,-0.22740419,0.6857139,0.08672033,1.4801028,0.7655984
-0.4650734,-0.3545396,0.96271425,-0.650439,-1.0170026,0.8466699,-0.33398986,-0.22967686,-0.41851786,-0.89185107,0.12701043,-0.30072132,-0.19688454,-0.90943706,0.18704107,-1.533845,0.027205223,-0.43260777,1.8809894,-0.8099143,0.784762,-0.89754146,-1.4188159,-0.8484254,-1.0297534,-2.1963308,0.7223886,-1.2444059,0.041595574,-0.1557701,-0.97432685,-1.1093167,-0.3688905,-0.28781685,-0.54538774,0.14893517,-1.9048746,-0.9828236,0.21638039,-0.20471367,-0.7754188,2.3789887,0.24345092,-1.061476,-0.04826605,-0.6782234,-1.8929305,-1.1944654,-0.1569486,-1.2902353,-0.21899436,-1.5215286,0.41534352,0.22049432,0.27750865,-1.0383768,-1.036827,-1.5101898,-0.84063804,0.558673,-0.49379247,-0.3019484,1.3280197,-0.6812225,-1.6757312,-0.68219036,-0.6260204,-1.8002799,0.8609607,-1.742997,-0.54244554,-1.0464318,-1.56431,-0.7965216,-1.0365483,-1.0452685,-1.2187196,-1.1269375,-2.0900624,-1.8814335,-0.5879478,0.10697483,-0.39255062,0.99647444,0.5103822
-0.54689187,-0.43435726,0.8982489,-0.45610133,-0.74571645,1.0096744,-0.26742244,-0.2011369,-0.44831944,-0.8730217,0.10706261,-0.42051327,-0.26913935,-0.9985248,0.17973447,-1.4425569,-0.1932126,-0.35361302,2.047382,-0.9676973,0.99574816,-0.72886956,-1.518443,-0.9165241,-0.9072161,-2.1610813,0.6749352,-1.1671172,0.078228675,-0.1799808,-1.0306059,-1.2775409,-0.5737575,-0.43297288,-0.7789994,0.27504086,-1.9278547,-1.0953882,-0.0023185539,-0.40854385,-0.93149215,2.5745964,0.08296932,-1.0540061,-0.3334305,-0.5765041,-1.9397982,-1.1496675,-0.16931526,-1.320029,-0.32813558,-1.5130783,0.3338201,0.020058857,0.36547908,-1.0318562,-0.8791468,-1.4019195,-0.9882686,0.23911802,-0.80105394,-0.43266156,1.3416644,-0.6601236,-1.76979,-0.8084812,-0.7767704,-2.0148225,0.77679867,-1.7296779,-0.6039124,-1.1623453,-1.6299753,-1.0439701,-1.2067125,-1.2862071,-1.4896523,-1.2362076,-1.9888375,-1.589239,-0.9170021,-0.4957483,-0.8682691,0.42015263,0.1944241
-0.6575382,-0.4619143,0.81216776,-0.27504057,-0.4801315,1.1033198,-0.26474655,-0.1897752,-0.47965232,-0.8201048,0.009625172,-0.5961668,-0.3652326,-1.0295464,0.08833986,-1.3058941,-0.43567547,-0.18601818,2.0892255,-1.0511804,1.1340383,-0.542774,-1.6251006,-1.0047228,-0.8263589,-2.1126306,0.553321,-1.089531,0.095792495,-0.24506931,-1.0678005,-1.4553097,-0.79869217,-0.61100185,-1.0469681,0.41187745,-1.9365187,-1.1703267,-0.23104659,-0.5285702,-1.0481749,2.64883,-0.15385519,-1.0041635,-0.56425846,-0.48893628,-1.8986487,-1.1083002,-0.22372024,-1.3235987,-0.463727,-1.4767487,0.18123749,-0.21038832,0.40142953,-0.9213929,-0.7165874,-1.2771367,-1.1064873,-0.025243506,-1.120657,-0.5857564,1.2495632,-0.6334777,-1.8330661,-0.9623699,-0.91618097,-2.2149727,0.6225547,-1.6843929,-0.643654,-1.2792339,-1.6559479,-1.3063124,-1.3471922,-1.5053291,-1.7647817,-1.3445258,-1.8396889,-1.2012155,-1.1755708,-1.0555313,-1.2638985,-0.18830083,-0.14149557
-0.7803855,-0.43723637,0.7227758,-0.12738903,-0.2461898,1.1273208,-0.308919,-0.19714285,-0.5052919,-0.73147696,-0.15986156,-0.81669575,-0.45888975,-0.98694694,-0.05490281,-1.1368979,-0.6696469,0.03789648,2.0001993,-1.045144,1.1947992,-0.3465053,-1.7213628,-1.0913897,-0.78494215,-2.0628505,0.3610274,-1.0059918,0.09227973,-0.34499282,-1.0766525,-1.6387559,-1.0138291,-0.8203988,-1.3289653,0.5749101,-1.9069786,-1.2035631,-0.4363734,-0.53797287,-1.065132,2.5894153,-0.41874447,-0.9061617,-0.6930796,-0.41950884,-1.7763759,-1.0723183,-0.30252653,-1.290876,-0.6121328,-1.4078518,-0.033217747,-0.45484608,0.38973793,-0.70433456,-0.5557805,-1.1392895,-1.1768429,-0.2124305,-1.4276626,-0.763839,1.062033,-0.58406544,-1.852904,-1.1147721,-1.0316232,-2.3803046,0.407899,-1.6031895,-0.6511254,-1.3859655,-1.6364968,-1.567777,-1.4445616,-1.6904944,-2.0178277,-1.4325811,-1.64639,-0.76115495,-1.3313938,-1.5071257,-1.5118232,-0.7647014,-0.45694956
-0.8940223,-0.36716133,0.6445579,-0.030372044,-0.06435033,1.0897641,-0.37688613,-0.22075811,-0.5174246,-0.6106553,-0.38493717,-1.0634176,-0.52522844,-0.86736786,-0.21304767,-0.95033395,-0.86387193,0.2838037,1.7843356,-0.9468908,1.1827654,-0.15355271,-1.7860183,-1.1525253,-0.7722053,-2.0173333,0.111265115,-0.9093067,0.06841525,-0.46782368,-1.0487971,-1.8162779,-1.1893029,-1.0479354,-1.598656,0.7772894,-1.8186063,-1.1973966,-0.5885892,-0.42362604,-0.93490285,2.400537,-0.6590771,-0.7589749,-0.69028646,-0.36727205,-1.589493,-1.0421604,-0.38465273,-1.2147672,-0.7565957,-1.3062028,-0.28995565,-0.6927962,0.3407567,-0.39416432,-0.40572834,-0.98948884,-1.1850637,-0.31532988,-1.6966203,-0.9628214,0.797544,-0.49827453,-1.8194988,-1.235957,-1.113199,-2.491956,0.15052466,-1.4839191,-0.62012696,-1.4705949,-1.5677824,-1.8058639,-1.4888796,-1.8278052,-2.21979,-1.4800426,-1.4184688,-0.32135117,-1.3641411,-1.7958018,-1.5651106,-1.2500623,-0.715644
-0.9752427,-0.2637711,0.586937,0.003904977,0.05147481,1.0047499,-0.44477093,-0.25441664,-0.5105533,-0.46645927,-0.6400042,-1.3132428,-0.54545635,-0.67916125,-0.35022214,-0.7620994,-0.99049217,0.5219952,1.4578704,-0.7671453,1.1111543,0.018322907,-1.7994181,-1.1673799,-0.77229315,-1.9753914,-0.17421837,-0.7934234,0.028771203,-0.59685534,-0.97822493,-1.9689097,-1.2999111,-1.2694517,-1.8267236,1.023995,-1.6595607,-1.159248,-0.66704255,-0.18944219,-0.63500565,2.103011,-0.8276886,-0.56657463,-0.54887736,-0.3264324,-1.3613003,-1.0175076,-0.4499304,-1.0929381,-0.8790989,-1.1760575,-0.56159896,-0.9017299,0.26808324,-0.017461928,-0.27673918,-0.82719845,-1.1232027,-0.34046644,-1.9042536,-1.1710529,0.48122203,-0.36994553,-1.7286322,-1.3013645,-1.1554848,-2.5353563,-0.12560548,-1.3282146,-0.5504998,-1.5217057,-1.4486474,-1.9936045,-1.4752219,-1.9030215,-2.3428833,-1.4690611,-1.1698878,0.06587356,-1.2680908,-1.8854387,-1.4057615,-1.5980763,-0.8892999
-1.0023959,-0.1415382,0.5539562,-0.029374106,0.09411134,0.88889194,-0.4926896,-0.28931606,-0.4835002,-0.31192875,-0.8940251,-1.5419648,-0.5102207,-0.4398706,-0.43695205,-0.58863044,-1.0287036,0.73100317,1.0485901,-0.528769,0.99939775,0.15074246,-1.7482826,-1.1233733,-0.76869166,-1.9315702,-0.4671418,-0.6561097,-0.018121397,-0.7124191,-0.8616874,-2.0724196,-1.328773,-1.4526691,-1.9841866,1.3073821,-1.429842,-1.0995688,-0.6631064,0.14305978,-0.17552847,1.7320881,-0.8916139,-0.33695686,-0.28419617,-0.288537,-1.1187855,-0.9980407,-0.48354447,-0.9285008,-0.96195424,-1.0259894,-0.8169984,-1.0599805,0.18557231,0.39195395,-0.17829645,-0.65126884,-0.99041516,-0.3039382,-2.0310588,-1.3701376,0.14293559,-0.2024134,-1.5830973,-1.2961941,-1.157912,-2.5019233,-0.39312813,-1.1424776,-0.44791365,-1.5300347,-1.2806163,-2.1027277,-1.4041458,-1.9032724,-2.3645616,-1.3878055,-0.9168256,0.3574404,-1.0522922,-1.7640157,-1.0488542,-1.7803525,-0.9600225
-0.9593335,-0.014215516,0.54516983,-0.1267816,0.06293184,0.75763816,-0.50820965,-0.31560695,-0.440231,-0.16215967,-1.1144973,-1.7268665,-0.42126158,-0.1714585,-0.45433107,-0.4451777,-0.9665529,0.8991754,0.59365255,-0.2632928,0.8702809,0.22869912,-1.6291265,-1.0191596,-0.7480492,-1.8778021,-0.7360285,-0.5002427,-0.05949394,-0.7940957,-0.6990222,-2.1012592,-1.2701048,-1.5624174,-2.0460966,1.606024,-1.1419511,-1.0298039,-0.58066297,0.53626907,0.39895016,1.3329575,-0.83865833,-0.080379374,0.07023902,-0.2457978,-0.88872236,-0.983959,-0.47877207,-0.7300136,-0.9898282,-0.86617583,-1.0264649,-1.1496328,0.104915574,0.79960155,-0.11720354,-0.46139365,-0.79266095,-0.22681718,-2.0635436,-1.5381024,-0.18569979,-0.008473594,-1.3928133,-1.2179893,-1.1241971,-2.390227,-0.62457377,-0.93813694,-0.32280728,-1.4893653,-1.0673308,-2.107834,-1.2813191,-1.819179,-2.270845,-1.2329438,-0.67517835,0.52727383,-0.73833317,-1.4455762,-0.5405712,-1.7886217,-0.9223677
-0.8373235,0.108094476,0.5566622,-0.27699304,-0.036771618,0.62218547,-0.48824352,-0.3241379,-0.3890304,-0.031219928,-1.2727547,-1.8492653,-0.29141176,0.10415662,-0.3966212,-0.34381235,-0.8020152,1.0232575,0.13664469,-0.0059722513,0.7468851,0.24415556,-1.4493409,-0.86606514,-0.7037337,-1.8059281,-0.9503081,-0.3343054,-0.07945535,-0.8232433,-0.49201575,-2.032719,-1.1296313,-1.5666552,-1.994771,1.8867109,-0.81907415,-0.9601957,-0.43405485,0.94140524,1.0152693,0.9546429,-0.6800143,0.19292629,0.46996087,-0.193656,-0.69489217,-0.9761802,-0.43835223,-0.51010793,-0.95089227,-0.70611554,-1.166454,-1.1595092,0.034302294,1.1763039,-0.09552208,-0.2590287,-0.54138064,-0.13006823,-1.9960164,-1.6532301,-0.47448295,0.19138752,-1.1727724,-1.0768977,-1.0610527,-2.2053182,-0.7964577,-0.7305739,-0.18805696,-1.397057,-0.8137879,-1.9901736,-1.1163113,-1.6462455,-2.058666,-1.0112756,-0.45881373,0.5708377,-0.35660744,-0.96907294,0.048787586,-1.6341456,-0.7834429
-0.63696396,0.22079036,0.5823528,-0.4623927,-0.19466044,0.48758814,-0.43867818,-0.30792907,-0.34042123,0.07077239,-1.3480822,-1.8960649,-0.14268257,0.36921024,-0.27154186,-0.2911627,-0.5420469,1.1055065,-0.27841085,0.21005628,0.6489378,0.19829209,-1.2262313,-0.6865575,-0.6371945,-1.709989,-1.084656,-0.17079885,-0.06077638,-0.7852882,-0.2438761,-1.8517411,-0.9234657,-1.4426092,-1.8224394,2.109605,-0.49079266,-0.8983218,-0.24463439,1.3046395,1.5829266,0.64334404,-0.44909233,0.47443822,0.8680813,-0.1335362,-0.555732,-0.9761802,-0.37407053,-0.28379503,-0.8385748,-0.5522233,-1.2240071,-1.0874656,-0.021838097,1.5023335,-0.11009093,-0.048618164,-0.251874,-0.03099282,-1.8315468,-1.6981468,-0.6977054,0.37259993,-0.9409314,-0.89340764,-0.97670853,-1.9577899,-0.89294654,-0.5371892,-0.056327008,-1.2543286,-0.52540785,-1.7409698,-0.9212936,-1.3861607,-1.7365915,-0.7395963,-0.27810895,0.50510675,0.05782494,-0.3927612,0.6361728,-1.3448035,-0.5618488
-0.36854196,0.32531166,0.6151744,-0.661937,-0.39630422,0.35247242,-0.37244007,-0.2636844,-0.3039447,0.1395428,-1.3315519,-1.8611825,-0.0029145526,0.61225706,-0.0985361,-0.28647435,-0.20114882,1.150174,-0.6122859,0.359491,0.5901497,0.101000816,-0.9833526,-0.510485,-0.55791855,-1.5873722,-1.1225234,-0.024357315,0.0126570985,-0.6721732,0.04166115,-1.5547879,-0.67515814,-1.1821204,-1.5327139,2.235746,-0.1882142,-0.84862405,-0.036288064,1.575803,2.0096905,0.43570685,-0.195841,0.7582647,1.2230378,-0.07370135,-0.48283863,-0.98575413,-0.30426946,-0.06658954,-0.6520545,-0.40653455,-1.199185,-0.94184756,-0.062320985,1.7686832,-0.15273225,0.16225211,0.058846716,0.058723237,-1.5827321,-1.6633478,-0.83831143,0.51107,-0.7150759,-0.69485825,-0.87981135,-1.6621681,-0.9089926,-0.37482512,0.06242071,-1.0662179,-0.20772396,-1.3637862,-0.7093663,-1.0473909,-1.3241,-0.4430302,-0.13980918,0.36388797,0.4697414,0.21337174,1.1385349,-0.9604445,-0.28541073
-0.05131597,0.42790502,0.64780504,-0.85440904,-0.6245992,0.21004754,-0.30611965,-0.19190794,-0.28509787,0.17747204,-1.2275583,-1.7462318,0.098572776,0.82825947,0.09436679,-0.32101727,0.20069158,1.1606716,-0.8354505,0.4289746,0.5766363,-0.030631855,-0.74618226,-0.3698312,-0.48140952,-1.4396819,-1.0593317,0.09147635,0.15311186,-0.48377988,0.36049485,-1.1524322,-0.41215396,-0.7945757,-1.1410512,2.2344835,0.061596625,-0.81272256,0.16882308,1.7160231,2.2181244,0.3532796,0.021995222,1.0407498,1.5047015,-0.027448054,-0.48064756,-1.0062183,-0.25048697,0.12722951,-0.39773846,-0.26682878,-1.1054331,-0.7418715,-0.088073455,1.9759607,-0.21207277,0.36273977,0.3737463,0.13290277,-1.2708665,-1.5489355,-0.8896451,0.5874685,-0.51008445,-0.51026934,-0.7787045,-1.3353037,-0.8516625,-0.25731632,0.16246341,-0.84158206,0.1335328,-0.8753519,-0.49316522,-0.64518017,-0.85004735,-0.15210783,-0.04712192,0.18943286,0.84708464,0.77754694,1.4857715,-0.5278881,0.012501212
0.28780004,0.5372848,0.6731773,-1.021759,-0.86129606,0.05056796,-0.25667778,-0.09721423,-0.2834095,0.19251387,-1.0537472,-1.5608957,0.13576594,1.0172173,0.27513325,-0.37867856,0.6399596,1.1377343,-0.93243116,0.41927773,0.6060304,-0.17564137,-0.5372536,-0.29277337,-0.4257187,-1.2718229,-0.90337926,0.16707829,0.3660522,-0.22899467,0.7075493,-0.67026365,-0.16172159,-0.30781788,-0.67403793,2.0904577,0.2393728,-0.79019916,0.35339075,1.7043486,2.1598072,0.39899114,0.14979024,1.3194212,1.6974306,-0.010542332,-0.5464333,-1.0382112,-0.23334797,0.28603756,-0.08920775,-0.12823325,-0.96787757,-0.5159414,-0.101258725,2.1311839,-0.27622375,0.53985703,0.67727387,0.18916585,-0.9240864,-1.365232,-0.8576968,0.59121186,-0.3359329,-0.3663986,-0.6814281,-0.9951644,-0.7400309,-0.19329874,0.24268833,-0.592894,0.4918411,-0.3054277,-0.2842111,-0.20129932,-0.34997523,0.10162055,-0.0004716909,0.022766178,1.1639247,1.2356143,1.6307923,-0.0957255,0.29730704
0.6168682,0.6619341,0.6849562,-1.1518815,-1.0887182,-0.13591921,-0.23815252,0.012563786,-0.29169425,0.19592263,-0.8387152,-1.322553,0.090177126,1.1813844,0.4127618,-0.43795657,1.0912789,1.0802597,-0.90333694,0.3442714,0.6683695,-0.31289458,-0.37249023,-0.2983438,-0.40797493,-1.0914043,-0.67545986,0.19852948,0.6481884,0.07397499,1.0755967,-0.147119,0.052470986,0.23407151,-0.16741745,1.8076317,0.3364504,-0.7797475,0.50636137,1.5414737,1.8248907,0.55582607,0.14672762,1.591175,1.8002939,-0.036850676,-0.67121786,-1.0809747,-0.26932746,0.40155098,0.25283745,0.014741581,-0.8191886,-0.2982798,-0.104503535,2.243913,-0.33542684,0.6800413,0.95650464,0.2267102,-0.5741089,-1.130633,-0.75952214,0.52304876,-0.19666868,-0.28379896,-0.5957186,-0.6598076,-0.60257685,-0.1851784,0.3057979,-0.33620214,0.8589857,0.3053213,-0.092352346,0.25684434,0.13698584,0.28976643,0.0024999618,-0.10550041,1.4020011,1.5392586,1.5554398,0.29001164,0.53765297
0.9021563,0.8073796,0.67852557,-1.2397001,-1.2914531,-0.35685274,-0.25972414,0.12722771,-0.2975839,0.19954783,-0.6175455,-1.0548521,-0.04606733,1.3226167,0.48145223,-0.47546336,1.5287507,0.98751307,-0.76375014,0.2278446,0.7481674,-0.42401233,-0.25922292,-0.39276287,-0.44043195,-0.9069061,-0.40657312,0.18855837,0.98630583,0.39886463,1.4541609,0.3687026,0.21259896,0.7756044,0.33701897,1.4099569,0.35443842,-0.7799565,0.62277436,1.2496747,1.2454163,0.7881496,-0.005234306,1.8506984,1.8245014,-0.113591254,-0.84083927,-1.1321951,-0.3680532,0.46928465,0.60183746,0.16573484,-0.6945308,-0.12441085,-0.10115571,2.3226573,-0.38445923,0.7710711,1.2017792,0.24382445,-0.25233167,-0.8691045,-0.6214953,0.39553648,-0.09035358,-0.27449194,-0.5288956,-0.34644148,-0.47319895,-0.22917438,0.35672006,-0.090642534,1.2241825,0.9083575,0.073909745,0.6974847,0.5714159,0.39135298,-0.033820238,-0.18093121,1.5513315,1.6621265,1.2718719,0.58963126,0.7095446
1.1111283,0.97452116,0.6518481,-1.2870805,-1.4579892,-0.6151614,-0.32493308,0.23545465,-0.28655064,0.2126959,-0.42713448,-0.7856616,-0.26866084,1.4404724,0.46460986,-0.46948168,1.9268678,0.8626436,-0.54243803,0.098831125,0.8267817,-0.49584264,-0.19588937,-0.5681855,-0.52809674,-0.72680837,-0.13372798,0.14599507,1.3578781,0.713367,1.8285023,0.8250348,0.30768418,1.2568175,0.7955479,0.93863875,0.30373365,-0.7893108,0.7021983,0.8688972,0.49113384,1.0461706,-0.2967963,2.0897849,1.7893447,-0.2386746,-1.0376621,-1.1882424,-0.5313511,0.48864368,0.9273992,0.32480824,-0.6260876,-0.025264973,-0.09554167,2.3725564,-0.42373323,0.8042111,1.4071147,0.23641719,0.014260001,-0.6060941,-0.47439975,0.2319859,-0.010203969,-0.34145066,-0.4875958,-0.07057555,-0.3859552,-0.31609222,0.40032977,0.12261729,1.5739367,1.4518986,0.20723532,1.0866649,0.9170208,0.39550078,-0.102734275,-0.20720646,1.6098464,1.6016173,0.8195604,0.7725768,0.7990694
1.2163918,1.1593486,0.6064836,-1.3013988,-1.5813433,-0.908383,-0.43225607,0.32576653,-0.24602991,0.24002011,-0.29984504,-0.54402936,-0.56155163,1.5315928,0.35653803,-0.4041681,2.2616587,0.7160965,-0.27710325,-0.014127906,0.88547117,-0.5213036,-0.17383678,-0.80404747,-0.66785085,-0.55858266,0.10482671,0.0832415,1.7332419,0.982489,2.1794143,1.1729202,0.3331819,1.6212718,1.167134,0.44631454,0.19988991,-0.8057199,0.74592733,0.45006716,-0.34077692,1.2723575,-0.6912068,2.2974403,1.7174298,-0.39956388,-1.2426081,-1.2446089,-0.7536604,0.46246552,1.1985273,0.4876441,-0.63801193,-0.022508794,-0.09394502,2.3946602,-0.4591245,0.7758601,1.5699993,0.197616,0.20667408,-0.3646989,-0.3491855,0.063092545,0.053870115,-0.47905213,-0.4770907,0.15478349,-0.3693247,-0.43347213,0.43980637,0.28192225,1.8924675,1.8863431,0.3013065,1.3908617,1.1440474,0.30282176,-0.1959404,-0.20335504,1.5820092,1.3782474,0.25850317,0.82014424,0.8040598
1.1988081,1.3536102,0.54828966,-1.2927644,-1.6597421,-1.2289232,-0.57634145,0.3878487,-0.16942532,0.28027597,-0.25904268,-0.35652077,-0.8993352,1.5904101,0.1633049,-0.2724632,2.5120904,0.5670825,-0.0092622,-0.08727193,0.9080592,-0.49932736,-0.18026629,-1.0710576,-0.84919745,-0.4083255,0.2748959,0.013890119,2.0787194,1.1728176,2.4842796,1.3732342,0.29033157,1.8243715,1.4182183,-0.010976385,0.060070116,-0.8258394,0.7542849,0.046761047,-1.1406468,1.4097362,-1.1296635,2.4613817,1.6302081,-0.57517445,-1.4372399,-1.2962681,-1.0234858,0.39674553,1.387019,0.6461007,-0.74265397,-0.12379837,-0.10460655,2.3872,-0.49987602,0.68839335,1.6907984,0.11854286,0.31659758,-0.1625483,-0.2710618,-0.078031935,0.11309874,-0.6745638,-0.50022465,0.3203835,-0.44153193,-0.56743646,0.47509685,0.36740497,2.1630056,2.1699886,0.35059515,1.5805911,1.2322648,0.12470531,-0.3038161,-0.19770628,1.4767475,1.0307959,-0.33965793,0.72697824,0.733186
1.0498841,1.5464065,0.4869441,-1.2713737,-1.6957499,-1.5650926,-0.74953204,0.41340283,-0.05928905,0.32675415,-0.3149803,-0.24374254,-1.2506475,1.611047,-0.09861866,-0.07770806,2.6618989,0.44294792,0.22185694,-0.10473916,0.88290656,-0.43412927,-0.2015978,-1.3362572,-1.0562813,-0.2810332,0.35125056,-0.05059972,2.361023,1.2569824,2.7193038,1.4031845,0.1843272,1.840293,1.5270858,-0.38266554,-0.10017187,-0.8442866,0.7247368,-0.29381838,-1.8032259,1.410852,-1.5409464,2.5702462,1.5446253,-0.73938787,-1.6056322,-1.3385928,-1.3252239,0.3001335,1.4711887,0.78987736,-0.9387968,-0.32132453,-0.13756971,2.3473582,-0.55574614,0.5502396,1.7718639,-0.009706983,0.34697202,-0.009657852,-0.2555868,-0.16144069,0.17762887,-0.9103412,-0.55646676,0.4212632,-0.6070931,-0.704752,0.50280994,0.36415467,2.3698826,2.2746968,0.35119906,1.6341963,1.1736847,-0.11851764,-0.4164559,-0.21998747,1.304977,0.6102362,-0.90126777,0.50225365,0.6039396
0.7738065,1.7259384,0.43470332,-1.2450368,-1.695368,-1.9026357,-0.9431416,0.39723277,0.071932144,0.36884966,-0.46284527,-0.21674278,-1.5823845,1.5895705,-0.4042168,0.16614003,2.7016125,0.37492323,0.3847627,-0.05978673,0.8047855,-0.33391532,-0.22647454,-1.5686376,-1.2710072,-0.18037279,0.32149085,-0.10313413,2.5517159,1.2182769,2.8624785,1.2603853,0.023254856,1.6661851,1.4871005,-0.6314052,-0.26899529,-0.85421574,0.650597,-0.53797287,-2.2438245,1.2457185,-1.8537239,2.6159332,1.4706993,-0.8669406,-1.7354401,-1.3677932,-1.640864,0.18329287,1.4392076,0.9084268,-1.2114136,-0.5921191,-0.20308399,2.273587,-0.63350385,0.37488475,1.816233,-0.19352463,0.31141794,0.09254164,-0.3065045,-0.1660348,0.25464317,-1.1656375,-0.64130396,0.4576013,-0.85516924,-0.8341191,0.5171169,0.2652645,2.5004795,2.1903613,0.30126002,1.5419104,0.97438526,-0.40094048,-0.5246618,-0.29353535,1.0776135,0.17181858,-1.3597369,0.16928174,0.43875223
0.38815925,1.8810495,0.4037918,-1.2175285,-1.6663163,-2.2261825,-1.147784,0.33813643,0.20307481,0.39455062,-0.683457,-0.27459052,-1.8636171,1.5259806,-0.72314847,0.43666324,2.630154,0.3915095,0.45973206,0.045273516,0.67448497,-0.20947693,-0.2475657,-1.7436426,-1.4759389,-0.10918627,0.18795364,-0.14217529,2.6306136,1.0540153,2.8971555,0.9642959,-0.1824975,1.3235931,1.3083426,-0.73945063,-0.4388089,-0.84831053,0.5223756,-0.6704941,-2.4112346,0.90785044,-2.009027,2.5956016,1.4112233,-0.93902737,-1.8184339,-1.3810371,-1.9512339,0.058168598,1.2914041,0.99323714,-1.5336744,-0.90150017,-0.3091327,2.1674893,-0.7335272,0.17945428,1.8264632,-0.43387273,0.2316131,0.15013106,-0.414663,-0.08334069,0.34682095,-1.4186716,-0.74593776,0.43462738,-1.1610005,-0.9466869,0.5110762,0.07451296,2.5475404,1.9274338,0.202404,1.3088222,0.655234,-0.6941747,-0.62083954,-0.42947626,0.8038275,-0.23180771,-1.663041,-0.23614389,0.26106364
-0.07667491,2.0018427,0.4033461,-1.1882845,-1.6162599,-2.5204668,-1.3531674,0.23952624,0.30763555,0.39341438,-0.94535935,-0.40301,-2.0686362,1.4251382,-1.0225133,0.7061086,2.4561124,0.51102513,0.44207937,0.2000383,0.49881116,-0.07323543,-0.2625879,-1.8462316,-1.6560118,-0.069032125,-0.032144316,-0.17149337,2.5887392,0.77754706,2.815295,0.55494636,-0.4203581,0.8556878,1.0170212,-0.7112206,-0.60511565,-0.82129294,0.32998952,-0.696241,-2.294984,0.4165296,-1.9703821,2.5127761,1.361989,-0.9472903,-1.8501244,-1.3767289,-2.23658,-0.06265367,1.0410857,1.0392506,-1.8698064,-1.2077422,-0.4590636,2.0343144,-0.8481193,-0.017508669,1.803879,-0.7234243,0.13351965,0.17506774,-0.5605105,0.08058422,0.45205292,-1.647598,-0.85785306,0.3621299,-1.4884567,-1.0358819,0.47880608,-0.19164538,2.5103602,1.5170054,0.060623646,0.9564741,0.25099117,-0.9708859,-0.69961196,-0.62375903,0.4905584,-0.55683553,-1.7788523,-0.669094,0.091289096
-0.57954746,2.0798097,0.43658158,-1.1529229,-1.5513095,-2.7707148,-1.5472709,0.10973924,0.359111,0.3588398,-1.2096331,-0.57568425,-2.1789107,1.296456,-1.2704427,0.9459689,2.1972544,0.7348873,0.34193864,0.38748994,0.28881136,0.061207507,-0.27316353,-1.8712986,-1.7996749,-0.059772838,-0.3088048,-0.19838066,2.428992,0.41786194,2.6198206,0.08799987,-0.67539424,0.32152155,0.65265924,-0.57263064,-0.7647388,-0.7715952,0.06691454,-0.63812107,-1.9259613,-0.18448503,-1.730328,2.3769782,1.3139464,-0.89685804,-1.8289083,-1.3541504,-2.4767752,-0.16700017,0.71355253,1.0461588,-2.1792912,-1.4686606,-0.6488593,1.8825173,-0.9609934,-0.19769089,1.7481836,-1.0447441,0.043547355,0.18227279,-0.71783954,0.30651268,0.5636125,-1.8316052,-0.9617663,0.25338367,-1.7954569,-1.0966341,0.41728616,-0.50432354,2.3953469,1.0079327,-0.11334996,0.5221322,-0.19238219,-1.2072412,-0.7577243,-0.8577543,0.14316238,-0.7721722,-1.697145,-1.0805444,-0.055751372
-1.0724918,2.1075208,0.4988185,-1.1046747,-1.4750657,-2.9629817,-1.7159743,-0.038234234,0.33610216,0.28985295,-1.4350574,-0.7563653,-2.1838698,1.1523514,-1.4386188,1.1313474,1.8786954,1.0437279,0.18175706,0.58547324,0.058294915,0.18002538,-0.28361896,-1.8223715,-1.8983197,-0.078978986,-0.6035882,-0.23151852,2.1654234,0.016825065,2.3253906,-0.37211728,-0.92978114,-0.21240701,0.26326457,-0.3664289,-0.91351134,-0.7027709,-0.26614842,-0.53185165,-1.3704574,-0.8326757,-1.3111937,2.2022266,1.2559228,-0.80444646,-1.7547858,-1.3133017,-2.6516511,-0.24429896,0.34363332,1.0179709,-2.4214888,-1.6478121,-0.8659011,1.7217128,-1.0496091,-0.3451928,1.657984,-1.3696206,-0.01560287,0.18687178,-0.8589448,0.56538266,0.6710677,-1.9514976,-1.0414078,0.123451345,-2.0396543,-1.1247332,0.32773522,-0.8239492,2.2152612,0.46127987,-0.30423313,0.055522192,-0.62247086,-1.3846437,-0.79361993,-1.1015065,-0.23276061,-0.86117345,-1.430392,-1.4230062,-0.17254697
-1.5046704,2.0780873,0.5774503,-1.0360339,-1.388456,-3.084231,-1.8430164,-0.1879139,0.22745793,0.19143173,-1.5840384,-0.9042742,-2.08086,1.0055069,-1.5052038,1.2451072,1.5299916,1.3976558,-0.0075187273,0.7693287,-0.17833707,0.26905447,-0.29876134,-1.7088736,-1.945007,-0.1213792,-0.8746688,-0.2780008,1.8209494,-0.3754833,1.9573026,-0.76126677,-1.163156,-0.6817778,-0.10097129,-0.14455162,-1.0444609,-0.62281555,-0.65782225,-0.41864073,-0.7182544,-1.4550294,-0.76114607,2.0044081,1.1777512,-0.695414,-1.6285583,-1.2545418,-2.7420356,-0.28667828,-0.028640673,0.96215034,-2.5603826,-1.71909,-1.0895356,1.5603006,-1.0887456,-0.44783115,1.5316817,-1.6605359,-0.028072378,0.2014863,-0.9597817,0.8238443,0.7621054,-1.9910523,-1.0813044,-0.012068016,-2.1848657,-1.1162262,0.21587604,-1.1048964,1.9874932,-0.057394024,-0.49316522,-0.38685253,-0.9862518,-1.490276,-0.80644995,-1.3194969,-0.6292165,-0.8218742,-1.0113162,-1.6566693,-0.25819036
-1.8285949,1.9852366,0.65356714,-0.9406222,-1.2900618,-3.122591,-1.9113952,-0.32084185,0.035062995,0.07347775,-1.6282583,-0.97987354,-1.8743618,0.8663957,-1.4574426,1.2800274,1.1809287,1.7411387,-0.19265378,0.91446084,-0.4077685,0.31548002,-0.3219556,-1.5425494,-1.9332362,-0.17863093,-1.0830822,-0.34134966,1.4235612,-0.7077981,1.5486903,-1.0244024,-1.3533854,-1.0334791,-0.39460286,0.041310485,-1.1468606,-0.5424944,-1.0847058,-0.33742416,-0.067732655,-1.9784633,-0.14600372,1.7984885,1.0735472,-0.5971139,-1.4514551,-1.1783494,-2.731163,-0.28992766,-0.36301917,0.8880723,-2.5686567,-1.6703975,-1.2930317,1.403088,-1.0557252,-0.49805844,1.3690253,-1.8744639,0.013172915,0.23413904,-1.0048755,1.0497048,0.8243553,-1.9381833,-1.068941,-0.1386928,-2.206172,-1.0678048,0.09145853,-1.3012141,1.7316636,-0.48686513,-0.65989184,-0.7493556,-1.2373009,-1.5171006,-0.795318,-1.476806,-1.0334636,-0.66554415,-0.48838902,-1.7545605,-0.31711745
-2.0053897,1.823879,0.7051394,-0.8143613,-1.1772101,-3.0684202,-1.9052613,-0.41929695,-0.22514133,-0.050644457,-1.5525124,-0.9516945,-1.5755113,0.7405858,-1.2931882,1.2396106,0.85737276,2.0119252,-0.3436821,0.9998704,-0.6189519,0.3090164,-0.35368246,-1.3343539,-1.8561124,-0.2396414,-1.1981627,-0.4201761,1.0028102,-0.9348575,1.1363019,-1.1239629,-1.4784541,-1.2327765,-0.583105,0.14911051,-1.206807,-0.471632,-1.5121824,-0.31792462,0.49079758,-2.3403203,0.46123147,1.5958568,0.9436832,-0.5326252,-1.225507,-1.0850037,-2.6073306,-0.25404713,-0.62429,0.80523574,-2.4316487,-1.5040315,-1.447495,1.2493014,-0.9357385,-0.49376747,1.1724358,-1.9692608,0.10570305,0.2868229,-0.9894837,1.2169987,0.84692943,-1.7867507,-0.9966948,-0.24399742,-2.0937433,-0.9774068,-0.033223927,-1.3738174,1.4668565,-0.77867573,-0.78518075,-0.9852508,-1.3422182,-1.4633155,-0.75833744,-1.5451616,-1.4265515,-0.4142602,0.07993112,-1.7064419,-0.35618374
-2.0100548,1.5912638,0.7112517,-0.65647006,-1.0470364,-2.9154983,-1.8127997,-0.46842754,-0.5249633,-0.16697522,-1.3567308,-0.80266833,-1.2014481,0.62754697,-1.0221831,1.1362513,0.5779722,2.1521213,-0.43924624,1.0116864,-0.8032073,0.24471761,-0.39111775,-1.0924573,-1.7066519,-0.2916676,-1.2017872,-0.5078823,0.5860739,-1.0244727,0.75526065,-1.0453842,-1.5196518,-1.2675506,-0.6478291,0.15426555,-1.2089936,-0.415611,-1.8980329,-0.37610772,0.88864285,-2.4971204,0.99145555,1.4026674,0.79560775,-0.5145798,-0.9545081,-0.974784,-2.3664298,-0.1833844,-0.7870435,0.7219057,-2.149237,-1.2359165,-1.526658,1.0926414,-0.72607094,-0.43806154,0.94805557,-1.9113666,0.23832744,0.35509214,-0.9208447,1.3090172,0.82258815,-1.5380468,-0.86342794,-0.31837216,-1.8541684,-0.84520406,-0.14534806,-1.2969481,1.2092764,-0.9040489,-0.8535159,-1.0640726,-1.2859825,-1.3315045,-0.69244224,-1.5074177,-1.7834429,-0.09836368,0.6322256,-1.5201099,-0.3820431
-1.8349347,1.2884707,0.65585923,-0.46981215,-0.897413,-2.6627362,-1.6286585,-0.45881084,-0.82769084,-0.26301572,-1.0560489,-0.5341605,-0.77470547,0.5210924,-0.6656037,0.9885413,0.3520676,2.119316,-0.46964803,0.9461202,-0.9551094,0.12488804,-0.42807233,-0.8217801,-1.4793209,-0.32192072,-1.0906652,-0.593753,0.19576685,-0.9626623,0.4344779,-0.79919845,-1.4643477,-1.1485345,-0.5882292,0.05375974,-1.1392694,-0.37286365,-2.1975577,-0.51228905,1.0892469,-2.4310112,1.3894855,1.2191837,0.642579,-0.5416479,-0.6453524,-0.84804934,-2.0144365,-0.085719734,-0.83890337,0.6438185,-1.7369354,-0.89277226,-1.5116701,0.92200077,-0.4382677,-0.3389096,0.7059779,-1.6843622,0.39282143,0.428778,-0.8160974,1.3193283,0.74825305,-1.2019606,-0.67490506,-0.35524666,-1.5091784,-0.6746337,-0.23394519,-1.0636177,0.9704419,-0.85758585,-0.855467,-0.9767159,-1.0746138,-1.1279575,-0.5937645,-1.3599225,-2.0748806,0.24700727,1.110865,-1.220254,-0.39943388
-1.4919909,0.9218492,0.5309397,-0.260462,-0.72757614,-2.3154216,-1.355802,-0.3878487,-1.0933529,-0.32973006,-0.67822593,-0.16739842,-0.3224278,0.41110268,-0.2540803,0.8173357,0.17920175,1.8958213,-0.43750277,0.81145555,-1.0713047,-0.039175052,-0.45595354,-0.5245504,-1.1717914,-0.3189871,-0.8764334,-0.6646422,-0.15233125,-0.756259,0.19246964,-0.41942903,-1.3091186,-0.906027,-0.42144173,-0.1335051,-0.9880214,-0.3339834,-2.3706405,-0.7123329,1.0916967,-2.1521394,1.6212428,1.0408287,0.50113267,-0.59806365,-0.3086747,-0.7055177,-1.5685731,0.028969884,-0.78167677,0.5737497,-1.2245547,-0.5079791,-1.3948569,0.7244489,-0.09792732,-0.20826505,0.4596986,-1.2954143,0.54635626,0.49301037,-0.698371,1.2506548,0.62614745,-0.79684746,-0.4434516,-0.3510005,-1.0924063,-0.47282788,-0.291226,-0.6878838,0.75664824,-0.657611,-0.78885067,-0.7371467,-0.73462385,-0.8622957,-0.45848355,-1.1125758,-2.2710795,0.58469176,1.4686011,-0.8447155,-0.41022122
-1.011128,0.50417525,0.3379894,-0.03688034,-0.53796226,-1.8859179,-1.006004,-0.26015568,-1.2843735,-0.3626273,-0.25918218,0.25901136,0.12536925,0.28692785,0.17597796,0.6417112,0.050817918,1.4935519,-0.35610437,0.6279212,-1.1501163,-0.22718158,-0.46496683,-0.20248573,-0.7876652,-0.27461585,-0.5831761,-0.7069078,-0.4491876,-0.4320408,0.035610944,0.042128038,-1.0609881,-0.5836737,-0.17837982,-0.37105793,-0.75298053,-0.28365856,-2.3875713,-0.95099723,0.92836976,-1.6972204,1.6779292,0.8597384,0.38765535,-0.6563789,0.040668532,-0.5486252,-1.0566019,0.15002097,-0.63058764,0.51182276,-0.6532824,-0.117214166,-1.1818324,0.48838136,0.2587343,-0.060724817,0.22469991,-0.77883166,0.67495203,0.53092635,-0.5922093,1.1126611,0.46351102,-0.34810776,-0.18632326,-0.30478448,-0.64396715,-0.250399,-0.31401116,-0.204159,0.56925064,-0.34244922,-0.6592415,-0.38030306,-0.309166,-0.54692864,-0.2845711,-0.7865743,-2.3464751,0.87897366,1.6731853,-0.43897483,-0.4143043
-0.43756133,0.0545228,0.08799121,0.1912571,-0.32985342,-1.3930682,-0.5986129,-0.08693829,-1.3708727,-0.36127463,0.1628607,0.6944831,0.5378002,0.1408346,0.5870473,0.4763256,-0.04686614,0.9537631,-0.2458297,0.42576373,-1.1908537,-0.4119844,-0.44555816,0.1413965,-0.3377904,-0.18504827,-0.24351466,-0.7086441,-0.69173557,-0.03262325,-0.042270232,0.52437884,-0.7379581,-0.23042774,0.101685315,-0.61215264,-0.4414081,-0.2044871,-2.234439,-1.1968555,0.65647835,-1.1239953,1.5757489,0.6676275,0.31473488,-0.68316215,0.3850952,-0.37980515,-0.5142536,0.26800576,-0.4111552,0.45631054,-0.0705725,0.2455296,-0.8913446,0.20760904,0.5905189,0.08811803,0.016601305,-0.1944873,0.7565474,0.5261741,-0.5176631,0.91916376,0.27242887,0.11459247,0.07713851,-0.21802883,-0.20471992,-0.020451257,-0.30367833,0.33738038,0.40618816,0.036409833,-0.47871774,0.04363273,0.14899707,-0.19667944,-0.073253594,-0.41061854,-2.2848763,1.0984715,1.7106838,-0.049339384,-0.41097736
0.17404367,-0.40263584,-0.20004947,0.4145784,-0.104940966,-0.86051065,-0.15841156,0.11594357,-1.3344355,-0.32881021,0.5525407,1.0852035,0.88632846,-0.028370194,0.9455668,0.3301245,-0.12933095,0.34133077,-0.12988874,0.24068815,-1.1929251,-0.56340134,-0.38949534,0.50078315,0.15903512,-0.051521987,0.10673439,-0.66116965,-0.8814805,0.3903731,-0.05741605,0.9666821,-0.36664763,0.10753031,0.37864235,-0.8090613,-0.07046687,-0.08209794,-1.9157187,-1.4172194,0.3457728,-0.50296664,1.3524,0.45807827,0.28840455,-0.6464064,0.706382,-0.20248829,0.019338459,0.37596777,-0.15481296,0.4049309,0.47563437,0.5523076,-0.5521845,-0.11593393,0.85832435,0.22362824,-0.15098739,0.3793211,0.774836,0.4662341,-0.48621398,0.6856805,0.06874853,0.5610054,0.3285782,-0.09399644,0.18941773,0.20343845,-0.26531452,0.87778217,0.2636779,0.42290193,-0.26381737,0.4774954,0.5857136,0.17209876,0.16947854,-0.016061854,-2.0835645,1.2191433,1.5858334,0.28375068,-0.40054289
0.76639026,-0.8396923,-0.50181097,0.62531704,0.1351657,-0.31431967,0.28767672,0.33061367,-1.1703501,-0.26988736,0.8832142,1.3834422,1.1485077,-0.21357189,1.2265618,0.20661074,-0.20986886,-0.26580027,-0.029530074,0.10846379,-1.1552454,-0.65344214,-0.29137042,0.8654152,0.6770302,0.119362324,0.43356672,-0.5602183,-1.022214,0.78469574,-0.032524936,1.3185993,0.02071689,0.3937233,0.61813414,-0.9221215,0.33372745,0.09035476,-1.4546499,-1.5832494,0.06432201,0.09243429,1.0601697,0.22880241,0.3068395,-0.52293766,0.9883362,-0.020942938,0.5067008,0.47024575,0.106457874,0.3560801,0.94293386,0.78344387,-0.19911812,-0.47047737,1.0320852,0.3338907,-0.2680871,0.85750365,0.7218246,0.3450766,-0.49769542,0.42810366,-0.12900326,0.9643735,0.5538879,0.0625749,0.5117201,0.4089392,-0.20660302,1.3585411,0.13827562,0.7654575,-0.03270425,0.8664246,0.95427006,0.54257685,0.4327764,0.36771086,-1.7553623,1.2270031,1.3207384,0.531117,-0.38547084
1.286727,-1.2290894,-0.7906475,0.81835306,0.38888443,0.21994859,0.7140459,0.53993255,-0.88784367,-0.18937564,1.1395367,1.5564268,1.3110701,-0.39930385,1.4162861,0.10573038,-0.29667735,-0.78973746,0.039555043,0.057924416,-1.0768284,-0.6622101,-0.14956093,1.2209954,1.1854507,0.31628266,0.70955956,-0.4064844,-1.1186757,1.1057148,0.007999266,1.5471357,0.3909059,0.6057343,0.79727,-0.92675054,0.7389944,0.30842903,-0.8900551,-1.6729221,-0.13407223,0.59581935,0.75663567,-0.017201608,0.36050567,-0.30449295,1.2199491,0.16004393,0.9177468,0.5504736,0.34500238,0.30969656,1.30042,0.92967445,0.1331918,-0.83513325,1.096889,0.41166446,-0.32967407,1.1632603,0.59968734,0.16505219,-0.54045963,0.1621213,-0.30161566,1.3045316,0.7455206,0.24560648,0.74773514,0.58707136,-0.1357571,1.7303746,0.028174575,1.024821,0.19775851,1.1665137,1.2224532,0.8987417,0.7010742,0.71690637,-1.328594,1.1196815,0.9514764,0.67834765,-0.3702476
1.693427,-1.5466378,-1.0406457,0.99156046,0.6541147,0.7198483,1.0990832,0.7299404,-0.50882566,-0.091062635,1.3186487,1.5923643,1.3726237,-0.5636035,1.5132123,0.026297871,-0.39138943,-1.1662879,0.06930305,0.10570242,-0.9571808,-0.5824549,0.033229087,1.5508586,1.6517076,0.52406657,0.91673297,-0.20522651,-1.1747683,1.3233743,0.042838708,1.6408952,0.7144671,0.7368302,0.9075236,-0.8175478,1.1110909,0.5559248,-0.27197176,-1.6736794,-0.21881011,0.95589817,0.49564424,-0.2712541,0.43402204,-0.0010447357,1.3974798,0.3354859,1.23347,0.6189395,0.5413799,0.26806238,1.5319101,0.9926072,0.4155419,-1.1818851,1.0557252,0.45537865,-0.3359766,1.2432693,0.42134145,-0.061779596,-0.59312445,-0.09657855,-0.4305049,1.5704274,0.90328664,0.4481257,0.89544374,0.7334525,-0.059718285,1.9609828,-0.065834776,1.1790509,0.4141919,1.3511084,1.3769494,1.2265861,0.95578724,1.0155485,-0.84359485,0.90729225,0.5233613,0.7265451,-0.35986352
1.9607724,-1.7746773,-1.2293302,1.1456336,0.92733765,1.1677026,1.4270214,0.89164096,-0.06513943,0.022995614,1.4287802,1.503048,1.3446962,-0.68181264,1.5265871,-0.03179456,-0.48891017,-1.3560327,0.059278082,0.25192624,-0.7970917,-0.42215756,0.24942845,1.8379223,2.044662,0.72557074,1.0481718,0.033981185,-1.1928897,1.4263785,0.057578474,1.6099986,0.9696803,0.79441726,0.9547751,-0.6088913,1.4183314,0.8063993,0.34497926,-1.5824922,-0.18576042,1.1422311,0.31862447,-0.5198357,0.5091025,0.3592941,1.5250968,0.50091517,1.4481435,0.6796252,0.68682855,0.23543353,1.6375864,0.9835731,0.6289269,-1.479843,0.9297254,0.46963078,-0.29208705,1.0800422,0.20923193,-0.31446785,-0.629316,-0.3318314,-0.5003935,1.7603161,1.0338987,0.66231066,0.9642505,0.84872717,0.017274322,2.0394773,-0.14042118,1.2253544,0.6085592,1.4139788,1.4243865,1.5149586,1.1779537,1.2555633,-0.34751776,0.61191225,0.08533881,0.6902001,-0.357948
2.0811079,-1.9041593,-1.3395739,1.283349,1.2025247,1.5513556,1.6883923,1.0215831,0.40477535,0.15225802,1.4857639,1.32156,1.2508215,-0.7311733,1.4734594,-0.06633746,-0.5789193,-1.3513088,0.016454026,0.4788718,-0.59971756,-0.20391262,0.4870795,2.0670068,2.3377416,0.9032391,1.1074528,0.29838952,-1.173932,1.4229819,0.046858642,1.4827505,1.1449181,0.79659563,0.95632917,-0.33192167,1.6360443,1.0280272,0.9080643,-1.4051032,-0.055146873,1.1472173,0.24907501,-0.74613947,0.5681689,0.73473406,1.6140224,0.65254205,1.569154,0.73710734,0.7830458,0.21748458,1.633206,0.92209494,0.76690865,-1.6993328,0.7541091,0.46449694,-0.206797,0.69802034,-0.007353812,-0.56455,-0.62266004,-0.5272685,-0.50062156,1.8809193,1.1484308,0.879669,0.9719547,0.93800807,0.09447888,1.9773155,-0.19053127,1.1784657,0.7783054,1.3686117,1.3884686,1.7555977,1.3507341,1.4351251,0.112606466,0.26532763,-0.31542203,0.5932539,-0.36434984
2.0649593,-1.9354438,-1.3610305,1.4080914,1.4701828,1.8637054,1.8794082,1.1214342,0.8601624,0.29639995,1.5085714,1.0959414,1.1235383,-0.6951582,1.374882,-0.072965816,-0.6485816,-1.1766806,-0.047400672,0.75301737,-0.37216026,0.03883782,0.73061925,2.2275286,2.5117095,1.0417618,1.106785,0.5729178,-1.1177835,1.3381062,0.014455526,1.298893,1.2400032,0.76724756,0.9364205,-0.028896298,1.7501197,1.189401,1.3723682,-1.1541333,0.13580158,0.98532647,0.28983578,-0.93206936,0.59803724,1.0765526,1.6802891,0.7873747,1.6143878,0.79550475,0.84098434,0.22026019,1.5465721,0.8324426,0.8361828,-1.8170351,0.57192993,0.45411435,-0.09131859,0.16199699,-0.19593112,-0.77922004,-0.55260664,-0.6668957,-0.4273696,1.9449697,1.2595118,1.0914403,0.94124407,1.0096304,0.17449185,1.8054157,-0.21071646,1.0662842,0.9256139,1.244263,1.3045348,1.9427577,1.462855,1.5559456,0.49676695,-0.09449155,-0.6384622,0.4633886,-0.37377617
1.9378059,-1.8776048,-1.2909304,1.522594,1.7170273,2.1014345,2.0006459,1.196623,1.2619144,0.45423102,1.5152673,0.8802538,0.999648,-0.5674039,1.2515777,-0.04693739,-0.6853234,-0.8840588,-0.11790236,1.0300528,-0.12526995,0.2682676,0.96280223,2.314706,2.5569034,1.1300458,1.0641009,0.8410963,-1.0243329,1.2079291,-0.028261365,1.1018703,1.2646747,0.7309685,0.92029196,0.25410506,1.7590724,1.2663255,1.7053772,-0.84681034,0.3428906,0.68940425,0.42414585,-1.0607921,0.5925626,1.3378315,1.7406774,0.9033387,1.608246,0.8580669,0.8770179,0.24857143,1.4127277,0.7407996,0.85441554,-1.8194113,0.42596665,0.4542676,0.0424966,-0.43299028,-0.32510242,-0.9251098,-0.40850627,-0.7366242,-0.284286,1.968625,1.3776089,1.2891324,0.89597505,1.0728316,0.26224118,1.5680631,-0.19648801,0.92372996,1.0558734,1.0796362,1.2120628,2.0725968,1.5107788,1.6205639,0.7773295,-0.4282461,-0.85409856,0.32663223,-0.37559086
1.7357717,-1.746452,-1.1343989,1.6274209,1.9265001,2.2634022,2.0552747,1.254207,1.5763819,0.6222343,1.5190336,0.72408974,0.91412544,-0.3534785,1.1208429,0.014765608,-0.679706,-0.54225564,-0.17925082,1.2621357,0.12615769,0.45009157,1.1662627,2.3308604,2.4748166,1.1628659,0.99957377,1.0862569,-0.89475095,1.0724992,-0.06553713,0.93126,1.2363439,0.7089079,0.92877626,0.47475496,1.6742482,1.2469898,1.8890822,-0.5023815,0.52533644,0.30481347,0.62009823,-1.1191039,0.5538678,1.4831446,1.8088145,0.99911773,1.5765823,0.9266244,0.90921813,0.3049472,1.2682366,0.67097646,0.8459172,-1.7057981,0.3505798,0.47986013,0.18343642,-0.9784265,-0.36884162,-0.9729903,-0.1922725,-0.72658515,-0.08254384,1.9679786,1.508183,1.4649678,0.85734767,1.1357751,0.36334366,1.3148652,-0.14564392,0.78622895,1.1751232,0.9154201,1.1471443,2.1425989,1.4998827,1.6306347,0.9420393,-0.7001622,-0.94555557,0.20318533,-0.35557884
1.4988091,-1.5615731,-0.90458405,1.7202293,2.0802424,2.3490646,2.0477412,1.300662,1.779064,0.7937004,1.5264965,0.6640696,0.8938976,-0.07119063,0.9940711,0.1105265,-0.6273204,-0.22412463,-0.21651755,1.4063689,0.36407197,0.56059104,1.3263392,2.284672,2.279152,1.1420554,0.9319467,1.2922771,-0.7330523,0.9681917,-0.08096719,0.81655985,1.176377,0.71575975,0.97451574,0.6013516,1.5181732,1.1350523,1.9210567,-0.14028314,0.6541726,-0.11712062,0.83748895,-1.099351,0.49178487,1.4946368,1.8916479,1.0739937,1.5419308,1.0016348,0.9528089,0.3885856,1.1453431,0.6415772,0.8365948,-1.4890714,0.36552662,0.5421174,0.3218872,-1.3725353,-0.3103948,-0.9023193,0.081618056,-0.63327354,0.15978618,1.9567326,1.6502863,1.6125998,0.8412485,1.2034447,0.48161447,1.0922202,-0.059200484,0.6838346,1.2880086,0.7871235,1.1359146,2.1512685,1.4439874,1.5868711,0.9939803,-0.8829036,-0.90999115,0.105333485,-0.29861766
1.2657939,-1.3432505,-0.62214625,1.7956387,2.1607418,2.3577473,1.9831085,1.339827,1.8567288,0.95883596,1.5372378,0.717076,0.95231915,0.2514872,0.87617457,0.23317805,-0.5295384,0.006666002,-0.21695343,1.4327623,0.5687453,0.5921222,1.4327564,2.189928,1.9953834,1.076232,0.87605184,1.44487,-0.54654133,0.92119205,-0.060989328,0.7736501,1.1060812,0.7583758,1.0600306,0.617448,1.3207587,0.94969183,1.8127856,0.22112106,0.7166211,-0.5262583,1.0357801,-1.0008231,0.42165756,1.3767716,1.9879484,1.127807,1.5196044,1.0818169,1.0168808,0.49529245,1.06747,0.66286105,0.84828645,-1.19465,0.47221583,0.64647985,0.45054162,-1.5392922,-0.144966,-0.7050743,0.38787296,-0.4615216,0.42024392,1.9442587,1.7959545,1.7273355,0.85612565,1.2763561,0.6173186,0.93571866,0.058410015,0.63705236,1.3959234,0.71964335,1.1902689,2.0987413,1.3633754,1.4907283,0.94820726,-0.9612131,-0.75798386,0.037486907,-0.19210532
1.0678267,-1.10953,-0.31411335,1.8457526,2.1542768,2.2884917,1.8668523,1.3715854,1.8087871,1.105521,1.5456074,0.87801933,1.086258,0.57999814,0.7659974,0.36994854,-0.393251,0.10681349,-0.17151415,1.3293717,0.7211407,0.5543523,1.4811879,2.0632932,1.6595694,0.97992617,0.8404737,1.532725,-0.34642535,0.94315153,0.0021926921,0.80397075,1.0428091,0.83588475,1.1780124,0.5239558,1.114969,0.72205424,1.5872389,0.5647296,0.71614075,-0.8799563,1.1817838,-0.83001703,0.36102706,1.1550977,2.087883,1.1610365,1.5150396,1.1642873,1.102091,0.61754274,1.0459332,0.7354404,0.8940228,-0.85740274,0.65408576,0.79076356,0.56423885,-1.4425968,0.11849229,-0.38897127,0.69412786,-0.22531593,0.67437404,1.9344993,1.9316484,1.8066715,0.902351,1.3501266,0.765687,0.8649435,0.19973458,0.65487164,1.4959407,0.7241162,1.3067055,1.9872613,1.2804049,1.3465995,0.8269981,-0.9339348,-0.511796,-0.0016144571,-0.028833441
0.9253621,-0.8742928,-0.011333166,1.8616762,2.0541914,2.141246,1.7054766,1.3914005,1.6473324,1.2212024,1.5427477,1.1217619,1.2757909,0.8781945,0.65829706,0.50461733,-0.22962776,0.0600465,-0.07616798,1.1043527,0.80508137,0.472124,1.4739172,1.9215255,1.3148396,0.87138164,0.82707226,1.5485995,-0.14692271,1.0296466,0.10935037,0.89612585,0.99736184,0.9408407,1.3135508,0.33760273,0.9312931,0.48945212,1.2757977,0.87451357,0.6685838,-1.1476357,1.2552868,-0.6002151,0.32579583,0.8724492,2.1756864,1.1748788,1.5236298,1.2442405,1.2002249,0.7456526,1.0789684,0.8498984,0.97529763,-0.5165636,0.8799371,0.96500736,0.6598048,-1.0923699,0.45785472,0.02202399,0.96577203,0.05254309,0.8990894,1.9260972,2.0406435,1.850027,0.972486,1.4163784,0.9162809,0.8813575,0.35523114,0.7347924,1.5810461,0.79734707,1.4678295,1.8219962,1.2155474,1.1642418,0.6542537,-0.81430334,-0.20296584,-0.015987063,0.19089553
0.845936,-0.6462276,0.25480524,1.8352525,1.8634318,1.9184982,1.507668,1.391129,1.3955699,1.2948966,1.5195916,1.4078971,1.4875963,1.1131988,0.5464274,0.62053275,-0.05232025,-0.121247746,0.06570714,0.78371346,0.809816,0.37994742,1.4189961,1.7792006,1.0066514,0.7699878,0.8311738,1.4906578,0.03629855,1.1616404,0.25394624,1.0294216,0.9722773,1.0612825,1.4476612,0.087004505,0.79324734,0.2878915,0.9142651,1.135391,0.5951827,-1.313327,1.2514446,-0.33032873,0.32668966,0.58068305,2.2332423,1.1716077,1.5321785,1.3150405,1.2956755,0.86895144,1.1530087,0.98793703,1.0817069,-0.2097089,1.1105989,1.151856,0.7352072,-0.5419599,0.8394856,0.48912677,1.1710236,0.34292534,1.0752361,1.9132354,2.105722,1.8585193,1.0528225,1.4642413,1.0538926,0.96935916,0.51425654,0.86481994,1.6411587,0.92402345,1.6464639,1.6115814,1.1824348,0.95928913,0.4509128,-0.6278053,0.13116598,-0.009804874,0.4585626
0.8242852,-0.42934456,0.45711496,1.7612749,1.5957191,1.6274797,1.2850356,1.3604175,1.0850681,1.3196236,1.4695127,1.6885083,1.6807833,1.2605735,0.42539358,0.7042225,0.124203436,-0.3995402,0.24299656,0.405792,0.7326813,0.3142435,1.3292836,1.6467632,0.77690476,0.6933924,0.84319216,1.3631167,0.18818374,1.3095509,0.423149,1.1783919,0.9620074,1.1828334,1.5608549,-0.19333166,0.7135389,0.14449446,0.53946817,1.3330369,0.5155848,-1.3757054,1.1801133,-0.043109227,0.36683688,0.33184603,2.2439837,1.1544545,1.5218453,1.3682663,1.3678522,0.97701526,1.2459698,1.1249803,1.1935756,0.03348711,1.3066254,1.328705,0.78900725,0.122099414,1.2223314,0.9625148,1.2857548,0.6135358,1.189817,1.8875765,2.1125104,1.834428,1.1259329,1.4827591,1.160241,1.1000615,0.666196,1.0263104,1.6648507,1.0804121,1.8110032,1.3677126,1.1850762,0.7523395,0.23247655,-0.4084231,0.45144308,0.014569491,0.75753313
0.84462017,-0.22428639,0.57703644,1.6389189,1.2752223,1.2818499,1.0528111,1.2891452,0.75183225,1.2937603,1.3900005,1.9159268,1.8151137,1.3072827,0.29436988,0.747711,0.28638968,-0.71998066,0.43630412,0.014063688,0.5802859,0.30547547,1.2201023,1.5296445,0.6575296,0.6549801,0.8508228,1.1767907,0.2966891,1.4389775,0.5997013,1.3171594,0.9540984,1.2907994,1.6366674,-0.46974018,0.69233286,0.072064325,0.18537647,1.4548932,0.4417034,-1.3458586,1.0611163,0.23692979,0.44083738,0.16782252,2.1966887,1.1275678,1.4727107,1.3943073,1.3950691,1.0609621,1.3313868,1.2330838,1.2860785,0.19639142,1.4360611,1.4706899,0.8195381,0.7957854,1.5628449,1.3878181,1.296737,0.8336451,1.2369034,1.8396842,2.0516417,1.78039,1.1735398,1.4632101,1.216727,1.2373458,0.8011968,1.1975085,1.6417162,1.239311,1.9312891,1.1045667,1.216821,0.5658166,0.009089675,-0.1930864,0.72155106,0.056702886,1.0644681
0.8846921,-0.030230464,0.6084573,1.4727838,0.9341573,0.9024735,0.829273,1.169828,0.43186772,1.2217435,1.2832866,2.0501807,1.858658,1.2536356,0.15851639,0.74954325,0.42254642,-1.0203706,0.61947775,-0.3498583,0.36870795,0.37191007,1.1070753,1.4285873,0.6653913,0.662085,0.8416183,0.94839746,0.3549006,1.517218,0.7642344,1.4233434,0.9324371,1.371952,1.6638422,-0.7151483,0.7176646,0.06652494,-0.119863845,1.491873,0.37464327,-1.2436613,0.91811955,0.4854851,0.53491145,0.113686234,2.0877762,1.0957345,1.3682581,1.3832319,1.3583784,1.1140071,1.3835253,1.2855277,1.3349051,0.2776778,1.4803861,1.5545553,0.8246989,1.3753699,1.8209957,1.7133745,1.2037207,0.97830874,1.2174076,1.7619966,1.9205365,1.6990427,1.180075,1.400954,1.2078248,1.3446054,0.9107332,1.3566586,1.5645546,1.3746592,1.9835596,0.83727306,1.2614901,0.41957667,-0.21255231,-0.015719695,0.9125963,0.117107205,1.3513911
0.9193812,0.15308028,0.5597183,1.2729357,0.6088049,0.5168507,0.63434607,1.0000618,0.15697855,1.1135288,1.1553694,2.064767,1.7944508,1.1124917,0.028731095,0.7142998,0.52372503,-1.2423958,0.76309633,-0.65206707,0.12260673,0.5162451,1.003963,1.3406671,0.7986013,0.71525717,0.80565864,0.6992683,0.36242795,1.5191532,0.89766383,1.4803232,0.8803793,1.4154791,1.6375494,-0.9127583,0.76803935,0.10874972,-0.35635635,1.4402528,0.30508518,-1.0930328,0.7721715,0.6806471,0.6288739,0.17295124,1.9216282,1.0637417,1.1996069,1.3263447,1.24513,1.1321411,1.3819435,1.2607222,1.3217714,0.29143736,1.4377449,1.5625242,0.80186355,1.7745596,1.9657698,1.8982023,1.0194353,1.0321109,1.1379421,1.6503125,1.7235944,1.5923525,1.1351249,1.2965496,1.1237848,1.3911253,0.987804,1.4846914,1.4310896,1.4654619,1.954038,0.5804848,1.2972915,0.32685727,-0.4258756,0.098652646,1.0069348,0.19507368,1.5885109
0.9266779,0.32405207,0.4527536,1.0541269,0.33470902,0.15662849,0.48709086,0.78411204,-0.049041074,0.9831842,1.0150372,1.9500644,1.6237103,0.9071834,-0.07962972,0.65038735,0.58378553,-1.3408636,0.8390464,-0.86925155,-0.12832773,0.72538483,0.92122084,1.2610562,1.0362097,0.8089502,0.7372685,0.45351237,0.3257391,1.4317498,0.98366606,1.4787599,0.78464484,1.413974,1.5592169,-1.0570294,0.81668127,0.1695785,-0.51358664,1.3038822,0.21703273,-0.9176831,0.63635796,0.8047406,0.6989267,0.3287118,1.7097886,1.0357778,0.9683754,1.2176504,1.0516548,1.1141921,1.3150822,1.146111,1.238385,0.26375246,1.322706,1.4857466,0.748543,1.9380006,1.9800937,1.9184378,0.767426,0.9913084,1.0094519,1.5049553,1.4718134,1.462152,1.0355544,1.1561835,0.96312296,1.3573629,1.0269604,1.5666866,1.2449913,1.497981,1.840409,0.3465774,1.3014895,0.29079658,-0.6214659,0.1377207,1.0003824,0.2867827,1.7476493
0.8903141,0.47877756,0.31952524,0.8338862,0.14152163,-0.1460017,0.402698,0.5333792,-0.17240942,0.84683377,0.8714269,1.7138942,1.3656201,0.6674508,-0.1498888,0.5681526,0.59965795,-1.2913147,0.82597035,-0.98908186,-0.35302454,0.973812,0.86485755,1.184741,1.340489,0.932713,0.6364479,0.23494144,0.25760263,1.256232,1.0107499,1.4165552,0.63844615,1.3633971,1.4356488,-1.1521347,0.83673215,0.21781299,-0.5903146,1.0955715,0.094153196,-0.7375566,0.5143541,0.84608763,0.7214955,0.54677665,1.4684494,1.0150743,0.68788475,1.0557761,0.7846887,1.0618873,1.1815419,0.94069916,1.088248,0.22683927,1.1628268,1.3266743,0.6632986,1.8494344,1.8630083,1.7717304,0.47889248,0.8642385,0.8451623,1.3313538,1.1811218,1.3102738,0.8863581,0.9907259,0.73394674,1.2375083,1.0243632,1.5927507,1.0157828,1.4665344,1.6513841,0.14445825,1.2554997,0.30349198,-0.78540474,0.10425857,0.90217566,0.38380766,1.8063748
0.8033521,0.61162704,0.19622931,0.6302633,0.04847416,-0.36302146,0.38944215,0.26573956,-0.21029943,0.7206555,0.73241985,1.3797802,1.0530235,0.42533198,-0.16759805,0.4771878,0.571375,-1.0930144,0.71417016,-1.0080261,-0.5245556,1.229321,0.83661586,1.1080081,1.6624242,1.0736191,0.50839525,0.064489834,0.1749133,1.0075291,0.973799,1.2979878,0.44349492,1.2630355,1.2771776,-1.2082089,0.8068621,0.22878726,-0.5931724,0.8367766,-0.07340106,-0.5667048,0.40170515,0.8006375,0.6769537,0.7841216,1.2156204,1.0035057,0.3818308,0.84506935,0.4612627,0.97954416,0.9900227,0.65635335,0.88588506,0.21225083,0.9927769,1.0993298,0.546884,1.5334628,1.6296686,1.4780602,0.18711418,0.66989034,0.6593816,1.1391383,0.8705578,1.1393101,0.6996501,0.8140116,0.45331848,1.0400937,0.97823364,1.5581759,0.7577259,1.3726053,1.4043581,-0.021078868,1.148756,0.3473982,-0.8995532,0.014910593,0.73260325,0.4727603,1.7510266
0.66806453,0.7166882,0.11581477,0.45926872,0.061458796,-0.47550988,0.4464176,0.0034123862,-0.1697787,0.6186632,0.603038,0.98291487,0.72563654,0.21047856,-0.124501415,0.3854686,0.50177795,-0.7689522,0.50898516,-0.9294236,-0.6240811,1.4590318,0.83409214,1.0289079,1.9490914,1.2182841,0.36260122,-0.042563293,0.09629431,0.71115524,0.87516844,1.1325201,0.21017905,1.1150279,1.0958577,-1.2367545,0.7155605,0.19100443,-0.5337527,0.5560841,-0.2835164,-0.41262442,0.29005852,0.6726775,0.55353266,0.99677277,0.9682424,1.0013915,0.08104723,0.5960565,0.1065674,0.87400925,0.7568901,0.316884,0.6535978,0.24441172,0.8472603,0.82819456,0.4029984,1.0506806,1.3090425,1.0772849,-0.07729171,0.43501186,0.46613327,0.94045967,0.55972826,0.95301574,0.49275175,0.64069146,0.14550702,0.7854739,0.8890236,1.4628295,0.48796228,1.2228118,1.1219931,-0.14962597,0.98064536,0.39892164,-0.94418997,-0.103449464,0.51862466,0.53682667,1.5797399
0.49569553,0.789668,0.10113896,0.3324871,0.1719646,-0.47737604,0.56246805,-0.23014218,-0.06608177,0.551029,0.4848855,0.5642016,0.4217836,0.046709184,-0.021135518,0.29886883,0.39658225,-0.36185366,0.23024741,-0.7614299,-0.6444005,1.6352915,0.8516981,0.94702226,2.1516075,1.3550649,0.2104642,-0.07872721,0.038807668,0.3983512,0.7244005,0.9326999,-0.043499567,0.9237705,0.90340745,-1.2461529,0.56402373,0.10953359,-0.4263443,0.28523606,-0.5192837,-0.27695417,0.17295484,0.47512206,0.3497799,1.1485443,0.7400497,1.007415,-0.1818064,0.32493865,-0.24878505,0.753486,0.50228155,-0.045400392,0.41703555,0.335479,0.7538686,0.5447227,0.23867516,0.48698038,0.9385382,0.62300813,-0.29136232,0.18999226,0.27841446,0.7477918,0.2662682,0.7564412,0.28468448,0.48378393,-0.16172157,0.50152016,0.7598948,1.3104614,0.22372681,1.0267841,0.8280509,-0.24441288,0.75998837,0.43358445,-0.9023531,-0.21961339,0.28846255,0.5582478,1.3033522
0.30263263,0.82964116,0.15961936,0.25525534,0.3581141,-0.37787303,0.7170511,-0.41390693,0.08017764,0.5228932,0.3760792,0.16386053,0.17095807,-0.050642125,0.13222083,0.22143024,0.26375675,0.07269616,-0.08913506,-0.5167603,-0.5915306,1.7401705,0.8812017,0.8623515,2.2322452,1.4746106,0.0627148,-0.045440532,0.015221974,0.1000025,0.5374938,0.7124739,-0.2948173,0.69540226,0.7097811,-1.2389288,0.36615542,0.004807772,-0.28545174,0.054459896,-0.75072765,-0.15690467,0.05056117,0.22877611,0.07571364,1.2161672,0.53986007,1.0183054,-0.3778884,0.051761355,-0.57352537,0.6269798,0.24621287,-0.39436325,0.1999937,0.4829107,0.72768587,0.28270563,0.06389333,-0.06139734,0.5583781,0.17430124,-0.44353297,-0.03562993,0.10717018,0.5713466,0.003451133,0.55566514,0.09239759,0.35235453,-0.44086614,0.21809465,0.5969453,1.1079334,-0.019929152,0.7948368,0.543602,-0.3113553,0.50239795,0.43115947,-0.76454717,-0.3045113,0.06666847,0.52178466,0.94469845
0.106938176,0.84043777,0.28116438,0.22592463,0.5878276,-0.20110549,0.88233757,-0.53314656,0.24563728,0.5336606,0.271946,-0.18483964,-0.0117017105,-0.075963184,0.31628972,0.15633222,0.11309926,0.47433588,-0.41015202,-0.21429464,-0.4832264,1.7668117,0.9128685,0.7738742,2.1694832,1.569862,-0.07311162,0.04707758,0.03155911,-0.15900871,0.33446676,0.4850895,-0.52051926,0.43736914,0.521825,-1.2107689,0.14679222,-0.09281091,-0.12493231,-0.112643,-0.9396105,-0.0469668,-0.06821303,-0.039689947,-0.24803387,1.1926132,0.3709868,1.028757,-0.48806784,-0.20233153,-0.84010816,0.50275576,0.004197847,-0.69624144,0.01998392,0.6698528,0.76829994,0.07283147,-0.10974673,-0.5042818,0.20488359,-0.21405683,-0.5351349,-0.21752293,-0.03904871,0.4169408,-0.2219344,0.35694513,-0.072844796,0.24975452,-0.6692475,-0.03847534,0.4091242,0.86426145,-0.23236741,0.53662324,0.2838701,-0.3577968,0.2266003,0.37986425,-0.5331662,-0.33785784,-0.12966605,0.41849878,0.53593904
-0.07583759,0.83084935,0.43970138,0.23603417,0.82337874,0.016406724,1.0271227,-0.58196694,0.4069349,0.57700056,0.1659296,-0.46036118,-0.12715279,-0.03323113,0.5057251,0.10675427,-0.044579986,0.7874805,-0.6935754,0.119445026,-0.34621853,1.7190373,0.93588245,0.6784803,1.9602911,1.6351354,-0.19448742,0.18062115,0.08603482,-0.3643851,0.13679963,0.26169574,-0.700951,0.15802796,0.34273118,-1.1518542,-0.062916845,-0.15107901,0.042057488,-0.20313604,-1.0476946,0.0593797,-0.16649549,-0.30037057,-0.59330744,1.0855753,0.23177323,1.0312701,-0.5067423,-0.4182098,-1.0288737,0.38747537,-0.21506363,-0.9253105,-0.114340976,0.8688414,0.85966444,-0.062295616,-0.27050763,-0.77321607,-0.09521588,-0.5002154,-0.57939667,-0.33996466,-0.1547697,0.28483307,-0.41022974,0.16591288,-0.20753595,0.17340603,-0.8327177,-0.2505163,0.20763928,0.5897382,-0.4087102,0.2604956,0.056756653,-0.391183,-0.049386036,0.27861467,-0.22456366,-0.31225556,-0.29229134,0.24815388,0.114275195
-0.23576638,0.81388324,0.5980792,0.27135253,1.0267956,0.23101601,1.1210253,-0.5651377,0.54294634,0.64144236,0.050985515,-0.6558766,-0.19105545,0.06504817,0.6729929,0.07636083,-0.1985034,0.96919465,-0.9082405,0.44907475,-0.21128207,1.6089875,0.93912727,0.5702744,1.6192067,1.664701,-0.30432177,0.33157697,0.16889141,-0.5147048,-0.03626063,0.050068185,-0.8236587,-0.13343264,0.17212161,-1.0497001,-0.23079136,-0.14433768,0.20230731,-0.21752405,-1.0455328,0.16844589,-0.22385012,-0.5236232,-0.9288608,0.9144286,0.11660807,1.0166699,-0.44358107,-0.5818233,-1.1309506,0.28533286,-0.41047648,-1.068249,-0.20401108,1.0467762,0.9732258,-0.11213977,-0.4083647,-0.83290195,-0.32772422,-0.66174173,-0.599198,-0.3981228,-0.2380546,0.1696589,-0.56848884,-0.013364211,-0.316936,0.115188695,-0.9274086,-0.41132453,0.0051380484,0.29532123,-0.54970086,-0.026129432,-0.13750681,-0.41797355,-0.31141034,0.13656855,0.13131334,-0.2352175,-0.4212074,0.02051542,-0.28309196
-0.37045583,0.8048604,0.7153584,0.3141771,1.1653712,0.39855638,1.1393036,-0.4974716,0.63655233,0.7117278,-0.07909381,-0.77864784,-0.22864012,0.19996126,0.79254067,0.06887025,-0.3388079,0.9961211,-1.0361679,0.73233926,-0.10741652,1.4536362,0.91250795,0.44122577,1.1749098,1.6520039,-0.41024542,0.47370267,0.2641821,-0.62122405,-0.17042091,-0.14576136,-0.88598645,-0.42695275,0.006846223,-0.8930499,-0.32923046,-0.060358446,0.34190583,-0.16962712,-0.9206838,0.2850086,-0.22256938,-0.6838033,-1.2255331,0.70424676,0.0176355,0.9747042,-0.32223848,-0.68607825,-1.1492412,0.19787025,-0.5876378,-1.1260521,-0.2583488,1.1711648,1.0729742,-0.07999585,-0.51664996,-0.6869763,-0.49264145,-0.69832915,-0.62157845,-0.39798668,-0.2904426,0.06152963,-0.70824075,-0.17856196,-0.41315913,0.06324422,-0.9601026,-0.5259786,-0.18570375,-0.008031972,-0.66105324,-0.31597215,-0.30494037,-0.4428262,-0.5499444,-0.029270802,0.49433222,-0.12760693,-0.52186143,-0.2453975,-0.6244053
-0.48433185,0.81840754,0.7548016,0.34563386,1.2160276,0.48147127,1.0664786,-0.40161458,0.67589515,0.7704883,-0.22870247,-0.8476058,-0.26835632,0.34866175,0.8443062,0.08751587,-0.45755723,0.86763,-1.075396,0.9246715,-0.057308536,1.2709129,0.84773225,0.282793,0.66517174,1.5897099,-0.5225121,0.58179754,0.3519454,-0.70455945,-0.25898132,-0.32497007,-0.89543,-0.7114031,-0.15796715,-0.67559123,-0.34036982,0.096364476,0.4461868,-0.08424561,-0.6828509,0.41116,-0.15402225,-0.762815,-1.461277,0.48076835,-0.07337437,0.8955998,-0.17637005,-0.73211884,-1.0973266,0.12366891,-0.75543,-1.1140321,-0.29198155,1.2156485,1.1219722,0.01735542,-0.5928287,-0.3760587,-0.60147786,-0.6304176,-0.67199695,-0.3547339,-0.3168361,-0.051576305,-0.8420385,-0.3290099,-0.5125171,0.004855025,-0.9465905,-0.60894233,-0.35348082,-0.30965644,-0.75136155,-0.600589,-0.4551241,-0.46808687,-0.75970536,-0.19807717,0.81993735,-0.019418446,-0.60167414,-0.5239898,-0.8873844
-0.5869638,0.8651414,0.6909729,0.34832397,1.1685901,0.455319,0.8991338,-0.30428404,0.6553992,0.8001391,-0.39944467,-0.88869506,-0.33469504,0.48675653,0.8159879,0.13359103,-0.5494279,0.60608125,-1.0395458,0.98657733,-0.07348513,1.0768924,0.739933,0.08792021,0.13136537,1.4709435,-0.65094626,0.63497686,0.4116066,-0.7897907,-0.30376908,-0.4885865,-0.8677485,-0.974585,-0.32714865,-0.39872682,-0.2591349,0.30550256,0.5004841,0.0072571123,-0.36431524,0.5449474,-0.023108905,-0.7530043,-1.6243984,0.26498294,-0.16352919,0.7718569,-0.043656778,-0.7282745,-0.9964545,0.058966324,-0.922553,-1.0575305,-0.32118484,1.1642021,1.0889174,0.15263575,-0.6386593,0.030778892,-0.67360914,-0.49377686,-0.7687572,-0.28936133,-0.32453182,-0.18103413,-0.9798942,-0.46470803,-0.6309497,-0.07097789,-0.9080147,-0.68000185,-0.4897238,-0.5992064,-0.82968456,-0.86957383,-0.5980722,-0.49368748,-0.9376272,-0.3496805,1.0658861,0.056637134,-0.66660583,-0.7866344,-1.0621998
-0.6895957,0.94837797,0.5142265,0.30857998,1.0264683,0.3133088,0.64624345,-0.23138304,0.5760068,0.7850973,-0.5895069,-0.9289154,-0.44270748,0.5909132,0.703788,0.2048324,-0.61216646,0.25278318,-0.95302594,0.8918562,-0.1559463,0.88360256,0.5886896,-0.1464099,-0.3868054,1.29135,-0.80212945,0.61979693,0.4252116,-0.8998645,-0.31469193,-0.6378448,-0.8231275,-1.2033097,-0.50397444,-0.072836906,-0.0943959,0.53491694,0.49223438,0.07313907,-0.015948398,0.67894393,0.15023573,-0.65879,-1.7146366,0.07066212,-0.25769207,0.6004041,0.04137434,-0.68864113,-0.87121314,-0.0017887274,-1.0938739,-0.98724794,-0.3602256,1.0129576,0.95350283,0.2923986,-0.6597135,0.450158,-0.7304573,-0.33138186,-0.9182655,-0.22426099,-0.3223086,-0.33479357,-1.1257141,-0.58529884,-0.77972096,-0.17074221,-0.8664715,-0.7588215,-0.59000045,-0.86665505,-0.9028975,-1.1101928,-0.741107,-0.51745224,-1.0803137,-0.46844694,1.1993096,0.07235683,-0.71886694,-1.0061219,-1.1515733
-0.80095977,1.0618193,0.23217073,0.21781094,0.8058658,0.0682188,0.3281853,-0.20330842,0.4450605,0.7129722,-0.79365826,-0.99104583,-0.5947862,0.6409366,0.51199967,0.29434216,-0.64688337,-0.13883129,-0.84449476,0.63498515,-0.2931514,0.6979567,0.3984486,-0.4175978,-0.8554341,1.0516627,-0.9770155,0.5322396,0.3803263,-1.0497497,-0.30770782,-0.77196336,-0.7809264,-1.3843883,-0.68861246,0.28349233,0.13193972,0.74750406,0.4127026,0.08790572,0.30167454,0.79948163,0.33377054,-0.49679503,-1.7423075,-0.09678051,-0.3578938,0.38403362,0.053616498,-0.6300149,-0.74504083,-0.065689474,-1.2677499,-0.93296653,-0.4186837,0.7697615,0.7097497,0.402776,-0.66393805,0.8010267,-0.7897994,-0.18431678,-1.1122851,-0.17917056,-0.3190593,-0.51576304,-1.2759331,-0.68903905,-0.96223146,-0.2948676,-0.84061307,-0.85962117,-0.65467775,-1.102162,-0.97364825,-1.3080691,-0.8863994,-0.5354372,-1.1824348,-0.5455324,1.2019066,0.010055982,-0.75644445,-1.159889,-1.1691154
-0.92500323,1.1889621,-0.13224149,0.07371729,0.5324792,-0.24905562,-0.026552873,-0.23134427,0.2753996,0.57624304,-1.0035288,-1.0895483,-0.78044754,0.6218022,0.25189245,0.39004916,-0.6576936,-0.51217985,-0.73988634,0.23413794,-0.4641893,0.52175325,0.17816319,-0.7167308,-1.2486519,0.7591242,-1.1696906,0.3782081,0.2721555,-1.2414607,-0.30218548,-0.88728064,-0.7546024,-1.5058995,-0.8776186,0.6458884,0.38843417,0.9081464,0.25957018,0.03780009,0.52975583,0.887139,0.48896214,-0.29413697,-1.7247665,-0.23933944,-0.4633327,0.13227957,-0.017554007,-0.5691003,-0.63611865,-0.1405693,-1.4357854,-0.91711855,-0.5000615,0.4519655,0.36696973,0.4548806,-0.6602615,1.0205703,-0.8616749,-0.08375248,-1.3282694,-0.16780439,-0.32265064,-0.72096956,-1.4197431,-0.77235305,-1.1721052,-0.43742487,-0.8417258,-0.98691076,-0.68903494,-1.2963921,-1.0390568,-1.4488257,-1.0299842,-0.5428489,-1.2359717,-0.5795961,1.073028,-0.13321285,-0.7745227,-1.2329334,-1.1354932
-1.0580181,1.3040744,-0.5446287,-0.1198828,0.23718785,-0.59388196,-0.38577825,-0.3153355,0.08378995,0.37225842,-1.2090751,-1.2282712,-0.9793766,0.52476025,-0.05985645,0.47503224,-0.6513577,-0.81650645,-0.65619963,-0.26926506,-0.642625,0.35235065,-0.060329117,-1.0296506,-1.5502081,0.42794418,-1.3679934,0.17273355,0.10415621,-1.4622403,-0.31720948,-0.97663814,-0.74722457,-1.5593677,-1.0637267,0.98790973,0.63902885,0.9901398,0.0377439,-0.07597881,0.6231885,0.91900814,0.57894766,-0.085166365,-1.682124,-0.36375794,-0.5710696,-0.13902122,-0.16641034,-0.52003914,-0.55468714,-0.23463169,-1.583866,-0.9513411,-0.6019898,0.08244682,-0.05178122,0.42921144,-0.65717876,1.0757637,-0.9461478,-0.045529876,-1.5321897,-0.19628792,-0.33878317,-0.94272184,-1.5421255,-0.83045834,-1.393615,-0.5874581,-0.8716114,-1.1334177,-0.70289636,-1.440941,-1.0909934,-1.520482,-1.1625997,-0.53506327,-1.2315378,-0.5754879,0.82947344,-0.34456185,-0.76804924,-1.2186788,-1.0741465
-1.1893582,1.3756404,-0.9644015,-0.35331365,-0.049156126,-0.91481096,-0.7183684,-0.44407552,-0.11100009,0.10372375,-1.3994862,-1.4010075,-1.1662995,0.3487501,-0.40219405,0.5294063,-0.636661,-1.0150169,-0.59735745,-0.816015,-0.8011359,0.18384734,-0.30410922,-1.3390424,-1.7531633,0.077833034,-1.5552317,-0.06235671,-0.11207387,-1.6853896,-0.3685753,-1.0306559,-0.7496445,-1.5419015,-1.2370243,1.2851839,0.84882045,0.9794268,-0.24010512,-0.23696049,0.5604037,0.8730176,0.5765532,0.092978105,-1.6325172,-0.4788688,-0.67688257,-0.4094444,-0.3715806,-0.4926711,-0.50266296,-0.35595676,-1.6953219,-1.0342561,-0.7175154,-0.3138726,-0.51351714,0.31822103,-0.6618828,0.9689067,-1.0342656,-0.06898466,-1.6843604,-0.263328,-0.37087724,-1.1704849,-1.6278349,-0.8587958,-1.6042327,-0.73113245,-0.9225336,-1.2808998,-0.70927656,-1.5296917,-1.1173798,-1.5162601,-1.2719452,-0.5087147,-1.1607841,-0.5421945,0.5026509,-0.5975218,-0.7349321,-1.1192126,-1.006398
-1.3028754,1.370859,-1.349761,-0.6120835,-0.30061072,-1.161819,-0.99892324,-0.5976717,-0.29102677,-0.22232701,-1.5649973,-1.5931091,-1.3170297,0.10075396,-0.7508063,0.53269356,-0.6234993,-1.0898125,-0.5544244,-1.3381053,-0.9156543,0.008486991,-0.5421809,-1.6272666,-1.8593186,-0.2691611,-1.7135687,-0.3022093,-0.3587479,-1.8748494,-0.46627194,-1.0399947,-0.7414994,-1.4578179,-1.3866752,1.5194753,0.9896304,0.8764255,-0.55429614,-0.41655824,0.34875113,0.73393035,0.47025228,0.20541981,-1.5883106,-0.5924601,-0.7764964,-0.6567306,-0.6001562,-0.49166423,-0.4746247,-0.51194614,-1.7550044,-1.1525421,-0.8374704,-0.7131761,-0.9798573,0.12681334,-0.68001413,0.7352973,-1.1110011,-0.13909352,-1.7458442,-0.36140388,-0.41984487,-1.3934652,-1.6664042,-0.8554436,-1.7787201,-0.855,-0.9790726,-1.4032326,-0.72299683,-1.560144,-1.1049763,-1.4370047,-1.3462123,-0.46291915,-1.0193241,-0.4905284,0.13305824,-0.8576481,-0.67888165,-0.94406366,-0.94822705
-1.380866,1.2614535,-1.6619642,-0.87792563,-0.50039953,-1.2947835,-1.211058,-0.7515393,-0.44164452,-0.5951265,-1.698006,-1.785397,-1.4141669,-0.20468964,-1.0790672,0.46700278,-0.62245417,-1.0434655,-0.50811344,-1.7693275,-0.9692146,-0.18154292,-0.7670931,-1.8797007,-1.8778968,-0.5922278,-1.8275045,-0.5230126,-0.6147335,-1.9915584,-0.6133853,-0.99823695,-0.69487166,-1.3193157,-1.5025569,1.681491,1.0440483,0.69566375,-0.88018775,-0.58056897,0.023826523,0.4995845,0.2670053,0.22443625,-1.5537125,-0.7088056,-0.8667047,-0.8604555,-0.8136677,-0.5174305,-0.46087936,-0.70833606,-1.7531792,-1.2843028,-0.95284146,-1.0948517,-1.4126617,-0.12961012,-0.7160711,0.43486217,-1.1599839,-0.23219725,-1.6862739,-0.4793876,-0.48517308,-1.6026142,-1.6561266,-0.8231281,-1.893646,-0.9494367,-1.0217285,-1.4720169,-0.7587656,-1.5350374,-1.0427731,-1.2927109,-1.3776729,-0.39988652,-0.81008196,-0.4313877,-0.2358446,-1.0891091,-0.61039746,-0.70902234,-0.9082534
-1.4074212,1.0289925,-1.8681579,-1.1308814,-0.64333963,-1.2903771,-1.3490918,-0.88206303,-0.55437225,-1.0015807,-1.7940484,-1.9577609,-1.4509251,-0.5467228,-1.3595669,0.31988558,-0.6437807,-0.89697087,-0.43456066,-2.0547113,-0.9540244,-0.39242497,-0.97662264,-2.0868285,-1.8237432,-0.8759196,-1.8872147,-0.70646137,-0.8585639,-2.0016694,-0.80626106,-0.9050945,-0.58060414,-1.1456434,-1.5776974,1.7720023,1.0077009,0.4631139,-1.1908201,-0.6960517,-0.35653317,0.18605408,-0.00935493,0.13319409,-1.5249242,-0.82819045,-0.9466523,-1.0055403,-0.9750982,-0.5671324,-0.45102215,-0.9484573,-1.688143,-1.4042732,-1.0563664,-1.4416037,-1.778635,-0.42825362,-0.77439266,0.13870557,-1.168105,-0.3229504,-1.489675,-0.60485804,-0.5653227,-1.7921797,-1.6059146,-0.77078867,-1.932167,-1.0109193,-1.0320083,-1.4627537,-0.829569,-1.4636273,-0.92533517,-1.1026164,-1.3656907,-0.32556653,-0.54466146,-0.374729,-0.5643308,-1.2621412,-0.5466105,-0.43401334,-0.88753563
-1.3734498,0.6690804,-1.9436698,-1.3511655,-0.73663265,-1.1467083,-1.4177588,-0.97187084,-0.6285817,-1.4274595,-1.852218,-2.0928216,-1.4326982,-0.9006874,-1.5662162,0.08649197,-0.69708073,-0.68402624,-0.31186375,-2.1585515,-0.8727469,-0.6267446,-1.173233,-2.2454934,-1.715919,-1.1126732,-1.8905054,-0.8430806,-1.0723406,-1.8844863,-1.0359253,-0.7690835,-0.37609124,-0.9611586,-1.6095765,1.8014598,0.88883966,0.21216908,-1.4597183,-0.73927885,-0.7232983,-0.17046821,-0.32313487,-0.071962684,-1.4922626,-0.9467204,-1.0186906,-1.0851632,-1.0558549,-0.636651,-0.43793395,-1.2322482,-1.5677439,-1.488796,-1.1435128,-1.7393959,-2.0532782,-0.7436012,-0.85995674,-0.08549098,-1.1298652,-0.39111745,-1.1592094,-0.7261768,-0.6592106,-1.9598997,-1.5350715,-0.7140243,-1.8871107,-1.0437444,-0.9968238,-1.361182,-0.94511867,-1.361898,-0.75563544,-0.8936266,-1.3184851,-0.24917263,-0.24381703,-0.32939637,-0.8215605,-1.35906,-0.50859874,-0.1419541,-0.8812851
-1.2789519,0.19369604,-1.8736334,-1.5216829,-0.7982551,-0.88443387,-1.4303972,-1.0142155,-0.6724399,-1.8583703,-1.8743978,-2.178538,-1.3757993,-1.2417485,-1.6772603,-0.22924416,-0.79022515,-0.4444701,-0.12716456,-2.0683897,-0.73840225,-0.881804,-1.3635342,-2.3586662,-1.5757257,-1.3040012,-1.8438151,-0.93430895,-1.2444661,-1.6382716,-1.29044,-0.60838807,-0.072007425,-0.7919221,-1.6014702,1.7873272,0.70561755,-0.021530459,-1.663859,-0.700406,-1.0095048,-0.51639074,-0.63435334,-0.38117078,-1.4438848,-1.0582222,-1.0888586,-1.1022367,-1.0410813,-0.7226453,-0.42035526,-1.5551443,-1.4080431,-1.5213342,-1.2123749,-1.9767896,-2.2233968,-1.0516312,-0.9789289,-0.1861976,-1.0491012,-0.42678508,-0.71850514,-0.8340875,-0.7668368,-2.1063557,-1.4701068,-0.67344004,-1.7628335,-1.0595126,-0.9128367,-1.1679114,-1.1108913,-1.2517376,-0.5467277,-0.6973934,-1.2525826,-0.18270619,0.0642443,-0.30317816,-0.9889891,-1.3773805,-0.51728266,0.14313541,-0.8812851
-1.1356499,-0.36934635,-1.6546422,-1.6305449,-0.85379446,-0.5441693,-1.4053262,-1.0155339,-0.7020844,-2.2803533,-1.8647028,-2.2095103,-1.303849,-1.5486945,-1.6788702,-0.61482054,-0.92843944,-0.21646135,0.118556164,-1.7956568,-0.5723949,-1.1483293,-1.5552775,-2.4338207,-1.4249476,-1.4592547,-1.7608789,-0.9925482,-1.3714273,-1.2836419,-1.5576642,-0.45007882,0.3219086,-0.6620144,-1.5624089,1.7504354,0.48196366,-0.20558453,-1.7857178,-0.5858067,-1.1630322,-0.78776604,-0.9065373,-0.7726783,-1.3705547,-1.1558576,-1.1665616,-1.0696855,-0.9326449,-0.824017,-0.4044742,-1.9079554,-1.231186,-1.4948442,-1.2629013,-2.145054,-2.2878227,-1.3336855,-1.1382968,-0.13710111,-0.9391777,-0.43220165,-0.20966105,-0.9220223,-0.8896265,-2.2335515,-1.4397671,-0.67183095,-1.5745316,-1.0754095,-0.7885251,-0.9005342,-1.3275927,-1.1588912,-0.32142147,-0.546185,-1.1905583,-0.13935852,0.34702298,-0.30297846,-1.0615847,-1.3301636,-0.5885299,0.39711708,-0.8797224
-0.96555364,-0.97914827,-1.2962149,-1.6730224,-0.93132037,-0.18047397,-1.3622653,-0.99471056,-0.7392677,-2.6803148,-1.8278064,-2.186669,-1.2423824,-1.8080033,-1.5686517,-1.0511605,-1.11303,-0.03002325,0.40873545,-1.372526,-0.40185022,-1.4106953,-1.7550726,-2.4804733,-1.2838758,-1.5928727,-1.6600107,-1.0387825,-1.4581312,-0.8624228,-1.8271216,-0.3272328,0.77526027,-0.5902879,-1.5065051,1.7104574,0.24300343,-0.3157452,-1.8154817,-0.41668445,-1.1564991,-0.9215883,-1.1135151,-1.2159748,-1.2697769,-1.2348775,-1.2632897,-1.0083326,-0.7492615,-0.942734,-0.4030504,-2.2765565,-1.060717,-1.4131541,-1.2954524,-2.2391052,-2.2570357,-1.5789984,-1.3445458,0.059899844,-0.8201738,-0.42085752,0.31191242,-0.98627186,-1.0303729,-2.3431673,-1.4690449,-0.7302044,-1.3460082,-1.1108125,-0.643707,-0.592569,-1.5908471,-1.1095026,-0.11005166,-0.46841288,-1.1572163,-0.13198091,0.5715007,-0.33458865,-1.0469358,-1.2426072,-0.7281429,0.5975854,-0.87195957
-0.7988066,-1.5869194,-0.82149535,-1.6528901,-1.0557383,0.14685702,-1.3187103,-0.9798977,-0.80692,-3.045431,-1.7676141,-2.1160352,-1.2134979,-2.0163167,-1.3581635,-1.5144448,-1.3401103,0.09720815,0.7126446,-0.84690374,-0.25557044,-1.6473193,-1.965263,-2.507258,-1.1695515,-1.7200733,-1.5600486,-1.0981131,-1.5163985,-0.43259376,-2.0915847,-0.27407908,1.239118,-0.5873967,-1.4512733,1.6813157,0.010479265,-0.34020215,-1.7522336,-0.22383459,-0.9919712,-0.8683453,-1.2434818,-1.6758153,-1.1485159,-1.2935727,-1.39096,-0.9437087,-0.5235908,-1.0837848,-0.43300536,-2.6426907,-0.9177468,-1.2888199,-1.3100798,-2.2591093,-2.1513085,-1.7856927,-1.6013066,0.37667373,-0.7150463,-0.41355026,0.7854802,-1.0252028,-1.1919262,-2.4351385,-1.573527,-0.86331016,-1.1053176,-1.1832513,-0.50699604,-0.28927606,-1.8915641,-1.126125,0.053283773,-0.48454693,-1.1748135,-0.1713508,0.7083382,-0.40214542,-0.9631403,-1.146613,-0.92842466,0.72560006,-0.8593071
-0.6691411,-2.1421213,-0.2667751,-1.5822533,-1.2430062,0.38266805,-1.2868881,-1.0027761,-0.924438,-3.3627703,-1.6860094,-2.0064845,-1.2307242,-2.1812792,-1.0736183,-1.9795076,-1.5997846,0.16187361,0.9909465,-0.2759437,-0.15870816,-1.8334712,-2.1819432,-2.5196986,-1.0938331,-1.8525454,-1.4762539,-1.1942526,-1.5615627,-0.06007259,-2.3469114,-0.3201566,1.6519802,-0.65452886,-1.4147321,1.6679195,-0.20050876,-0.28188178,-1.6048167,-0.04158641,-0.6998561,-0.6038389,-1.2993886,-2.1165867,-1.0230466,-1.3340324,-1.5587645,-0.90174305,-0.29692417,-1.2537599,-0.5113154,-2.9853244,-0.8162684,-1.1398331,-1.3060625,-2.21236,-1.9980953,-1.9597833,-1.906661,0.7654077,-0.64457756,-0.43240607,1.154467,-1.0385087,-1.3759397,-2.5064921,-1.7548063,-1.076333,-0.88008845,-1.3044121,-0.4105036,-0.040750545,-2.21608,-1.223732,0.13601995,-0.60398924,-1.2585738,-0.26481178,0.7356491,-0.50738907,-0.83556026,-1.0734471,-1.1665602,0.76765466,-0.8496792
-0.6081361,-2.5986888,0.32143533,-1.4802033,-1.4956337,0.48605892,-1.2723973,-1.0911105,-1.102148,-3.618644,-1.582225,-1.8673272,-1.2962364,-2.3196833,-0.7540261,-2.421937,-1.8756907,0.17426082,1.2032143,0.28114533,-0.12783453,-1.9442517,-2.3933954,-2.5181203,-1.0622106,-1.99446,-1.4160668,-1.3434225,-1.6082879,0.1922244,-2.5908282,-0.4842667,1.9497486,-0.7831296,-1.412632,1.6642374,-0.3833183,-0.15834294,-1.3917794,0.09995884,-0.3319861,-0.13716955,-1.296326,-2.50599,-0.9163473,-1.3619554,-1.7703905,-0.9042163,-0.11225436,-1.458517,-0.6506854,-3.2821298,-0.76047957,-0.9847215,-1.2816491,-2.1141088,-1.8283203,-2.1129553,-2.250516,1.1678598,-0.6223243,-0.49484995,1.3758591,-1.0264279,-1.5807601,-2.551153,-1.9983956,-1.3622109,-0.6920521,-1.4766581,-0.38337338,0.106122054,-2.5469477,-1.4062067,0.11256023,-0.8231342,-1.4129831,-0.41494772,0.64135814,-0.6488361,-0.69341236,-1.0469202,-1.4062746,0.71784276,-0.85638344
-0.63911706,-2.9201703,0.8911816,-1.3699094,-1.8004999,0.43751264,-1.2740028,-1.2620788,-1.3376552,-3.7988756,-1.4524246,-1.706446,-1.3997682,-2.4527404,-0.44657037,-2.8201234,-2.1456854,0.1547877,1.316758,0.7690718,-0.16699372,-1.9588088,-2.5807524,-2.497324,-1.0727953,-2.1402252,-1.376578,-1.5493932,-1.6659418,0.27516484,-2.8208985,-0.7697006,2.0762928,-0.95577216,-1.4548434,1.6536819,-0.5399297,0.00020903358,-1.1406207,0.1802288,0.04899809,0.48720646,-1.2562335,-2.8178546,-0.8531099,-1.3848445,-2.0209749,-0.9646915,-0.006805809,-1.7008022,-0.8550035,-3.511827,-0.7435665,-0.83810806,-1.2349856,-1.9867915,-1.6725299,-2.2588482,-2.61289,1.5244242,-0.65103614,-0.6082403,1.4285239,-0.9891985,-1.7996039,-2.5600722,-2.2741828,-1.7017244,-0.55300415,-1.6916541,-0.44552916,0.116238594,-2.8636718,-1.6643202,-0.03052087,-1.1253912,-1.6299666,-0.61920875,0.42504066,-0.8212371,-0.56644094,-1.0778972,-1.6020565,0.57986575,-0.89474404
-0.7723711,-3.0832245,1.3916873,-1.2748883,-2.1292622,0.24280915,-1.2846651,-1.5168831,-1.6139185,-3.8892348,-1.2902614,-1.5283097,-1.5201349,-2.6004686,-0.19930133,-3.1563375,-2.3835433,0.12933093,1.3141428,1.1430118,-0.2654342,-1.8642154,-2.7195573,-2.4468648,-1.1164081,-2.274164,-1.3438613,-1.8006555,-1.7349147,0.1626028,-3.0321279,-1.1612363,1.9943696,-1.148297,-1.5425422,1.6117051,-0.6797495,0.15583453,-0.8852023,0.19253434,0.38237727,1.1938354,-1.201496,-3.0335586,-0.85351956,-1.4102031,-2.2956612,-1.0859611,-0.0052703526,-1.9775035,-1.1167672,-3.6559122,-0.74837273,-0.7067302,-1.1646298,-1.8569323,-1.5567008,-2.4088404,-2.964098,1.7833841,-0.72054565,-0.7667006,1.3174535,-0.9267866,-2.019759,-2.522133,-2.5395029,-2.0651505,-0.46246618,-1.9300659,-0.60237575,-0.02697743,-3.1438646,-1.9754927,-0.2908077,-1.4824175,-1.888917,-0.8694353,0.09815887,-1.0157481,-0.48175275,-1.1611769,-1.7059473,0.36793873,-0.9773125
-1.0013193,-3.0788546,1.7802621,-1.2149252,-2.442121,-0.06780409,-1.2936807,-1.838423,-1.9005477,-3.8770607,-1.0882025,-1.3335391,-1.6288868,-2.7749763,-0.0530452,-3.4168372,-2.5616019,0.1232423,1.1987467,1.3728472,-0.39859518,-1.6583918,-2.7827106,-2.352678,-1.1774132,-2.3722115,-1.2945479,-2.0710664,-1.8052814,-0.14285508,-3.2151365,-1.6252207,1.693532,-1.3323065,-1.6664463,1.5103927,-0.81701136,0.2686604,-0.662028,0.14482673,0.6202582,1.8870403,-1.1488745,-3.1424496,-0.9274828,-1.4437296,-2.5692253,-1.2586905,-0.11507627,-2.277637,-1.416043,-3.7008154,-0.7500154,-0.5874489,-1.0699122,-1.7500608,-1.4985628,-2.568334,-3.266872,1.906981,-0.8082798,-0.9505064,1.0744298,-0.83885175,-2.222527,-2.4255083,-2.7446747,-2.416151,-0.407102,-2.1640952,-0.84209675,-0.31767547,-3.364575,-2.3052557,-0.6485104,-1.8568556,-2.1588078,-1.1522661,-0.31702346,-1.2204155,-0.4610575,-1.2758381,-1.675751,0.1066723,-1.1089785
-1.3020381,-2.9117644,2.02835,-1.2019954,-2.6938758,-0.44464037,-1.2890288,-2.1926908,-2.1581213,-3.7536418,-0.83906394,-1.1191549,-1.694747,-2.9756005,-0.033230647,-3.5912762,-2.6542563,0.1557325,0.99476033,1.4467618,-0.53175616,-1.3516798,-2.7449148,-2.1994908,-1.2358271,-2.40604,-1.1996411,-2.3232713,-1.8574153,-0.6089015,-3.35555,-2.112285,1.1939658,-1.4778981,-1.8066049,1.3246007,-0.96764046,0.30403933,-0.5050134,0.05761516,0.73554784,2.4664369,-1.1056637,-3.1411345,-1.070605,-1.4870387,-2.8084269,-1.4624553,-0.32418892,-2.5821183,-1.7223285,-3.6391351,-0.7200221,-0.46755514,-0.95119333,-1.6853522,-1.5047134,-2.7339194,-3.4806566,1.876015,-0.8823935,-1.1284357,0.75328225,-0.725326,-2.3847644,-2.2594688,-2.839979,-2.7163317,-0.3632676,-2.3610032,-1.1361312,-0.72676545,-3.5042338,-2.610976,-1.0676266,-2.2059174,-2.4018106,-1.4497162,-0.78928035,-1.4211744,-0.51831436,-1.3887079,-1.4832453,-0.17069931,-1.2828361
-1.6352928,-2.5983546,2.1252234,-1.2380947,-2.841535,-0.8270233,-1.2600882,-2.533464,-2.3449016,-3.5162728,-0.53796345,-0.879571,-1.6889179,-3.1862557,-0.1438206,-3.6717327,-2.6415193,0.23572451,0.74424505,1.3730398,-0.6258566,-0.9663929,-2.5865808,-1.9735627,-1.2697335,-2.3479173,-1.0298581,-2.5152028,-1.8657233,-1.177399,-3.4350553,-2.562981,0.54524964,-1.5568725,-1.933701,1.0379171,-1.1457467,0.23887312,-0.4401478,-0.039630145,0.72473943,2.8440192,-1.0678542,-3.0324802,-1.2630361,-1.5364262,-2.9754295,-1.6682944,-0.6026876,-2.8643115,-1.9978923,-3.4706247,-0.63119805,-0.3272197,-0.8093487,-1.6699349,-1.5690018,-2.8921487,-3.5673397,1.691395,-0.9070767,-1.2625725,0.42173487,-0.58689,-2.4816737,-2.0157416,-2.7832818,-2.9306955,-0.30099618,-2.488007,-1.4432007,-1.2054117,-3.5445197,-2.8465362,-1.4995642,-2.4857647,-2.5782166,-1.7402645,-1.2813011,-1.6030185,-0.6577029,-1.4602556,-1.1207725,-0.42625606,-1.47847
-1.9504853,-2.164203,2.078872,-1.3139814,-2.8519828,-1.1537063,-1.1993253,-2.8096735,-2.424608,-3.1703107,-0.18448247,-0.60827017,-1.5896926,-3.3767161,-0.3652069,-3.6519015,-2.512123,0.35928175,0.49983191,1.1787169,-0.6454855,-0.5338936,-2.298335,-1.6656562,-1.2586657,-2.1763914,-0.76168674,-2.607721,-1.8041663,-1.7727932,-3.4337559,-2.915145,-0.17984149,-1.5451888,-2.0126636,0.6482029,-1.3601178,0.066263646,-0.4803181,-0.11428374,0.60546273,2.960024,-1.0219704,-2.8242989,-1.4712952,-1.5828694,-3.033787,-1.8430982,-0.9068326,-3.09305,-2.20347,-3.202007,-0.46218908,-0.1437041,-0.645769,-1.6964041,-1.6729078,-3.0205328,-3.4978058,1.3732841,-0.84901357,-1.315052,0.1500075,-0.42541525,-2.4905095,-1.6907722,-2.5472016,-3.0319328,-0.19000219,-2.517266,-1.7155628,-1.6912491,-3.4725304,-2.9680529,-1.8889028,-2.6558685,-2.6516151,-2.0001807,-1.753228,-1.7508847,-0.8724465,-1.4521646,-0.60447663,-0.6225898,-1.6634678
-2.1931896,-1.6410309,1.913586,-1.4106513,-2.7078424,-1.3731625,-1.1037762,-2.9738557,-2.3735645,-2.7298229,0.21579915,-0.30028683,-1.3863264,-3.50721,-0.65635693,-3.5266092,-2.2657738,0.50976545,0.31535068,0.90624094,-0.56568754,-0.09088387,-1.8837227,-1.2736825,-1.1864609,-1.8816526,-0.38310874,-2.5723507,-1.6526157,-2.31317,-3.333826,-3.1119618,-0.89548904,-1.4256974,-2.0074553,0.17053725,-1.6118264,-0.20213547,-0.62201947,-0.1361813,0.4099507,2.7935658,-0.94907993,-2.528268,-1.653075,-1.612312,-2.9539998,-1.954355,-1.1859123,-3.2361145,-2.3039587,-2.8461738,-0.20210506,0.10297391,-0.46174183,-1.7428771,-1.7877061,-3.0901845,-3.2573724,0.95778245,-0.68428814,-1.2550609,-0.0016639767,-0.24450913,-2.3943985,-1.286887,-2.1245327,-3.0038633,-0.0058445865,-2.4302623,-1.906746,-2.1172001,-3.2825356,-2.939489,-2.1805003,-2.683527,-2.5937588,-2.2053936,-2.1660519,-1.8507648,-1.1441628,-1.3349026,0.026130568,-0.72906524,-1.7978054
-2.3126876,-1.0642614,1.6650522,-1.5022881,-2.4109962,-1.4518266,-0.9751697,-2.9900646,-2.1860776,-2.2173724,0.6500479,0.04568233,-1.0809945,-3.535315,-0.96150094,-3.2923534,-1.9138042,0.660774,0.23515092,0.6066009,-0.37807852,0.3258218,-1.3605298,-0.80465096,-1.0440276,-1.4690641,0.10239443,-2.3968887,-1.4024289,-2.7226193,-3.123287,-3.1097403,-1.514871,-1.1900021,-1.8867855,-0.36302727,-1.8923737,-0.53716403,-0.84400755,-0.08317282,0.1767294,2.366262,-0.830083,-2.1588807,-1.7639453,-1.6072782,-2.7190735,-1.9754176,-1.3902111,-3.264764,-2.2745514,-2.4208884,0.1472897,0.42468122,-0.25860634,-1.7774694,-1.8786926,-3.0704918,-2.8496928,0.49157983,-0.4038202,-1.065583,0.0063231112,-0.04907198,-2.1854737,-0.8137164,-1.5312033,-2.8430014,0.26491916,-2.22068,-1.9793936,-2.4209805,-2.9771886,-2.7377055,-2.327019,-2.5476084,-2.388526,-2.3333628,-2.4854336,-1.8904487,-1.4433105,-1.0941948,0.7129856,-0.7271357,-1.8409044
-2.2701037,-0.47088575,1.373828,-1.5609496,-1.9823667,-1.3789684,-0.81963986,-2.8399584,-1.875929,-1.6615819,1.0985252,0.42485806,-0.6888784,-3.4246185,-1.219957,-2.9485412,-1.4784225,0.7810769,0.2861475,0.33149204,-0.09301541,0.684074,-0.76012284,-0.2755514,-0.8308827,-0.96067417,0.673886,-2.0884786,-1.0601296,-2.9422143,-2.7992964,-2.8843305,-1.9626155,-0.8400038,-1.6299891,-0.90672654,-2.1840603,-0.8962315,-1.1088079,0.054901633,-0.0582693,1.737911,-0.6513927,-1.7329173,-1.7645413,-1.5501027,-2.328474,-1.8895715,-1.478811,-3.1585412,-2.1047335,-1.9470606,0.5706031,0.82011634,-0.03801065,-1.7650361,-1.9105792,-2.9341388,-2.2975338,0.025002835,-0.016562063,-0.7477937,0.185367,0.15504295,-1.8670413,-0.28845245,-0.80623776,-2.5582407,0.62064195,-1.8954792,-1.911303,-2.5539582,-2.5677257,-2.3558676,-2.2955225,-2.2415857,-2.0343251,-2.365321,-2.684676,-1.8605503,-1.7314613,-0.73483795,1.3875648,-0.6145569,-1.759344
-2.0443852,0.10228488,1.0788792,-1.5614269,-1.4586985,-1.1671064,-0.64624345,-2.5258636,-1.4748052,-1.0945913,1.5357033,0.8256957,-0.23647025,-3.1523175,-1.3777303,-2.4995372,-0.99029624,0.840861,0.4721543,0.12451822,0.2612914,0.9600417,-0.124684185,0.2871101,-0.5554151,-0.39374897,1.2945002,-1.6727176,-0.6481327,-2.9382646,-2.3699753,-2.4350333,-2.1851892,-0.38869336,-1.2316481,-1.4075724,-2.4615133,-1.2295878,-1.3670301,0.27419263,-0.26776016,0.9951243,-0.40905544,-1.2687895,-1.6274523,-1.4254943,-1.7997296,-1.6929871,-1.426149,-2.9085214,-1.8011862,-1.4467103,1.0401535,1.2728953,0.1969549,-1.6753503,-1.8535751,-2.6626587,-1.6404692,-0.3950983,0.45005327,-0.3227971,0.5158328,0.36167613,-1.4542081,0.2647325,-0.008153776,-2.1691144,1.0438432,-1.4741662,-1.6990303,-2.4879773,-2.0735414,-1.805332,-2.072214,-1.7751583,-1.544875,-2.2883492,-2.7472694,-1.7554493,-1.9649523,-0.28081617,1.9810287,-0.4064888,-1.5343726
-1.6372067,0.6202129,0.8118494,-1.4855402,-0.88671976,-0.8483287,-0.46543688,-2.0702715,-1.0267607,-0.547999,1.932916,1.229078,0.24177736,-2.7148774,-1.3973798,-1.9566047,-0.48499107,0.81808114,0.77268547,0.0137426,0.6435127,1.1409664,0.49789548,0.84953946,-0.23374341,0.1835356,1.9151144,-1.189143,-0.20223479,-2.7061498,-1.854571,-1.7855458,-2.1576848,0.14016566,-0.704573,-1.813418,-2.6949863,-1.4879533,-1.5640533,0.5569676,-0.43637124,0.23535702,-0.11092274,-0.7863817,-1.3419154,-1.2240503,-1.1674167,-1.3950789,-1.2257926,-2.5200138,-1.387512,-0.9416108,1.5194991,1.7517813,0.44113985,-1.4908949,-1.6888855,-2.2508028,-0.92971873,-0.7321954,0.95337373,0.17097975,0.95013064,0.56456596,-0.97239834,0.8163663,0.7920919,-1.7026631,1.502962,-0.9859138,-1.3580478,-2.2193406,-1.52058,-1.1154866,-1.6648507,-1.1744324,-0.9481053,-2.0972793,-2.668261,-1.5742042,-2.1002018,0.22787778,2.434327,-0.13333054,-1.1668974
-1.072731,1.0513569,0.59355867,-1.325219,-0.31599587,-0.46739724,-0.28710037,-1.5123463,-0.5806793,-0.04939999,2.2613575,1.6104883,0.7082797,-2.1302834,-1.2649938,-1.339467,0.0012083952,0.70344687,1.1456797,0.0071281707,1.0058092,1.2252742,1.0594851,1.3741827,0.11243576,0.7185575,2.4811215,-0.68463403,0.23384966,-2.269725,-1.2820346,-0.982151,-1.8865355,0.7133834,-0.08009661,-2.0812347,-2.8542795,-1.6298871,-1.6478987,0.8740087,-0.5597312,-0.45021182,0.22379443,-0.3066305,-0.9162356,-0.94510585,-0.47931153,-1.0170689,-0.891312,-2.0124688,-0.9017705,-0.45186955,1.968547,2.215049,0.6863034,-1.2116698,-1.4125587,-1.7092983,-0.22104625,-0.96430725,1.4412831,0.6829481,1.4209529,0.75717854,-0.45473218,1.3343915,1.5204327,-1.1898171,1.9567144,-0.46552387,-0.9200961,-1.7686874,-0.93913364,-0.33133212,-1.1021426,-0.48009694,-0.28352278,-1.7960216,-2.4548209,-1.3208948,-2.1003237,0.74142635,2.7068033,0.16451712,-0.67924935
-0.39545593,1.3695993,0.43279323,-1.0834576,0.2082452,-0.0728583,-0.118602835,-0.9018781,-0.18147945,0.38069916,2.4965465,1.9424921,1.1271487,-1.4362743,-0.99237865,-0.67636186,0.4357408,0.5027845,1.5348011,0.091831386,1.3021171,1.2218457,1.518443,1.8245996,0.4590102,1.1623616,2.9402034,-0.2051769,0.6154584,-1.6764637,-0.6875714,-0.08890497,-1.407332,1.2909182,0.5946134,-2.1841252,-2.9131532,-1.6279535,-1.5776411,1.1891568,-0.64101034,-0.9918119,0.5669756,0.14892279,-0.37730196,-0.5978737,0.20932806,-0.5883569,-0.4535823,-1.4181056,-0.39133126,0.0049344203,2.349091,2.6170683,0.9215265,-0.8560212,-1.0366209,-1.0651938,0.43302688,-1.0859253,1.8601307,1.1585335,1.8527548,0.931721,0.061793867,1.7880433,2.1104248,-0.6615508,2.3607879,0.051342964,-0.42777792,-1.1778654,-0.3613008,0.49042898,-0.43054402,0.2560456,0.40204316,-1.397869,-2.1249204,-1.0049356,-1.9411731,1.2085093,2.7815635,0.44393635,-0.11341826
0.33588636,1.5565861,0.3275476,-0.7731855,0.65086854,0.29151094,0.03635068,-0.29183656,0.13742495,0.73099,2.6214645,2.1986482,1.469152,-0.68521535,-0.6140446,-0.0027483432,0.79309916,0.23661682,1.8781563,0.23715617,1.4961375,1.1475986,1.845386,2.1705244,0.7828779,1.47759,3.2499144,0.21182431,0.90501046,-0.9893217,-0.10890371,0.81964535,-0.7788606,1.8294806,1.2619731,-2.1158473,-2.8530004,-1.4723803,-1.3305804,1.4648639,-0.6856851,-1.3509493,0.88626826,0.5588418,0.23250382,-0.20182393,0.84287006,-0.14165404,0.044403758,-0.7779764,0.09369826,0.41449133,2.6305294,2.9159608,1.1335723,-0.45738092,-0.5877014,-0.35955986,0.98991275,-1.1063554,2.162788,1.5483223,2.1752334,1.0781883,0.5412094,2.1513395,2.5131834,-0.14566544,2.6749077,0.53276384,0.072223626,-0.5034297,0.18206196,1.286924,0.29182968,0.9762823,1.0594769,-0.9249203,-1.70554,-0.6404486,-1.6167448,1.5851463,2.6669364,0.66744024,0.47479403
1.056822,1.6040654,0.26776198,-0.4146218,0.99084234,0.59390783,0.17850117,0.26895806,0.35981777,1.0001739,2.6298342,2.3581018,1.7154099,0.063943416,-0.17981702,0.6417112,1.0574765,-0.06277589,2.1191914,0.40136096,1.5670581,1.0241718,2.0271544,2.3924139,1.0645822,1.644899,3.384167,0.54330206,1.0781395,-0.2772186,0.41823572,1.6668139,-0.0737781,2.286851,1.8617107,-1.8917958,-2.6651163,-1.1725738,-0.9072016,1.6676844,-0.69644547,-1.5239279,1.150211,0.90287393,0.8603721,0.21502559,1.3727367,0.2919246,0.55479795,-0.13702343,0.5079749,0.7666239,2.7941844,3.081408,1.3090497,-0.05763541,-0.10256598,0.35699296,1.4218664,-1.0459476,2.3163867,1.8161361,2.3355577,1.183989,0.9528455,2.406765,2.7053468,0.33540148,2.8691607,0.95459247,0.5364048,0.19136098,0.66371167,1.9955992,1.002311,1.6230828,1.6429619,-0.4061422,-1.2292265,-0.24560656,-1.141728,1.8419206,2.3940654,0.81018186,1.0235871
1.7052691,1.5156876,0.23917437,-0.031543538,1.2226018,0.81862557,0.3125829,0.7420389,0.48884016,1.196313,2.527096,2.4093084,1.859093,0.75424063,0.25511232,1.2173004,1.2235491,-0.35691977,2.2160633,0.53994286,1.5125114,0.87500316,2.0692167,2.4844654,1.2904639,1.6664886,3.3367136,0.7834027,1.1282661,0.39491507,0.86396134,2.3827848,0.6314815,2.6265912,2.3393502,-1.5464779,-2.3521411,-0.7551861,-0.33263162,1.7737013,-0.6703131,-1.538154,1.3333559,1.1636335,1.4494712,0.61905336,1.7637104,0.68732727,1.032325,0.46177903,0.8174366,1.0558426,2.8356762,3.0995529,1.4363699,0.3018261,0.3779651,1.0310576,1.7179953,-0.9304799,2.3076901,1.9448053,2.3077693,1.2349668,1.2751541,2.547081,2.6925664,0.765738,2.9285097,1.3028654,0.93021697,0.84531987,1.0625597,2.5608425,1.6419021,2.1456714,2.1150174,0.12535127,-0.73022467,0.15850738,-0.5508586,1.9682561,2.0108302,0.8647978,1.4744878
2.2305102,1.3078789,0.22663149,0.35274962,1.354985,0.9667785,0.44596478,1.1035967,0.54534143,1.334936,2.3298497,2.3523295,1.9055083,1.3390555,0.6406291,1.689315,1.295955,-0.607341,2.1482856,0.61430705,1.3495618,0.72234976,1.9944662,2.4553134,1.4528809,1.5659658,3.1217663,0.94303983,1.0675454,0.974037,1.20728,2.912553,1.2673306,2.8221657,2.6540666,-1.1283584,-1.9272771,-0.26066488,0.34514102,1.7717451,-0.5978728,-1.4430697,1.4209471,1.328285,1.9455389,0.97559315,1.9986366,1.0286772,1.4407982,0.9828708,1.0047784,1.281654,2.7647388,2.9752185,1.5083224,0.58851117,0.81585485,1.6132495,1.8833917,-0.78546345,2.145139,1.9380602,2.0966938,1.2175772,1.4981023,2.576618,2.5081773,1.1358238,2.8544428,1.5742742,1.2322527,1.407133,1.3649142,2.9401538,2.1619647,2.5059152,2.450666,0.63586783,-0.2407982,0.5491556,0.105099365,1.9736308,1.5739918,0.84219533,1.7810194
2.5990522,1.0090445,0.21708107,0.718646,1.4086149,1.0536071,0.58688027,1.3457986,0.56285334,1.4361708,2.0629954,2.199393,1.8698376,1.7882503,0.9400765,2.0324266,1.2873329,-0.78139186,1.9203266,0.5994085,1.1110557,0.5853776,1.8399179,2.326729,1.5498128,1.3844471,2.7708972,1.0463228,0.92447007,1.4246801,1.4376751,3.2220953,1.7791146,2.8599498,2.7847328,-0.6923188,-1.4129679,0.2624939,1.0611428,1.6645291,-0.46596226,-1.2977412,1.4109796,1.3906474,2.3031025,1.2545376,2.0802944,1.3103098,1.7577662,1.4024535,1.0715336,1.4487458,2.6030304,2.7299187,1.5236708,0.7849578,1.1814845,2.0650268,1.9357989,-0.63162243,1.8575728,1.8182312,1.7366092,1.1229043,1.6239703,2.5094652,2.2068667,1.4413681,2.6635904,1.7748339,1.4356234,1.8408439,1.5654957,3.1090379,2.5301197,2.6828196,2.6398356,1.0946052,0.21244958,0.90360045,0.7663732,1.8843985,1.1402717,0.7690329,1.9152058
2.7973783,0.6570499,0.20100452,1.052131,1.4118611,1.1034753,0.74171025,1.4761672,0.58048296,1.5210652,1.756036,1.9729676,1.773353,2.090954,1.1353736,2.2346723,1.2157762,-0.85723734,1.5606263,0.4883118,0.84098554,0.47881243,1.651119,2.1295817,1.5835435,1.1733627,2.3277445,1.1243556,0.7386839,1.7313623,1.5557557,3.3016615,2.1330135,2.7410922,2.732777,-0.29187366,-0.8385887,0.76407,1.7420428,1.4677036,-0.26199567,-1.1583052,1.3145348,1.3528775,2.4906921,1.4348019,2.030808,1.535935,1.9757596,1.7107792,1.0374167,1.5665551,2.379571,2.3966506,1.4878234,0.89171875,1.4579145,2.3634405,1.9009293,-0.48214024,1.4893707,1.6209351,1.2843404,0.95050585,1.6661543,2.3676627,1.85451,1.6819687,2.3838475,1.9170046,1.5470057,2.1288605,1.6671274,3.0641706,2.7327561,2.674992,2.687562,1.4768467,0.6107925,1.2009872,1.3725815,1.7377198,0.758497,0.6813403,1.8713508
2.8324263,0.29515833,0.17295812,1.3447874,1.3961213,1.1432091,0.9131718,1.514324,0.6347069,1.6082321,1.4381961,1.7024736,1.6393706,2.2551653,1.2273048,2.2993393,1.1018605,-0.82684666,1.1160407,0.2933467,0.5868947,0.41249025,1.4749988,1.8991972,1.559036,0.9854267,1.8407629,1.2085892,0.5537341,1.8973223,1.5720791,3.1659794,2.3181078,2.4814746,2.5214682,0.02840534,-0.23780505,1.1989121,2.3160737,1.2063845,0.020319797,-1.0679281,1.1535519,1.2262852,2.4942672,1.5091681,1.8879606,1.7165629,2.1008372,1.912287,0.936435,1.6480348,2.1257534,2.013848,1.4124202,0.9258137,1.6418804,2.5039313,1.8072815,-0.3425522,1.0936078,1.3876648,0.8086094,0.71188396,1.6467154,2.177063,1.5165265,1.8597708,2.0489526,2.0159097,1.5832499,2.271914,1.6799443,2.8239295,2.7752624,2.5006208,2.6124558,1.7661712,0.94408935,1.4246835,1.8716209,1.5737033,0.46336368,0.6168801,1.6668451
2.7277608,-0.03313526,0.13109544,1.5927968,1.3914839,1.1957988,1.0988362,1.4876453,0.7523427,1.7107114,1.1343057,1.4190694,1.4891623,2.304305,1.2324649,2.2453425,0.9661283,-0.69657093,0.64421326,0.043090113,0.39317012,0.3914695,1.353259,1.6697413,1.4830102,0.8656977,1.3563089,1.3239268,0.4097666,1.9412018,1.5056893,2.8513768,2.344845,2.1096535,2.1918833,0.23860487,0.3542734,1.5325297,2.7231686,0.910736,0.37666082,-1.0507731,0.95676434,1.0313073,2.3190794,1.485899,1.6990469,1.8667537,2.1488514,2.0234983,0.81031746,1.7079879,1.869928,1.6178005,1.3134791,0.91619855,1.7425909,2.4996402,1.6816871,-0.21277815,0.72329533,1.1578692,0.37830508,0.43164283,1.5926173,1.9637129,1.2466555,1.978529,1.6925391,2.0855556,1.5668764,2.286134,1.6199251,2.4266129,2.6795652,2.1951005,2.4431698,1.955609,1.2099814,1.5644758,2.2267675,1.4280071,0.27247632,0.606524,1.3395452
2.5186691,-0.28947726,0.07646704,1.7949444,1.4227998,1.2754737,1.2907166,1.4261835,0.94544435,1.8343467,0.8618017,1.1507478,1.3390411,2.2714274,1.1766126,2.1047459,0.8273262,-0.48619822,0.20333254,-0.2238631,0.2931514,0.41631222,1.3160641,1.4695766,1.3632396,0.8437871,0.91258377,1.4836631,0.33683494,1.891477,1.3813149,2.4100199,2.2407885,1.6638087,1.7962725,0.32676664,0.9035684,1.7453258,2.9234269,0.61117506,0.7893497,-1.1111292,0.754464,0.7960609,1.9893359,1.3881687,1.5138742,2.000988,2.140012,2.0689898,0.70101196,1.7612797,1.6336926,1.2376775,1.2087181,0.89624995,1.7780509,2.378574,1.5463876,-0.0907857,0.42396325,0.96328133,0.050002497,0.14619502,1.5318495,1.7506213,1.0788772,2.0432494,1.343511,2.1356955,1.5215181,2.1985385,1.5070574,1.9259179,2.4791586,1.8064452,2.2139146,2.0473702,1.4116765,1.6186525,2.4211404,1.3258291,0.18611123,0.667519,0.9428838
2.2452233,-0.44538522,0.012320043,1.9503626,1.5064634,1.3847482,1.4762163,1.3579745,1.209418,1.9770818,0.6294026,0.91836375,1.1992296,2.1927245,1.0879425,1.9189901,0.7016857,-0.22627664,-0.15702154,-0.46769792,0.30439612,0.48330885,1.3778954,1.3178748,1.2087283,0.9291834,0.53600883,1.6870046,0.35094178,1.7804158,1.2268519,1.902591,2.0443027,1.18719,1.3900353,0.29972896,1.3796736,1.8344264,2.9022903,0.33382717,1.2278346,-1.2365134,0.5732679,0.5537392,1.5455936,1.2505486,1.3769585,2.1303155,2.0934918,2.0764039,0.6428544,1.8206778,1.429215,0.8925426,1.114773,0.89641577,1.7704228,2.178814,1.4179844,0.023612304,0.22681713,0.8238812,-0.13977404,-0.10110461,1.4896655,1.555045,1.023697,2.0605915,1.0226432,2.1703682,1.4675756,2.0413463,1.3635026,1.3846109,2.2138083,1.389059,1.9596819,2.051688,1.5551649,1.594688,2.4586759,1.278959,0.19021633,0.7993532,0.5387115
1.946538,-0.48556396,-0.056251977,2.0574892,1.6485852,1.5146543,1.6400619,1.3052765,1.5243961,2.1303678,0.4378756,0.7328414,1.0742954,2.1012945,0.9906449,1.7331806,0.6027933,0.046032153,-0.40404987,-0.6564981,0.42572057,0.5849279,1.536049,1.2230843,1.0303683,1.1105188,0.24012853,1.9193664,0.4525331,1.6386665,1.0703993,1.390184,1.7972345,0.7233245,1.0239934,0.18060187,1.7582474,1.8130528,2.6724298,0.09768704,1.6521485,-1.4034948,0.43216437,0.33911365,1.0405505,1.1129284,1.3208456,2.2598028,2.0232759,2.0715528,0.6569831,1.8951875,1.2592325,0.5911238,1.0442628,0.93769443,1.740976,1.9424279,1.3078266,0.12589663,0.14560547,0.7472827,-0.18020867,-0.26696926,1.4853901,1.3877776,1.0692824,2.039048,0.74204993,2.1878119,1.4196208,1.8465319,1.2117044,0.86668164,1.9233258,0.99675226,1.712048,1.9847795,1.6471918,1.5088441,2.3619764,1.2861253,0.2613057,0.98344064,0.18978655
1.6551493,-0.40939656,-0.1224364,2.1139376,1.8443913,1.6469966,1.7669394,1.2821265,1.8590454,2.2810566,0.28240815,0.5955461,0.96497786,2.0223265,0.9014381,1.5896201,0.54217756,0.29130954,-0.52489436,-0.7735671,0.6374958,0.7099846,1.7713566,1.183302,0.84111613,1.3580444,0.026755136,2.1550024,0.62805974,1.4908745,0.9375789,0.9270225,1.5380667,0.31102598,0.73750204,0.00459395,2.023282,1.707125,2.2712123,-0.08658051,2.0183852,-1.5841793,0.34039694,0.18424657,0.53319836,1.0136784,1.3613003,2.387774,1.9360868,2.0740697,0.7475599,1.9889416,1.1188784,0.33426324,1.0040889,1.0278223,1.706375,1.7099495,1.2236098,0.20611964,0.17566018,0.7301132,-0.08511241,-0.3165517,1.5302533,1.2532784,1.1871518,1.989122,0.50630057,2.1820545,1.3852311,1.6413572,1.0727229,0.4296307,1.642413,0.6758965,1.495875,1.8664658,1.6936533,1.38383,2.1671977,1.3360007,0.37234086,1.1865473,-0.04859342
1.3943828,-0.23053299,-0.177797,2.1175823,2.0787423,1.7589408,1.8443749,1.2933719,2.1764185,2.4144313,0.15560696,0.4997746,0.87058115,1.9701377,0.8283307,1.521612,0.5295057,0.47312865,-0.5279454,-0.8207029,0.9055933,0.84465235,2.0516107,1.1885011,0.6563877,1.6294057,-0.11083589,2.362114,0.85348994,1.3535883,0.849384,0.5545761,1.2966648,-0.019327732,0.5544181,-0.18712457,2.168795,1.5499318,1.7547139,-0.21626195,2.2858572,-1.7520324,0.29729745,0.114572175,0.08197035,0.98300123,1.4956508,2.5061316,1.8315512,2.0947104,0.9020443,2.1005828,0.9986618,0.11874537,0.9945605,1.1607208,1.676447,1.5156684,1.1712027,0.25067014,0.29619876,0.7610796,0.11107044,-0.23130529,1.6263075,1.151677,1.3402911,1.9231055,0.31497008,2.145878,1.3653604,1.4456489,0.96485215,0.11731466,1.396806,0.45971826,1.3274863,1.7177918,1.7001626,1.2453214,1.9171098,1.4114784,0.49837548,1.367209,-0.13574906
1.1770376,0.025294878,-0.21256053,2.0686834,2.3284237,1.828326,1.8649998,1.3355227,2.4403923,2.5173435,0.051194757,0.43435454,0.79145324,1.9476006,0.7728087,1.5485567,0.5726487,0.5626735,-0.4387014,-0.81729937,1.1870068,0.9732499,2.3361309,1.2235949,0.49304837,1.8772521,-0.18370906,2.5087042,1.0993834,1.234707,0.8202293,0.2979818,1.0909715,-0.24872573,0.48120967,-0.35411993,2.200068,1.3758068,1.1893642,-0.2952067,2.4234362,-1.8854015,0.29451326,0.14505637,-0.26203698,1.0374225,1.7035359,2.6023893,1.7049383,2.134252,1.0940409,2.2237582,0.88842267,-0.058875043,1.0098574,1.3189833,1.6538721,1.3843342,1.1558573,0.24580328,0.47518414,0.82474995,0.36133254,-0.013884443,1.7664268,1.0805172,1.4924823,1.8540497,0.16603938,2.073998,1.3562462,1.2707019,0.9024051,-0.04492053,1.2013237,0.36437437,1.2143493,1.5591223,1.6729461,1.1176825,1.6541991,1.4949893,0.6207786,1.4843949,-0.05131546
1.0068218,0.32353795,-0.21698555,1.9719701,2.5651476,1.8387195,1.8283609,1.3983803,2.6212826,2.5802162,-0.03375785,0.3882377,0.73059565,1.9477332,0.73297316,1.672771,0.67627674,0.5430954,-0.29464695,-0.793603,1.4375467,1.0800961,2.581894,1.2717793,0.36835888,2.0569372,-0.20369194,2.5684814,1.3359094,1.1352179,0.85677415,0.16513862,0.9259447,-0.37083104,0.50796455,-0.46279666,2.1334794,1.2137535,0.64202374,-0.33155537,2.414453,-1.968805,0.31912562,0.27790853,-0.4608365,1.1769422,1.951181,2.662346,1.5508115,2.1847777,1.2893779,2.3476121,0.7806779,-0.19890425,1.0396273,1.4786826,1.6359704,1.3292797,1.182529,0.18223992,0.67476016,0.9047721,0.615089,0.31059635,1.9354478,1.0368906,1.6162679,1.7941566,0.058498997,1.9657266,1.3518482,1.1202947,0.8948109,-0.05250037,1.0596827,0.38785663,1.155827,1.4085103,1.6207771,1.0199704,1.4140126,1.5722007,0.7292876,1.5058948,0.20178367
0.880027,0.62525135,-0.18289056,1.8380294,2.7595627,1.783201,1.741498,1.4679853,2.700361,2.5989914,-0.09729794,0.3539139,0.693968,1.9564387,0.70762706,1.8791661,0.8404226,0.4123998,-0.13773437,-0.7815943,1.6189415,1.1511395,2.7495415,1.3178748,0.297823,2.1336703,-0.17998908,2.5257196,1.5372521,1.0515666,0.95723194,0.14810638,0.7952099,-0.39158458,0.61149794,-0.491202,1.995186,1.0827416,0.17092595,-0.3353417,2.2593884,-1.9924802,0.35726923,0.50163466,-0.4946153,1.3850346,2.196956,2.6734357,1.3673037,2.2319167,1.4533361,2.4586983,0.67256814,-0.29805014,1.0713544,1.6152283,1.6174501,1.3524585,1.254803,0.058937166,0.8570708,0.9862762,0.8274956,0.6983058,2.1118796,1.0188583,1.6980332,1.7530359,-0.005897719,1.8270792,1.3460194,0.99288315,0.94593734,0.07883035,0.9659832,0.51124686,1.1448,1.2807113,1.5558724,0.96311206,1.2208164,1.6349639,0.82196826,1.415367,0.59738654
0.78947645,0.89136165,-0.106264345,1.6836092,2.884908,1.666099,1.6183667,1.5295246,2.6721692,2.57513,-0.13335747,0.33007964,0.68961793,1.9564387,0.6990408,2.137187,1.057999,0.18454851,-0.006755958,-0.80464846,1.7049537,1.1761508,2.8085487,1.3508797,0.29329923,2.0875113,-0.11751275,2.378534,1.6842862,0.9786974,1.1116949,0.22610907,0.68412954,-0.32754168,0.7599308,-0.4319716,1.8178636,0.98919916,-0.18160208,-0.31678873,1.975632,-1.9502902,0.3972504,0.7916685,-0.36393198,1.6314971,2.3987486,2.6272814,1.159353,2.2587814,1.5578226,2.5428302,0.56683105,-0.3498816,1.0932955,1.7090032,1.5935009,1.4451357,1.3729758,-0.11495956,0.9891836,1.056845,0.96643764,1.0942166,2.2709818,1.0257093,1.7391056,1.7360065,-0.022740753,1.6706872,1.3345209,0.88440466,1.0534129,0.31665117,0.9074965,0.7026649,1.1695459,1.1864682,1.4937979,0.9487049,1.0856074,1.6816028,0.9024125,1.2160013,1.0896722
0.72703606,1.0868315,0.010537297,1.5300568,2.9207795,1.5021873,1.4777395,1.5703956,2.5442855,2.514692,-0.13286923,0.32244524,0.7258541,1.9310292,0.71431446,2.4058242,1.3130357,-0.11179987,0.06745061,-0.86937994,1.6849302,1.1500154,2.7412493,1.364713,0.36084852,1.9156185,-0.016978303,2.1392272,1.7656374,0.9130955,1.302987,0.3701014,0.5741707,-0.20313922,0.9178979,-0.29282048,1.6365806,0.9275342,-0.39361495,-0.28485742,1.5950321,-1.8382603,0.4313291,1.1130282,-0.09012642,1.8780547,2.5204337,2.5218887,0.93982416,2.2498112,1.5872847,2.5871167,0.4709498,-0.34789103,1.0969008,1.7489556,1.562439,1.5896492,1.5317501,-0.32073158,1.0463516,1.1068206,1.016357,1.4421444,2.3874438,1.0573143,1.752948,1.743158,0.014027007,1.5144671,1.3158159,0.79124314,1.2085989,0.61705226,0.86819565,0.92276835,1.2158253,1.1324112,1.4514872,0.96975935,1.0064785,1.715354,0.9758307,0.9303211,1.6199151
0.68576795,1.1841036,0.15723176,1.400455,2.855447,1.3137561,1.3407761,1.5823002,2.335007,2.426389,-0.087045036,0.34212092,0.80850554,1.8672626,0.7645526,2.6393795,1.5799278,-0.4364394,0.06646991,-0.9621104,1.5636058,1.0738012,2.544759,1.3585855,0.49875802,1.6318351,0.124094225,1.8330988,1.7772908,0.85456324,1.5083692,0.54696506,0.44703627,-0.046972726,1.0516722,-0.09503515,1.4835998,0.8829056,-0.46414214,-0.24686803,1.1592373,-1.6534265,0.45627558,1.4242089,0.2868776,2.0842476,2.5371072,2.3620043,0.72847056,2.194114,1.5412844,2.5815654,0.39465848,-0.28909254,1.0788226,1.7340356,1.5269103,1.7614411,1.718315,-0.5330551,1.013675,1.128027,0.97925025,1.6945486,2.4388626,1.1121222,1.7593951,1.7691265,0.10924063,1.3783975,1.2911232,0.7122204,1.3965611,0.93130976,0.83191437,1.1310735,1.2686458,1.1205119,1.4441761,1.0132947,0.97158074,1.7415341,1.0446306,0.5958922,2.1254077
0.6606482,1.165518,0.31567323,1.3158472,2.6873016,1.1263359,1.2273191,1.5627953,2.0694625,2.3192024,0.010183154,0.40176862,0.9387904,1.7578915,0.86189157,2.7943106,1.8242849,-0.7436528,-0.015364356,-1.0509236,1.3595243,0.95442116,2.2311559,1.335468,0.69666255,1.263618,0.30899557,1.4944776,1.7206405,0.80705017,1.7017322,0.72399336,0.288856,0.11160973,1.133323,0.1297528,1.3835105,0.8359253,-0.41124675,-0.20875241,0.7142673,-1.3942549,0.47225693,1.6820753,0.7133767,2.2144597,2.4382415,2.158439,0.54873914,2.0879827,1.4341146,2.5206254,0.34738708,-0.17723761,1.0416875,1.6722558,1.4938211,1.9319687,1.9115249,-0.72476137,0.8869336,1.1135145,0.8723398,1.8204955,2.4084218,1.1854795,1.7772197,1.804079,0.26406905,1.2810392,1.2629331,0.649571,1.5968604,1.2122958,0.7855524,1.2918437,1.3133912,1.1478463,1.4812038,1.0639907,0.9628157,1.7633221,1.1047863,0.2580375,2.5488358
0.64868647,1.0246226,0.46157184,1.2912892,2.4247446,0.9637201,1.1530945,1.515177,1.7749807,2.2000039,0.15958257,0.51150554,1.1116625,1.6023858,1.0159497,2.835428,2.0061975,-0.98882526,-0.17195003,-1.0934999,1.0994165,0.8036787,1.8251361,1.300235,0.9352811,0.8470416,0.5391088,1.1618588,1.6005375,0.7781,1.8566824,0.872182,0.092724316,0.24599291,1.1441172,0.34430078,1.3493497,0.7681984,-0.267119,-0.17587455,0.3041725,-1.0622447,0.48150048,1.8471212,1.12807,2.2432373,2.2278981,1.9257529,0.42316365,1.9354903,1.2908565,2.4037414,0.33485436,-0.024958732,0.99394244,1.5778177,1.4726207,2.0712717,2.0829043,-0.8718636,0.6716268,1.0565383,0.7226651,1.8091633,2.2874563,1.2678206,1.8171922,1.8350537,0.47303957,1.2351527,1.2339483,0.60845476,1.7847943,1.4201696,0.72046906,1.3786072,1.3368638,1.2064933,1.5629007,1.1078969,0.96058387,1.7785795,1.1441005,-0.03925887,2.8462942
0.6473707,0.76632684,0.5682819,1.3325083,2.0852072,0.843767,1.126871,1.447511,1.4766114,2.07204,0.35522467,0.6740626,1.3152462,1.4066225,1.2292863,2.7404754,2.0853963,-1.1354773,-0.38792273,-1.0485475,0.81316966,0.6362433,1.3605298,1.257621,1.1876906,0.42088512,0.8112386,0.87195224,1.4231151,0.7768757,1.9489785,0.9685746,-0.14029643,0.33459154,1.0757811,0.51084024,1.3804162,0.66676486,-0.07128205,-0.15385078,-0.03439474,-0.6638811,0.48673478,1.8884419,1.4698055,2.1593735,1.9228574,1.679424,0.36863416,1.7478039,1.1410269,2.2350457,0.3569387,0.14646028,0.9478455,1.4673544,1.4729987,2.1514592,2.1994789,-0.95780915,0.3822703,0.9507108,0.5615921,1.6694001,2.0765362,1.3444095,1.8774164,1.8480604,0.7226034,1.2449918,1.2052284,0.59541297,1.933459,1.5264204,0.6331803,1.3765304,1.3280362,1.2836351,1.6784177,1.1357414,0.94755805,1.7772502,1.1433506,-0.26154205,2.9929314
0.6535908,0.40597764,0.6117363,1.4348187,1.6928312,0.7755741,1.1491836,1.3709649,1.1936338,1.9341205,0.5839969,0.88143307,1.5320976,1.1820915,1.4948838,2.503094,2.027524,-1.1610916,-0.6427967,-0.8879389,0.52830386,0.46706554,0.87537307,1.2105508,1.4216975,0.020718805,1.1156081,0.65447265,1.194674,0.81167114,1.9596578,0.99737304,-0.40105775,0.3620781,0.9306663,0.5965823,1.4623938,0.52739173,0.13566236,-0.149181,-0.27674314,-0.21272787,0.49007583,1.7878362,1.6853268,1.9668573,1.5489848,1.4332149,0.3927865,1.5407127,1.0118974,2.0228658,0.4062786,0.30907485,0.91699404,1.3561176,1.5022395,2.1497734,2.2282515,-0.9762337,0.04047794,0.79076856,0.41774133,1.4252653,1.7855806,1.3963089,1.9421915,1.8301817,0.9911356,1.3047128,1.1752368,0.6160523,2.0166276,1.5159682,0.52466166,1.2828068,1.2783127,1.3621029,1.8065289,1.1445854,0.9114022,1.7417653,1.079682,-0.38998985,2.9844627
0.6620837,-0.032389782,0.57541287,1.5832947,1.275877,0.75857127,1.21254,1.2972884,0.9379449,1.7815379,0.8271371,1.1138171,1.7412493,0.9441707,1.7944963,2.1335764,1.8108946,-1.0612065,-0.91390675,-0.6067936,0.26612467,0.308904,0.40656057,1.1588385,1.6040103,-0.32590863,1.434762,0.52802294,0.92151487,0.8870285,1.8772287,0.9503904,-0.67433184,0.32009575,0.72011346,0.57827663,1.5700744,0.35514805,0.3188281,-0.16868053,-0.412881,0.26987603,0.49269298,1.542253,1.7361999,1.6841139,1.1366882,1.1970584,0.49238372,1.3319739,0.922142,1.7786735,0.46900296,0.43279666,0.9127706,1.2554352,1.5632292,2.0515409,2.1415455,-0.9314158,-0.32759634,0.5734414,0.31182924,1.1089518,1.4329451,1.4029014,1.9848566,1.7711825,1.2503164,1.3985909,1.1392574,0.67244494,2.011913,1.3871907,0.39900115,1.1048528,1.1822518,1.4222116,1.9185556,1.1376528,0.84619194,1.6494699,0.9318982,-0.42393282,2.8351035
0.66531336,-0.518545,0.45437717,1.7555043,0.8637239,0.7836608,1.3028198,1.2367961,0.71382445,1.6077452,1.0624655,1.3408632,1.9212121,0.7105364,2.1002595,1.6573048,1.4317851,-0.8502564,-1.1801133,-0.22842255,0.03915919,0.17041428,-0.0147818355,1.0995597,1.7047633,-0.6024038,1.7442344,0.49771273,0.6104402,1.0014468,1.6991334,0.826845,-0.9409954,0.20654532,0.46226707,0.44603398,1.6714015,0.16335975,0.4531425,-0.21878617,-0.4482845,0.7552345,0.4951431,1.1645541,1.6041013,1.3403008,0.7166961,0.97606057,0.6536482,1.1381549,0.87811315,1.5154222,0.5265561,0.49014047,0.9413559,1.170999,1.6530819,1.8528156,1.9225544,-0.83699334,-0.6937522,0.29872912,0.25317404,0.7533672,1.0430851,1.3458314,1.9738585,1.6643583,1.4687445,1.5034682,1.0899249,0.7615029,1.904127,1.15054,0.26140174,0.8572736,1.0379723,1.4442425,1.9834602,1.1223612,0.75204885,1.4767267,0.6861051,-0.37971243,2.572326
0.6540693,-1.0190957,0.2570655,1.9252839,0.48381412,0.83591354,1.4018271,1.1963515,0.5193878,1.4065741,1.2669656,1.5261995,2.05315,0.49899727,2.3778284,1.1115701,0.9072762,-0.5596817,-1.4240905,0.19759803,-0.14884438,0.054687697,-0.3673226,1.0276545,1.7025673,-0.80386215,2.014218,0.55491024,0.26981366,1.1460001,1.4325589,0.63249654,-1.1811578,0.025229026,0.17863183,0.2054653,1.7334107,-0.029421477,0.5262039,-0.3032842,-0.40188044,1.2097698,0.49770457,0.6821463,1.2934258,0.9708443,0.31669083,0.77097934,0.85516655,0.97193277,0.872856,1.2461879,0.5591046,0.46165997,1.0013076,1.1026986,1.7632759,1.5611067,1.569497,-0.71326274,-1.0312603,-0.028820258,0.23828146,0.38624614,0.6434201,1.2128835,1.8807917,1.5072505,1.6157625,1.5926201,1.0182842,0.8738818,1.6878772,0.8259101,0.1166018,0.55859935,0.84752935,1.4113322,1.9742151,1.1069555,0.6338425,1.2046372,0.34056577,-0.2864677,2.2297525
0.6186625,-1.5003667,0.004552367,2.0671647,0.15914364,0.89824873,1.4905013,1.1785141,0.3491379,1.1745619,1.4205499,1.6327088,2.1230557,0.32524085,2.5915778,0.5413158,0.2746323,-0.23283766,-1.6328714,0.6041606,-0.30153564,-0.040411565,-0.64096683,0.9375525,1.5884626,-0.9356466,2.213141,0.67892915,-0.08943606,1.304456,1.0937067,0.37911117,-1.3766403,-0.21478337,-0.10878354,-0.122458585,1.7281297,-0.20276257,0.5379045,-0.4219222,-0.30210686,1.5983007,0.50093424,0.13358863,0.83087623,0.61145526,-0.0411495,0.5796606,1.071334,0.84040123,0.8882989,0.9824431,0.5493096,0.3396225,1.08284,1.0453395,1.8803763,1.1954168,1.0977185,-0.5834619,-1.3176112,-0.39919123,0.25225887,0.026543789,0.26102778,1.0012138,1.6878315,1.3012451,1.6665041,1.6399673,0.9155391,0.994427,1.3694594,0.4393914,-0.032471977,0.2282503,0.6173769,1.3130095,1.8733205,1.096685,0.49940458,0.8245327,-0.09177277,-0.18003166,1.8405011
0.55155694,-1.931305,-0.27314204,2.1604502,-0.09383855,0.954778,1.551964,1.1811509,0.19632135,0.91241187,1.5082924,1.6297295,2.1235342,0.20084508,2.7103412,-0.0068439133,-0.41252,0.08198657,-1.7982835,0.92004776,-0.4278906,-0.12095368,-0.83721673,0.825308,1.3682466,-1.010271,2.3118153,0.8405506,-0.4532022,1.4550521,0.70608747,0.083597824,-1.5136315,-0.49955055,-0.3801964,-0.5031603,1.6375707,-0.33790278,0.49886653,-0.5690207,-0.18134098,1.8881909,0.50616854,-0.43606338,0.2622977,0.29252598,-0.34084612,0.3988333,1.2766287,0.7442926,0.8996348,0.73239136,0.48646358,0.12977009,1.1683897,0.9900249,1.9876153,0.7840972,0.53923416,-0.4702405,-1.5366908,-0.7963896,0.2718938,-0.31580302,-0.081004694,0.7196123,1.393613,1.0513924,1.6058266,1.6246719,0.7747481,1.1041244,0.9668283,0.02039908,-0.18456532,-0.11551719,0.35816604,1.1476424,1.6768612,1.0909222,0.35725668,0.34167218,-0.5837143,-0.09619802,1.4316913
0.4488054,-2.2857676,-0.54224104,2.1917336,-0.26656696,0.9934233,1.5739473,1.1980578,0.05524483,0.62575126,1.5229394,1.498579,2.0539765,0.13151044,2.7124052,-0.4901212,-1.0912789,0.3394937,-1.9162948,1.0859865,-0.53905535,-0.19486357,-0.96688825,0.6904104,1.0624301,-1.0434119,2.287731,1.0063391,-0.80498034,1.5732225,0.29808432,-0.23318526,-1.5841043,-0.8105369,-0.6201082,-0.89255893,1.457608,-0.42047104,0.4268296,-0.73322076,-0.069894336,2.0528014,0.51518935,-0.9806494,-0.35354137,0.035426036,-0.57277966,0.22566514,1.4487244,0.67811495,0.88090605,0.50028855,0.36843714,-0.14860398,1.2353976,0.9257584,2.0672286,0.36170536,-0.060627874,-0.39210328,-1.6799303,-1.1984423,0.27022982,-0.63762945,-0.3665448,0.38811493,1.0152398,0.7656486,1.4312861,1.5344027,0.5928378,1.182619,0.5082716,-0.40106666,-0.33995697,-0.45615828,0.084368,0.9239344,1.3956391,1.0817928,0.2152711,-0.22273421,-1.0966945,-0.065011434,1.0218732
0.31148434,-2.5439603,-0.7711965,2.1557643,-0.35906887,1.0073159,1.550235,1.2200444,-0.07754693,0.32448164,1.4650489,1.2370229,1.920081,0.11582287,2.5894313,-0.87494314,-1.6977626,0.50498897,-1.985053,1.0685835,-0.64627457,-0.2691669,-1.0470467,0.53685176,0.7037776,-1.0499667,2.1292987,1.1431568,-1.1268721,1.6356254,-0.10021415,-0.5470885,-1.5863472,-1.1244541,-0.8176826,-1.2426109,1.1987206,-0.44304666,0.34244502,-0.8985567,0.009751582,2.0747678,0.5297786,-1.4581913,-0.95224893,-0.15063189,-0.733049,0.05911892,1.5707725,0.6316167,0.8109746,0.28607303,0.20283511,-0.4662536,1.2600685,0.8408802,2.1025856,-0.035477083,-0.6491407,-0.36070937,-1.7463704,-1.5782667,0.22197449,-0.93856114,-0.5880678,0.035935372,0.58631337,0.45469606,1.153987,1.3672696,0.37123898,1.2115872,0.029247355,-0.7963088,-0.49883273,-0.77858865,-0.18665153,0.66068655,1.0533801,1.0552038,0.07957523,-0.8327393,-1.5862676,-0.10639666,0.6212296
0.14677085,-2.6932104,-0.9358139,2.0548859,-0.37971878,0.99422675,1.4806623,1.2362533,-0.20291775,0.02126418,1.3430603,0.8607023,1.7326797,0.145342,2.3478177,-1.1405624,-2.1759932,0.55989164,-2.0037954,0.86873776,-0.7584257,-0.34791043,-1.09662,0.37359127,0.33230036,-1.0409825,1.8383305,1.2225289,-1.401927,1.6237372,-0.46050596,-0.8325635,-1.5246687,-1.4144889,-0.9667455,-1.5076573,0.8845077,-0.40636128,0.26566315,-1.0464756,0.04650015,1.9478495,0.5508272,-1.8350486,-1.4720027,-0.2679272,-0.82277626,-0.10012718,1.6320662,0.59129685,0.6774642,0.086043954,0.00596216,-0.787425,1.2215428,0.724891,2.0803885,-0.37419513,-1.1731209,-0.37892,-1.7416384,-1.9058673,0.108158484,-1.2169987,-0.74722695,-0.30280074,0.15150853,0.13078155,0.7977329,1.1316506,0.116787136,1.1778249,-0.43185017,-1.1390772,-0.6597525,-1.0681119,-0.43619558,0.38465536,0.6826311,0.99372375,-0.04561069,-1.4411261,-2.0085013,-0.22736281,0.23444813
-0.032775234,-2.7280166,-1.0226591,1.896821,-0.3441747,0.9552446,1.3702518,1.2356715,-0.32008234,-0.26994145,1.1708534,0.40176862,1.5058666,0.20548506,2.007544,-1.2812668,-2.4850812,0.5045691,-1.971977,0.5232463,-0.88103247,-0.431038,-1.1327332,0.21353377,-0.010804374,-1.0221889,1.4310898,1.2240171,-1.6167074,1.5272894,-0.7589557,-1.0641031,-1.4084535,-1.6514517,-1.0648187,-1.6510166,0.54731464,-0.3203962,0.21222857,-1.1586138,0.041696418,1.6779038,0.57755554,-2.0887065,-1.8611106,-0.3287118,-0.8477866,-0.24983926,1.6277089,0.5429679,0.47977233,-0.10516483,-0.20034075,-1.0756754,1.1063262,0.57022035,1.9923915,-0.62854975,-1.5863951,-0.44015688,-1.6759657,-2.1512995,-0.079454884,-1.4671909,-0.8535421,-0.59396774,-0.24165516,-0.19259661,0.3961567,0.8444307,-0.15912512,1.0756438,-0.8382924,-1.4064993,-0.8182566,-1.3095752,-0.6457987,0.12650721,0.3188159,0.88126224,-0.15785195,-1.9955344,-2.3264496,-0.42164895,-0.13569865
-0.211484,-2.6494842,-1.0301083,1.6919398,-0.27360484,0.8924947,1.2272779,1.2085276,-0.4275879,-0.5363118,0.96523744,-0.0952129,1.2551717,0.27747113,1.5988276,-1.3060019,-2.604157,0.35760212,-1.888944,0.09754677,-1.015377,-0.5142217,-1.1678251,0.07134813,-0.28987345,-0.99422765,0.93685895,1.1372039,-1.7630168,1.3461632,-0.9787122,-1.2189566,-1.2505093,-1.8069053,-1.1117343,-1.6502802,0.22253998,-0.20370322,0.19184685,-1.2195104,0.0072536394,1.2829572,0.60628855,-2.208618,-2.0834472,-0.3509362,-0.8181269,-0.38754407,1.5573269,0.47386125,0.22857776,-0.2929812,-0.39259,-1.2987727,0.911174,0.37432626,1.8363606,-0.7837907,-1.8560579,-0.52941835,-1.5623972,-2.2885022,-0.33678886,-1.6783842,-0.9220626,-0.808869,-0.55161244,-0.5017166,-0.0120611,0.5281236,-0.441502,0.9082943,-1.1596463,-1.579825,-0.9662619,-1.4871413,-0.7994555,-0.08414548,-0.005801798,0.70780563,-0.2556471,-2.4455683,-2.515166,-0.6701966,-0.48427075
-0.37260896,-2.464554,-0.9669801,1.4504821,-0.19225992,0.80714345,1.0607976,1.1471434,-0.524767,-0.7672419,0.74295175,-0.57940835,0.9955589,0.3415029,1.1573347,-1.2363234,-2.5338416,0.15200584,-1.7545877,-0.32751054,-1.158895,-0.5899302,-1.2082648,-0.039318066,-0.47991624,-0.95453185,0.3944594,0.96223795,-1.839517,1.0907066,-1.1110452,-1.2793922,-1.0654148,-1.8566504,-1.1086681,-1.5010645,-0.057512186,-0.08136632,0.2071601,-1.2190056,-0.038862213,0.7925778,0.63001,-2.195467,-2.122105,-0.3545453,-0.74763834,-0.51148635,1.424074,0.37459478,-0.056021813,-0.4801191,-0.55003965,-1.4326005,0.64448136,0.14140846,1.6161788,-0.8380791,-1.9666723,-0.6259801,-1.4148734,-2.3000507,-0.6473701,-1.8361835,-0.97000414,-0.92901987,-0.7505645,-0.78366125,-0.38823992,0.20721935,-0.71375805,0.68768066,-1.3750774,-1.645384,-1.0919224,-1.5853149,-0.88547325,-0.22411597,-0.26768458,0.47309718,-0.33785996,-2.7500796,-2.5649009,-0.9435911,-0.8017914
-0.5010783,-2.1853077,-0.84960544,1.180518,-0.12477254,0.69817996,0.8787972,1.0467882,-0.61228704,-0.9556436,0.51787615,-1.0009768,0.7394698,0.37955078,0.71856636,-1.1022472,-2.29471,-0.07164639,-1.5701064,-0.6725525,-1.3054707,-0.64950776,-1.2544731,-0.10885581,-0.5706554,-0.8999387,-0.15275703,0.70904094,-1.8518952,0.78050923,-1.1554676,-1.235742,-0.8678075,-1.7846863,-1.0576785,-1.217993,-0.26899529,0.018394955,0.25450173,-1.1541964,-0.078204796,0.24658442,0.638641,-2.059248,-1.9800998,-0.35672972,-0.6533151,-0.62170607,1.2332209,0.24072921,-0.34850717,-0.6651599,-0.658332,-1.4645263,0.32566577,-0.11615497,1.3410201,-0.8025254,-1.9216182,-0.7074867,-1.2468228,-2.180886,-0.984575,-1.9261942,-1.0133282,-0.949185,-0.82944757,-1.0272117,-0.69890624,-0.0955108,-0.95946676,0.4326546,-1.4755234,-1.5958624,-1.1811624,-1.5911797,-0.8982659,-0.2812669,-0.45504022,0.18794936,-0.4028268,-2.8835816,-2.4814172,-1.2050939,-1.0737432
-0.58684415,-1.8279148,-0.6980084,0.88673353,-0.093211144,0.56226075,0.68634033,0.90606606,-0.6921898,-1.0978918,0.29900807,-1.3183945,0.4954304,0.3785344,0.3128222,-0.9377239,-1.922916,-0.2722563,-1.3392053,-0.8756091,-1.4463254,-0.6854791,-1.3027244,-0.13461912,-0.5674053,-0.8293939,-0.66277385,0.39562035,-1.8115264,0.44124326,-1.1188415,-1.088335,-0.6713217,-1.5870523,-0.96174735,-0.83290774,-0.39961478,0.06945141,0.32492107,-1.0300051,-0.097515814,-0.30756804,0.6198755,-1.8165581,-1.6786232,-0.3691716,-0.55407536,-0.7204769,0.9919467,0.07336292,-0.622209,-0.84199715,-0.7119306,-1.3946265,-0.017769206,-0.37769705,1.0235639,-0.699274,-1.7416071,-0.7551391,-1.0701395,-1.9409217,-1.3157064,-1.9382751,-1.063892,-0.8785423,-0.79941136,-1.2237415,-0.9207349,-0.36180678,-1.1643741,0.1662931,-1.4639486,-1.4318718,-1.2200451,-1.4972507,-0.8395122,-0.2572642,-0.5690007,-0.12718248,-0.44827518,-2.8398323,-2.2842932,-1.4150914,-1.2824832
-0.62595916,-1.4121945,-0.53214943,0.5704738,-0.11481583,0.39485,0.4848678,0.7271872,-0.7673024,-1.1937158,0.08997444,-1.5042273,0.2669208,0.33262065,-0.03843197,-0.7753561,-1.4641178,-0.41623145,-1.068531,-0.9039291,-1.570905,-0.6938537,-1.3470699,-0.12231772,-0.4895787,-0.7459228,-1.1003467,0.0452421,-1.7332977,0.10114787,-1.0134299,-0.8491432,-0.48723057,-1.2741648,-0.82583094,-0.39024028,-0.44986576,0.05241517,0.40596262,-0.8593683,-0.09227974,-0.8183102,0.5610174,-1.4879128,-1.2532041,-0.39690456,-0.46905088,-0.81214714,0.70896614,-0.12100533,-0.85418206,-1.0000837,-0.71479,-1.2350744,-0.35456005,-0.61591977,0.6781381,-0.5576722,-1.4606408,-0.75808066,-0.89479905,-1.6057584,-1.6069022,-1.8706224,-1.127282,-0.73945427,-0.6892785,-1.3679768,-1.0429399,-0.5798962,-1.3180414,-0.087676644,-1.3539888,-1.1632795,-1.197468,-1.3046004,-0.7186475,-0.16808698,-0.62206596,-0.44636545,-0.4712834,-2.6334534,-2.0027385,-1.5362544,-1.4109735
-0.62189215,-0.96040845,-0.3690601,0.23078415,-0.20011617,0.19200791,0.27265066,0.5157744,-0.83998054,-1.2456048,-0.11068948,-1.5489786,0.05224444,0.24437255,-0.32438067,-0.64198065,-0.9666835,-0.48257652,-0.7685447,-0.75892544,-1.6676686,-0.6755308,-1.3821617,-0.08587772,-0.36660206,-0.6573637,-1.441248,-0.31649628,-1.6325985,-0.21319649,-0.85486573,-0.5414111,-0.3245646,-0.8710549,-0.6576994,0.05898492,-0.43134138,-0.040604774,0.48403856,-0.6615331,-0.067924805,-1.2355022,0.451264,-1.0955899,-0.7486824,-0.438694,-0.41555652,-0.90258074,0.39465395,-0.33130014,-1.028107,-1.1264049,-0.679017,-1.0084553,-0.65478235,-0.80009884,0.3184184,-0.40921247,-1.1203254,-0.7163379,-0.7280913,-1.2137723,-1.8285439,-1.7321863,-1.2025292,-0.5637846,-0.53974205,-1.458174,-1.0685498,-0.7449671,-1.4144279,-0.3084934,-1.1671557,-0.81008554,-1.1081817,-1.0249811,-0.5524005,-0.041681763,-0.6345186,-0.74369514,-0.46925446,-2.2973294,-1.6709354,-1.5397196,-1.4471161
-0.5848107,-0.49628344,-0.22109224,-0.1339841,-0.35205823,-0.047405843,0.045654476,0.28047487,-0.91124517,-1.257833,-0.30730805,-1.4618345,-0.15460178,0.12466093,-0.5444873,-0.55494976,-0.47542188,-0.46599025,-0.45254022,-0.47322065,-1.7259635,-0.6362995,-1.4045148,-0.045631237,-0.23251364,-0.5754969,-1.6743659,-0.66484064,-1.5222532,-0.48022527,-0.65951306,-0.1982157,-0.1895802,-0.41558582,-0.46886128,0.46469036,-0.36368,-0.20391226,0.54642385,-0.45972228,-0.038093615,-1.5165011,0.28437874,-0.66181475,-0.21324953,-0.4884614,-0.40695253,-0.99800074,0.061252285,-0.54365444,-1.1364268,-1.2080078,-0.62231565,-0.74447453,-0.89505297,-0.9013338,-0.04387831,-0.282629,-0.76343167,-0.6407144,-0.575132,-0.81177056,-1.9593325,-1.5423983,-1.2826219,-0.38798568,-0.39528745,-1.4964341,-1.0129731,-0.8588669,-1.4526328,-0.4815715,-0.92930925,-0.4020507,-0.9549734,-0.6814419,-0.36325994,0.08642336,-0.63003755,-0.99865925,-0.44060576,-1.8776945,-1.3226331,-1.4111537,-1.3873825
-0.5296669,-0.043289203,-0.09582256,-0.5242649,-0.5660047,-0.32004777,-0.20036098,0.032068674,-0.980154,-1.2361901,-0.50532156,-1.2692363,-0.36201352,-0.0087938765,-0.70655376,-0.5202452,-0.026747992,-0.37586802,-0.13620883,-0.10178514,-1.7363205,-0.58638924,-1.4140087,-0.024834907,-0.11985828,-0.51425725,-1.8016078,-0.97841007,-1.410012,-0.6860756,-0.44304565,0.14135931,-0.086290866,0.046061788,-0.27468896,0.7846187,-0.27027425,-0.4182762,0.5831972,-0.27804205,-0.020608021,-1.6325408,0.06019452,-0.20791851,0.3072864,-0.53860873,-0.45072064,-1.1035931,-0.2780422,-0.74324,-1.18062,-1.2346537,-0.56427586,-0.47605333,-1.0618775,-0.8980183,-0.39981833,-0.19937661,-0.42788893,-0.5499554,-0.43841508,-0.44768488,-1.9898665,-1.3282104,-1.3566148,-0.2468941,-0.29592517,-1.4882994,-0.9013946,-0.9288995,-1.4358883,-0.60016656,-0.6668453,0.02321825,-0.74973565,-0.3068668,-0.1770715,0.17947637,-0.6313111,-1.1997604,-0.38586482,-1.4268513,-0.9870408,-1.1559119,-1.2394347
-0.47428396,0.37716103,0.0035336558,-0.93710774,-0.8303348,-0.61723495,-0.46815392,-0.21753962,-1.0442725,-1.1871688,-0.70863587,-1.0099146,-0.5786039,-0.13451537,-0.8235422,-0.5325319,0.35428843,-0.23294264,0.16388646,0.29142016,-1.692624,-0.53771555,-1.4131074,-0.045259874,-0.054417152,-0.48675442,-1.8360413,-1.2413797,-1.297269,-0.82553405,-0.21894437,0.43679038,-0.016998474,0.46521217,-0.09357905,0.9898385,-0.17431061,-0.65396154,0.5886431,-0.1375065,-0.03256932,-1.5736493,-0.21416108,0.24605663,0.77434236,-0.5820127,-0.5473418,-1.2219905,-0.6097424,-0.91660166,-1.1696676,-1.201593,-0.52272326,-0.23527049,-1.1534017,-0.78108966,-0.74307936,-0.17056586,-0.1422186,-0.4654806,-0.31819624,-0.1636214,-1.923141,-1.1185484,-1.4119672,-0.16856016,-0.26960555,-1.4422174,-0.7643125,-0.9660641,-1.3712951,-0.66626936,-0.40353444,0.42383277,-0.5128621,0.059675515,-0.020028355,0.20551896,-0.65640503,-1.3456581,-0.30819678,-0.99473304,-0.6860261,-0.8014008,-1.0216212
-0.43540823,0.7475099,0.07672171,-1.3647461,-1.1277812,-0.9255155,-0.75690097,-0.4569883,-1.1003027,-1.1184525,-0.91787875,-0.7291793,-0.8103761,-0.23049678,-0.91014826,-0.5768826,0.6547216,-0.063405745,0.4310737,0.6464159,-1.5929011,-0.50168794,-1.4064977,-0.123153284,-0.051430576,-0.50243104,-1.7981263,-1.4445227,-1.1792848,-0.9018788,0.0015024001,0.65162694,0.017529676,0.79742736,0.055147797,1.068111,-0.095221035,-0.8758507,0.5621684,-0.05262984,-0.08555451,-1.3509493,-0.52493405,0.68159395,1.1596887,-0.61430454,-0.6895481,-1.3523153,-0.9218967,-1.0536709,-1.1175339,-1.1111082,-0.5110423,-0.049151856,-1.1785362,-0.55717915,-1.0687479,-0.19634995,0.07709216,-0.40531334,-0.21287687,0.011139745,-1.7742151,-0.9380507,-1.4375055,-0.1698528,-0.32740253,-1.36896,-0.6332875,-0.9830782,-1.268232,-0.6895902,-0.15798087,0.7584628,-0.27101788,0.37792972,0.08471531,0.14320031,-0.71664,-1.4434556,-0.2135262,-0.62167925,-0.43265432,-0.3957389,-0.7608601
-0.42739385,1.0556499,0.12523785,-1.7936862,-1.4370666,-1.2281716,-1.061374,-0.676777,-1.1454173,-1.0380491,-1.1294234,-0.47184384,-1.0587655,-0.27831072,-0.9797056,-0.6321728,0.872592,0.10728589,0.6504244,0.91824967,-1.4405059,-0.48611912,-1.3991067,-0.26584956,-0.11414865,-0.5645416,-1.7120425,-1.5855571,-1.0466919,-0.9252996,0.20903665,0.7585515,0.017470654,1.0088046,0.15380901,1.0246964,-0.04662035,-1.049453,0.5080868,-0.028902238,-0.18307033,-0.99540323,-0.8531362,1.0814918,1.4469388,-0.6342495,-0.86333793,-1.4894617,-1.2053337,-1.1492302,-1.0400453,-0.973006,-0.5362294,0.0636218,-1.1541743,-0.24899824,-1.3716353,-0.266921,0.22591019,-0.37875953,-0.119707264,0.06443678,-1.5672996,-0.80104387,-1.4257054,-0.25484383,-0.46226218,-1.2804613,-0.53626734,-0.9928312,-1.1375089,-0.6854055,0.057309005,0.99165595,-0.053376682,0.6123415,0.11999647,-0.014823204,-0.8156479,-1.5051068,-0.11004999,-0.3325409,-0.23201735,-0.0017325882,-0.48855543
-0.45849442,1.295797,0.15115133,-2.2048368,-1.7347584,-1.5075265,-1.3711574,-0.8705462,-1.1782815,-0.9546156,-1.3359461,-0.27589396,-1.3189873,-0.26624677,-1.0421627,-0.675823,1.0142682,0.25908178,0.8090804,1.082904,-1.244414,-0.4933134,-1.3944799,-0.47019207,-0.2347975,-0.66850233,-1.6016358,-1.6679553,-0.8886176,-0.91080475,0.3953749,0.7432883,-0.016113136,1.0803727,0.18909016,0.880285,-0.035522234,-1.1470717,0.43502542,-0.0616539,-0.31935227,-0.5531413,-1.1769392,1.430311,1.6309531,-0.64422196,-1.0494726,-1.6244539,-1.4549907,-1.203463,-0.952097,-0.803447,-0.598467,0.094705366,-1.1007637,0.107037194,-1.6447322,-0.36565152,0.3108577,-0.38392055,-0.03542619,0.0033725833,-1.3322629,-0.707494,-1.3741726,-0.4147433,-0.6510885,-1.188789,-0.49429262,-1.0065799,-0.9903592,-0.6719168,0.23589854,1.0987843,0.112420864,0.7373521,0.07698761,-0.26066402,-0.94998544,-1.5424514,-0.007223045,-0.1344843,-0.08261523,0.31308657,-0.23590997
-0.53134155,1.468671,0.15675424,-2.5746815,-1.9972063,-1.7475364,-1.671349,-1.0355041,-1.1994449,-0.87610584,-1.5273335,-0.16715015,-1.580166,-0.19152091,-1.1031337,-0.6881636,1.0909196,0.38053948,0.8974527,1.1380029,-1.0188295,-0.5194488,-1.3929777,-0.72295105,-0.39725837,-0.8013869,-1.4875569,-1.6997536,-0.69547135,-0.87545633,0.55276144,0.6064956,-0.08127395,1.0103493,0.15439703,0.66671896,-0.063081875,-1.1526111,0.35392994,-0.13775893,-0.48114204,-0.0781734,-1.4741254,1.7145847,1.7157166,-0.64821094,-1.2258276,-1.7452447,-1.6699963,-1.2216321,-0.86518925,-0.6229706,-0.69221896,0.047084723,-1.0381852,0.46666446,-1.8780742,-0.47261915,0.34600133,-0.40812117,0.042332377,-0.14675848,-1.0998054,-0.6426659,-1.2859281,-0.63054943,-0.8604698,-1.1049833,-0.51921177,-1.0330462,-0.8373277,-0.6668788,0.37623504,1.0698214,0.20481966,0.7412543,-0.043703493,-0.57256323,-1.1101246,-1.5629067,0.08517512,-0.018147001,0.021275494,0.489023,-0.029539155
-0.64127016,1.5808014,0.14440235,-2.877491,-2.2022326,-1.9358897,-1.9437939,-1.1723098,-1.2107531,-0.8088504,-1.6927052,-0.15635026,-1.8263804,-0.060982663,-1.164146,-0.6565307,1.1151202,0.4684047,0.9105288,1.0990869,-0.78111243,-0.55474573,-1.3908145,-1.0030981,-0.58119625,-0.9429348,-1.3854963,-1.6912212,-0.4625138,-0.83592135,0.67364377,0.36331317,-0.17494263,0.8135866,0.051073663,0.42148617,-0.12558615,-1.0642945,0.27650103,-0.2382857,-0.65037763,0.37618768,-1.7246482,1.9236605,1.7112474,-0.6508703,-1.3703319,-1.8385106,-1.8530061,-1.212662,-0.7861673,-0.4529798,-0.80762935,-0.06545925,-0.9823023,0.78462625,-2.058604,-0.5687444,0.34883294,-0.43178695,0.114783406,-0.34696728,-0.89696664,-0.57991374,-1.168839,-0.87705576,-1.0539987,-1.0379835,-0.61304396,-1.0775578,-0.6880055,-0.6848773,0.4798994,0.91059154,0.2114627,0.6279051,-0.23226525,-0.9183927,-1.2825748,-1.5661305,0.15785195,0.03797,0.087430835,0.48705417,0.111250706
-0.77847165,1.6434215,0.116865315,-3.08862,-2.3312333,-2.065407,-2.1693492,-1.2838715,-1.2140512,-0.75609577,-1.8224357,-0.23821844,-2.0393167,0.110078126,-1.2238786,-0.57747537,1.0982027,0.5258268,0.8490714,0.9928065,-0.54951096,-0.585771,-1.379638,-1.2851019,-0.76601255,-1.0676143,-1.3053263,-1.653073,-0.19130619,-0.8061813,0.7509159,0.040811535,-0.2925154,0.51852185,-0.111555636,0.18207473,-0.21643394,-0.89471596,0.21255209,-0.34335607,-0.8076519,0.7654856,-1.9125264,2.0505683,1.6304317,-0.655999,-1.4640138,-1.8916857,-2.0089173,-1.1870787,-0.716893,-0.31210208,-0.93307805,-0.22072399,-0.94331306,1.0221306,-2.17165,-0.63900894,0.3363648,-0.43440756,0.18103166,-0.5506509,-0.7429656,-0.4867382,-1.0334512,-1.1271814,-1.2001978,-0.9936,-0.7684037,-1.1417472,-0.55028784,-0.7349724,0.5498277,0.64191943,0.13142091,0.4156976,-0.47121626,-1.2603804,-1.4515816,-1.5432217,0.20293511,0.060682647,0.12398205,0.29839894,0.17602514
-0.92847216,1.6706444,0.07764492,-3.1881535,-2.370651,-2.134507,-2.3301897,-1.3736018,-1.20985,-0.71681386,-1.9098992,-0.393017,-2.2013137,0.29996398,-1.2797308,-0.4570333,1.0486912,0.5588944,0.72081715,0.8497293,-0.3399057,-0.5981362,-1.3473102,-1.5429672,-0.93466616,-1.148106,-1.2513868,-1.5944368,0.10939748,-0.7961099,0.77917725,-0.32628658,-0.42779493,0.1621074,-0.31723633,-0.019252509,-0.32749766,-0.66828036,0.16822995,-0.43662575,-0.93567145,1.0598388,-2.0275698,2.09302,1.4861921,-0.66568655,-1.4933528,-1.8948771,-2.1427925,-1.1544476,-0.6549569,-0.21310528,-1.0574317,-0.39168364,-0.9256469,1.1528187,-2.203777,-0.67483085,0.32172737,-0.4008476,0.23832744,-0.7113085,-0.6467877,-0.33254603,-0.8911656,-1.3563018,-1.2793463,-0.9736655,-0.9703076,-1.2236382,-0.43016243,-0.81964254,0.58889943,0.29641166,-0.024946282,0.134481,-0.7378076,-1.5605162,-1.6008718,-1.4781184,0.21425661,0.07501531,0.1383894,-0.05087509,0.16327187
-1.0745252,1.6778421,0.031166207,-3.1642463,-2.313584,-2.1466112,-2.4128535,-1.4437108,-1.1958718,-0.6852152,-1.9529335,-0.59039444,-2.2987988,0.4840609,-1.3295149,-0.30889222,0.972007,0.57317114,0.54145736,0.6979828,-0.1627523,-0.5797008,-1.2795902,-1.7539479,-1.0758697,-1.1591989,-1.2235824,-1.522109,0.42465404,-0.8104468,0.75591034,-0.70070773,-0.57275414,-0.21533786,-0.54505175,-0.15875429,-0.4504021,-0.41707423,0.14466698,-0.5085027,-1.0210338,1.246904,-2.0658803,2.054014,1.2901113,-0.6801229,-1.4520429,-1.8427391,-2.2580762,-1.1215419,-0.5951017,-0.16061538,-1.171382,-0.5507764,-0.92945826,1.1666336,-2.14612,-0.67471594,0.31220502,-0.32618672,0.2825782,-0.7897466,-0.60651946,-0.09654452,-0.7513314,-1.545221,-1.287083,-0.97563213,-1.198831,-1.318075,-0.33128548,-0.9345404,0.5990626,-0.08643678,-0.2373381,-0.17955142,-1.0069458,-1.7858901,-1.7150209,-1.3513068,0.18792091,0.09847926,0.13700786,-0.50229305,0.07924155
-1.199765,1.6797187,-0.017413601,-3.0159874,-2.160769,-2.1091063,-2.410507,-1.4937333,-1.1666986,-0.65166867,-1.9540495,-0.79428905,-2.325291,0.6383294,-1.3725703,-0.15137443,0.8715795,0.5718065,0.33431095,0.5592082,-0.021207118,-0.5234956,-1.1628377,-1.9012398,-1.1848358,-1.0824201,-1.2180501,-1.4400085,0.73611903,-0.8486784,0.6829424,-1.0476058,-0.71794945,-0.5758317,-0.77190113,-0.22292933,-0.5766071,-0.17501336,0.13749564,-0.55772483,-1.056005,1.3312838,-2.0299642,1.9422824,1.0523564,-0.6977884,-1.3416876,-1.7353119,-2.355308,-1.0906955,-0.5310846,-0.15062319,-1.2690884,-0.6744982,-0.95258397,1.0701509,-1.9984045,-0.64398956,0.30859703,-0.2178322,0.30930772,-0.7600576,-0.61051303,0.2264049,-0.6201619,-1.6819822,-1.2349367,-0.9926614,-1.4319236,-1.4175384,-0.25498173,-1.0696713,0.5815311,-0.46585435,-0.4789036,-0.48936206,-1.254377,-1.9128053,-1.7808218,-1.1451844,0.12279177,0.13795188,0.12520568,-0.97442335,-0.063413404
-1.2886409,1.688613,-0.06271443,-2.7544842,-1.921208,-2.031764,-2.3246732,-1.5200242,-1.1145556,-0.6042165,-1.919943,-0.96851504,-2.2825296,0.74244183,-1.4105895,-0.004041681,0.75038075,0.5547478,0.12792733,0.44695556,0.08897126,-0.42929563,-0.98731846,-1.9757445,-1.2625746,-0.90956473,-1.2286378,-1.3493755,1.0245001,-0.90551233,0.5674606,-1.338676,-0.8530519,-0.8877686,-0.9752298,-0.20830584,-0.69777876,0.027487915,0.137927,-0.5896562,-1.038087,1.3311793,-1.9276724,1.7717918,0.7826102,-0.71592885,-1.171211,-1.57818,-2.4313755,-1.0594374,-0.45764837,-0.17140943,-1.347874,-0.74761355,-0.99229425,0.88459027,-1.7713506,-0.5931876,0.30603945,-0.09388766,0.31429553,-0.61324805,-0.640631,0.6227921,-0.49925342,-1.7619319,-1.1471035,-1.0143838,-1.6481733,-1.5127915,-0.2000854,-1.2111809,0.5372084,-0.8050589,-0.72028327,-0.7622948,-1.458973,-1.9296004,-1.7878972,-0.8499373,0.0207764,0.18938765,0.107364275,-1.3774863,-0.2473022
-1.3290716,1.713111,-0.0997064,-2.4022553,-1.6118408,-1.9253926,-2.1657264,-1.5161464,-1.030962,-0.53138804,-1.8597507,-1.0829691,-2.1800852,0.78243405,-1.4473289,0.11591541,0.61301565,0.5198956,-0.046637904,0.36751822,0.1789289,-0.30423898,-0.7502683,-1.9762087,-1.3138294,-0.6459042,-1.2477145,-1.2500114,1.273293,-0.97186476,0.42193082,-1.5549524,-0.96773255,-1.1285336,-1.135381,-0.12017914,-0.8052531,0.168063,0.13458396,-0.6126896,-0.9699701,1.2735429,-1.7706989,1.560796,0.4922318,-0.73093504,-0.95589757,-1.3816754,-2.4798045,-1.0210854,-0.37161684,-0.20607373,-1.4082257,-0.76522243,-1.0461684,0.64117324,-1.4876362,-0.5356427,0.29603758,0.02133932,0.29479194,-0.35846472,-0.6762401,1.061207,-0.38626868,-1.786686,-1.0546814,-1.0281503,-1.8290899,-1.594038,-0.16294031,-1.3437116,0.4680706,-1.0754597,-0.93369704,-0.9741372,-1.604989,-1.8377713,-1.729832,-0.4688178,-0.11252531,0.24117017,0.08707558,-1.6306411,-0.4522616
-1.313641,1.7569658,-0.12396446,-1.9907573,-1.2564,-1.8005148,-1.9518214,-1.4743059,-0.90908563,-0.42512128,-1.7835165,-1.1179136,-2.0334005,0.7519869,-1.48799,0.19610237,0.4670611,0.46530792,-0.16105331,0.32160252,0.26326418,-0.1620959,-0.4581167,-1.9087598,-1.3447932,-0.31124046,-1.2668389,-1.1409245,1.4707884,-1.0364003,0.2634885,-1.6878779,-1.0526069,-1.2855318,-1.2376963,0.029913278,-0.8898299,0.23521504,0.116089456,-0.6332619,-0.8582833,1.1883262,-1.5720737,1.3300472,0.19552219,-0.7384381,-0.7151997,-1.1600791,-2.4920466,-0.9663951,-0.27309948,-0.23623538,-1.452516,-0.73375607,-1.1120948,0.3755972,-1.1799383,-0.48491734,0.26922888,0.104075976,0.2501575,-0.021359695,-0.69928616,1.4966613,-0.2758492,-1.7625782,-0.9885031,-1.0209543,-1.9607525,-1.6519545,-0.1380886,-1.4527996,0.37818298,-1.2592908,-1.0970325,-1.111311,-1.6828738,-1.6509174,-1.604598,-0.021140022,-0.26753673,0.27844664,0.06698425,-1.6781691,-0.6567673
-1.2397172,1.8184035,-0.13179581,-1.55609,-0.88339174,-1.666721,-1.7067116,-1.3872125,-0.7459426,-0.28308955,-1.6995404,-1.0675141,-1.860311,0.65251446,-1.5379392,0.22983693,0.32391524,0.39161447,-0.19385241,0.30689666,0.35667413,-0.02135799,-0.12756844,-1.7856065,-1.3606045,0.061560523,-1.2777127,-1.0214198,1.6119123,-1.0867965,0.11231457,-1.7386866,-1.1003561,-1.3559116,-1.2736495,0.22626081,-0.94185483,0.22983243,0.07419372,-0.6516256,-0.7130183,1.1035628,-1.34427,1.1007713,-0.0892326,-0.73330945,-0.4703869,-0.92986643,-2.4591796,-0.88557225,-0.1652178,-0.24561077,-1.4839087,-0.66898584,-1.187189,0.12212297,-0.88708407,-0.4524286,0.21821468,0.13776964,0.18160717,0.35958892,-0.69753903,1.8776667,-0.16183837,-1.698528,-0.97268856,-0.9813979,-2.0348194,-1.6785069,-0.118482776,-1.5269469,0.27449036,-1.3502755,-1.1960744,-1.1710778,-1.6897333,-1.3926332,-1.4154029,0.4574918,-0.4308668,0.288965,0.048156034,-1.5014057,-0.8399504
-1.110291,1.8901752,-0.120430805,-1.1343958,-0.5231499,-1.5322273,-1.4563737,-1.2501354,-0.54408497,-0.10989198,-1.6134719,-0.9410808,-1.6777817,0.49263385,-1.6012632,0.21663411,0.19856873,0.3042741,-0.13490123,0.3197402,0.4705021,0.09751609,0.21511777,-1.6229495,-1.3635911,0.42982355,-1.2729435,-0.89144796,1.6984489,-1.1115206,-0.010719828,-1.716882,-1.1062583,-1.3450992,-1.2416865,0.45111892,-0.9517978,0.16393459,0.0058233445,-0.6595138,-0.5462807,1.0417424,-1.0973667,0.8922742,-0.34065554,-0.7099453,-0.24251485,-0.708709,-2.3742316,-0.77074534,-0.053119414,-0.22309749,-1.505202,-0.592655,-1.2661976,-0.091233045,-0.6479009,-0.44549412,0.14034611,0.118649825,0.09278592,0.738749,-0.6671714,2.1543007,-0.039333735,-1.6044239,-1.0194874,-0.9017043,-2.0484211,-1.6676797,-0.09638648,-1.5589622,0.16732535,-1.3525628,-1.2261306,-1.1601925,-1.6287221,-1.0925313,-1.1706425,0.91869235,-0.58616227,0.26677248,0.030235674,-1.1237409,-0.9833615
-0.93325686,1.9602503,-0.08799121,-0.7570449,-0.20464443,-1.4038247,-1.2252196,-1.0628419,-0.31211168,0.08278421,-1.5273335,-0.7612687,-1.499211,0.28608823,-1.6794894,0.16123614,0.10787377,0.21415186,0.012313278,0.35608745,0.60958135,0.1748545,0.5372536,-1.4396354,-1.3527867,0.7469771,-1.2470945,-0.75219953,1.7380371,-1.1010544,-0.08648953,-1.6374805,-1.06872,-1.2650554,-1.1472254,0.6865676,-0.9114485,0.058215853,-0.08540905,-0.641087,-0.37152085,1.0173001,-0.8388811,0.7199425,-0.53684807,-0.6630272,-0.050234456,-0.5140394,-2.2339654,-0.6176581,0.057007533,-0.16468628,-1.5178564,-0.5275786,-1.3405707,-0.24618001,-0.49455014,-0.46614438,0.039139803,0.058081456,-0.0109987445,1.0700798,-0.6126762,2.2862709,0.093146846,-1.489896,-1.1270036,-0.779281,-2.0040555,-1.6161648,-0.06448727,-1.5464892,0.0695895,-1.2786527,-1.1916611,-1.0923471,-1.5084361,-0.782162,-0.88333553,1.3076859,-0.7156496,0.21498995,0.011091677,-0.60731155,-1.0731384
-0.7208159,2.0133336,-0.034063168,-0.44698972,0.047928587,-1.2867227,-1.0327215,-0.83029556,-0.06404003,0.27821988,-1.4400792,-0.56109816,-1.3328205,0.04997927,-1.7701823,0.07248081,0.06832332,0.13688923,0.2299205,0.41137892,0.77144593,0.19463874,0.80392754,-1.2549751,-1.3243264,0.9693376,-1.1975904,-0.6057084,1.7427765,-1.0489599,-0.10049839,-1.5184195,-0.98951185,-1.1321377,-1.0019426,0.9153183,-0.8157736,-0.061926197,-0.1895283,-0.57741374,-0.20247741,1.0353965,-0.5742702,0.59356064,-0.65889114,-0.588946,0.091811486,-0.36185405,-2.040747,-0.4275003,0.15979634,-0.074201345,-1.5218109,-0.49282008,-1.3982048,-0.33564475,-0.44668603,-0.5112378,-0.07521967,-0.018290844,-0.12290458,1.3137234,-0.544786,2.249484,0.23246808,-1.3629588,-1.2798394,-0.61748016,-1.9089482,-1.5235757,-0.016426504,-1.4917625,-0.0044322726,-1.1464709,-1.1047904,-0.98515946,-1.3415525,-0.49076366,-0.57032144,1.5722928,-0.80256957,0.14563835,-0.012394258,-0.042251524,-1.1013165
-0.4887577,2.0332043,0.03953874,-0.21698657,0.2177109,-1.1847055,-0.8906534,-0.56312126,0.18246107,0.4572069,-1.3490586,-0.37787232,-1.1823078,-0.19753079,-1.8662002,-0.038261246,0.092915796,0.090279706,0.48806348,0.47912866,0.9469225,0.14675188,0.98347276,-1.0871655,-1.273335,1.0631223,-1.1257664,-0.45460376,1.7267182,-0.9525514,-0.044828374,-1.3778007,-0.87347364,-0.9653172,-0.8225548,1.1216604,-0.6646082,-0.17177334,-0.2921378,-0.45214966,-0.052600894,1.091917,-0.30854565,0.51641643,-0.69512796,-0.48808149,0.17405705,-0.26547667,-1.8032905,-0.2070912,0.25179696,0.03774832,-1.5156662,-0.4990215,-1.4240602,-0.3636612,-0.5071604,-0.57299703,-0.1869074,-0.07503525,-0.23506619,1.4424437,-0.4767293,2.0399241,0.37082022,-1.2300755,-1.4520547,-0.42555404,-1.7739382,-1.3927048,0.051822968,-1.400673,-0.04113262,-0.9762835,-0.9828928,-0.8572279,-1.1436422,-0.24196501,-0.25060937,1.6717451,-0.83381534,0.077038065,-0.04353779,0.4700039,-1.067543
-0.25442672,2.0051074,0.1276573,-0.06963876,0.29700992,-1.100028,-0.8018556,-0.27663594,0.40862325,0.60156524,-1.2519002,-0.24697009,-1.0479773,-0.43881002,-1.9561499,-0.1584339,0.18818307,0.090332195,0.7486037,0.54996085,1.1220045,0.028439851,1.0525749,-0.95185,-1.1966064,1.010546,-1.0369165,-0.30230853,1.70369,-0.81348795,0.08007387,-1.2318337,-0.72798324,-0.78431773,-0.6289705,1.2917416,-0.464677,-0.25225127,-0.37749293,-0.25829008,0.0662435,1.1739608,-0.047776964,0.4852747,-0.64462733,-0.3664173,0.19286825,-0.23428166,-1.536619,0.03130395,0.33207846,0.15574265,-1.4972322,-0.5465656,-1.4030977,-0.34349158,-0.6609235,-0.64088625,-0.2768559,-0.074366726,-0.3390427,1.445663,-0.4202373,1.6746408,0.4968592,-1.0955764,-1.6123997,-0.21789475,-1.612787,-1.2294815,0.14158586,-1.281631,-0.029840205,-0.7881439,-0.8458508,-0.72580487,-0.93183947,-0.051371243,0.056319892,1.5848455,-0.80269134,0.030167945,-0.084273055,0.83495,-0.9791776
-0.036244147,1.9188119,0.22118774,0.00056405226,0.28757152,-1.0332607,-0.76048255,0.010469821,0.59740585,0.6969024,-1.1483947,-0.19563954,-0.9290462,-0.6583476,-2.0254183,-0.2758582,0.35200226,0.14738688,0.97046065,0.6103255,1.2813045,-0.15495785,1.0005981,-0.8604947,-1.0948433,0.81339645,-0.94034046,-0.15284091,1.6848996,-0.63761467,0.26519394,-1.0933131,-0.5626613,-0.6079126,-0.4421064,1.4141301,-0.23021376,-0.29369217,-0.4320059,-0.0029659502,0.14416008,1.2613392,0.19923773,0.4912453,-0.51878554,-0.23677509,0.15059648,-0.27257732,-1.2610252,0.27098054,0.4021742,0.2626962,-1.4643795,-0.62458074,-1.322853,-0.29480818,-0.87746316,-0.70314354,-0.32590622,0.015456298,-0.42658502,1.3310462,-0.38179943,1.1897402,0.59724575,-0.9620468,-1.7301174,-0.012470284,-1.4407437,-1.0429711,0.25068963,-1.1441842,0.035034716,-0.60000426,-0.7132686,-0.60499334,-0.72350985,0.07377604,0.33188173,1.3143046,-0.7106584,0.0239263,-0.13361326,0.98225933,-0.8510906
0.14820626,1.77077,0.3069505,0.0044256407,0.19976154,-0.9831075,-0.75377226,0.2780707,0.7358124,0.735535,-1.0416808,-0.2373495,-0.82542735,-0.84323996,-2.0585663,-0.37959468,0.572812,0.262441,1.1158227,0.64294815,1.41052,-0.39051402,0.83162844,-0.8194591,-0.9746775,0.49340093,-0.8479613,-0.011062488,1.6774838,-0.43480548,0.4937618,-0.9708784,-0.38860402,-0.45241943,-0.28128317,1.4801638,0.017204147,-0.29813415,-0.4480201,0.2914204,0.17408735,1.3292266,0.42091617,0.52136123,-0.34061828,-0.11834005,0.055845752,-0.3781696,-0.99979,0.493083,0.46482223,0.34288055,-1.416013,-0.71346754,-1.1776091,-0.2398252,-1.116131,-0.74900323,-0.31834772,0.21189569,-0.49033937,1.1226103,-0.36083335,0.63585985,0.65972364,-0.83084387,-1.7804812,0.17136584,-1.2731103,-0.8447314,0.37351748,-0.998043,0.15258875,-0.42641258,-0.60191613,-0.5048571,-0.535006,0.1341228,0.5598499,0.8874816,-0.56838876,0.070449665,-0.18658489,0.8775559,-0.70379806
0.28421152,1.565789,0.3688054,-0.045254346,0.05049278,-0.9464321,-0.7648051,0.506623,0.8166968,0.71697617,-0.9381056,-0.3692448,-0.7387303,-0.983721,-2.0422606,-0.4613983,0.83036345,0.42562684,1.1562495,0.6290129,1.4991953,-0.6586692,0.56429356,-0.8293466,-0.8487143,0.08956758,-0.77217895,0.116974644,1.6833942,-0.2183704,0.7430384,-0.86839706,-0.21773392,-0.3302745,-0.16183127,1.4844071,0.25034717,-0.2782237,-0.42553553,0.5899086,0.15261465,1.3516117,0.60350436,0.5608145,-0.1416698,-0.033716466,-0.077328995,-0.54196334,-0.7764847,0.6784811,0.5229798,0.3848231,-1.3521327,-0.7885734,-0.9706107,-0.19976224,-1.3335296,-0.77003664,-0.24509189,0.512625,-0.5249982,0.85556304,-0.3496015,0.07170226,0.6752861,-0.70274335,-1.7491176,0.31524342,-1.1238608,-0.64842516,0.5012203,-0.85210484,0.3147196,-0.2779275,-0.52382547,-0.43080473,-0.38004673,0.13623069,0.7270644,0.35253343,-0.39471102,0.17239651,-0.23355676,0.52733684,-0.5608911
0.36076683,1.3175701,0.38997552,-0.13606676,-0.13906655,-0.91823226,-0.7754674,0.6791424,0.83954865,0.648314,-0.84568995,-0.57196015,-0.6720871,-1.0731623,-1.9684515,-0.51593405,1.0983659,0.6170513,1.0764856,0.5515663,1.5416095,-0.93508655,0.22953907,-0.88430834,-0.7340825,-0.34736085,-0.72362864,0.224127,1.6994525,-0.0038310594,0.9874018,-0.7852518,-0.06191458,-0.24852769,-0.09282302,1.4248611,0.43951026,-0.2542371,-0.37296367,0.85141706,0.08041452,1.3057607,0.73341537,0.5955596,0.043648,-0.0047487984,-0.22979592,-0.7477227,-0.6114439,0.81037873,0.57818013,0.38315776,-1.274077,-0.82478654,-0.7159187,-0.19081023,-1.4915876,-0.7608034,-0.10579621,0.8933366,-0.52742815,0.5695067,-0.3356241,-0.4435535,0.6402278,-0.57826215,-1.6341684,0.40427855,-1.0033029,-0.46844548,0.6226704,-0.71421117,0.5070294,-0.16098519,-0.4847569,-0.38365766,-0.26861727,0.09063914,0.82427984,-0.22883147,-0.21498704,0.32161802,-0.2609899,-0.023311187,-0.4455069
0.37260896,1.0475525,0.3563262,-0.25690413,-0.34619334,-0.89202815,-0.7696217,0.7832202,0.8102575,0.5428047,-0.771897,-0.8119165,-0.6286298,-1.1078959,-1.8368499,-0.54115415,1.3483732,0.8096305,0.8780566,0.40052614,1.5367763,-1.1924504,-0.13381767,-0.97264636,-0.6492726,-0.76205784,-0.70784265,0.3028542,1.7176855,0.19254036,1.2017983,-0.7165469,0.06781683,-0.20785232,-0.075350456,1.3029985,0.55634993,-0.24874996,-0.30561775,1.0373253,-0.03674857,1.1765759,0.7994567,0.6148128,0.18423776,-0.04748798,-0.3790564,-0.9726299,-0.51844496,0.8766022,0.62965673,0.33998156,-1.1836712,-0.8015887,-0.4373285,-0.22153439,-1.5641227,-0.7191964,0.09040518,1.3103358,-0.49724558,0.3006198,-0.30525652,-0.8573303,0.55757,-0.45804673,-1.4459488,0.4293979,-0.91648424,-0.31836936,0.7257865,-0.59078133,0.71065986,-0.07760693,-0.48359552,-0.35969618,-0.20526169,0.009927467,0.8470153,-0.7903972,-0.057216257,0.5004296,-0.25297707,-0.69953245,-0.3764478
0.32165185,0.7827531,0.25983512,-0.3981341,-0.5487646,-0.86027735,-0.73532933,0.8122642,0.7401708,0.4178168,-0.72028375,-1.0464729,-0.60953295,-1.0868613,-1.6557531,-0.5380825,1.5540615,0.9743385,0.57992274,0.17756209,1.4865696,-1.4028828,-0.4838347,-1.0769993,-0.6097444,-1.1024971,-0.72315174,0.34631044,1.7271643,0.35557762,1.3652351,-0.6535194,0.16272497,-0.20191142,-0.10189532,1.123519,0.5783399,-0.2808889,-0.24258544,1.1203719,-0.18758583,0.9600474,0.7958373,0.61281383,0.25857344,-0.16668282,-0.5009551,-1.1888807,-0.50205296,0.8713848,0.6742332,0.26442325,-1.0818279,-0.70588803,-0.16543388,-0.29116106,-1.5410668,-0.64594346,0.32576922,1.7073327,-0.43604907,0.07578093,-0.24726693,-1.1302549,0.43728852,-0.34287256,-1.2043695,0.38917118,-0.86154515,-0.2091098,0.7990699,-0.4862844,0.9052282,-0.025399115,-0.511933,-0.35107005,-0.18824337,-0.09261103,0.79597837,-1.2709975,0.05190042,0.6846736,-0.19392672,-1.409303,-0.36500517
0.21734525,0.5518345,0.10164831,-0.54990757,-0.7270033,-0.8153857,-0.6659625,0.76662356,0.64444447,0.29217955,-0.6881301,-1.2298229,-0.6120995,-1.0117819,-1.4415084,-0.50968295,1.6951826,1.0855085,0.21662652,-0.100821875,1.3949351,-1.540698,-0.7806131,-1.1758283,-0.62379885,-1.3265078,-0.7589683,0.3498822,1.7156781,0.47339255,1.4637033,-0.58456767,0.21773392,-0.217635,-0.1565811,0.8938214,0.49248418,-0.36079195,-0.20246907,1.0915328,-0.35547635,0.6654153,0.7238934,0.5898784,0.25935555,-0.35255077,-0.5725659,-1.3662773,-0.5557109,0.7967405,0.706762,0.17140943,-0.96781677,-0.5345456,0.06711094,-0.3895778,-1.4291891,-0.5444928,0.5766613,2.024802,-0.34690806,-0.09126415,-0.15616421,-1.2404116,0.29534504,-0.2329336,-0.9344227,0.29101798,-0.8287092,-0.14672488,0.8338305,-0.40299568,1.0718478,0.0025266137,-0.5546251,-0.34643748,-0.2087927,-0.20317309,0.67805564,-1.6224754,0.09203296,0.84817,-0.07168144,-2.057409,-0.4126408
0.077273,0.3804514,-0.10642352,-0.7009,-0.8646513,-0.75051045,-0.56073904,0.6540536,0.5401193,0.18374848,-0.6648344,-1.3199462,-0.6283688,-0.8867233,-1.2154574,-0.4599972,1.7604033,1.1257144,-0.16573891,-0.40348014,1.2658184,-1.5852126,-0.99092376,-1.2454125,-0.6891522,-1.4069993,-0.7958818,0.31322217,1.672131,0.53954744,1.4918834,-0.4964855,0.2331388,-0.23644786,-0.21714708,0.6234446,0.29828772,-0.4860553,-0.19934171,0.9625455,-0.5191876,0.31471592,0.59292436,0.55205584,0.19507529,-0.5800182,-0.57513106,-1.4754598,-0.6619065,0.6627376,0.722205,0.07925913,-0.83798766,-0.2939924,0.23177226,-0.49915692,-1.2492434,-0.42016974,0.81691206,2.2102776,-0.23308386,-0.1996978,-0.03294674,-1.1856226,0.15186243,-0.12751886,-0.66129017,0.1510737,-0.8011865,-0.13108568,0.82567024,-0.34014314,1.1963749,0.017207569,-0.5911386,-0.33206058,-0.25157002,-0.30754748,0.50579417,-1.8154458,0.05311779,0.9678015,0.11916645,-2.558757,-0.51043254
-0.07428256,0.28652105,-0.34257358,-0.8373573,-0.94995165,-0.6606234,-0.42398146,0.48956108,0.44403964,0.10675376,-0.63254124,-1.2843189,-0.64542115,-0.7183139,-0.9998091,-0.3928514,1.7480906,1.0887103,-0.51497835,-0.688029,1.1032634,-1.5238365,-1.0918128,-1.2621238,-0.7920572,-1.334346,-0.8074709,0.24158885,1.5883822,0.5547927,1.4536331,-0.37602565,0.215314,-0.2367251,-0.2576364,0.32340008,0.009117786,-0.640897,-0.23929633,0.764521,-0.6551333,-0.0593797,0.4194127,0.5093149,0.08837603,-0.81080985,-0.49705392,-1.4916557,-0.7938313,0.48667574,0.71716684,0.006599787,-0.6858309,0.0010718474,0.3093387,-0.5979052,-1.0307108,-0.2798322,1.0219051,2.2279265,-0.09802951,-0.2581559,0.11464799,-0.98310703,0.028673723,-0.024172354,-0.40499616,-0.0069279354,-0.7567145,-0.15471633,0.7760728,-0.29350144,1.2711871,0.03295236,-0.59810686,-0.29342553,-0.29591027,-0.39063904,0.29678792,-1.8416926,-0.061314728,1.0273861,0.3744329,-2.8490837,-0.64048547
-0.20909165,0.27572444,-0.57767314,-0.9431388,-0.97641194,-0.5435473,-0.26404673,0.29443464,0.37085104,0.06990667,-0.5687221,-1.1051896,-0.6471611,-0.51570123,-0.81289184,-0.31094,1.6652993,0.98000723,-0.780749,-0.908617,0.9110183,-1.3545463,-1.0727646,-1.2057695,-0.9081823,-1.1168444,-0.7642621,0.14663997,1.4608077,0.52761984,1.3607686,-0.21203896,0.1772445,-0.1970795,-0.25272223,0.0058564097,-0.34899253,-0.79866505,-0.31839675,0.54188544,-0.74035156,-0.41785458,0.22535358,0.4730179,-0.028974527,-0.99905217,-0.3363571,-1.3984696,-0.91865975,0.2917583,0.6919214,-0.03102517,-0.50288993,0.3302821,0.29445377,-0.66355324,-0.8049282,-0.13129586,1.1719562,2.064967,0.055121616,-0.2794645,0.27447295,-0.6668276,-0.054098137,0.08104848,-0.17710759,-0.15456,-0.67148983,-0.20335251,0.6924566,-0.2549042,1.295974,0.065798335,-0.5523488,-0.21725082,-0.31871712,-0.43704653,0.07183852,-1.7132548,-0.23361276,1.0203353,0.6789606,-2.8918471,-0.77875495
-0.29796755,0.33891022,-0.7797282,-1.0011494,-0.94332296,-0.4003448,-0.091720626,0.09449983,0.33107632,0.07493865,-0.45043018,-0.7823099,-0.6173631,-0.2902863,-0.6649432,-0.21534076,1.525158,0.8146169,-0.9221883,-1.0252365,0.6946071,-1.0879086,-0.93690395,-1.0626554,-1.0069588,-0.77892625,-0.6386417,0.04568857,1.2907453,0.474064,1.230547,0.002303877,0.13740434,-0.099965565,-0.18182392,-0.31593052,-0.7396958,-0.9265936,-0.4230013,0.34285122,-0.7567323,-0.7207852,0.03524804,0.45276523,-0.12316036,-1.0981121,-0.10223246,-1.1908753,-1.0026534,0.10398037,0.651233,-0.02393194,-0.28101242,0.67082334,0.19721244,-0.67803115,-0.59849054,0.017278796,1.2546202,1.7337528,0.22227696,-0.27466115,0.43296674,-0.28333792,-0.08117571,0.19344346,0.020706797,-0.2625911,-0.5243125,-0.2576171,0.58780384,-0.21273166,1.2768333,0.1307988,-0.43514305,-0.09390622,-0.29787835,-0.4320828,-0.1472619,-1.4588612,-0.4339508,0.9495967,1.0065401,-2.6817315,-0.899684
-0.3157906,0.4515804,-0.9193235,-0.9958994,-0.85594946,-0.23542224,0.08130531,-0.082440145,0.32981986,0.116493076,-0.2598099,-0.3337417,-0.5434118,-0.055547252,-0.5555917,-0.105514824,1.3431803,0.61295724,-0.9154323,-1.012714,0.46152607,-0.7470238,-0.70087534,-0.8286503,-1.0570718,-0.35712436,-0.4109608,-0.04018213,1.0838268,0.4156897,1.0821748,0.26766112,0.11721864,0.06455779,-0.033265084,-0.62737226,-1.1211988,-0.9924914,-0.5317037,0.20988831,-0.6948122,-0.9329901,-0.12656997,0.4533965,-0.16628698,-1.0699042,0.1852262,-0.87728965,-1.0161821,-0.0508918,0.604028,0.029174762,-0.015087915,1.0001101,0.041822016,-0.6310055,-0.42833754,0.15807608,1.26533,1.2707056,0.3976174,-0.24875358,0.5780655,0.11366186,-0.04497727,0.3180539,0.19569062,-0.30581248,-0.30142125,-0.2959847,0.47832915,-0.1532513,1.2239566,0.2393102,-0.23603736,0.08030522,-0.21654935,-0.36398447,-0.3404665,-1.1179106,-0.6250369,0.82574636,1.3221989,-2.243741,-0.9806898
-0.24557503,0.57617825,-0.974907,-0.9159775,-0.72539383,-0.055881355,0.24424528,-0.20962909,0.36570743,0.1823417,0.01115962,0.20569462,-0.41965204,0.17357963,-0.4735677,0.020208405,1.1336707,0.395866,-0.7578659,-0.8677745,0.2231186,-0.3658961,-0.39280024,-0.51108843,-1.0326961,0.10423576,-0.0750193,-0.08939283,0.84869474,0.3765102,0.93307173,0.57708,0.13787651,0.2965302,0.1929963,-0.9121271,-1.4510894,-0.9715358,-0.61899996,0.17032127,-0.5566568,-1.0293295,-0.2389962,0.47283378,-0.14301051,-0.8918243,0.49662638,-0.47953343,-0.9389112,-0.15130243,0.56180626,0.12070826,0.29384932,1.2978541,-0.13720918,-0.52242106,-0.29910782,0.28427643,1.206666,0.7308048,0.57238233,-0.19888021,0.7013662,0.4694507,0.05244498,0.45843452,0.3605865,-0.2675524,-0.0007438564,-0.29869145,0.38061798,-0.062486876,1.1484103,0.39577407,0.043621153,0.3012986,-0.06685766,-0.22676782,-0.49150193,-0.7338526,-0.76901084,0.6639837,1.5860703,-1.6288297,-1.0065997
-0.08229694,0.66710097,-0.9367053,-0.7570449,-0.56755954,0.12959498,0.3883718,-0.26500282,0.43065053,0.2548455,0.35668936,0.78789604,-0.2495205,0.38145098,-0.39897418,0.16344558,0.90665567,0.17961463,-0.47008392,-0.6109677,-0.006510092,0.014613362,-0.04951314,-0.1295593,-0.91894275,0.5583535,0.35797513,-0.08383679,0.59460485,0.37880093,0.7955818,0.9159968,0.21614031,0.5848619,0.48419178,-1.1519943,-1.69203,-0.85144603,-0.66008687,0.2312179,-0.35682142,-0.9982624,-0.2866061,0.5013716,-0.054783456,-0.56244767,0.79675055,-0.030835982,-0.76328814,-0.1828352,0.5359037,0.23475505,0.63624763,1.5472882,-0.30120093,-0.3629981,-0.2036201,0.3907843,1.0863922,0.18020761,0.7345499,-0.11609863,0.7992912,0.7343101,0.19883488,0.61458534,0.5287439,-0.14338592,0.36597738,-0.25138718,0.30839434,0.0710189,1.0591155,0.5957223,0.3891527,0.55645424,0.14766571,-0.022642784,-0.58942497,-0.34782612,-0.8351139,0.47985524,1.758682,-0.90657675,-0.9722717
0.16531159,0.6777176,-0.80911165,-0.5231368,-0.40124166,0.31229797,0.50788033,-0.23425256,0.51031774,0.31322733,0.7562038,1.3573735,-0.04554532,0.5529978,-0.307786,0.32468173,0.6665769,-0.026978936,-0.09338477,-0.2839067,-0.21177527,0.35223824,0.28794536,0.28590316,-0.71506506,0.9614993,0.8581674,-0.012997183,0.3295864,0.439071,0.6746589,1.263224,0.36086345,0.9084034,0.8160866,-1.3274062,-1.8160896,-0.6355143,-0.63582295,0.37831643,-0.12066981,-0.8438333,-0.261771,0.5223081,0.07988478,-0.103523806,1.0488313,0.42815343,-0.4962846,-0.14082201,0.5342608,0.34917194,0.99300385,1.7351677,-0.41415125,-0.17274046,-0.12596546,0.47457305,0.9148986,-0.31294993,0.8695403,0.010322149,0.87267256,0.8695133,0.3728724,0.78165895,0.7089613,0.05703255,0.7730794,-0.14835754,0.2690767,0.25352284,0.9603634,0.82497925,0.7732418,0.82532495,0.4115364,0.23615132,-0.62933,0.0061052158,-0.80630285,0.2863065,1.8069565,-0.15573604,-0.8840575
0.47488204,0.56846637,-0.6105902,-0.22735645,-0.2456988,0.48460746,0.6002184,-0.11346184,0.5855088,0.33638525,1.1758753,1.8578308,0.17269811,0.6748306,-0.17734021,0.5014918,0.41242203,-0.22338979,0.31644034,0.05863081,-0.37788126,0.6093772,0.57937586,0.6978841,-0.43472233,1.2773694,1.3789148,0.12342363,0.058434535,0.56415313,0.56770426,1.5936657,0.5705703,1.2387174,1.1562136,-1.4190748,-1.8081683,-0.342397,-0.5374192,0.5796855,0.11980514,-0.5852893,-0.16621706,0.5143912,0.22866786,0.44249302,1.219575,0.8549904,-0.15831806,-0.031258184,0.5588491,0.43928677,1.3364364,1.8513865,-0.44855657,0.02254578,-0.04607738,0.53495306,0.7029865,-0.68753785,0.96213436,0.18733168,0.92542064,0.85219175,0.5467959,0.9499606,0.90158004,0.31095257,1.1835818,0.00614397,0.2620822,0.48417172,0.8508834,1.0609915,1.1587245,1.0818726,0.69911116,0.5274477,-0.61187744,0.3039199,-0.6832676,0.09154411,1.7094208,0.5461984,-0.7580372
0.8136392,0.31433514,-0.37112936,0.10942614,-0.11784376,0.640899,0.6657155,0.08942003,0.6346284,0.30592284,1.5730879,2.239241,0.3821109,0.7368738,0.008214781,0.6878941,0.13978194,-0.41523418,0.69858783,0.35974786,-0.49407652,0.7588269,0.7907681,1.0668333,-0.103607796,1.4807987,1.8623196,0.3141151,-0.21756828,0.7491893,0.46541923,1.8816503,0.8328662,1.5440402,1.4689139,-1.4105883,-1.6676884,-0.0036058293,-0.36897358,0.79329705,0.33155376,-0.255127,-0.0115822945,0.45529026,0.3519772,1.0186173,1.2842386,1.2115389,0.21990234,0.12997547,0.60419226,0.4819695,1.633936,1.8881357,-0.39004695,0.1953415,0.05490802,0.57315034,0.46049783,-0.89777565,0.9989034,0.41211945,0.9628601,0.6783639,0.69039255,1.105142,1.0965501,0.58529884,1.5543412,0.1981108,0.27808478,0.7539054,0.72443664,1.2759664,1.5040703,1.298165,0.97843724,0.8212599,-0.542586,0.5324091,-0.48520198,-0.10125333,1.4601935,1.1331127,-0.61684406
1.1423485,-0.08909761,-0.1278483,0.4604402,-0.02929727,0.7776995,0.70704746,0.35461673,0.6365916,0.20939536,1.903064,2.4646733,0.5605511,0.73373634,0.2536675,0.87321866,-0.1561116,-0.61049026,0.99693966,0.5718591,-0.55602103,0.7883909,0.89898795,1.3566822,0.2454701,1.5602361,2.2471452,0.5369523,-0.50003904,0.9771571,0.35485068,2.1048384,1.1260308,1.7944293,1.72088,-1.2920222,-1.4083471,0.3415086,-0.1487649,0.97617626,0.48681048,0.10453338,0.18114041,0.32585737,0.41115525,1.5621647,1.2307976,1.4693564,0.6022726,0.31917214,0.6575307,0.4595796,1.8522849,1.8399025,-0.23913746,0.32138786,0.18977283,0.5918083,0.19572185,-0.9195428,0.97115076,0.6687424,0.9898165,0.36392215,0.7759007,1.230528,1.2744541,0.84230286,1.8424792,0.40606055,0.30092293,1.0459849,0.5722431,1.4417655,1.7696995,1.4488485,1.2166647,1.0834879,-0.43060663,0.6882347,-0.24619222,-0.2928371,1.0706034,1.5585418,-0.48416993
1.4220146,-0.62288636,0.08073289,0.79657197,0.015412437,0.8929612,0.7277957,0.65246373,0.5746326,0.042582467,2.1256983,2.5147004,0.6907054,0.66585994,0.55034906,1.0423765,-0.47705483,-0.8145119,1.1695435,0.6663234,-0.5668712,0.7027341,0.8950221,1.5402284,0.57812184,1.5182484,2.4783554,0.7624187,-0.79148686,1.2206466,0.22263947,2.2474732,1.4222057,1.9660817,1.8864914,-1.0634819,-1.0564255,0.6522893,0.09268823,1.0936784,0.5682818,0.44623688,0.38355213,0.114466965,0.37659436,2.0142503,1.0620847,1.6136035,0.95260584,0.50846034,0.7009572,0.36317334,1.9641058,1.7036248,-0.010300989,0.3837203,0.36212492,0.5939155,-0.083851434,-0.7538823,0.8772778,0.92746043,1.0093682,-0.057171237,0.7825703,1.309896,1.4098827,1.0453137,2.0128224,0.604601,0.31061986,1.3378205,0.38597474,1.5349842,1.9243479,1.5156668,1.3856901,1.2810513,-0.28716543,0.77599007,-0.008643307,-0.48557675,0.5688333,1.8013798,-0.37876657
1.6193837,-1.2455413,0.22080573,1.0894452,0.019886134,0.9850255,0.7313773,0.9468596,0.4395635,-0.18850993,2.212883,2.390005,0.76265574,0.54009426,0.8767112,1.1768298,-0.8188674,-1.0260394,1.1958046,0.6387098,-0.53727984,0.5225963,0.7854803,1.6031744,0.86391073,1.3704206,2.5165088,0.9577733,-1.0928038,1.4456917,0.058796633,2.3025606,1.6918794,2.0449374,1.9514256,-0.7379778,-0.64765155,0.89288694,0.31694093,1.1256728,0.57255715,0.722145,0.5640243,-0.1797226,0.23432869,2.3289056,0.79637647,1.6442001,1.2403587,0.6697398,0.7149216,0.19410777,1.9524249,1.4799916,0.270813,0.3750446,0.56467986,0.5816173,-0.37043518,-0.4270003,0.7240627,1.1479048,1.0220145,-0.5376138,0.70031154,1.3305782,1.4770849,1.1654128,2.0436924,0.7686407,0.2879937,1.6037351,0.16105807,1.5417396,1.9505019,1.491112,1.4669323,1.3870575,-0.124620736,0.8056888,0.18512097,-0.68103266,-0.0027235788,1.8678482,-0.30915296
1.7124462,-1.89745,0.26887617,1.3150227,-0.0048555997,1.0515077,0.719974,1.1998028,0.23271933,-0.46781194,2.152691,2.1107595,0.77457494,0.3694312,1.2011331,1.2566395,-1.1700205,-1.2342076,1.0792098,0.50834775,-0.48243728,0.28181309,0.5918142,1.5460774,1.0805691,1.1429263,2.345295,1.0928051,-1.3999755,1.6167861,-0.14057593,2.2723632,1.9083738,2.0283425,1.9147584,-0.34205642,-0.22311758,1.037904,0.48393074,1.0696353,0.50982034,0.88937056,0.6926546,-0.544665,-0.010204396,2.4794426,0.46525657,1.5743105,1.4442426,0.77893746,0.6825023,-0.03595959,1.8150518,1.175204,0.57165337,0.2985658,0.7802574,0.55571824,-0.6545755,0.0128356805,0.52621317,1.285874,1.0258416,-1.0231609,0.5315755,1.2861115,1.4558092,1.1856602,1.9313701,0.87759954,0.2188964,1.8183357,-0.10064364,1.4605156,1.8475114,1.3799764,1.454487,1.3852556,0.04476347,0.7902546,0.30133894,-0.878049,-0.5920034,1.7896061,-0.27054036
1.6931877,-2.5088716,0.21542566,1.4559491,-0.04239102,1.0882609,0.69383276,1.3768978,-0.032707136,-0.770326,1.9520268,1.712777,0.7316832,0.17185621,1.4869168,1.262675,-1.5115718,-1.4184936,0.8455844,0.3125478,-0.41940776,0.022144865,0.3470727,1.3836988,1.216063,0.8687689,1.9754447,1.144893,-1.7023519,1.7024517,-0.37186435,2.1673312,2.0516803,1.9248123,1.7880822,0.086162865,0.175177,1.0763662,0.5594185,0.93925965,0.40135202,0.91503316,0.7463898,-0.955715,-0.332276,2.4604473,0.108966015,1.4268323,1.5546709,0.8193489,0.59329456,-0.3064892,1.5653104,0.802584,0.85745436,0.16660668,0.9839806,0.515069,-0.9244438,0.50195533,0.30463964,1.3023793,1.016773,-1.4598403,0.2916397,1.1784346,1.3369159,1.1042682,1.690945,0.91845906,0.098188095,1.9599671,-0.38970122,1.3027751,1.631589,1.1991926,1.3556765,1.2726877,0.2095251,0.7428393,0.32138494,-1.0716555,-1.1430743,1.6180404,-0.24463058
1.5687854,-3.0096278,0.066407256,1.5030692,-0.074197926,1.0893495,0.65106,1.4521254,-0.3323328,-1.0652109,1.6352332,1.2422366,0.6436811,-0.03190542,1.6980655,1.1797937,-1.81919,-1.5514463,0.5380794,0.09671194,-0.36328286,-0.2134675,0.09115465,1.1419879,1.2687234,0.5833352,1.4448249,1.1028259,-1.9818118,1.6803738,-0.6236585,2.0033445,2.110762,1.7520509,1.59328,0.50140685,0.5090695,1.0127155,0.5218364,0.75947255,0.27390894,0.78110635,0.7138703,-1.3778119,-0.6915527,2.2873063,-0.22942182,1.2293304,1.5737189,0.7836971,0.44631258,-0.59145194,1.230821,0.38326198,1.0955617,-0.002099852,1.1471584,0.45725596,-1.1659049,0.96992284,0.083193995,1.1729947,0.9894837,-1.8006217,0.006327601,1.018018,1.1251831,0.9339751,1.3542438,0.8874814,-0.06840844,2.013353,-0.6895148,1.0910183,1.3332556,0.9750272,1.1893138,1.0600291,0.35990015,0.6749687,0.24542122,-1.2528366,-1.6027275,1.4154458,-0.20380001
1.359335,-3.3395152,-0.15790029,1.4555585,-0.083499946,1.0478531,0.5881153,1.4119911,-0.6331756,-1.3200564,1.2402523,0.7484826,0.5219659,-0.22130519,1.805353,0.9999658,-2.0665193,-1.6032522,0.2081271,-0.09639085,-0.32382777,-0.3873665,-0.13513963,0.85381013,1.2455775,0.32004136,0.81328934,0.96868694,-2.2138214,1.5412313,-0.8786605,1.7989988,2.0842607,1.5337427,1.3583663,0.8581219,0.74786466,0.86555576,0.36751774,0.55974424,0.15323913,0.48807815,0.597936,-1.7700822,-1.0386884,1.9913611,-0.5113226,1.0087714,1.5133796,0.6750944,0.2510303,-0.86272174,0.84942526,-0.054357972,1.2593474,-0.18677631,1.241581,0.37936726,-1.3636363,1.3493776,-0.11510314,0.8955231,0.93806684,-2.010862,-0.29198173,0.8223771,0.83987683,0.6996768,0.9645693,0.79046685,-0.2644667,1.9714245,-0.97831833,0.8547135,0.9924161,0.7388582,0.9818525,0.7695487,0.4878699,0.5948591,0.09191122,-1.4102069,-1.9272677,1.244589,-0.11785417
1.0942622,-3.4575837,-0.42639446,1.3202728,-0.058867324,0.95747364,0.5007172,1.2573092,-0.89860207,-1.5060774,0.8127691,0.27707326,0.3774563,-0.37955078,1.7909049,0.7242693,-2.229228,-1.5484544,-0.093711674,-0.23651399,-0.30459338,-0.47279847,-0.29647794,0.5534238,1.1592742,0.10625263,0.15423548,0.75735873,-2.370892,1.2903956,-1.1160398,1.5723549,1.9793189,1.2960274,1.1131203,1.117873,0.87180054,0.6639429,0.112692505,0.3663895,0.057788927,0.05697383,0.41529208,-2.091363,-1.324188,1.6130718,-0.7086265,0.78741455,1.3921615,0.5060348,0.02617637,-1.0940844,0.463345,-0.4768955,1.3304242,-0.36824772,1.2440892,0.27933416,-1.5029091,1.5859821,-0.27100396,0.49336806,0.85753036,-2.070994,-0.56914204,0.6135512,0.51171577,0.4333312,0.56984717,0.6413789,-0.46518797,1.8361716,-1.2323694,0.625164,0.6519481,0.52224636,0.7625825,0.43153882,0.5878684,0.5070182,-0.10639789,-1.5309365,-2.0879982,1.1579201,0.03760445
0.8065818,-3.3484867,-0.7020833,1.1102718,0.003191602,0.81494504,0.3851196,1.0030476,-1.0940596,-1.6029296,0.39881694,-0.13586769,0.21889594,-0.49594814,1.6512536,0.36461353,-2.2890599,-1.3723041,-0.3262474,-0.31196985,-0.30262065,-0.45796028,-0.36870465,0.27142,1.0251418,-0.039695766,-0.4566019,0.4936449,-2.4272077,0.947654,-1.3147626,1.3388405,1.8093342,1.0637777,0.88467485,1.2557265,0.8741935,0.44252408,-0.20775321,0.19764587,-0.005716444,-0.47134164,0.19405912,-2.3065145,-1.5071223,1.1949877,-0.8084541,0.58025897,1.231395,0.29642645,-0.20327759,-1.2651854,0.11267266,-0.84936243,1.3004484,-0.5320362,1.140355,0.15696503,-1.5719175,1.6458284,-0.37165526,0.014307929,0.74454635,-1.9777845,-0.7945415,0.41396773,0.17771439,0.16868405,0.21470885,0.4595088,-0.64195836,1.6179957,-1.4297044,0.43018922,0.35110614,0.3518003,0.5588837,0.079385735,0.65645224,0.41253,-0.309333,-1.6030043,-2.0752487,1.1887918,0.2733632
0.52775306,-3.0250258,-0.9479429,0.84317136,0.09727566,0.62215954,0.23971687,0.6759239,-1.193359,-1.602172,0.038082205,-0.46731284,0.05285345,-0.5678016,1.3978751,-0.05647576,-2.237001,-1.0761656,-0.46409073,-0.33040035,-0.3103144,-0.34706736,-0.34256604,0.030823136,0.85802543,-0.11037806,-0.9529788,0.20795493,-2.3636992,0.5444054,-1.4570034,1.1102219,1.591128,0.85822254,0.6944086,1.2650197,0.7620983,0.2358944,-0.5454533,0.060518008,-0.043329686,-1.0395108,-0.0311831,-2.391944,-1.562241,0.77509886,-0.81449294,0.3946846,1.0513315,0.07029659,-0.41049805,-1.3633803,-0.17022575,-1.1398331,1.1715314,-0.6695212,0.9280761,0.015171626,-1.563674,1.520734,-0.41136584,-0.47645405,0.59903157,-1.7432122,-0.94583386,0.24275765,-0.12526475,-0.064943805,-0.06609696,0.26655376,-0.7671177,1.3346921,-1.5534974,0.2898425,0.12027174,0.24563949,0.39205793,-0.25502032,0.6923951,0.3109666,-0.47732967,-1.6162968,-1.8997555,1.3461816,0.581508
0.28361344,-2.526326,-1.1321069,0.5397546,0.21048206,0.38800737,0.0664851,0.31029448,-1.1835036,-1.5090533,-0.2413268,-0.7085726,-0.11553808,-0.5998396,1.0558264,-0.5073657,-2.0750432,-0.6801421,-0.4991781,-0.31485966,-0.31850132,-0.15900463,-0.22503242,-0.1550441,0.6706178,-0.10936962,-1.2881572,-0.06925216,-2.1731737,0.11947376,-1.5304586,0.89456254,1.3425254,0.69484776,0.5558881,1.1583067,0.5561849,0.07394563,-0.845733,-0.04827557,-0.071479574,-1.580553,-0.22540927,-2.339182,-1.4842182,0.38237324,-0.74555415,0.23164883,0.8683632,-0.14759538,-0.57155395,-1.3854002,-0.3653344,-1.3234252,0.95562273,-0.7772215,0.61838526,-0.13999273,-1.4773107,1.2290431,-0.390967,-0.90727603,0.42473003,-1.3924259,-1.0117321,0.112459615,-0.36665443,-0.24650042,-0.25259238,0.08335176,-0.8191526,1.0091347,-1.5944607,0.21396428,-0.022995176,0.21129468,0.27536094,-0.54492277,0.69701767,0.20267034,-0.5786146,-1.5634739,-1.5906885,1.613394,0.93461686
0.09031132,-1.9114856,-1.2319725,0.2221932,0.32505238,0.12881741,-0.12798896,-0.057079915,-1.0674777,-1.3412665,-0.42608824,-0.86399186,-0.28127608,-0.6022259,0.6601134,-0.9509267,-1.8160547,-0.22254997,-0.44044486,-0.2954659,-0.31899452,0.07638292,-0.038576987,-0.28274655,0.4726255,-0.050513547,-1.4414389,-0.31218043,-1.8630469,-0.28634208,-1.5302961,0.69729304,1.0804656,0.58304,0.47427946,0.96525556,0.28830355,-0.022523368,-1.0570989,-0.13908413,-0.11202309,-2.026755,-0.35899544,-2.1561189,-1.287765,0.034856178,-0.6306562,0.08823957,0.6934041,-0.33491567,-0.66952366,-1.3366112,-0.4668128,-1.3862814,0.67347866,-0.85452926,0.23547225,-0.29895,-1.3182852,0.8124718,-0.3164697,-1.2128015,0.23029436,-0.9608851,-0.99309134,0.027210057,-0.5271511,-0.3659291,-0.34127071,-0.07308317,-0.7865645,0.6674476,-1.5520295,0.20191632,-0.0748853,0.24591333,0.21324988,-0.7710106,0.673952,0.09137853,-0.5948056,-1.4404327,-1.1913092,1.9516819,1.2897924
-0.045454703,-1.2504512,-1.2367476,-0.08708099,0.42249173,-0.1326275,-0.33238435,-0.39215297,-0.8643637,-1.1259735,-0.5180156,-0.9474738,-0.43822688,-0.58724535,0.25106683,-1.3486282,-1.4819498,0.24454254,-0.3087037,-0.2998327,-0.307158,0.3238546,0.18279001,-0.35720485,0.2715148,0.044829626,-1.4201206,-0.5040625,-1.4561797,-0.6356794,-1.4594396,0.52244526,0.8197042,0.5261262,0.44697857,0.7272819,-0.0016502779,-0.04389705,-1.1393266,-0.22427632,-0.18528004,-2.3196437,-0.41256356,-1.8654538,-1.0037178,-0.2599492,-0.5027721,-0.03957218,0.5318076,-0.47486812,-0.6972881,-1.2292875,-0.48256993,-1.3267174,0.35249984,-0.90072596,-0.18551214,-0.4495935,-1.0977641,0.32990372,-0.19663453,-1.3462229,0.029036393,-0.49068576,-0.90188265,-0.016933575,-0.6008385,-0.42407903,-0.34392732,-0.19140829,-0.6697774,0.335999,-1.4339672,0.24425705,-0.04455025,0.33817646,0.20285945,-0.9219285,0.62970734,-0.014150406,-0.52277803,-1.2465371,-0.75190514,2.3072562,1.5962234
-0.126077,-0.6130666,-1.1475149,-0.36711124,0.48725122,-0.3699159,-0.5315515,-0.6683624,-0.6063974,-0.89455646,-0.53196514,-0.97794944,-0.5785604,-0.56581306,-0.13106498,-1.6658732,-1.1006848,0.6622961,-0.13163221,-0.34459248,-0.28299174,0.54873174,0.39904946,-0.38904926,0.07374205,0.15057804,-1.2563467,-0.63874704,-0.9889822,-0.8993906,-1.3277563,0.3737629,0.57257706,0.52240324,0.46533316,0.49022007,-0.2708106,0.0074729505,-1.0709562,-0.31344414,-0.30345193,-2.4197142,-0.37970993,-1.5005114,-0.6727081,-0.50242287,-0.3917753,-0.15481816,0.38419625,-0.5581165,-0.65835214,-1.0798362,-0.43152654,-1.1557577,0.023898294,-0.91282773,-0.6030948,-0.57832247,-0.8312755,-0.15186214,-0.04175686,-1.2881224,-0.16190493,-0.026952155,-0.758115,-0.030700183,-0.59503603,-0.4308729,-0.28378123,-0.2671123,-0.48119056,0.03945043,-1.255039,0.32593316,0.04928865,0.47144797,0.23599885,-0.9938346,0.5731988,-0.10019401,-0.37381288,-0.98479265,-0.32248753,2.6207364,1.8053666
-0.16076611,-0.058687203,-0.9757983,-0.6002384,0.509647,-0.55718064,-0.708406,-0.86984825,-0.33413893,-0.67731553,-0.4914418,-0.9744736,-0.6927935,-0.5446017,-0.45098737,-1.87631,-0.70253485,0.97470593,0.061784323,-0.4307727,-0.25123036,0.72257453,0.57018226,-0.39132383,-0.11366553,0.24005395,-0.9998599,-0.7210956,-0.5066743,-1.0600185,-1.150798,0.25544235,0.349177,0.56600946,0.5164908,0.29664293,-0.47899318,0.11784268,-0.85274255,-0.40980598,-0.46610636,-2.3131585,-0.26745078,-1.0996404,-0.33704302,-0.6979784,-0.31909567,-0.25853556,0.24803855,-0.583837,-0.566242,-0.9061446,-0.33941725,-0.8952222,-0.28070197,-0.8848113,-0.9750125,-0.6718042,-0.53722465,-0.5681928,0.13799588,-1.0503553,-0.32380986,0.38638228,-0.58601564,-0.028373431,-0.5274924,-0.40190965,-0.19037412,-0.30225754,-0.24274132,-0.20200568,-1.0345263,0.42992324,0.18219613,0.62717485,0.3016988,-0.9890409,0.51475626,-0.15006278,-0.16982272,-0.66282785,0.05451105,2.836562,1.8804747
-0.16244076,0.37194267,-0.74034864,-0.77366275,0.48697844,-0.6737902,-0.8467279,-0.99288803,-0.08983665,-0.4983826,-0.42315885,-0.95250136,-0.7708339,-0.5253347,-0.6825286,-1.9655503,-0.3165016,1.1378918,0.2461566,-0.5432822,-0.22055402,0.8270601,0.6630194,-0.37679428,-0.28170428,0.28942153,-0.7077472,-0.76475024,-0.05743089,-1.1137325,-0.94736487,0.17172112,0.15705882,0.6478751,0.58554107,0.17863804,-0.5946364,0.2650023,-0.50878775,-0.50894445,-0.6589763,-2.0150394,-0.0946073,-0.69971615,-0.033108424,-0.85345405,-0.29419222,-0.34984678,0.11959965,-0.55990136,-0.4417673,-0.7248664,-0.23355849,-0.57458675,-0.5326641,-0.80871934,-1.2645681,-0.71904314,-0.23547821,-0.8666491,0.33271202,-0.6738524,-0.43904024,0.7110332,-0.4096409,-0.024818674,-0.4227069,-0.3547103,-0.093513384,-0.30470654,0.017115356,-0.37447435,-0.793885,0.54056233,0.32852906,0.7877853,0.38815066,-0.9150269,0.46461552,-0.14843662,0.061639357,-0.293704,0.34921017,2.9116144,1.8038039
-0.14497659,0.6613685,-0.4633546,-0.8811798,0.42295545,-0.70893633,-0.93412596,-1.0454698,0.08932622,-0.37242073,-0.35187677,-0.9214672,-0.8035465,-0.50584674,-0.8111168,-1.9323547,0.032332737,1.1283914,0.40143466,-0.6554706,-0.20171422,0.8561744,0.6556886,-0.35576582,-0.41930634,0.28075814,-0.43390056,-0.7887603,0.31475472,-1.0702084,-0.73743486,0.12605499,0.0011804496,0.7561975,0.6569014,0.15275761,-0.59995854,0.4214117,-0.08325226,-0.5998792,-0.85626566,-1.5674428,0.11186937,-0.33072326,0.21414335,-0.97473836,-0.3145532,-0.42711625,-0.0046893684,-0.5016412,-0.30984497,-0.5499412,-0.1382856,-0.227691,-0.7100987,-0.6778654,-1.4461632,-0.7133346,0.053617418,-1.0150616,0.53216016,-0.2214663,-0.49428427,0.9185172,-0.24928467,-0.032445244,-0.3072267,-0.30496326,-0.01795882,-0.2863176,0.26759303,-0.47214565,-0.55434465,0.64556307,0.4649671,0.9383775,0.4837195,-0.78358996,0.43027642,-0.08621477,0.2925739,0.1031605,0.5466894,2.8205748,1.5801431
-0.121531524,0.81565696,-0.16652751,-0.923961,0.32567978,-0.6647704,-0.9645074,-1.0450432,0.17684628,-0.30321747,-0.2955207,-0.88447446,-0.7841886,-0.4822933,-0.8346053,-1.7885786,0.32476437,0.94809437,0.51388866,-0.7368987,-0.20585701,0.81610006,0.5413998,-0.334691,-0.5139983,0.20466696,-0.21923949,-0.81331605,0.5760374,-0.95105064,-0.5400926,0.119225636,-0.11674646,0.8764017,0.7157033,0.21749374,-0.4945883,0.5586422,0.36530703,-0.6682223,-1.0264139,-1.0332695,0.32146436,-0.012230501,0.3943217,-1.0660102,-0.36794066,-0.489227,-0.12702794,-0.43010896,-0.19566563,-0.39154625,-0.07118089,0.11085964,-0.80012935,-0.49053648,-1.5092833,-0.653989,0.31008133,-1.0067452,0.7252137,0.23301485,-0.4842172,0.99396276,-0.11931233,-0.05887972,-0.20547515,-0.26442367,0.02019039,-0.26071057,0.47970688,-0.49822924,-0.33496124,0.7365212,0.5731606,1.0668795,0.57708865,-0.61047125,0.4140031,0.034919553,0.498593,0.5017588,0.64627767,2.5585601,1.235755
-0.10251232,0.8606942,0.13189131,-0.9102936,0.20510817,-0.55705106,-0.93927187,-1.0150298,0.16090497,-0.28438812,-0.26246032,-0.8399714,-0.7100633,-0.45272997,-0.7624886,-1.5563706,0.5479909,0.62513447,0.57512814,-0.7613657,-0.24185978,0.7233052,0.32898596,-0.31621566,-0.5539218,0.061193816,-0.08574997,-0.8554825,0.7072363,-0.78651255,-0.37186435,0.14777724,-0.1990238,0.9913384,0.74812835,0.35380432,-0.29634866,0.6512964,0.77180886,-0.7002798,-1.1392537,-0.48633474,0.50505483,0.24797669,0.51111364,-1.1292642,-0.43671912,-0.5366977,-0.24787256,-0.3690571,-0.12146274,-0.25621977,-0.04051835,0.40860352,-0.8008504,-0.25364003,-1.459873,-0.5473279,0.51496017,-0.8614079,0.8990195,0.61718273,-0.4127494,0.93801665,-0.027305594,-0.10651348,-0.13656627,-0.2393043,0.015620985,-0.24116156,0.62924105,-0.46483248,-0.15148774,0.80793124,0.64075243,1.1631819,0.656739,-0.4152197,0.4109371,0.2000742,0.6613144,0.8705359,0.65879035,2.1401796,0.8136374
-0.096172586,0.83537364,0.41878596,-0.8541053,0.070979044,-0.4133043,-0.8674762,-0.98051816,0.046017725,-0.30224353,-0.2510217,-0.784234,-0.5831715,-0.41936627,-0.61359054,-1.2647228,0.6952518,0.20979534,0.5809034,-0.7141656,-0.31524628,0.60044056,0.04176169,-0.29941148,-0.5300731,-0.14021865,-0.034099683,-0.925826,0.7063442,-0.6113897,-0.24533789,0.20265889,-0.25243914,1.081244,0.74187016,0.5284095,-0.039647926,0.6806656,1.0736523,-0.68728006,-1.1729279,0.0006624864,0.63925356,0.45218658,0.57930434,-1.1660199,-0.5027721,-0.5722807,-0.36581224,-0.34168902,-0.10344595,-0.14766254,-0.045202907,0.63790226,-0.72127527,0.015362075,-1.3185828,-0.40637738,0.65144706,-0.62191546,1.0395732,0.8717617,-0.29427427,0.7671495,0.025253398,-0.1726966,-0.11221871,-0.23085669,-0.026194373,-0.23806809,0.6995041,-0.39178216,-0.015470608,0.85556453,0.66133195,1.2178826,0.71051455,-0.22041017,0.4084843,0.38191834,0.76848334,1.1749895,0.60206884,1.5963438,0.3659125
-0.10825397,0.78293306,0.6861022,-0.7724479,-0.06849669,-0.26802832,-0.7638994,-0.96392155,-0.14841895,-0.3389283,-0.25109145,-0.71446913,-0.41047338,-0.38944942,-0.41288564,-0.94543004,0.7652408,-0.23304762,0.5299068,-0.59542704,-0.42581922,0.47262985,-0.2862028,-0.28093618,-0.43933395,-0.3819686,-0.045974955,-1.026579,0.5880254,-0.4600431,-0.16859366,0.2691422,-0.28820676,1.125167,0.68663836,0.69940263,0.22975995,0.6371344,1.2193437,-0.62802416,-1.1186457,0.36722666,0.7094712,0.60939455,0.619675,-1.1779869,-0.5521515,-0.6004041,-0.4777761,-0.3666315,-0.15004864,-0.06723148,-0.07562209,0.7777784,-0.58025473,0.2883981,-1.1167151,-0.24987207,0.70638895,-0.34680405,1.1322312,0.9596022,-0.15175468,0.5113423,0.04115791,-0.2513537,-0.13607325,-0.23608616,-0.09122868,-0.257703,0.6823887,-0.30406487,0.066230014,0.8744743,0.63327324,1.2211231,0.72559375,-0.0502833,0.38754123,0.5448762,0.81340414,1.3822929,0.49652028,0.96957994,-0.05418872
-0.14282347,0.7423944,0.92963797,-0.6822863,-0.20630842,-0.15621379,-0.64607877,-0.9813712,-0.39162183,-0.37669522,-0.24739483,-0.6314216,-0.20323566,-0.37424794,-0.18757772,-0.62899333,0.7611257,-0.63500226,0.423555,-0.42017677,-0.56785756,0.36258,-0.6148883,-0.25624052,-0.286272,-0.6407245,-0.08975609,-1.1509948,0.38071662,-0.3617784,-0.14443345,0.32776764,-0.3209052,1.1026708,0.57512474,0.82336915,0.46150023,0.5212252,1.1758304,-0.53033715,-0.9823637,0.57451516,0.71180993,0.73072636,0.65326756,-1.1683943,-0.5773756,-0.6263334,-0.57953125,-0.45491412,-0.26116133,-0.015111662,-0.1163838,0.81567585,-0.4038503,0.5303784,-0.89017653,-0.09953506,0.67229575,-0.0998509,1.1640764,0.8705864,-0.013228615,0.2100022,0.025367409,-0.33453503,-0.20361684,-0.24985264,-0.15992914,-0.30122638,0.5787958,-0.22829244,0.09166618,0.8579316,0.5587131,1.1628168,0.6896758,0.07173615,0.32532522,0.6520884,0.79299295,1.4669018,0.3616834,0.3082432,-0.40024042
-0.20227344,0.7414433,1.1467508,-0.597071,-0.33566377,-0.10608645,-0.5308928,-1.0400798,-0.6470359,-0.40066475,-0.2236109,-0.54067767,0.024360439,-0.3859142,0.036285393,-0.3414412,0.689961,-0.9350773,0.26577067,-0.21371669,-0.72972214,0.28760222,-0.90433586,-0.22063608,-0.0838437,-0.89072526,-0.12876803,-1.2852329,0.121943064,-0.33665928,-0.17050213,0.35718322,-0.36641157,0.99704164,0.40409517,0.8628561,0.60924137,0.3433899,0.93394583,-0.40974286,-0.78276855,0.61015,0.65289617,0.8251511,0.69598454,-1.1417061,-0.57865816,-0.6541377,-0.66580737,-0.6073607,-0.42835057,0.00962212,-0.14960155,0.748226,-0.22141977,0.70444506,-0.6727435,0.022948999,0.5494415,0.06145082,1.1264122,0.6218839,0.092849895,-0.093515806,-0.017101625,-0.41442016,-0.3033963,-0.26670316,-0.21130836,-0.3645995,0.39778632,-0.18863887,0.063886836,0.7977716,0.44234356,1.0338128,0.59265983,0.12633722,0.20037429,0.67322844,0.7068034,1.4156394,0.214097,-0.33860284,-0.6380155
-0.2880393,0.7922901,1.334544,-0.5241781,-0.44837916,-0.1329126,-0.43081522,-1.1378757,-0.8780669,-0.40136814,-0.16655733,-0.45191988,0.25700262,-0.43328622,0.2373205,-0.10206592,0.56219774,-1.0893927,0.06429057,-0.0051374203,-0.8955322,0.2573076,-1.1199944,-0.17040923,0.14708881,-1.1068059,-0.12976956,-1.4105415,-0.14764757,-0.3930193,-0.23949072,0.3374357,-0.43936333,0.79865515,0.17577572,0.79307014,0.6384925,0.1223369,0.51067495,-0.28630885,-0.5468571,0.48863602,0.54848844,0.89656144,0.7548274,-1.1040956,-0.56214494,-0.68545234,-0.7308775,-0.81390274,-0.6363925,0.008080114,-0.15848395,0.5822428,-0.06134239,0.77910036,-0.49028945,0.09953506,0.3472573,0.09650827,1.017192,0.25417015,0.1427692,-0.35783067,-0.082144804,-0.48480436,-0.41834557,-0.28248098,-0.22661056,-0.43931532,0.15536292,-0.20310266,-0.0093444735,0.68553674,0.29052895,0.82833725,0.4293072,0.101858534,-0.0025942998,0.5917495,0.5567426,1.2320889,0.066826366,-0.92634404,-0.74881256
-0.39952293,0.8906162,1.4888151,-0.4635208,-0.5337613,-0.23513712,-0.35148594,-1.2636687,-1.0541278,-0.37534252,-0.06967788,-0.37743783,0.48033565,-0.5179549,0.4008318,0.07781583,0.39116082,-1.0775303,-0.16955274,0.17993815,-1.0469412,0.27338228,-1.237468,-0.1031461,0.38065654,-1.2678809,-0.070107035,-1.506929,-0.39041853,-0.52619797,-0.3399891,0.25400242,-0.55044365,0.50790745,-0.1011813,0.6064716,0.5334936,-0.117424615,-0.052302264,-0.18048123,-0.30402836,0.24686335,0.42091617,0.9426691,0.8261092,-1.0612614,-0.53750867,-0.7179239,-0.76884896,-1.0543115,-0.8653536,-0.017640553,-0.13049829,0.33426324,0.053359125,0.7350035,-0.35645545,0.118882716,0.08471917,-0.010696401,0.84274685,-0.17614083,0.12196949,-0.5488098,-0.16708288,-0.5420683,-0.52821296,-0.29539824,-0.19292448,-0.51411706,-0.12759684,-0.28021586,-0.11619895,0.5150302,0.11088785,0.54666424,0.20144126,-0.0028898448,-0.2876371,0.40930623,0.34812644,0.937518,-0.07014202,-1.4185566,-0.7296575
-0.53397316,1.018016,1.6042796,-0.40750608,-0.5786347,-0.3936836,-0.29010558,-1.3998927,-1.1544088,-0.32437342,0.065632515,-0.32933483,0.6830058,-0.63192177,0.5199255,0.19529404,0.19239612,-0.9040568,-0.42039493,0.32545558,-1.1659969,0.33082405,-1.2452796,-0.018428894,0.5898485,-1.359007,0.057707153,-1.5563878,-0.57665074,-0.71964675,-0.45782602,0.101000324,-0.70384306,0.137116,-0.41165543,0.31480834,0.3006394,-0.34877253,-0.69330156,-0.10891979,-0.08079882,-0.06356382,0.29529282,0.95618844,0.89634824,-1.0182374,-0.5143153,-0.7448904,-0.7740363,-1.300853,-1.0932194,-0.06482595,-0.059804115,0.029628923,0.10913898,0.5703861,-0.27120712,0.07884648,-0.21109004,-0.2484239,0.61765623,-0.6061452,0.027954808,-0.6435848,-0.26963562,-0.58504856,-0.61210203,-0.30648294,-0.10499002,-0.5763731,-0.42751297,-0.41774386,-0.24208114,0.2846031,-0.08775331,0.19751112,-0.08066333,-0.17682451,-0.6441883,0.14649665,0.0911808,0.56897205,-0.18840061,-1.7897636,-0.59189206
-0.6851699,1.1467526,1.676067,-0.3428136,-0.5686234,-0.57472783,-0.23588832,-1.5253366,-1.1701931,-0.25392568,0.22995792,-0.3160522,0.85813993,-0.7570688,0.5957987,0.25521868,-0.017440083,-0.5955836,-0.6697116,0.42769024,-1.2374107,0.4204152,-1.145412,0.082674704,0.75125533,-1.3726667,0.24518387,-1.5455734,-0.6884458,-0.9475355,-0.57769316,-0.11708632,-0.89602023,-0.28979716,-0.73510796,-0.052146595,-0.030777683,-0.54557765,-1.3387761,-0.080774814,0.10395282,-0.3858809,0.19639784,0.9274928,0.94521016,-0.9779675,-0.498764,-0.75602007,-0.74154276,-1.5224063,-1.2985232,-0.12909678,0.051590934,-0.3004235,0.10424601,0.3027655,-0.22189987,-0.012911207,-0.5080182,-0.5786218,0.36378986,-0.9768739,-0.1287918,-0.6328652,-0.38661072,-0.61464995,-0.6512781,-0.31881914,0.034004867,-0.61431104,-0.7203816,-0.602523,-0.37123814,-0.00079787796,-0.29577836,-0.20125368,-0.39810696,-0.39699668,-1.0461632,-0.16053294,-0.19705117,0.1740725,-0.28005496,-2.0268526,-0.35799843
-0.8440221,1.245927,1.7020123,-0.25299913,-0.49066105,-0.735296,-0.17191441,-1.6183242,-1.1041505,-0.17087094,0.40781438,-0.34050715,1.0041286,-0.8674121,0.6365836,0.26896042,-0.22211611,-0.19452128,-0.89734375,0.49428406,-1.2510227,0.53164536,-0.95216656,0.19770442,0.8493731,-1.3090434,0.47033715,-1.4672927,-0.7208413,-1.1787419,-0.68533814,-0.38515887,-1.1154659,-0.7396422,-1.0477661,-0.450663,-0.4121569,-0.6856824,-1.9132923,-0.09617251,0.24061906,-0.6674725,0.14455594,0.8481655,0.94997716,-0.940547,-0.49112198,-0.73846793,-0.6676748,-1.6889031,-1.4626458,-0.20453173,0.1945611,-0.62243706,0.049856786,-0.03287926,-0.18674912,-0.13941805,-0.773091,-0.94310164,0.106598295,-1.2416216,-0.3266386,-0.5209389,-0.5118516,-0.63261765,-0.632202,-0.33642948,0.21279608,-0.61826384,-0.9840535,-0.81285757,-0.48893332,-0.3289119,-0.5027814,-0.62347794,-0.7251885,-0.6308361,-1.4539872,-0.46690637,-0.49254677,-0.19632281,-0.33669752,-2.1291933,-0.05751566
-0.99749154,1.2878795,1.6847898,-0.12209562,-0.33607295,-0.83067787,-0.07821777,-1.6595442,-0.96798205,-0.081106886,0.580649,-0.3981066,1.1242777,-0.9336092,0.6557377,0.2526859,-0.4075558,0.24979135,-1.0833505,0.53987867,-1.2028874,0.6555217,-0.6884369,0.32345724,0.8797659,-1.1745546,0.70302576,-1.320603,-0.68108577,-1.3814327,-0.7689853,-0.6798906,-1.3439418,-1.1743577,-1.3257732,-0.82989186,-0.78223175,-0.75382733,-2.3506362,-0.14665677,0.3296803,-0.86757827,0.15296425,0.71441907,0.8906874,-0.9037913,-0.4844953,-0.6792692,-0.55060655,-1.7759042,-1.5716227,-0.28298903,0.35395762,-0.9049454,-0.03177855,-0.38913572,-0.13977836,-0.27676722,-0.97744465,-1.2730054,-0.12827605,-1.3725903,-0.53588367,-0.3238342,-0.63543934,-0.64024425,-0.54857844,-0.36280033,0.41416863,-0.58182967,-1.2001415,-1.0217295,-0.5832532,-0.681042,-0.69803137,-1.0377378,-1.0323575,-0.8404349,-1.819642,-0.72783303,-0.76531816,-0.4959217,-0.34936807,-2.1070242,0.2765389
-1.1302671,1.2532275,1.6327717,0.062089138,-0.10360431,-0.82230604,0.06401507,-1.6339513,-0.7784927,0.012228256,0.7306064,-0.47749206,1.2257216,-0.9282622,0.67014456,0.22498691,-0.5631775,0.68880266,-1.2100792,0.5802074,-1.0954709,0.7861427,-0.38156363,0.45645165,0.85007584,-0.9803845,0.91153455,-1.1100686,-0.58579504,-1.5275658,-0.82112265,-0.9731412,-1.5590788,-1.556714,-1.5483805,-1.1396153,-1.076105,-0.7435324,-2.602981,-0.21752405,0.37973523,-0.9619303,0.22579905,0.52935714,0.7546412,-0.86323655,-0.46557721,-0.5676533,-0.39062855,-1.7675748,-1.6166921,-0.35478482,0.5116507,-1.1225305,-0.11052961,-0.7143365,-0.056626044,-0.39745063,-1.1005272,-1.5003306,-0.31915542,-1.3631879,-0.72299784,-0.065917075,-0.7432936,-0.63720655,-0.40237936,-0.39882562,0.6173477,-0.50251657,-1.3554515,-1.2011863,-0.64685774,-1.0342892,-0.87130815,-1.4115598,-1.2903818,-0.987987,-2.0937417,-0.90745187,-0.9828211,-0.68993276,-0.309067,-1.9792457,0.6121057
-1.22632,1.1342593,1.5597111,0.30476177,0.19872496,-0.6846244,0.2680811,-1.5322001,-0.55362624,0.1092968,0.8433186,-0.5615947,1.3169862,-0.83139694,0.6974308,0.20467073,-0.6829066,1.0818868,-1.2647808,0.62560934,-0.93686146,0.92109144,-0.058466367,0.59334534,0.7787494,-0.73991805,1.0693469,-0.844172,-0.45699376,-1.5964854,-0.8388672,-1.2369763,-1.7374448,-1.8561751,-1.7008874,-1.3378215,-1.2354805,-0.6577764,-2.6478424,-0.29085243,0.40562734,-0.9441826,0.3574363,0.30378985,0.539902,-0.8132792,-0.41689256,-0.39699832,-0.19101915,-1.658789,-1.5942943,-0.40875506,0.6492062,-1.2589613,-0.1542058,-0.96084803,0.08085017,-0.4747263,-1.1328621,-1.569563,-0.4517798,-1.2274159,-0.856116,0.22443113,-0.8179137,-0.62079,-0.20357892,-0.4414659,0.800974,-0.3815706,-1.4426179,-1.3266476,-0.67743194,-1.3647703,-1.0132278,-1.7163043,-1.47466,-1.041874,-2.233598,-0.98565,-1.1148243,-0.75980455,-0.20809722,-1.7697207,0.9209058
-1.2705786,0.9360904,1.4821298,0.6024512,0.5532928,-0.40985706,0.5382206,-1.3510722,-0.30885276,0.21372394,0.91062504,-0.63042855,1.4054233,-0.63501513,0.7531592,0.20860463,-0.76517546,1.4000703,-1.2410259,0.6766625,-0.73899406,1.0603681,0.25802115,0.7310282,0.69152385,-0.46695235,1.1599138,-0.53397584,-0.3175984,-1.5773301,-0.8238432,-1.4479867,-1.8579096,-2.0537696,-1.7764059,-1.3970869,-1.2181114,-0.5084742,-2.489911,-0.3494773,0.4253707,-0.82420284,0.5332867,0.055313423,0.2564134,-0.74774575,-0.32021794,-0.1665861,0.04216282,-1.454993,-1.5055794,-0.43348885,0.7507455,-1.3083428,-0.13422188,-1.0930835,0.28065625,-0.4864115,-1.0767556,-1.4476508,-0.5209696,-0.99562746,-0.9094464,0.51896507,-0.8410579,-0.58588874,0.031742837,-0.48303354,0.94602597,-0.22367488,-1.4603691,-1.380318,-0.6775449,-1.6511552,-1.1163577,-1.9316382,-1.5686659,-0.9816633,-2.2105322,-0.9616,-1.1386036,-0.70467,-0.042314153,-1.5034927,1.1813645
-1.2517986,0.6754298,1.4158818,0.9424012,0.93423915,-0.00979738,0.86681753,-1.0935922,-0.0551663,0.3308122,0.93071234,-0.6641317,1.4947305,-0.34548002,0.8479801,0.24977589,-0.8122702,1.6267143,-1.1399045,0.7233488,-0.5156782,1.2045345,0.5518552,0.86652935,0.61655205,-0.17418465,1.1786567,-0.19148521,-0.1872916,-1.4699024,-0.7814511,-1.5912796,-1.9050095,-2.1448634,-1.7765739,-1.3080485,-1.0050606,-0.31490907,-2.1591668,-0.3805251,0.45741162,-0.62385297,0.7320233,-0.19416249,-0.07485707,-0.6611277,-0.16160531,0.117799036,0.2997876,-1.1708318,-1.3552022,-0.41843885,0.80513495,-1.2747327,-0.032139085,-1.0924757,0.5391844,-0.41836908,-0.94490427,-1.130556,-0.5310731,-0.7082425,-0.8670982,0.7932169,-0.7961946,-0.52578104,0.28394103,-0.51123697,1.0378392,-0.036391206,-1.4128382,-1.3537875,-0.65332264,-1.8777261,-1.1755413,-2.048502,-1.5663215,-0.80215293,-2.0151107,-0.8529614,-1.0432025,-0.54024893,0.18666384,-1.2033218,1.379418
-1.164717,0.37803504,1.3721089,1.3032645,1.3107119,0.48515177,1.2337824,-0.7690665,0.20162202,0.46602643,0.9075561,-0.6460077,1.582776,0.016527185,0.98474175,0.33599842,-0.82879585,1.7558353,-0.9700248,0.74685246,-0.2803285,1.3524667,0.8148036,0.9967849,0.579132,0.12756734,1.1325387,0.17055082,-0.07945535,-1.2838788,-0.71928424,-1.6623296,-1.8705994,-2.1394768,-1.7106737,-1.0800693,-0.6044143,-0.10070193,-1.7041371,-0.37749606,0.51779455,-0.3717246,0.9288666,-0.4216235,-0.4249349,-0.54905605,0.06498415,0.4442695,0.57040155,-0.8274952,-1.1505555,-0.35509324,0.8068384,-1.1697682,0.15647203,-0.9602402,0.8411785,-0.2668827,-0.7571748,-0.6450732,-0.49500746,-0.4086958,-0.72541064,1.0291504,-0.6720368,-0.43374512,0.53295356,-0.5108794,1.0674871,0.17069925,-1.3082914,-1.2485594,-0.61264175,-2.036424,-1.1885487,-2.0700216,-1.4724025,-0.51476634,-1.6590784,-0.6913158,-0.8321516,-0.29485986,0.4692845,-0.8872426,1.5083619
-1.011128,0.07462503,1.353995,1.657229,1.6510129,1.0298654,1.6081984,-0.39285097,0.45931342,0.62272125,0.8491076,-0.56482226,1.6610774,0.4183941,1.156344,0.468835,-0.8201738,1.7889555,-0.74686027,0.72508264,-0.04527473,1.5000616,1.0451839,1.1182207,0.5965244,0.42890677,1.0366781,0.5390358,0.00039030702,-1.0373087,-0.6453824,-1.6669372,-1.7552695,-2.05975,-1.5936999,-0.739135,-0.050869815,0.10958585,-1.1835948,-0.3412736,0.6176162,-0.097315766,1.0992043,-0.6065539,-0.7612331,-0.4089665,0.35393915,0.79579175,0.840808,-0.4498341,-0.9012776,-0.23827083,0.75603837,-1.0092208,0.41981682,-0.7161048,1.1619678,-0.039346617,-0.5363797,-0.045432962,-0.43170074,-0.13684513,-0.49361867,1.216284,-0.46510717,-0.3051275,0.7610317,-0.46662998,1.0323665,0.38651156,-1.1576976,-1.0754,-0.5627575,-2.1269832,-1.1562625,-2.0101862,-1.3014089,-0.14697412,-1.1736614,-0.5144072,-0.5234273,-0.0041610957,0.7873117,-0.5672651,1.5667346
-0.80048126,-0.20343868,1.3554593,1.973185,1.926991,1.5701209,1.9518214,0.013920984,0.7171619,0.8003015,0.76464325,-0.41678917,1.7154969,0.8203494,1.3451189,0.6436512,-0.7910417,1.7314808,-0.4908966,0.6394804,0.17961936,1.6395631,1.2457001,1.2261945,0.674922,0.7211244,0.9098654,0.89958364,0.054029644,-0.7538893,-0.56693274,-1.6191318,-1.5679321,-1.9352287,-1.4437131,-0.32350528,0.59880334,0.29431927,-0.65679777,-0.2796197,0.7606714,0.17304842,1.2223219,-0.733567,-1.0522819,-0.24152388,0.6870898,1.1519015,1.0975612,-0.06334016,-0.6188685,-0.06704644,0.6577844,-0.8099338,0.7312157,-0.39421958,1.4708683,0.24630904,-0.30428115,0.59501404,-0.36289462,0.07613862,-0.1926053,1.3519976,-0.18139122,-0.1388941,0.95456064,-0.36619726,0.93555886,0.5995312,-0.97297883,-0.85218614,-0.5087515,-2.1557865,-1.0823528,-1.8906299,-1.0747297,0.26130998,-0.6048492,-0.3574404,-0.14713912,0.29428193,1.1146148,-0.24988647,1.5557456
-0.54904497,-0.42803356,1.3619218,2.2202399,2.118078,2.0497,2.224719,0.4249584,0.9728508,0.9931941,0.6625327,-0.20600496,1.7289386,1.1812077,1.5245231,0.8493997,-0.7440775,1.59034,-0.22567078,0.48079833,0.38666,1.7605168,1.420919,1.3152752,0.80813205,0.994961,0.76974666,1.2365679,0.08882272,-0.4599641,-0.48880795,-1.5373853,-1.3241103,-1.796568,-1.2783116,0.12147667,1.273602,0.43829116,-0.17502385,-0.20528162,0.9422045,0.41917956,1.2841312,-0.79427236,-1.2720487,-0.050527215,1.0349901,1.4910573,1.3280458,0.30823407,-0.31674504,0.15457071,0.5208981,-0.5866833,1.0533792,-0.03746578,1.7357532,0.56384045,-0.07816543,1.195296,-0.3091159,0.21104196,0.14784433,1.440579,0.16354853,0.060818676,1.1050831,-0.20386009,0.7854061,0.7986302,-0.765687,-0.6011823,-0.45220473,-2.1330469,-0.9730908,-1.7359071,-0.81690794,0.6632364,-0.0063678273,-0.24503598,0.25869054,0.5667181,1.4204451,0.06213691,1.4767057
-0.27835026,-0.57761776,1.3534538,2.3715794,2.2137716,2.417361,2.3912406,0.80986005,1.2197838,1.1908481,0.5489836,0.05604775,1.6847854,1.464777,1.6625232,1.0699677,-0.67973864,1.3735113,0.026043128,0.25385278,0.5700276,1.8515692,1.5738449,1.3792889,0.978806,1.2397363,0.6292464,1.5328243,0.11508481,-0.18175809,-0.41291642,-1.4397997,-1.0439897,-1.6688387,-1.1119863,0.5490998,1.8978196,0.53491694,0.22446837,-0.1328998,1.1489092,0.6274095,1.2785071,-0.7873023,-1.402732,0.1556656,1.3609263,1.7923564,1.5218039,0.64466,-0.0100214975,0.41769868,0.3569387,-0.35018784,1.3448972,0.31000447,1.9275533,0.88225305,0.13100645,1.679629,-0.28564763,0.2614774,0.4929531,1.4914206,0.54588383,0.28528547,1.2091101,0.017297491,0.5942882,0.97392666,-0.54604876,-0.34554675,-0.39091516,-2.0693762,-0.8361882,-1.5682908,-0.551677,1.0119897,0.56834036,-0.18606643,0.65344214,0.7871984,1.6742116,0.36738744,1.3294636
-0.011244059,-0.63938975,1.3094581,2.4076355,2.214508,2.6334217,2.426274,1.1364021,1.4455534,1.3784924,0.42769244,0.3519898,1.5713788,1.6448969,1.7274158,1.2854701,-0.59645736,1.0912297,0.24506693,-0.021962471,0.7247903,1.9025474,1.7043576,1.4125259,1.1622169,1.4432114,0.49513692,1.7703452,0.14257358,0.057623874,-0.3384055,-1.3396633,-0.74929035,-1.5661007,-0.9532211,0.9163353,2.401402,0.5870708,0.52151287,-0.0757895,1.3604656,0.78943974,1.2076212,-0.7171019,-1.435766,0.3648027,1.6264741,2.0377278,1.6713657,0.9302399,0.28498292,0.70895284,0.17892563,-0.10664881,1.5676045,0.60928863,2.024965,1.1698244,0.31900993,1.988969,-0.2990124,0.23327035,0.8073615,1.5169775,0.93642795,0.5221616,1.2675139,0.28440294,0.37787908,1.1179018,-0.32211843,-0.10616268,-0.3197447,-1.972115,-0.67968166,-1.4031163,-0.29810992,1.2685059,1.0728137,-0.17242955,0.9992961,0.94046545,1.8513627,0.6628331,1.1129104
0.23062281,-0.61016184,1.213954,2.3190358,2.1304898,2.674581,2.3198154,1.3734078,1.632098,1.539137,0.30054253,0.6609041,1.3858044,1.7093264,1.6942677,1.4746208,-0.49155557,0.7584545,0.41832456,-0.31524494,0.84700245,1.9066503,1.8081911,1.4108083,1.3310901,1.5924602,0.36846733,1.9321156,0.17825879,0.24032986,-0.2618643,-1.241872,-0.4604934,-1.4877996,-0.80336016,1.187729,2.7290232,0.60583156,0.712497,-0.042974725,1.5529513,0.9001447,1.0800489,-0.59198254,-1.3709271,0.56121296,1.7985004,2.2129703,1.7724154,1.1542188,0.55233234,1.0114945,0.0012167674,0.14171353,1.6935341,0.8321492,2.0175433,1.3989695,0.4874207,2.089515,-0.3448618,0.142415,1.0598699,1.5302835,1.3042839,0.7578744,1.28458,0.57604665,0.15403141,1.2260013,-0.09998971,0.10116536,-0.2315792,-1.842646,-0.51026064,-1.2452899,-0.06781277,1.4078645,1.4730436,-0.18195826,1.2656966,1.0233984,1.9385961,0.94162226,0.82749957
0.43074313,-0.49600068,1.0604787,2.1079066,1.9791205,2.5367699,2.0791929,1.4948578,1.7577436,1.6560088,0.16997497,0.96100473,1.1364579,1.6609821,1.5507773,1.6168342,-0.36235526,0.39654836,0.54080355,-0.5884273,0.9331132,1.8616861,1.8774133,1.3728828,1.461006,1.6756104,0.24747308,2.0039968,0.22409198,0.35601205,-0.17829835,-1.1412008,-0.19406591,-1.4184495,-0.65631336,1.3385578,2.8467708,0.6072425,0.8075577,-0.03660109,1.7027317,0.95534027,0.908876,-0.4218339,-1.2143232,0.727326,1.8550943,2.30855,1.8237494,1.3106928,0.7777339,1.3063878,-0.16128251,0.39512888,1.7098612,0.9640531,1.9078647,1.5500728,0.64174205,1.976775,-0.40714538,0.012723837,1.2277652,1.5425344,1.620778,0.97982055,1.2670968,0.8651874,-0.058127068,1.2972369,0.11588633,0.26790538,-0.1192479,-1.6751182,-0.3320132,-1.0882623,0.13637805,1.4238095,1.7498317,-0.18501087,1.4328412,1.0443194,1.9374909,1.19206,0.47862503
0.5803848,-0.31112185,0.85501736,1.7884796,1.7813504,2.2355134,1.7289008,1.4840002,1.8007772,1.7152023,0.040523373,1.232678,0.84343666,1.5166565,1.300949,1.6952966,-0.2071908,0.03411733,0.6155549,-0.8047769,0.9803607,1.7700716,1.9019896,1.301349,1.5350995,1.6839072,0.13091417,1.9777049,0.2772295,0.4026562,-0.08202293,-1.0229626,0.039427016,-1.3306034,-0.5000683,1.356618,2.7459388,0.60776514,0.82556695,-0.051241525,1.7912647,0.9502147,0.70930415,-0.21625629,-0.97545093,0.8460459,1.7901102,2.3197594,1.8265299,1.398655,0.95105654,1.5745735,-0.29305843,0.65413314,1.6208606,1.0047792,1.7114604,1.6145139,0.78932697,1.6749226,-0.46015677,-0.12739167,1.2993994,1.5609108,1.8628229,1.1784992,1.2236352,1.1232195,-0.23941551,1.3340578,0.32264832,0.39361045,0.02312122,-1.4572444,-0.14535739,-0.91510063,0.32036686,1.3296686,1.8984616,-0.15245922,1.4930197,1.021549,1.8649411,1.3981199,0.08030012
0.68026555,-0.07588463,0.6170845,1.3863103,1.5579382,1.8039103,1.3071424,1.3372676,1.7443937,1.7079519,-0.07895432,1.460469,0.53649515,1.3037033,0.96595925,1.698961,-0.02635608,-0.29556108,0.65325755,-0.9357169,0.98706806,1.6383265,1.8726062,1.20317,1.5472215,1.6142333,0.021795182,1.8526938,0.3306458,0.38737145,0.032159485,-0.8660109,0.23608992,-1.1905565,-0.3193364,1.2427162,2.4432776,0.62030715,0.7891171,-0.074464284,1.8087982,0.8799563,0.4964238,0.016359938,-0.66540855,0.90360135,1.61445,2.2463195,1.783537,1.4216295,1.0679193,1.7987813,-0.37902302,0.917731,1.4468254,0.966595,1.4547876,1.5957409,0.93709457,1.2319846,-0.47230655,-0.24762937,1.2766861,1.5868081,2.0152555,1.3483521,1.1638283,1.3247553,-0.37187508,1.3417056,0.5179647,0.48579687,0.19852065,-1.17312,0.053283773,-0.70236826,0.49662796,1.1561419,1.9269516,-0.06370536,1.450493,0.9802848,1.7505902,1.5413734,-0.34317845
0.7403136,0.18554719,0.37762365,0.93597966,1.326588,1.2882,0.86072475,1.0669136,1.5813684,1.6329591,-0.1749968,1.6350054,0.2509995,1.0553977,0.5813093,1.6244863,0.17760144,-0.55863196,0.6690578,-0.9653213,0.9545176,1.4755561,1.7830138,1.0893008,1.5025985,1.470531,-0.07106087,1.638141,0.37558687,0.32556105,0.16830944,-0.6480477,0.39875588,-0.9665054,-0.099291235,1.0106691,1.9781057,0.65082604,0.71961445,-0.08948335,1.7567258,0.7417756,0.28437874,0.2688606,-0.29529437,0.8923942,1.354834,2.0923789,1.6987549,1.387305,1.131115,1.9654413,-0.40548772,1.1819414,1.2200491,0.87077546,1.1715887,1.5082358,1.0898631,0.7115513,-0.4118774,-0.31906682,1.1743516,1.6150193,2.0723748,1.4872462,1.0976499,1.4515142,-0.44046926,1.3273553,0.7002989,0.5582378,0.40630108,-0.8076919,0.27032107,-0.42592117,0.6809062,0.9454212,1.8523302,0.08801211,1.320113,0.94844085,1.6308712,1.604416,-0.75728106
0.778352,0.44762164,0.17429517,0.47818616,1.1003388,0.74206084,0.438143,0.701478,1.317866,1.4971497,-0.23009743,1.7530594,0.022315903,0.80545723,0.19125167,1.4770458,0.39988086,-0.7269091,0.6798455,-0.89288366,0.887148,1.2914277,1.6327318,0.9733891,1.4165589,1.2643055,-0.132488,1.3528975,0.40435806,0.23953995,0.32845718,-0.35142353,0.53545195,-0.63674575,0.17023155,0.6854805,1.4069031,0.6980676,0.6348524,-0.07799818,1.6479212,0.5385317,0.08580921,0.5345386,0.123346575,0.8135641,1.0494192,1.8657165,1.5769973,1.3073518,1.1505555,2.0661652,-0.3618666,1.4391081,0.978903,0.7431266,0.8978733,1.3746029,1.2491398,0.18296193,-0.25380242,-0.31743163,1.0187697,1.6344508,2.0374875,1.5953754,1.0345814,1.4951379,-0.4346778,1.2986977,0.8684321,0.6282816,0.64169145,-0.3523429,0.51332664,-0.067776784,0.88764393,0.74360806,1.6972382,0.29356387,1.1248473,0.9524286,1.5417036,1.5744501,-1.1213285
0.81651,0.68576366,0.044950645,0.055146955,0.88715625,0.21987084,0.08303434,0.2839648,0.9750889,1.3153491,-0.22528483,1.8168036,-0.120236166,0.583445,-0.15855767,1.2702734,0.6337543,-0.78385884,0.70142096,-0.731376,0.79373807,1.0947094,1.4281898,0.8699644,1.3106672,1.0137546,-0.14388636,1.0243467,0.41266602,0.15545413,0.51223725,0.03052637,0.6572743,-0.19700028,0.491164,0.30120182,0.7956815,0.7551861,0.5475022,-0.024926603,1.5044817,0.28263763,-0.08809226,0.8057401,0.57762843,0.6777485,0.7415461,1.5778608,1.4241157,1.1964151,1.1421769,2.0985475,-0.24219754,1.6785129,0.76103705,0.610007,0.66645557,1.2209327,1.4124582,-0.28907022,0.014451839,-0.22662738,0.8438026,1.6298907,1.9215955,1.67358,0.98243517,1.458174,-0.35003757,1.2624354,1.0211986,0.71327674,0.89571434,0.19008113,0.78773576,0.37740484,1.125524,0.5921802,1.4865339,0.53024083,0.8928577,1.0120709,1.5105995,1.4465929,-1.3939356
0.8771562,0.87863714,0.019928545,-0.29413155,0.69096816,-0.22974597,-0.17199676,-0.1331994,0.5878254,1.1088755,-0.14416835,1.8323207,-0.15873435,0.41097012,-0.42873728,1.0243237,0.8706651,-0.7287462,0.74489886,-0.504302,0.68740654,0.8918085,1.1830275,0.7919782,1.2081134,0.74161404,-0.087133035,0.6854774,0.40168166,0.09988401,0.71623886,0.48899788,0.7753193,0.33526486,0.8541398,-0.10264498,0.21173066,0.8130361,0.46629894,0.07850302,1.3530198,-0.0016039144,-0.2274139,1.0727069,1.0514997,0.5046073,0.47220388,1.2437313,1.2470815,1.0707873,1.1250362,2.0657952,-0.047514766,1.8869107,0.5968908,0.49445987,0.5016971,1.0719367,1.5733333,-0.6530955,0.38808942,-0.041697394,0.6855584,1.585651,1.7411164,1.721343,0.94625515,1.3529141,-0.18963026,1.2231226,1.1571146,0.82646817,1.1554681,0.8010163,1.0936878,0.8973235,1.3933599,0.52027404,1.2446507,0.7668607,0.65401024,1.1370194,1.550427,1.2255698,-1.5405728
0.97727615,1.0098672,0.115114406,-0.539234,0.5130568,-0.5696736,-0.30945417,-0.4952613,0.2004441,0.9021315,0.022946969,1.8073071,-0.09065563,0.2993453,-0.5925788,0.7634466,1.1003581,-0.5773702,0.8146378,-0.24043128,0.5836396,0.6862098,0.9162334,0.7480645,1.127959,0.47176537,0.049742613,0.3705685,0.37804022,0.09518405,0.9333154,0.99729073,0.8974368,0.92048323,1.2376543,-0.48492476,-0.28504425,0.8641971,0.39765894,0.23172276,1.2188035,-0.27820942,-0.3233576,1.3225248,1.5245517,0.31987906,0.27345714,0.88111925,1.053946,0.9465784,1.1175886,1.9756802,0.2128126,2.0509033,0.5050575,0.41350505,0.41548672,0.94604284,1.7213292,-0.8771316,0.84293866,0.22872247,0.57581913,1.4892427,1.5150899,1.7358207,0.9271412,1.1987116,0.03528005,1.1822201,1.2737428,0.9733814,1.4046634,1.444824,1.4224491,1.4598936,1.6776352,0.539619,0.99371123,0.9707864,0.43666962,1.323344,1.6556991,0.9262259,-1.5404216
1.1242863,1.0691199,0.3270064,-0.66306514,0.3532585,-0.778166,-0.32876164,-0.7532455,-0.14005566,0.71859944,0.27410817,1.7492732,0.06973176,0.24905673,-0.6400099,0.51200014,1.310619,-0.36001658,0.9075867,0.0314667,0.4981207,0.47802556,0.6490788,0.7405444,1.0810083,0.22561495,0.26764673,0.110376835,0.3526145,0.15541463,1.1522597,1.5119193,1.0251614,1.5006716,1.6089045,-0.80762345,-0.6495081,0.9052722,0.34762132,0.4241309,1.1193182,-0.5035943,-0.36851743,1.5390967,1.9715713,0.15120174,0.16272758,0.50969124,0.8532576,0.83728915,1.1331959,1.8379482,0.52016807,2.158088,0.48909095,0.3768129,0.4050755,0.85213965,1.8425622,-0.9516855,1.336923,0.5615862,0.5361333,1.3348123,1.2617579,1.7115836,0.92107326,1.0179149,0.30508742,1.1373218,1.366685,1.1491816,1.6241598,2.0698285,1.7545552,2.0148873,1.9523015,0.64208955,0.75225264,1.1148295,0.26429042,1.5528978,1.8024961,0.5715178,-1.391264
1.3124448,1.0525908,0.6310281,-0.6651044,0.21070029,-0.85066146,-0.24572729,-0.87236875,-0.39170036,0.5763512,0.59299433,1.6635568,0.29232526,0.2505592,-0.5782958,0.29051605,1.4871426,-0.11531658,1.0128489,0.28737444,0.44288352,0.26472667,0.40133286,0.7637082,1.0666465,0.01870193,0.5526056,-0.07272469,0.33789435,0.28294545,1.3573983,1.976891,1.1520598,2.0073512,1.9267708,-1.0398108,-0.85715437,0.9368885,0.32249466,0.6354075,1.0593675,-0.6341041,-0.35754764,1.7036955,2.3633978,0.02260428,0.1396411,0.14955251,0.6531087,0.7515694,1.1765676,1.6623446,0.84687006,2.199048,0.5374541,0.38570964,0.45331758,0.7880434,1.9205905,-0.8888709,1.8144732,0.92066413,0.5726576,1.1250142,0.99582756,1.6410701,0.9189495,0.8310841,0.59274733,1.0824558,1.4291587,1.3376173,1.7929531,2.6131568,2.0593922,2.498955,2.1810646,0.801269,0.53452015,1.1821866,0.15245494,1.7942991,1.951543,0.18987592,-1.1116501
1.521058,0.9628249,0.984139,-0.5624469,0.08360906,-0.7993159,-0.089497596,-0.83808976,-0.5254345,0.48404416,0.94828874,1.5527647,0.53492916,0.28630918,-0.43014082,0.112250954,1.6136322,0.11668127,1.1134255,0.51098067,0.423156,0.04249116,0.1871164,0.80372256,1.0728831,-0.14196049,0.8749072,-0.16841769,0.3442508,0.46687582,1.5291185,2.3308241,1.2632581,2.3715284,2.1467319,-1.1616381,-0.90691024,0.9618158,0.32842585,0.83841735,1.0285757,-0.6359172,-0.28877777,1.7969368,2.6694179,-0.05043224,0.18618813,-0.18110654,0.4595996,0.6911125,1.2409133,1.4555924,1.1576933,2.168194,0.62532157,0.4332879,0.5312815,0.7410343,1.9375345,-0.7187981,2.213689,1.2599154,0.67382735,0.8709085,0.726477,1.5155549,0.90669984,0.65305847,0.86563635,1.0084274,1.451467,1.5121174,1.8897291,3.0081596,2.2973807,2.8442059,2.3221314,0.97707355,0.35013616,1.16835,0.106600784,2.0063417,2.054447,-0.18845834,-0.7388317
1.7163936,0.80791944,1.3308511,-0.387851,-0.030906709,-0.65051496,0.102177106,-0.659211,-0.5303425,0.43891865,1.2954924,1.4162763,0.749127,0.33359283,-0.22902316,-0.019615626,1.6727129,0.30196464,1.1889396,0.6947719,0.43538707,-0.19182849,0.012318197,0.8396984,1.0784171,-0.25880173,1.1915812,-0.17997625,0.37692505,0.68370587,1.6450064,2.5160804,1.3373903,2.535022,2.2272487,-1.1667231,-0.8203944,0.9814649,0.36913535,1.0028067,1.0025874,-0.49431947,-0.16566022,1.8008294,2.860918,-0.06448868,0.26950252,-0.4682442,0.27563527,0.6499231,1.3084352,1.2205906,1.4128494,2.064378,0.718803,0.50589854,0.6033697,0.6908454,1.8761758,-0.48318315,2.4756768,1.5290066,0.81127185,0.58978254,0.45644236,1.3271527,0.8669549,0.49005088,1.0885807,0.9041088,1.4219522,1.6392851,1.8946695,3.1937726,2.4243884,2.988317,2.3346057,1.1228577,0.20377047,1.0799955,0.120843984,2.143311,2.061473,-0.5352122,-0.32387212
1.8556285,0.6002392,1.6123021,-0.18518269,-0.13726616,-0.44051924,0.28841773,-0.36706418,-0.41635832,0.42663628,1.5824342,1.2512366,0.88759,0.36814967,-0.013168419,-0.1120354,1.6478592,0.41806853,1.2186877,0.8393903,0.46714842,-0.43890673,-0.12678729,0.84615076,1.0572475,-0.34323543,1.4514065,-0.1238701,0.4337426,0.90041745,1.6823227,2.4882693,1.3502573,2.4598894,2.1361055,-1.0632365,-0.638245,0.99238694,0.44327515,1.0992316,0.94777685,-0.22029416,0.0011136822,1.7018281,2.9148076,-0.029537525,0.34768656,-0.7038422,0.0999292,0.61500365,1.3526284,0.95604396,1.5724285,1.8907387,0.7802999,0.5849193,0.6334008,0.6137995,1.722471,-0.22804725,2.5533073,1.6806196,0.9442235,0.30134004,0.18264535,1.0704346,0.7815868,0.33888778,1.2276288,0.7579425,1.3284272,1.6840985,1.7920215,3.1245966,2.3986523,2.8853512,2.185956,1.1936079,0.095470235,0.9313307,0.17850661,2.1619203,1.9303465,-0.82699585,0.076015435
1.8929492,0.3549252,1.7762828,-0.0020392658,-0.24111597,-0.21015121,0.43151507,-0.010159604,-0.21222338,0.4238768,1.756594,1.0536108,0.9113414,0.36784035,0.18051879,-0.18090564,1.5261705,0.45633242,1.1855617,0.95112914,0.49960026,-0.69503397,-0.24179718,0.797038,0.9837251,-0.41295514,1.6032096,-0.026292011,0.50483423,1.0800033,1.6214553,2.2243109,1.2794893,2.1353974,1.8568805,-0.87288564,-0.4129408,0.985123,0.54216415,1.1038383,0.82869226,0.14836209,0.192667,1.4933573,2.817121,0.03324159,0.37766692,-0.8868636,-0.07270596,0.56845963,1.3435378,0.6581283,1.6018133,1.654473,0.77463436,0.64973843,0.59151536,0.48809725,1.4687017,0.0039576683,2.4191482,1.6779113,1.0270896,0.023583135,-0.10169766,0.74443096,0.63500845,0.18852924,1.2544607,0.5602613,1.1610888,1.6162893,1.5730898,2.7795942,2.1883047,2.5146782,1.8589034,1.153694,0.020660061,0.7394443,0.25430802,2.0286498,1.6343447,-1.047704,0.406239
1.7887622,0.08848066,1.7862788,0.11845098,-0.3481301,0.00080348883,0.50191104,0.35399628,0.039774705,0.40353245,1.7738217,0.8197992,0.79641235,0.3164912,0.32206896,-0.24702755,1.3019968,0.4212703,1.0789919,1.0386579,0.51143676,-0.9514423,-0.34941617,0.6698926,0.83795387,-0.4885421,1.6046882,0.082001306,0.57419735,1.1878654,1.4496944,1.7283192,1.1102718,1.580755,1.3932273,-0.62800354,-0.19976614,0.9454066,0.64908725,1.0017339,0.6169917,0.5519906,0.38182592,1.1778892,2.5652883,0.09545085,0.32347783,-1.0230126,-0.2501965,0.4912981,1.2546039,0.32357463,1.4768513,1.366146,0.6747148,0.6815125,0.45970863,0.29887336,1.1164435,0.18020761,2.0705776,1.5016172,1.0181873,-0.2307608,-0.4034273,0.35411853,0.4177767,0.023510285,1.1503209,0.30556583,0.9155391,1.4164369,1.238665,2.167861,1.7788975,1.8868873,1.3563422,0.98332924,-0.029150497,0.52014154,0.31834152,1.7260456,1.1687707,-1.1896974,0.62294346
1.5168713,-0.1826938,1.6278692,0.14565565,-0.46226397,0.15906487,0.4823566,0.66909915,0.29204765,0.34098437,1.6063576,0.5487466,0.5380612,0.20650144,0.3917914,-0.3316873,0.9799432,0.32637164,0.8969079,1.1091049,0.48450866,-1.19453,-0.4662888,0.45055625,0.60987616,-0.5890191,1.4306605,0.17149337,0.62326455,1.1984106,1.1649692,1.0327952,0.8396538,0.8432119,0.7708931,-0.36639383,-0.04748675,0.8583964,0.74134415,0.7892583,0.2993207,0.919566,0.53595954,0.76818067,2.1692536,0.12812258,0.16395672,-1.1227808,-0.44092515,0.36795872,1.069124,-0.047123715,1.1889642,1.0390029,0.46627426,0.6665372,0.23557533,0.042143404,0.6790094,0.28265238,1.5312555,1.1544966,0.8884803,-0.4564851,-0.72602093,-0.088158,0.12985362,-0.17132114,0.90978956,-0.005241709,0.59591115,1.0811286,0.80116856,1.3304615,1.1792113,1.0452914,0.7038577,0.68203735,-0.065234855,0.28529045,0.3414715,1.257749,0.5545443,-1.2544332,0.6999671
1.0717741,-0.44332874,1.3110181,0.067295775,-0.5837085,0.24210934,0.3698877,0.8899348,0.50105137,0.22032504,1.2492497,0.2434322,0.15242675,0.0411412,0.38188413,-0.4511055,0.57722104,0.18853763,0.6473733,1.165167,0.4088535,-1.4074916,-0.6042526,0.13661519,0.3015123,-0.7274959,1.0792192,0.21995996,0.6353083,1.100225,0.7787306,0.19628209,0.4794396,-0.008040019,0.0368352,-0.12543939,0.010438008,0.71447676,0.7942395,0.4750569,-0.117163084,1.1826777,0.62199146,0.2872721,1.6512501,0.10798767,-0.10233934,-1.1988535,-0.6506188,0.19056967,0.78622204,-0.44644168,0.74794686,0.68804944,0.15075497,0.5992314,-0.066968545,-0.27278277,0.18218048,0.3097945,0.8488217,0.662917,0.62865037,-0.65549546,-1.0658872,-0.56262124,-0.21742138,-0.40579823,0.54248387,-0.36335352,0.21730673,0.62555945,0.28513348,0.33723643,0.4237616,0.062345512,-0.051720623,0.26926553,-0.099998474,0.04307886,0.30052736,0.65005565,-0.1621911,-1.2519131,0.6321682
0.4726093,-0.679877,0.8681651,-0.10777737,-0.7072808,0.24094298,0.17598997,0.99029,0.63561,0.039119598,0.7233527,-0.08826124,-0.32534236,-0.16562538,0.29614493,-0.6125572,0.12394216,0.022254998,0.34673318,1.2026701,0.28624678,-1.5727351,-0.7663721,-0.2602327,-0.072819725,-0.9081896,0.57397157,0.21688429,0.59995764,0.89899564,0.31660038,-0.70346415,0.0561894,-0.89093715,-0.7455663,0.064525716,-0.038368963,0.5146407,0.78728384,0.079386495,-0.60397357,1.2895472,0.6127479,-0.23293185,1.0442002,0.02374399,-0.4551028,-1.2625998,-0.8794849,-0.037711192,0.42325768,-0.8580957,0.18294097,0.32905713,-0.2539709,0.48434743,-0.42012537,-0.62353086,-0.3369357,0.27572647,0.088821255,0.07440123,0.25242525,-0.8348362,-1.410314,-1.0425136,-0.6013694,-0.6801445,0.07321673,-0.7511111,-0.19388573,0.08300435,-0.27367166,-0.7212019,-0.4286858,-0.96861464,-0.8469505,-0.21775831,-0.1445261,-0.2002739,0.18345723,-0.049875356,-0.91464883,-1.1996992,0.43623182
-0.23696256,-0.88079643,0.34843117,-0.35114422,-0.8219057,0.16064593,-0.07545956,0.9669074,0.68284494,-0.18915921,0.074002236,-0.43280283,-0.84582925,-0.3904216,0.1477835,-0.8115157,-0.33890587,-0.16476047,0.0185244,1.2105689,0.13108958,-1.6746913,-0.94531643,-0.7144097,-0.4880854,-1.1247745,-0.038010415,0.1651436,0.5164877,0.6171165,-0.18284616,-1.5796368,-0.39155513,-1.7214354,-1.503313,0.18551143,-0.18313959,0.27388623,0.7099628,-0.36815646,-1.1145145,1.2162901,0.4944192,-0.7541879,0.3890333,-0.12109435,-0.8549477,-1.3213598,-1.1202196,-0.30141494,0.015114389,-1.2571054,-0.45987722,-0.022508794,-0.7151462,0.33702624,-0.7867859,-0.9771906,-0.83328503,0.20633356,-0.673801,-0.5483514,-0.20450273,-1.0029469,-1.737069,-1.4959714,-0.98967874,-0.9830517,-0.45980954,-1.1429503,-0.60105103,-0.49867615,-0.8313758,-1.7446666,-1.3009231,-1.9452164,-1.6094751,-0.72943085,-0.20622326,-0.43703645,-0.007994045,-0.77956975,-1.624082,-1.1207876,0.14744373
-0.99282646,-1.0366273,-0.19078557,-0.6200236,-0.9115433,0.019024543,-0.3523093,0.8397184,0.64982367,-0.43653792,-0.63442445,-0.7718824,-1.3525263,-0.60390514,-0.043179203,-1.0318681,-0.7639344,-0.3727712,-0.30946645,1.1724236,-0.03126817,-1.7026815,-1.1238401,-1.1881762,-0.91165197,-1.3606571,-0.6920089,0.080612294,0.39549252,0.2904891,-0.6721414,-2.3476095,-0.8183467,-2.423848,-2.1629446,0.23530844,-0.39206478,0.020589808,0.56653595,-0.83191746,-1.5918616,0.97232085,0.2711259,-1.2356488,-0.26844266,-0.3075322,-1.2488072,-1.3768884,-1.3570535,-0.5740888,-0.39072886,-1.6121985,-1.1223462,-0.35233152,-1.1888887,0.18097408,-1.1269544,-1.2947221,-1.2590503,0.13383871,-1.3641001,-1.1362029,-0.68946874,-1.1656126,-2.0164526,-1.8886752,-1.3441594,-1.2919929,-1.0090413,-1.507163,-0.96132135,-1.0630895,-1.340466,-2.6367207,-2.106451,-2.7696743,-2.2674298,-1.210335,-0.2867409,-0.6549698,-0.25743258,-1.4697337,-2.2109935,-1.0411674,-0.18610676
-1.717829,-1.1397861,-0.6927239,-0.8652996,-0.9576715,-0.15670624,-0.61903185,0.64719003,0.56171465,-0.66503316,-1.3266696,-1.0834036,-1.7899268,-0.7753636,-0.25317213,-1.248125,-1.1035914,-0.6082333,-0.6084721,1.0698036,-0.16876921,-1.6534457,-1.2783884,-1.6364578,-1.3072414,-1.5916351,-1.3151032,-0.011756994,0.2574911,-0.03720472,-1.1006908,-2.9360445,-1.1785609,-2.9396768,-2.6602407,0.2275934,-0.61864793,-0.20757034,0.377439,-1.2742858,-1.9781779,0.599062,-0.032853622,-1.6381769,-0.88141406,-0.5042274,-1.579072,-1.4248377,-1.5670791,-0.8219575,-0.7414813,-1.8899447,-1.7415591,-0.64762545,-1.6255475,0.045478374,-1.404209,-1.5368934,-1.5702505,0.09030436,-1.9165312,-1.6230813,-1.1407392,-1.3226293,-2.2153444,-2.1874042,-1.6259388,-1.576217,-1.522621,-1.8093777,-1.2308749,-1.553193,-1.7554059,-3.317151,-2.7612793,-3.3617969,-2.7591662,-1.6069577,-0.38070172,-0.83572984,-0.53596616,-2.053732,-2.607215,-0.9863939,-0.5109366
-2.3330226,-1.1845149,-1.1094724,-1.0411103,-0.94307745,-0.33466607,-0.8422407,0.4392284,0.45566186,-0.8329823,-1.9274757,-1.343346,-2.1114411,-0.8773991,-0.4578399,-1.4295157,-1.3172162,-0.8793873,-0.8512507,0.88678294,-0.2486658,-1.5322672,-1.3834236,-2.0120916,-1.6391026,-1.7895639,-1.8366613,-0.08279503,0.12997223,-0.32141402,-1.4219203,-3.296025,-1.4333609,-3.2333553,-2.9484541,0.1891936,-0.81086403,-0.3711391,0.17734241,-1.6594176,-2.2248976,0.16206509,-0.3763132,-1.9286579,-1.4061583,-0.6725248,-1.7930495,-1.4564316,-1.7227412,-1.0090489,-0.9880211,-2.0597506,-2.2575293,-0.89790183,-1.9758842,-0.039841928,-1.5908895,-1.6702198,-1.7330209,0.10153558,-2.2826872,-1.9552296,-1.4978286,-1.4663742,-2.3025057,-2.3637848,-1.800695,-1.8019336,-1.9503915,-2.0168977,-1.3714011,-1.9192166,-2.038422,-3.7321806,-3.1954467,-3.6695764,-3.0414445,-1.8754073,-0.47588894,-0.9555233,-0.80634344,-2.4765456,-2.7669194,-0.9778491,-0.7765874
-2.7678328,-1.1673689,-1.4076047,-1.1130921,-0.85605854,-0.4834411,-0.99583566,0.26752332,0.37269646,-0.9033759,-2.371768,-1.5288063,-2.2856617,-0.89056784,-0.6347673,-1.5453233,-1.3775053,-1.1900126,-1.0145923,0.6145639,-0.24442437,-1.3533098,-1.4172535,-2.272742,-1.8763596,-1.9272156,-2.1984994,-0.10566412,0.0420974,-0.52367026,-1.6000562,-3.406241,-1.5567179,-3.2939525,-3.0046098,0.15437075,-0.92151517,-0.4376118,0.009328135,-1.9565805,-2.3012772,-0.2612986,-0.70768934,-2.084051,-1.805843,-0.77424407,-1.852262,-1.4606203,-1.7962772,-1.1039219,-1.0938766,-2.0995343,-2.621221,-1.0944327,-2.197201,-0.05023067,-1.671396,-1.6725568,-1.7289562,0.18237363,-2.4360301,-2.0979512,-1.7112336,-1.5829287,-2.254507,-2.3977165,-1.8437015,-1.9383917,-2.2496874,-2.103171,-1.3564582,-2.1253664,-2.1644454,-3.8599474,-3.3633814,-3.6751447,-3.0949597,-1.9871594,-0.55508584,-0.9884173,-1.0285535,-2.7015336,-2.6738045,-1.0290786,-0.9428838
-2.9705846,-1.087834,-1.5709487,-1.0648873,-0.69407797,-0.5770605,-1.0642968,0.17662977,0.34862745,-0.8506213,-2.6134436,-1.6204813,-2.2998865,-0.8062085,-0.76533693,-1.5706512,-1.2751509,-1.5337578,-1.081934,0.2560362,-0.14085472,-1.1379875,-1.3664786,-2.386472,-1.9964374,-1.9828631,-2.3631318,-0.061513383,0.018846253,-0.6172745,-1.6157299,-3.273768,-1.5390111,-3.133548,-2.8316903,0.15738663,-0.9175545,-0.38906375,-0.0833601,-2.1428044,-2.1991978,-0.596447,-0.97458327,-2.094335,-2.0541747,-0.778423,-1.7390207,-1.4273111,-1.7643646,-1.0852494,-1.0414691,-1.9997972,-2.8002076,-1.2301745,-2.2588525,0.02923215,-1.643083,-1.5364336,-1.5582163,0.33402184,-2.3737464,-2.0393908,-1.7501706,-1.6552775,-2.0612018,-2.2806034,-1.7429359,-1.9638686,-2.3897982,-2.0519571,-1.1764555,-2.154619,-2.1245267,-3.7111166,-3.2501707,-3.3953657,-2.9259632,-1.9330683,-0.5990946,-0.9115886,-1.1657507,-2.7139013,-2.3433042,-1.1426026,-0.9857811
-2.9156802,-0.9493548,-1.6001093,-0.9003142,-0.46635577,-0.59893614,-1.044413,0.19609587,0.40642446,-0.6661694,-2.6311595,-1.605647,-2.1604228,-0.62803304,-0.8360088,-1.4909492,-1.0209633,-1.8899952,-1.0446672,-0.1721678,0.061845876,-0.9123235,-1.2289354,-2.3365238,-1.9876974,-1.9435798,-2.3183014,0.05630459,0.07577532,-0.59077305,-1.4690225,-2.9308605,-1.3880316,-2.78252,-2.456996,0.22492822,-0.78677,-0.22721949,-0.066213585,-2.2034485,-1.9348962,-0.78511614,-1.1340069,-1.964008,-2.138268,-0.6684409,-1.4597919,-1.3496027,-1.6126448,-0.94616646,-0.83545333,-1.7661525,-2.7818952,-1.3000742,-2.1459022,0.19987275,-1.5147123,-1.2707386,-1.2399827,0.54388523,-2.1149564,-1.7907907,-1.6073183,-1.6679708,-1.7290882,-2.0165172,-1.5009774,-1.8698274,-2.3555808,-1.860248,-0.8413019,-2.0099404,-1.927107,-3.3241725,-2.873561,-2.8773184,-2.5640924,-1.7239455,-0.59069854,-0.7111435,-1.1896112,-2.5211039,-1.8201401,-1.3078678,-0.9003393
-2.6068273,-0.76062006,-1.5102398,-0.64236873,-0.19392392,-0.5440915,-0.9446648,0.3358486,0.5508777,-0.36084178,-2.4300072,-1.4803929,-1.890283,-0.37155235,-0.83935255,-1.3050319,-0.6446299,-2.2236102,-0.9027921,-0.6398015,0.34671172,-0.7034648,-1.0151997,-2.1236863,-1.850798,-1.8074408,-2.0777915,0.24019983,0.2148919,-0.4486289,-1.1794654,-2.427916,-1.1269752,-2.2828507,-1.9270228,0.36958504,-0.5400947,0.02508403,0.07829163,-2.1327076,-1.5461301,-0.7958902,-1.1602341,-1.7121385,-2.0601335,-0.44486743,-1.0438613,-1.2258998,-1.3390845,-0.6962383,-0.50217015,-1.4197562,-2.5739496,-1.3006102,-1.8610797,0.44782105,-1.3036016,-0.89953184,-0.8100158,0.7875492,-1.6971958,-1.3833213,-1.2994826,-1.612467,-1.2823368,-1.6229732,-1.1339816,-1.6631068,-2.1485763,-1.5394726,-0.3799821,-1.7128636,-1.5969168,-2.7571206,-2.280564,-2.1892586,-2.0567846,-1.3880775,-0.5186241,-0.38739592,-1.0841061,-2.1495526,-1.1707442,-1.501642,-0.70122725
-2.0762033,-0.5361794,-1.3272538,-0.3280181,0.092420064,-0.41936934,-0.7823835,0.5847977,0.7673416,0.03581905,-2.039351,-1.2511123,-1.5240934,-0.06191066,-0.7744599,-1.0259403,-0.19089378,-2.4888332,-0.6656798,-1.105894,0.68217874,-0.5354673,-0.7466029,-1.76611,-1.598696,-1.5834302,-1.6779428,0.46938682,0.42337158,-0.20944442,-0.78307533,-1.8243414,-0.79013395,-1.6814334,-1.2994384,0.58655274,-0.20991535,0.3271898,0.3464351,-1.9327267,-1.0861725,-0.629397,-1.0496454,-1.3706051,-1.8371265,-0.12688789,-0.5385775,-1.0603509,-0.9555937,-0.36054462,-0.08471725,-0.99484086,-2.2016797,-1.2306339,-1.4242147,0.7448396,-1.0320508,-0.4586735,-0.31595,1.0324968,-1.1700873,-0.8630747,-0.86393666,-1.4908421,-0.76068026,-1.1289265,-0.66986114,-1.3647139,-1.7869025,-1.1148083,0.1625164,-1.29902,-1.1716162,-2.0771422,-1.5401658,-1.4093462,-1.4612885,-0.96585417,-0.38084322,0.04216593,-0.8478962,-1.640223,-0.47315276,-1.6902579,-0.4198492
-1.3797895,-0.2966236,-1.0837499,-0.0011281045,0.35666832,-0.24169463,-0.57996416,0.9134725,1.0240514,0.47976968,-1.5076647,-0.9339429,-1.1022228,0.26960522,-0.6467386,-0.6794874,0.28642234,-2.6363773,-0.35054705,-1.5244011,1.0264245,-0.4258671,-0.4528289,-1.2968928,-1.2552838,-1.2899748,-1.171026,0.71345603,0.67461777,0.09818571,-0.32687357,-1.1797085,-0.41681674,-1.0240926,-0.6345147,0.85324734,0.15595126,0.6270485,0.71206564,-1.6124041,-0.6157907,-0.31788886,-0.82033825,-0.9806494,-1.5004187,0.2509265,-0.0016032273,-0.8619714,-0.48732084,0.024347518,0.36395013,-0.5344594,-1.7033526,-1.0916765,-0.8703821,1.0515838,-0.72400934,0.009003364,0.18880273,1.2433228,-0.5892002,-0.2842168,-0.35218066,-1.3176949,-0.2147964,-0.57231605,-0.14460626,-1.0066961,-1.3030771,-0.6220877,0.73113835,-0.81216687,-0.69688314,-1.3501958,-0.7326867,-0.61419,-0.8361259,-0.50279903,-0.18622357,0.54322153,-0.49441338,-1.0425856,0.19396618,-1.8346139,-0.099051945
-0.5891169,-0.06737589,-0.81535125,0.29569355,0.56333137,-0.03486105,-0.3602134,1.2791795,1.277895,0.9184719,-0.8947226,-0.553712,-0.66482246,0.58958745,-0.46737567,-0.30043164,0.73186296,-2.6234653,0.018306466,-1.8507557,1.3331879,-0.3829825,-0.16710685,-0.75976247,-0.8527989,-0.95201075,-0.6169896,0.93778145,0.9318301,0.4407693,0.138099,-0.5458954,-0.04503415,-0.3518994,0.01318843,1.1331627,0.5029222,0.86994547,1.1310768,-1.1866956,-0.19392677,0.08071874,-0.50834024,-0.5880898,-1.0919076,0.644317,0.5077955,-0.64292824,0.030169655,0.41587573,0.7898364,-0.08462531,-1.1246581,-0.88894427,-0.2458331,1.3231277,-0.40239537,0.4598612,0.6516754,1.3864406,-0.009591929,0.29770714,0.1782119,-1.1189908,0.30064654,0.0038779178,0.40154502,-0.6268217,-0.74024343,-0.103502266,1.268126,-0.29736117,-0.22062555,-0.6330364,0.061366923,0.13076127,-0.23330718,-0.042361725,0.045282327,1.0680704,-0.05043958,-0.40952116,0.76137847,-1.8968691,0.21342796
0.2183022,0.12385236,-0.5577764,0.52860373,0.68368477,0.17474587,-0.14264451,1.6336411,1.4826974,1.2989005,-0.2634368,-0.14064695,-0.24656244,0.86701435,-0.2522227,0.07258859,1.0955572,-2.4236953,0.41178653,-2.048996,1.5589697,-0.40501496,0.07853601,-0.20346054,-0.4285735,-0.5972242,-0.074447,1.1100686,1.1539148,0.7852092,0.56392795,0.037725985,0.29410902,0.30033234,0.60049355,1.3824283,0.7794675,1.0081167,1.54874,-0.6754794,0.13080569,0.49327344,-0.16014749,-0.23771885,-0.659785,1.0068402,0.93730015,-0.41642538,0.55525446,0.77202684,1.1464484,0.31185538,-0.513415,-0.63162434,0.3968456,1.5151538,-0.08755046,0.8550131,1.0271115,1.4352163,0.51981854,0.8319039,0.67274576,-0.92811376,0.7345148,0.5558995,0.9277859,-0.26285928,-0.1481337,0.39768243,1.7208086,0.20460592,0.21300317,0.031861927,0.7721269,0.77751607,0.3070532,0.3799976,0.285373,1.5621935,0.44709837,0.20741907,1.1761124,-1.8474902,0.47267687
0.96854407,0.2504553,-0.34416533,0.6778173,0.70108855,0.36250308,0.0591985,1.9305962,1.5975454,1.5748478,0.3278836,0.2726664,0.12645678,1.077051,-0.02002095,0.403252,1.3396205,-2.03502,0.7979658,-2.0971591,1.6699373,-0.48089203,0.25796106,0.32341084,-0.020774264,-0.25256774,0.4066685,1.2060096,1.3017297,1.1035031,0.91183513,0.5461834,0.58007294,0.9034922,1.0986718,1.5579804,0.94577426,1.0087961,1.9097335,-0.10368205,0.3268461,0.84414715,0.17607315,0.032483157,-0.25294986,1.2975616,1.2482194,-0.19411111,1.0455632,1.0579271,1.4009286,0.62118185,0.08535623,-0.3341867,1.0041919,1.5909694,0.20351702,1.1650352,1.2813833,1.3735515,0.95944864,1.2775447,1.0864104,-0.7801151,1.0464483,1.0436124,1.3959264,0.052741703,0.4220854,0.8425832,2.048067,0.6618815,0.56857306,0.61739796,1.3477496,1.2977085,0.75948566,0.7405142,0.50150174,1.9720703,0.95498395,0.7614805,1.4052483,-1.6719081,0.64305633
1.599886,0.2913795,-0.20313746,0.73990643,0.61412424,0.50915277,0.23827602,2.1332066,1.5944042,1.7139578,0.8313917,0.6553801,0.4379224,1.2040982,0.20953885,0.6627279,1.4425952,-1.4832116,1.1448079,-1.9906862,1.6469547,-0.59240323,0.3545838,0.77800566,0.33519912,0.05917694,0.7902542,1.2139468,1.3448306,1.3751924,1.1565233,0.96754605,0.80465347,1.4326285,1.4930646,1.6260129,0.9805951,0.86022544,2.1680098,0.49916312,0.38309783,1.0679281,0.45822453,0.19634557,0.084242135,1.4878935,1.4197112,0.015278371,1.463166,1.2505105,1.5382725,0.82312304,0.63253653,-0.01584803,1.5272762,1.5272555,0.45709723,1.3728789,1.3957199,1.198184,1.2818013,1.6067804,1.3891709,-0.7050098,1.2126192,1.4337308,1.7729721,0.29718608,0.92275393,1.2007809,2.2254202,1.053298,0.8231041,1.1098748,1.7590148,1.6810011,1.1125867,1.0279688,0.66282004,2.2529957,1.4287833,1.2130172,1.4366682,-1.3741393,0.7031932
2.068548,0.23521152,-0.15659507,0.7268898,0.4371949,0.6031609,0.39331186,2.2189429,1.4631438,1.7016213,1.2139574,0.98167354,0.6806133,1.2435602,0.41775674,0.83431077,1.4010526,-0.820653,1.422892,-1.7430625,1.4882466,-0.7176285,0.36389753,1.1269013,0.61093026,0.32196656,1.0564225,1.1367574,1.2662117,1.5887837,1.2878819,1.2999625,0.9706837,1.8652449,1.780732,1.5681151,0.88421893,0.5737449,2.2941282,1.0989162,0.30950463,1.1202993,0.65673834,0.24297927,0.31700665,1.5663437,1.4495313,0.20719546,1.7789307,1.3413103,1.5615464,0.9131145,1.0967941,0.29942822,1.926594,1.3177676,0.6628133,1.474751,1.3675411,0.9187406,1.4715936,1.805865,1.5668836,-0.721957,1.2287517,1.7026645,2.032907,0.45947856,1.3141818,1.4537148,2.2469866,1.3684951,0.9677599,1.5050106,1.9990473,1.9309765,1.3664432,1.2418853,0.74574333,2.3754995,1.8275522,1.5313411,1.2768059,-0.97733724,0.6483996
2.3521614,0.083288014,-0.2177496,0.6624577,0.19817938,0.6415729,0.52669376,2.1821046,1.2132659,1.5428163,1.4584229,1.233485,0.8546164,1.2016236,0.58878106,0.91525215,1.2289053,-0.119253196,1.6073731,-1.3831862,1.2099894,-0.83464783,0.29383406,1.3488835,0.78748953,0.52787113,1.2010242,0.99081194,1.0654266,1.7406833,1.3106614,1.5473002,1.0893189,2.180865,1.966294,1.3850936,0.6780992,0.18201599,2.2796237,1.6577138,0.13354382,0.98473376,0.757805,0.17832859,0.42366865,1.5389905,1.3525895,0.38076255,1.9753447,1.3366878,1.4891508,0.9021971,1.4550712,0.58538175,2.1755688,0.9746629,0.8135527,1.4790419,1.2098173,0.55682784,1.5255003,1.8744409,1.6210461,-0.83497226,1.1105225,1.8379391,2.1582096,0.54078126,1.568315,1.595284,2.1247947,1.6060102,1.0076786,1.8032309,2.0802505,2.0596611,1.5284644,1.3893014,0.7389981,2.328826,2.1183813,1.6956465,0.9478449,-0.5200915,0.48991644
2.4496498,-0.1490187,-0.38943434,0.5761143,-0.066614464,0.62910587,0.6415092,2.0335495,0.87178457,1.2604302,1.5628351,1.4018764,0.9646299,1.0939318,0.7106818,0.9163838,0.95440364,0.54015607,1.6803811,-0.95112914,0.8426624,-0.9246324,0.16338134,1.4365252,0.8573227,0.6772116,1.2328347,0.80265045,0.75903565,1.8333397,1.2417134,1.7159358,1.1758459,2.3620627,2.0577312,1.0965164,0.4006462,-0.26589072,2.1365204,2.1363676,-0.10510571,0.6743763,0.76337343,0.024013864,0.39759904,1.4271089,1.1563544,0.53773487,2.0475526,1.2555904,1.3499998,0.81448776,1.6930709,0.8157524,2.2624578,0.5273944,0.9053982,1.4032987,0.9486036,0.14266324,1.4502356,1.8229835,1.5646373,-1.0316685,0.8903106,1.8389087,2.1408021,0.5526258,1.6711798,1.6313744,1.8855506,1.7704344,0.95993996,2.0062375,2.0286856,2.082322,1.6092436,1.4805526,0.6461222,2.121477,2.2796824,1.6959933,0.4838892,-0.049969416,0.25173813
2.378238,-0.43345755,-0.6628947,0.49662632,-0.31872374,0.5758942,0.73919904,1.797358,0.47819954,0.8910395,1.5386326,1.4871584,1.0177008,0.9422263,0.7764,0.85936916,0.61504054,1.081047,1.6327624,-0.49203643,0.4263124,-0.97426164,-0.00084124267,1.3956753,0.8244264,0.7776428,1.1698337,0.6036745,0.37781718,1.8725586,1.1063756,1.811917,1.244607,2.396995,2.0634432,0.7374167,0.100955755,-0.712491,1.8933958,2.4970777,-0.36152905,0.22873215,0.68897945,-0.18590361,0.24758697,1.2617557,0.89583,0.6807452,2.0026095,1.1252031,1.1772248,0.6823687,1.8044051,0.96826094,2.1907628,0.018401334,0.93821245,1.2708153,0.61927205,-0.28850865,1.2614025,1.669531,1.4184569,-1.2849916,0.61223817,1.7158494,1.9829983,0.5140081,1.6238917,1.5773246,1.5656047,1.8693652,0.8501212,2.1148021,1.8771497,2.0138147,1.6190552,1.5257021,0.48489824,1.7786149,2.3030558,1.534404,-0.07243141,0.38502833,-0.034126293
2.1691463,-0.7325232,-1.018043,0.44607857,-0.52456844,0.4947418,0.81774616,1.5062195,0.076997235,0.47841698,1.4069492,1.4970894,1.0211374,0.7705911,0.78387177,0.77163774,0.25196674,1.4433206,1.4651711,-0.049832977,0.0035509593,-0.9772405,-0.16920996,1.244252,0.7030749,0.8415869,1.0346273,0.423599,-0.037971295,1.8648571,0.9337214,1.8404685,1.3058133,2.2831278,1.9905288,0.35191062,-0.16944228,-1.1006141,1.5879399,2.7079127,-0.5931171,-0.29320252,0.5591241,-0.41039246,-0.004022171,1.0761727,0.60708874,0.8111898,1.85699,0.9757313,1.0018212,0.54025733,1.7904731,1.0277485,1.9775839,-0.50258297,0.91577506,1.1061878,0.2616247,-0.70082814,0.98112637,1.4355963,1.2057174,-1.5578141,0.32458884,1.4888619,1.6975403,0.44749993,1.4419657,1.4545741,1.2050694,1.9108877,0.70797795,2.1292703,1.6589974,1.8668282,1.5660322,1.5318898,0.28419375,1.3367856,2.1932492,1.224807,-0.6737503,0.7446585,-0.33355048
1.8613702,-1.0052915,-1.4249547,0.43566528,-0.6613436,0.39798617,0.87105775,1.195227,-0.29051635,0.066281475,1.1949164,1.4445175,0.9816822,0.60103273,0.73594534,0.68088853,-0.095822476,1.5928595,1.1886127,0.3382349,-0.38774502,-0.93463695,-0.3145046,1.0092256,0.51531595,0.88343704,0.8508228,0.28494588,-0.44489422,1.8157642,0.7520122,1.806363,1.362652,2.0301642,1.8448261,-0.013922124,-0.36500022,-1.38213,1.2591904,2.7467854,-0.765283,-0.8228778,0.40187222,-0.607869,-0.3244551,0.8988525,0.32214183,0.92771226,1.6332283,0.83486354,0.847282,0.4182538,1.6599748,0.9889323,1.6510426,-0.9849411,0.84585154,0.9315608,-0.08554125,-1.0618049,0.63607275,1.1429992,0.9488827,-1.8092655,0.07285292,1.1851563,1.3069555,0.37509185,1.1530838,1.2866676,0.8418318,1.9018681,0.56264454,2.0511582,1.4032167,1.652293,1.455934,1.5023113,0.077876166,0.8375272,1.9660885,0.7930355,-1.271122,1.0027354,-0.61472696
1.4960579,-1.2141799,-1.8470514,0.4638679,-0.7206201,0.29508775,0.889583,0.8960228,-0.59355795,-0.3087905,0.93217707,1.3436563,0.9051643,0.44981343,0.6400099,0.60932386,-0.39664757,1.5263569,0.82357305,0.6454527,-0.719957,-0.854151,-0.417016,0.7234153,0.2875896,0.9162571,0.6399771,0.19843027,-0.80353063,1.7286372,0.58467734,1.715689,1.4111685,1.6619868,1.6325512,-0.31933215,-0.4531663,-1.5250567,0.9397692,2.60524,-0.85607356,-1.2923018,0.24411912,-0.7430358,-0.675464,0.7476508,0.06482383,1.0252465,1.356182,0.72324026,0.7262026,0.33640411,1.4285457,0.8572482,1.2465227,-1.3835814,0.74012434,0.76379174,-0.38932002,-1.3459816,0.25565687,0.8116173,0.66742104,-2.0017078,-0.107797235,0.83640224,0.84177303,0.31479645,0.793376,1.0957749,0.5067311,1.8476288,0.43837154,1.8859707,1.131502,1.380912,1.2930734,1.4365249,-0.10160222,0.3203812,1.6451094,0.2748057,-1.8179692,1.1506354,-0.8517963
1.1106498,-1.3317342,-2.2452402,0.51793015,-0.70924485,0.19135994,0.86261845,0.6321833,-0.8169324,-0.6223966,0.64718825,1.2070438,0.79710835,0.32528505,0.5076652,0.5695537,-0.6294433,1.2703195,0.3995822,0.8576281,-0.98006475,-0.7487662,-0.46791118,0.42112574,0.046906795,0.9490771,0.4201653,0.16122459,-1.0844959,1.6049769,0.44714677,1.5772095,1.4417421,1.2160232,1.3624824,-0.5343711,-0.4199132,-1.5180018,0.65043527,2.291102,-0.8578509,-1.6436636,0.106913485,-0.7926679,-1.0187265,0.62769616,-0.15134466,1.0957345,1.0495886,0.6510215,0.6390758,0.30149308,1.1179658,0.64831454,0.80291057,-1.6642432,0.6132655,0.61276513,-0.62696755,-1.5376343,-0.13070601,0.45841584,0.37664112,-2.106726,-0.19740975,0.47504494,0.33790764,0.278503,0.40274513,0.89964044,0.21990319,1.7521515,0.35110942,1.6455436,0.8579291,1.0655559,1.0824863,1.3319805,-0.22994931,-0.18275706,1.2571344,-0.28642207,-2.2739122,1.1970215,-1.0258555
0.7355289,-1.3455899,-2.5824974,0.5776329,-0.6467222,0.08794315,0.7808192,0.41654378,-0.96260285,-0.86485153,0.36519858,1.0429971,0.6635175,0.22709413,0.35401994,0.56287146,-0.78578347,0.8751358,-0.047836542,0.97289896,-1.1696465,-0.6345009,-0.47043493,0.13438702,-0.18253243,0.98519754,0.20502731,0.15834735,-1.2729584,1.4452968,0.3451866,1.4033902,1.4423324,0.7398402,1.0478921,-0.6438544,-0.2717595,-1.3715216,0.39755112,1.8290447,-0.7768119,-1.836482,0.0031739941,-0.7494535,-1.3218045,0.5321503,-0.32310376,1.1295623,0.733243,0.61715466,0.57516825,0.30599576,0.75506496,0.38525257,0.35878345,-1.8070884,0.48176804,0.48150757,-0.7882994,-1.6326183,-0.49564692,0.09836701,0.08844036,-2.109074,-0.19353338,0.13133214,-0.16709551,0.2710834,0.020349788,0.71033746,-0.0103328,1.6191739,0.30650437,1.3492117,0.5899308,0.7228382,0.83178455,1.1862643,-0.29523134,-0.6509472,0.8281749,-0.84389335,-2.608636,1.1645749,-1.1249579
0.39222625,-1.2609907,-2.8281024,0.6207612,-0.56027615,-0.016976941,0.63965666,0.25057772,-1.0478848,-1.039997,0.105946645,0.855054,0.5118302,0.14794923,0.19678323,0.5797926,-0.8696526,0.40562883,-0.4804358,0.9993567,-1.3031034,-0.5281044,-0.43894842,-0.11034126,-0.3818863,1.0220971,0.004578419,0.16623496,-1.3702006,1.2507817,0.27493924,1.2104816,1.401784,0.2853613,0.70751303,-0.6483782,-0.034820862,-1.115769,0.17443074,1.2590144,-0.63044214,-1.8521377,-0.06353556,-0.62320316,-1.5625762,0.44686192,-0.45547688,1.1181933,0.42220917,0.610244,0.5158059,0.33042112,0.37038398,0.09485849,-0.050886884,-1.8078067,0.3624685,0.36764374,-0.8760785,-1.6391164,-0.816401,-0.25442564,-0.18719737,-2.0077653,-0.11098954,-0.16998206,-0.6374356,0.2908392,-0.31980515,0.533795,-0.18689121,1.4533684,0.29958776,1.0230657,0.33089826,0.37370795,0.55292153,0.99907035,-0.2995709,-1.0744324,0.3801026,-1.3522983,-2.8053257,1.0845608,-1.1425503
0.09246444,-1.0997874,-2.960726,0.62926537,-0.47803104,-0.12575896,0.44197154,0.12668483,-1.1001848,-1.1619549,-0.11647854,0.64302844,0.35157332,0.076405086,0.055274334,0.6032883,-0.8951596,-0.07064912,-0.86094874,0.95164293,-1.4027276,-0.4439652,-0.39478317,-0.29458377,-0.53898895,1.0528086,-0.1740753,0.15874422,-1.3922808,1.0249861,0.22454792,1.0168737,1.3137814,-0.09834172,0.3650339,-0.5634778,0.24960454,-0.7955818,-0.034940068,0.63199985,-0.4433847,-1.695233,-0.0984495,-0.43900922,-1.7324756,0.35615987,-0.5584575,1.0568804,0.12661295,0.6118,0.4387554,0.3483084,-0.0038936555,-0.19622463,-0.39751518,-1.6773949,0.27076045,0.2659632,-0.9043715,-1.5771842,-1.0771096,-0.5848877,-0.4416194,-1.8147104,0.022061095,-0.41151172,-1.0425076,0.3313341,-0.5918972,0.3712161,-0.32164153,1.2612761,0.3164699,0.69747835,0.082689725,0.042377602,0.2625972,0.77437645,-0.25754324,-1.4520428,-0.07089135,-1.7728002,-2.8624024,0.98997724,-1.076667
-0.15968956,-0.89645153,-2.97034,0.5943809,-0.42260084,-0.2390509,0.19978464,0.031680904,-1.1498934,-1.2488512,-0.293498,0.40586513,0.19401349,0.001060568,-0.051476546,0.61336553,-0.8834349,-0.49401897,-1.157993,0.84690374,-1.492192,-0.39191914,-0.36071283,-0.40877792,-0.64826244,1.0686686,-0.32568774,0.114047796,-1.3661304,0.7749799,0.17732383,0.84107965,1.1786789,-0.37265292,0.046831526,-0.41706756,0.5320496,-0.46327066,-0.25013423,0.0035338982,-0.2427327,-1.3919885,-0.11359558,-0.23256363,-1.8367541,0.24912196,-0.64284074,0.94697976,-0.1463249,0.60086197,0.32342604,0.33295003,-0.336497,-0.46510518,-0.66060245,-1.4396696,0.21894486,0.17117885,-0.8951232,-1.4767985,-1.2701632,-0.87605405,-0.6665059,-1.5515525,0.16976212,-0.5839498,-1.3593671,0.38385233,-0.77993345,0.22131181,-0.43185806,1.0518353,0.33733267,0.40287519,-0.15200044,-0.24630128,-0.018494392,0.52109003,-0.19155367,-1.7861179,-0.5143782,-2.077716,-2.7939184,0.90897876,-0.9291223
-0.36567113,-0.6916504,-2.8587275,0.519362,-0.4059063,-0.3535092,-0.06557942,-0.048393838,-1.2228464,-1.3168641,-0.4213454,0.14530209,0.05154843,-0.08555249,-0.10662704,0.5926721,-0.85786265,-0.82107294,-1.3502109,0.70112944,-1.5904353,-0.37533858,-0.35536495,-0.45194888,-0.7092676,1.0622971,-0.44591892,0.020339103,-1.323308,0.5119401,0.115684815,0.6988152,1.0042675,-0.51511574,-0.22143121,-0.24505743,0.76333606,-0.17041463,-0.4873816,-0.5735643,-0.053369492,-0.98623306,-0.12501082,-0.04363527,-1.8922452,0.12432354,-0.71685636,0.7974672,-0.39029658,0.5588945,0.15585345,0.2643616,-0.59968376,-0.6948633,-0.82871455,-1.12751,0.21516521,0.08068547,-0.8736123,-1.3741131,-1.3966488,-1.1096821,-0.8537864,-1.245244,0.2959721,-0.6856805,-1.5738304,0.43976748,-0.87780374,0.08287915,-0.5357689,0.8360159,0.34080508,0.16508095,-0.36848027,-0.47035262,-0.26766217,0.25345638,-0.12584713,-2.0769715,-0.943419,-2.2540424,-2.6273458,0.8597575,-0.7061673
-0.52954733,-0.52450883,-2.6387177,0.41974166,-0.42691085,-0.46055463,-0.3252624,-0.12389288,-1.3341213,-1.3751377,-0.49932328,-0.13065395,-0.063380644,-0.18405275,-0.09791689,0.53080744,-0.83986735,-1.0290837,-1.4298658,0.5270351,-1.7063346,-0.39006436,-0.38805324,-0.43003845,-0.7247275,1.0305772,-0.53071505,-0.12029835,-1.2933102,0.25075665,0.025703225,0.60024226,0.80465347,-0.5231161,-0.41862765,-0.08644342,0.90315586,0.040343482,-0.754231,-1.0560676,0.10597038,-0.5331969,-0.14862089,0.091426276,-1.922486,-0.008452861,-0.78312314,0.6247378,-0.59754175,0.4743647,-0.06768618,0.13538817,-0.7720389,-0.8753165,-0.8993279,-0.778603,0.2625483,-0.0038695307,-0.8635647,-1.3060305,-1.4654548,-1.2675804,-0.9969716,-0.92375785,0.37116227,-0.72090495,-1.6805501,0.49295613,-0.887952,-0.042535175,-0.6486879,0.6262095,0.30831116,0.0011170291,-0.56006026,-0.6144182,-0.46328595,-0.009927467,-0.080140285,-2.3187838,-1.3517646,-2.3040912,-2.3991573,0.8471175,-0.41964754
-0.6551458,-0.4253601,-2.332372,0.32012135,-0.47224796,-0.5465279,-0.5460423,-0.19842249,-1.4839146,-1.4225358,-0.52875674,-0.4055548,-0.14002903,-0.28683946,-0.019938389,0.42734042,-0.8446356,-1.1161091,-1.4039316,0.3339323,-1.8361418,-0.42502403,-0.45595354,-0.35390902,-0.6982436,0.97616744,-0.5763562,-0.29070035,-1.2974362,0.008767991,-0.099726886,0.548405,0.5976616,-0.41372433,-0.53203136,0.022198249,0.92720866,0.14209057,-1.0458835,-1.4153262,0.22467066,-0.09260862,-0.19695468,0.14684491,-1.951535,-0.12945224,-0.8382207,0.45109093,-0.7574783,0.3461741,-0.3387047,-0.045396667,-0.8404212,-1.0023304,-0.8777988,-0.43063542,0.35923862,-0.076241255,-0.88272357,-1.3036238,-1.491353,-1.3347765,-1.0916519,-0.6123448,0.37868696,-0.6970557,-1.6818774,0.5408259,-0.8193579,-0.14904498,-0.779676,0.4349704,0.22844554,-0.08361761,-0.7186573,-0.67263323,-0.588058,-0.24808468,-0.06476316,-2.4979463,-1.7302846,-2.244102,-2.1487064,0.86204135,-0.08771012
-0.74390215,-0.41027057,-1.9686283,0.24905077,-0.5197674,-0.594193,-0.69502664,-0.26752332,-1.6574234,-1.4477497,-0.5111106,-0.6548214,-0.17039257,-0.37866697,0.12433629,0.29229438,-0.87840533,-1.0975283,-1.2938749,0.12856394,-1.9631873,-0.46363702,-0.544284,-0.23688322,-0.63306606,0.90745616,-0.57993305,-0.46139997,-1.3442731,-0.1964899,-0.2581692,0.53807867,0.40135285,-0.22036782,-0.55958426,0.052146595,0.83157504,0.12782404,-1.3441142,-1.63935,0.30105004,0.2791857,-0.27591476,0.112599514,-1.9972686,-0.21274616,-0.8729038,0.30173784,-0.8568265,0.18471162,-0.6371044,-0.25319746,-0.801728,-1.0759816,-0.7757675,-0.1169286,0.49894828,-0.1266601,-0.93953794,-1.385264,-1.4920565,-1.3023281,-1.1364129,-0.33091256,0.31780517,-0.62234116,-1.586118,0.5851647,-0.6849855,-0.22625276,-0.9296341,0.2734715,0.09971202,-0.09606451,-0.8364205,-0.6500409,-0.6319351,-0.4396644,-0.078064844,-2.595002,-2.064533,-2.1004286,-1.9115577,0.8842894,0.2652475
-0.7945004,-0.47831482,-1.5801171,0.23230276,-0.5442363,-0.58571744,-0.7446743,-0.31960097,-1.8273592,-1.4324915,-0.44833773,-0.8484748,-0.15059972,-0.43960544,0.32293585,0.14453052,-0.9375187,-1.0001627,-1.1321678,-0.08194186,-2.0611346,-0.48651254,-0.62894905,-0.09260867,-0.5317421,0.8368197,-0.54011035,-0.5959357,-1.4280218,-0.34949532,-0.4375233,0.55704457,0.23048279,0.013109588,-0.51048464,-0.013115552,0.63317037,0.01139233,-1.6194829,-1.7314208,0.34068087,0.53609097,-0.38282824,-0.003129956,-2.0661294,-0.23183633,-0.8747208,0.20117188,-0.8810618,0.010938076,-0.9334778,-0.45082098,-0.66319907,-1.0983373,-0.6092005,0.13737452,0.6720219,-0.14390057,-1.0314503,-1.551085,-1.4841272,-1.1704397,-1.1331681,-0.091984436,0.20379436,-0.5036769,-1.4056351,0.63133603,-0.49992466,-0.26010904,-1.0907727,0.15016352,-0.0684038,-0.053776976,-0.9068926,-0.56206805,-0.5942517,-0.56593364,-0.10702667,-2.589125,-2.333774,-1.9035279,-1.7133679,0.88680947,0.61049265
-0.8025148,-0.6125011,-1.1998193,0.28653854,-0.52323174,-0.5064313,-0.6777775,-0.33929977,-1.959719,-1.3562542,-0.3423911,-0.95628756,-0.08099846,-0.44910637,0.555344,0.007813917,-1.0091406,-0.85534775,-0.95738465,-0.28846616,-2.0991101,-0.4752715,-0.68188727,0.06624189,-0.39717054,0.7777803,-0.45812804,-0.65799475,-1.5299478,-0.43950546,-0.61732405,0.58790004,0.09402281,0.24028964,-0.40367514,-0.17488572,0.36652672,-0.17475207,-1.8355398,-1.7061156,0.35393918,0.6482255,-0.5068368,-0.17488301,-2.150409,-0.16649286,-0.8307924,0.16913915,-0.8175271,-0.14713772,-1.1939273,-0.5955846,-0.44126067,-1.0717708,-0.39607304,0.31740922,0.86650217,-0.11834634,-1.1451703,-1.7805763,-1.4802903,-0.9496377,-1.0869095,0.10001563,0.06538521,-0.34636268,-1.1556365,0.6871618,-0.2796369,-0.23591985,-1.2479373,0.06984066,-0.2562249,0.018617153,-0.9263107,-0.43196857,-0.48395103,-0.6130891,-0.13042253,-2.4641678,-2.5120778,-1.6821808,-1.5658605,0.84219533,0.9186879
-0.76256245,-0.7835243,-0.857596,0.41453502,-0.44265065,-0.34874007,-0.49124876,-0.311419,-2.0202644,-1.2027518,-0.19647907,-0.9541772,0.033495605,-0.39121702,0.79439825,-0.09344367,-1.0738715,-0.6923194,-0.80809975,-0.47861493,-2.0486076,-0.4161998,-0.67696,0.22848114,-0.2343583,0.7415224,-0.33856454,-0.61920166,-1.6218929,-0.46197838,-0.7721525,0.6116382,-0.0063154055,0.4199029,-0.26473463,-0.41833,0.07735678,-0.38551018,-1.9549723,-1.5844485,0.3525461,0.60551256,-0.6304555,-0.3642848,-2.228618,-0.0074081253,-0.7311785,0.21724807,-0.659209,-0.25917292,-1.3851571,-0.64745766,-0.16006574,-0.9979664,-0.15487537,0.41963884,1.069435,-0.04451876,-1.258936,-2.0342147,-1.4863013,-0.66102636,-1.0044595,0.2491713,-0.061109804,-0.15440576,-0.85318834,0.76064265,-0.03921186,-0.1415691,-1.3809919,0.032909214,-0.4367906,0.09462833,-0.8939781,-0.28683043,-0.31854346,-0.57443315,-0.12405471,-2.2138255,-2.5718505,-1.4580017,-1.4652854,0.72882897,1.1645787
-0.66961956,-0.95588416,-0.5771319,0.6031888,-0.30017427,-0.11533953,-0.19784978,-0.22591548,-1.9817462,-0.96543705,-0.016320946,-0.82985425,0.18396482,-0.2591763,1.0095925,-0.13908772,-1.1097968,-0.53364754,-0.71645844,-0.6376823,-1.8895049,-0.30350828,-0.59559983,0.38426796,-0.0521333,0.7340966,-0.18967053,-0.4654182,-1.672354,-0.41952077,-0.8757369,0.6114736,-0.07548975,0.52256167,-0.121047944,-0.7141664,-0.18586256,-0.57128876,-1.9462373,-1.3887589,0.3467816,0.4186914,-0.7329142,-0.52717406,-2.2691748,0.24057412,-0.5714971,0.34657568,-0.40822408,-0.29825708,-1.4800054,-0.57782066,0.1519134,-0.87784296,0.09652027,0.45108137,1.26742,0.07650944,-1.3462129,-2.2596414,-1.4998579,-0.33403906,-0.89355546,0.36739326,-0.13863717,0.0675404,-0.51672184,0.85825944,0.20695148,0.028356785,-1.4681585,0.035834476,-0.5803172,0.15114468,-0.81226397,-0.1526461,-0.12098052,-0.45173374,-0.06641408,-1.8449163,-2.488826,-1.2424338,-1.3946303,0.5362754,1.3313287
-0.522131,-1.0948261,-0.37332594,0.82481796,-0.10605939,0.17925577,0.17446679,-0.08135439,-1.8288512,-0.65107346,0.18887657,-0.5876634,0.35844645,-0.058905717,1.1704206,-0.116777636,-1.096733,-0.3923493,-0.7026196,-0.7513477,-1.6151932,-0.14141238,-0.43137723,0.5247825,0.135977,0.75499874,-0.022987477,-0.2005634,-1.6527271,-0.321651,-0.90590674,0.57654524,-0.122943826,0.535394,0.0030661,-1.0227677,-0.38059536,-0.68719786,-1.7894922,-1.1394297,0.3431788,0.11774824,-0.7945008,-0.6218881,-2.2366993,0.557224,-0.35431325,0.5470295,-0.0784743,-0.2464042,-1.4619339,-0.3761262,0.46480513,-0.7119363,0.34147778,0.42698833,1.4473658,0.2360797,-1.3806257,-2.4013953,-1.5113682,-0.002861586,-0.7616021,0.47275168,-0.13652797,0.31256017,-0.16610947,0.98269415,0.4454106,0.269948,-1.4897249,0.07154707,-0.65899706,0.17308633,-0.6859995,-0.049702972,0.08404963,-0.25563228,0.05650857,-1.3776106,-2.2478685,-1.036344,-1.3280803,0.26839367,1.4136956
-0.32296765,-1.1724844,-0.25076222,1.0412838,0.118553005,0.5091009,0.58523357,0.112880185,-1.5617363,-0.28103346,0.40614045,-0.2495149,0.5427593,0.19028358,1.2509584,-0.024411755,-1.0207673,-0.27120653,-0.7711599,-0.8087584,-1.2355366,0.055755597,-0.19156298,0.6418083,0.31218493,0.7971698,0.14798786,0.15259288,-1.5433297,-0.1834169,-0.84828764,0.50434333,-0.16012798,0.4635091,0.090932965,-1.2999476,-0.4775904,-0.7017257,-1.4810168,-0.8536257,0.3440915,-0.2523027,-0.8003477,-0.61752194,-2.099275,0.90967983,-0.08972729,0.797906,0.3036055,-0.09857999,-1.3276567,-0.05335342,0.7511105,-0.50246674,0.5644942,0.36763987,1.5965933,0.41829246,-1.3408693,-2.4124393,-1.5059328,0.29811594,-0.615505,0.5866858,-0.03642646,0.56966615,0.1776006,1.1314883,0.6636262,0.56799495,-1.4317552,0.13053988,-0.6521934,0.15617132,-0.52178144,0.011159208,0.27437687,-0.004861739,0.24763772,-0.8429477,-1.8481257,-0.83245033,-1.2380443,-0.056151606,1.4187363
-0.08122038,-1.1722531,-0.20351946,1.2107165,0.34537497,0.8395163,0.98682004,0.33666292,-1.1961467,0.11113645,0.6191497,0.14691585,0.72124296,0.45736995,1.2330841,0.12949546,-0.877099,-0.16444553,-0.9108557,-0.8059328,-0.7755887,0.26545733,0.10347285,0.727361,0.4565507,0.8487376,0.3093771,0.5552079,-1.3375263,-0.02330232,-0.6996312,0.40177968,-0.19701703,0.32821497,0.13642044,-1.5039752,-0.4654609,-0.60306185,-1.0353692,-0.5461135,0.34774235,-0.63731194,-0.7442181,-0.50010914,-1.835674,1.2564371,0.204839,1.070244,0.7005834,0.13500972,-1.0880717,0.35811555,0.98880595,-0.2544872,0.75130266,0.2946424,1.7028701,0.6010033,-1.2153662,-2.2648559,-1.4670535,0.53905123,-0.46117112,0.72981805,0.16366254,0.82315266,0.4928673,1.2964178,0.8508655,0.89633214,-1.2887917,0.20204632,-0.5501664,0.10766034,-0.32741416,0.029986091,0.4338512,0.27528322,0.49801126,-0.2785576,-1.3066814,-0.6205234,-1.1019837,-0.40593752,1.3639427
0.18803893,-1.0905331,-0.2161897,1.29463,0.5439908,1.1313124,1.3302784,0.5613763,-0.7616876,0.48377362,0.8097002,0.5529672,0.8780198,0.70426136,1.1095734,0.32699895,-0.6716718,-0.06046641,-1.0962087,-0.74710935,-0.2727334,0.46071434,0.4235657,0.7740135,0.5502325,0.8955383,0.4488758,0.9573764,-1.0434579,0.13882653,-0.46874887,0.28387055,-0.23992638,0.16278069,0.14477871,-1.6021314,-0.35188052,-0.40160576,-0.4846317,-0.23140723,0.3496158,-0.98114234,-0.63001,-0.27564654,-1.4402723,1.5526671,0.50640607,1.3298965,1.067599,0.4291021,-0.7670553,0.8091216,1.1635946,0.022508794,0.88861483,0.22656298,1.7546514,0.7582748,-1.0051211,-1.9571738,-1.3802785,0.69894236,-0.30459094,0.917258,0.4484616,1.053501,0.758377,1.4635823,0.9987335,1.2201151,-1.0655502,0.27497476,-0.3564733,0.04438861,-0.11190986,0.017389195,0.55407923,0.5555982,0.787771,0.27593294,-0.6594478,-0.3925878,-0.9089254,-0.74115396,1.2730066
0.4643557,-0.9359362,-0.2662339,1.2643014,0.6868218,1.3464141,1.5719713,0.753672,-0.2972698,0.7938086,0.95951813,0.9163155,0.99751645,0.8920703,0.8851737,0.5435253,-0.42045623,0.054430265,-1.2921314,-0.6438472,0.22943142,0.61494154,0.73320305,0.7754061,0.57891244,0.9240037,0.5572317,1.3056216,-0.683093,0.28393283,-0.17594324,0.17077488,-0.29021353,0.005624053,0.13112827,-1.5760757,-0.1609846,-0.12829436,0.12498623,0.07433807,0.34437972,-1.2328523,-0.47214556,0.030852424,-0.9256579,1.7573403,0.7880931,1.5415996,1.3580495,0.7463063,-0.39861465,1.2410685,1.2701225,0.31343877,0.96479064,0.17600074,1.7413195,0.86321187,-0.72468007,-1.5163485,-1.2365274,0.7686424,-0.15242027,1.1542464,0.78735876,1.2392533,0.95478815,1.6145666,1.1019702,1.4998161,-0.7771326,0.33872113,-0.0881373,-0.011223484,0.11437197,-0.00835229,0.6348583,0.80585873,1.0889456,0.78315085,0.041268747,-0.14771889,-0.66289544,-1.0197068,1.1704764
0.7242848,-0.7261224,-0.3276431,1.105716,0.7535181,1.4532003,1.679212,0.8804344,0.15387668,1.0033662,1.0527707,1.1886095,1.0655951,0.98774236,0.57619053,0.7509444,-0.14699964,0.19221179,-1.4595048,-0.51220083,0.688097,0.7072305,0.99759364,0.72726816,0.5359584,0.92354536,0.62915105,1.5500877,-0.2885484,0.395547,0.14959033,0.08335098,-0.34427813,-0.107094646,0.1166798,-1.4251416,0.07207589,0.17104173,0.73870206,0.35231704,0.3276147,-1.353146,-0.2940121,0.37998718,-0.3214385,1.8383548,1.0223247,1.6730016,1.5297717,1.041909,-0.02234301,1.5954216,1.311736,0.5979377,0.97076523,0.14748697,1.6539409,0.8910265,-0.40044084,-0.99340147,-1.0341377,0.7521372,-0.012313427,1.4332966,1.1387972,1.3593395,1.0669689,1.7282741,1.1593002,1.6966809,-0.44759572,0.3834939,0.22663876,-0.036143873,0.33939952,-0.02551328,0.6822665,0.9981864,1.369696,1.2107728,0.7321652,0.10541443,-0.38327467,-1.2035975,1.0762132
0.94342434,-0.48343036,-0.37431282,0.8212167,0.73368657,1.4313247,1.6345867,0.9135888,0.55052435,1.0860964,1.0777403,1.3322978,1.0707718,0.97006625,0.20825915,0.92171884,0.121851966,0.3598591,-1.5610621,-0.36751822,1.0671619,0.7261717,1.1878346,0.6280214,0.42391795,0.8881583,0.66305995,1.6519816,0.10348712,0.460912,0.47378394,0.03850766,-0.3951555,-0.14820568,0.124072045,-1.1668985,0.30814815,0.44456217,1.3001156,0.5819573,0.29735118,-1.3192893,-0.12462103,0.7253081,0.3296318,1.7770003,1.1837162,1.6986916,1.551434,1.2702813,0.32145458,1.8233917,1.29896,0.85112333,0.90154254,0.13726401,1.4861244,0.82225615,-0.06654223,-0.4541157,-0.7787367,0.6663918,0.1069937,1.7336156,1.4562603,1.3966967,1.0861967,1.7834741,1.173221,1.7781422,-0.106825255,0.40072045,0.55236846,-0.012101149,0.5497473,-0.014034586,0.70608634,1.1100744,1.5987492,1.5334933,1.346611,0.34941646,-0.10144345,-1.2652225,1.0013572
1.1000038,-0.2301217,-0.38405424,0.4287231,0.62817276,1.2750072,1.4380955,0.8345223,0.85878813,1.0316644,1.028917,1.3264633,1.0052161,0.8331646,-0.18708237,1.0320297,0.36068964,0.55674237,-1.5672733,-0.21962471,1.343249,0.67249566,1.2852986,0.48007962,0.25421023,0.81683433,0.66062766,1.5886327,0.4579974,0.47165477,0.76269144,0.045254726,-0.43434644,-0.1047975,0.1720376,-0.83487153,0.51183367,0.64413697,1.7583805,0.7433807,0.2552224,-1.1277959,0.0060695675,1.0219702,0.9780206,1.5711874,1.253029,1.6035508,1.4078065,1.3919731,0.59701836,1.8937689,1.246639,1.046123,0.75743175,0.13499838,1.2355679,0.6458668,0.24082167,0.034148257,-0.48202637,0.5391023,0.19668204,2.0236235,1.6957401,1.3405962,1.0122439,1.7618858,1.1497364,1.7232332,0.21349154,0.3834939,0.8520127,0.07045262,0.7310143,0.040095557,0.7163321,1.1272094,1.7497846,1.7339954,1.8236566,0.5620369,0.14596805,-1.1919419,0.9458578
1.1776357,0.015629355,-0.34104553,-0.041175816,0.4485701,0.9943045,1.1069461,0.6370692,1.0568764,0.8477536,0.90699816,1.1689339,0.8663616,0.58759886,-0.5768923,1.0647404,0.5503424,0.77441096,-1.459178,-0.06929096,1.5076782,0.55873626,1.2842771,0.28998816,0.045062143,0.7127819,0.62504953,1.3571638,0.7479955,0.4243392,0.98732054,0.1021934,-0.45429602,0.019723792,0.27116084,-0.4739133,0.65742946,0.734753,2.0740812,0.8211896,0.20641647,-0.79480934,0.07255639,1.2348071,1.5744191,1.2356373,1.220056,1.3854251,1.1023751,1.3801198,0.7778982,1.7982879,1.1710169,1.1570592,0.5454374,0.12698579,0.9051577,0.36147547,0.49016094,0.41574234,-0.15897022,0.40471,0.2497629,2.2658186,1.8222921,1.1887757,0.85459155,1.6512623,1.0968695,1.5262824,0.48452884,0.32685757,1.0926259,0.21000148,0.8694964,0.14153253,0.72064453,1.0455799,1.8050196,1.803749,2.116758,0.7221235,0.3254874,-0.9886778,0.89943194
1.1684252,0.24246065,-0.23767814,-0.54990757,0.21541949,0.61422837,0.673208,0.3290626,1.137643,0.5597944,0.7195165,0.87621933,0.6576883,0.25824833,-0.9312838,1.0109053,0.6816002,0.99753827,-1.2313278,0.092602,1.5669594,0.40703833,1.1927619,0.06856291,-0.18191755,0.58232677,0.56018865,0.97454065,0.95870554,0.32026866,1.1280996,0.19722833,-0.44981033,0.20626809,0.42089573,-0.13347003,0.73297095,0.70141214,2.2237628,0.80875784,0.1588595,-0.35383746,0.05913652,1.3445134,2.0768182,0.7995077,1.0859193,1.0558431,0.65792257,1.2252934,0.85018444,1.552677,1.085904,1.1633371,0.27889928,0.10035082,0.5042398,-0.019002844,0.6605584,0.6579623,0.17418942,0.29934233,0.2623259,2.4232097,1.8153374,0.94860333,0.63205034,1.448162,1.0233339,1.1984179,0.6847202,0.22873935,1.2508043,0.39407194,0.95367265,0.28450274,0.72249687,0.8724952,1.7575203,1.7436383,2.2002695,0.8156326,0.41501027,-0.67748135,0.84408385
1.0740469,0.44685048,-0.07484347,-1.0559926,-0.044709705,0.17181702,0.17944802,-0.068053834,1.109255,0.20701464,0.4790267,0.48034722,0.38941902,-0.12019771,-1.2272223,0.87047035,0.756782,1.2065988,-0.8921133,0.28236547,1.5397354,0.24511105,1.0302819,-0.16999145,-0.405735,0.4331239,0.46933562,0.4758358,1.0899044,0.16564395,1.1773945,0.310036,-0.41941375,0.42370507,0.6091458,0.1397122,0.7410573,0.55184865,2.2016017,0.7110077,0.121966824,0.14829235,-0.03647309,1.350484,2.455796,0.30354318,0.8638189,0.63953745,0.11358232,0.93788284,0.8141508,1.1938831,1.0002435,1.0533197,-0.02364077,0.047080893,0.049272902,-0.47139314,0.7457343,0.75717145,0.5025531,0.25503883,0.2354527,2.4661562,1.6717408,0.6364309,0.37101576,1.159647,0.93667465,0.76687914,0.803097,0.09027688,1.3161309,0.6015734,0.9767143,0.45378494,0.72087604,0.6263144,1.6120508,1.5644473,2.0735414,0.84065694,0.40995783,-0.29426435,0.7593478
0.90598404,0.6322177,0.13860844,-1.5198171,-0.3028203,-0.28853026,-0.3267856,-0.5217073,0.9930719,-0.16313359,0.20226812,0.023461848,0.07812741,-0.50871915,-1.4512093,0.65189624,0.7891148,1.381437,-0.46278313,0.5170171,1.4527369,0.10105702,0.82489854,-0.40928853,-0.60934913,0.27319488,0.35492283,-0.0904842,1.15503,-0.02879219,1.140606,0.41572636,-0.36564425,0.63472587,0.8136085,0.3086363,0.6966648,0.31553617,2.0185976,0.5452931,0.10452926,0.6571865,-0.201131,1.2702624,2.6977594,-0.20619282,0.57748246,0.17197143,-0.48030755,0.5470869,0.68359756,0.7734087,0.91665167,0.8273896,-0.34013867,-0.033266075,-0.4364466,-0.96094626,0.7552794,0.73909456,0.8126921,0.29397684,0.17513354,2.3779151,1.4060385,0.27597848,0.101486064,0.80404276,0.8419392,0.27170956,0.8405071,-0.083207496,1.2925016,0.8068408,0.9375993,0.62776816,0.71126705,0.33440605,1.384177,1.2866884,1.7606375,0.8086974,0.32572424,0.11702845,0.6277322
0.6840933,0.80671126,0.3875879,-1.9074512,-0.53106076,-0.7208332,-0.79913855,-0.9916084,0.81995577,-0.5020078,-0.09241561,-0.4487544,-0.2544796,-0.8700193,-1.6005614,0.37134966,0.7996637,1.5049417,0.024626557,0.80644655,1.3348647,-0.0013489258,0.6084588,-0.6330812,-0.78213125,0.1094613,0.21890566,-0.66871,1.1774447,-0.24846593,1.0344634,0.49014983,-0.29399097,0.8026949,1.0055548,0.3519457,0.6226086,0.03773056,1.6999314,0.33963287,0.11250346,1.117475,-0.40794176,1.1355691,2.8053524,-0.6841119,0.25827992,-0.30508873,-1.0688856,0.097207,0.48322237,0.34855512,0.8311738,0.49963397,-0.6483443,-0.13245645,-0.9242621,-1.4453655,0.7124403,0.6524002,1.0930961,0.4238724,0.09126912,2.15801,1.0481015,-0.104122095,-0.14718513,0.40919515,0.7410935,-0.23982964,0.8089788,-0.28249106,1.1966572,0.9841027,0.84204155,0.7825822,0.6873894,0.029306427,1.0975776,0.9392618,1.3068436,0.74298674,0.19526877,0.5111135,0.44016364
0.43373358,0.9801508,0.6530259,-2.193686,-0.7061624,-1.0838028,-1.1979668,-1.4350635,0.6247338,-0.7674042,-0.3870296,-0.8937847,-0.5838675,-1.1732534,-1.6824203,0.050763514,0.8122049,1.5660905,0.5300158,1.1455163,1.2123567,-0.046200708,0.4111874,-0.8268863,-0.9206556,-0.052209556,0.0632871,-1.2031323,1.1849164,-0.47615725,0.88385797,0.51495767,-0.21259896,0.89830387,1.1546177,0.2672557,0.5434365,-0.22894403,1.2801113,0.12823002,0.14704232,1.4796808,-0.6211562,0.9855679,2.7956321,-1.0905141,-0.05926597,-0.74868006,-1.6001537,-0.35917163,0.24413025,-0.027139312,0.73462325,0.09692562,-0.9280676,-0.23490712,-1.3825276,-1.8797108,0.64888954,0.5576836,1.3329583,0.6354253,-0.0043263393,1.8231158,0.6382326,-0.4737523,-0.35133293,0.009386235,0.6327562,-0.7199186,0.7285419,-0.49469456,1.054288,1.1119493,0.7017477,0.89650196,0.6432517,-0.25624424,0.78003526,0.5570296,0.7717702,0.6729416,0.06268179,0.8484563,0.19986817
0.18145996,1.1605568,0.91461194,-2.363379,-0.81222177,-1.3462845,-1.4950297,-1.8121321,0.44038805,-0.9297262,-0.6656016,-1.2779258,-0.88545847,-1.3969007,-1.7113991,-0.28388768,0.84718305,1.5622064,1.0094708,1.5096309,1.1047429,-0.027765388,0.25736016,-0.9802593,-1.0283041,-0.2070047,-0.10911898,-1.645235,1.2027032,-0.6936587,0.71709156,0.48097545,-0.13032164,0.9044428,1.2339162,0.071995266,0.47911695,-0.43468532,0.79817563,-0.054523,0.20314993,1.7061814,-0.80290914,0.859002,2.696307,-1.3969065,-0.3426631,-1.1205868,-2.0319076,-0.7691893,-0.0015333439,-0.3127806,0.6152584,-0.34413955,-1.1638057,-0.3212221,-1.7801468,-2.2220302,0.5975328,0.5137481,1.5214077,0.9029325,-0.10108658,1.4050171,0.22066796,-0.80512035,-0.49707693,-0.35931402,0.5131015,-1.1267525,0.6227234,-0.70478535,0.8946133,1.1762849,0.53269833,0.95375854,0.5748022,-0.49494544,0.45890808,0.17707978,0.22058693,0.6271696,-0.02632793,1.1008629,-0.07672115
-0.048923615,1.3514252,1.1535953,-2.4121912,-0.84255564,-1.49169,-1.6760832,-2.0907068,0.29255807,-0.97631264,-0.9157863,-1.5801989,-1.138198,-1.5300461,-1.7062802,-0.6050666,0.9161269,1.4992731,1.4198408,1.8551867,1.0223804,0.04979784,0.16133833,-1.0880939,-1.1132897,-0.35075286,-0.29406804,-1.9594989,1.2475327,-0.8840268,0.5604359,0.39013687,-0.0561894,0.8188542,1.224886,-0.19880232,0.44008785,-0.5418673,0.2927309,-0.18067054,0.26929736,1.7765096,-0.9211265,0.78625023,2.540485,-1.588188,-0.56556517,-1.3924061,-2.336426,-1.08827,-0.22583964,-0.4860404,0.46170238,-0.7819892,-1.3460817,-0.37277898,-2.090422,-2.4392986,0.5848592,0.5644758,1.646998,1.1874049,-0.1923557,0.9463881,-0.16314949,-1.0762515,-0.582483,-0.6645901,0.37702894,-1.4308575,0.5133547,-0.89756835,0.7441419,1.1718168,0.35231397,0.9466842,0.48079628,-0.66973007,0.15660138,-0.16558258,-0.2855132,0.6262449,-0.034498665,1.254315,-0.36122453
-0.24019223,1.5497483,1.3550774,-2.3459802,-0.8001919,-1.519864,-1.741498,-2.2506237,0.19569312,-0.91273654,-1.1297023,-1.7937763,-1.3275135,-1.5714525,-1.6855162,-0.8863676,1.017828,1.3913573,1.7240769,2.1262498,0.96694595,0.17395522,0.12582587,-1.1512256,-1.1861973,-0.479512,-0.4859801,-2.127619,1.3230293,-1.0339121,0.43325973,0.25404358,0.0017706744,0.6534991,1.1199245,-0.49733895,0.42420393,-0.532513,-0.20230731,-0.23374212,0.32857543,1.6903863,-0.9558177,0.7834359,2.361275,-1.6639789,-0.711352,-1.5496577,-2.503459,-1.2870774,-0.4092933,-0.54593194,0.2662287,-1.176429,-1.4721143,-0.3769787,-2.2945573,-2.51259,0.6242502,0.7290934,1.6982828,1.4432101,-0.2768025,0.4951097,-0.48072666,-1.2739606,-0.6177528,-0.8827531,0.21959704,-1.6185279,0.41559052,-1.0600017,0.6212522,1.1013641,0.17611054,0.87614614,0.3626232,-0.7766203,-0.112451114,-0.44254255,-0.69787604,0.6773917,0.05814249,1.3096398,-0.6183059
-0.38480997,1.7455779,1.5097305,-2.1796715,-0.6974878,-1.4466687,-1.7050238,-2.2861435,0.15093185,-0.76161474,-1.3037226,-1.9248646,-1.4476191,-1.5281018,-1.6637203,-1.1056962,1.1370347,1.2586147,1.8953731,2.2653456,0.93222547,0.32655245,0.1416893,-1.1762462,-1.2573919,-0.58920246,-0.6782737,-2.1502895,1.4184314,-1.1359289,0.3444963,0.090879716,0.03688905,0.4312698,0.9234841,-0.77010036,0.41706648,-0.41179615,-0.66008687,-0.21209699,0.36090457,1.4686277,-0.90286213,0.84898084,2.1864595,-1.6373856,-0.7741985,-1.5934185,-2.5400193,-1.3562299,-0.54367995,-0.51188445,0.02689056,-1.4946146,-1.5454574,-0.33116877,-2.3846848,-2.440601,0.7122576,0.99751955,1.6647111,1.6253296,-0.35883656,0.09790574,-0.7131947,-1.3950809,-0.62328976,-1.0032097,0.037777282,-1.6935874,0.3348357,-1.1837566,0.5323809,0.9737835,0.014586839,0.74997175,0.22317722,-0.8252377,-0.34343815,-0.63574123,-0.9870819,0.7724612,0.24922721,1.2802252,-0.81237715
-0.4854084,1.9231305,1.6143076,-1.935784,-0.55446583,-1.3007966,-1.5907024,-2.2063403,0.14673057,-0.5584958,-1.4381961,-1.9899744,-1.502169,-1.4130744,-1.6489832,-1.2480711,1.2464107,1.1246122,1.9210893,2.2269433,0.9071715,0.48679358,0.19000067,-1.1741108,-1.3346477,-0.67624897,-0.8638904,-2.0462625,1.509819,-1.1900376,0.29085657,-0.07985402,0.043735657,0.18048458,0.6501812,-0.96616733,0.39503527,-0.20741357,-1.0624908,-0.12892418,0.3470218,1.1510527,-0.7746773,0.96357936,2.0344737,-1.5317724,-0.7592885,-1.5399241,-2.4677284,-1.3078095,-0.63277817,-0.41961077,-0.25114077,-1.7159511,-1.5746092,-0.24501957,-2.365065,-2.2409563,0.8282156,1.3323169,1.5390569,1.697227,-0.44669452,-0.20615676,-0.85747546,-1.4473035,-0.6255273,-1.0301616,-0.16827096,-1.675929,0.26552647,-1.2670454,0.47086546,0.80077696,-0.12905172,0.58009624,0.065410525,-0.8363211,-0.54060495,-0.74024314,-1.1462324,0.88931865,0.5134933,1.1876498,-0.9150585
-0.5543082,2.0631006,1.671451,-1.6420863,-0.39608598,-1.1187675,-1.4286269,-2.0335107,0.16133688,-0.34601635,-1.5361217,-2.0109534,-1.5036045,-1.2439138,-1.6417179,-1.3086425,1.3113701,1.0129173,1.8039497,1.988888,0.8787638,0.63410753,0.2454025,-1.1584207,-1.4215658,-0.7384971,-1.0361058,-1.849122,1.5650196,-1.2040191,0.25747892,-0.24219507,0.018001856,-0.071449235,0.32143646,-1.045562,0.33088073,0.035274416,-1.3999213,-0.009213378,0.27246782,0.79170614,-0.59682226,1.0937487,1.9119836,-1.3771515,-0.68105096,-1.4179366,-2.31854,-1.1732575,-0.69055235,-0.31450763,-0.5553326,-1.834773,-1.5711584,-0.1401375,-2.2519848,-1.948711,0.9375741,1.6755109,1.3189541,1.6366227,-0.54969466,-0.3908743,-0.92582494,-1.4469804,-0.65184695,-0.98273885,-0.3941908,-1.597647,0.19271997,-1.3157185,0.4182146,0.59354144,-0.25991517,0.37900227,-0.1093745,-0.83703506,-0.71513057,-0.76500636,-1.1905445,0.99640906,0.8072846,1.0566425,-0.9122356
-0.611605,2.1460545,1.6883552,-1.3292543,-0.24905406,-0.93855274,-1.2502493,-1.8000337,0.1675799,-0.16708343,-1.6018938,-2.0099604,-1.470196,-1.0417871,-1.635856,-1.2937691,1.2966408,0.9440528,1.5626967,1.5595924,0.8349686,0.75067717,0.2806746,-1.1428698,-1.5166969,-0.77594674,-1.1887674,-1.6022252,1.5502994,-1.1928418,0.2205686,-0.38824442,-0.04403077,-0.30318397,-0.039145276,-0.98643684,0.20046751,0.261501,-1.6704372,0.11592448,0.13200663,0.45136243,-0.40309724,1.1979578,1.8135521,-1.2062898,-0.5608089,-1.2643151,-2.1286829,-0.9986601,-0.73857886,-0.2440071,-0.8673118,-1.8601911,-1.5476207,-0.046970375,-2.0716267,-1.612445,0.99831617,1.9602491,1.0091988,1.4391733,-0.6752417,-0.44671834,-0.9433256,-1.4163449,-0.72504133,-0.8924075,-0.6308965,-1.497496,0.095379695,-1.3427771,0.34797576,0.36018872,-0.390407,0.15636583,-0.3024513,-0.8554621,-0.8814488,-0.7313421,-1.1534554,1.0597502,1.0772346,0.90980566,-0.8083445
-0.6805048,2.1562085,1.675112,-1.0283107,-0.13824819,-0.7931472,-1.084016,-1.5437169,0.13848509,-0.05849002,-1.6394877,-2.0046847,-1.4223017,-0.83055735,-1.6209952,-1.2212882,1.1736784,0.9326104,1.2286036,0.97848594,0.76661265,0.82329434,0.27166128,-1.138692,-1.6137167,-0.79203594,-1.3163908,-1.3523519,1.437668,-1.1764512,0.15174241,-0.51960653,-0.14566748,-0.5031151,-0.41005936,-0.7897737,-0.011304404,0.41707423,-1.8777051,0.215694,-0.06763659,0.18842508,-0.22902873,1.2343336,1.7240216,-1.0497694,-0.423733,-1.1187118,-1.9327669,-0.8372434,-0.80139124,-0.24999008,-1.1645072,-1.8134892,-1.515224,0.0004420741,-1.8564614,-1.2879791,0.96931523,2.1232088,0.62289983,1.1184201,-0.8254988,-0.38189024,-0.9423565,-1.3793107,-0.8584978,-0.79836637,-0.86468,-1.4145739,-0.04843169,-1.3667074,0.23129688,0.10452201,-0.5379942,-0.08283829,-0.5176693,-0.9146529,-1.0535216,-0.66946256,-1.07948,1.0498098,1.271043,0.7636776,-0.6270265
-0.7836152,2.0848224,1.6430544,-0.7674148,-0.08309077,-0.70522994,-0.9514574,-1.3026785,0.052810445,-0.044854976,-1.6513448,-2.0044363,-1.3777133,-0.6360757,-1.5861546,-1.1180367,0.9271004,0.98473114,0.8423154,0.31017175,0.66925716,0.84510195,0.2015978,-1.152154,-1.7023478,-0.7935486,-1.4135869,-1.1433553,1.2117918,-1.1769646,0.02363235,-0.64660776,-0.28962332,-0.6696188,-0.77471524,-0.48082176,-0.3060028,0.4585674,-2.0290043,0.2666831,-0.30695865,0.049791083,-0.106300965,1.168815,1.6227597,-0.932759,-0.2960092,-1.0175076,-1.7585547,-0.74086016,-0.9020443,-0.36193973,-1.4226444,-1.7224587,-1.4816427,-0.028734816,-1.6404029,-1.0306745,0.81873894,2.1169515,0.18186297,0.70369464,-0.9964724,-0.2203815,-0.9568929,-1.3563018,-1.0525197,-0.74160194,-1.0780073,-1.3818347,-0.25673035,-1.4085144,0.042911176,-0.17337888,-0.72074777,-0.33847314,-0.7598329,-1.0286828,-1.2415376,-0.6128039,-1.0156494,0.94826746,1.3485268,0.626685,-0.40790245
-0.9378023,1.9328218,1.603261,-0.5689986,-0.09468419,-0.6836394,-0.86463565,-1.1103439,-0.10012389,-0.13488957,-1.6373255,-2.0088432,-1.3475238,-0.48445863,-1.5231196,-1.0157014,0.55893177,1.096846,0.44883534,-0.3667476,0.5435927,0.81666213,0.064655505,-1.1831628,-1.7697213,-0.7896982,-1.474537,-1.0098116,0.87423193,-1.2147619,-0.18447039,-0.78442895,-0.47749186,-0.8087547,-1.1224866,-0.106292084,-0.6707967,0.36121002,-2.1331775,0.25784835,-0.55550385,0.06258753,-0.05791147,0.9819908,1.4894322,-0.8718794,-0.20141879,-0.9885066,-1.6231025,-0.75166094,-1.0573502,-0.5920688,-1.6183006,-1.6144317,-1.4497097,-0.15533379,-1.4538256,-0.88704205,0.5314701,1.9188005,-0.2842408,0.23510994,-1.1771803,0.0026203482,-1.0154945,-1.3599858,-1.2926958,-0.75840783,-1.250954,-1.4207609,-0.53847134,-1.4877808,-0.23293428,-0.47492358,-0.95306873,-0.61343694,-1.0321549,-1.2002035,-1.4493175,-0.59172094,-1.0028265,0.7520025,1.2906212,0.49890664,-0.19991858
-1.1503628,1.7119029,1.5654413,-0.44725007,-0.1740105,-0.722492,-0.82490927,-0.9911043,-0.31784427,-0.31944966,-1.5943611,-2.0074778,-1.3333426,-0.39983416,-1.4291242,-0.9454839,0.08997645,1.2553078,0.091750264,-0.9736054,0.39563605,0.74663043,-0.13243563,-1.2244306,-1.8023541,-0.79047745,-1.492183,-0.9726556,0.4450615,-1.30493,-0.48194563,-0.94730484,-0.7082107,-0.92975104,-1.4471571,0.27181455,-1.0803957,0.123538844,-2.1992292,0.19341782,-0.7766198,0.22918543,-0.09560961,0.6735455,1.309589,-0.87349397,-0.1584523,-1.0465485,-1.5311826,-0.894817,-1.2748111,-0.93297553,-1.7310948,-1.5102329,-1.416901,-0.3842729,-1.3187202,-0.8871953,0.11337755,1.535602,-0.73966557,-0.24231501,-1.3516482,0.24781008,-1.1361749,-1.3923018,-1.5510757,-0.8741714,-1.36317,-1.537797,-0.89095235,-1.6186051,-0.59838504,-0.7993407,-1.2408104,-0.9100573,-1.3330144,-1.4206477,-1.6736065,-0.6273537,-1.0683614,0.4743649,1.1038784,0.37388465,-0.052525256
-1.4166318,1.4438388,1.5376496,-0.40611762,-0.3113585,-0.8029964,-0.8236331,-0.95713556,-0.5844879,-0.57250965,-1.5170109,-1.9828365,-1.3265129,-0.40076214,-1.3080492,-0.93179613,-0.44210935,1.4371794,-0.19134617,-1.4445142,0.23594151,0.6512501,-0.37080777,-1.2619846,-1.7879921,-0.803908,-1.4583695,-1.0363517,-0.03936525,-1.4542623,-0.8634335,-1.1428052,-0.976763,-1.0395784,-1.7440648,0.5855007,-1.5018767,-0.23265438,-2.2353017,0.091944456,-0.9341823,0.52563065,-0.21889423,0.26331085,1.0796921,-0.93313885,-0.17742382,-1.1908753,-1.4757817,-1.1737609,-1.5501012,-1.3576441,-1.7455136,-1.4182837,-1.375491,-0.7014058,-1.2454293,-1.0391414,-0.40747413,1.0031886,-1.1454681,-0.6845322,-1.5010734,0.47952375,-1.3220125,-1.4429085,-1.7891281,-1.0985918,-1.3962185,-1.7231473,-1.2984356,-1.8056189,-1.0398338,-1.1400081,-1.5779337,-1.2259382,-1.6528603,-1.6723362,-1.9046407,-0.72709125,-1.2219932,0.14338443,0.81991565,0.24165668,-0.0068050954
-1.7185467,1.1581918,1.5263801,-0.4386157,-0.48763314,-0.89726377,-0.844052,-1.0070417,-0.8730803,-0.85467935,-1.398719,-1.9135683,-1.3095475,-0.49630165,-1.1697189,-0.98735577,-0.9876508,1.6133299,-0.37310323,-1.736448,0.07841702,0.5531158,-0.62203884,-1.2767926,-1.7177637,-0.83342767,-1.3641304,-1.1885477,-0.5316539,-1.6590858,-1.3081845,-1.3667339,-1.2726427,-1.1382767,-2.0067835,0.77178365,-1.9009551,-0.66624224,-2.248512,-0.017038438,-0.99975324,0.90513074,-0.41579324,-0.21078545,0.8091267,-1.0361878,-0.25833336,-1.404573,-1.4408396,-1.5688589,-1.8674486,-1.8228366,-1.6523092,-1.333225,-1.3139942,-1.0740191,-1.2309293,-1.3260998,-0.9838842,0.3811395,-1.4633446,-1.053779,-1.6069022,0.672817,-1.5605803,-1.4909948,-1.9634292,-1.422998,-1.3361256,-1.9521068,-1.733261,-2.0417933,-1.5284566,-1.4814466,-1.9448345,-1.5501714,-1.9726193,-1.9319803,-2.1278448,-0.8823749,-1.4545509,-0.20250666,0.48977053,0.092260316,-0.08771012
-2.0271602,0.8884826,1.5366627,-0.5271285,-0.67683786,-0.973984,-0.864471,-1.1263589,-1.1501683,-1.1188854,-1.2333473,-1.7791902,-1.2597392,-0.6825639,-1.027343,-1.1097918,-1.4919109,1.7527386,-0.43979105,-1.8339949,-0.0616486,0.47802556,-0.8517582,-1.2476871,-1.5873646,-0.8761946,-1.2013581,-1.4020587,-0.98073,-1.9051028,-1.7815624,-1.6009476,-1.5790874,-1.2167758,-2.2244766,0.78360164,-2.2476785,-1.1240258,-2.2450073,-0.09939089,-0.9592578,1.3053771,-0.6647569,-0.6983484,0.5200145,-1.1603214,-0.38947737,-1.6565264,-1.4049431,-2.0392876,-2.2009509,-2.2746444,-1.4496566,-1.2368352,-1.2194825,-1.4545896,-1.259689,-1.7076125,-1.555613,-0.25623226,-1.6599152,-1.3218994,-1.653244,0.81761676,-1.8250283,-1.5087686,-2.0325656,-1.8208402,-1.1755588,-2.1885853,-2.1592374,-2.3076673,-2.0232337,-1.7982042,-2.3089945,-1.8614426,-2.263667,-2.1742852,-2.3260493,-1.0696396,-1.740551,-0.5206571,0.17470378,-0.08095912,-0.29871848
-2.3049123,0.66746086,1.5723176,-0.64544934,-0.8496208,-1.0040241,-0.8623303,-1.2898045,-1.381317,-1.3175135,-1.0171297,-1.5644957,-1.1537713,-0.94072384,-0.89409024,-1.2813746,-1.9024713,1.8277967,-0.3927173,-1.7491632,-0.16936103,0.45110324,-1.0252945,-1.1548928,-1.3978488,-0.9219868,-0.9645202,-1.6392821,-1.339924,-2.1683402,-2.2390635,-1.8143854,-1.8729603,-1.2569759,-2.3810995,0.59861624,-2.5206344,-1.5495659,-2.2302332,-0.12387575,-0.816779,1.6587962,-0.93699646,-1.1439332,0.24367651,-1.2783765,-0.5477693,-1.905209,-1.3460978,-2.5288465,-2.5180793,-2.6559517,-1.1435788,-1.1033137,-1.0796467,-1.7878581,-1.306213,-2.1244874,-2.0579453,-0.83081615,-1.7109443,-1.472337,-1.6290331,0.91960615,-2.0784745,-1.4666932,-1.9642636,-2.2502828,-0.9158998,-2.3906918,-2.5361462,-2.5727286,-2.476116,-2.0563443,-2.6284182,-2.128556,-2.4906359,-2.3754864,-2.482132,-1.2537946,-2.0431478,-0.77043843,-0.065365896,-0.2783954,-0.6205743
-2.5112529,0.52222097,1.6352549,-0.76225156,-0.97758496,-0.96574175,-0.81799316,-1.4651158,-1.5369214,-1.4099828,-0.7501357,-1.2636502,-0.972808,-1.2371968,-0.7798263,-1.4714953,-2.1768098,1.819661,-0.24757317,-1.5166306,-0.23229192,0.49241412,-1.1127237,-0.98364794,-1.1556728,-0.9543485,-0.6532831,-1.8579026,-1.5743312,-2.4181094,-2.6324487,-1.9673463,-2.1262848,-1.235351,-2.456618,0.22433206,-2.7081885,-1.8913358,-2.2090967,-0.06897412,-0.5948464,1.9042997,-1.2002152,-1.4955666,0.014934171,-1.3619554,-0.70087755,-2.1043463,-1.2460856,-2.9738295,-2.78395,-2.914577,-0.74788606,-0.9064,-0.88573056,-2.020168,-1.339577,-2.5071878,-2.431212,-1.2719892,-1.6055609,-1.5002886,-1.5293609,0.9966852,-2.2800455,-1.3396267,-1.741874,-2.659791,-0.567775,-2.5170941,-2.8248816,-2.7993145,-2.8383768,-2.2175953,-2.8566513,-2.3138125,-2.6161315,-2.515491,-2.5810454,-1.3940718,-2.3207889,-0.9193132,-0.18240084,-0.49284258,-1.0133039
-2.6086216,0.46965185,1.7247423,-0.8452974,-1.0372434,-0.84858793,-0.7184096,-1.6179751,-1.5968386,-1.3693483,-0.4378756,-0.88224,-0.70714873,-1.5271738,-0.6886794,-1.6417309,-2.287525,1.7224529,-0.032145284,-1.1853955,-0.24284616,0.61235607,-1.0935553,-0.727686,-0.87186027,-0.95269835,-0.27451438,-2.0168452,-1.6660534,-2.6209185,-2.916037,-2.018484,-2.3087823,-1.1285336,-2.430493,-0.30130702,-2.8077416,-2.1095147,-2.1854796,0.07194007,-0.3304489,1.9977801,-1.4221164,-1.7127699,-0.134631,-1.3857943,-0.81123304,-2.2095795,-1.0936604,-3.3124523,-2.9664729,-3.0111685,-0.28387183,-0.6277963,-0.6346955,-2.1084723,-1.3287191,-2.7860239,-2.6294913,-1.5259217,-1.3485612,-1.411835,-1.3552258,1.0725732,-2.3916051,-1.11251,-1.3687345,-2.995237,-0.15142792,-2.5334208,-2.9928558,-2.9478123,-3.067528,-2.2453616,-2.9497004,-2.3790562,-2.6068408,-2.5793054,-2.6112337,-1.4511299,-2.5339499,-0.947285,-0.14841531,-0.7092586,-1.4221641
-2.5681908,0.513558,1.8361957,-0.8668615,-1.01332,-0.6547138,-0.55962753,-1.7172058,-1.5532945,-1.1872771,-0.09199712,-0.43826485,-0.35935998,-1.7604103,-0.61833775,-1.7525808,-2.2257986,1.5447278,0.21749826,-0.8104281,-0.19924827,0.8086248,-0.9603386,-0.3916952,-0.5610369,-0.8961342,0.15609546,-2.0828729,-1.6165959,-2.745211,-3.0536082,-1.9329939,-2.39165,-0.9198891,-2.2865546,-0.9147572,-2.8223877,-2.1799588,-2.1615932,0.2881389,-0.067924805,1.9197462,-1.5742455,-1.7725546,-0.1833812,-1.3312781,-0.84196156,-2.1849666,-0.88687164,-3.4940975,-3.0404565,-2.9254944,0.2207216,-0.26329166,-0.3310738,-2.0285676,-1.2484187,-2.9022248,-2.6273677,-1.5625302,-0.9615588,-1.2220504,-1.1137828,1.1684712,-2.3841374,-0.78385645,-0.8693442,-3.2074554,0.30508742,-2.4179745,-3.0181315,-2.9829154,-3.1332498,-2.1119032,-2.8731427,-2.2927036,-2.4401598,-2.5570028,-2.5653381,-1.3941859,-2.6510198,-0.84961486,0.040577378,-0.9063799,-1.7862619
-2.3752475,0.64365697,1.9599055,-0.8083737,-0.9007137,-0.39824536,-0.34765738,-1.7393087,-1.4116683,-0.8759976,0.27027205,0.03916515,0.05437598,-1.8890926,-0.56124705,-1.7702563,-2.002017,1.3085834,0.46256518,-0.44393733,-0.10662742,1.0647521,-0.719623,0.007891466,-0.23958479,-0.76787925,0.6142235,-2.0349023,-1.4456972,-2.7659063,-3.0238037,-1.6901406,-2.352459,-0.605457,-2.0177877,-1.5359575,-2.7578206,-2.0955093,-2.1368978,0.55311817,0.15064512,1.6788102,-1.6356649,-1.6727116,-0.12438936,-1.1896689,-0.76308274,-2.0087268,-0.6329818,-3.4870038,-2.9916086,-2.6597142,0.73328483,0.17272054,0.012103662,-1.7797903,-1.0839008,-2.8174016,-2.4234252,-1.3784451,-0.4813869,-0.952857,-0.8172621,1.2956772,-2.242878,-0.36807904,-0.287468,-3.2590349,0.7680318,-2.1650405,-2.8926013,-2.8796375,-3.0220196,-1.805066,-2.6083033,-2.037046,-2.109721,-2.4436529,-2.4405286,-1.2069783,-2.6523185,-0.6370522,0.36480168,-1.059714,-2.048737
-2.031945,0.83671033,2.0806866,-0.6641064,-0.7050167,-0.10256147,-0.09814271,-1.6720304,-1.1890006,-0.46694624,0.62661266,0.5129952,0.5050876,-1.8761007,-0.50721115,-1.673202,-1.6439401,1.0453025,0.6670964,-0.12965564,0.02327851,1.3515674,-0.3913581,0.44387174,0.07611374,-0.559041,1.0679638,-1.8675265,-1.1878158,-2.6683922,-2.8232942,-1.289266,-2.1788738,-0.19771318,-1.6304511,-2.0801477,-2.6194448,-1.8648409,-2.1077812,0.82882535,0.29427677,1.3100843,-1.5956281,-1.4317313,0.03225185,-0.9638161,-0.557549,-1.6772699,-0.34742826,-3.282796,-2.8183956,-2.2388082,1.218775,0.64785516,0.3738229,-1.3857918,-0.83437514,-2.5199075,-2.040225,-0.9965034,0.04341946,-0.63082635,-0.48222044,1.4506861,-1.969423,0.10606105,0.31940046,-3.129505,1.2014344,-1.7864344,-2.6228886,-2.628024,-2.7391446,-1.3330945,-2.1569939,-1.6136807,-1.6286062,-2.2389157,-2.2385507,-0.8914186,-2.531718,-0.33392793,0.7852986,-1.1450833,-2.16644
-1.5588571,1.060097,2.1787374,-0.44256407,-0.4415595,0.20393066,0.1662745,-1.5158362,-0.9111274,-0.0064387717,0.95219463,0.9428808,0.9545377,-1.7020792,-0.4463227,-1.4561368,-1.1927187,0.7892651,0.8028693,0.1012714,0.1724188,1.6306264,-0.00630932,0.8808732,0.3712576,-0.27159053,1.481357,-1.5912123,-0.88610846,-2.451009,-2.467875,-0.7521747,-1.8723701,0.2734795,-1.1461754,-2.4709492,-2.4114685,-1.5102154,-2.0671794,1.0728536,0.35009617,0.868694,-1.4553598,-1.085411,0.26032382,-0.6681559,-0.2254672,-1.2063131,-0.05071158,-2.8973088,-2.5324268,-1.7073095,1.6425142,1.1156399,0.72652876,-0.8911109,-0.5138264,-2.0268679,-1.5208805,-0.46152294,0.55856997,-0.2846256,-0.1287918,1.6144749,-1.5818433,0.5989444,0.88777554,-2.8179266,1.571078,-1.3098686,-2.2298183,-2.2356732,-2.308593,-0.7263615,-1.5429995,-1.0461129,-1.0296369,-1.9468035,-1.9653001,-0.46810457,-2.2964008,0.025602298,1.2511095,-1.1431931,-2.1175945
-0.99198914,1.2766459,2.2315195,-0.16561443,-0.13309252,0.49238315,0.41937074,-1.2833287,-0.60843915,0.45098457,1.222397,1.2903396,1.3600085,-1.3695469,-0.37181175,-1.131563,-0.6979626,0.57075673,0.8527762,0.23201875,0.31889588,1.8599437,0.39802796,1.2800885,0.6340762,0.08049164,1.8187292,-1.2307141,-0.5855163,-2.1254876,-1.990599,-0.12198206,-1.4495331,0.76403946,-0.6010816,-2.6517963,-2.1378937,-1.0639286,-2.005657,1.2463932,0.32598144,0.42008612,-1.2281687,-0.6810153,0.5212063,-0.32690728,0.21429805,-0.6297641,0.23480043,-2.3680706,-2.1570315,-1.122704,1.9737183,1.5230951,1.0395243,-0.3541566,-0.1493993,-1.3816141,-0.9227768,0.16616859,1.0109893,0.056976218,0.22147529,1.7559056,-1.1113776,1.0655226,1.3572434,-2.342849,1.8484302,-0.7752143,-1.7460313,-1.7276524,-1.7700578,-0.03550557,-0.8104522,-0.37872845,-0.36242062,-1.5759854,-1.6311071,0.0266176,-1.9648306,0.4026438,1.7075655,-1.0432149,-1.9057796
-0.3789487,1.450471,2.2175121,0.13524237,0.19332379,0.73796564,0.63570464,-0.99664944,-0.31183684,0.8511624,1.4162256,1.5244615,1.6810008,-0.9034714,-0.2815317,-0.72825706,-0.21150182,0.4096704,0.8131122,0.2601461,0.43923393,2.000738,0.78241575,1.6044742,0.8567956,0.47249877,2.049701,-0.8210549,-0.32640818,-1.7159196,-1.4375128,0.5422339,-0.9409364,1.22137,-0.04237938,-2.5941792,-1.8044552,-0.56475645,-1.9124835,1.3218672,0.2490256,0.028661253,-0.9373306,-0.26988637,0.7695381,0.029347574,0.72503287,0.0039891307,0.48893932,-1.7480327,-1.7236428,-0.54753566,2.188417,1.8195374,1.2828337,0.16246223,0.22286196,-0.6466714,-0.30964744,0.8193175,1.3557231,0.36699837,0.54694915,1.838872,-0.5980438,1.4616518,1.6793745,-1.7396717,2.0139914,-0.22891659,-1.2122229,-1.143331,-1.1738747,0.6742335,-0.019418148,0.32797572,0.31269702,-1.1400948,-1.2504054,0.5463312,-1.5634241,0.758822,2.1040635,-0.84522736,-1.5595766
0.22763237,1.5521647,2.1202252,0.4241239,0.50970155,0.9232087,0.7947337,-0.68360174,-0.048648432,1.1479951,1.5195916,1.6263157,1.8854109,-0.3479105,-0.17812453,-0.2871749,0.21793571,0.311465,0.69259465,0.1967632,0.5112395,2.0236697,1.1106206,1.824414,1.035507,0.8714275,2.1541936,-0.40206933,-0.13911657,-1.2552446,-0.86160624,1.1732082,-0.38819084,1.5926764,0.47784957,-2.300973,-1.4210544,-0.05429647,-1.7780073,1.2888,0.15948398,-0.25324413,-0.61297065,0.100079685,0.96044225,0.36784193,1.2566096,0.6381413,0.69680697,-1.0978351,-1.2680206,-0.040215526,2.2724955,1.9658446,1.4319404,0.6016076,0.56388956,0.1059332,0.2567151,1.4323817,1.5619496,0.6218839,0.8281612,1.8308748,-0.084539026,1.7502335,1.8247391,-1.0562197,2.059526,0.2825367,-0.67232084,-0.5311791,-0.57500976,1.3312328,0.761721,1.0051959,0.93262094,-0.6579327,-0.8414494,1.0420234,-1.1231024,1.061484,2.4001834,-0.5613586,-1.1273775
0.7769166,1.5628841,1.9322729,0.6673172,0.790317,1.039585,0.88402545,-0.37272564,0.16035528,1.3105335,1.5283101,1.5922402,1.9552732,0.24061637,-0.067493305,0.14533885,0.55011374,0.26590523,0.5107286,0.06466728,0.51784825,1.9140133,1.3534393,1.9221289,1.1697272,1.2405156,2.125817,-0.012302677,-0.04064769,-0.7809437,-0.31615373,1.7053216,0.16183963,1.8335601,0.90979165,-1.8048965,-1.0029976,0.42663753,-1.595219,1.1560265,0.101791136,-0.3932031,-0.28788683,0.39084998,1.0560433,0.6585634,1.7513655,1.2144909,0.85068464,-0.47701913,-0.8250485,0.3533045,2.2233381,1.9413452,1.4719598,0.9202878,0.8379142,0.8053605,0.7240635,1.9493922,1.6163039,0.8027259,1.0493037,1.7109854,0.38883394,1.9060612,1.787118,-0.3471119,1.989019,0.7189734,-0.16892804,0.05789584,-0.02614194,1.8673536,1.4644443,1.5852464,1.4401023,-0.15336576,-0.42565387,1.4697593,-0.67511123,1.286761,2.5692034,-0.21448654,-0.6690669
1.22632,1.4764086,1.6585261,0.83909285,1.0142747,1.0876389,0.9007805,-0.08891592,0.30292386,1.3272527,1.4491465,1.4344623,1.8899785,0.8018336,0.043261763,0.52439463,0.75691265,0.24984384,0.2947559,-0.10435385,0.44978818,1.6744103,1.4919438,1.8941374,1.2610812,1.543826,1.973537,0.31654587,-0.03367792,-0.32986605,0.15190484,2.0841446,0.6629405,1.9157029,1.2134196,-1.1617434,-0.5706661,0.8415692,-1.361746,0.9504924,0.11476122,-0.382952,0.007573039,0.57891035,1.0313144,0.8781478,2.1518517,1.6807405,0.9507384,0.063706286,-0.42462674,0.60557675,2.050253,1.747494,1.400471,1.0952386,1.018238,1.3916136,1.0554502,2.329275,1.5238377,0.89639175,1.20006,1.4754603,0.78884095,1.9182767,1.5837666,0.33204925,1.8173475,1.0513493,0.26139334,0.5773332,0.42829305,2.2275956,2.0290108,2.0111449,1.7915537,0.34576145,-0.026320351,1.7965026,-0.24789654,1.4216499,2.598847,0.16439898,-0.24518506
1.5467757,1.2990617,1.3169712,0.9258701,1.1674443,1.0754569,0.851915,0.1501062,0.37611243,1.2069721,1.2996773,1.1796716,1.7065357,1.2804592,0.14848527,0.81356347,0.8248114,0.23215532,0.07529624,-0.27331075,0.3074539,1.3247575,1.5186834,1.7518125,1.3115016,1.7511058,1.7208178,0.56428605,-0.107055634,0.066549845,0.5076488,2.27405,1.0762159,1.8315798,1.3645405,-0.4407036,-0.14716353,1.1615473,-1.0808774,0.71170187,0.22289328,-0.2379721,0.24929775,0.65679103,0.87772703,1.0132986,2.408582,1.9971185,1.0038569,0.48846063,-0.08800299,0.71086496,1.7734385,1.4080245,1.228599,1.1250234,1.0912883,1.8228555,1.2322644,2.548765,1.3051417,0.89623845,1.2759373,1.1394091,1.0919387,1.7909517,1.252382,0.9303994,1.5676775,1.2647555,0.591831,0.99113613,0.7570999,2.377756,2.4117062,2.2446666,1.9625472,0.80946255,0.33310813,2.003538,0.13573644,1.4639543,2.4903774,0.540095,0.09300297
1.7252452,1.0477837,0.9371828,0.92816967,1.2431426,1.016232,0.75204325,0.33573225,0.3856144,0.9771242,1.1061276,0.8647988,1.4370484,1.6340702,0.24578296,0.98967296,0.7557042,0.18108429,-0.117793396,-0.40463609,0.10169553,0.8990028,1.4376837,1.5187358,1.3223499,1.8417276,1.4023316,0.7242209,-0.23909092,0.38626558,0.7317095,2.2631066,1.3746336,1.5958449,1.3585763,0.28675368,0.24502501,1.3676022,-0.76199543,0.48376542,0.43041462,0.0070432764,0.42314354,0.6325141,0.60421944,1.0620213,2.4871933,2.1414852,1.0214939,0.77925783,0.17387024,0.6847125,1.4213059,0.96542823,0.9800361,1.0279881,1.0583366,2.0788193,1.254917,2.6014447,0.99218905,0.8028792,1.2781005,0.7343441,1.2849591,1.5415369,0.8442761,1.4062815,1.2681689,1.359493,0.8075481,1.2778932,0.94497746,2.3090057,2.5898607,2.2714121,1.950594,1.2083972,0.63121676,2.086272,0.46040827,1.4203206,2.2561102,0.87735903,0.31202623
1.7648387,0.74673873,0.5558663,0.86000615,1.2423515,0.92548954,0.62080204,0.46835,0.3443869,0.67893875,0.8995352,0.5320502,1.1235383,1.8380527,0.33705372,1.0450171,0.5660842,0.07122649,-0.2597775,-0.46596402,-0.14736481,0.44025564,1.2629457,1.22703,1.2938018,1.8072115,1.0590932,0.80339456,-0.4007338,0.61869633,0.8217723,2.0638623,1.5459758,1.242876,1.2110255,0.95718986,0.5883653,1.452104,-0.41960433,0.30618703,0.7197916,0.30491808,0.5261591,0.5261219,0.23578115,1.0338134,2.3737383,2.111487,1.016763,0.9364183,0.36077392,0.5601184,1.0269517,0.47436902,0.68805456,0.83756465,0.934639,2.1611905,1.1407403,2.4952295,0.62200457,0.6248477,1.2123734,0.30215678,1.3648807,1.1975011,0.41629764,1.7310452,0.94756687,1.3490955,0.9071139,1.4326477,0.993309,2.038525,2.5638924,2.1024039,1.774275,1.5174066,0.85097754,2.051381,0.718693,1.3039833,1.9166496,1.1452014,0.40039164
1.6830202,0.42340645,0.21065044,0.7456771,1.1729547,0.8184182,0.47955725,0.5559863,0.27060935,0.36095,0.7114258,0.22251515,0.8110286,1.8876785,0.42820063,0.9870863,0.28488734,-0.11090757,-0.3345289,-0.4354606,-0.41339085,-0.0060139606,1.0164014,0.9120677,1.2254181,1.6527373,0.7327378,0.82036036,-0.5605924,0.764948,0.7917243,1.7106698,1.5930758,0.8208741,0.9549011,1.5224211,0.8732446,1.419338,-0.07160557,0.20553404,1.0541315,0.6042225,0.56641877,0.36502126,-0.19075517,0.9472903,2.0770879,1.9246758,1.001616,0.9760059,0.4813057,0.3811223,0.62420166,-0.006277963,0.39066502,0.5954738,0.74668723,2.090351,0.9202649,2.247501,0.23142126,0.37824032,1.0884904,-0.11270901,1.337062,0.7929696,0.021882458,1.8910582,0.63190603,1.2576663,0.90149707,1.466207,0.9186662,1.6063145,2.3562856,1.7717124,1.4696819,1.7188457,0.98220193,1.9126728,0.91059065,1.1314713,1.4982053,1.320311,0.3690882
1.5071824,0.10459843,-0.06707579,0.6152508,1.0486186,0.70810694,0.34843957,0.61139876,0.18489546,0.071692206,0.5692104,-0.028923865,0.54071474,1.7973093,0.5280577,0.8359813,-0.049903456,-0.36374325,-0.33692616,-0.30535543,-0.6677776,-0.39827034,0.7244902,0.60787493,1.1181649,1.3960899,0.45989263,0.80091417,-0.6890034,0.8364348,0.66860867,1.2537205,1.5312202,0.3837426,0.6355647,1.953516,1.0994564,1.2841455,0.26296714,0.1895053,1.3838599,0.8562811,0.56151855,0.1785127,-0.6320394,0.8265758,1.6288255,1.6153587,0.98476744,0.925526,0.5502514,0.19546473,0.24359682,-0.42177194,0.12577508,0.34498358,0.5282577,1.9007059,0.63242525,1.8809887,-0.14745991,0.08671627,0.9185151,-0.4715606,1.2138733,0.36491206,-0.2962665,1.8884659,0.3419083,1.1154099,0.81237006,1.4018918,0.74956226,1.0686246,2.0075486,1.3309124,1.0845991,1.8056091,1.023239,1.6866087,1.0420663,0.92012227,1.0304997,1.3893782,0.24810873
1.2703394,-0.18670397,-0.2584662,0.49905607,0.88737446,0.60427547,0.24461578,0.64916766,0.107819684,-0.14663085,0.49227875,-0.19731538,0.3444827,1.5966852,0.6460781,0.61994,-0.3951779,-0.67132413,-0.2739432,-0.083868384,-0.883597,-0.7044765,0.4154537,0.34304664,0.97678566,1.065735,0.26798058,0.7731835,-0.76238114,0.85179853,0.48823947,0.7513107,1.3840181,-0.01734743,0.3040479,2.2403398,1.2756236,1.0697293,0.5669673,0.24554281,1.6556551,1.02131,0.5352913,-0.0069963722,-1.044163,0.69759846,1.0792392,1.2298491,0.9707823,0.8184793,0.5852445,0.046691954,-0.0902233,-0.7288562,-0.07421862,0.124609634,0.31546342,1.6343979,0.31958082,1.4200809,-0.48963597,-0.22059761,0.71617556,-0.7481945,1.0129862,-0.049895875,-0.511109,1.7404314,0.09144121,0.9544206,0.66914153,1.2713926,0.5222742,0.4897641,1.5703615,0.84127647,0.6718471,1.7825923,0.98191893,1.3896499,1.1233459,0.6864652,0.5449921,1.3502375,0.080400944
1.006104,-0.4336632,-0.36116508,0.4230392,0.70992684,0.5134035,0.18088888,0.6827874,0.057443626,-0.26339447,0.4895586,-0.269563,0.24116835,1.3261961,0.7903528,0.37118798,-0.7073031,-1.0065137,-0.1634506,0.20633164,-1.0397406,-0.9058598,0.11621167,0.13842559,0.81230444,0.6969678,0.17254916,0.7623691,-0.7656151,0.83355165,0.29012567,0.2616546,1.1786199,-0.34160182,0.009324304,2.3883631,1.4162272,0.8052496,0.8273463,0.34316674,1.8222007,1.071624,0.51429844,-0.17159523,-1.3883938,0.5836273,0.49112198,0.81984615,0.9604491,0.6893734,0.6036446,-0.03164197,-0.36083236,-0.9005814,-0.1862934,-0.035808,0.1425272,1.3359076,0.0229267,0.889272,-0.7774578,-0.51104856,0.49686342,-0.93257177,0.7561768,-0.41707006,-0.6127847,1.4769465,-0.11200353,0.80464524,0.5049295,1.1093249,0.27609953,-0.06691536,1.1024213,0.3650818,0.28268343,1.6664885,0.8753168,1.0377156,1.1665218,0.445584,0.07349716,1.2117879,-0.08579461
0.7452179,-0.62656236,-0.38984817,0.40490276,0.53771675,0.4390937,0.16573933,0.7229217,0.04735271,-0.26269108,0.5593062,-0.24405287,0.23560025,1.0309163,0.9653813,0.12200488,-0.94659805,-1.336717,-0.031273548,0.53255785,-1.1235827,-0.9983175,-0.1496811,0.006266752,0.64325553,0.32728377,0.1769368,0.78687525,-0.6941889,0.8041275,0.111949116,-0.1645215,0.9409954,-0.56394994,-0.20799078,2.4134722,1.5373164,0.5222704,1.036717,0.44034895,1.8510231,0.99345064,0.5241545,-0.30344793,-1.6354593,0.50175804,-0.06867157,0.436012,0.9520663,0.56896305,0.61996377,-0.019737681,-0.5601388,-0.92913854,-0.19958167,-0.11764697,0.037521627,1.0468038,-0.22111477,0.31308365,-0.9995429,-0.75254595,0.2770521,-1.0312942,0.4684135,-0.7067505,-0.60686845,1.1372988,-0.26646,0.6906596,0.3526399,0.9484354,0.04881146,-0.5467326,0.6590092,-0.042560168,-0.038956888,1.4838843,0.7276304,0.64778054,1.1840519,0.21146457,-0.353039,0.99269426,-0.20430408
0.51220274,-0.76313925,-0.3731986,0.45215297,0.3908485,0.38305682,0.20307802,0.7762791,0.08512494,-0.14392549,0.68987375,-0.12941258,0.31960025,0.75455,1.1702554,-0.098455355,-1.0813831,-1.6304935,0.09305787,0.8579492,-1.1317697,-0.991348,-0.36395764,-0.04939129,0.4950248,-0.008113338,0.273179,0.8552841,-0.5535669,0.78327394,-0.01478037,-0.489615,0.6926878,-0.6769063,-0.32097447,2.3367426,1.6518044,0.2518332,1.1937318,0.49247396,1.730017,0.78661543,0.5858525,-0.39847758,-1.7684889,0.46139324,-0.5384706,0.121708386,0.9433101,0.48141265,0.64493537,0.08740092,-0.68783855,-0.82532245,-0.11598913,-0.11372356,0.019241858,0.8020656,-0.38386235,-0.28302675,-1.1489851,-0.91734266,0.07446296,-1.0642017,0.17705882,-0.895282,-0.51057804,0.76596147,-0.373841,0.62960654,0.2409927,0.81553906,-0.12720905,-0.90960747,0.2864409,-0.34059545,-0.26051334,1.267214,0.56716114,0.24061397,1.1868519,-0.0021961338,-0.70643324,0.719221,-0.23752303
0.32428342,-0.8477126,-0.34773082,0.5617093,0.28623486,0.3457594,0.29236978,0.8456513,0.1714278,0.07894259,0.86222017,0.05822014,0.47459355,0.53390765,1.3975861,-0.26578096,-1.0916708,-1.8630162,0.18143016,1.1478924,-1.0695292,-0.9055788,-0.5144199,-0.0316587,0.39677528,-0.28098735,0.44458354,0.96610737,-0.3580788,0.78568316,-0.0682983,-0.6924384,0.448984,-0.689699,-0.3192104,2.179917,1.765426,0.021634975,1.302596,0.46142614,1.4696065,0.4632872,0.7133134,-0.45852542,-1.7843914,0.4635777,-0.870499,-0.09206914,0.93293536,0.44260308,0.68524045,0.281447,-0.75025874,-0.6159294,0.050886884,-0.027408594,0.0950754,0.627477,-0.44618005,-0.8708207,-1.2217559,-0.98668504,-0.0930995,-1.0585867,-0.08984053,-0.9667649,-0.3475784,0.40785426,-0.43845025,0.6300362,0.19113031,0.7290406,-0.22810678,-1.133492,0.017002493,-0.50629485,-0.3636362,1.0499656,0.42173883,-0.15750886,1.1831591,-0.18170118,-0.96316016,0.42216086,-0.16165882
0.19079015,-0.89005065,-0.35030943,0.7210757,0.23536019,0.32699403,0.42838636,0.9306508,0.3000968,0.37977934,1.05298,0.29730755,0.67482764,0.39422196,1.633792,-0.3618652,-0.97171307,-2.019536,0.21248578,1.3747737,-0.94899386,-0.7683256,-0.5954796,0.0505518,0.37622058,-0.4731405,0.6679722,1.1086795,-0.12796494,0.82028115,-0.03873756,-0.7690424,0.21926852,-0.62482435,-0.20929281,1.9630896,1.8746332,-0.14637576,1.3713976,0.323541,1.1003435,0.046060238,0.9113261,-0.48866767,-1.6937436,0.501663,-1.0376621,-0.1895635,0.9216062,0.45985687,0.74454796,0.543403,-0.75835025,-0.33893344,0.2779722,0.12842253,0.25969636,0.5382096,-0.39982426,-1.4183962,-1.2159368,-0.95439,-0.20907867,-1.042184,-0.305093,-0.9151886,-0.14320305,0.10369555,-0.4659198,0.69164777,0.21481627,0.6978378,-0.24033082,-1.2147692,-0.13416176,-0.5369199,-0.3451418,0.86130977,0.3145235,-0.51463544,1.1773564,-0.3143361,-1.1069572,0.13309427,0.030547317
0.11351714,-0.90382916,-0.41060442,0.91051054,0.24288909,0.325724,0.6009183,1.028214,0.45872447,0.7238478,1.2373229,0.5631464,0.8906785,0.3460987,1.859843,-0.37533745,-0.73111176,-2.0965889,0.1750011,1.5212544,-0.7860443,-0.60903996,-0.607918,0.18359262,0.45286137,-0.5785222,0.91635144,1.2659355,0.11396965,0.8901091,0.071709156,-0.73119295,0.008381192,-0.51266015,-0.012978422,1.7037945,1.9668012,-0.23767118,1.4106513,0.074842915,0.6673348,-0.43455622,1.1745449,-0.49466458,-1.5191888,0.5634924,-1.0372881,-0.1716922,0.91189545,0.53257906,0.8246652,0.84736335,-0.7264101,-0.038433384,0.53657854,0.3331581,0.49544352,0.5384778,-0.24799198,-1.8902411,-1.1320394,-0.8289912,-0.26049554,-1.0362626,-0.4451553,-0.74546504,0.07903474,-0.114154495,-0.46289122,0.80606306,0.3133223,0.72189003,-0.16153799,-1.1666572,-0.16951394,-0.44858187,-0.21666512,0.72154325,0.25994885,-0.796103,1.1695247,-0.38981375,-1.1312721,-0.11919419,0.32840887
0.088158205,-0.9048317,-0.54536086,1.1060631,0.30543903,0.3398758,0.7944043,1.1337653,0.62995595,1.0713251,1.3918836,0.82948184,1.0916522,0.38432333,2.0537367,-0.3025333,-0.39419812,-2.1002104,0.06973892,1.5805916,-0.59705436,-0.45498142,-0.5587654,0.3500097,0.6320559,-0.60313725,1.1609154,1.4180323,0.34581202,0.9931528,0.24972327,-0.60320437,-0.1806088,-0.38588133,0.23684572,1.4177772,2.0229106,-0.24598026,1.4310869,-0.26744038,0.22212468,-0.9427879,1.4876009,-0.48101375,-1.2929417,0.6338696,-0.891341,-0.054491527,0.9070401,0.6538132,0.9266873,1.1640915,-0.6704996,0.24108909,0.79590595,0.5599974,0.77414125,0.62226653,-0.00511512,-2.248731,-0.9740923,-0.6333303,-0.24027823,-1.0515083,-0.4927548,-0.47433397,0.29975554,-0.2245098,-0.43749386,0.95790076,0.47827616,0.79380274,-0.00028231036,-1.0155125,-0.10768246,-0.2724079,-0.0027785,0.63930166,0.26159978,-0.9698164,1.1550785,-0.40310615,-1.0408019,-0.31257465,0.70475584
0.10514391,-0.9089961,-0.75515175,1.2826115,0.4116348,0.3658207,0.9885079,1.2413718,0.7937665,1.3816307,1.4968538,1.0696865,1.2491685,0.489187,2.1934705,-0.14781775,0.0027107245,-2.042631,-0.090660594,1.5551614,-0.39731288,-0.32801378,-0.4604001,0.52974945,0.90062803,-0.56376237,1.3727626,1.545871,0.5498311,1.1235667,0.4735809,-0.41761884,-0.34451422,-0.27411318,0.50132835,1.1205031,2.0220442,-0.17349787,1.4418709,-0.6672757,-0.18580845,-1.4405593,1.826383,-0.45029283,-1.0527288,0.6966487,-0.6424666,0.13343643,0.9097375,0.8117517,1.0512167,1.4639809,-0.6072886,0.4600522,1.0274206,0.77843726,1.0602951,0.7749023,0.30423546,-2.4575782,-0.7507922,-0.40138853,-0.14859311,-1.0865598,-0.43945473,-0.12965173,0.5038275,-0.21945912,-0.3997697,1.1269673,0.6934104,0.90114367,0.22556598,-0.7959099,0.021090524,-0.048904255,0.2623946,0.6110152,0.3120707,-1.012724,1.12574,-0.3564094,-0.852046,-0.4340527,1.1188585
0.15203403,-0.9305636,-1.0248238,1.4171596,0.54279053,0.39798617,1.1596402,1.3443251,0.92973864,1.6173221,1.537447,1.2586226,1.3394326,0.6300658,2.26084,0.075875826,0.41555732,-1.9384418,-0.28462198,1.4543395,-0.19875509,-0.2424694,-0.32982722,0.70099425,1.22656,-0.48496673,1.5246135,1.6342717,0.7140946,1.2729781,0.71648246,-0.20998193,-0.47796404,-0.19985192,0.74182814,0.8281384,1.9464616,-0.030675678,1.4488266,-1.0751885,-0.51616126,-1.8906665,2.160599,-0.40352762,-0.8370212,0.7378683,-0.34645742,0.35595015,0.9201952,0.99156636,1.198363,1.7198305,-0.5526557,0.5880614,1.2080485,0.9567036,1.3159026,0.9751984,0.64754224,-2.486191,-0.4762712,-0.17276825,0.0062399125,-1.1304251,-0.28759232,0.25180614,0.6801766,-0.10476826,-0.36140797,1.2904485,0.93721145,1.0290021,0.49116358,-0.54550916,0.18010566,0.17861578,0.5395789,0.62298256,0.39494678,-0.9168665,1.0709178,-0.26012626,-0.5917666,-0.48162013,1.5217706
0.21507253,-0.98035645,-1.3265853,1.4913108,0.6751193,0.42890754,1.2829772,1.4353349,1.0198501,1.7480996,1.5047354,1.3743181,1.3456967,0.77081203,2.244658,0.3479079,0.79819405,-1.8014476,-0.4853393,1.2912264,-0.010159689,-0.20469949,-0.18759711,0.84174085,1.5620226,-0.39530748,1.593099,1.6740074,0.8334727,1.4317894,0.9504914,-0.014193527,-0.57340336,-0.17596948,0.92545813,0.5581825,1.7865908,0.16497976,1.4536254,-1.4362141,-0.74318576,-2.2599154,2.4573398,-0.34140193,-0.6799331,0.7470809,-0.06268619,0.5744348,0.9355913,1.1772391,1.3666475,1.9084488,-0.5204114,0.60697186,1.3229045,1.0652881,1.505916,1.1980604,0.9874008,-2.315102,-0.16977713,0.01405243,0.20874587,-1.167212,-0.05107685,0.6278995,0.8207629,0.10141604,-0.3355855,1.4256588,1.1857816,1.1623453,0.76774305,-0.3000819,0.33271,0.37080973,0.7895571,0.65517884,0.4886246,-0.69317025,0.98042697,-0.13263492,-0.2936334,-0.46409735,1.8626302
0.28074262,-1.0646727,-1.6257362,1.4936972,0.78270626,0.44961682,1.3361653,1.5067236,1.0506727,1.7541596,1.3964173,1.4000144,1.2608267,0.87651527,2.1432323,0.6405795,1.1084577,-1.6426708,-0.6646991,1.0800784,0.16176592,-0.21363612,-0.056062814,0.93175,1.8511933,-0.32279167,1.5606208,1.6624984,0.90913653,1.5900081,1.1504325,0.14156501,-0.6217428,-0.2051195,1.0296216,0.32862526,1.544,0.39037022,1.4529784,-1.6990478,-0.85761076,-2.52226,2.6855888,-0.26562542,-0.60634226,0.71849316,0.15567337,0.75342715,0.9497424,1.3532094,1.5518535,2.0125034,-0.52083725,0.51287895,1.3667352,1.0810369,1.6037059,1.4170529,1.2855165,-1.9407816,0.14541364,0.12866916,0.43812504,-1.1820834,0.2451803,0.95597136,0.9195942,0.3706222,-0.33516046,1.5128344,1.4159646,1.2878066,1.026057,-0.089575104,0.44782525,0.4975546,0.97843724,0.68638915,0.57112336,-0.37150523,0.8473687,0.0027740637,0.006197129,-0.39963722,2.0959694
0.33791983,-1.1844121,-1.887195,1.4209344,0.8410826,0.45065358,1.3025316,1.551201,1.0153741,1.6287929,1.2163289,1.3267738,1.0882591,0.91973346,1.9653555,0.92220384,1.313493,-1.4697746,-0.7986196,0.8346382,0.3108076,-0.26208502,0.042903375,0.95468163,2.0397868,-0.29047582,1.4179268,1.603267,0.94660604,1.7379581,1.296815,0.23771073,-0.61448306,-0.280767,1.044616,0.15626444,1.232345,0.61873937,1.4392289,-1.8243749,-0.86572903,-2.6611032,2.8206227,-0.18003823,-0.6283897,0.65172505,0.2703041,0.8651228,0.9540583,1.5055645,1.7459857,2.0216937,-0.55953044,0.31634808,1.343249,0.99074334,1.595425,1.606928,1.5071336,-1.3792473,0.44442603,0.15406574,0.67141455,-1.1665314,0.5673179,1.1982119,0.9722714,0.667853,-0.37086555,1.5373244,1.6072538,1.3947412,1.2396249,0.064654715,0.50426793,0.5416209,1.0820811,0.6986625,0.6245659,0.0031952532,0.67125624,0.1213075,0.27405518,-0.31304717,2.1886194
0.37870947,-1.3349732,-2.0814824,1.2780123,0.83112586,0.4232572,1.174378,1.5624851,0.91513234,1.379358,0.9745836,1.1550305,0.84204465,0.8855301,1.7293559,1.1597469,1.3940635,-1.287798,-0.8694482,0.56729966,0.4294688,-0.33852416,0.09049368,0.9003698,2.0855076,-0.31298232,1.1657321,1.5043991,0.9536873,1.8663578,1.3777416,0.26474014,-0.5466072,-0.3896439,0.97384375,0.05432083,0.8756787,0.8227039,1.402078,-1.7918757,-0.78646743,-2.6710753,2.8483534,-0.090926535,-0.74365467,0.5508606,0.26303616,0.8928473,0.9391187,1.6231372,1.9367229,1.933676,-0.63655186,0.041113,1.2634163,0.7942966,1.4823104,1.745963,1.6252381,-0.6671345,0.70340806,0.08881136,0.886234,-1.121339,0.87651527,1.3266357,0.9756846,0.95569754,-0.44907677,1.491395,1.7438587,1.4756736,1.3875837,0.15079893,0.4932117,0.49960843,1.0887668,0.68094945,0.6386223,0.37838075,0.46024594,0.20106183,0.48306027,-0.2313399,2.1246011
0.3992837,-1.5065362,-2.1889565,1.0775133,0.74249756,0.36074057,0.9550801,1.5362717,0.75909615,1.0270653,0.6861074,0.8961433,0.5451518,0.77425885,1.460456,1.3233541,1.3466421,-1.1007301,-0.8686854,0.28975052,0.508379,-0.42918321,0.07390918,0.7666791,1.9667474,-0.3936573,0.8158647,1.3765107,0.938075,1.9665973,1.3898014,0.22302352,-0.41870546,-0.51475924,0.8320051,0.03008862,0.5047375,0.9775978,1.3310657,-1.6040742,-0.6464866,-2.5584178,2.7677786,-0.006470329,-0.9354899,0.42321292,0.1370225,0.8324518,0.8966654,1.6983767,2.108348,1.7544332,-0.7465476,-0.27883342,1.1421736,0.5063959,1.2805457,1.8178749,1.6242334,0.14020307,0.90215284,-0.053143736,1.063281,-1.056817,1.1335527,1.3270235,0.9282789,1.198801,-0.5702722,1.3749603,1.8153936,1.5260124,1.4568627,0.16630436,0.41767603,0.38066816,1.0000575,0.63039416,0.6122548,0.7032695,0.2319896,0.22701089,0.61623937,-0.17936225,1.9078966
0.4000014,-1.6845515,-2.2015948,0.83770436,0.57577044,0.2600453,0.659911,1.471165,0.56395274,0.6050822,0.36966243,0.5722084,0.22581257,0.60103273,1.1868088,1.3903922,1.1835742,-0.9124549,-0.7976389,0.0137426,0.53639215,-0.51984227,-0.010815977,0.56034046,1.6874588,-0.5238832,0.39064404,1.2305157,0.905568,2.0308564,1.3377047,0.121570654,-0.23886397,-0.6388449,0.6413189,0.08342754,0.15227939,1.0649216,1.2185888,-1.286402,-0.47552168,-2.3399718,2.5919282,0.06446657,-1.1752932,0.27761474,-0.08561234,0.6919546,0.821345,1.7277126,2.2436655,1.4984602,-0.8794186,-0.6029907,0.9950755,0.15594164,1.0182723,1.8138522,1.5022925,0.97398746,1.0269119,-0.24589199,1.1884121,-0.9902194,1.3046259,1.2007326,0.8305095,1.3684237,-0.7281292,1.1952814,1.817566,1.5436453,1.4433682,0.116516784,0.29094705,0.20358136,0.8294112,0.5519264,0.5533406,0.9378924,0.0127011975,0.1938955,0.6673163,-0.17518829,1.5621475
0.38492957,-1.8509732,-2.1224217,0.5801061,0.3431927,0.12257093,0.31455892,1.3694526,0.35227904,0.15469284,0.046033435,0.21450832,-0.086784065,0.39302883,0.93471,1.3491131,0.9311502,-0.7280639,-0.66655153,-0.2470457,0.5024607,-0.59808,-0.1572523,0.2969512,1.277771,-0.68404144,-0.078786954,1.0760874,0.8595118,2.0523815,1.2328209,-0.024396412,-0.022428542,-0.7468505,0.42715392,0.20609653,-0.15161929,1.0754255,1.0635153,-0.88372695,-0.30119416,-2.0410857,2.3458045,0.11428285,-1.4265672,0.12270895,-0.36970422,0.48982537,0.71195406,1.7115573,2.3265755,1.1874683,-1.0215979,-0.88970983,0.8349467,-0.2165058,0.730366,1.733818,1.2721349,1.7594776,1.0720578,-0.45667845,1.254056,-0.94104534,1.3665338,0.9646967,0.6859032,1.4455249,-0.90984267,0.9658922,1.752178,1.5282876,1.3521538,0.012579876,0.13300039,-0.007439472,0.5992299,0.4560855,0.47654933,1.0599681,-0.16580541,0.10674366,0.6401595,-0.22681154,1.127075
0.36124527,-1.9854423,-1.9631208,0.32667303,0.06762377,-0.04535824,-0.047424667,1.2371063,0.15002878,-0.27919382,-0.26392502,-0.13959178,-0.3672336,0.18405275,0.7243869,1.2016727,0.6258181,-0.55364555,-0.49220422,-0.47643152,0.39928564,-0.6542852,-0.34815428,-0.00027852232,0.7893781,-0.8462165,-0.5556579,0.9208653,0.8010215,2.0262356,1.0914735,-0.19591182,0.20923468,-0.828122,0.21387097,0.38277075,-0.38344207,1.0114613,0.8726929,-0.45334864,-0.14545709,-1.6922692,2.0625951,0.13837563,-1.6496859,-0.034571253,-0.6741037,0.2519136,0.57197845,1.6539836,2.3454685,0.8487203,-1.15818,-1.1003278,0.67002785,-0.5635892,0.4519088,1.5870057,0.95981574,2.4253285,1.0411719,-0.65213495,1.2592975,-0.9263101,1.3109535,0.64877564,0.50147617,1.4233556,-1.0978259,0.7045802,1.6268597,1.4811584,1.1966289,-0.13061263,-0.03354044,-0.22683543,0.3366037,0.35602888,0.3995222,1.0675569,-0.27090478,-0.01988079,0.5464526,-0.3306487,0.652281
0.3376806,-2.067342,-1.7408507,0.097060375,-0.2205206,-0.23267482,-0.3889893,1.0837429,-0.01664805,-0.65372473,-0.5415206,-0.45074058,-0.59765726,0.008263593,0.5668612,0.96472234,0.3090879,-0.39591852,-0.29497385,-0.65617704,0.22617638,-0.68289363,-0.5570829,-0.30326438,0.28706256,-0.97882605,-1.0021014,0.76985985,0.72992986,1.9499698,0.93246263,-0.3732692,0.43210357,-0.877273,0.021084687,0.59290016,-0.52862525,0.88724303,0.6617584,-0.056226842,-0.022481479,-1.3253214,1.7779379,0.13648187,-1.8071837,-0.18919213,-0.95883685,0.0074596745,0.40909553,1.5621312,2.2956896,0.51243955,-1.2748071,-1.2043736,0.5035123,-0.838062,0.21190098,1.3914986,0.6019172,2.9121752,0.94633967,-0.8035435,1.2096279,-0.95595074,1.1462649,0.29136088,0.2885678,1.3077707,-1.2723134,0.43098015,1.4544873,1.4045733,0.99664026,-0.29654464,-0.18698098,-0.43112424,0.06923096,0.2645398,0.33919293,0.9773766,-0.27471918,-0.16517238,0.40277392,-0.47232714,0.18933287
0.32248917,-2.077856,-1.4749988,-0.09350251,-0.48746946,-0.42478642,-0.6745665,0.92122793,-0.12486038,-0.9331891,-0.771897,-0.68269014,-0.7700509,-0.1060568,0.4628761,0.6686018,0.022045048,-0.26091886,-0.09556411,-0.7678517,-0.007891021,-0.682163,-0.7520109,-0.5822509,-0.16210952,-1.0516627,-1.3834933,0.62614673,0.646683,1.8242162,0.7748731,-0.53832555,0.62292325,-0.89398676,-0.1379745,0.8133747,-0.58221805,0.72670525,0.4531425,0.25286302,0.062352475,-0.9699847,1.5236286,0.113257065,-1.8686335,-0.33820942,-1.1911445,-0.21485458,0.23409495,1.4450618,2.1810174,0.20854095,-1.3596767,-1.1826304,0.33467913,-0.9998058,0.02820994,1.1721996,0.24098153,3.1797457,0.80700094,-0.8915884,1.1158627,-1.0302733,0.89698017,-0.06585997,0.06268926,1.1159787,-1.4142836,0.16438343,1.2517525,1.3019048,0.7760712,-0.46848735,-0.30957547,-0.6014105,-0.17828709,0.1918517,0.3081085,0.8193542,-0.15975915,-0.3062451,0.22771488,-0.62967765,-0.2162508
0.3226088,-2.0025368,-1.1848252,-0.23538335,-0.70108855,-0.605053,-0.87500983,0.76208663,-0.15819575,-1.0933467,-0.94563836,-0.8068269,-0.88658947,-0.14136489,0.40380397,0.35405126,-0.20016904,-0.15289813,0.08837229,-0.79674965,-0.28299174,-0.6531611,-0.90018976,-0.8095715,-0.49968034,-1.0412575,-1.6730783,0.49126375,0.5536784,1.6532403,0.6355965,-0.6763113,0.76339674,-0.8821446,-0.2570904,1.0210493,-0.5486349,0.5600532,0.2725649,0.43372288,0.11130253,-0.65108466,1.3221078,0.07798588,-1.8144087,-0.47953364,-1.3489555,-0.39093482,0.059177343,1.3125234,2.0133352,-0.037316553,-1.4043928,-1.0288203,0.16131349,-1.0227937,-0.09504104,0.9573449,-0.07983241,3.2112465,0.6468157,-0.9084513,0.9921461,-1.1389327,0.599868,-0.38391387,-0.15727305,0.8739479,-1.5088596,-0.07862563,1.037837,1.1775404,0.5597368,-0.63045657,-0.38929206,-0.7244813,-0.3870219,0.14418626,0.31211787,0.62849486,0.07632892,-0.42281356,0.039590575,-0.776987,-0.531856
0.34126914,-1.8336987,-0.88780713,-0.32498088,-0.83568144,-0.7567569,-0.9716293,0.6177195,-0.10942952,-1.1245126,-1.0594665,-0.80608207,-0.95766973,-0.093550935,0.37449497,0.06687635,-0.33234134,-0.07358846,0.24397725,-0.73561436,-0.5700276,-0.59847337,-0.9736182,-0.9629909,-0.68484795,-0.9356924,-1.854975,0.36620307,0.45604587,1.4449413,0.5275455,-0.7768591,0.84278196,-0.848123,-0.33605295,1.1953038,-0.43984032,0.41791037,0.14385818,0.4671056,0.13215074,-0.3873802,1.1825634,0.043082923,-1.6378429,-0.6112653,-1.422704,-0.50414634,-0.1034566,1.173532,1.8106053,-0.20669053,-1.4054271,-0.7507525,-0.017563187,-0.89995235,-0.16709493,0.77421266,-0.32243526,3.013684,0.490787,-0.85857797,0.8542856,-1.2622252,0.2979673,-0.6309372,-0.3505365,0.6119378,-1.5473276,-0.28554422,0.83208185,1.0369246,0.37036297,-0.7680373,-0.42023104,-0.79296553,-0.54467285,0.12409334,0.3497588,0.43692234,0.41824678,-0.5011231,-0.14466546,-0.8899203,-0.74190664
0.3775133,-1.5724211,-0.59852487,-0.36390048,-0.8756446,-0.8651242,-0.958744,0.49642462,0.018257886,-1.0320972,-1.1158923,-0.6774764,-0.9988215,0.02775153,0.3569921,-0.14808719,-0.36212665,-0.02272739,0.36449483,-0.5877851,-0.8341795,-0.52046055,-0.9543898,-1.0284901,-0.7001761,-0.7374428,-1.9258451,0.25146076,0.36125702,1.2102593,0.45835388,-0.83425033,0.8596624,-0.7989324,-0.37860033,1.3199366,-0.2737811,0.3258311,0.084546335,0.35698682,0.13565746,-0.1911099,1.0999281,0.022146411,-1.346012,-0.7307451,-1.4143672,-0.54762787,-0.2431002,1.035273,1.5933086,-0.29156256,-1.3636311,-0.36833268,-0.19916962,-0.64493084,-0.20729667,0.6442577,-0.4589907,2.6159918,0.3616157,-0.75688946,0.7170907,-1.3737091,0.033633195,-0.78624785,-0.49665976,0.36002916,-1.528678,-0.4490254,0.65160227,0.8862329,0.22582006,-0.8688359,-0.402253,-0.8047865,-0.645625,0.13113096,0.41329557,0.26703188,0.83357185,-0.53579885,-0.30969855,-0.94961584,-0.8482173
0.4264369,-1.2295264,-0.32812062,-0.3580864,-0.8175411,-0.9190098,-0.8441755,0.40219623,0.2113203,-0.83541715,-1.1227973,-0.43243042,-1.0264009,0.20146373,0.33445308,-0.25403312,-0.29057005,0.0013646933,0.4486174,-0.36912364,-1.0406283,-0.420359,-0.8385387,-1.0017519,-0.552736,-0.46420208,-1.8948454,0.14783055,0.2785677,0.9622278,0.42976767,-0.8468805,0.8215339,-0.7404343,-0.39027673,1.3847779,-0.0721584,0.29923156,0.101638936,0.12923971,0.13272719,-0.06882885,1.0560491,0.027354239,-0.9583567,-0.833889,-1.3354883,-0.52484995,-0.35149515,0.90232265,1.3808857,-0.2952017,-1.284298,0.08835085,-0.37572858,-0.29016638,-0.24000783,0.57928026,-0.4756605,2.0636299,0.2771428,-0.6256142,0.59262526,-1.4448669,-0.15915912,-0.84150815,-0.57831126,0.1436094,-1.4591807,-0.5668349,0.5089567,0.7322909,0.1371746,-0.9229587,-0.33944598,-0.762272,-0.6896758,0.16329323,0.49084154,0.12789571,1.2762471,-0.530193,-0.441654,-0.9459537,-0.8671204
0.4793079,-0.8255796,-0.08378903,-0.3160862,-0.6701546,-0.91206354,-0.6479313,0.33445263,0.4474949,-0.56460994,-1.0914109,-0.095399104,-1.0538064,0.39939225,0.294535,-0.22800471,-0.13096392,0.0001574646,0.4992871,-0.10692256,-1.1602759,-0.29794398,-0.6373014,-0.88816124,-0.27147087,-0.14736938,-1.7813865,0.05605655,0.21667615,0.7145913,0.43780753,-0.81655985,0.7432701,-0.67623293,-0.37629026,1.3867418,0.14171761,0.3405157,0.1906067,-0.17322412,0.1322468,-0.02217586,1.0240307,0.06699158,-0.50411206,-0.91547334,-1.2038634,-0.4484581,-0.42299765,0.7766034,1.1881772,-0.2321028,-1.1757623,0.5827787,-0.5342093,0.11836534,-0.288353,0.579127,-0.37468255,1.4120051,0.24830306,-0.49040428,0.48846033,-1.4499714,-0.2602297,-0.80079,-0.58335525,-0.020515628,-1.3512684,-0.64133596,0.4105036,0.58192426,0.107644945,-0.9238097,-0.23919629,-0.6714694,-0.6807904,0.2180643,0.5693781,0.015434214,1.6927897,-0.49401453,-0.528098,-0.8785797,-0.8239206
0.52583915,-0.3891915,0.13147746,-0.24770571,-0.45260733,-0.84332633,-0.39858127,0.28869563,0.6990218,-0.25592765,-1.0348456,0.29904547,-1.0882156,0.5911783,0.23158254,-0.06525968,0.09386291,-0.026401566,0.5221702,0.16336997,-1.1758608,-0.1523724,-0.376396,-0.7022012,0.098908335,0.17198442,-1.6120803,-0.02306752,0.18210611,0.48050174,0.47382453,-0.7477315,0.64387625,-0.6070809,-0.34025308,1.3305272,0.3454857,0.43933633,0.33629817,-0.49809033,0.14002886,-0.0481523,0.9740264,0.14360975,-0.018807372,-0.96998954,-1.0401739,-0.33835807,-0.45495176,0.6578864,1.023507,-0.12576604,-1.0486709,1.0758284,-0.6578212,0.5290522,-0.36844724,0.6319595,-0.17386842,0.71978754,0.27835777,-0.37568533,0.4074247,-1.3718034,-0.26650032,-0.6787649,-0.507089,-0.12595433,-1.2207216,-0.67828566,0.35544834,0.44179603,0.13288349,-0.8688891,-0.11037684,-0.54164374,-0.62559664,0.29326826,0.6378204,-0.08413216,2.0306902,-0.44044042,-0.5584126,-0.75670785,-0.7460401
0.55562395,0.045731287,0.31898406,-0.1626206,-0.19108693,-0.7172045,-0.12893581,0.2579066,0.93609947,0.053295717,-0.9660744,0.71055883,-1.1291063,0.74968904,0.14728814,0.21873578,0.3554315,-0.08014949,0.5241316,0.40322328,-1.0855086,0.015793672,-0.09175554,-0.46508583,0.5057413,0.44912136,-1.416353,-0.08909519,0.17725514,0.2711758,0.52624613,-0.6464432,0.54371506,-0.5315522,-0.28384525,1.228794,0.51959,0.5752081,0.5164444,-0.79266596,0.1583311,-0.13926162,0.87958616,0.25284258,0.45990545,-0.99173903,-0.86478084,-0.21804589,-0.44735748,0.54498166,0.88818944,-0.0046260194,-0.9140965,1.529373,-0.7287435,0.8936528,-0.48516974,0.7167061,0.09604552,0.0421973,0.36340618,-0.300722,0.3483535,-1.2060748,-0.1915952,-0.49831244,-0.35307744,-0.17708696,-1.0838519,-0.68528897,0.33653134,0.31743172,0.20188014,-0.7605905,0.037117466,-0.3849128,-0.53243005,0.38693324,0.6890461,-0.18826318,2.246854,-0.38264742,-0.52549285,-0.59730977,-0.6567169
0.5606479,0.44394568,0.4833468,-0.069595374,0.08510938,-0.5429252,0.12885348,0.2346791,1.1310859,0.3295136,-0.8963268,1.0979276,-1.168692,0.8553481,0.049701493,0.5897082,0.62369525,-0.16397314,0.51192725,0.57680386,-0.9036205,0.20222645,0.17551927,-0.2024393,0.8965874,0.6422371,-1.2224379,-0.1416296,0.1998372,0.095065564,0.58252525,-0.52030593,0.46084753,-0.4471122,-0.20765476,1.1011454,0.6498382,0.72299486,0.7065119,-1.0120201,0.18624079,-0.28274223,0.72367066,0.3837747,0.8961248,-0.97663784,-0.69499904,-0.1110574,-0.40274623,0.43711117,0.778172,0.10232754,-0.7823814,1.9103382,-0.73162776,1.1753645,-0.6304458,0.8076592,0.39598793,-0.57359445,0.49308908,-0.27680734,0.3074197,-0.96381176,-0.062933974,-0.2869659,-0.1330772,-0.18700956,-0.95489913,-0.6701224,0.34119436,0.21334109,0.29910782,-0.6067596,0.1933453,-0.21585877,-0.41101542,0.49678132,0.7209795,-0.31142306,2.3149455,-0.33098048,-0.42791766,-0.42251524,-0.57067025
0.5367244,0.7732675,0.63131464,0.024080692,0.34744814,-0.33381075,0.34736922,0.21327414,1.261718,0.54713327,-0.83383286,1.4234142,-1.193879,0.89918494,-0.048421804,0.99883413,0.87086105,-0.28012952,0.4912235,0.6565623,-0.6589002,0.39709002,0.38619047,0.058396846,1.2263404,0.71910757,-1.0537517,-0.18047233,0.24277095,-0.042576104,0.6311705,-0.37804154,0.40920284,-0.3520974,-0.11231166,0.9720939,0.72855645,0.8590235,0.8841239,-1.1260514,0.22044338,-0.46018398,0.5026048,0.52041435,1.2591257,-0.9227865,-0.54344064,-0.03721859,-0.32584888,0.3349614,0.68617135,0.17085432,-0.6617997,2.1932294,-0.6568426,1.3544046,-0.7843463,0.8798777,0.684604,-1.0917281,0.6526348,-0.3055765,0.28021365,-0.6711495,0.08436801,-0.07374507,0.13387363,-0.17453928,-0.8436926,-0.6396603,0.35486546,0.13216503,0.40680924,-0.4205083,0.3483653,-0.050775535,-0.2720036,0.6189368,0.7362152,-0.45931762,2.2302167,-0.2913923,-0.27184474,-0.2565018,-0.49243686
0.4840926,1.0086075,0.7694774,0.11237656,0.5713786,-0.10606053,0.50697464,0.19093852,1.3138218,0.6909506,-0.78340536,1.6571637,-1.1894419,0.8837625,-0.13284004,1.3895838,1.074296,-0.42767388,0.46692386,0.62727904,-0.3897178,0.5836352,0.5085312,0.29128793,1.4622358,0.66203916,-0.9260329,-0.20537533,0.29585272,-0.13981391,0.6633706,-0.22956489,0.3969852,-0.2472603,-0.0001260041,0.8678007,0.7553322,0.9664667,1.0329428,-1.1231486,0.2563753,-0.647842,0.22763664,0.64440274,1.5261159,-0.83132464,-0.4173735,-0.0099728275,-0.22347124,0.24178183,0.6051232,0.18553421,-0.55807036,2.3621984,-0.5033063,1.4306071,-0.9189706,0.9142437,0.92442095,-1.4887518,0.82465005,-0.37890464,0.2632411,-0.36552158,0.21394132,0.11420468,0.4234654,-0.16010235,-0.7545892,-0.59867185,0.3636086,0.074959874,0.5075658,-0.21936326,0.49302587,0.093541086,-0.12726109,0.7471099,0.74083775,-0.6250714,2.0101573,-0.2650965,-0.07254983,-0.12250186,-0.4174296
0.408255,1.135159,0.90222824,0.19030255,0.7384876,0.122104384,0.5969251,0.16879678,1.2826066,0.75728613,-0.7464391,1.779997,-1.1419826,0.8220728,-0.19088015,1.7060745,1.2187482,-0.6003076,0.44284216,0.48811916,-0.13671194,0.7388741,0.52379376,0.47339508,1.5861787,0.47071108,-0.8463875,-0.2157433,0.34776354,-0.1973983,0.6738874,-0.085696,0.42631936,-0.13699718,0.12369403,0.81176156,0.736354,1.0390537,1.1446646,-1.0109473,0.28908876,-0.81803125,-0.0767327,0.73856443,1.683651,-0.7070011,-0.31888193,-0.034625657,-0.10403758,0.16301852,0.53086555,0.1427898,-0.47374836,2.4124222,-0.28059894,1.4218761,-1.0041158,0.9012559,1.087648,-1.7532737,0.991102,-0.48049092,0.2555868,-0.089398116,0.29511702,0.25471458,0.7088475,-0.16139854,-0.68647325,-0.549692,0.35767385,0.04095369,0.5864151,-0.023510804,0.61882573,0.20164163,0.010853516,0.87195116,0.7424886,-0.7889137,1.6920592,-0.24949236,0.14640224,-0.03981015,-0.33531478
0.3179437,1.1502743,1.0300128,0.25343302,0.8372636,0.33176315,0.614874,0.15123075,1.1731379,0.75344455,-0.72146946,1.785459,-1.0435402,0.73484105,-0.21445121,1.9019073,1.2969674,-0.78506607,0.42202944,0.2525042,0.06431182,0.83610916,0.42849296,0.58707863,1.594875,0.16153334,-0.8133847,-0.21073295,0.38874578,-0.21833089,0.66138095,0.04221032,0.49372303,-0.02946687,0.25049615,0.8202831,0.68276125,1.0814352,1.2188584,-0.8139956,0.31368387,-0.94247407,-0.3774269,0.7903007,1.7287141,-0.55769885,-0.24614884,-0.108424574,0.023114853,0.105719484,0.4635627,0.051194612,-0.4089555,2.349413,-0.0086528305,1.3592674,-1.0141834,0.8422551,1.1601275,-1.8845453,1.1351088,-0.588618,0.25841558,0.11743925,0.3083993,0.33272535,0.9633212,-0.19054058,-0.6336063,-0.49336508,0.333511,0.027708745,0.6327705,0.14667657,0.718936,0.26152253,0.13006854,0.9812893,0.74796027,-0.92068934,1.3267679,-0.23937859,0.35572308,-0.021342335,-0.23404486
0.22452232,1.0634131,1.1486291,0.29747248,0.86298734,0.5043059,0.56530863,0.14475498,0.99943274,0.6952792,-0.70535773,1.6795704,-0.89450663,0.64623946,-0.2027276,1.947282,1.3097697,-0.96289605,0.4072099,-0.053878695,0.18977904,0.8489801,0.23518741,0.621569,1.4976795,-0.23496592,-0.8183924,-0.18920326,0.4128333,-0.2069957,0.6281251,0.14341635,0.5909331,0.06428055,0.36898202,0.8986959,0.60796237,1.1069896,1.2610776,-0.56876826,0.3251648,-0.9961355,-0.63897514,0.7945617,1.6683071,-0.39405528,-0.19479212,-0.22187546,0.14852434,0.07720726,0.40852663,-0.06969869,-0.36162326,2.1886358,0.2831227,1.2802466,-0.9341235,0.7485052,1.1431837,-1.8902678,1.2429221,-0.67926896,0.27389055,0.22558817,0.24831559,0.34203234,1.1635249,-0.25190866,-0.5875403,-0.42926157,0.29472324,0.031609096,0.6414656,0.27356577,0.78829324,0.2668397,0.21979094,1.061321,0.7619223,-0.98519355,0.9705663,-0.2285713,0.5253744,-0.07182366,-0.10419357
0.13911532,0.8947806,1.2495452,0.31829903,0.81669545,0.6227298,0.45703876,0.15615544,0.78292954,0.60464936,-0.69447714,1.4797102,-0.70484316,0.57907015,-0.16326362,1.8340071,1.2650591,-1.1111227,0.40012705,-0.3975079,0.23258783,0.75596046,-0.029984292,0.5738488,1.3133024,-0.67945766,-0.8481521,-0.15041015,0.419357,-0.1687246,0.5790738,0.20887113,0.7060269,0.13228406,0.4662992,1.0391796,0.5245821,1.1325961,1.2802192,-0.31786153,0.3175749,-0.9616513,-0.83058417,0.75566083,1.5190026,-0.22860715,-0.15989521,-0.36089668,0.26343462,0.08329414,0.37495732,-0.1930592,-0.328588,1.9531355,0.5591377,1.2206218,-0.76393616,0.63782126,1.052847,-1.7842933,1.3050138,-0.7297044,0.30384213,0.22136839,0.12410079,0.2859318,1.291634,-0.34210593,-0.5392428,-0.3569088,0.2516964,0.048023075,0.61317813,0.34494925,0.8244351,0.21841466,0.27252454,1.0986171,0.7854125,-0.9491899,0.6764098,-0.21082886,0.6300546,-0.18637136,0.05801974
0.07153135,0.6722422,1.3215235,0.31209445,0.70389825,0.6729608,0.3012619,0.19043441,0.5498961,0.5052001,-0.6859679,1.2121955,-0.4934294,0.55034643,-0.1117458,1.5764712,1.1764544,-1.2070712,0.40143466,-0.741394,0.2029965,0.5458653,-0.33114916,0.44869944,1.0659876,-1.1292666,-0.8875456,-0.09430399,0.41339087,-0.10936292,0.52117044,0.23273271,0.824485,0.16460256,0.53043526,1.2208335,0.44202694,1.1726784,1.285072,-0.103177205,0.2826998,-0.8331638,-0.9317065,0.6872226,1.3054179,-0.073891304,-0.13718282,-0.50957155,0.3606249,0.12677185,0.37424543,-0.2895888,-0.30650368,1.6711631,0.7819481,1.2076912,-0.52028614,0.5305089,0.9166341,-1.5845915,1.3173554,-0.72142625,0.3477711,0.10964626,-0.04252604,0.17618673,1.3374088,-0.45107564,-0.48122197,-0.27686533,0.21942629,0.07183147,0.55417526,0.3563323,0.8275476,0.124987684,0.28551984,1.0821279,0.81569505,-0.78874254,0.4862976,-0.18060312,0.6545668,-0.35041595,0.24946976
0.028588617,0.4277508,1.3527216,0.2760819,0.5332976,0.6453052,0.10962837,0.2492593,0.32860267,0.41911536,-0.6781562,0.9081846,-0.28588715,0.56828773,-0.07001141,1.2091093,1.0616242,-1.2326854,0.40982512,-1.0505383,0.12704544,0.22122382,-0.62810785,0.25856155,0.7819117,-1.5443761,-0.9223606,-0.02222419,0.40441382,-0.034992974,0.46253625,0.21352002,0.93037134,0.15588924,0.552444,1.4124118,0.36479393,1.2334026,1.2820525,0.039503932,0.2091546,-0.61827415,-0.93566006,0.61042035,1.0582778,0.058980074,-0.12408979,-0.65290105,0.4348663,0.2062674,0.4173981,-0.33257994,-0.2922675,1.3734958,0.9174061,1.2551036,-0.23499121,0.44457462,0.76866096,-1.3117799,1.2824408,-0.6426304,0.40176716,-0.08739032,-0.22163706,0.031152606,1.2993705,-0.56420213,-0.4095461,-0.1912794,0.2147103,0.09783381,0.4757212,0.31207666,0.8005573,0.0027156353,0.26167104,1.005326,0.84640217,-0.49586335,0.4253075,-0.13315506,0.5974111,-0.5404888,0.4603773
0.013516794,0.19349039,1.3331751,0.20922,0.3158322,0.5357197,-0.10637616,0.3297218,0.14574897,0.36370945,-0.67111164,0.59982884,-0.11049199,0.63064027,-0.061961744,0.78047556,0.9402948,-1.1779927,0.42257428,-1.2968775,0.039652377,-0.1994724,-0.8818627,0.022374626,0.48619682,-1.8915077,-0.9418666,0.06265436,0.40463686,0.047947485,0.41186067,0.15489459,1.0078088,0.107649125,0.5287132,1.5771627,0.2919754,1.3091251,1.273587,0.0853184,0.08276835,-0.33769372,-0.85012925,0.5505303,0.81147295,0.16193402,-0.11981452,-0.77867836,0.48329547,0.3157397,0.5125202,-0.30278838,-0.28393266,1.0898391,0.93996525,1.3612567,0.050097555,0.39250836,0.64366025,-0.98853457,1.2090306,-0.48984218,0.45875835,-0.33404335,-0.3800551,-0.12667865,1.1849142,-0.6650818,-0.32490587,-0.10401784,0.25254422,0.121398434,0.39269373,0.22518776,0.7489459,-0.12672204,0.20963204,0.86742944,0.86843014,-0.082620114,0.4988365,-0.06449699,0.4712581,-0.72678137,0.6760736
0.02583741,-0.0019536694,1.2564852,0.11294062,0.06394115,0.34715903,-0.3357189,0.4244543,0.023322977,0.34904638,-0.6658108,0.31630048,0.0064816168,0.72573787,-0.10877361,0.34526736,0.8319311,-1.0434655,0.4346696,-1.4628805,-0.022292133,-0.6822192,-1.0599657,-0.2363726,0.20067148,-2.147055,-0.9400066,0.15527168,0.42576918,0.13317868,0.37815818,0.06598962,1.0421599,0.029585687,0.46209905,1.6787556,0.21833177,1.3818687,1.2582198,0.022781022,-0.11168683,-0.022873215,-0.69549453,0.53235555,0.5984469,0.23069662,-0.124837965,-0.8789252,0.50524837,0.44521174,0.6625141,-0.1918256,-0.28028235,0.8465297,0.8376764,1.5101804,0.28989923,0.37944388,0.5713635,-0.6395645,1.1118964,-0.26847807,0.50959283,-0.5874685,-0.48722526,-0.2741688,1.0097787,-0.73793685,-0.2327208,-0.019935679,0.34315494,0.13886875,0.3222855,0.1157455,0.6800997,-0.23883899,0.14306381,0.67411584,0.8715433,0.4176367,0.6926819,0.02854974,0.30046207,-0.876729,0.8798232
0.06256003,-0.13631986,1.1208055,-0.008677728,-0.20859984,0.089938916,-0.56744933,0.5223277,-0.024579434,0.37691164,-0.66385794,0.08013028,0.045458317,0.83471125,-0.2234916,-0.044404604,0.7536794,-0.83970624,0.44022694,-1.5434737,-0.028802225,-1.1807035,-1.1407851,-0.49205607,-0.056876685,-2.2981372,-0.916113,0.2490796,0.47600728,0.21453933,0.3699559,-0.039371613,1.0220922,-0.06119128,0.3625138,1.6877682,0.13643673,1.4243548,1.2315296,-0.14482673,-0.3868928,0.2886,-0.50009894,0.57528067,0.44802514,0.2655528,-0.14044271,-0.94989187,0.50180393,0.58168596,0.8637655,-0.0037008154,-0.28089073,0.6636266,0.6150721,1.6755713,0.44445258,0.40323576,0.57175165,-0.29161063,1.010094,0.007307264,0.54553473,-0.80454904,-0.5198324,-0.38998926,0.79614985,-0.7698501,-0.14239538,0.05576834,0.48956278,0.14809147,0.2818869,0.008244739,0.60284525,-0.30969653,0.07872417,0.43701252,0.84593046,0.952756,0.97580093,0.14754552,0.11600868,-0.9600901,1.0554955
0.11830185,-0.19595818,0.9289376,-0.14912674,-0.48711485,-0.21810834,-0.7902053,0.609964,0.0057325833,0.44021723,-0.6661596,-0.09490255,-0.0030450549,0.93515587,-0.4068587,-0.34672233,0.7180807,-0.5853484,0.4327082,-1.5452076,0.036693245,-1.6415864,-1.1160886,-0.7195624,-0.27344728,-2.3420959,-0.87433493,0.33653775,0.557916,0.28669754,0.39488763,-0.1439923,0.9411725,-0.14186871,0.24608602,1.5868065,0.039152842,1.4064825,1.1876388,-0.40015087,-0.7482777,0.55844116,-0.29551557,0.6889586,0.37998343,0.26973173,-0.16780446,-0.9920171,0.4749957,0.71097493,1.1053766,0.2449323,-0.28581864,0.5533029,0.29404172,1.8265396,0.48630363,0.45625982,0.65201795,0.027115375,0.92421424,0.31605193,0.56017774,-0.94853204,-0.4653352,-0.45746502,0.57008165,-0.7521056,-0.06577816,0.11892664,0.68646884,0.14894466,0.28716612,-0.07212817,0.5267521,-0.3191214,0.034007683,0.17267673,0.7843276,1.4578627,1.3052205,0.2913923,-0.05099803,-0.9545379,1.1903372
0.18732123,-0.17667855,0.6876621,-0.29990226,-0.75627327,-0.55300766,-0.99213064,0.6738687,0.10644544,0.52446234,-0.67236716,-0.20476359,-0.13654897,1.005065,-0.6450461,-0.53592694,0.73140574,-0.30332932,0.40677404,-1.4840723,0.17310926,-2.0119789,-0.991765,-0.89772385,-0.44021237,-2.2852108,-0.8221123,0.41000655,0.6665886,0.34558526,0.4584351,-0.22882435,0.79963654,-0.1872572,0.13348036,1.3739067,-0.07727426,1.302645,1.1212634,-0.7138474,-1.1896449,0.7533516,-0.110978425,0.8702593,0.40139776,0.24883702,-0.20761794,-1.0086917,0.42739654,0.81939465,1.3694952,0.52705777,-0.29537028,0.5187741,-0.08802195,1.934019,0.4059345,0.52771205,0.8056086,0.28853542,0.87292945,0.6312352,0.5516915,-0.9947455,-0.32379076,-0.4660611,0.35815933,-0.6811725,-0.014770864,0.16683242,0.920573,0.1433379,0.34958494,-0.10311243,0.4611578,-0.25353536,0.024427647,-0.09913868,0.6835273,1.8643446,1.6320025,0.45517763,-0.1756511,-0.85077953,1.2766359
0.26363727,-0.083930664,0.40694344,-0.45158893,-1.0007173,-0.88642967,-1.1612457,0.7024474,0.25843742,0.6094108,-0.6802486,-0.25454244,-0.34087214,1.0261438,-0.9105198,-0.60468936,0.7927399,-0.017058665,0.3586106,-1.3806818,0.36170465,-2.2472541,-0.787343,-1.0116395,-0.5526481,-2.1406834,-0.76845896,0.46264017,0.78998137,0.38895127,0.5625474,-0.27527216,0.6054526,-0.17375155,0.04725154,1.0630962,-0.21144186,1.0996734,1.0290605,-1.0473591,-1.6893774,0.84976083,0.030848995,1.1024284,0.5046335,0.20837727,-0.2598297,-1.0050216,0.3613304,0.89541197,1.6326278,0.80887485,-0.30991066,0.5542982,-0.48296186,1.9761264,0.2137908,0.6060222,1.0134103,0.4677536,0.86941236,0.9243944,0.52323747,-0.9338989,-0.10791125,-0.4124812,0.18370646,-0.5592408,0.000796989,0.19884121,1.1718456,0.13549657,0.4743661,-0.06861751,0.41451707,-0.10762131,0.061040174,-0.3575248,0.5452275,2.1102364,1.9080607,0.6287878,-0.24401689,-0.6559815,1.3120223
0.34210646,0.06827561,0.09935621,-0.5945545,-1.2059345,-1.188697,-1.2861059,0.687906,0.43320268,0.67233765,-0.6856889,-0.2565907,-0.59178466,0.9863725,-1.1658385,-0.56384146,0.8936246,0.25351802,0.28734615,-1.2559708,0.5694358,-2.317904,-0.53286713,-1.0549033,-0.6097005,-1.9265739,-0.72167325,0.48873374,0.9099729,0.41679558,0.7045445,-0.26708516,0.37408447,-0.08321222,0.0091983,0.68295556,-0.35588244,0.80153924,0.91102993,-1.3574586,-2.209718,0.8371736,0.1166582,1.3567702,0.66734517,0.15300629,-0.3235847,-0.98675144,0.2787892,0.93101794,1.8676676,1.0539305,-0.32937893,0.64647704,-0.83865505,1.942142,-0.061058544,0.68073094,1.2467191,0.54690695,0.918651,1.1686512,0.48255324,-0.7733771,0.1590451,-0.30099106,0.06318228,-0.3940878,-0.024547262,0.21585529,1.4160175,0.13143371,0.6586301,0.03904283,0.39351946,0.11522053,0.14882341,-0.5825247,0.37622067,2.1503768,2.0923295,0.7971388,-0.25510857,-0.39471507,1.2989162
0.41806367,0.25904113,-0.21997802,-0.7196439,-1.3594315,-1.4317393,-1.3567901,0.6271035,0.5967384,0.691167,-0.68282926,-0.22785303,-0.858314,0.88124365,-1.3700109,-0.43854934,1.0192324,0.49396646,0.19526897,-1.1268289,0.7555652,-2.2145426,-0.2652318,-1.0303469,-0.6140925,-1.6636009,-0.6875736,0.4845171,1.0053194,0.4314879,0.8758587,-0.1920446,0.12790172,0.093905844,0.03717121,0.27227047,-0.49768257,0.43071368,0.7707844,-1.600919,-2.6990263,0.7193905,0.14360932,1.5964354,0.8556051,0.08528842,-0.39690566,-0.9587477,0.18147442,0.9222766,2.0466306,1.2288557,-0.35304505,0.77624714,-1.1067382,1.8335023,-0.37590346,0.74333304,1.4715561,0.5189893,1.016041,1.3427992,0.44045463,-0.53587824,0.44589636,-0.14290127,0.0036786802,-0.19849652,-0.09037856,0.219851,1.6274955,0.13834058,0.89026576,0.21829942,0.40262464,0.40348864,0.2861855,-0.75741136,0.18726128,1.963968,2.1558356,0.9415635,-0.22009675,-0.106239155,1.2427112
0.48827922,0.4631996,-0.5329135,-0.8186568,-1.4516878,-1.5922817,-1.366135,0.52217263,0.71421707,0.6483681,-0.66497386,-0.18657756,-1.1065295,0.7139391,-1.4858847,-0.26330206,1.1501963,0.6963085,0.088481255,-1.0028887,0.88044065,-1.9494787,-0.022473197,-0.949529,-0.5716656,-1.3728958,-0.66787684,0.4478571,1.0550556,0.4372937,1.0620345,-0.0436091,-0.10683069,0.35665208,0.14280465,-0.1255446,-0.6208345,0.025136288,0.6154952,-1.7392459,-3.0975442,0.5140197,0.11805031,1.7822601,1.0289309,0.006458366,-0.47658604,-0.924162,0.0712535,0.8690965,2.1434505,1.3076831,-0.37926638,0.9214059,-1.250231,1.6622539,-0.6816085,0.7873154,1.6537137,0.39057907,1.1478341,1.4341655,0.40817347,-0.25590935,0.7183252,0.04485458,0.0015928306,0.010637733,-0.18978965,0.21284774,1.7826995,0.16357099,1.1482974,0.45885962,0.44364432,0.7394059,0.4652251,-0.8703533,-0.008726282,1.5587986,2.0853093,1.042239,-0.15863861,0.16085505,1.1496074
0.5500019,0.6542222,-0.8179935,-0.8845641,-1.4775207,-1.6543317,-1.3105593,0.37978306,0.7558765,0.5337688,-0.62507826,-0.14927445,-1.3033705,0.4946224,-1.4875772,-0.075768046,1.2650918,0.8588644,-0.023427919,-0.88530594,0.9135829,-1.5544683,0.16151859,-0.83032143,-0.49133548,-1.0740317,-0.6594831,0.378853,1.0420082,0.43966344,1.2435001,0.17842704,-0.30290335,0.6929863,0.3291647,-0.4689336,-0.70953697,-0.36894426,0.45519143,-1.7437264,-3.3458493,0.24979225,0.053234007,1.879052,1.1475849,-0.083009,-0.5574956,-0.8836723,-0.04930062,0.7750016,2.1371527,1.2759178,-0.40475765,1.0595211,-1.2496645,1.4471848,-0.9307219,0.80769753,1.7635062,0.18232015,1.2935674,1.440553,0.39511126,0.026169453,0.9429266,0.24107723,0.04353737,0.21414025,-0.3096037,0.1965211,1.8626595,0.21309732,1.4043247,0.74359566,0.5154636,1.1010418,0.67309165,-0.9160468,-0.19910073,0.9706437,1.884322,1.0825206,-0.093470074,0.35691315,1.0243937
0.60095906,0.80743104,-1.0507373,-0.911899,-1.4366027,-1.6110729,-1.1910508,0.21005563,0.70200586,0.3470985,-0.5570046,-0.1281712,-1.4204745,0.23902552,-1.365759,0.08897087,1.343409,0.9846787,-0.12814526,-0.76772326,0.84049237,-1.0755435,0.26282826,-0.6941704,-0.38434583,-0.7833267,-0.6546662,0.2793402,0.9560292,0.44384995,1.3973947,0.46719334,-0.43617612,1.0811251,0.58974123,-0.72468686,-0.7517016,-0.7058019,0.30130416,-1.5990258,-3.3949914,-0.03723871,-0.034078673,1.8616663,1.179725,-0.18187897,-0.63252664,-0.835324,-0.17607957,0.64566684,2.0144305,1.1328813,-0.42440844,1.1699214,-1.1063262,1.2089069,-1.085344,0.80015004,1.779902,-0.073136635,1.429517,1.3705463,0.4066759,0.27095082,1.0922238,0.42346862,0.1088055,0.3927469,-0.43143675,0.17164448,1.855453,0.2903324,1.6256843,1.0510181,0.61408734,1.4648457,0.89406925,-0.89622587,-0.37353203,0.25870138,1.5723108,1.052526,-0.044603538,0.44019553,0.86908627
0.63911706,0.90287805,-1.2054223,-0.8974072,-1.3338714,-1.4654859,-1.0134553,0.024972463,0.54667646,0.09858355,-0.45642847,-0.13009533,-1.4373094,-0.033363704,-1.1298833,0.20316184,1.3681973,1.0796824,-0.21150507,-0.63851714,0.6657062,-0.5653123,0.2716012,-0.56159383,-0.26321387,-0.51210284,-0.6417894,0.1533866,0.7962263,0.45364484,1.5002887,0.8088254,-0.4896505,1.4915622,0.9079436,-0.87309605,-0.74213,-0.94911695,0.1651026,-1.3056492,-3.215524,-0.3085792,-0.1271825,1.7193191,1.1076239,-0.28711236,-0.69254076,-0.77492857,-0.3030245,0.48804873,1.7715598,0.8913414,-0.43128318,1.2356102,-0.84210587,0.96432936,-1.1229687,0.76088005,1.6931047,-0.33576,1.5321507,1.2416728,0.443117,0.4467864,1.1482601,0.5713466,0.17350475,0.5296518,-0.53398263,0.13847563,1.7574768,0.3942605,1.7795717,1.3579884,0.7327796,1.8075634,1.1112843,-0.819594,-0.525558,-0.5023965,1.1811708,0.95260197,-0.024433266,0.38522524,0.68328196
0.66268176,0.92783874,-1.2585226,-0.8403945,-1.179065,-1.2301674,-0.7884763,-0.16305777,0.2996649,-0.19164816,-0.32181555,-0.15554336,-1.3432171,-0.30155486,-0.80723643,0.24896756,1.3280264,1.1506989,-0.25955954,-0.4847156,0.41289765,-0.07497779,0.19462751,-0.448653,-0.1405447,-0.26645666,-0.6067359,0.0072427047,0.57168823,0.47003543,1.5316361,1.1826295,-0.4563028,1.8903551,1.257815,-0.91128546,-0.6838339,-1.0788746,0.055537455,-0.8806348,-2.8042762,-0.52855957,-0.21226782,1.4576652,0.9311698,-0.39301056,-0.72701013,-0.69686127,-0.4221677,0.30924094,1.4154407,0.5760936,-0.41686448,1.2441086,-0.49599263,0.72345424,-1.0396445,0.6863628,1.5055808,-0.56463623,1.581645,1.0773871,0.4985274,0.53567404,1.105278,0.6684238,0.21525967,0.61309993,-0.5955102,0.097358294,1.5733941,0.51894987,1.8378404,1.642352,0.86234236,2.1077895,1.3086447,-0.7006004,-0.6530089,-1.2322836,0.7500605,0.7942491,-0.034972332,0.18897024,0.46526688
0.6697392,0.8784829,-1.1931977,-0.7432907,-0.98549575,-0.92587835,-0.5312633,-0.34247947,-0.014920423,-0.49600187,-0.15483974,-0.19998433,-1.138807,-0.54517615,-0.4383556,0.2201908,1.2184217,1.203397,-0.261412,-0.29623652,0.11974624,0.3530251,0.054560598,-0.36393583,-0.027581898,-0.046984017,-0.5351027,-0.15065818,0.30025762,0.49033612,1.4769,1.5621109,-0.34103188,2.2424128,1.6057544,-0.85356295,-0.5881178,-1.0941863,-0.02259242,-0.35679752,-2.1869001,-0.6689718,-0.28087065,1.0981412,0.66801554,-0.49169058,-0.7250863,-0.59553736,-0.5242133,0.115788005,0.96381617,0.21976675,-0.37196577,1.1876835,-0.1176888,0.4874972,-0.8499404,0.57422304,1.2312596,-0.7252427,1.5637401,0.9026259,0.56192493,0.5364908,0.9706882,0.70565176,0.21787648,0.6386663,-0.59678537,0.04953844,1.3155509,0.6528213,1.7818301,1.884508,0.99106884,2.3466284,1.4720551,-0.5575021,-0.7571582,-1.854816,0.3193154,0.5990822,-0.067813165,-0.12679395,0.21509142
0.65861475,0.7602345,-1.0046724,-0.61177975,-0.76827586,-0.5792377,-0.26009467,-0.5034045,-0.36162394,-0.78293306,0.03947716,-0.25485277,-0.8360851,-0.74686086,-0.070754446,0.12162766,1.0418327,1.2409786,-0.21096024,-0.0698047,-0.16876921,0.6894697,-0.11332741,-0.30669948,0.066934414,0.15011966,-0.41415614,-0.30974966,0.0065237028,0.5080696,1.3301927,1.916332,-0.1606592,2.514942,1.9137504,-0.72938603,-0.472062,-1.0125587,-0.070311494,0.22049001,-1.4154204,-0.71273077,-0.33015108,0.6746765,0.3499661,-0.57317996,-0.67779106,-0.46708733,-0.5994092,-0.086268924,0.44423163,-0.14143282,-0.2875221,1.0638084,0.2404766,0.2505455,-0.58388734,0.4238477,0.89318216,-0.79586565,1.4708903,0.73977107,0.61825055,0.46492466,0.7636445,0.68251354,0.17422533,0.6100606,-0.5236218,-0.0020193467,1.0019637,0.7797452,1.6058378,2.0683656,1.1053479,2.5078323,1.5899677,-0.40995,-0.8409305,-2.3070014,-0.075720236,0.39513072,-0.10677219,-0.5170988,-0.062808506
0.6283515,0.58743757,-0.7039934,-0.45458272,-0.54219043,-0.21974124,0.0055987453,-0.637806,-0.69921815,-1.020897,0.25269565,-0.3101557,-0.45714974,-0.8940588,0.24871387,-0.032171782,0.80704474,1.2628661,-0.10940293,0.18867177,-0.4093467,0.92064184,-0.26679412,-0.26770636,0.1372946,0.33159256,-0.2350732,-0.45782825,-0.28180167,0.5137964,1.0957776,2.2121744,0.058019098,2.680772,2.1431618,-0.5781364,-0.35518107,-0.86524224,-0.09495287,0.79758817,-0.5618448,-0.65586156,-0.36322743,0.22869721,0.017094227,-0.6267464,-0.5796736,-0.31083307,-0.6392066,-0.29098028,-0.10799122,-0.4729025,-0.15641545,0.8753165,0.5320461,0.0028182224,-0.281584,0.23742062,0.52016664,-0.77195925,1.3016247,0.6048677,0.6502821,0.35034397,0.51213664,0.6072173,0.08764361,0.53899336,-0.36927158,-0.052417085,0.6538278,0.88046366,1.319067,2.1817176,1.1900817,2.5779595,1.6537285,-0.27647316,-0.9067314,-2.5458465,-0.40996867,0.21134898,-0.13266593,-0.9199256,-0.3571415
0.57847095,0.3815311,-0.31997094,-0.2828939,-0.31986943,0.123555854,0.24712698,-0.73955715,-0.98671114,-1.1828943,0.47379562,-0.35614836,-0.03219058,-0.9808045,0.4809156,-0.2196519,0.52748084,1.2644408,0.034433592,0.46384484,-0.56785756,1.0468788,-0.36455852,-0.23131278,0.18059994,0.5051813,0.004959954,-0.5820456,-0.53789884,0.4964974,0.78811044,2.4173841,0.28136015,2.7206159,2.2595477,-0.4427025,-0.25533924,-0.6905424,-0.11005043,1.3189644,0.29153866,-0.5072205,-0.38711593,-0.19710833,-0.2900432,-0.6421325,-0.43046653,-0.13044459,-0.6378371,-0.49175578,-0.6528759,-0.74522084,0.025126245,0.62994,0.72318095,-0.2643603,0.013847266,0.020382084,0.14281233,-0.66697407,1.0601639,0.5054787,0.6412134,0.22946765,0.24825858,0.49495158,-0.029429441,0.44347727,-0.13580693,-0.09521005,0.2930276,0.93519044,0.9448363,2.2157338,1.2296612,2.5464444,1.6572016,-0.17199677,-0.9544194,-2.552665,-0.6718649,0.071836695,-0.12891607,-1.265695,-0.64900446
0.50933194,0.16822122,0.10253968,-0.10912242,-0.110233024,0.42522705,0.4491758,-0.8039659,-1.1895503,-1.2496088,0.689804,-0.38581705,0.40364376,-1.0082024,0.5999267,-0.41521537,0.21953602,1.2379342,0.20485808,0.7327246,-0.62556064,1.0800399,-0.3737521,-0.17955405,0.19623554,0.67780745,0.30146027,-0.67029744,-0.7394645,0.44574574,0.42976767,2.5037794,0.4736554,2.625007,2.237119,-0.36197522,-0.1852437,-0.5263988,-0.13372125,1.7335664,1.0630665,-0.28657767,-0.4112828,-0.56499654,-0.5374812,-0.6109804,-0.23631571,0.06578077,-0.59380686,-0.68081516,-1.1498984,-0.93772495,0.25588617,0.34008184,0.7972965,-0.5540846,0.26313242,-0.21853271,-0.21067901,-0.5097904,0.7548208,0.44053093,0.5769007,0.13887846,0.0029072762,0.3655584,-0.15867627,0.34420666,0.16534866,-0.12322312,-0.060566105,0.9264959,0.51750314,2.1646695,1.2090818,2.4060986,1.5965377,-0.10641429,-0.9805982,-2.3345032,-0.8641278,-0.009420258,-0.08672033,-1.4886082,-0.9136975
0.42177182,-0.025706178,0.50725466,0.054409347,0.08180867,0.6661441,0.6016593,-0.82812405,-1.2846091,-1.2123288,0.88684106,-0.39605835,0.81368214,-0.9844723,0.5964179,-0.593211,-0.099970214,1.1741086,0.38029504,0.96853215,-0.58137095,1.0392911,-0.27652848,-0.096461564,0.1842014,0.85423815,0.6415033,-0.71291035,-0.8721689,0.35348436,0.048442256,2.4508314,0.60185224,2.394698,2.0623932,-0.36460534,-0.15009278,-0.4036961,-0.1860235,2.0010698,1.6820757,-0.02112983,-0.44508308,-0.84732383,-0.70354474,-0.5271166,-0.0094056,0.2657559,-0.5106017,-0.8489595,-1.5626417,-1.039559,0.52856374,0.021436946,0.7564016,-0.8608841,0.43720254,-0.46798337,-0.5181571,-0.33859456,0.39697793,0.4012863,0.4481089,0.10784265,-0.19911991,0.2393968,-0.28014857,0.26084796,0.51395166,-0.1299686,-0.3912157,0.842029,0.07707073,2.0254397,1.1156144,2.1538184,1.4695082,-0.08343152,-0.9789473,-1.9229147,-1.0022178,-0.03161277,-0.008525986,-1.5379082,-1.1239498
0.3166279,-0.17634438,0.8347386,0.19650713,0.2550008,0.83523965,0.70079005,-0.8109458,-1.2636813,-1.074301,1.0510269,-0.388486,1.1636895,-0.9236222,0.47848007,-0.7314365,-0.41562265,1.0646707,0.5367718,1.1453236,-0.45077455,0.94700205,-0.07372891,0.027388027,0.14405832,1.0356194,1.0038183,-0.7044275,-0.9312725,0.2156057,-0.32740143,2.248584,0.6401578,2.0405412,1.7362525,-0.46458513,-0.14683348,-0.34208345,-0.28523606,2.097053,2.0974545,0.2587881,-0.49564424,-1.0304394,-0.7814929,-0.38826174,0.23353678,0.45547897,-0.3971024,-0.98634905,-1.8641081,-1.0504148,0.8293486,-0.3085389,0.6190894,-1.1700597,0.52155745,-0.7152119,-0.76637745,-0.19280262,6.394619e-05,0.37440786,0.25184286,0.15313724,-0.34294456,0.13359427,-0.37731123,0.20797215,0.8827982,-0.11140779,-0.6890123,0.6765891,-0.3374456,1.7976457,0.94020075,1.7917488,1.2754474,-0.1004986,-0.94206107,-1.3700503,-1.1101983,-0.0075708823,0.0910228,-1.3869368,-1.25491
0.19449829,-0.2659561,1.0313499,0.30866677,0.41021633,0.930155,0.74916154,-0.7540598,-1.1344626,-0.850459,1.1698769,-0.36930686,1.4255207,-0.84332836,0.27009705,-0.8144796,-0.715174,0.9059464,0.65031546,1.2426136,-0.26168597,0.8259922,0.21487741,0.19236608,0.07352245,1.2196134,1.360315,-0.644948,-0.9225743,0.03286022,-0.67303467,1.89967,0.57352144,1.5817847,1.2741956,-0.65977544,-0.16556413,-0.34824994,-0.44467705,2.0164676,2.283215,0.5240616,-0.56675285,-1.1158688,-0.77910936,-0.19593541,0.47359335,0.6215864,-0.26629803,-1.0837848,-2.0407164,-0.9793591,1.1386509,-0.6330024,0.41610846,-1.4596182,0.518087,-0.9477286,-0.95269114,-0.10463754,-0.42146933,0.345281,-0.007903889,0.276702,-0.4253744,0.059461407,-0.44049352,0.19161329,1.2405932,-0.066982165,-0.9501937,0.4329796,-0.69453996,1.4839998,0.6789384,1.3281511,1.0150787,-0.14955798,-0.8643264,-0.74249697,-1.21546,0.03918365,0.18709803,-1.0381747,-1.2890867
0.055143733,-0.28577557,1.0589188,0.38537785,0.5486009,0.9566701,0.75488377,-0.66277844,-0.9194907,-0.5661791,1.2333473,-0.34820363,1.580166,-0.7620623,0.0073066144,-0.8360891,-0.9905575,0.7016623,0.70011336,1.2489711,-0.048233863,0.6973946,0.55377805,0.3887243,-0.031666476,1.400307,1.678372,-0.5408713,-0.8614076,-0.18945971,-0.971119,1.4198877,0.39975926,1.0442123,0.70453095,-0.933133,-0.1920511,-0.417022,-0.6689837,1.7742062,2.2402697,0.75066686,-0.6580748,-1.1194721,-0.7156857,0.043119088,0.69318205,0.7539457,-0.13404125,-1.1346309,-2.0955334,-0.8435392,1.4328043,-0.93817264,0.18407868,-1.7043614,0.44417772,-1.1554573,-1.0852731,-0.09230994,-0.8529782,0.3016929,-0.32039872,0.46710262,-0.45404813,0.020423701,-0.46901277,0.20806155,1.5555632,-0.00060150755,-1.1768794,0.12176409,-0.9752694,1.0908854,0.33442885,0.77790403,0.6911808,-0.21843827,-0.74432826,-0.11346001,-1.3432024,0.07888744,0.24899037,-0.52296597,-1.2199771
-0.10263194,-0.23737083,0.90200543,0.4245578,0.66966355,0.9271484,0.7296483,-0.5467961,-0.6532004,-0.25457498,1.2348818,-0.33690718,1.6198822,-0.6965281,-0.26724872,-0.79976785,-1.2382458,0.46515045,0.6708012,1.164011,0.1567354,0.5795884,0.89814675,0.59826595,-0.17734985,1.5694953,1.9249867,-0.40484735,-0.77013147,-0.44215167,-1.2140206,0.83741814,0.12973142,0.4576078,0.065270126,-1.2568837,-0.21152437,-0.53460336,-0.9522247,1.4041566,1.994991,0.92287844,-0.7657679,-1.0682093,-0.61662114,0.3176946,0.8785151,0.84792966,-0.016558036,-1.1367819,-2.048657,-0.66583836,1.6871088,-1.2147093,-0.040688906,-1.88097,0.32924196,-1.3321913,-1.1815927,-0.15624768,-1.2807143,0.23674513,-0.6690018,0.70289993,-0.44475624,0.012667865,-0.4707573,0.24439968,1.7994418,0.080000505,-1.376117,-0.24031852,-1.1759356,0.62928635,-0.08389755,0.16261864,0.3094844,-0.29286027,-0.5868778,0.44585192,-1.5113207,0.0824706,0.24606943,0.10364027,-1.0541849
-0.2799053,-0.13243823,0.5718474,0.42716113,0.7696671,0.85822976,0.686505,-0.42030516,-0.3771333,0.04696516,1.1728064,-0.3466519,1.5490628,-0.6589221,-0.51034844,-0.71817976,-1.458827,0.21961063,0.55409753,0.9978797,0.32747737,0.48763666,1.2015349,0.7974558,-0.36950082,1.7175981,2.0708761,-0.25423878,-0.67511964,-0.71332747,-1.4037696,0.19031669,-0.21431062,-0.14642341,-0.60024154,-1.5975374,-0.2120607,-0.6829127,-1.2772536,0.95535153,1.5946958,1.0348387,-0.8837625,-0.995063,-0.5077246,0.6115503,1.0221643,0.90505403,0.0714195,-1.0936704,-1.9354085,-0.4723474,1.8792363,-1.4583249,-0.22775486,-1.973253,0.20922086,-1.4770881,-1.2655355,-0.27938998,-1.6923999,0.15084645,-1.0334127,0.9580606,-0.41733664,0.026693001,-0.4596454,0.2809166,1.9515073,0.16395377,-1.5573385,-0.6324257,-1.3074358,0.11547954,-0.559317,-0.4901836,-0.120228015,-0.35891873,-0.4036259,0.874672,-1.7274034,0.027278295,0.15370458,0.7724981,-0.8109657
-0.47703516,0.008894337,0.10607334,0.39652875,0.8413281,0.768239,0.6377218,-0.30102673,-0.13459791,0.3012696,1.0508177,-0.38606533,1.3835859,-0.6555636,-0.68455136,-0.6109405,-1.6555668,-0.0034642213,0.34978428,0.7696498,0.4495909,0.43317378,1.4237431,0.9617376,-0.6123796,1.8353102,2.095342,-0.109186254,-0.60274553,-0.98987466,-1.5506394,-0.47694367,-0.60161614,-0.7363549,-1.2476087,-1.9217792,-0.1874303,-0.8440776,-1.61738,0.48679447,1.1005356,1.0907664,-1.0052096,-0.93330556,-0.40974003,0.9055009,1.1238089,0.9326189,0.11901867,-1.014907,-1.8008028,-0.28940377,1.9925781,-1.669785,-0.3562597,-1.9757949,0.11995237,-1.5950896,-1.363248,-0.431573,-2.078443,0.052121744,-1.3911676,1.2070957,-0.39111415,0.05067146,-0.45194674,0.29530883,2.0015051,0.2394,-1.7306116,-1.0321305,-1.3920159,-0.4289924,-1.0688344,-1.1484628,-0.58322453,-0.40512225,-0.21178922,1.1296076,-1.9875548,-0.09767016,-0.041406292,1.4121774,-0.51925397
-0.6921077,0.16128056,-0.43616772,0.33782393,0.8743352,0.67451596,0.5930965,-0.20815556,0.035416372,0.4754411,0.8782621,-0.45918187,1.1488557,-0.6862759,-0.76343805,-0.50073737,-1.832907,-0.16885455,0.06527127,0.50340295,0.521991,0.4237313,1.5368302,1.070222,-0.9064694,1.9145643,1.9898475,0.010119944,-0.5754241,-1.2586807,-1.6696132,-1.1177918,-0.99706674,-1.2825613,-1.8357538,-2.2010984,-0.1382933,-1.0033089,-1.939659,0.060518008,0.5790422,1.1034931,-1.1238166,-0.9109224,-0.334734,1.1783668,1.1892741,0.9419136,0.12038813,-0.9153202,-1.6928664,-0.14087771,2.0193472,-1.853224,-0.4166235,-1.8956138,0.09091779,-1.6963104,-1.4985247,-0.57658947,-2.4319375,-0.04455898,-1.7208847,1.4288726,-0.38136622,0.07329264,-0.46199673,0.26719484,1.9510292,0.29538316,-1.9037257,-1.4176558,-1.4576249,-0.9776399,-1.5843444,-1.7778283,-1.0595057,-0.4245352,-0.031556122,1.1894901,-2.277775,-0.2896007,-0.33839482,1.9605023,-0.21337755
-0.9202185,0.29819164,-0.98299295,0.2572946,0.85736793,0.5914715,0.55884534,-0.1594515,0.10326503,0.545456,0.6694377,-0.56444985,0.8766713,-0.74504906,-0.7350372,-0.40977257,-1.9944726,-0.2433353,-0.2849489,0.22482635,0.5550347,0.4622319,1.5290186,1.1091686,-1.2463241,1.9496763,1.7601159,0.086565204,-0.6084886,-1.5072652,-1.7763243,-1.6884949,-1.3654851,-1.7588235,-2.330488,-2.4151554,-0.07182834,-1.1509911,-2.2096357,-0.26611516,0.09333656,1.0916381,-1.2349621,-0.9460358,-0.2846803,1.4103931,1.2287669,0.9454639,0.075486384,-0.81275856,-1.6543685,-0.04552003,1.9618548,-2.0142307,-0.40997937,-1.7514423,0.13995017,-1.7940447,-1.6879668,-0.6804515,-2.7487268,-0.119982205,-2.0036774,1.6089619,-0.39647266,0.08628367,-0.49901107,0.18213765,1.813522,0.3239548,-2.080549,-1.7696218,-1.5315055,-1.5009681,-2.0750475,-2.3443236,-1.5245862,-0.4155257,0.117451034,1.056887,-2.5765576,-0.5325047,-0.72163,2.3738034,0.07188197
-1.1526356,0.3961579,-1.4610233,0.16162267,0.7809059,0.5290326,0.5376031,-0.16790491,0.053281616,0.49930242,0.4425487,-0.694359,0.6009633,-0.82167506,-0.60306406,-0.35561404,-2.141799,-0.20276192,-0.67995447,-0.042255282,0.56647664,0.5458653,1.4051757,1.0741214,-1.6195581,1.9377126,1.4264636,0.108839005,-0.7075151,-1.7245296,-1.8833196,-2.1524794,-1.6761204,-2.1436355,-2.7070723,-2.5532544,8.251389e-05,-1.2822642,-2.397061,-0.44848955,-0.30470088,1.0753549,-1.3355277,-1.0443007,-0.25265193,1.5850539,1.2536169,0.9542001,-0.009959721,-0.72552854,-1.714607,-0.014741581,1.8322083,-2.1575522,-0.34631926,-1.570413,0.27031377,-1.9017403,-1.9375116,-0.7189051,-3.0261254,-0.15421903,-2.2250695,1.7398432,-0.43785858,0.08589588,-0.56503767,0.034997247,1.6117244,0.321248,-2.259651,-2.0721834,-1.63421,-1.9687374,-2.5103765,-2.8174145,-1.9513174,-0.3818335,0.21971363,0.7568471,-2.859068,-0.80054855,-1.1626524,2.6316833,0.30643094
-1.3771579,0.4385731,-1.8071942,0.058010604,0.6405572,0.49217582,0.5288756,-0.23847926,-0.11378785,0.33946937,0.21754286,-0.8364956,0.35357437,-0.9039575,-0.3857232,-0.34828514,-2.273122,-0.037791505,-1.0946832,-0.2781913,0.5764391,0.6663131,1.1849504,0.970511,-2.0064073,1.8789481,1.0214643,0.07307195,-0.86703914,-1.9008374,-1.9967711,-2.4840732,-1.9057769,-2.4219074,-2.9520662,-2.6138875,0.06365947,-1.3954036,-2.4809606,-0.46148923,-0.5804833,1.0720077,-1.4235085,-1.1984838,-0.2259864,1.6916169,1.2734969,0.9748638,-0.12536798,-0.6686414,-1.883932,-0.051441334,1.6503624,-2.2855613,-0.24135217,-1.383084,0.47036037,-2.02932,-2.2398517,-0.68189555,-3.2617671,-0.13127525,-2.3759923,1.8197469,-0.5002795,0.07264633,-0.65503263,-0.16886283,1.3743811,0.28820804,-2.4340367,-2.3131926,-1.7752241,-2.353288,-2.8629692,-3.1729574,-2.3128986,-0.33121023,0.26674122,0.33276278,-3.100634,-1.0631021,-1.6240425,2.7368987,0.46864423
-1.5787137,0.4183166,-1.9791656,-0.046252284,0.44019556,0.48090103,0.5296578,-0.3662111,-0.37988183,0.08370403,0.01381003,-0.9752184,0.15986538,-0.9793904,-0.11269524,-0.38854027,-2.383282,0.24186563,-1.4999316,-0.46866116,0.6010985,0.8097489,0.89868754,0.81240314,-2.3805637,1.7770959,0.5863715,-0.0157256,-1.0710582,-2.0281312,-2.1149735,-2.6710162,-2.0409973,-2.5860345,-3.0633698,-2.6027708,0.106814235,-1.4896256,-2.453084,-0.30442008,-0.7193593,1.0923007,-1.496399,-1.3899372,-0.1909414,1.7262832,1.2939647,1.0086917,-0.2566703,-0.65106726,-2.1501863,-0.14914286,1.4407134,-2.3967273,-0.11377443,-1.2176379,0.7158315,-2.179197,-2.5742526,-0.57461065,-3.4514315,-0.043383684,-2.4527848,1.8507826,-0.57415855,0.050283667,-0.75818735,-0.4137542,1.1315119,0.23020554,-2.5917842,-2.4842799,-1.9507647,-2.6328378,-3.1115494,-3.3957994,-2.586002,-0.27324334,0.2584866,-0.15964854,-3.2800741,-1.2901131,-2.064078,2.7110279,0.54768413
-1.7413937,0.3388588,-1.9620702,-0.14339945,0.19392392,0.4910872,0.535627,-0.53570586,-0.71115446,-0.23639491,-0.15211958,-1.0937691,0.03554014,-1.0370146,0.17989959,-0.46775723,-2.4640813,0.60613376,-1.8648623,-0.60454595,0.6491351,0.9581307,0.58274084,0.62045485,-2.7109315,1.6393526,0.16544308,-0.14455645,-1.2945926,-2.1002893,-2.2283843,-2.7151601,-2.0787127,-2.6369283,-3.0497613,-2.530004,0.12183177,-1.5625782,-2.319848,-0.0026504237,-0.7263727,1.1374892,-1.5503569,-1.5920429,-0.13742417,1.6926616,1.3150204,1.0510961,-0.38784814,-0.6735841,-2.4800742,-0.29254946,1.227779,-2.4850016,0.017769206,-1.0944649,0.97408473,-2.3435564,-2.908174,-0.41496685,-3.5880847,0.105469875,-2.4566119,1.8368642,-0.64769554,0.024107723,-0.8603181,-0.67549604,0.90978956,0.15587638,-2.7175794,-2.5804074,-2.1442037,-2.7940888,-3.2432024,-3.4813304,-2.7539856,-0.21724834,0.20315728,-0.6592492,-3.3814402,-1.4574238,-2.4415898,2.5865571,0.54450846
-1.8497672,0.21356691,-1.770457,-0.22553413,-0.07367963,0.515477,0.5420903,-0.722534,-1.0617844,-0.5781909,-0.2684586,-1.1766924,-0.015138272,-1.0679479,0.45445493,-0.56982315,-2.5054605,1.0074586,-2.1578748,-0.6814788,0.7183788,1.0915058,0.27436528,0.4187583,-2.9646587,1.4759856,-0.1993043,-0.2936272,-1.5066408,-2.1132834,-2.3213708,-2.6313155,-2.0253563,-2.5838168,-2.9287133,-2.4069142,0.107268065,-1.609036,-2.101041,0.3947238,-0.62280416,1.199205,-1.5790899,-1.7744484,-0.06279056,1.600345,1.331694,1.0928224,-0.5030074,-0.7279084,-2.8229408,-0.4591478,1.0326705,-2.540661,0.13669412,-1.022628,1.2095914,-2.5033948,-3.2009463,-0.22850186,-3.661111,0.29770714,-2.3927984,1.7823473,-0.7094894,-0.0012926393,-0.9464827,-0.9248123,0.7289793,0.07561809,-2.794784,-2.599381,-2.329117,-2.8338232,-3.2543516,-3.4357123,-2.8090057,-0.17005888,0.11537559,-1.1062708,-3.39475,-1.5494303,-2.7198687,2.3985715,0.47071096
-1.8916334,0.06336573,-1.4445966,-0.28471622,-0.32955337,0.5451542,0.5445603,-0.8966045,-1.3798642,-0.893312,-0.3294878,-1.2119472,0.0011745212,-1.0659592,0.6775337,-0.67345184,-2.496904,1.3860035,-2.3488941,-0.69894606,0.7966972,1.1900336,0.0072707403,0.23154488,-3.1102982,1.2998759,-0.47334173,-0.43932462,-1.67464,-2.065573,-2.37497,-2.4444547,-1.8948576,-2.4434927,-2.7236207,-2.2437065,0.0686103,-1.6204283,-1.8264273,0.821442,-0.4406466,1.2610254,-1.5742455,-1.907511,0.026367564,1.4634846,1.3352212,1.1220229,-0.58770657,-0.79820496,-3.1190405,-0.6220454,0.8698061,-2.551303,0.22976357,-0.9984796,1.3892279,-2.6300166,-3.4089763,-0.042384487,-3.6568906,0.50353694,-2.2693315,1.6912136,-0.75041926,-0.022879714,-1.0032936,-1.1311307,0.599442,-0.0001718593,-2.8079252,-2.5416477,-2.4736881,-2.7588758,-3.1505713,-3.2748053,-2.752799,-0.13500676,0.013443191,-1.4481343,-3.3158648,-1.5605265,-2.869705,2.1771152,0.3460013
-1.8594563,-0.08693829,-1.0422056,-0.31361306,-0.536571,0.57083994,0.5397026,-1.0268568,-1.6143898,-1.1338191,-0.33548608,-1.1920233,0.06907924,-1.0270717,0.8235834,-0.75644106,-2.4292989,1.6783627,-2.4124217,-0.6596448,0.8641654,1.2370774,-0.19156298,0.08030727,-3.1217175,1.1248202,-0.6332049,-0.55763865,-1.7686484,-1.9584218,-2.370544,-2.1852274,-1.7054546,-2.2376602,-2.4603982,-2.0476394,0.016832834,-1.5859901,-1.5305691,1.2039865,-0.21597591,1.3020648,-1.52619,-1.9665067,0.11496705,1.2985114,1.3155015,1.1268098,-0.6307408,-0.8638334,-3.308463,-0.75336266,0.74581754,-2.503912,0.28817016,-1.0071001,1.4871895,-2.6895156,-3.4918,0.11996013,-3.561419,0.68499213,-2.0961113,1.5667301,-0.7644426,-0.040201083,-1.020739,-1.2668736,0.5219216,-0.06255679,-2.7449217,-2.4099295,-2.5465243,-2.5843267,-2.9448225,-3.0213156,-2.595727,-0.111786,-0.08391381,-1.6442145,-3.1458797,-1.4938911,-2.871047,1.9425069,0.19492817
-1.7512023,-0.21297568,-0.6266668,-0.30645394,-0.6596523,0.5843956,0.52541757,-1.0863409,-1.7230732,-1.259348,-0.29210305,-1.1149343,0.16830453,-0.94969445,0.87790835,-0.79928285,-2.2962775,1.8276917,-2.3308055,-0.5686482,0.89819545,1.2209464,-0.30446976,-0.018893097,-2.9814363,0.9640204,-0.6683538,-0.6279326,-1.7658604,-1.795977,-2.2931094,-1.8851885,-1.4768015,-1.9899642,-2.1638684,-1.8229215,-0.034243267,-1.4949037,-1.2466271,1.4735724,0.017485594,1.3017509,-1.4262928,-1.9346547,0.18293428,1.1209064,1.2636104,1.0976892,-0.625014,-0.90337527,-3.341211,-0.82867426,0.6600963,-2.3875399,0.30763903,-1.026496,1.4877393,-2.648981,-3.4182932,0.24254088,-3.3626742,0.80277705,-1.8834552,1.4118233,-0.7491652,-0.054484744,-0.99282646,-1.3114805,0.4894044,-0.10530678,-2.5991497,-2.2093053,-2.5220196,-2.330575,-2.6550834,-2.701213,-2.3543446,-0.09720078,-0.16042207,-1.669263,-2.890395,-1.3592335,-2.7141845,1.703961,0.042090774
-1.5703404,-0.29533827,-0.25445503,-0.2600715,-0.67250055,0.5800153,0.5010877,-1.0570642,-1.6790187,-1.2434405,-0.20840591,-0.9838459,0.2783615,-0.834667,0.8374536,-0.78839725,-2.0959778,1.7937318,-2.0967443,-0.4329561,0.8785665,1.1368072,-0.32441923,-0.057236336,-2.683745,0.82797295,-0.5809346,-0.63616747,-1.6542326,-1.5847157,-2.1343422,-1.57182,-1.2264282,-1.722188,-1.8545704,-1.5715518,-0.071126975,-1.3390691,-1.0006987,1.5787059,0.23350954,1.2440797,-1.2691522,-1.8052481,0.21012118,0.94387114,1.1737761,1.0291958,-0.5681191,-0.899119,-3.185686,-0.8308947,0.606376,-2.195909,0.2885307,-1.033514,1.386857,-2.483626,-3.171854,0.31813768,-3.0544536,0.8244944,-1.6414298,1.2294198,-0.705613,-0.06818672,-0.91815305,-1.2540904,0.490042,-0.12537135,-2.3702915,-1.9467628,-2.3849015,-2.0194557,-2.3008647,-2.3394628,-2.048073,-0.086661346,-0.20480819,-1.5154344,-2.5587435,-1.1697302,-2.4005387,1.4617138,-0.091541134
-1.3256028,-0.32328087,0.035782244,-0.17481281,-0.56352234,0.55528855,0.46745408,-0.93332636,-1.4757476,-1.078846,-0.09471728,-0.80608207,0.3830679,-0.6853479,0.7100213,-0.71888036,-1.8316985,1.5612091,-1.7163402,-0.2607241,0.79275167,0.98735744,-0.25495663,-0.034026142,-2.2362418,0.72236204,-0.38425335,-0.5775809,-1.4343783,-1.3329322,-1.8944454,-1.264417,-0.9677916,-1.45057,-1.5464064,-1.2947575,-0.08408166,-1.1160825,-0.8077734,1.4949651,0.416772,1.1215894,-1.0545456,-1.5822586,0.18211496,0.77595365,1.0448233,0.9210504,-0.46287805,-0.8410877,-2.8344955,-0.75379443,0.5757743,-1.9293252,0.2353261,-1.0096972,1.1915178,-2.1834881,-2.7541497,0.34755278,-2.639187,0.7322594,-1.3785214,1.0228206,-0.63737756,-0.08369839,-0.79971474,-1.0956419,0.5107637,-0.123008296,-2.0650234,-1.6312001,-2.1330242,-1.6706235,-1.9007022,-1.9563301,-1.6958401,-0.07561194,-0.21197788,-1.1930276,-2.163302,-0.9396563,-1.9430565,1.2109216,-0.1926094
-1.0293099,-0.2967264,0.23016514,-0.055233732,-0.33940095,0.51148546,0.42649266,-0.7231932,-1.129044,-0.77947015,0.03905867,-0.59200823,0.47315803,-0.5078353,0.5122473,-0.5949355,-1.5123882,1.1440328,-1.2098613,-0.060814213,0.6394686,0.78248936,-0.109902345,0.04344948,-1.6604917,0.647096,-0.100009836,-0.457481,-1.1201811,-1.0497893,-1.5823523,-0.9720304,-0.708919,-1.1837839,-1.2453825,-0.9947831,-0.06955922,-0.83132654,-0.6697925,1.2308062,0.5638624,0.9368255,-0.7887097,-1.2798628,0.09489344,0.620383,0.88049245,0.7777209,-0.31684363,-0.72932714,-2.3067515,-0.6034796,0.55928713,-1.5960573,0.15590547,-0.9463149,0.91828334,-1.7571884,-2.18612,0.3374982,-2.129472,0.5277071,-1.101303,0.7961435,-0.54987425,-0.10224777,-0.6442241,-0.8485157,0.54035854,-0.10122513,-1.6962218,-1.2729771,-1.7783012,-1.2990783,-1.4697866,-1.564845,-1.313507,-0.060822733,-0.18391228,-0.7296589,-1.7188818,-0.6824197,-1.365934,0.9462294,-0.2571822
-0.69653356,-0.2263943,0.34095,0.08985786,-0.025560094,0.45350465,0.38092053,-0.44760424,-0.675424,-0.37918416,0.18490095,-0.3537277,0.5476314,-0.31101158,0.26700103,-0.429496,-1.1521885,0.5852959,-0.6105425,0.15746193,0.42956743,0.53839,0.08863092,0.16089305,-0.99035704,0.5960324,0.24423003,-0.29074994,-0.7370669,-0.74472636,-1.21532,-0.693179,-0.45223024,-0.9220278,-0.95011294,-0.6760822,-0.03081894,-0.49844056,-0.5760798,0.8270584,0.68189013,0.7024448,-0.48445174,-0.9207331,-0.043089367,0.47544968,0.6886396,0.6079834,-0.14188452,-0.57454646,-1.6461542,-0.39814606,0.549553,-1.2117234,0.06072433,-0.8464061,0.59075946,-1.232618,-1.5066084,0.29813543,-1.5480733,0.23321925,-0.814267,0.55439085,-0.4495447,-0.12344705,-0.4616554,-0.5354177,0.5714943,-0.06530654,-1.2817441,-0.88371396,-1.345096,-0.91394264,-1.0194528,-1.170165,-0.91239,-0.041137792,-0.12853578,-0.1678649,-1.2421203,-0.40957895,-0.7035912,0.6652351,-0.2908548
-0.34354186,-0.13158992,0.40207273,0.24831316,0.33740962,0.3888627,0.3338252,-0.1375812,-0.16706946,0.072449714,0.33660206,-0.10415074,0.6120995,-0.105835855,0.0007843259,-0.24196197,-0.7689966,-0.049128957,0.037375703,0.38460013,0.18455124,0.2756305,0.31258175,0.29894727,-0.26949447,0.5581243,0.617705,-0.099612,-0.31888083,-0.4270644,-0.816656,-0.4181948,-0.1961317,-0.6586875,-0.6534573,-0.34566846,0.022650065,-0.138537,-0.5064153,0.34991902,0.78560275,0.43905413,-0.15986907,-0.53338134,-0.21194606,0.33526516,0.48054066,0.42340636,0.04705968,-0.395876,-0.91485864,-0.16542645,0.5414006,-0.79822004,-0.038577203,-0.7236753,0.23694976,-0.6532994,-0.7678389,0.24117708,-0.92587686,-0.11134635,-0.5204919,0.3036201,-0.34294456,-0.14555117,-0.26418233,-0.18651791,0.600611,-0.02191206,-0.84299755,-0.4758022,-0.86737037,-0.5193122,-0.5574124,-0.77080685,-0.49981165,-0.017373066,-0.058867022,0.43909055,-0.7504663,-0.13101672,0.0017367749,0.36998633,-0.30713663
